datetime,open,high,low,close,volume
1601264700,772.1,775.1,761.0,765.0,1189961
1601267400,765.0,765.55,762.05,763.9,395614
1601270100,763.9,764.25,755.6,760.3,1119026
1601272800,760.5,770.3,758.15,767.8,1551885
1601275500,768.25,773.4,765.15,770.8,1480381
1601278200,770.75,772.0,767.0,769.9,564368
1601280900,769.9,778.0,769.75,775.0,1536293
1601283600,775.25,777.15,771.45,774.95,966080
1601286300,775.15,776.8,772.1,772.9,471224
1601351100,777.6,786.0,771.15,774.05,1767711
1601353800,774.05,775.1,767.7,769.4,837817
1601356500,769.4,769.45,761.25,763.65,733578
1601359200,763.65,767.2,762.4,764.0,434698
1601361900,764.0,766.5,760.45,761.65,436437
1601364600,761.65,762.8,759.05,762.0,353868
1601367300,762.0,768.5,761.5,767.45,737480
1601370000,767.4,769.0,762.0,763.0,838312
1601372700,763.0,763.0,759.8,760.45,435009
1601437500,762.35,789.95,761.05,782.0,4057622
1601440200,781.95,794.2,779.65,787.35,2596548
1601442900,787.35,794.9,782.6,782.9,1818296
1601445600,782.8,785.2,779.05,782.8,1295720
1601448300,782.9,783.5,774.5,777.7,1335294
1601451000,777.65,780.4,775.6,776.8,622259
1601453700,776.8,777.9,772.5,776.4,815296
1601456400,776.4,777.5,771.5,774.25,1016829
1601459100,774.45,778.0,773.2,775.5,769671
1601523900,779.8,781.0,769.1,776.35,1334324
1601526600,776.75,779.65,765.75,767.05,1105032
1601529300,767.05,775.0,767.0,772.9,716438
1601532000,772.9,776.3,771.7,775.7,421688
1601534700,775.55,778.9,774.2,775.9,650472
1601537400,775.9,775.9,771.4,772.75,420533
1601540100,772.8,773.0,769.2,770.6,360109
1601542800,770.5,773.6,769.5,772.85,490768
1601545500,772.55,776.5,771.05,775.55,347268
1601869500,776.0,778.8,762.05,769.3,1530448
1601872200,769.4,774.8,767.7,771.55,710748
1601874900,771.55,779.5,769.9,778.55,911506
1601877600,778.55,779.25,771.5,774.5,613077
1601880300,774.9,775.7,770.15,770.35,388246
1601883000,770.75,771.5,767.15,770.8,489412
1601885700,770.8,776.5,769.0,775.6,531908
1601888400,775.75,780.9,774.7,777.5,1149019
1601891100,777.4,784.05,776.85,781.95,460012
1601955900,782.0,788.0,777.0,783.0,1580477
1601958600,783.15,784.8,779.1,780.85,465040
1601961300,780.85,781.95,777.1,779.3,568166
1601964000,779.3,782.9,778.95,782.45,356087
1601966700,782.45,783.45,779.6,782.35,328698
1601969400,782.05,784.8,781.4,782.75,385700
1601972100,782.8,783.0,779.35,781.65,333086
1601974800,781.7,782.3,779.5,781.0,422492
1601977500,781.4,781.5,778.0,779.1,340669
1602042300,780.0,790.65,775.0,778.35,2452501
1602045000,778.35,780.0,776.0,777.3,530562
1602047700,777.3,778.05,772.2,772.75,711822
1602050400,772.75,773.25,771.0,772.7,497985
1602053100,772.7,776.0,772.1,773.4,303654
1602055800,773.4,775.65,772.5,774.35,181008
1602058500,774.35,777.0,772.8,776.1,327061
1602061200,776.1,776.9,772.5,774.4,543973
1602063900,774.45,775.0,771.65,774.55,531095
1602128700,775.0,785.0,774.9,784.95,971746
1602131400,785.4,792.0,784.85,785.9,1511321
1602134100,786.0,787.0,782.5,783.2,572925
1602136800,783.2,789.4,783.0,786.95,534125
1602139500,787.0,792.75,785.55,791.3,616128
1602142200,791.15,803.35,790.0,800.3,2035925
1602144900,799.9,804.0,796.3,799.25,1698010
1602147600,799.5,813.65,795.1,809.9,3049459
1602150300,809.9,815.6,809.8,812.1,1022909
1602215100,813.0,825.0,811.25,816.9,3898214
1602217800,816.9,823.0,814.2,818.4,2184679
1602220500,818.5,818.5,805.0,808.75,1608421
1602223200,808.95,815.55,808.0,810.2,775372
1602225900,810.65,810.65,803.3,805.2,606875
1602228600,805.2,809.0,804.7,806.0,347105
1602231300,805.95,806.0,802.5,804.9,496961
1602234000,804.95,808.0,800.35,803.2,896426
1602236700,803.2,806.8,801.0,804.65,832884
1602474300,805.0,812.5,800.15,810.2,1487635
1602477000,810.2,811.55,801.5,803.6,649858
1602479700,803.6,810.6,803.55,808.5,541165
1602482400,808.5,813.7,807.2,808.5,883959
1602485100,808.4,810.0,806.25,807.2,312510
1602487800,807.6,809.5,802.95,805.2,506491
1602490500,805.5,809.5,804.0,807.15,500565
1602493200,807.45,816.35,806.1,816.3,1200258
1602495900,816.3,819.75,815.5,817.65,524393
1602560700,810.0,815.45,804.25,812.5,2296268
1602563400,812.4,829.05,811.5,821.85,3342473
1602566100,821.65,826.0,816.2,817.55,1362615
1602568800,817.5,818.45,812.55,814.8,1078414
1602571500,814.85,814.9,802.2,806.6,1579563
1602574200,806.55,807.95,803.5,804.8,680363
1602576900,805.2,808.5,803.1,806.95,569334
1602579600,807.3,807.3,785.4,785.65,1804681
1602582300,785.3,786.4,778.5,784.5,1206386
1602647100,788.8,794.55,778.0,780.5,2205408
1602649800,780.5,791.45,779.95,783.85,1041933
1602652500,783.85,786.5,780.1,781.95,646928
1602655200,781.95,785.95,780.8,782.5,461812
1602657900,782.5,782.9,773.0,773.65,900475
1602660600,773.9,774.7,766.8,771.5,990328
1602663300,771.5,776.35,770.2,776.1,476595
1602666000,776.1,784.35,771.75,782.9,1302098
1602668700,782.85,783.45,778.35,780.15,635333
1602733500,780.65,786.45,776.25,778.4,1152260
1602736200,778.3,782.55,774.35,781.1,643619
1602738900,781.1,788.0,781.0,785.8,763639
1602741600,785.8,785.8,778.25,781.6,549086
1602744300,781.8,782.0,775.05,779.0,492982
1602747000,778.95,779.0,771.0,773.3,594826
1602749700,772.95,772.95,762.9,771.95,951835
1602752400,771.65,772.0,765.45,768.1,729982
1602755100,768.0,771.8,766.2,768.05,398389
1602819900,766.95,770.5,758.4,764.25,2395390
1602822600,765.0,781.9,763.35,776.1,1717358
1602825300,776.1,785.9,774.5,785.05,1189664
1602828000,785.05,785.25,778.5,781.15,752089
1602830700,780.95,786.85,779.5,785.75,632447
1602833400,786.1,786.35,781.05,782.05,444954
1602836100,782.0,787.5,780.25,784.8,752538
1602838800,784.85,785.8,780.35,782.5,711714
1602841500,782.2,785.0,780.6,780.6,482666
1603079100,783.0,784.1,771.05,772.45,953935
1603081800,772.25,773.95,769.25,770.25,454758
1603084500,770.3,772.5,767.55,770.95,403002
1603087200,770.8,772.75,767.0,768.15,364234
1603089900,768.1,768.9,765.0,766.0,383248
1603092600,765.8,766.5,762.45,765.4,373392
1603095300,765.3,767.5,764.4,765.4,325127
1603098000,765.4,765.8,762.55,764.7,594479
1603100700,765.05,765.05,762.15,764.0,488241
1603165500,765.0,771.7,756.3,770.1,2215626
1603168200,770.2,774.7,766.4,772.3,1054686
1603170900,771.95,772.45,764.3,765.8,597927
1603173600,765.8,768.3,762.55,765.25,434446
1603176300,765.0,765.9,763.35,764.65,235132
1603179000,764.85,765.45,762.2,764.15,319619
1603181700,764.15,765.75,763.5,764.5,273709
1603184400,764.5,768.3,763.0,763.4,580337
1603187100,763.4,765.0,762.5,763.25,308027
1603251900,771.8,771.8,762.0,765.5,1580332
1603254600,765.5,769.0,762.55,763.25,696027
1603257300,763.15,764.95,759.15,763.05,709046
1603260000,763.1,763.5,761.2,763.0,272877
1603262700,763.0,767.75,762.45,767.3,559101
1603265400,767.25,769.85,763.0,769.0,1077062
1603268100,769.0,769.5,756.5,759.85,898347
1603270800,759.85,768.4,758.45,767.25,735173
1603273500,767.15,769.0,766.95,768.45,389570
1603338300,765.0,769.85,751.3,753.5,1450466
1603341000,753.5,755.55,744.0,748.5,1305365
1603343700,748.0,755.4,748.0,750.5,1180429
1603346400,750.85,762.0,749.5,759.15,1777132
1603349100,759.15,759.65,754.8,757.75,620906
1603351800,757.75,759.95,755.05,756.3,387104
1603354500,756.3,757.5,753.25,754.2,531523
1603357200,754.25,758.55,752.6,758.5,668575
1603359900,758.6,760.6,756.95,759.0,498499
1603424700,761.25,774.65,761.25,767.95,3446390
1603427400,767.95,769.1,763.9,765.2,947092
1603430100,765.2,767.25,763.0,766.3,614950
1603432800,766.45,767.0,764.0,765.8,249965
1603435500,765.8,766.25,760.3,762.05,553480
1603438200,762.05,764.75,760.3,762.65,534893
1603440900,762.65,763.15,758.7,760.55,728159
1603443600,760.55,763.8,756.55,758.5,928421
1603446300,758.5,758.5,755.0,757.85,496421
1603683900,761.2,763.75,756.5,761.35,1310447
1603686600,761.35,761.5,752.7,753.15,594486
1603689300,753.1,754.55,749.1,751.85,606261
1603692000,751.85,752.75,748.5,751.4,339893
1603694700,751.4,752.95,747.0,747.25,316361
1603697400,747.25,750.8,747.0,748.3,274411
1603700100,748.3,749.8,743.25,746.35,426095
1603702800,746.85,749.85,744.95,749.7,402431
1603705500,749.6,749.7,742.3,744.5,388434
1603770300,750.0,756.9,747.0,754.55,1458800
1603773000,754.55,756.05,750.5,756.05,465148
1603775700,756.05,757.95,754.05,755.0,498406
1603778400,755.0,760.0,753.3,759.0,479837
1603781100,759.0,769.75,758.7,768.35,997645
1603783800,768.1,771.0,765.2,768.6,849331
1603786500,768.6,771.7,766.0,768.85,568388
1603789200,768.9,772.5,766.65,768.4,1078087
1603791900,768.4,773.55,768.1,771.0,596876
1603856700,771.4,777.55,765.25,767.5,1660999
1603859400,767.2,772.85,764.2,771.7,796158
1603862100,771.7,778.85,769.6,776.15,807158
1603864800,776.15,778.6,774.0,778.05,477279
1603867500,778.0,780.0,771.0,772.7,1139707
1603870200,772.7,774.0,767.7,770.1,811752
1603872900,770.35,770.75,765.75,769.1,568313
1603875600,769.1,769.35,762.15,766.35,528576
1603878300,766.3,767.2,764.0,765.7,251512
1603943100,766.1,770.0,757.0,767.05,1170203
1603945800,767.1,774.65,766.3,770.1,1109364
1603948500,770.1,771.75,764.05,766.3,563773
1603951200,766.05,767.5,761.55,765.1,579895
1603953900,765.0,767.0,762.0,765.95,451287
1603956600,765.95,767.3,761.4,762.6,591102
1603959300,762.85,764.9,762.0,763.25,472790
1603962000,763.25,764.2,760.45,763.25,821691
1603964700,763.2,763.45,760.45,762.55,315952
1604029500,765.7,766.5,761.3,763.45,743445
1604032200,763.45,767.5,762.4,765.5,370022
1604034900,765.5,766.2,758.6,759.0,447245
1604037600,759.05,759.9,752.0,752.5,502034
1604040300,752.5,752.5,746.0,749.95,563644
1604043000,749.8,752.9,749.4,751.85,271872
1604045700,751.8,757.0,751.3,752.5,394884
1604048400,752.45,756.8,752.3,754.4,549752
1604051100,754.4,756.9,753.85,756.0,278134
1604288700,757.5,762.35,751.15,751.9,784806
1604291400,751.9,754.0,750.05,753.5,261077
1604294100,753.5,755.45,747.5,750.35,456669
1604296800,750.35,750.9,747.65,748.0,250823
1604299500,747.75,748.7,744.5,748.3,255760
1604302200,748.4,748.8,745.3,746.05,156335
1604304900,746.05,748.5,744.4,748.3,306042
1604307600,748.3,752.9,746.55,751.65,483464
1604310300,751.55,753.0,748.3,749.25,305275
1604375100,756.1,765.4,750.75,764.0,1226896
1604377800,764.0,770.55,762.2,762.7,860112
1604380500,762.5,764.0,757.2,758.3,543398
1604383200,758.0,760.3,755.4,759.05,422014
1604385900,759.05,760.9,755.65,756.35,321988
1604388600,756.35,756.75,753.7,753.8,355798
1604391300,753.8,756.4,752.4,753.7,470304
1604394000,753.55,760.0,753.0,760.0,892904
1604396700,759.85,762.85,757.1,758.0,290517
1604461500,757.8,777.8,757.2,772.0,1932578
1604464200,771.7,780.0,767.4,777.95,1344815
1604466900,777.95,779.0,773.15,777.05,685080
1604469600,777.05,779.45,774.1,777.45,640158
1604472300,777.3,783.8,774.5,781.4,1366097
1604475000,781.45,781.5,771.05,773.5,1129638
1604477700,773.5,778.9,773.05,777.25,484205
1604480400,777.5,782.25,776.25,780.0,912482
1604483100,780.0,783.7,779.55,782.9,534077
1604547900,786.0,790.45,778.3,787.9,1442314
1604550600,788.3,792.5,783.05,792.0,758297
1604553300,792.25,793.55,783.8,784.0,758445
1604556000,783.85,786.7,782.0,783.5,498225
1604558700,783.5,785.45,782.35,783.8,423254
1604561400,783.8,787.2,782.0,786.0,539620
1604564100,786.3,788.95,785.05,786.0,530345
1604566800,786.0,794.8,785.8,794.5,1209041
1604569500,794.5,796.1,793.1,795.05,483879
1604634300,797.4,802.0,790.35,795.05,2229776
1604637000,795.3,796.4,792.3,794.4,543784
1604639700,794.4,794.4,786.55,788.95,973256
1604642400,789.0,791.9,787.0,788.6,821788
1604645100,788.4,790.0,787.75,788.5,415097
1604647800,788.5,792.55,788.0,791.95,492428
1604650500,791.95,794.95,791.0,791.35,607778
1604653200,791.3,792.75,788.2,791.4,907024
1604655900,791.45,791.45,786.85,788.55,751274
1604893500,795.1,804.0,781.0,788.4,4978798
1604896200,788.4,789.5,782.15,786.2,2093329
1604898900,786.1,787.4,763.5,767.2,3277566
1604901600,767.6,768.75,753.05,754.0,2774295
1604904300,753.65,763.5,752.3,759.9,2347181
1604907000,759.9,763.05,758.6,762.3,842339
1604909700,762.35,766.75,760.3,762.95,1558846
1604912400,762.9,765.25,760.9,763.5,1689395
1604915100,763.5,766.95,760.0,766.0,1470999
1604979900,769.8,769.8,741.6,744.75,3778859
1604982600,744.9,744.9,729.3,730.25,3421528
1604985300,730.1,735.8,723.55,730.3,2840496
1604988000,730.3,730.95,715.0,718.0,2304554
1604990700,718.05,722.8,717.0,718.25,1871500
1604993400,718.0,719.45,710.85,712.6,2049816
1604996100,712.4,714.95,706.5,713.95,2521394
1604998800,713.85,717.5,712.85,716.2,2167341
1605001500,716.15,723.0,714.2,721.75,1558875
1605066300,727.0,741.25,718.6,732.7,6681142
1605069000,732.85,742.35,732.2,734.75,2271641
1605071700,735.0,736.1,724.2,730.1,3283526
1605074400,730.25,739.0,729.25,735.45,1363498
1605077100,735.7,739.0,734.15,737.95,973751
1605079800,737.95,740.85,735.2,737.5,1154903
1605082500,737.45,744.2,736.5,742.7,1097499
1605085200,742.55,745.5,740.05,743.3,1465028
1605087900,743.5,743.5,739.7,741.5,582382
1605152700,742.4,751.6,737.5,751.5,2137560
1605155400,751.5,758.85,750.05,755.5,1994867
1605158100,755.4,755.5,750.15,752.4,722016
1605160800,752.4,753.85,746.0,747.75,1024222
1605163500,747.35,750.5,746.15,747.55,569662
1605166200,747.55,748.0,740.2,741.65,1124623
1605168900,741.75,743.95,739.05,740.3,695276
1605171600,740.25,740.9,733.5,739.15,1394349
1605174300,739.4,742.3,738.95,741.0,745245
1605239100,742.5,748.0,740.15,745.8,1982860
1605241800,746.0,751.0,745.1,747.25,1303176
1605244500,747.0,749.5,744.5,747.85,581622
1605247200,747.8,748.0,745.5,746.5,354483
1605249900,746.5,747.0,742.75,745.0,511748
1605252600,744.95,748.0,744.4,744.75,700149
1605255300,744.75,746.4,743.75,745.35,447836
1605258000,745.35,746.95,743.4,744.8,620058
1605260700,744.8,746.0,743.8,745.5,435809
1605357900,749.5,749.9,746.15,746.45,441922
1605360600,746.45,746.8,744.0,745.8,176840
1605584700,747.4,751.9,734.0,737.1,2389304
1605587400,737.0,748.8,736.6,745.2,1361576
1605590100,745.2,747.0,742.05,745.0,482831
1605592800,745.0,746.0,743.4,744.9,469430
1605595500,744.9,745.5,743.2,743.9,394232
1605598200,743.9,745.15,743.85,744.5,347320
1605600900,744.5,744.65,738.6,743.5,953992
1605603600,743.3,744.65,741.3,742.0,534458
1605606300,742.1,744.0,741.35,742.95,365909
1605671100,747.3,752.0,738.05,739.95,2450392
1605673800,739.95,742.5,738.55,739.2,572000
1605676500,739.0,739.3,735.65,737.0,605005
1605679200,737.0,739.0,736.2,736.65,396425
1605681900,736.8,737.3,733.5,735.0,556038
1605684600,735.0,737.0,734.2,737.0,286125
1605687300,737.0,739.25,735.9,736.75,678889
1605690000,736.75,744.0,736.55,743.15,1120596
1605692700,743.15,745.6,742.25,744.8,507403
1605757500,742.55,751.9,741.3,745.25,1762634
1605760200,745.05,747.3,743.6,746.95,476620
1605762900,746.95,746.95,743.2,744.0,395236
1605765600,744.0,745.5,743.2,744.0,352811
1605768300,744.4,744.5,743.3,743.9,191798
1605771000,743.8,744.0,739.6,739.65,476907
1605773700,739.8,744.0,737.95,738.65,756885
1605776400,738.65,743.25,738.1,742.95,895792
1605779100,742.75,743.8,740.95,742.0,479682
1605843900,742.0,748.45,736.5,739.0,1703559
1605846600,739.0,742.55,737.8,740.2,466773
1605849300,740.2,742.0,737.2,738.75,409204
1605852000,738.9,739.0,732.25,734.85,854265
1605854700,734.85,737.0,734.0,735.45,294625
1605857400,735.4,736.5,734.55,736.0,226905
1605860100,735.95,738.5,734.0,736.5,396786
1605862800,736.5,740.7,736.0,739.85,641460
1605865500,739.9,740.8,739.05,740.4,381544
1606103100,741.65,746.0,739.4,743.0,1279195
1606105800,743.25,757.0,742.85,754.45,1851435
1606108500,754.5,758.05,751.3,755.6,1123158
1606111200,755.55,757.85,754.1,756.55,873928
1606113900,756.5,757.5,748.65,754.3,1237604
1606116600,754.3,755.0,750.55,751.4,426135
1606119300,751.45,751.45,747.35,748.25,658829
1606122000,748.3,749.2,745.0,746.65,804175
1606124700,746.65,747.0,744.2,746.3,425953
1606189500,748.3,749.75,741.6,746.55,1093776
1606192200,746.9,750.95,743.5,745.65,710604
1606194900,745.65,747.9,743.5,746.6,355662
1606197600,746.6,750.65,745.65,748.4,390542
1606200300,748.4,752.0,747.9,750.2,573070
1606203000,750.45,751.0,745.35,746.15,655920
1606205700,746.15,750.55,746.1,748.25,650733
1606208400,748.7,749.45,747.05,748.1,649758
1606211100,748.4,749.9,747.9,749.2,378257
1606275900,750.1,754.55,746.1,747.15,1223595
1606278600,747.15,747.15,739.0,739.6,848541
1606281300,739.45,741.7,737.4,739.35,553961
1606284000,739.4,742.05,737.25,740.2,971878
1606286700,740.1,741.0,739.0,740.0,299811
1606289400,740.0,741.75,739.5,740.05,304637
1606292100,740.05,740.9,734.2,737.55,552226
1606294800,737.55,738.5,731.15,731.55,646669
1606297500,731.95,732.75,728.2,732.75,646551
1606362300,734.0,740.5,730.15,732.5,1607106
1606365000,732.85,733.5,728.4,733.4,755770
1606367700,733.4,735.15,730.4,734.7,618459
1606370400,734.7,734.75,729.05,729.95,524080
1606373100,730.0,732.8,726.5,732.0,661471
1606375800,732.0,733.9,730.4,732.9,366158
1606378500,732.9,733.85,730.1,732.5,348350
1606381200,732.5,739.0,731.0,738.8,812488
1606383900,738.9,741.0,738.0,740.75,381186
1606448700,741.0,747.0,738.2,740.0,1522352
1606451400,740.0,746.45,739.7,746.0,1217760
1606454100,746.0,747.5,742.55,745.4,840440
1606456800,745.3,749.0,744.2,746.7,635406
1606459500,746.7,748.5,743.5,744.65,457160
1606462200,744.75,745.2,741.6,744.0,428425
1606464900,744.0,745.0,743.0,744.25,271541
1606467600,744.25,748.45,740.4,747.9,4349230
1606470300,747.95,747.95,735.0,739.05,3039088
1606794300,753.0,753.0,746.15,749.0,1282318
1606797000,749.05,754.8,748.85,754.3,810513
1606799700,754.6,757.0,752.05,755.9,739183
1606802400,755.95,760.0,754.75,759.1,818019
1606805100,759.2,759.5,752.8,756.75,680521
1606807800,756.7,757.0,753.85,754.2,385168
1606810500,754.2,754.85,753.0,753.9,361349
1606813200,753.85,755.95,752.4,754.9,691619
1606815900,754.8,757.0,754.35,756.5,470142
1606880700,758.0,761.0,752.15,755.5,1249918
1606883400,755.5,758.35,754.2,754.85,436388
1606886100,754.85,758.0,754.2,756.1,236271
1606888800,756.1,756.55,754.0,754.3,218382
1606891500,754.3,755.45,752.5,753.5,185432
1606894200,753.1,754.85,751.15,753.1,312829
1606896900,753.1,754.85,751.5,754.25,216814
1606899600,754.15,758.9,753.4,758.3,717372
1606902300,758.4,759.9,757.2,757.5,403189
1606967100,760.0,764.8,759.0,759.75,1279422
1606969800,759.75,760.15,756.05,758.45,485318
1606972500,758.5,759.95,758.0,759.6,216956
1606975200,759.6,762.45,758.9,761.3,329119
1606977900,761.3,763.0,759.2,759.8,276137
1606980600,759.8,762.0,759.3,761.5,185805
1606983300,761.2,762.0,758.0,758.5,230216
1606986000,758.5,763.5,758.25,762.75,487090
1606988700,762.55,763.0,761.5,762.0,264748
1607053500,763.0,765.8,758.6,759.15,729685
1607056200,759.15,760.65,757.0,760.6,440222
1607058900,760.2,762.5,759.1,761.3,363605
1607061600,761.2,765.7,759.0,765.05,596912
1607064300,765.0,770.6,761.5,763.5,1395677
1607067000,763.65,768.0,763.5,767.0,394710
1607069700,767.0,769.0,765.0,765.35,451062
1607072400,765.35,768.2,765.0,766.2,648974
1607075100,766.35,768.95,765.6,766.65,395000
1607312700,766.95,775.7,766.0,770.4,1383184
1607315400,770.85,780.0,770.15,777.3,1483584
1607318100,777.4,781.0,775.05,780.15,823078
1607320800,780.2,782.5,776.7,777.25,677774
1607323500,777.3,778.75,772.5,773.25,456215
1607326200,773.1,775.0,770.95,771.6,494076
1607328900,771.55,774.15,770.0,773.4,453791
1607331600,773.55,775.75,771.85,773.65,616384
1607334300,774.0,774.0,771.0,772.8,380590
1607399100,777.0,779.45,770.1,771.0,842023
1607401800,771.0,773.0,768.2,768.75,542674
1607404500,769.0,770.6,759.15,759.75,767943
1607407200,760.0,764.7,757.8,763.55,470198
1607409900,763.85,766.8,761.1,766.3,268375
1607412600,766.3,768.75,764.6,767.25,262090
1607415300,767.4,769.8,766.5,768.95,287180
1607418000,769.15,769.9,765.0,765.55,402583
1607420700,766.0,767.35,765.0,766.7,318076
1607485500,769.9,773.9,761.0,771.05,1277044
1607488200,770.65,772.95,769.3,771.0,283858
1607490900,771.0,772.5,765.0,766.05,383852
1607493600,765.95,768.5,764.1,768.0,329583
1607496300,768.0,768.5,765.8,766.95,264124
1607499000,766.95,768.4,763.2,763.55,339273
1607501700,763.25,766.5,762.4,763.65,315960
1607504400,763.65,763.65,759.95,763.1,566376
1607507100,762.95,763.2,761.5,762.95,279248
1607571900,763.0,767.7,757.0,758.4,904778
1607574600,758.45,761.0,755.1,760.6,302607
1607577300,760.35,763.25,758.5,760.3,268035
1607580000,760.3,761.4,759.05,759.6,207218
1607582700,759.5,765.7,759.5,764.0,548961
1607585400,763.65,765.5,762.5,762.65,350433
1607588100,762.65,763.35,759.65,761.35,365754
1607590800,761.25,764.5,760.4,762.45,508556
1607593500,762.45,763.4,761.1,762.1,215757
1607658300,764.0,766.1,759.1,761.8,575994
1607661000,762.2,762.4,759.4,761.1,298050
1607663700,761.05,765.0,761.0,764.35,269159
1607666400,764.35,764.9,759.0,759.9,377185
1607669100,759.9,760.15,757.55,759.2,295756
1607671800,759.4,760.2,758.6,759.5,152062
1607674500,759.55,759.6,753.0,754.8,389117
1607677200,754.8,756.9,753.75,756.7,541967
1607679900,757.0,757.1,754.55,756.2,272549
1607917500,778.3,793.3,778.3,782.4,7579116
1607920200,782.4,783.4,776.35,780.7,2375758
1607922900,780.6,785.0,780.6,782.1,1359672
1607925600,782.25,784.8,781.15,784.15,776570
1607928300,784.45,790.0,783.55,786.5,2081623
1607931000,786.35,789.75,784.55,785.25,1026169
1607933700,785.25,786.85,782.15,784.85,1121499
1607936400,784.85,792.35,784.1,789.55,2116809
1607939100,789.3,790.95,785.35,786.9,1268589
1608003900,789.3,798.0,785.25,795.1,2835377
1608006600,795.15,795.5,788.1,789.1,1380212
1608009300,788.7,790.0,786.5,788.3,679136
1608012000,788.3,790.8,786.05,787.55,674611
1608014700,787.55,788.0,782.4,785.0,638832
1608017400,785.0,786.0,783.25,784.45,311222
1608020100,784.35,784.8,782.5,783.75,501998
1608022800,783.85,784.5,781.0,782.45,642638
1608025500,782.35,782.45,779.25,781.0,560509
1608090300,790.35,790.35,782.3,784.9,1167146
1608093000,784.9,787.5,783.4,786.9,346370
1608095700,786.95,787.45,783.8,787.15,364351
1608098400,787.15,789.6,785.6,788.1,506325
1608101100,787.95,788.2,784.55,785.85,287621
1608103800,785.6,786.3,785.0,785.9,225144
1608106500,785.9,786.0,783.2,784.7,252303
1608109200,784.6,787.65,783.95,786.75,378019
1608111900,786.75,787.9,785.8,787.2,256152
1608176700,790.75,794.85,787.0,789.3,1305173
1608179400,789.3,790.5,787.3,787.85,385932
1608182100,787.6,788.8,785.4,787.5,492052
1608184800,787.5,789.5,787.35,788.25,224244
1608187500,788.25,788.95,786.55,787.2,225938
1608190200,787.45,789.4,787.1,787.8,179639
1608192900,787.8,788.0,783.2,784.85,277477
1608195600,784.85,786.25,782.5,783.55,496344
1608198300,783.55,783.95,781.1,783.15,383809
1608263100,784.25,789.85,782.45,782.45,881027
1608265800,782.65,788.25,781.5,787.9,483506
1608268500,787.9,788.3,784.45,786.8,286289
1608271200,786.8,788.0,786.25,786.8,209262
1608273900,786.5,794.4,785.65,793.0,806605
1608276600,793.0,794.3,790.7,793.25,484407
1608279300,793.25,793.4,790.0,791.75,460717
1608282000,791.75,794.2,788.7,793.6,1695849
1608284700,793.55,796.0,793.3,795.15,1175407
1608522300,793.0,809.0,789.0,807.6,2908685
1608525000,807.65,811.0,806.15,808.0,1492041
1608527700,807.6,809.95,807.25,808.5,521433
1608530400,808.5,814.9,807.5,814.3,1415846
1608533100,814.7,816.9,809.0,809.35,1489132
1608535800,809.7,812.8,803.5,805.25,1293029
1608538500,805.0,806.25,775.25,777.95,2489305
1608541200,777.9,786.55,760.0,778.65,2359437
1608543900,779.2,780.95,773.45,778.0,489858
1608608700,782.0,788.6,761.1,769.1,1582143
1608611400,769.1,782.45,767.95,777.75,1027522
1608614100,777.75,780.0,774.5,776.05,408047
1608616800,776.25,777.0,768.75,774.55,459210
1608619500,774.55,779.8,772.0,778.8,327254
1608622200,778.7,784.95,778.15,784.4,555254
1608624900,784.4,793.5,781.7,790.65,680732
1608627600,790.9,795.7,788.4,795.3,669984
1608630300,794.9,798.0,793.0,794.3,416439
1608695100,796.35,812.7,792.25,810.5,2142108
1608697800,810.2,815.0,808.35,813.5,1187817
1608700500,813.5,814.85,810.0,811.25,628257
1608703200,811.25,814.5,810.5,813.95,446006
1608705900,813.95,815.0,812.5,814.9,438729
1608708600,814.9,818.6,814.55,817.65,878257
1608711300,817.5,821.0,813.4,819.8,974991
1608714000,819.8,827.0,819.0,826.95,1081483
1608716700,826.85,827.0,822.0,824.0,724833
1608781500,828.8,831.55,818.0,820.9,1719298
1608784200,820.9,827.6,819.75,823.45,756220
1608786900,823.45,824.0,816.0,817.0,599240
1608789600,817.45,820.5,815.3,819.6,461637
1608792300,819.7,825.0,819.0,820.9,619559
1608795000,820.7,826.45,820.1,825.25,614572
1608797700,825.5,830.0,825.15,827.75,786846
1608800400,827.95,834.55,827.75,834.0,1186419
1608803100,834.0,834.9,831.0,833.5,531576
1609127100,837.6,839.0,830.5,833.25,1274730
1609129800,833.25,836.5,832.65,834.8,426339
1609132500,834.4,837.55,833.4,836.55,334766
1609135200,836.55,838.4,832.0,834.4,537872
1609137900,834.4,836.75,833.5,834.55,282384
1609140600,834.55,835.2,832.2,832.75,274256
1609143300,832.75,833.9,828.4,829.4,503966
1609146000,829.4,832.0,825.2,830.7,782585
1609148700,830.7,831.0,826.55,829.95,383376
1609213500,830.15,835.75,827.0,829.0,669720
1609216200,828.6,830.5,822.65,823.0,501730
1609218900,823.2,824.6,817.5,820.65,546771
1609221600,820.65,823.75,819.4,822.1,209892
1609224300,822.2,826.9,821.0,826.8,242449
1609227000,826.8,829.45,825.55,828.3,357484
1609229700,828.3,828.5,824.0,824.5,209634
1609232400,824.5,829.5,824.5,828.8,327302
1609235100,828.8,829.5,824.0,825.1,240996
1609299900,830.0,830.0,819.0,820.8,659118
1609302600,820.75,822.65,819.0,819.65,296196
1609305300,819.65,822.0,819.6,821.25,166226
1609308000,821.5,822.0,820.0,820.3,127583
1609310700,820.3,820.85,816.05,819.15,337024
1609313400,819.55,820.4,817.5,819.95,169103
1609316100,819.95,822.0,819.0,821.4,287210
1609318800,821.4,824.1,820.4,823.8,384732
1609321500,823.85,824.95,821.5,823.35,277868
1609386300,824.0,833.35,821.0,831.8,1141864
1609389000,831.8,831.8,826.05,828.1,547460
1609391700,828.1,828.5,821.5,823.9,560665
1609394400,823.9,824.25,820.4,822.05,347666
1609397100,822.1,823.6,818.55,821.85,319911
1609399800,821.85,823.0,821.0,821.85,194130
1609402500,821.85,824.75,820.3,821.5,467164
1609405200,821.5,821.6,818.5,820.2,770515
1609407900,820.15,820.9,816.4,819.35,488595
1609472700,822.8,825.2,820.65,822.7,482409
1609475400,822.55,828.95,821.2,826.8,518657
1609478100,826.85,828.1,825.0,826.85,200065
1609480800,826.85,828.8,825.7,828.3,256040
1609483500,828.3,828.7,827.0,827.5,158295
1609486200,827.15,828.0,826.15,826.6,145164
1609488900,826.7,828.4,826.1,828.25,187186
1609491600,828.25,828.3,825.05,825.3,314427
1609494300,825.3,827.8,824.5,827.3,210499
1609731900,831.0,833.0,827.3,828.55,618946
1609734600,828.5,836.4,827.6,835.5,692475
1609737300,835.5,835.85,826.55,831.0,541769
1609740000,831.0,833.1,829.45,832.1,214142
1609742700,832.55,834.9,831.95,832.4,207739
1609745400,832.55,834.9,831.8,833.7,173347
1609748100,833.7,835.4,830.35,835.0,334472
1609750800,835.0,837.3,830.05,831.3,438011
1609753500,831.35,834.9,831.0,831.5,258820
1609731900,831.0,833.0,827.3,828.55,618946
1609734600,828.5,836.4,827.6,835.5,692475
1609737300,835.5,835.85,826.55,831.0,541769
1609740000,831.0,833.1,829.45,832.1,214142
1609742700,832.55,834.9,831.95,832.4,207739
1609745400,832.55,834.9,831.8,833.7,173347
1609748100,833.7,835.4,830.35,835.0,334472
1609750800,835.0,837.3,830.05,831.3,438011
1609753500,831.35,834.9,831.0,831.5,258820
1609818300,832.25,843.75,827.85,833.4,1369325
1609821000,832.55,833.95,826.1,833.55,583394
1609823700,833.55,835.45,830.0,831.9,399016
1609826400,831.6,834.5,831.3,832.5,222631
1609829100,832.5,833.5,830.45,831.0,205458
1609831800,831.4,831.5,826.45,830.25,358692
1609834500,830.25,831.0,825.3,827.3,334094
1609837200,827.2,828.65,825.55,826.7,493411
1609839900,826.7,829.6,825.6,827.75,586883
1609904700,829.0,834.4,827.0,828.0,698182
1609907400,828.0,830.5,824.05,827.5,586543
1609910100,827.75,831.65,827.5,831.15,252848
1609912800,831.15,832.75,827.8,829.1,254919
1609915500,829.5,829.5,826.55,828.15,223622
1609918200,828.15,828.6,823.5,825.6,261870
1609920900,825.7,825.8,815.25,820.95,469301
1609923600,820.95,825.9,817.8,825.0,364551
1609926300,825.0,826.0,823.15,825.0,197469
1609991100,830.0,830.45,823.0,824.75,480523
1609993800,824.75,824.9,818.7,819.05,435623
1609996500,818.75,820.3,818.0,820.25,201795
1609999200,820.25,820.3,818.0,819.6,148848
1610001900,819.85,822.9,819.3,822.75,220765
1610004600,822.75,826.45,820.95,823.65,314184
1610007300,823.65,828.7,823.65,826.9,341681
1610010000,826.9,828.9,823.75,826.95,502850
1610012700,826.95,829.55,826.3,828.2,225902
1610077500,830.7,841.95,827.4,838.8,1346362
1610080200,838.8,846.2,838.6,843.0,864881
1610082900,842.85,843.5,837.35,839.4,449772
1610085600,839.45,842.7,835.4,836.7,457723
1610088300,836.75,836.9,833.45,835.2,389684
1610091000,835.15,837.75,831.4,837.0,404000
1610093700,837.0,839.0,835.55,836.75,288615
1610096400,836.75,838.95,834.8,838.05,502248
1610099100,838.15,840.35,836.2,836.2,353238
1610336700,839.0,851.8,832.75,849.85,1449942
1610339400,849.85,851.0,842.55,845.9,651262
1610342100,845.9,850.8,844.3,846.2,477655
1610344800,846.2,847.0,840.8,842.8,469792
1610347500,843.0,847.5,841.55,846.85,251562
1610350200,846.85,849.95,845.75,847.95,296823
1610352900,847.95,849.9,845.65,848.8,245698
1610355600,848.55,857.0,847.05,856.95,848732
1610358300,856.9,860.0,856.8,859.0,630682
1610423100,860.0,864.6,854.0,856.45,1340576
1610425800,856.5,858.85,852.5,857.5,411756
1610428500,857.5,857.75,851.0,855.65,369831
1610431200,856.1,856.35,850.2,852.05,293139
1610433900,852.5,852.5,847.55,848.0,313341
1610436600,848.0,852.0,848.0,851.1,197598
1610439300,850.95,851.6,841.65,845.0,512609
1610442000,845.0,845.7,841.0,843.15,541477
1610444700,843.15,844.9,841.05,844.0,344596
1610509500,847.35,849.65,839.1,846.3,881967
1610512200,846.3,852.0,844.2,846.0,549536
1610514900,845.6,847.1,842.2,844.1,274132
1610517600,844.1,846.2,841.2,846.0,303326
1610520300,845.65,847.0,844.1,845.2,204936
1610523000,845.25,846.3,841.75,842.4,175636
1610525700,842.55,842.55,832.5,839.6,464105
1610528400,839.4,843.6,836.2,842.4,487011
1610531100,842.45,843.55,839.5,840.9,253985
1610595900,841.7,843.2,829.0,833.4,694343
1610598600,833.55,833.55,829.75,831.85,335452
1610601300,832.1,834.9,830.4,833.7,268867
1610604000,833.65,834.5,832.15,833.0,145476
1610606700,833.25,836.55,832.2,835.1,238085
1610609400,835.1,836.0,832.95,835.0,227538
1610612100,834.95,844.0,833.5,842.2,501137
1610614800,842.55,847.55,839.5,839.85,892390
1610617500,840.1,842.1,838.0,839.25,342679
1610682300,839.0,844.9,831.1,835.2,616112
1610685000,834.6,835.4,829.55,830.25,301887
1610687700,830.25,830.3,825.5,826.75,385757
1610690400,826.75,833.8,826.2,832.65,360651
1610693100,832.65,835.85,831.3,833.65,261924
1610695800,833.35,835.95,833.05,835.0,152979
1610698500,834.75,836.75,821.0,826.1,467779
1610701200,826.1,827.65,822.6,823.4,348093
1610703900,823.4,824.45,822.0,824.45,238873
1610941500,822.0,826.65,803.2,807.3,1057791
1610944200,807.25,809.9,796.2,799.9,613839
1610946900,799.75,808.8,798.75,805.85,439436
1610949600,805.85,811.5,805.2,810.45,246033
1610952300,810.5,811.5,807.0,808.6,169162
1610955000,808.6,812.75,807.8,810.95,212741
1610957700,810.95,814.4,806.65,806.8,215472
1610960400,806.8,808.35,803.0,803.75,409848
1610963100,803.45,803.7,796.5,798.9,366440
1611027900,802.5,819.95,802.5,815.3,1271848
1611030600,815.45,817.25,811.3,812.25,409814
1611033300,812.25,813.0,809.5,811.65,234912
1611036000,811.65,813.6,808.9,812.9,229949
1611038700,812.9,819.65,811.75,819.25,359241
1611041400,819.35,824.0,818.1,821.65,458903
1611044100,821.05,823.0,818.65,820.1,240153
1611046800,820.2,823.0,820.0,821.9,352892
1611049500,821.95,825.4,821.0,825.0,226988
1611114300,822.5,829.8,822.3,827.0,555299
1611117000,827.0,834.9,824.0,830.65,529932
1611119700,830.7,831.7,826.5,828.0,253333
1611122400,828.0,828.85,825.65,826.6,160793
1611125100,826.6,830.0,823.1,825.6,414419
1611127800,825.9,826.0,823.6,824.6,120883
1611130500,824.65,825.0,823.5,824.45,117697
1611133200,824.45,834.2,824.3,833.7,643431
1611135900,833.65,834.3,831.9,832.85,255673
1611200700,835.0,839.3,830.4,837.0,708761
1611203400,837.0,839.25,832.3,832.85,383787
1611206100,832.9,834.0,831.3,832.9,244850
1611208800,832.6,833.05,828.0,828.1,198606
1611211500,828.35,829.6,827.2,828.7,160579
1611214200,828.95,829.2,826.0,828.0,209293
1611216900,828.0,828.0,821.3,821.8,236142
1611219600,821.8,821.85,809.0,812.35,825089
1611222300,812.35,818.3,810.7,817.0,351439
1611287100,815.8,819.5,808.2,816.9,789238
1611289800,816.6,822.5,814.95,819.25,483389
1611292500,819.25,819.8,807.85,812.55,455503
1611295200,811.9,814.45,809.2,811.0,214905
1611297900,811.0,815.05,807.7,808.9,269495
1611300600,808.65,810.25,799.5,802.1,586943
1611303300,802.25,817.2,798.25,812.0,596403
1611306000,812.0,814.35,806.1,807.75,345466
1611308700,807.75,809.8,807.55,808.9,135742
1611546300,813.0,823.2,808.25,816.35,936012
1611549000,817.0,823.35,814.0,820.85,520313
1611551700,820.85,834.25,817.55,834.2,1256243
1611554400,834.4,842.0,832.0,840.15,1202609
1611557100,840.15,849.45,838.45,848.7,1600346
1611559800,848.4,857.0,848.35,855.85,1937763
1611562500,855.45,855.85,843.0,844.5,1549616
1611565200,844.5,847.25,832.75,836.75,1249118
1611567900,836.7,840.45,834.55,839.0,447342
1611719100,839.9,843.8,825.2,837.0,1309463
1611721800,836.65,844.0,835.55,837.7,582711
1611724500,837.6,837.75,832.5,835.0,559787
1611727200,835.0,840.45,832.5,838.5,454983
1611729900,838.5,850.85,837.2,848.65,1057841
1611732600,848.65,856.45,846.35,850.6,1288547
1611735300,850.85,853.9,842.3,842.75,781780
1611738000,843.0,845.0,838.75,842.8,994961
1611740700,842.8,843.5,838.1,839.7,371384
1611805500,835.5,839.5,825.7,833.2,1055599
1611808200,833.2,840.0,832.65,836.35,415991
1611810900,836.35,848.45,835.75,842.15,652171
1611813600,842.15,848.0,841.0,845.2,311663
1611816300,845.2,848.85,839.4,839.95,435248
1611819000,839.95,843.6,835.5,840.95,441811
1611821700,841.0,844.5,837.65,838.2,398139
1611824400,838.55,844.0,835.55,842.45,520297
1611827100,842.5,844.45,838.0,840.3,252896
1611891900,847.95,850.85,830.4,834.5,1880732
1611894600,834.75,835.95,831.0,834.5,540091
1611897300,834.5,843.65,832.75,842.2,641992
1611900000,842.3,842.3,835.05,835.85,387640
1611902700,835.85,837.05,833.55,835.1,328236
1611905400,835.0,835.85,828.35,830.2,441530
1611908100,830.1,841.9,829.4,838.4,908377
1611910800,838.1,839.5,820.75,824.9,1456295
1611913500,824.85,829.1,822.25,828.0,589184
1612148400,815.0,815.0,815.0,815.0,63697
1612151100,800.0,818.8,779.95,817.35,3686046
1612153800,817.45,825.0,812.95,819.75,1323407
1612156500,819.95,829.95,818.55,821.95,904383
1612159200,821.95,826.65,817.05,825.5,700173
1612161900,824.95,831.0,818.9,827.2,976603
1612164600,828.0,829.3,815.5,819.1,784969
1612167300,819.0,820.25,814.55,819.05,1124878
1612170000,819.3,820.35,804.7,805.0,2870520
1612172700,805.2,807.15,796.3,805.95,1348809
1612237500,807.0,816.2,807.0,812.45,1644111
1612240200,812.45,815.95,805.35,809.05,828254
1612242900,809.05,812.4,806.6,811.15,690394
1612245600,811.15,811.75,806.3,807.8,600215
1612248300,807.35,812.5,801.5,811.5,950974
1612251000,811.5,821.5,808.6,819.0,1398507
1612253700,819.0,823.4,815.05,822.7,882672
1612256400,822.7,822.95,816.5,821.35,901438
1612259100,821.3,826.35,820.95,826.0,567487
1612323900,826.0,853.25,824.2,848.5,2603576
1612326600,848.75,862.0,848.35,860.0,2227896
1612329300,859.6,870.95,857.6,869.5,2066590
1612332000,869.3,878.9,861.1,867.0,3530632
1612334700,867.25,868.1,861.5,865.25,907848
1612337400,864.8,866.7,853.3,854.4,1325382
1612340100,854.55,859.75,851.45,855.25,915337
1612342800,854.5,855.7,848.25,849.5,1397283
1612345500,849.8,853.1,845.0,852.25,692680
1612410300,847.55,856.5,842.0,853.5,1213580
1612413000,853.1,855.75,848.9,853.25,535613
1612415700,853.4,854.7,851.0,851.95,231805
1612418400,851.55,852.2,842.75,844.0,534984
1612421100,844.25,845.45,837.0,838.8,610398
1612423800,838.8,840.5,837.1,837.8,265207
1612426500,837.3,839.9,837.2,838.2,218355
1612429200,838.2,838.5,833.35,834.85,658275
1612431900,834.85,836.0,832.6,835.25,360780
1612496700,839.6,841.55,830.5,837.5,1383162
1612499400,837.5,846.0,836.0,843.6,1057850
1612502100,843.65,852.0,842.05,843.4,1246869
1612504800,843.4,850.75,841.5,850.35,668859
1612507500,850.35,854.9,848.05,849.65,920463
1612510200,849.65,851.6,841.7,845.0,729125
1612512900,845.0,851.8,843.45,850.45,364430
1612515600,850.1,853.85,845.0,848.65,679186
1612518300,848.55,849.8,847.1,848.0,322745
1612755900,852.0,855.4,844.0,848.4,975381
1612758600,848.1,849.35,841.05,847.8,624835
1612761300,848.0,851.5,847.8,850.65,334056
1612764000,850.65,854.4,849.0,852.4,337409
1612766700,852.35,859.0,849.4,859.0,561463
1612769400,858.5,859.25,851.65,853.1,462759
1612772100,853.05,855.65,851.15,853.6,268517
1612774800,853.6,854.3,845.15,847.6,432196
1612777500,847.5,848.2,845.2,847.2,243077
1612842300,848.0,853.6,840.9,846.6,1171526
1612845000,846.5,853.55,845.0,852.85,471505
1612847700,852.85,856.85,850.95,850.95,615126
1612850400,851.0,853.3,846.0,846.7,389785
1612853100,846.7,850.0,846.5,849.3,227746
1612855800,849.3,851.45,846.65,848.7,312566
1612858500,848.7,850.65,848.0,848.6,157438
1612861200,848.55,848.9,839.0,843.2,663609
1612863900,843.8,845.0,840.45,841.7,183692
1612928700,847.6,856.0,841.0,852.3,1193527
1612931400,852.65,854.5,844.55,848.55,700439
1612934100,848.55,854.45,847.25,852.1,460744
1612936800,852.35,858.0,850.25,857.15,540529
1612939500,857.5,857.9,853.5,855.4,400025
1612942200,855.4,855.5,850.0,851.4,364798
1612944900,851.5,853.0,849.5,850.5,283634
1612947600,850.6,864.0,850.55,863.95,1215273
1612950300,864.0,867.0,863.75,865.6,502034
1613015100,868.0,874.9,858.0,861.25,2252230
1613017800,860.75,863.7,857.3,859.35,503286
1613020500,859.35,861.5,858.5,859.4,210787
1613023200,859.55,861.2,857.0,861.15,376632
1613025900,861.2,862.6,859.6,861.2,293911
1613028600,861.2,862.4,860.0,860.55,179268
1613031300,860.55,864.1,859.05,860.1,373383
1613034000,860.1,863.9,860.0,860.15,535692
1613036700,860.15,860.6,856.0,858.0,602495
1613101500,859.0,864.35,857.5,859.6,564419
1613104200,859.6,861.05,857.9,859.5,157247
1613106900,859.75,860.05,855.75,858.05,246797
1613109600,858.05,858.5,856.85,858.25,115182
1613112300,858.25,858.4,854.3,855.4,241893
1613115000,855.0,856.35,852.2,852.4,220501
1613117700,852.5,853.65,846.5,846.5,399723
1613120400,846.0,849.7,845.5,848.85,279395
1613123100,848.75,850.0,847.7,850.0,243085
1613360700,850.1,854.6,845.75,852.45,565890
1613363400,852.45,855.65,851.25,853.75,263186
1613366100,853.5,856.6,852.35,855.0,200655
1613368800,855.0,856.0,853.3,855.15,131015
1613371500,854.95,855.55,847.3,849.0,295854
1613374200,849.0,849.8,846.95,847.75,210030
1613376900,847.75,849.5,844.8,847.25,323848
1613379600,847.1,848.1,844.0,844.0,268473
1613382300,844.0,845.85,842.0,845.55,267736
1613447100,850.0,852.25,841.25,850.1,738580
1613449800,850.1,850.5,846.0,848.1,477439
1613452500,848.1,851.0,845.0,845.75,237211
1613455200,845.4,847.15,844.7,845.65,197319
1613457900,845.65,846.75,843.75,845.05,121634
1613460600,845.05,847.3,843.3,845.75,278973
1613463300,845.75,846.7,843.3,846.45,123515
1613466000,846.55,850.55,845.05,848.7,341564
1613468700,849.3,850.0,847.6,849.0,286972
1613533500,849.45,854.7,843.1,843.1,561210
1613536200,843.2,845.1,842.2,843.75,268235
1613538900,844.0,847.45,843.75,845.7,287522
1613541600,845.7,847.9,844.25,844.3,100349
1613544300,844.3,844.9,840.4,840.5,192385
1613547000,840.65,840.65,834.2,837.1,370537
1613549700,837.1,840.25,836.4,838.2,188211
1613552400,838.2,839.8,834.3,836.4,295548
1613555100,836.5,837.8,833.0,834.6,269895
1613619900,835.0,843.45,830.6,838.5,1593599
1613622600,838.5,840.85,836.65,837.45,258172
1613625300,837.25,838.0,834.4,834.55,261429
1613628000,834.75,835.4,827.25,828.0,415123
1613630700,827.65,830.45,825.0,828.75,294183
1613633400,828.55,830.6,827.7,828.9,180203
1613636100,828.55,830.45,826.4,828.85,255381
1613638800,828.5,833.2,826.0,826.05,443292
1613641500,826.1,826.25,822.5,824.9,412238
1613706300,823.8,823.85,814.0,821.8,957788
1613709000,821.65,825.45,819.1,819.25,337747
1613711700,819.25,821.7,816.0,819.35,244078
1613714400,819.35,819.8,815.15,815.8,186938
1613717100,815.8,818.8,813.0,814.0,290119
1613719800,813.5,814.6,808.5,810.3,320948
1613722500,810.3,811.55,801.6,805.35,506477
1613725200,805.35,809.9,799.0,808.9,686216
1613727900,809.0,809.75,806.05,808.8,296040
1613965500,811.4,814.45,805.1,810.1,707527
1613968200,810.0,815.45,808.0,815.05,447402
1613970900,815.4,817.5,805.4,807.05,877752
1613973600,807.05,808.0,801.0,802.3,401948
1613976300,802.1,804.65,801.4,801.8,210727
1613979000,801.8,803.35,796.0,798.25,375595
1613981700,798.25,800.7,795.0,799.85,285508
1613984400,799.85,801.25,793.2,794.3,396330
1613987100,794.6,795.4,786.05,788.0,376355
1614051900,795.0,801.1,792.0,800.0,961529
1614054600,800.0,803.15,795.5,801.0,377456
1614057300,801.0,802.8,797.45,798.5,271148
1614060000,798.5,798.9,793.35,794.75,238320
1614062700,794.65,795.95,791.0,792.95,178169
1614065400,792.95,796.0,791.1,793.6,231439
1614068100,793.6,794.0,788.4,792.6,274842
1614070800,792.45,793.85,789.2,790.0,411841
1614073500,790.0,794.4,789.0,794.4,314116
1614138300,794.0,798.1,790.0,790.0,538989
1614141000,790.0,793.55,790.0,791.85,226294
1614143700,791.8,791.9,788.1,789.1,238594
1614146400,789.1,789.65,786.95,788.15,69230
1614159900,776.25,786.5,776.25,785.9,158051
1614162600,785.85,791.65,785.0,789.95,288957
1614165300,790.7,790.95,784.0,784.0,65874
1614224700,795.0,807.45,790.45,804.7,1201887
1614227400,804.7,808.4,799.1,805.95,861264
1614230100,806.2,811.25,805.6,810.5,723982
1614232800,810.8,810.95,805.65,807.15,440069
1614235500,807.15,811.0,807.15,809.55,362600
1614238200,809.9,809.9,806.4,809.5,455830
1614240900,809.5,811.0,807.35,809.85,378273
1614243600,809.85,810.05,806.0,808.85,596452
1614246300,808.85,814.0,807.4,813.5,449534
1614311100,805.0,817.3,798.7,814.05,1290812
1614313800,814.5,818.6,811.9,814.45,871732
1614316500,814.15,820.0,809.25,810.65,895276
1614319200,811.0,811.0,800.05,801.55,1021899
1614321900,801.5,803.95,796.0,800.0,780023
1614324600,800.3,800.6,794.3,795.8,560020
1614327300,795.7,798.5,792.5,797.35,543915
1614330000,797.35,799.45,786.1,789.9,888060
1614332700,789.95,790.0,780.0,785.0,682490
1614570300,795.0,800.5,787.05,792.05,683576
1614573000,792.25,798.45,792.0,797.9,226291
1614575700,797.9,799.0,795.25,795.25,200265
1614578400,795.05,795.85,789.5,792.35,260716
1614581100,792.6,792.6,787.2,789.25,192767
1614583800,789.3,790.5,784.6,785.5,281063
1614586500,785.5,786.8,782.0,783.7,296205
1614589200,783.7,790.7,783.4,789.6,350265
1614591900,789.6,793.35,789.0,789.3,248979
1614656700,792.6,798.0,790.8,796.8,765106
1614659400,796.8,801.5,794.8,798.0,477475
1614662100,797.85,798.0,792.7,795.55,285781
1614664800,795.45,802.75,794.65,801.25,421158
1614667500,801.5,814.0,800.35,810.8,846781
1614670200,811.0,815.0,807.5,810.6,523700
1614672900,810.6,811.3,806.55,808.15,195247
1614675600,808.6,813.85,807.15,813.85,466973
1614678300,813.65,813.85,810.0,811.0,276567
1614743100,817.95,818.15,809.0,815.95,749505
1614745800,816.1,816.25,810.25,813.45,310869
1614748500,813.45,815.45,811.0,813.3,230743
1614751200,813.2,813.55,809.55,812.15,288198
1614753900,812.05,812.75,807.6,811.8,314596
1614756600,811.8,812.25,809.0,809.3,242685
1614759300,809.3,812.9,808.45,810.3,389735
1614762000,810.0,812.5,809.25,811.85,392786
1614764700,811.95,814.15,811.9,813.0,332905
1614829500,807.4,818.0,805.2,805.65,983480
1614832200,805.7,810.0,803.7,809.0,520415
1614834900,809.0,815.05,808.0,809.95,376711
1614837600,809.95,813.0,809.15,812.4,175067
1614840300,812.4,814.0,809.45,811.55,223870
1614843000,811.55,812.55,809.55,811.2,225499
1614845700,811.25,811.25,808.9,810.0,257924
1614848400,810.05,810.9,805.6,805.65,535806
1614851100,805.6,808.1,805.15,808.0,336382
1614915900,806.5,810.35,803.75,807.4,1156695
1614918600,807.45,812.0,805.5,810.3,403424
1614921300,810.3,811.7,807.75,809.85,359633
1614924000,810.0,810.3,808.3,808.95,175118
1614926700,808.95,809.8,808.0,808.9,134975
1614929400,808.9,809.0,805.6,806.25,264191
1614932100,806.4,807.5,800.25,804.45,499172
1614934800,804.45,806.7,800.45,805.05,562521
1614937500,805.1,808.35,805.1,806.0,271671
1615175100,807.95,817.95,806.2,812.35,802387
1615177800,812.35,819.0,811.05,812.1,501673
1615180500,811.8,815.3,811.2,813.55,186852
1615183200,813.55,818.9,813.55,816.65,255228
1615185900,816.65,818.5,812.95,816.85,224529
1615188600,816.85,817.8,811.55,813.0,194011
1615191300,813.45,815.7,813.0,814.0,199681
1615194000,814.0,814.5,808.25,809.75,307017
1615196700,809.9,810.45,807.0,809.35,241519
1615261500,812.6,816.7,810.5,811.5,332647
1615264200,811.4,811.4,805.05,805.75,247267
1615266900,805.75,807.0,802.4,803.65,234150
1615269600,803.65,806.2,800.5,805.1,319775
1615272300,805.1,805.8,802.0,802.1,125019
1615275000,802.25,802.8,798.05,798.75,317255
1615277700,798.75,800.75,797.2,797.9,163599
1615280400,798.0,798.45,792.1,797.45,816591
1615283100,797.5,800.0,797.45,799.2,223925
1615347900,806.0,811.0,801.0,803.45,559734
1615350600,804.3,805.7,803.05,804.55,154713
1615353300,804.4,806.4,803.7,805.0,206413
1615356000,805.0,807.25,804.15,804.95,180229
1615358700,804.95,808.6,804.5,808.05,196035
1615361400,807.8,808.2,803.55,804.45,239506
1615364100,804.65,813.0,804.05,809.25,406612
1615366800,809.25,813.0,808.0,813.0,319268
1615369500,813.0,814.75,810.1,811.0,232235
1615520700,816.5,818.7,808.85,814.05,457933
1615523400,814.1,814.3,810.5,811.65,162950
1615526100,811.7,816.0,811.5,815.25,193079
1615528800,815.25,816.55,813.95,815.5,161898
1615531500,815.2,816.2,806.35,810.15,411542
1615534200,810.05,811.45,806.8,807.5,140493
1615536900,807.25,810.0,804.2,808.15,178157
1615539600,808.15,809.0,805.55,807.55,196384
1615542300,807.55,807.9,802.0,804.1,170777
1615779900,807.9,808.9,793.4,798.25,537229
1615782600,798.2,805.0,795.4,802.5,442493
1615785300,802.7,805.0,797.6,799.8,176696
1615788000,799.85,801.95,798.1,800.4,240684
1615790700,800.45,801.7,790.5,793.35,414425
1615793400,793.05,794.9,790.0,794.6,207625
1615796100,794.6,801.0,794.3,801.0,179294
1615798800,800.8,808.0,800.6,806.4,301657
1615801500,806.85,807.0,803.0,803.35,150284
1615866300,805.1,808.5,799.35,800.0,474585
1615869000,800.0,803.6,798.45,803.25,261154
1615871700,803.25,803.45,797.55,797.8,246032
1615874400,797.75,797.85,793.55,794.95,414713
1615877100,794.95,795.0,791.8,793.3,346870
1615879800,793.3,794.45,787.0,790.5,697790
1615882500,790.5,794.9,790.2,794.45,440887
1615885200,794.55,795.85,790.7,792.9,513497
1615887900,793.25,793.8,791.25,792.85,273120
1615952700,794.8,794.8,785.0,785.95,520650
1615955400,786.0,787.3,783.35,786.0,260340
1615958100,786.05,787.0,780.8,782.05,273176
1615960800,782.0,783.25,778.05,778.05,357126
1615963500,778.05,779.85,775.0,776.0,362373
1615966200,775.95,777.75,774.6,776.1,295482
1615968900,776.1,778.8,772.5,775.85,371532
1615971600,775.85,777.15,770.0,771.0,486906
1615974300,771.0,773.75,770.0,770.0,312750
1616039100,776.0,778.45,767.1,767.2,485511
1616041800,767.0,769.6,764.0,768.0,416495
1616044500,767.75,770.4,765.7,765.95,176621
1616047200,766.1,769.9,765.5,767.8,179696
1616049900,767.8,767.9,764.1,764.5,191574
1616052600,764.5,765.0,757.5,758.2,426664
1616055300,758.15,760.95,751.95,755.75,402709
1616058000,755.65,758.0,750.85,756.7,403197
1616060700,756.7,758.0,755.0,758.0,209562
1616125500,751.0,754.95,738.1,753.55,927035
1616128200,753.55,760.45,751.55,757.5,483095
1616130900,757.45,764.8,755.85,756.55,440215
1616133600,756.55,761.65,754.3,758.4,671560
1616136300,758.45,763.5,756.5,761.25,299909
1616139000,761.05,762.6,757.0,761.8,260744
1616141700,761.8,767.25,761.05,764.25,270605
1616144400,764.25,766.5,756.25,759.35,1116546
1616147100,759.3,762.75,758.2,761.0,789326
1616384700,762.0,784.6,758.7,775.0,1378339
1616387400,774.95,778.4,773.05,777.5,429686
1616390100,777.5,778.8,774.1,776.25,264549
1616392800,776.25,777.1,775.25,776.7,170987
1616395500,776.6,776.6,771.0,772.25,374920
1616398200,772.25,775.2,771.55,773.85,167954
1616400900,773.85,775.15,771.2,774.1,205462
1616403600,774.45,774.9,768.45,774.0,373505
1616406300,774.0,774.35,771.1,772.0,193355
1616471100,775.0,779.4,772.85,774.7,536918
1616473800,774.7,777.25,772.7,775.9,190080
1616476500,776.0,776.9,770.0,770.65,217237
1616479200,770.45,773.8,768.4,772.4,200826
1616481900,772.4,774.1,770.0,773.7,131936
1616484600,773.65,774.4,770.95,773.35,110447
1616487300,773.4,777.3,773.2,775.65,197559
1616490000,775.5,778.5,774.6,775.7,305605
1616492700,776.1,777.0,774.55,776.8,224457
1616557500,777.8,784.75,772.65,782.4,756508
1616560200,782.35,784.0,777.4,782.5,472522
1616562900,782.75,784.6,780.45,782.05,319347
1616565600,782.05,789.45,782.0,788.35,895324
1616568300,788.0,793.9,788.0,791.75,908563
1616571000,791.75,793.0,790.5,792.5,448073
1616573700,792.4,798.7,792.25,795.6,1227289
1616576400,795.6,797.0,789.0,794.5,1342272
1616579100,794.0,795.4,789.3,790.95,529179
1616643900,796.9,797.7,785.0,791.05,927417
1616646600,791.4,796.05,789.8,790.1,338488
1616649300,790.4,792.3,789.05,790.0,305128
1616652000,790.1,790.8,785.9,786.05,439856
1616654700,786.25,796.8,784.45,795.1,474315
1616657400,795.35,802.3,790.3,800.3,828119
1616660100,800.25,801.9,792.75,794.7,627951
1616662800,794.65,798.0,783.3,787.2,1028486
1616665500,787.15,791.0,785.15,788.65,321626
1616730300,791.0,799.0,782.5,786.0,567715
1616733000,785.8,788.4,781.7,784.45,286689
1616735700,784.5,794.55,781.25,794.4,400985
1616738400,794.4,794.9,790.0,791.1,302305
1616741100,791.1,794.0,790.0,793.75,194991
1616743800,793.75,795.0,792.0,794.0,276383
1616746500,794.0,794.9,789.0,790.05,250741
1616749200,790.05,791.4,785.5,786.45,385775
1616751900,786.4,792.0,784.8,790.0,265386
1617075900,790.25,806.9,790.25,804.1,890020
1617078600,803.9,804.95,798.7,804.1,472244
1617081300,804.0,810.95,804.0,810.0,605779
1617084000,809.95,813.0,808.0,809.95,475645
1617086700,810.0,810.25,807.5,808.95,225125
1617089400,809.0,810.2,808.5,809.85,200349
1617092100,809.85,811.85,809.0,810.05,282970
1617094800,810.05,815.9,809.2,812.35,846097
1617097500,812.1,812.6,809.05,810.0,433490
1617162300,811.0,818.7,805.0,814.65,501620
1617165000,814.55,814.55,810.35,811.45,257013
1617167700,811.45,823.95,811.45,820.45,561255
1617170400,820.45,823.4,818.5,819.3,243511
1617173100,819.3,823.9,818.5,822.35,333441
1617175800,822.35,823.0,817.4,820.45,268222
1617178500,820.4,821.35,817.15,817.15,236977
1617181200,817.5,820.15,813.25,813.35,384820
1617183900,813.25,816.15,811.35,813.95,283646
1617248700,819.5,821.95,815.95,818.0,277833
1617251400,817.7,819.15,812.5,813.7,244431
1617254100,813.4,816.5,811.6,815.4,225890
1617256800,816.0,820.5,815.4,819.95,239484
1617259500,819.95,821.5,818.0,820.9,214078
1617262200,820.9,824.0,819.0,823.45,218913
1617264900,823.45,824.0,817.3,818.15,177736
1617267600,818.25,821.5,817.0,818.4,191168
1617270300,818.65,819.85,817.25,818.0,118158
1617594300,825.0,827.0,814.35,821.3,610132
1617597000,821.3,821.6,809.45,812.45,525609
1617599700,812.45,812.85,806.25,808.7,473521
1617602400,808.3,812.0,806.1,809.2,206101
1617605100,809.3,813.9,808.05,811.5,237875
1617607800,811.5,813.4,808.5,813.25,121351
1617610500,813.25,817.5,812.6,817.5,185748
1617613200,817.5,820.95,815.95,819.9,320945
1617615900,819.9,822.4,818.0,820.0,230558
1617680700,824.0,845.0,821.85,838.35,1927012
1617683400,838.5,840.0,829.55,830.65,617406
1617686100,830.6,833.15,829.0,830.7,292150
1617688800,830.25,832.45,828.4,831.8,183075
1617691500,831.8,834.45,829.0,832.8,345398
1617694200,832.95,833.5,830.5,831.55,188338
1617696900,831.6,837.0,830.5,836.75,290575
1617699600,837.0,837.5,831.6,836.8,448613
1617702300,836.75,837.15,834.75,835.7,266737
1617767100,836.15,840.35,830.25,833.0,459622
1617769800,833.0,842.3,832.3,839.4,439895
1617772500,839.4,840.6,838.65,839.05,169151
1617775200,839.05,844.9,839.0,842.6,270109
1617777900,843.0,843.2,838.0,839.3,208254
1617780600,839.1,841.95,836.65,840.0,199182
1617783300,839.95,844.65,839.5,842.5,221263
1617786000,842.5,843.85,840.0,840.75,274940
1617788700,840.7,841.4,837.5,838.0,153681
1617853500,843.0,848.5,838.4,847.3,827144
1617856200,847.65,848.2,845.0,845.2,245003
1617858900,845.2,847.0,844.7,845.25,154250
1617861600,845.25,845.75,841.05,842.75,233762
1617864300,842.8,850.45,842.3,846.55,316864
1617867000,846.85,848.2,845.05,845.2,126364
1617869700,845.2,848.5,845.0,845.55,150089
1617872400,845.5,845.65,840.3,840.3,272144
1617875100,840.35,843.2,840.05,841.0,128573
1617939900,840.9,854.3,836.65,853.3,717525
1617942600,853.3,855.5,850.45,850.6,306478
1617945300,850.8,867.55,850.25,863.95,1041191
1617948000,863.25,873.8,861.0,866.85,1056831
1617950700,867.25,874.0,865.5,872.4,655045
1617953400,872.45,886.95,871.35,881.25,2193182
1617956100,881.65,886.5,876.55,885.65,1762894
1617958800,885.55,892.3,879.1,882.05,2700975
1617961500,882.25,888.9,881.4,886.95,750817
1618199100,890.0,921.0,879.15,920.35,7306046
1618201800,920.15,928.0,911.15,922.55,4321754
1618204500,922.5,940.0,917.4,933.4,4024394
1618207200,933.15,933.75,917.45,923.9,3345314
1618209900,924.0,927.0,908.45,911.25,2748593
1618212600,910.75,921.25,910.0,914.6,1859341
1618215300,914.5,915.3,905.1,909.35,1824820
1618218000,909.65,912.0,893.6,901.85,3624749
1618220700,902.0,909.8,901.35,908.0,1054496
1618285500,921.95,932.6,893.0,897.05,4457083
1618288200,897.05,900.6,887.35,897.0,1381218
1618290900,897.0,900.0,889.0,889.85,664091
1618293600,889.95,893.15,885.0,890.1,800615
1618296300,890.1,901.7,889.6,896.4,872897
1618299000,896.4,900.6,892.05,894.75,671652
1618301700,894.7,898.0,890.65,892.65,519927
1618304400,892.85,893.2,878.3,882.4,1297498
1618307100,882.6,892.2,882.6,889.0,964225
1618458300,898.8,919.7,883.9,914.5,3476021
1618461000,914.4,919.0,907.4,916.4,1902613
1618463700,916.4,925.4,912.0,914.0,2540262
1618466400,914.35,917.0,909.8,911.7,1041900
1618469100,911.7,916.0,903.7,915.0,1294653
1618471800,914.75,915.85,909.2,912.15,718542
1618474500,911.75,914.0,907.0,909.7,600595
1618477200,910.0,915.45,908.45,915.0,1043636
1618479900,915.0,915.35,913.0,914.0,575553
1618544700,919.75,931.95,910.9,926.0,3010574
1618547400,925.0,926.0,919.8,924.9,959855
1618550100,924.95,924.95,919.1,922.05,639935
1618552800,922.3,927.0,921.0,922.5,760960
1618555500,922.5,925.85,919.55,922.25,945248
1618558200,922.25,935.65,921.5,934.15,1514689
1618560900,934.15,939.4,929.3,934.0,2484686
1618563600,934.0,944.25,932.95,938.4,2657612
1618566300,938.45,942.6,936.95,941.3,753794
1618803900,945.25,953.15,924.0,951.55,6653251
1618806600,951.85,952.0,941.2,946.1,2443811
1618809300,946.05,948.85,942.25,944.4,985096
1618812000,944.4,950.55,943.0,949.0,1424872
1618814700,948.75,955.0,946.5,948.1,1555063
1618817400,948.55,950.5,942.5,947.45,1167413
1618820100,947.5,947.5,941.3,945.5,1064861
1618822800,945.25,948.65,942.75,947.1,1431025
1618825500,947.05,951.0,943.9,950.0,1048851
1618890300,965.1,966.35,948.35,949.6,2508039
1618893000,949.5,956.0,949.5,952.75,848716
1618895700,952.9,957.3,950.4,954.0,880708
1618898400,953.6,957.0,952.6,955.2,552576
1618901100,955.2,956.0,946.3,948.8,836551
1618903800,948.85,953.65,947.0,950.7,603673
1618906500,950.75,959.8,947.25,949.4,1734116
1618909200,949.35,950.95,941.1,950.15,1378398
1618911900,950.15,952.0,947.0,951.0,821602
1619063100,958.8,963.15,952.0,956.7,2237214
1619065800,956.5,962.0,956.45,956.9,780282
1619068500,956.9,957.7,952.0,953.4,840681
1619071200,953.4,954.0,948.35,951.5,728880
1619073900,951.5,953.55,950.1,951.3,242103
1619076600,951.5,953.95,948.55,952.9,584339
1619079300,952.95,953.8,941.15,942.2,1063707
1619082000,942.55,946.85,938.85,944.75,1349956
1619084700,944.75,946.95,942.35,945.5,663348
1619149500,944.35,952.85,944.35,948.7,1162997
1619152200,948.8,949.1,932.0,932.35,955681
1619154900,932.0,936.6,927.55,931.9,1029038
1619157600,931.6,932.85,926.4,930.3,657223
1619160300,930.5,930.95,924.0,926.0,979034
1619163000,926.45,932.0,925.85,928.65,656172
1619165700,929.0,931.65,924.6,925.25,596275
1619168400,925.3,938.7,922.75,934.85,1425998
1619171100,934.8,938.0,934.5,936.4,494693
1619408700,935.6,940.0,919.0,923.25,1653616
1619411400,923.25,924.9,919.65,922.25,813644
1619414100,922.2,925.85,920.55,922.6,688598
1619416800,922.55,922.7,914.8,915.8,1106304
1619419500,915.95,916.35,909.5,910.65,1092073
1619422200,910.65,913.9,904.4,905.05,1247070
1619424900,905.0,909.75,905.0,907.25,848398
1619427600,907.15,908.85,902.15,904.35,1563298
1619430300,904.45,909.45,904.15,907.95,1224997
1619495100,913.0,913.0,903.85,907.45,1210832
1619497800,907.6,910.6,904.45,907.55,478219
1619500500,907.95,908.0,903.0,903.8,358747
1619503200,903.8,908.75,903.8,907.35,312914
1619505900,907.35,907.85,902.15,903.5,337614
1619508600,903.5,905.8,901.0,905.5,449545
1619511300,905.8,917.0,904.5,916.2,1056665
1619514000,916.2,919.5,911.4,912.8,1134434
1619516700,912.8,913.8,910.35,911.5,312976
1619581500,914.35,917.0,906.85,907.95,896135
1619584200,907.95,918.0,907.9,914.55,685298
1619586900,914.55,915.4,909.4,909.85,403769
1619589600,909.85,912.7,908.5,909.0,332893
1619592300,909.0,909.1,904.1,905.05,687404
1619595000,905.05,906.4,902.95,904.1,476019
1619597700,904.1,908.0,904.1,905.7,533959
1619600400,905.7,917.0,904.15,909.1,2658394
1619603100,909.15,909.75,905.05,907.0,571199
1619667900,911.95,913.0,904.0,909.2,1052678
1619670600,909.0,913.9,907.05,909.3,908174
1619673300,909.45,912.75,908.2,911.15,353591
1619676000,911.15,917.4,909.5,914.55,812219
1619678700,914.95,914.95,910.0,911.85,395653
1619681400,911.85,914.2,910.6,912.2,278505
1619684100,912.45,912.5,908.0,908.5,268596
1619686800,908.5,908.95,906.25,906.5,506650
1619689500,906.5,907.4,905.15,906.0,365353
1619754300,900.75,913.45,900.75,908.3,856720
1619757000,908.05,911.5,904.8,906.55,416276
1619759700,906.5,907.0,902.3,904.0,423234
1619762400,903.75,908.3,902.75,907.0,350271
1619765100,907.0,907.45,904.2,907.05,268157
1619767800,907.25,921.0,907.0,916.85,1652466
1619770500,915.95,920.7,912.0,917.55,914447
1619773200,917.55,919.5,909.1,910.75,984339
1619775900,910.75,910.8,907.2,910.0,579091
1620013500,919.1,924.4,911.3,913.95,2349764
1620016200,913.8,916.7,912.15,912.8,524838
1620018900,912.55,913.7,906.4,908.2,859202
1620021600,908.2,912.0,907.55,910.8,343123
1620024300,910.8,913.45,909.5,911.8,308080
1620027000,911.8,913.3,910.0,910.7,282296
1620029700,910.7,912.4,908.55,911.65,408002
1620032400,911.85,913.0,909.25,910.95,682082
1620035100,910.25,911.0,908.0,909.0,539959
1620099900,912.9,912.9,903.25,906.0,1049438
1620102600,905.95,907.1,895.5,896.05,916499
1620105300,896.05,896.5,887.5,891.25,1295144
1620108000,891.4,892.5,887.0,887.0,623209
1620110700,887.2,887.35,882.1,883.1,892066
1620113400,883.5,885.7,880.0,882.85,796528
1620116100,882.85,885.95,882.0,885.2,586478
1620118800,885.2,886.15,876.0,876.85,1320399
1620121500,876.85,883.15,876.55,881.15,861033
1620186300,885.0,888.0,869.0,880.0,1546959
1620189000,879.8,891.9,876.25,887.7,1246384
1620191700,887.7,896.2,881.05,883.4,1737471
1620194400,883.1,884.7,879.7,881.4,935111
1620197100,881.2,889.4,880.2,884.75,1109752
1620199800,885.1,899.0,884.8,891.9,1543143
1620202500,891.9,894.6,885.2,888.0,1006909
1620205200,888.35,890.6,886.55,888.05,887182
1620207900,888.05,891.3,887.6,891.3,467391
1620272700,907.0,916.7,895.0,904.65,7576452
1620275400,904.05,905.9,896.2,904.4,1718499
1620278100,904.25,904.4,884.8,886.45,2019244
1620280800,886.35,892.3,885.8,889.0,992071
1620283500,889.0,891.8,883.3,885.5,1087457
1620286200,885.55,886.85,880.9,885.0,1238669
1620288900,884.9,887.4,882.2,884.3,808125
1620291600,884.3,885.5,882.0,883.6,1253463
1620294300,883.6,887.4,883.0,885.5,1275084
1620359100,893.0,895.5,884.5,893.4,1257411
1620361800,893.1,895.0,889.0,890.55,609397
1620364500,890.7,892.45,888.2,890.45,304593
1620367200,890.45,891.9,887.25,889.85,341637
1620369900,889.6,890.05,877.0,885.9,1046686
1620372600,885.9,887.0,880.0,883.0,455669
1620375300,882.75,884.65,881.0,881.9,349397
1620378000,881.9,884.5,880.5,883.1,658838
1620380700,883.25,884.5,881.25,884.0,433056
1620618300,892.5,896.35,877.5,892.6,2680434
1620621000,892.3,896.0,891.25,894.75,642965
1620623700,894.9,898.5,891.05,895.5,1002648
1620626400,895.5,900.8,895.1,900.5,829280
1620629100,900.5,902.4,896.55,900.35,829462
1620631800,900.35,901.0,897.4,900.4,397310
1620634500,900.45,906.45,899.0,903.3,812930
1620637200,903.55,904.35,900.0,900.65,679274
1620639900,900.55,901.8,898.25,901.8,487935
1620704700,899.95,905.95,895.0,901.6,1601491
1620707400,901.9,902.45,896.0,896.1,507211
1620710100,896.3,897.7,889.2,891.55,699669
1620712800,891.6,894.95,888.65,892.75,651952
1620715500,892.75,895.0,890.85,891.75,344189
1620718200,892.0,893.95,888.2,889.5,536628
1620720900,889.15,893.65,888.5,892.0,407962
1620723600,892.0,893.4,889.0,891.85,710579
1620726300,891.75,892.0,889.05,891.4,383978
1620791100,889.3,896.65,884.3,895.45,1010197
1620793800,895.5,900.0,892.65,896.75,612283
1620796500,896.5,899.9,892.5,894.2,554129
1620799200,894.2,895.75,890.6,893.55,397125
1620801900,893.7,894.35,890.2,894.0,263007
1620804600,894.0,898.1,893.9,896.0,333100
1620807300,896.0,901.5,895.8,899.3,434896
1620810000,899.3,906.75,896.0,898.0,1234130
1620812700,898.05,900.9,896.0,900.0,372641
1620963900,909.0,921.0,902.4,915.3,4777069
1620966600,915.35,915.35,906.75,909.0,2691446
1620969300,908.5,914.0,906.4,912.85,1307674
1620972000,912.85,914.3,910.0,912.55,720748
1620974700,912.55,914.0,908.75,912.2,754455
1620977400,912.05,915.0,904.4,905.4,1461763
1620980100,905.3,907.05,900.8,902.75,1092945
1620982800,902.75,906.0,901.4,902.55,1368652
1620985500,902.55,906.95,902.2,904.1,835517
1621223100,895.0,905.0,870.0,876.25,7585554
1621225800,876.3,881.0,874.65,876.6,1336711
1621228500,876.6,882.9,875.75,882.3,923971
1621231200,882.3,884.0,879.0,881.4,768411
1621233900,881.35,881.9,877.0,877.85,716804
1621236600,877.75,881.5,877.6,879.9,528368
1621239300,879.9,880.0,877.0,878.3,472777
1621242000,878.3,881.15,878.25,880.5,912128
1621244700,880.5,883.6,880.1,883.6,714786
1621309500,887.0,888.35,878.45,882.6,1478444
1621312200,882.9,885.5,881.5,884.6,527697
1621314900,884.6,886.0,879.2,879.75,520269
1621317600,880.0,882.2,878.5,879.45,887966
1621320300,879.45,881.45,879.2,880.2,253285
1621323000,880.45,883.0,880.1,882.6,312031
1621325700,882.6,883.5,880.6,882.75,287668
1621328400,882.55,885.5,882.3,884.0,452096
1621331100,883.85,888.1,883.3,886.15,392712
1621395900,887.85,894.35,881.0,890.0,1242332
1621398600,890.0,897.5,889.25,894.0,1002967
1621401300,894.0,900.0,892.5,898.3,801007
1621404000,898.45,902.0,896.85,900.1,960772
1621406700,900.35,901.8,895.3,898.6,892181
1621409400,898.65,899.85,894.6,895.5,506588
1621412100,895.5,899.45,894.5,898.85,485683
1621414800,898.85,905.0,898.0,904.3,941871
1621417500,904.3,905.95,902.05,903.15,400037
1621482300,906.0,919.4,905.0,919.15,3246478
1621485000,919.4,924.0,915.15,922.35,2132216
1621487700,922.3,927.0,920.05,926.9,1736281
1621490400,927.0,927.9,920.6,921.75,1218898
1621493100,921.9,922.55,918.6,921.8,721574
1621495800,921.7,922.5,919.0,921.25,483885
1621498500,921.5,922.6,919.5,920.8,433489
1621501200,920.8,925.85,916.4,924.35,1582591
1621503900,924.4,927.3,924.0,925.5,804449
1621568700,930.0,935.0,927.0,928.8,2068323
1621571400,928.35,929.85,922.3,927.0,1057385
1621574100,927.0,928.5,923.5,925.65,493358
1621576800,925.35,925.75,922.8,924.85,446564
1621579500,924.85,927.65,924.35,927.15,428243
1621582200,927.15,928.45,925.25,925.75,352639
1621584900,925.8,927.2,924.7,927.15,479564
1621587600,927.2,929.3,924.6,928.0,910540
1621590300,928.05,928.4,925.0,926.05,475231
1621827900,931.0,945.5,928.95,940.4,2406902
1621830600,940.4,940.5,935.9,938.5,665924
1621833300,938.5,938.5,930.5,930.95,713932
1621836000,930.8,931.35,926.15,929.6,617038
1621838700,929.85,930.8,928.5,929.95,258915
1621841400,930.0,930.4,929.25,930.0,187154
1621844100,929.95,934.0,929.5,932.7,480876
1621846800,932.85,933.9,927.95,932.0,649019
1621849500,932.35,933.45,930.55,933.0,431058
1621914300,939.65,940.0,933.7,936.6,1017703
1621917000,936.5,937.2,932.25,933.65,359293
1621919700,934.0,935.0,930.4,931.0,307113
1621922400,931.05,933.25,930.0,932.7,276305
1621925100,932.65,937.95,932.05,935.4,500801
1621927800,935.4,938.0,933.7,937.55,264925
1621930500,937.7,937.7,934.5,935.3,224264
1621933200,935.85,937.7,934.5,936.55,423002
1621935900,936.75,936.75,933.05,936.0,311344
1622000700,941.0,951.95,939.05,947.3,2485914
1622003400,947.0,949.4,945.5,946.95,616470
1622006100,947.0,948.5,944.05,945.4,429738
1622008800,945.0,946.2,943.15,946.2,305164
1622011500,946.2,948.3,945.0,945.25,333369
1622014200,945.0,946.0,944.0,945.95,217157
1622016900,945.95,946.3,943.15,944.0,224193
1622019600,944.0,946.0,943.6,944.8,481681
1622022300,945.15,946.95,944.6,945.9,332571
1622087100,946.0,948.75,939.0,939.85,581176
1622089800,939.9,941.3,934.05,935.95,389251
1622092500,935.95,938.5,935.55,937.6,234307
1622095200,937.6,938.85,936.4,938.0,296437
1622097900,937.95,943.0,937.25,942.15,316411
1622100600,942.15,942.2,938.0,939.3,229223
1622103300,939.35,939.65,936.25,937.1,190472
1622106000,937.25,943.55,935.7,943.55,2205458
1622108700,943.55,947.5,939.1,944.0,1798936
1622173500,940.2,945.0,931.0,941.45,818991
1622176200,941.45,947.35,939.4,940.75,367340
1622178900,940.5,942.0,938.0,938.5,177085
1622181600,938.65,941.5,938.35,938.5,130386
1622184300,938.5,939.95,937.0,937.2,105096
1622187000,937.2,940.0,936.15,938.95,94082
1622189700,938.95,939.05,936.5,938.45,90220
1622192400,938.5,938.65,933.4,934.6,178048
1622195100,934.5,935.7,932.75,933.9,189053
1622432700,934.35,938.0,924.0,936.35,663473
1622435400,936.2,937.3,932.5,935.15,223508
1622438100,935.15,937.0,933.35,934.2,148405
1622440800,934.2,936.9,932.05,936.7,227398
1622443500,936.7,941.0,936.6,940.95,356002
1622446200,941.0,941.25,935.3,935.45,200099
1622448900,935.45,937.9,934.0,935.55,165034
1622451600,935.55,951.0,935.35,949.85,835896
1622454300,950.0,951.0,945.1,947.0,357720
1622519100,952.0,958.0,948.3,949.65,1141375
1622521800,949.65,953.8,946.0,947.95,387918
1622524500,947.3,950.5,943.55,949.5,335920
1622527200,949.15,949.7,945.45,947.45,97291
1622529900,947.45,949.0,944.5,948.55,135926
1622532600,948.9,949.0,946.8,947.3,124671
1622535300,947.15,949.0,945.4,947.95,155118
1622538000,947.7,950.35,945.55,945.55,291062
1622540700,945.55,947.55,945.0,946.5,219519
1622605500,946.45,960.5,946.45,955.9,925371
1622608200,955.65,955.8,949.2,951.15,372319
1622610900,951.45,955.5,951.15,953.75,181359
1622613600,953.75,957.0,953.5,955.0,194213
1622616300,955.0,958.55,954.6,957.7,174877
1622619000,957.7,958.0,954.15,954.45,125788
1622621700,954.45,955.95,951.85,953.45,134858
1622624400,953.45,955.9,952.7,955.1,196071
1622627100,954.9,956.0,953.0,953.3,138627
1622691900,955.0,959.7,949.0,954.2,562742
1622694600,954.5,954.5,951.2,952.6,132477
1622697300,952.95,956.7,952.4,955.4,179926
1622700000,955.4,956.0,952.3,953.6,102672
1622702700,953.6,954.0,949.05,949.7,266640
1622705400,949.7,950.1,948.0,949.0,187335
1622708100,949.0,949.45,948.1,949.0,145058
1622710800,948.95,949.0,946.0,947.2,375521
1622713500,947.3,952.0,946.9,950.0,302798
1622778300,948.0,950.5,936.5,940.0,907644
1622781000,940.0,950.35,939.4,950.0,575106
1622783700,950.0,951.5,947.25,947.8,255808
1622786400,947.85,949.5,944.15,945.0,170611
1622789100,945.0,946.05,944.05,945.4,110713
1622791800,945.3,946.2,944.5,944.85,246045
1622794500,944.85,948.0,944.35,947.85,389372
1622797200,947.9,949.7,944.5,948.3,262273
1622799900,948.3,948.5,944.5,947.45,129507
1623037500,951.75,951.75,943.25,944.7,202169
1623040200,944.75,944.75,940.85,941.55,170516
1623042900,941.9,941.9,937.55,940.05,315565
1623045600,940.3,942.0,939.0,941.0,168548
1623048300,941.0,941.1,939.0,940.05,227694
1623051000,940.5,940.6,938.5,939.0,113159
1623053700,938.75,942.85,938.4,941.6,192340
1623056400,941.6,943.0,939.0,939.8,391943
1623059100,940.0,940.0,938.1,939.0,238002
1623123900,939.8,941.15,933.35,935.6,344653
1623126600,935.6,936.95,931.85,936.15,181578
1623129300,936.0,941.5,936.0,940.0,196427
1623132000,940.0,944.4,939.15,943.0,218136
1623134700,943.0,947.0,940.3,947.0,223072
1623137400,947.0,949.0,943.0,947.0,269537
1623140100,947.0,953.6,945.5,951.3,301424
1623142800,951.2,955.0,950.3,952.9,334718
1623145500,953.35,955.0,951.65,954.0,201968
1623210300,954.8,975.0,950.2,965.95,2345211
1623213000,966.0,967.8,959.25,960.55,731780
1623215700,960.6,962.9,957.7,958.1,376936
1623218400,958.0,960.9,957.7,959.3,165993
1623221100,959.3,962.0,957.7,960.2,190239
1623223800,960.2,960.45,951.0,957.6,490323
1623226500,957.95,961.0,955.55,956.7,338239
1623229200,957.1,959.0,953.3,958.3,503800
1623231900,958.2,960.35,957.9,960.0,350678
1623296700,960.95,974.7,960.0,972.6,1402665
1623299400,972.6,974.7,968.95,972.0,780158
1623302100,972.0,972.95,970.0,972.35,231991
1623304800,972.35,975.0,970.2,971.2,449776
1623307500,971.2,975.0,970.4,972.0,362807
1623310200,972.3,973.0,971.0,971.4,156174
1623312900,971.7,973.0,971.4,972.0,206880
1623315600,972.0,975.0,971.35,974.1,737877
1623318300,974.1,975.0,974.0,974.6,421598
1623383100,975.0,982.3,971.7,978.4,1156483
1623385800,978.4,978.8,970.65,971.95,381406
1623388500,971.95,974.3,967.3,967.5,276746
1623391200,967.45,969.2,965.5,966.55,204645
1623393900,966.55,971.7,966.05,970.85,176906
1623396600,970.45,973.5,969.6,972.6,225750
1623399300,972.6,975.45,970.4,970.4,367879
1623402000,970.25,971.0,966.0,967.7,447338
1623404700,967.75,969.5,967.3,969.4,228848
1623642300,972.7,972.7,957.0,969.0,571199
1623645000,969.0,974.35,966.4,970.8,336784
1623647700,970.75,973.3,969.5,972.2,150153
1623650400,972.0,974.8,972.0,974.2,135722
1623653100,974.5,979.0,974.2,976.9,374592
1623655800,976.7,978.85,974.65,977.2,215867
1623658500,977.2,978.0,975.7,977.15,158770
1623661200,977.25,979.0,975.0,975.85,278159
1623663900,975.85,977.85,973.05,975.7,150164
1623728700,975.0,978.85,970.1,971.75,342745
1623731400,971.75,975.0,970.9,974.8,148588
1623734100,974.75,975.0,970.8,972.65,101027
1623736800,973.0,973.0,971.0,971.1,71469
1623739500,971.35,972.2,967.15,969.1,148330
1623742200,969.35,970.95,969.0,970.4,62491
1623744900,970.65,970.9,968.5,969.9,103766
1623747600,969.95,971.45,967.55,969.7,179223
1623750300,969.7,970.8,968.1,968.25,129679
1623815100,969.0,969.95,963.25,964.5,338556
1623817800,964.5,968.6,964.3,967.0,153900
1623820500,967.0,971.15,964.75,967.0,153310
1623823200,967.0,967.9,965.6,965.75,54070
1623825900,965.75,966.45,962.25,962.8,117132
1623828600,962.8,964.5,961.45,962.6,136909
1623831300,962.6,964.7,961.6,962.45,81156
1623834000,962.1,963.95,955.9,956.1,337443
1623836700,956.3,957.45,953.8,956.0,307496
1623901500,955.0,959.75,948.75,958.7,512080
1623904200,958.65,959.0,954.5,954.75,207210
1623906900,954.75,956.95,949.85,950.35,210678
1623909600,950.15,950.5,943.55,949.1,332591
1623912300,949.1,951.5,946.85,950.7,106053
1623915000,950.7,951.0,947.25,947.85,165231
1623917700,947.85,950.6,943.5,945.0,290951
1623920400,944.95,952.0,944.65,951.05,491722
1623923100,951.05,952.0,948.0,948.0,109157
1623987900,950.95,958.0,945.35,947.0,478889
1623990600,947.0,953.65,945.7,953.6,254434
1623993300,953.55,957.3,947.25,956.75,439862
1623996000,956.65,961.45,954.55,960.95,280541
1623998700,960.65,963.0,957.15,959.65,362985
1624001400,959.65,962.95,957.25,960.95,245619
1624004100,961.05,963.6,959.55,961.0,217215
1624006800,961.0,962.6,951.7,961.4,1418695
1624009500,961.45,967.65,960.5,964.7,1277136
1624247100,958.0,961.55,950.55,953.35,366151
1624249800,953.8,954.0,950.5,952.6,121428
1624252500,952.3,958.85,952.2,958.05,213679
1624255200,958.05,962.7,955.9,959.95,245832
1624257900,959.7,962.35,959.5,960.75,121628
1624260600,960.75,961.95,960.0,960.0,93410
1624263300,960.0,960.8,956.2,960.0,177788
1624266000,960.0,960.95,958.0,960.9,162115
1624268700,961.0,961.7,960.0,960.05,119034
1624333500,956.2,960.9,949.15,952.6,555702
1624336200,952.6,953.0,950.1,950.5,176269
1624338900,950.6,952.65,949.8,950.55,229963
1624341600,950.55,952.25,949.35,952.0,298005
1624344300,952.0,955.55,950.3,955.1,299433
1624347000,955.1,956.95,953.65,955.65,241165
1624349700,955.65,956.4,953.2,954.75,125591
1624352400,954.75,956.9,954.0,956.3,260970
1624355100,956.3,957.0,955.0,955.0,153806
1624419900,956.0,966.0,956.0,961.8,391280
1624422600,961.6,965.0,957.4,959.6,174818
1624425300,959.6,963.6,959.5,960.5,174287
1624428000,961.0,961.5,956.75,957.6,140474
1624430700,957.6,960.35,955.35,960.0,154757
1624433400,960.2,961.0,957.6,960.2,107687
1624436100,960.0,960.9,954.2,956.3,112974
1624438800,956.0,960.0,955.0,956.15,333470
1624441500,956.0,961.0,955.3,960.0,216614
1624506300,957.8,958.7,950.0,951.5,239012
1624509000,951.5,954.25,949.15,950.55,172717
1624511700,950.2,951.0,948.1,948.7,131626
1624514400,948.65,949.05,946.0,948.35,150161
1624517100,948.4,949.9,947.6,948.5,157027
1624519800,948.55,950.5,947.65,948.05,142759
1624522500,948.0,949.6,946.5,948.55,155148
1624525200,948.45,951.5,944.0,950.9,382006
1624527900,951.0,953.0,949.2,952.55,236766
1624592700,951.0,956.0,950.0,952.75,194323
1624595400,952.75,954.6,948.95,952.95,191853
1624598100,952.95,959.7,949.55,951.0,370283
1624600800,951.05,958.2,949.3,958.05,384282
1624603500,958.05,961.0,953.0,956.0,392316
1624606200,956.05,956.35,952.5,953.25,140129
1624608900,953.2,956.3,952.25,955.0,145350
1624611600,955.0,958.1,953.3,956.05,203401
1624614300,956.45,959.75,955.5,958.25,109797
1624851900,962.0,971.35,957.1,964.0,639553
1624854600,964.15,967.3,962.9,963.55,159003
1624857300,963.9,969.9,963.2,966.7,183408
1624860000,966.7,969.5,966.05,969.4,122447
1624862700,969.15,969.2,963.55,965.6,133888
1624865400,965.0,967.6,961.8,964.25,126764
1624868100,964.25,965.85,963.5,963.55,74362
1624870800,963.5,965.7,960.3,962.7,177401
1624873500,962.6,965.25,962.2,964.0,136068
1624938300,964.0,968.45,961.25,963.3,220877
1624941000,963.25,967.2,960.05,964.75,173190
1624943700,964.75,979.35,964.2,972.55,855463
1624946400,972.4,972.7,969.1,969.5,262929
1624949100,969.8,971.35,968.3,970.8,134348
1624951800,970.8,972.55,967.6,969.3,176447
1624954500,969.3,969.85,965.7,967.6,161805
1624957200,967.95,989.0,965.65,983.95,1635454
1624959900,984.45,984.5,974.25,979.0,670651
1625024700,992.2,997.0,981.1,982.55,2846403
1625027400,982.1,982.45,974.1,975.3,966821
1625030100,975.1,976.6,969.2,974.25,767141
1625032800,974.0,977.45,973.3,977.1,377796
1625035500,976.7,978.4,975.3,977.0,253664
1625038200,977.0,978.85,973.7,974.2,285118
1625040900,974.5,974.85,972.0,973.65,260934
1625043600,974.0,974.0,969.75,972.4,737570
1625046300,972.0,973.5,969.15,971.05,623592
1625111100,977.2,977.2,967.2,972.25,500430
1625113800,972.25,976.0,971.2,973.9,229962
1625116500,973.9,976.8,970.45,970.5,200879
1625119200,970.5,974.5,970.0,972.95,168730
1625121900,972.95,976.0,972.35,975.8,155157
1625124600,975.8,977.0,973.05,975.2,208247
1625127300,975.05,975.2,973.0,973.25,133066
1625130000,973.2,979.55,973.2,978.6,470410
1625132700,978.7,980.0,978.0,979.0,210592
1625197500,981.85,985.8,978.2,979.65,422092
1625200200,979.2,980.3,977.0,977.7,108489
1625202900,977.7,980.45,977.0,979.5,109931
1625205600,979.5,980.95,977.1,978.25,158005
1625208300,978.25,978.8,975.95,977.5,90753
1625211000,977.5,978.3,975.1,978.3,97854
1625213700,978.3,979.3,975.35,978.2,97425
1625216400,978.2,980.0,977.1,978.9,194729
1625219100,978.9,981.5,978.05,978.05,135466
1625456700,979.3,983.85,975.0,977.95,234350
1625459400,977.95,982.0,977.55,978.2,164789
1625462100,978.2,980.8,977.75,978.8,125941
1625464800,978.8,979.9,977.0,977.7,100220
1625467500,977.8,981.5,977.35,978.4,181805
1625470200,978.1,979.4,976.0,976.2,119236
1625472900,976.15,976.9,973.1,974.7,142036
1625475600,974.7,975.6,973.5,974.05,121274
1625478300,974.55,975.5,974.0,974.75,94399
1625543100,975.0,975.0,970.0,970.45,175117
1625545800,970.5,974.7,970.1,973.3,101063
1625548500,973.3,973.6,970.15,971.25,67822
1625551200,971.25,972.5,968.7,969.05,109557
1625553900,969.5,969.5,967.1,968.2,119079
1625556600,968.3,968.9,965.65,967.35,119491
1625559300,967.85,968.0,965.2,965.95,84527
1625562000,966.0,970.65,964.75,968.3,250514
1625564700,968.15,970.0,968.0,969.0,127786
1625629500,968.0,968.95,961.0,967.35,384020
1625632200,966.75,968.7,964.1,965.9,205855
1625634900,965.95,967.0,963.35,965.3,101717
1625637600,965.3,967.5,963.25,965.75,149169
1625640300,965.75,966.3,963.05,963.25,110004
1625643000,963.4,966.85,962.0,962.35,204984
1625645700,962.35,966.0,961.65,965.35,150622
1625648400,965.35,967.15,964.55,964.75,303526
1625651100,964.75,966.0,964.7,965.5,126239
1625715900,965.5,968.0,961.7,964.95,185693
1625718600,965.15,965.15,959.0,959.9,134658
1625721300,959.9,960.3,957.0,957.3,111488
1625724000,957.35,957.55,954.35,955.0,128397
1625726700,955.0,956.35,953.55,954.8,94716
1625729400,954.65,954.65,952.3,952.85,123398
1625732100,952.85,953.0,948.4,948.85,229922
1625734800,948.85,952.1,944.8,950.45,500327
1625737500,950.45,952.6,950.0,951.0,150352
1625802300,952.0,965.6,949.95,961.4,385509
1625805000,961.4,964.3,955.0,956.25,227691
1625807700,956.25,956.55,953.0,953.2,105274
1625810400,953.3,956.1,952.4,955.05,79436
1625813100,955.05,957.85,953.4,956.7,78578
1625815800,956.7,959.9,956.0,957.65,75469
1625818500,957.65,962.4,957.5,959.9,129057
1625821200,959.9,961.0,957.8,959.9,132065
1625823900,959.9,961.0,959.3,960.5,86354
1626061500,960.0,967.95,955.85,958.15,366893
1626064200,958.3,960.6,956.5,960.0,151464
1626066900,960.0,960.5,958.0,958.0,128812
1626069600,958.0,960.3,958.0,959.95,49363
1626072300,959.95,960.85,959.05,960.0,59922
1626075000,960.0,960.5,957.05,960.0,83981
1626077700,960.0,960.2,958.25,958.7,45033
1626080400,958.65,960.4,957.95,959.85,140158
1626083100,959.65,960.6,958.6,959.0,91478
1626147900,962.2,965.8,956.05,964.2,221143
1626150600,964.2,965.0,960.8,963.1,165212
1626153300,963.1,967.5,962.25,967.05,154756
1626156000,967.25,969.85,966.5,968.0,176615
1626158700,968.0,968.0,965.95,966.8,94654
1626161400,966.8,967.15,963.15,963.8,113382
1626164100,963.6,964.6,963.0,963.2,78701
1626166800,963.15,967.25,962.0,965.95,203430
1626169500,965.95,967.05,964.65,965.0,108227
1626234300,961.1,970.6,961.1,966.1,264520
1626237000,966.1,971.9,963.5,970.5,190680
1626239700,970.5,970.65,968.2,969.7,116054
1626242400,969.7,973.7,969.0,972.75,309588
1626245100,972.3,973.75,971.85,972.35,88330
1626247800,972.0,972.6,970.1,972.6,137447
1626250500,972.4,976.0,971.5,975.95,178992
1626253200,976.0,978.4,975.0,977.4,268635
1626255900,977.45,977.65,975.0,975.15,170231
1626320700,979.0,981.0,973.8,976.9,230510
1626323400,976.9,978.5,972.75,974.55,192683
1626326100,974.55,977.55,974.05,975.85,66447
1626328800,975.85,976.5,974.25,975.5,49704
1626331500,975.05,976.5,973.75,974.2,73041
1626334200,974.2,975.85,973.65,974.15,58406
1626336900,973.55,974.5,972.1,972.2,69946
1626339600,972.65,973.8,972.05,972.95,129970
1626342300,973.45,974.95,972.8,973.5,105886
1626407100,973.6,989.9,973.6,981.95,869857
1626409800,982.0,986.45,981.9,983.6,257686
1626412500,983.6,985.6,982.0,983.85,136445
1626415200,983.85,984.0,979.1,981.5,148585
1626417900,981.95,982.0,979.25,980.6,93215
1626420600,980.15,980.55,977.1,977.25,140425
1626423300,977.25,978.0,975.75,976.65,133740
1626426000,977.0,978.8,975.5,978.6,181458
1626428700,978.2,978.7,975.0,975.05,124399
1626666300,972.1,980.65,972.1,976.6,182717
1626669000,976.55,983.6,976.0,977.2,153470
1626671700,977.2,978.85,976.0,976.5,100391
1626674400,976.4,977.05,975.75,975.9,54706
1626677100,975.9,976.8,973.5,974.3,69293
1626679800,974.3,976.6,971.25,973.3,72665
1626682500,973.3,973.85,971.5,972.65,56020
1626685200,972.65,975.3,972.1,973.25,77930
1626687900,973.25,975.0,973.0,974.85,83518
1626752700,972.0,974.1,954.0,961.1,431951
1626755400,961.1,963.75,956.5,958.1,139730
1626758100,958.1,958.45,954.45,956.9,120780
1626760800,957.0,958.4,953.3,954.7,90967
1626763500,954.7,960.85,954.25,960.05,160721
1626766200,960.3,960.8,955.0,955.7,133108
1626768900,955.45,959.25,955.4,957.0,116212
1626771600,957.0,957.95,954.35,954.75,194027
1626774300,954.5,955.75,952.65,955.3,128537
1626925500,958.1,958.95,947.2,948.25,325692
1626928200,948.05,954.2,947.9,949.0,231821
1626930900,949.0,949.9,948.0,948.4,110471
1626933600,948.4,951.25,948.1,950.7,139887
1626936300,950.7,952.5,949.0,949.45,160359
1626939000,949.45,950.35,948.55,948.75,166521
1626941700,948.75,949.9,948.55,948.95,167620
1626944400,948.95,950.5,946.65,949.75,301773
1626947100,950.0,950.5,949.1,950.25,174376
1627011900,952.0,957.7,951.05,954.75,204760
1627014600,954.75,954.75,949.0,949.9,99933
1627017300,949.9,950.4,948.2,950.05,53719
1627020000,950.05,950.65,949.1,950.1,61879
1627022700,950.1,951.0,949.25,950.2,105085
1627025400,950.2,950.55,949.7,950.15,108904
1627028100,950.15,950.45,947.3,948.1,137283
1627030800,948.05,948.85,947.1,948.45,159194
1627033500,948.5,948.85,946.95,948.0,123552
1627011900,952.0,957.7,951.05,954.75,204760
1627014600,954.75,954.75,949.0,949.9,99933
1627017300,949.9,950.4,948.2,950.05,53719
1627020000,950.05,950.65,949.1,950.1,61879
1627022700,950.1,951.0,949.25,950.2,105085
1627025400,950.2,950.55,949.7,950.15,108904
1627028100,950.15,950.45,947.3,948.1,137283
1627030800,948.05,948.85,947.1,948.45,159194
1627033500,948.5,948.85,946.95,948.0,123552
1627271100,948.0,959.0,947.0,957.0,352088
1627273800,957.0,960.0,955.15,956.2,181688
1627276500,956.25,957.4,954.0,955.9,112498
1627279200,955.9,955.95,952.6,953.1,110365
1627281900,953.1,956.45,952.0,956.0,94335
1627284600,955.65,955.9,952.3,952.8,78626
1627287300,953.2,954.05,951.4,953.4,99746
1627290000,953.35,953.35,949.4,949.95,170268
1627292700,949.9,952.8,949.75,951.1,103235
1627357500,952.5,958.5,947.0,947.25,220989
1627360200,947.25,949.35,943.05,943.65,205583
1627362900,943.3,943.75,934.0,937.0,304303
1627365600,937.0,938.0,928.25,930.25,234564
1627368300,930.25,930.55,923.7,925.0,298253
1627371000,925.0,926.0,919.3,923.0,564419
1627373700,923.0,923.8,909.0,912.1,713563
1627376400,912.1,914.55,909.15,912.5,589576
1627379100,912.5,917.05,911.4,917.05,233283
1627443900,921.6,921.6,895.1,899.5,1387750
1627446600,899.55,901.8,890.05,891.4,573920
1627449300,891.25,902.05,889.1,898.2,560044
1627452000,898.2,899.9,895.0,896.85,296937
1627454700,896.4,896.7,891.55,893.55,246892
1627457400,893.5,894.95,892.0,894.6,385629
1627460100,894.6,894.9,890.0,890.0,510631
1627462800,890.2,891.0,886.65,888.65,771739
1627465500,888.65,897.2,888.05,894.0,348740
1627530300,894.35,899.95,878.5,879.25,889685
1627533000,879.25,882.4,878.65,880.5,344284
1627535700,880.5,881.0,874.35,874.75,424426
1627538400,874.65,879.75,872.0,877.05,676113
1627541100,877.45,885.5,875.1,885.35,531307
1627543800,885.35,894.0,881.75,883.25,648855
1627546500,883.25,884.4,879.3,880.4,392061
1627549200,880.25,890.9,879.05,882.7,746573
1627551900,882.5,883.9,879.6,881.0,267280
1627616700,885.1,888.95,877.75,882.3,526502
1627619400,882.3,885.0,880.25,884.0,256504
1627622100,884.0,888.85,883.2,885.35,285494
1627624800,885.35,897.5,885.0,893.55,418155
1627627500,893.5,896.85,891.8,896.05,293089
1627630200,896.0,904.0,895.05,901.4,574934
1627632900,900.8,929.9,900.25,923.5,1619259
1627635600,923.35,929.0,917.0,918.7,1827950
1627638300,918.6,922.0,915.6,920.55,472077
1627875900,928.3,933.6,913.4,921.0,1135955
1627878600,921.0,922.35,913.65,919.4,384983
1627881300,919.0,919.8,914.3,918.5,258577
1627884000,918.5,920.9,916.0,917.3,142517
1627886700,917.3,922.9,916.0,920.65,216471
1627889400,920.95,921.55,918.05,919.3,152176
1627892100,919.3,922.5,918.25,920.65,148383
1627894800,920.9,922.0,918.6,920.1,308772
1627897500,920.15,924.1,918.15,923.55,224843
1627962300,925.0,927.2,918.5,924.95,439864
1627965000,924.6,928.0,922.0,925.3,212712
1627967700,925.4,925.4,921.45,924.45,148280
1627970400,924.35,925.0,920.7,923.5,160504
1627973100,923.45,924.55,922.05,923.2,197427
1627975800,923.2,924.35,919.5,922.55,205532
1627978500,922.5,924.5,921.0,924.25,142191
1627981200,924.25,929.35,923.5,927.6,310683
1627983900,927.95,929.55,926.1,928.0,192105
1628048700,928.15,937.8,927.0,936.0,500790
1628051400,936.05,939.0,933.15,935.0,254922
1628054100,935.25,938.35,933.0,933.0,199557
1628056800,933.0,934.7,930.15,934.5,211361
1628059500,934.5,939.0,933.8,936.3,393012
1628062200,936.3,937.4,933.2,934.75,155873
1628064900,934.8,936.85,933.3,936.0,118980
1628067600,936.0,942.5,934.0,938.85,505506
1628070300,938.85,940.4,937.65,939.7,173325
1628135100,944.2,946.45,932.0,939.5,739887
1628137800,939.5,948.5,938.0,946.0,805374
1628140500,946.0,946.2,940.6,945.05,288989
1628143200,945.3,948.5,944.75,947.1,280270
1628145900,947.05,949.9,945.3,948.05,313378
1628148600,948.45,953.0,945.45,947.9,450444
1628151300,948.25,948.35,939.65,944.2,460303
1628154000,944.2,946.75,942.5,945.5,448161
1628156700,945.65,946.45,943.75,945.4,234994
1628221500,939.0,939.0,916.0,921.25,4226554
1628224200,921.0,924.4,917.0,918.8,712620
1628226900,918.8,918.95,913.0,916.55,869903
1628229600,916.6,916.9,912.1,916.0,587653
1628232300,916.0,916.7,912.85,913.4,382860
1628235000,913.4,915.85,911.05,914.7,622814
1628237700,914.65,915.25,911.3,913.05,522940
1628240400,913.3,914.4,909.0,909.15,899506
1628243100,909.15,914.35,909.15,912.0,757996
1628480700,912.1,916.05,897.4,905.85,951925
1628483400,905.9,914.6,905.8,913.05,509072
1628486100,913.1,918.0,911.5,915.55,329865
1628488800,915.2,919.5,914.5,918.5,257074
1628491500,918.5,918.5,914.2,915.95,155265
1628494200,915.7,916.0,907.0,910.7,252060
1628496900,910.85,919.0,909.5,917.9,312060
1628499600,918.05,920.0,913.25,919.15,339179
1628502300,919.1,919.65,915.8,918.0,189577
1628567100,920.0,921.0,913.55,913.55,346487
1628569800,913.55,917.3,912.25,915.0,175851
1628572500,914.6,919.5,914.6,918.4,182893
1628575200,918.15,922.8,918.0,921.75,251121
1628577900,921.75,923.8,915.35,915.7,350771
1628580600,915.7,920.0,914.65,915.05,316036
1628583300,915.0,917.4,905.0,910.0,505874
1628586000,910.0,913.9,908.5,912.4,235469
1628588700,912.45,914.1,910.75,913.45,183966
1628653500,912.9,914.0,900.1,901.95,444782
1628656200,901.95,901.95,891.05,894.5,383941
1628658900,894.5,904.4,894.4,903.55,304090
1628661600,903.85,905.0,902.0,904.8,203157
1628664300,904.65,908.8,904.65,906.9,187172
1628667000,906.8,910.75,906.5,908.7,158867
1628669700,908.7,910.0,906.5,907.0,166474
1628672400,907.05,910.75,906.05,909.7,196298
1628675100,909.6,911.9,908.0,908.5,125769
1628739900,912.0,915.45,905.85,911.0,382600
1628742600,911.0,916.2,908.05,913.85,308743
1628745300,913.75,914.35,909.1,911.45,201398
1628748000,911.45,915.5,911.3,914.25,269776
1628750700,914.5,915.7,908.9,909.6,218116
1628753400,909.6,911.5,908.95,910.1,159070
1628756100,910.2,910.8,906.2,907.1,169607
1628758800,907.1,907.5,904.55,905.1,288917
1628761500,905.15,906.0,903.7,904.4,125568
1628826300,906.0,910.95,894.15,898.3,639566
1628829000,898.55,905.0,898.2,904.15,254249
1628831700,904.0,907.4,900.15,900.35,506009
1628834400,900.45,904.5,897.3,903.65,456189
1628837100,903.65,903.65,898.1,898.2,143174
1628839800,898.55,899.9,896.5,896.5,166499
1628842500,896.85,900.0,896.5,898.5,146222
1628845200,898.6,898.7,894.2,894.7,345858
1628847900,894.7,894.95,892.35,894.45,258099
1629085500,896.0,901.1,886.45,887.85,567126
1629088200,887.85,891.45,886.05,889.55,441905
1629090900,888.85,893.5,888.85,891.8,142268
1629093600,891.8,893.0,890.0,892.0,68841
1629096300,891.75,895.35,891.0,895.0,122414
1629099000,894.65,897.0,892.05,897.0,99066
1629101700,897.0,897.0,891.05,891.75,135638
1629104400,891.8,893.75,887.5,888.6,213133
1629107100,888.6,889.8,887.0,888.5,158619
1629171900,891.0,906.3,889.9,903.75,827981
1629174600,904.0,904.5,893.4,893.85,419025
1629177300,893.85,895.5,890.6,892.5,468205
1629180000,892.6,896.05,890.35,895.9,232150
1629182700,895.9,899.4,894.25,895.9,317629
1629185400,896.25,901.9,895.25,901.45,320132
1629188100,901.65,903.0,898.65,902.0,332520
1629190800,902.25,905.4,900.0,905.0,543050
1629193500,905.0,905.8,902.6,903.0,304331
1629258300,900.2,908.15,900.0,903.9,436741
1629261000,903.9,906.15,901.35,904.0,243819
1629263700,904.0,907.9,900.5,905.0,364857
1629266400,905.0,905.9,901.35,904.05,320500
1629269100,904.05,906.45,904.0,905.5,143316
1629271800,905.5,908.0,904.7,905.05,159289
1629274500,904.95,908.0,904.75,905.35,164066
1629277200,905.25,910.7,904.75,909.6,315182
1629279900,909.6,909.85,906.1,908.9,169423
1629431100,908.9,909.05,901.1,904.9,322588
1629433800,904.8,907.0,898.3,900.0,305255
1629436500,900.15,900.9,892.85,897.1,412576
1629439200,897.45,897.45,889.9,893.75,566600
1629441900,893.75,894.3,891.15,894.0,104298
1629444600,893.75,894.1,889.3,889.95,143022
1629447300,889.95,891.95,887.0,890.0,133141
1629450000,890.0,893.75,889.0,890.6,200378
1629452700,890.7,891.5,888.25,890.0,154980
1629690300,898.0,908.0,893.05,900.3,475650
1629693000,900.6,901.7,890.1,892.85,257083
1629695700,892.85,897.55,888.65,896.95,252927
1629698400,896.95,899.95,891.1,897.9,168224
1629701100,897.9,899.5,897.0,897.45,110915
1629703800,897.45,904.15,897.0,903.9,252235
1629706500,903.9,904.65,900.1,901.75,283544
1629709200,901.75,902.0,898.0,898.8,182030
1629711900,898.35,898.9,896.9,897.0,94677
1629776700,903.0,909.8,899.7,905.05,413160
1629779400,905.05,905.8,900.25,900.85,184858
1629782100,900.85,904.2,897.65,903.1,201761
1629784800,903.6,905.35,901.25,904.85,141054
1629787500,904.85,908.35,902.5,906.4,367206
1629790200,906.65,916.55,905.0,915.25,560674
1629792900,915.5,918.5,914.05,917.0,272212
1629795600,917.25,919.45,916.9,917.3,255257
1629798300,917.3,919.55,914.7,916.95,184263
1629863100,917.0,923.6,911.1,912.0,364678
1629865800,912.0,914.85,909.6,911.4,122956
1629868500,911.3,912.1,910.0,911.45,88670
1629871200,911.9,911.95,905.95,909.7,147117
1629873900,909.6,913.0,909.0,910.3,122713
1629876600,910.3,915.0,910.05,914.5,225521
1629879300,914.35,915.7,912.0,912.8,213957
1629882000,912.75,915.1,911.9,912.0,289661
1629884700,912.0,912.5,910.0,910.1,118596
1629949500,912.6,916.75,908.15,914.7,268825
1629952200,914.65,914.85,909.15,910.3,106168
1629954900,910.05,910.95,906.3,908.7,130029
1629957600,908.7,911.75,907.0,911.4,107959
1629960300,911.4,913.0,910.2,910.85,142758
1629963000,910.85,914.45,910.1,913.05,147280
1629965700,913.05,913.6,909.95,910.05,159061
1629968400,910.05,912.65,908.0,910.45,258408
1629971100,910.9,914.65,909.9,910.0,199394
1630035900,913.8,919.0,907.5,918.45,310550
1630038600,918.45,922.8,917.3,920.5,282601
1630041300,920.5,923.5,916.1,922.5,252668
1630044000,922.2,924.7,921.5,923.35,205314
1630046700,923.3,924.9,922.6,924.3,118406
1630049400,924.3,924.75,919.35,922.0,184630
1630052100,922.0,922.0,919.15,920.0,71561
1630054800,919.9,925.25,919.5,924.2,251256
1630057500,924.5,925.45,919.65,922.0,200444
1630295100,924.0,929.0,920.45,926.3,362606
1630297800,926.7,930.0,925.4,928.05,165372
1630300500,928.05,928.65,925.3,927.35,128749
1630303200,927.35,934.9,927.05,934.4,277093
1630305900,934.4,936.5,933.4,935.5,221288
1630308600,935.5,936.2,934.6,935.1,176367
1630311300,935.0,935.95,934.55,935.05,143703
1630314000,935.05,935.9,932.25,934.75,406354
1630316700,934.75,935.5,931.75,933.0,131364
1630381500,935.0,938.0,930.3,935.6,324247
1630384200,935.6,936.95,932.25,933.25,112288
1630386900,933.25,940.4,932.0,939.0,213201
1630389600,939.45,941.7,937.9,940.25,224951
1630392300,940.25,942.5,940.0,942.3,133920
1630395000,942.3,942.3,938.35,942.0,203991
1630397700,942.0,944.0,940.75,941.4,189723
1630400400,941.4,948.9,941.0,948.25,625433
1630403100,948.45,949.7,947.45,949.0,432533
1630467900,949.0,949.5,942.0,943.5,256652
1630470600,943.15,948.0,941.1,947.6,169829
1630473300,947.6,954.85,947.6,954.35,329612
1630476000,954.7,954.9,947.0,950.65,395250
1630478700,950.65,951.6,934.5,936.75,759511
1630481400,936.75,936.9,928.0,928.35,498022
1630484100,928.75,929.65,922.25,926.3,897843
1630486800,926.35,928.7,920.75,921.1,860733
1630489500,921.2,924.85,920.0,921.0,261487
1630554300,927.0,946.0,923.4,943.9,877310
1630557000,944.0,945.6,935.0,937.0,485345
1630559700,937.05,945.8,935.25,943.1,352347
1630562400,943.05,945.45,941.25,944.8,314328
1630565100,944.8,953.0,944.4,950.0,495616
1630567800,950.0,950.3,945.75,948.35,229781
1630570500,948.35,950.9,948.0,950.15,190627
1630573200,950.3,957.15,949.35,956.5,375281
1630575900,957.05,960.0,954.55,954.8,359904
1630640700,956.1,963.0,943.8,957.1,665211
1630643400,957.05,959.65,952.8,954.05,182002
1630646100,953.5,955.9,950.0,951.8,136182
1630648800,951.9,955.3,951.0,954.7,140500
1630651500,955.0,955.5,951.7,952.0,118549
1630654200,951.8,952.5,939.0,939.6,290220
1630656900,939.3,942.15,930.65,939.75,971716
1630659600,939.75,942.8,937.0,942.0,383735
1630662300,942.45,943.0,938.0,941.0,217806
1630899900,945.85,948.75,942.65,945.9,212036
1630902600,945.9,954.0,944.0,954.0,289721
1630905300,954.6,958.0,953.1,955.5,350728
1630908000,955.5,957.0,951.55,954.95,181922
1630910700,954.95,955.75,952.7,955.25,96903
1630913400,955.25,956.95,951.4,954.25,124627
1630916100,954.25,955.0,951.6,954.0,67040
1630918800,954.3,955.85,947.4,950.65,243444
1630921500,950.65,951.95,947.35,950.55,120938
1630986300,950.2,953.55,944.05,951.25,257954
1630989000,951.25,953.5,945.0,952.5,135253
1630991700,952.5,957.3,950.15,952.2,163163
1630994400,952.0,953.6,948.0,952.85,86767
1630997100,952.85,952.9,950.0,951.6,46939
1630999800,951.6,952.05,950.0,950.5,46064
1631002500,950.5,954.0,949.2,952.8,73832
1631005200,953.4,953.4,948.5,950.05,216363
1631007900,950.05,952.3,950.0,950.5,84033
1631072700,948.0,948.05,942.0,945.9,201538
1631075400,945.75,946.4,940.0,945.5,195274
1631078100,945.5,946.45,943.0,945.3,77531
1631080800,945.3,952.0,945.0,950.15,151313
1631083500,950.15,950.75,947.0,948.15,262945
1631086200,948.15,951.95,947.15,948.1,169003
1631088900,948.1,950.5,947.0,950.05,153787
1631091600,950.05,952.55,949.4,951.6,219919
1631094300,951.5,953.15,950.0,953.15,165974
1631159100,951.15,951.15,926.0,944.75,2316204
1631161800,944.5,945.7,942.4,944.45,94856
1631164500,944.05,945.9,943.0,945.2,154980
1631167200,945.0,946.3,944.45,946.0,108200
1631169900,946.0,946.45,944.8,945.15,121597
1631172600,945.15,948.4,945.0,947.05,97083
1631175300,947.05,947.75,946.15,947.05,191577
1631178000,947.05,949.4,942.0,948.95,437119
1631180700,949.0,952.1,948.1,950.75,243680
1631504700,946.0,953.9,942.55,949.9,183580
1631507400,949.9,950.2,946.45,949.2,58017
1631510100,949.2,950.0,948.75,949.85,38167
1631512800,949.85,952.0,949.1,950.05,152959
1631515500,950.5,952.25,949.3,950.55,74535
1631518200,950.85,951.5,949.8,950.0,39479
1631520900,950.0,951.6,949.8,950.65,44977
1631523600,950.7,951.1,949.9,950.35,176071
1631526300,950.35,951.2,950.0,950.9,93674
1631591100,954.8,958.35,951.35,952.2,294448
1631593800,952.4,953.8,949.6,952.7,139240
1631596500,952.25,954.7,951.45,953.35,121309
1631599200,953.35,954.9,952.95,953.6,98958
1631601900,953.25,954.4,952.0,952.9,107753
1631604600,952.9,953.7,950.3,950.75,86580
1631607300,950.75,951.8,950.0,951.0,135680
1631610000,950.85,955.0,950.2,952.4,251405
1631612700,952.4,953.95,951.6,951.6,135044
1631677500,955.0,956.6,950.45,952.0,229519
1631680200,951.85,953.0,950.1,951.1,148934
1631682900,951.1,951.25,949.25,949.65,128661
1631685600,949.65,951.35,949.5,950.8,140579
1631688300,950.85,952.15,949.65,949.8,163336
1631691000,949.8,950.8,948.3,950.0,194390
1631693700,950.0,952.65,949.75,950.35,853002
1631696400,950.35,953.7,949.85,952.95,393694
1631699100,953.0,955.4,953.0,953.1,255658
1631763900,954.5,964.3,954.0,960.9,1330108
1631766600,960.9,964.8,955.1,959.95,736846
1631769300,960.0,960.0,956.65,957.9,128811
1631772000,957.85,960.0,957.15,958.75,118427
1631774700,958.7,959.85,955.4,955.5,149644
1631777400,955.5,958.7,952.5,958.45,372943
1631780100,958.45,958.55,950.75,951.95,199941
1631782800,951.8,955.95,951.0,954.95,357536
1631785500,954.95,955.9,950.2,954.0,173392
1631850300,960.0,962.5,952.1,957.8,327930
1631853000,957.85,960.9,954.0,960.45,160470
1631855700,960.45,961.55,958.75,960.95,130823
1631858400,960.75,961.0,949.65,950.55,284230
1631861100,950.55,953.75,948.05,951.0,130903
1631863800,951.0,956.1,950.15,956.05,102056
1631866500,956.05,956.9,950.25,951.3,99730
1631869200,951.05,956.55,949.0,956.4,457564
1631871900,956.35,956.4,951.9,953.8,310504
1632109500,953.0,953.0,942.3,947.1,179422
1632112200,947.0,949.2,944.3,947.25,214042
1632114900,947.2,948.3,946.35,947.35,68187
1632117600,947.4,947.7,932.35,933.2,355803
1632120300,933.2,938.7,929.8,937.05,328841
1632123000,937.05,938.7,935.35,936.45,180507
1632125700,936.45,939.9,935.45,939.05,341979
1632128400,939.0,940.8,935.7,939.3,527235
1632131100,939.3,939.3,933.75,934.5,109204
1632195900,935.0,948.0,933.0,940.85,273482
1632198600,940.85,945.1,937.35,944.45,466097
1632201300,944.45,955.9,944.45,955.75,369607
1632204000,955.35,959.0,952.1,955.95,380630
1632206700,955.45,958.5,952.5,953.5,316107
1632209400,953.5,957.8,951.3,955.2,155228
1632212100,955.5,958.55,953.05,954.9,165071
1632214800,954.8,957.5,954.3,955.1,162592
1632217500,955.45,958.0,955.0,955.0,145355
1632282300,952.25,967.45,951.65,966.8,383209
1632285000,966.95,966.95,961.8,965.0,171965
1632287700,965.0,965.65,960.0,964.25,349841
1632290400,964.2,967.9,964.1,966.1,177771
1632293100,966.5,967.8,963.5,967.3,151030
1632295800,967.3,967.5,964.3,966.0,104927
1632298500,966.0,974.25,965.95,967.7,504489
1632301200,967.7,968.6,961.7,962.7,267488
1632303900,962.65,965.25,962.4,964.65,154319
1632368700,965.45,968.85,963.0,965.1,125777
1632371400,965.1,967.3,959.5,963.2,131697
1632374100,963.2,964.7,961.35,963.0,151121
1632376800,963.1,964.05,959.75,959.95,109432
1632379500,959.95,963.6,959.85,963.0,97197
1632382200,963.0,965.0,962.05,964.05,87860
1632384900,964.05,968.0,963.7,966.1,161959
1632387600,966.15,969.5,964.8,968.35,293367
1632390300,968.4,970.0,968.0,969.1,135860
1632455100,969.6,976.65,968.2,973.65,314475
1632457800,973.6,979.85,972.0,978.85,178660
1632460500,979.0,983.4,968.0,968.85,389571
1632463200,969.1,969.95,963.0,967.7,194901
1632465900,968.1,968.8,962.55,964.0,192034
1632468600,964.0,964.7,960.45,963.4,98695
1632471300,963.4,967.2,963.0,966.0,109969
1632474000,966.2,968.5,965.0,968.45,197748
1632476700,968.45,972.0,967.7,972.0,125014
1632714300,965.0,970.05,952.3,955.8,175891
1632717000,955.8,956.85,955.0,955.4,64517
1632719700,955.4,962.85,955.0,960.65,96458
1632722400,961.0,962.95,960.0,960.0,105965
1632725100,960.05,960.9,956.4,960.15,226572
1632727800,960.0,962.6,957.05,960.45,167312
1632730500,960.05,961.9,959.9,960.05,102836
1632733200,960.05,964.95,959.6,963.65,187485
1632735900,963.65,964.75,960.25,961.1,86892
1632800700,960.5,961.8,950.8,953.5,179232
1632803400,953.5,957.2,952.1,955.05,88849
1632806100,955.0,966.05,954.95,964.8,184253
1632808800,964.75,965.0,956.5,958.05,167084
1632811500,958.05,958.3,952.3,954.4,183720
1632814200,954.35,959.8,953.75,958.0,100614
1632816900,958.05,959.7,955.5,957.1,143129
1632819600,957.05,970.2,956.35,969.55,302165
1632822300,969.5,977.0,969.35,977.0,191045
1632887100,970.5,981.0,966.6,972.45,547421
1632889800,972.0,977.5,965.15,977.5,241792
1632892500,977.5,982.35,976.0,979.5,288047
1632895200,979.5,989.95,979.0,989.3,523007
1632897900,989.55,1005.0,988.0,1000.1,1171167
1632900600,1000.1,1004.9,992.0,992.75,475381
1632903300,992.5,994.5,988.1,990.3,270052
1632906000,990.25,993.0,983.5,986.3,294956
1632908700,986.3,991.6,985.6,991.0,236796
1632973500,988.0,991.0,977.0,981.5,317538
1632976200,981.5,988.0,978.0,987.3,209486
1632978900,987.15,999.75,987.0,991.0,476985
1632981600,991.0,993.0,985.6,986.5,175935
1632984300,986.5,989.15,982.4,984.75,173380
1632987000,985.0,986.3,981.5,982.85,134735
1632989700,982.9,985.0,979.4,979.95,180584
1632992400,980.05,984.95,976.35,983.4,345809
1632995100,983.4,986.6,977.8,982.8,289083
1633059900,980.0,984.65,973.1,977.25,332192
1633062600,977.45,987.5,975.5,987.35,250630
1633065300,987.35,989.4,980.7,984.0,399463
1633068000,983.55,987.3,981.5,986.75,164178
1633070700,986.75,987.3,983.0,986.85,97861
1633073400,986.85,991.9,985.0,986.15,170050
1633076100,985.5,985.8,978.3,979.15,137740
1633078800,979.0,990.0,978.05,985.95,210684
1633081500,986.5,987.5,982.9,984.05,181517
1633319100,986.0,996.95,982.45,991.0,463694
1633321800,990.5,991.25,985.35,991.15,267496
1633324500,991.15,992.6,976.6,976.9,466700
1633327200,976.9,978.9,972.0,972.35,752767
1633329900,972.35,977.9,970.85,973.2,370792
1633332600,973.2,973.75,966.0,967.75,337174
1633335300,967.7,967.85,958.55,958.8,743057
1633338000,959.2,960.0,958.1,958.45,318573
1633340700,958.8,959.0,954.9,956.9,371558
1633405500,961.8,961.9,934.0,934.45,1467786
1633408200,934.15,935.1,930.1,932.3,711276
1633410900,932.1,934.9,928.45,934.05,723359
1633413600,934.2,938.0,933.7,936.4,545728
1633416300,936.8,938.0,936.0,937.1,257143
1633419000,937.1,938.0,937.0,938.0,190732
1633421700,937.8,938.25,933.3,933.7,292403
1633424400,933.7,937.2,933.3,934.05,437714
1633427100,934.05,935.0,932.7,934.5,350484
1633491900,935.55,938.55,930.1,933.75,378191
1633494600,933.5,933.75,926.1,927.4,254840
1633497300,927.4,933.5,926.15,931.8,312515
1633500000,931.2,932.05,928.35,931.0,284928
1633502700,931.0,932.45,925.1,925.95,180674
1633505400,925.85,928.15,922.5,923.2,294394
1633508100,923.0,924.5,916.4,918.85,337136
1633510800,918.85,919.0,913.0,914.4,366572
1633513500,914.35,914.35,911.15,913.8,199628
1633578300,920.0,922.25,909.0,909.9,389043
1633581000,910.2,910.95,906.1,907.0,492429
1633583700,907.0,907.05,902.9,903.95,559660
1633586400,904.0,904.0,898.0,899.9,1242353
1633589100,899.9,903.4,898.6,901.95,1161597
1633591800,901.95,914.7,901.3,913.6,2116134
1633594500,913.85,919.9,912.85,917.7,526245
1633597200,918.15,919.05,914.35,916.8,322566
1633599900,916.75,917.0,914.9,915.8,191729
1633664700,923.0,928.3,916.55,927.5,638583
1633667400,927.5,929.45,920.25,920.25,394600
1633670100,920.25,921.6,917.0,917.25,171054
1633672800,917.25,921.9,916.0,916.65,181339
1633675500,916.65,916.65,911.65,913.95,167292
1633678200,913.95,914.45,912.0,912.5,117271
1633680900,912.35,915.45,912.25,913.95,83999
1633683600,914.2,917.9,913.25,917.0,197957
1633686300,917.0,917.95,915.6,916.95,119493
1633923900,922.8,923.15,916.15,919.05,204576
1633926600,919.05,920.6,918.0,918.95,59621
1633929300,919.5,920.4,918.1,919.0,85843
1633932000,918.75,921.65,918.6,921.35,88542
1633934700,921.4,921.85,919.55,920.85,77747
1633937400,920.75,921.5,917.0,917.5,99948
1633940100,917.5,917.95,910.0,911.0,499938
1633942800,911.0,915.05,910.7,913.9,205489
1633945500,913.85,914.8,912.35,914.3,124382
1634010300,913.5,924.7,912.3,919.45,300650
1634013000,919.1,920.5,914.15,916.45,137012
1634015700,916.3,916.4,913.4,914.45,84948
1634018400,914.45,914.45,907.85,909.55,139173
1634021100,909.4,912.5,909.2,911.4,59468
1634023800,911.25,912.2,909.2,909.55,66474
1634026500,909.6,914.35,909.5,912.55,109133
1634029200,912.55,916.5,912.5,915.5,168328
1634031900,915.5,917.3,914.9,916.45,96941
1634096700,921.65,924.45,916.2,917.7,259815
1634099400,917.7,918.1,912.1,914.5,181231
1634102100,914.5,918.4,914.45,915.55,160218
1634104800,915.55,916.5,913.05,915.8,115922
1634107500,915.8,919.0,914.45,919.0,124480
1634110200,919.0,919.65,917.4,918.8,126477
1634112900,918.8,919.4,913.5,915.5,424410
1634115600,915.3,915.75,912.05,912.95,328050
1634118300,912.7,914.45,912.7,913.15,94771
1634183100,917.45,920.5,915.15,919.35,168874
1634185800,919.4,919.6,915.0,916.15,81903
1634188500,916.2,917.5,913.25,915.65,121566
1634191200,915.65,918.0,913.6,916.8,87758
1634193900,917.05,917.3,914.85,915.4,53504
1634196600,915.25,916.4,913.5,914.5,71342
1634199300,914.5,914.7,912.5,913.4,64454
1634202000,913.4,914.8,909.9,911.8,165403
1634204700,911.95,912.95,911.0,912.95,94564
1634528700,911.35,915.9,903.35,905.4,454034
1634531400,905.4,906.95,902.95,903.6,223588
1634534100,903.5,906.0,903.5,904.7,129565
1634536800,904.7,905.0,900.8,902.0,211923
1634539500,902.0,904.5,901.55,903.75,120421
1634542200,903.75,905.6,902.6,904.25,139077
1634544900,904.25,904.7,899.5,901.75,256053
1634547600,901.75,904.55,901.25,903.6,209444
1634550300,903.6,905.05,902.3,903.0,159255
1634615100,906.0,917.3,905.0,910.0,378777
1634617800,910.0,910.95,903.25,906.35,264665
1634620500,906.35,908.7,905.6,907.0,105221
1634623200,907.0,912.5,906.3,911.7,169910
1634625900,911.7,913.4,908.9,909.0,96203
1634628600,909.1,910.0,907.05,908.25,64651
1634631300,908.25,910.0,905.8,909.55,91255
1634634000,909.55,910.55,905.1,906.4,119220
1634636700,906.4,906.85,905.05,906.0,65826
1634701500,905.0,912.05,900.0,906.7,509547
1634704200,907.15,910.4,906.05,908.35,123962
1634706900,908.35,912.7,905.0,912.1,130720
1634709600,912.45,912.45,901.15,903.55,219366
1634712300,903.55,908.0,901.05,906.05,196288
1634715000,906.05,908.7,902.65,905.05,181056
1634717700,905.1,907.95,903.1,904.55,207076
1634720400,904.35,907.95,903.9,905.45,232730
1634723100,905.5,906.9,902.5,905.3,137548
1634787900,914.45,917.9,906.0,915.55,644914
1634790600,915.6,915.8,906.75,908.55,508963
1634793300,908.55,910.8,903.05,904.25,294875
1634796000,904.4,906.45,901.6,905.75,212492
1634798700,905.75,906.5,902.5,905.55,187001
1634801400,905.65,906.7,903.05,904.6,152401
1634804100,905.0,909.25,904.7,908.55,191547
1634806800,908.75,912.0,908.55,910.85,334784
1634809500,910.85,913.8,910.0,912.8,186611
1634874300,911.55,915.0,908.25,909.45,158370
1634877000,909.5,913.9,906.35,907.9,101624
1634879700,907.95,908.45,903.2,904.1,66152
1634882400,904.1,905.25,896.4,897.45,118948
1634885100,897.3,901.7,895.0,896.0,212556
1634887800,896.0,898.45,889.35,896.45,250504
1634890500,896.45,899.25,891.05,893.3,128649
1634893200,893.65,898.5,890.95,896.95,208736
1634895900,897.0,897.0,894.8,895.8,111739
1635133500,895.9,904.9,890.0,896.0,490385
1635136200,895.55,910.0,895.25,909.6,299418
1635138900,909.85,913.0,908.0,908.25,326949
1635141600,908.25,910.0,905.45,907.15,137963
1635144300,907.15,910.7,906.55,908.95,99809
1635147000,909.25,909.4,906.3,908.5,90593
1635149700,908.75,909.0,904.0,905.0,136373
1635152400,905.0,906.05,900.0,900.9,188920
1635155100,901.3,903.0,900.0,902.45,127060
1635219900,908.9,914.15,900.0,904.3,327411
1635222600,904.3,909.2,903.6,905.9,142322
1635225300,905.9,908.35,904.05,904.45,115541
1635228000,904.45,907.85,903.7,907.4,98541
1635230700,907.4,907.65,902.75,903.0,78229
1635233400,903.1,906.55,902.3,904.95,96836
1635236100,904.95,907.0,903.3,905.6,114944
1635238800,905.6,911.0,905.0,907.25,276070
1635241500,907.3,909.85,906.0,906.0,152112
1635306300,916.95,924.5,902.45,913.85,1787891
1635309000,913.85,922.5,911.4,920.9,727495
1635311700,921.35,922.5,914.65,915.55,318040
1635314400,915.6,918.8,914.0,917.15,170524
1635317100,917.6,922.8,917.0,922.6,289621
1635319800,922.75,926.9,921.65,923.95,685751
1635322500,924.05,926.45,919.1,921.4,341860
1635325200,921.1,925.25,918.4,923.4,520465
1635327900,923.0,923.9,919.3,921.2,240377
1635392700,922.4,928.55,913.35,914.4,386544
1635395400,914.3,917.5,911.9,913.6,166711
1635398100,913.95,917.5,913.2,915.35,89987
1635400800,915.35,915.35,910.1,910.7,100972
1635403500,910.7,911.0,905.0,905.65,208987
1635406200,905.9,907.85,902.5,903.75,384557
1635408900,903.7,904.85,896.25,898.6,329792
1635411600,898.6,900.7,891.1,891.55,380373
1635414300,891.55,891.95,886.3,890.0,171073
1635479100,893.0,902.0,885.25,899.85,647457
1635481800,899.7,904.8,892.65,902.8,309225
1635484500,902.8,909.0,900.1,908.5,209559
1635487200,908.2,909.0,905.4,906.45,201175
1635489900,906.7,910.0,905.55,907.2,132240
1635492600,907.2,914.8,905.3,912.45,246539
1635495300,912.85,917.0,911.1,913.5,279755
1635498000,913.5,915.3,902.2,905.15,499071
1635500700,905.15,910.0,902.65,910.0,256296
1635738300,917.0,918.55,902.2,907.1,324469
1635741000,907.5,912.2,904.4,911.45,172644
1635743700,911.45,913.4,908.0,911.85,86376
1635746400,911.85,912.5,906.85,908.0,83136
1635749100,908.0,911.9,905.5,910.05,60607
1635751800,909.7,912.0,909.0,911.05,42818
1635754500,911.1,912.5,909.35,910.8,46991
1635757200,910.8,911.95,908.05,910.05,94683
1635759900,910.05,910.25,908.0,908.95,70951
1635824700,910.0,912.85,903.1,904.85,162292
1635827400,904.85,907.2,900.5,906.85,150612
1635830100,906.85,907.8,905.75,906.5,53137
1635832800,906.5,907.3,902.3,902.7,109531
1635835500,902.9,904.35,901.5,902.3,72349
1635838200,902.15,908.45,901.1,905.9,88266
1635840900,905.9,908.0,903.4,906.3,89823
1635843600,906.3,907.2,901.4,902.35,202311
1635846300,902.35,904.8,901.15,902.5,107861
1635911100,909.55,909.55,903.7,906.3,282003
1635913800,906.05,909.45,905.75,908.75,122938
1635916500,908.75,912.45,908.75,911.1,127098
1635919200,911.2,911.85,907.9,908.95,109548
1635921900,908.95,909.6,906.6,908.75,63348
1635924600,908.75,909.9,906.15,907.5,75940
1635927300,907.5,909.05,906.1,906.45,81428
1635930000,906.25,914.7,906.25,911.75,262781
1635932700,911.75,913.3,911.15,912.1,145602
1636029900,912.65,914.25,910.0,910.95,66309
1636032600,910.8,912.0,908.85,911.0,28226
1636343100,917.95,917.95,898.7,903.55,240513
1636345800,903.55,904.8,901.5,903.1,56790
1636348500,903.1,903.85,900.8,903.6,53998
1636351200,903.75,908.9,903.35,907.95,85588
1636353900,908.25,909.9,906.0,909.0,51903
1636356600,909.0,914.4,908.7,913.95,76288
1636359300,914.4,914.4,911.3,912.8,64364
1636362000,912.75,915.0,911.7,914.15,117343
1636364700,914.2,915.0,910.0,912.1,106433
1636429500,913.0,925.0,911.35,919.5,319915
1636432200,919.5,922.0,916.4,916.85,75329
1636434900,916.85,917.35,912.4,914.6,85626
1636437600,914.5,916.0,914.0,914.55,42731
1636440300,914.55,916.2,913.2,915.6,39154
1636443000,915.6,916.0,911.4,913.9,39131
1636445700,913.9,914.35,911.0,913.1,48507
1636448400,913.1,913.95,909.65,913.35,91680
1636451100,913.25,915.95,913.0,914.0,99903
1636515900,910.0,922.5,910.0,920.15,343161
1636518600,919.9,924.5,919.9,922.05,246597
1636521300,922.05,923.75,918.0,918.15,162272
1636524000,918.15,919.4,916.15,917.25,102746
1636526700,917.25,918.6,912.05,913.1,133961
1636529400,913.05,915.6,912.7,915.05,114217
1636532100,915.1,918.7,914.65,918.05,159607
1636534800,918.05,919.0,911.0,911.55,211314
1636537500,912.0,913.4,911.0,913.0,121449
1636602300,912.45,912.45,902.3,903.8,192000
1636605000,903.5,904.1,898.15,899.85,178063
1636607700,899.8,900.9,896.0,897.3,161787
1636610400,897.3,899.95,897.1,899.15,96629
1636613100,899.15,903.0,898.4,902.35,128425
1636615800,902.35,905.85,902.0,905.0,102395
1636618500,905.0,905.55,902.35,903.75,124173
1636621200,904.1,905.85,902.0,905.0,129226
1636623900,905.05,906.0,905.0,906.0,65556
1636688700,910.8,911.8,905.0,910.55,202158
1636691400,910.6,911.0,908.15,909.3,85363
1636694100,909.05,909.5,907.0,907.8,72480
1636696800,907.8,910.4,907.5,910.0,72973
1636699500,910.3,910.5,909.15,909.6,61079
1636702200,909.4,912.65,908.6,912.25,87454
1636704900,912.3,916.0,911.35,914.75,139932
1636707600,914.75,916.6,914.15,916.05,123365
1636710300,916.15,917.0,914.35,915.0,89143
1636947900,915.0,926.95,910.1,924.65,339513
1636950600,924.95,931.6,924.65,930.75,464740
1636953300,930.0,932.7,927.5,927.6,293225
1636956000,927.6,930.0,926.0,928.95,118455
1636958700,928.95,932.0,926.8,931.2,152110
1636961400,931.2,934.0,930.9,931.85,219848
1636964100,931.85,938.0,931.0,936.7,381973
1636966800,936.95,938.8,935.55,938.6,361449
1636969500,938.6,939.85,936.1,936.5,280758
1637034300,943.15,943.9,927.4,929.1,738881
1637037000,929.0,932.95,928.0,932.75,161944
1637039700,932.75,934.6,930.6,932.8,137729
1637042400,932.8,934.5,930.6,933.95,86825
1637045100,933.9,934.5,933.0,933.4,62896
1637047800,933.4,934.0,928.2,929.2,105270
1637050500,929.2,929.2,921.9,921.9,227742
1637053200,921.85,924.95,920.15,921.85,213115
1637055900,921.6,923.0,919.0,923.0,174418
1637120700,921.75,921.75,906.6,909.35,338561
1637123400,909.05,915.0,908.1,914.45,127488
1637126100,914.7,914.95,911.0,914.0,103272
1637128800,913.9,914.35,909.0,910.55,84034
1637131500,910.55,911.3,904.9,906.3,144734
1637134200,906.5,908.45,906.0,906.95,81351
1637136900,906.75,909.35,904.1,907.0,278087
1637139600,907.2,910.9,902.05,906.1,535752
1637142300,906.0,906.15,901.0,902.5,299300
1637207100,905.3,907.0,894.0,897.75,291240
1637209800,897.75,898.1,894.25,894.9,114278
1637212500,894.9,895.0,892.0,894.05,113915
1637215200,894.05,895.0,893.0,894.15,39343
1637217900,894.15,898.35,894.0,896.95,70973
1637220600,896.95,897.55,895.7,896.8,46788
1637223300,896.9,898.0,895.45,895.45,65108
1637226000,896.05,896.05,891.4,891.8,144186
1637228700,891.75,893.0,891.0,892.4,120927
1637552700,893.0,909.0,890.65,903.7,416975
1637555400,903.7,905.7,899.35,902.5,126876
1637558100,902.5,902.7,896.5,898.25,112765
1637560800,898.25,899.2,887.0,888.95,154256
1637563500,888.95,890.1,883.0,884.95,162847
1637566200,885.0,892.3,884.5,890.5,155168
1637568900,890.6,895.95,888.65,889.3,112993
1637571600,889.0,896.85,887.65,895.25,117876
1637574300,895.15,896.95,892.0,894.45,80017
1637639100,891.7,899.8,890.0,895.4,300450
1637641800,895.45,904.2,895.0,902.65,190622
1637644500,902.45,905.0,898.0,903.7,175252
1637647200,903.8,906.5,902.4,906.05,121996
1637649900,906.0,907.8,905.0,906.0,108452
1637652600,906.0,908.65,905.0,905.7,86419
1637655300,905.7,918.55,905.0,911.95,543706
1637658000,912.0,913.8,908.15,909.0,190811
1637660700,909.4,911.9,907.0,907.0,100403
1637725500,911.0,915.4,908.15,908.75,150400
1637728200,908.7,908.8,904.1,905.0,115449
1637730900,905.0,907.5,904.0,905.25,62442
1637733600,905.25,905.35,901.0,901.7,94391
1637736300,901.7,901.7,897.0,898.45,413231
1637739000,898.65,901.0,898.15,899.4,72330
1637741700,899.5,900.0,897.55,898.25,141500
1637744400,898.15,898.3,892.5,893.1,254792
1637747100,893.1,893.65,891.35,893.0,85617
1637811900,894.0,898.0,884.2,884.85,283564
1637814600,884.7,891.8,884.0,891.0,168094
1637817300,891.3,897.4,890.25,897.0,121372
1637820000,897.0,901.75,895.5,900.9,122268
1637822700,900.9,901.35,894.15,894.4,127099
1637825400,894.55,899.75,893.75,898.85,59622
1637828100,898.8,899.4,893.85,897.5,102724
1637830800,897.35,902.25,894.0,900.55,243722
1637833500,900.75,902.45,898.0,902.45,91308
1637898300,892.0,946.0,890.65,941.05,2551205
1637901000,941.0,957.45,940.15,948.5,2561496
1637903700,948.45,966.65,943.6,962.8,2320569
1637906400,962.8,965.8,958.05,965.0,1241038
1637909100,965.0,976.05,963.95,975.7,1626644
1637911800,975.7,976.0,963.4,969.25,1362330
1637914500,969.25,971.0,961.1,962.9,1091142
1637917200,963.0,969.75,961.6,964.85,1019367
1637919900,964.7,972.25,962.35,962.95,680560
1638157500,974.0,998.0,956.0,973.2,3650143
1638160200,973.3,979.85,960.35,978.0,979042
1638162900,977.6,987.1,967.5,970.8,1039786
1638165600,971.3,975.0,969.1,973.45,324535
1638168300,973.3,974.0,961.05,961.4,491295
1638171000,961.2,970.95,958.35,968.5,516328
1638173700,968.8,972.0,964.0,964.05,393617
1638176400,964.0,968.75,961.5,965.0,505260
1638179100,964.85,968.2,961.05,962.0,382039
1638243900,965.0,972.25,958.6,966.6,628776
1638246600,966.75,969.3,962.0,962.2,291895
1638249300,962.05,979.1,959.0,976.6,605203
1638252000,975.7,984.0,968.0,980.2,774839
1638254700,979.9,982.95,973.5,975.85,368472
1638257400,975.7,977.9,973.0,976.75,182614
1638260100,976.75,977.4,974.0,976.0,171745
1638262800,975.9,978.2,967.8,970.15,1052643
1638265500,970.1,976.0,968.15,973.2,687434
1638330300,980.75,986.7,966.35,968.95,854237
1638333000,968.95,969.9,963.9,967.75,244912
1638335700,968.0,969.5,964.3,966.45,141660
1638338400,966.45,969.3,965.35,965.55,92867
1638341100,965.4,965.9,958.8,958.9,229007
1638343800,959.45,961.95,947.6,948.15,430769
1638346500,948.15,950.75,942.15,943.35,458234
1638349200,943.25,943.5,921.85,931.1,1115517
1638351900,931.45,931.45,926.0,928.35,306497
1638416700,937.95,937.95,923.6,930.05,800251
1638419400,929.95,931.25,917.5,922.7,462979
1638422100,923.45,929.7,922.0,924.65,383307
1638424800,924.65,925.4,920.65,922.3,161483
1638427500,922.3,923.05,918.1,919.05,189948
1638430200,919.4,924.5,918.95,923.4,207687
1638432900,923.15,924.75,921.0,923.35,149927
1638435600,923.25,923.6,920.0,922.5,223314
1638438300,922.65,923.5,920.0,920.8,158454
1638503100,930.0,930.0,912.0,912.35,672003
1638505800,912.3,913.9,908.3,911.6,337201
1638508500,911.6,912.0,910.0,911.0,138958
1638511200,910.95,915.0,910.95,913.05,216309
1638513900,913.1,914.2,911.0,913.0,171704
1638516600,913.35,915.4,912.25,913.0,221510
1638519300,913.0,914.25,911.5,912.2,140245
1638522000,912.55,917.45,911.4,911.95,301604
1638524700,911.9,915.0,910.0,912.1,170005
1638762300,915.1,915.8,902.2,902.65,328626
1638765000,902.65,906.95,902.2,905.85,120848
1638767700,905.85,906.85,902.0,902.4,96847
1638770400,902.4,903.9,900.1,902.45,119086
1638773100,902.4,902.45,900.1,901.4,68627
1638775800,901.4,902.0,898.0,898.15,120935
1638778500,898.15,899.55,895.0,897.55,167951
1638781200,897.65,900.45,893.45,893.95,282986
1638783900,893.95,896.4,892.5,894.3,263599
1638848700,898.3,898.3,884.0,889.9,544976
1638851400,889.6,892.95,887.0,890.4,291421
1638854100,890.4,893.75,887.45,888.5,229373
1638856800,888.8,890.0,886.8,887.85,180606
1638859500,887.8,890.7,887.1,889.0,178205
1638862200,889.0,890.4,888.0,889.9,151107
1638864900,889.9,893.3,889.75,890.75,237675
1638867600,890.75,891.9,888.0,889.1,400407
1638870300,888.8,890.3,888.5,889.9,255174
1638935100,895.0,895.95,890.3,893.2,291453
1638937800,893.2,902.0,892.3,899.0,238137
1638940500,899.15,900.3,895.15,896.85,172933
1638943200,897.05,898.0,894.25,895.8,100433
1638945900,895.8,895.8,891.45,893.5,171659
1638948600,893.6,896.5,892.0,895.35,129368
1638951300,895.35,895.45,893.0,893.35,118442
1638954000,893.35,899.95,893.35,897.25,308482
1638956700,897.4,898.9,897.0,898.9,126935
1639021500,900.0,902.0,895.05,895.15,363598
1639024200,895.1,895.1,890.55,891.75,286930
1639026900,891.5,892.0,890.05,891.1,122309
1639029600,891.1,894.0,890.15,892.55,146010
1639032300,892.55,893.95,891.35,892.55,101815
1639035000,892.55,893.25,890.55,890.85,103592
1639037700,890.85,895.7,890.8,892.4,167476
1639040400,892.2,895.0,891.8,893.95,185689
1639043100,894.0,895.5,893.5,894.5,165954
1639107900,895.0,901.0,893.3,898.05,304519
1639110600,898.0,898.7,895.35,895.6,79429
1639113300,895.6,897.6,894.1,897.5,70276
1639116000,897.5,899.5,896.0,896.7,77913
1639118700,896.7,896.7,892.8,893.5,62014
1639121400,893.5,894.55,891.0,893.65,67838
1639124100,893.65,894.95,893.0,893.5,47306
1639126800,893.3,895.5,893.0,894.7,108556
1639129500,894.9,895.0,892.5,893.3,128533
1639367100,895.2,903.0,895.0,903.0,256971
1639369800,903.0,903.0,897.0,898.35,151670
1639372500,898.15,898.15,895.5,896.2,90588
1639375200,896.3,896.8,892.3,893.95,444906
1639377900,893.95,894.7,887.6,888.2,288933
1639380600,888.0,890.3,886.55,889.6,110921
1639383300,889.4,890.25,886.9,889.8,131938
1639386000,889.8,892.85,888.35,891.9,188608
1639388700,892.0,893.4,890.05,890.8,117257
1639453500,893.5,907.85,891.5,897.45,1170014
1639456200,897.45,902.0,896.5,899.75,250499
1639458900,899.8,902.0,898.0,901.75,167149
1639461600,901.9,901.95,895.4,896.2,147750
1639464300,896.1,897.7,894.0,895.55,123943
1639467000,895.75,897.85,894.7,896.35,73383
1639469700,896.35,896.6,891.1,891.3,193440
1639472400,891.25,896.85,891.0,895.8,333674
1639475100,895.8,896.5,894.1,896.2,186858
1639539900,896.2,901.85,896.2,898.75,473038
1639542600,898.75,899.35,895.0,895.9,115259
1639545300,895.9,898.2,895.0,897.7,89420
1639548000,897.85,898.5,895.05,896.25,53157
1639550700,896.25,896.55,891.7,894.5,84433
1639553400,894.5,897.8,894.0,896.7,73425
1639556100,896.7,896.75,894.2,895.6,48292
1639558800,895.6,897.35,894.65,896.55,107031
1639561500,896.6,896.7,894.15,895.0,144110
1639626300,903.5,903.5,890.2,891.5,404404
1639629000,891.55,892.65,885.2,890.65,350935
1639631700,890.7,894.45,890.7,892.65,175627
1639634400,893.05,893.05,886.0,886.25,182864
1639637100,886.1,887.1,878.25,881.85,327940
1639639800,881.85,882.75,879.3,882.15,131639
1639642500,882.15,884.05,881.9,883.0,151435
1639645200,883.0,883.65,880.5,880.9,234559
1639647900,880.9,882.5,879.2,882.0,310922
1639712700,882.0,884.5,861.0,862.55,574744
1639715400,862.2,865.4,857.0,857.05,362164
1639718100,856.95,859.5,850.0,858.8,445442
1639720800,858.8,860.8,855.1,859.85,182761
1639723500,859.7,863.9,859.25,863.3,180207
1639726200,863.5,865.05,861.45,863.0,131338
1639728900,863.3,864.5,859.65,859.85,145802
1639731600,859.9,860.35,856.35,860.0,434689
1639734300,860.0,862.2,855.15,856.0,357328
1639971900,864.0,888.0,861.1,879.15,2823595
1639974600,879.45,885.0,878.4,882.35,763273
1639977300,882.7,883.25,879.0,879.65,518388
1639980000,879.65,884.5,876.1,882.0,660244
1639982700,882.2,883.4,879.0,880.65,462329
1639985400,880.85,886.0,880.0,883.7,628171
1639988100,883.8,885.85,881.2,884.5,447284
1639990800,884.6,895.9,883.25,892.45,1127218
1639993500,892.95,898.45,890.05,892.45,643254
1640058300,893.8,897.4,886.1,890.5,579896
1640061000,890.5,892.5,889.6,889.9,231547
1640063700,889.9,890.5,884.5,889.0,341466
1640066400,889.0,892.5,888.65,891.6,175601
1640069100,891.35,891.65,888.15,888.95,115121
1640071800,889.0,890.0,887.15,888.0,154051
1640074500,888.0,889.5,884.0,885.55,176973
1640077200,885.1,888.0,882.05,887.2,218576
1640079900,887.2,889.5,885.15,889.0,297363
1640144700,889.0,893.0,880.95,883.25,295524
1640147400,883.25,885.15,881.0,884.6,138722
1640150100,884.5,886.5,883.65,886.0,112513
1640152800,886.0,887.65,884.9,887.0,134431
1640155500,887.0,890.0,886.75,889.3,122280
1640158200,889.3,890.5,887.1,890.05,95813
1640160900,890.05,893.85,887.25,891.35,115461
1640163600,891.35,892.0,889.4,890.7,143559
1640166300,890.8,890.8,888.15,888.9,111277
1640231100,892.0,899.05,891.25,895.65,202563
1640233800,895.65,904.2,892.5,901.05,228892
1640236500,901.05,906.8,900.25,905.3,346695
1640239200,905.3,907.75,903.05,903.9,207559
1640241900,903.9,906.75,903.0,905.6,163575
1640244600,905.6,905.95,904.0,904.3,85520
1640247300,904.3,911.6,903.2,908.05,397690
1640250000,908.05,909.95,907.0,909.4,160471
1640252700,909.5,912.5,907.1,908.45,175616
1640317500,910.2,912.9,904.05,907.05,288985
1640320200,907.05,907.4,901.8,904.7,93801
1640322900,904.3,907.8,903.35,907.8,73554
1640325600,907.8,909.9,905.6,908.6,91212
1640328300,908.6,908.75,905.7,906.8,53271
1640331000,906.8,907.15,904.1,905.8,47330
1640333700,905.35,906.75,904.95,905.95,54401
1640336400,905.65,910.05,902.4,909.65,176370
1640339100,909.5,910.05,907.0,910.0,231312
1640576700,912.9,927.0,910.15,920.2,1553088
1640579400,920.1,922.95,916.6,919.0,402428
1640582100,919.0,919.8,916.0,919.25,204235
1640584800,919.25,924.0,919.0,922.6,322176
1640587500,922.6,923.0,919.0,921.3,216600
1640590200,921.3,925.35,920.0,924.8,359718
1640592900,925.1,928.65,924.25,925.8,356168
1640595600,925.8,930.0,925.15,929.65,736584
1640598300,929.7,933.15,926.65,928.4,441777
1640663100,932.0,933.75,923.05,931.85,325921
1640665800,931.85,936.3,929.65,931.0,340464
1640668500,930.5,934.3,930.35,931.1,322923
1640671200,931.1,932.0,928.8,931.2,101824
1640673900,931.05,933.0,927.4,932.0,253049
1640676600,931.95,932.75,928.95,930.25,121355
1640679300,930.3,933.9,930.0,932.6,133263
1640682000,932.65,934.6,929.25,933.65,190736
1640684700,933.65,934.0,931.6,931.9,113513
1640749500,938.0,947.6,935.25,941.55,1156471
1640752200,941.8,944.3,939.3,942.1,238051
1640754900,942.4,945.0,941.1,943.25,163711
1640757600,943.2,945.9,942.4,943.9,151246
1640760300,943.9,943.95,941.6,942.4,82772
1640763000,942.4,942.8,939.35,942.0,165782
1640765700,942.3,942.45,933.7,935.2,228182
1640768400,935.2,939.25,933.9,936.4,257906
1640771100,936.5,936.5,933.25,934.2,237567
1640835900,937.0,942.45,936.1,940.5,269900
1640838600,940.5,944.3,940.4,942.9,165586
1640841300,942.9,945.8,942.5,943.0,116873
1640844000,943.65,945.65,942.5,944.75,100591
1640846700,945.1,948.0,943.65,947.0,118150
1640849400,947.0,953.0,945.6,949.05,266578
1640852100,949.05,949.85,946.5,948.0,94788
1640854800,948.0,954.4,947.0,953.35,375834
1640857500,953.4,955.0,949.75,952.8,217316
1640922300,955.0,957.25,948.0,952.35,258184
1640925000,952.35,954.55,948.55,950.95,273176
1640927700,950.95,952.0,947.3,948.0,265967
1640930400,947.9,949.0,945.0,945.15,163902
1640933100,945.5,948.5,944.0,944.9,226638
1640935800,944.05,945.0,943.2,943.6,139557
1640938500,943.7,946.3,942.35,944.45,187549
1640941200,945.0,946.0,942.0,943.6,223799
1640943900,943.6,945.75,942.85,944.05,295922
1641181500,947.05,947.9,930.0,932.8,535079
1641184200,932.8,934.0,928.15,929.3,228578
1641186900,929.45,931.0,926.7,928.9,200884
1641189600,928.75,931.0,928.75,929.55,106235
1641192300,929.55,930.45,928.05,928.8,100932
1641195000,928.95,931.6,925.8,931.25,208053
1641197700,931.25,931.5,929.15,930.95,160258
1641200400,930.95,931.2,928.6,930.05,241570
1641203100,930.05,932.0,929.1,931.75,225934
1641267900,937.45,937.45,922.2,922.7,353759
1641270600,922.9,925.2,922.25,923.5,137907
1641273300,923.8,926.75,923.05,925.6,105259
1641276000,925.6,925.75,922.0,922.15,100446
1641278700,922.15,923.6,920.25,923.2,98485
1641281400,923.2,925.7,922.5,924.0,95474
1641284100,924.0,925.0,922.8,923.3,71523
1641286800,923.3,925.75,922.55,924.0,152726
1641289500,924.0,925.0,923.45,925.0,117252
1641354300,926.5,931.55,919.0,923.75,404319
1641357000,923.85,930.5,923.0,930.4,213875
1641359700,930.4,931.8,927.8,927.9,144643
1641362400,927.8,928.6,925.9,927.45,90570
1641365100,927.45,928.45,926.0,927.9,77087
1641367800,927.9,928.45,923.5,926.25,106841
1641370500,926.25,927.15,924.6,925.9,101837
1641373200,925.9,929.7,925.7,928.85,177143
1641375900,928.9,929.35,927.5,928.1,87541
1641440700,928.55,935.95,921.55,924.15,496844
1641443400,924.35,925.5,922.95,925.05,98409
1641446100,924.95,928.0,923.6,926.15,103374
1641448800,926.35,926.35,920.3,922.55,140321
1641451500,922.55,922.7,919.3,921.5,97823
1641454200,921.5,923.55,920.45,922.9,80556
1641456900,922.95,923.65,921.25,923.5,99208
1641459600,923.05,924.75,921.5,921.5,138123
1641462300,921.65,922.2,920.0,921.4,125849
1641527100,926.4,926.65,915.5,918.7,325989
1641529800,918.85,920.0,917.35,917.5,110613
1641532500,917.8,919.6,916.05,918.85,131768
1641535200,918.85,920.8,918.65,919.8,160818
1641537900,919.8,919.95,916.5,918.9,82212
1641540600,918.85,919.5,916.95,917.7,66815
1641543300,917.65,917.95,913.35,914.7,159251
1641546000,914.7,915.95,914.55,914.8,222027
1641548700,914.8,917.0,914.3,915.9,282793
1641786300,914.75,916.6,908.65,915.15,331653
1641789000,915.15,915.5,912.5,914.45,126126
1641791700,914.45,914.75,912.5,913.8,93644
1641794400,913.8,917.55,913.8,915.5,197490
1641797100,915.5,917.1,913.8,916.3,140811
1641799800,916.4,917.85,912.7,914.95,138607
1641802500,914.95,917.45,913.15,917.4,141959
1641805200,917.1,917.7,915.0,917.15,208486
1641807900,917.1,917.2,915.2,916.0,253806
1641872700,917.5,921.75,913.0,918.9,375030
1641875400,918.95,920.9,916.3,920.5,154580
1641878100,920.5,921.45,918.5,919.4,213962
1641880800,919.95,920.2,917.1,917.6,100827
1641883500,917.15,917.55,915.4,916.55,88143
1641886200,916.55,918.35,916.0,918.0,131216
1641888900,918.0,918.0,914.0,915.5,113279
1641891600,915.45,917.95,913.2,916.65,233504
1641894300,916.65,916.65,913.85,914.0,165783
1641959100,918.4,918.4,905.2,910.7,452350
1641961800,910.7,910.85,905.5,907.4,237062
1641964500,907.35,907.4,904.2,905.5,196270
1641967200,905.65,905.7,901.2,902.5,240105
1641969900,902.5,907.45,902.3,906.05,263255
1641972600,906.25,909.5,906.0,907.95,218299
1641975300,907.95,908.0,906.1,906.4,96718
1641978000,906.4,907.45,904.0,905.8,222372
1641980700,905.7,907.4,904.85,907.2,161576
1642045500,912.0,920.4,908.7,920.0,449145
1642048200,919.95,925.4,915.8,923.7,770887
1642050900,923.7,929.15,923.05,924.25,481509
1642053600,924.25,924.8,922.55,924.0,142060
1642056300,923.7,924.0,922.6,923.95,96562
1642059000,924.0,924.0,920.1,920.8,184735
1642061700,920.4,921.5,920.0,920.1,151994
1642064400,920.25,924.8,919.4,924.5,295854
1642067100,924.4,925.0,922.75,924.95,161573
1642131900,926.05,933.0,922.7,925.8,1045303
1642134600,926.2,926.75,920.05,922.0,294635
1642137300,922.0,924.2,920.3,920.85,114883
1642140000,920.85,921.35,916.3,918.95,153231
1642142700,918.95,921.2,917.1,920.8,143650
1642145400,920.8,922.0,919.45,920.95,107737
1642148100,920.95,924.0,920.8,923.75,113778
1642150800,923.65,924.0,920.4,920.4,175876
1642153500,920.5,922.0,920.05,920.95,168013
1642391100,915.6,920.2,909.05,910.65,233259
1642393800,910.9,912.5,910.1,911.5,81117
1642396500,911.5,915.3,911.05,912.5,95914
1642399200,912.5,915.4,911.7,915.05,95063
1642401900,915.3,917.9,912.6,913.85,133468
1642404600,913.55,914.0,912.2,912.8,50433
1642407300,912.8,913.65,912.05,913.3,33566
1642410000,913.3,913.5,909.65,909.65,141699
1642412700,909.7,910.8,909.0,909.85,192062
1642477500,910.2,914.6,901.0,901.2,317296
1642480200,901.15,903.6,898.45,899.9,167552
1642482900,899.75,901.95,899.15,901.55,65493
1642485600,901.25,904.1,900.0,903.4,87824
1642488300,903.5,905.0,900.75,902.75,175726
1642491000,902.8,903.35,899.75,899.75,690014
1642493700,899.75,902.0,899.1,900.7,69780
1642496400,900.7,903.05,900.0,901.8,159266
1642499100,901.85,902.95,901.0,901.6,94471
1642563900,900.05,901.6,885.1,892.95,353027
1642566600,892.95,897.75,892.15,896.7,148812
1642569300,896.7,898.45,894.25,895.8,106850
1642572000,895.75,898.7,894.75,895.2,401372
1642574700,895.45,895.75,893.3,893.55,43787
1642577400,893.75,894.0,891.2,892.1,52163
1642580100,892.1,897.25,891.5,896.45,54309
1642582800,896.45,897.4,894.05,895.25,137969
1642585500,895.25,897.0,894.6,895.0,113059
1642650300,895.0,899.9,885.1,889.65,302976
1642653000,889.3,889.65,887.0,888.5,138016
1642655700,888.45,888.9,883.6,884.2,155948
1642658400,884.2,885.75,883.5,884.9,106531
1642661100,884.8,889.0,884.6,887.2,212461
1642663800,887.2,887.2,883.0,884.65,116727
1642666500,884.55,887.2,883.0,886.0,121333
1642669200,886.0,886.45,880.05,882.15,287055
1642671900,882.15,883.8,881.4,883.5,168919
1642736700,880.0,880.0,866.4,873.4,316192
1642739400,873.4,875.8,867.7,868.65,186235
1642742100,869.05,872.0,863.0,866.55,239315
1642744800,866.55,867.8,864.1,866.1,67849
1642747500,866.1,870.0,865.4,867.2,127077
1642750200,867.3,869.0,865.4,866.0,95489
1642752900,865.55,868.05,862.0,863.6,139182
1642755600,863.55,868.45,860.0,867.8,242966
1642758300,868.1,869.6,866.55,867.7,248766
1642995900,871.5,887.0,867.45,883.15,881712
1642998600,883.25,891.0,882.3,888.8,676241
1643001300,888.8,890.5,886.3,888.5,363897
1643004000,888.45,892.5,887.25,888.15,365457
1643006700,888.5,889.8,885.45,887.5,376737
1643009400,887.6,888.7,881.0,883.0,408549
1643012100,883.0,891.4,877.65,887.85,785144
1643014800,887.75,895.0,885.0,894.8,799238
1643017500,895.0,895.0,891.5,892.0,324349
1643082300,891.4,898.0,881.1,891.65,502527
1643085000,891.25,896.5,889.3,894.1,405479
1643087700,894.5,902.9,892.5,901.8,229580
1643090400,901.65,905.0,898.0,900.35,251760
1643093100,900.45,902.7,897.7,898.75,154491
1643095800,898.3,900.0,895.0,896.55,125532
1643098500,896.55,902.0,893.8,901.1,189175
1643101200,901.1,909.0,899.0,907.95,282815
1643103900,907.85,908.6,900.7,901.75,173829
1643255100,901.0,923.95,887.0,914.65,2197795
1643257800,914.55,919.5,904.5,918.5,914199
1643260500,919.0,922.0,911.2,913.4,620477
1643263200,913.7,922.0,910.55,919.3,748097
1643265900,919.45,927.45,919.15,927.0,1246392
1643268600,926.95,927.0,920.2,921.2,597843
1643271300,921.5,924.0,920.0,923.45,396619
1643274000,923.5,928.0,920.0,927.95,731833
1643276700,927.85,931.5,926.25,926.55,385840
1643341500,926.55,939.0,917.45,937.15,561604
1643344200,937.15,940.4,932.45,934.05,257074
1643346900,934.05,940.0,933.65,939.45,176175
1643349600,939.8,940.4,934.5,935.45,217157
1643352300,935.75,942.0,934.5,939.5,289306
1643355000,939.8,941.95,936.8,937.25,221308
1643357700,937.0,939.25,933.1,934.0,295435
1643360400,934.0,938.0,929.25,930.7,247302
1643363100,930.75,933.6,929.9,930.6,157039
1643600700,939.0,948.4,930.65,947.5,520821
1643603400,947.85,949.6,944.2,946.2,306177
1643606100,946.5,950.0,945.0,947.95,177778
1643608800,947.95,949.7,944.25,945.05,151319
1643611500,945.05,946.1,943.35,945.0,149610
1643614200,945.0,949.0,943.65,948.7,140287
1643616900,948.8,948.95,945.15,945.15,105248
1643619600,945.2,948.45,944.05,945.05,269805
1643622300,944.65,945.5,944.45,945.0,183158
1643687100,948.0,959.0,948.0,955.3,528325
1643689800,955.3,958.5,954.0,956.05,219967
1643692500,956.4,957.3,952.15,953.15,162330
1643695200,953.55,954.6,950.05,952.0,120849
1643697900,952.2,953.0,947.2,951.7,208090
1643700600,951.9,951.9,938.8,945.8,181433
1643703300,945.8,946.0,942.05,942.9,102842
1643706000,943.05,950.0,942.95,948.15,290347
1643708700,948.2,948.6,942.6,944.0,214414
1643773500,945.5,958.5,944.75,951.9,338523
1643776200,951.9,952.0,946.5,948.0,188512
1643778900,948.0,950.5,946.4,948.0,117758
1643781600,948.45,951.45,946.15,950.8,218148
1643784300,951.0,954.0,950.15,952.8,165216
1643787000,953.15,953.25,949.4,951.6,95115
1643789700,951.9,953.95,950.2,950.7,172486
1643792400,950.7,953.2,950.2,951.0,327341
1643795100,951.2,952.75,950.0,950.1,110363
1643859900,953.0,957.0,944.55,954.95,276535
1643862600,955.0,955.6,950.3,951.35,230063
1643865300,951.35,953.0,947.7,950.4,124691
1643868000,950.25,950.4,948.1,949.25,62273
1643870700,949.15,955.0,948.5,953.6,92832
1643873400,953.95,954.65,950.2,950.85,69163
1643876100,950.5,953.75,950.0,950.65,67649
1643878800,950.65,955.0,950.6,952.45,130025
1643881500,952.4,953.0,949.3,950.2,60571
1643946300,951.25,957.75,948.0,950.45,205207
1643949000,949.7,949.85,943.05,944.5,186276
1643951700,944.5,947.85,942.35,945.65,125940
1643954400,945.65,946.5,943.1,943.4,174158
1643957100,943.65,944.25,940.0,942.75,181578
1643959800,942.7,946.3,941.6,945.7,152107
1643962500,946.0,949.4,945.15,948.65,119269
1643965200,948.45,948.6,945.55,946.1,140007
1643967900,946.05,946.45,945.3,946.45,142370
1644205500,946.2,947.0,930.45,932.45,272178
1644208200,932.5,938.95,931.5,934.35,106532
1644210900,934.35,936.0,932.2,934.1,63333
1644213600,934.45,934.6,927.05,929.4,132942
1644216300,929.1,935.0,928.65,933.15,38504
1644219000,933.15,934.95,930.0,930.4,58161
1644221700,930.4,932.8,929.3,931.05,63044
1644224400,931.05,933.2,929.0,933.2,111491
1644227100,933.15,935.85,930.25,930.25,98038
1644291900,933.3,947.05,931.1,945.7,286905
1644294600,945.7,949.85,940.05,942.1,337048
1644297300,942.05,945.0,934.9,944.25,263503
1644300000,944.25,946.5,942.2,943.9,122733
1644302700,943.9,947.45,943.1,945.0,139647
1644305400,945.1,945.1,937.0,942.45,183170
1644308100,942.6,945.45,941.45,943.85,113990
1644310800,943.85,949.55,942.05,949.55,215642
1644313500,948.9,951.0,947.05,950.2,148220
1644291900,933.3,947.05,931.1,945.7,286905
1644294600,945.7,949.85,940.05,942.1,337048
1644297300,942.05,945.0,934.9,944.25,263503
1644300000,944.25,946.5,942.2,943.9,122733
1644302700,943.9,947.45,943.1,945.0,139647
1644305400,945.1,945.1,937.0,942.45,183170
1644308100,942.6,945.45,941.45,943.85,113990
1644310800,943.85,949.55,942.05,949.55,215642
1644313500,948.9,951.0,947.05,950.2,148220
1644378300,954.8,969.9,950.25,960.45,548050
1644381000,960.45,965.95,958.3,964.95,284380
1644383700,965.0,966.0,960.15,962.0,206732
1644386400,962.0,965.45,960.0,964.9,151494
1644389100,964.9,967.0,963.65,966.15,142694
1644391800,966.15,966.8,962.05,965.85,244918
1644394500,965.8,969.9,965.2,969.05,304064
1644397200,969.2,972.5,966.8,968.0,421666
1644399900,968.0,970.65,966.2,967.0,205284
1644464700,969.0,972.3,963.0,970.7,303674
1644467400,971.0,977.35,970.35,971.95,495848
1644470100,971.75,974.9,970.55,974.0,324574
1644472800,974.0,975.0,972.0,972.8,123680
1644475500,972.65,974.85,972.0,974.2,147943
1644478200,974.2,974.5,972.0,974.35,96200
1644480900,974.35,975.5,973.4,974.95,135108
1644483600,975.0,976.85,973.0,975.9,269430
1644486300,975.9,976.65,972.75,973.45,145060
1644551100,956.5,976.05,955.65,963.25,269291
1644553800,963.25,964.85,960.5,963.0,179163
1644556500,963.0,963.5,957.05,958.0,44878
1644559200,958.0,960.55,955.05,958.45,109499
1644561900,958.35,959.85,953.75,954.65,92775
1644564600,954.65,956.8,953.0,956.5,134367
1644567300,956.75,956.9,953.4,955.65,124628
1644570000,955.65,960.4,955.1,958.1,224057
1644572700,958.1,959.4,956.5,956.5,109574
1644810300,947.0,955.0,938.85,949.95,288509
1644813000,949.95,955.0,948.6,955.0,163273
1644815700,955.0,957.95,954.1,957.9,245510
1644818400,957.75,961.35,954.65,960.0,255190
1644821100,959.45,962.9,954.65,955.0,320243
1644823800,955.0,960.3,954.8,958.1,218233
1644826500,958.25,958.95,955.1,956.55,202933
1644829200,956.55,958.75,952.5,953.85,415834
1644831900,953.7,957.35,952.45,955.0,233825
1644896700,916.55,938.8,912.3,922.3,3965879
1644899400,922.15,924.6,921.7,923.5,697970
1644902100,923.5,926.6,921.95,925.3,550037
1644904800,925.45,928.85,924.4,928.85,478317
1644907500,928.85,931.0,926.1,928.55,397737
1644910200,928.55,929.15,924.3,925.0,379571
1644912900,925.5,927.75,924.2,925.6,434807
1644915600,925.6,926.8,920.0,921.95,836735
1644918300,921.75,923.75,920.05,920.9,352345
1644983100,938.0,940.25,920.1,926.2,767757
1644985800,926.2,929.95,924.4,929.6,188975
1644988500,929.1,929.55,924.4,926.9,155544
1644991200,926.9,926.9,923.25,926.05,369384
1644993900,926.05,930.0,926.05,928.65,117027
1644996600,928.65,933.0,928.65,931.95,183115
1644999300,931.95,932.75,927.55,929.9,167626
1645002000,929.65,935.0,928.3,933.5,382451
1645004700,933.5,933.7,930.35,932.0,131441
1645069500,934.8,954.95,932.6,950.5,776896
1645072200,951.2,955.5,947.15,949.1,468984
1645074900,949.1,949.75,937.5,938.15,377312
1645077600,938.15,939.0,933.55,937.5,228455
1645080300,937.5,937.6,931.2,934.95,173152
1645083000,935.0,935.0,930.0,931.1,161070
1645085700,931.4,936.9,931.0,933.3,247535
1645088400,933.3,934.7,927.25,927.5,245496
1645091100,927.4,929.8,925.7,927.9,162648
1645155900,927.5,929.85,910.25,911.4,983960
1645158600,911.3,911.35,905.55,905.9,558095
1645161300,905.95,907.75,903.05,907.7,466682
1645164000,907.5,910.7,905.6,907.65,288652
1645166700,907.65,907.7,905.75,906.45,162551
1645169400,906.45,909.9,906.0,909.8,257216
1645172100,909.8,910.0,904.8,907.45,206213
1645174800,907.4,908.85,904.9,908.1,384421
1645177500,908.1,913.85,906.85,909.05,333825
1645415100,903.1,910.8,896.0,910.15,572573
1645417800,910.0,913.7,907.0,910.8,268356
1645420500,911.15,912.35,908.4,911.0,155869
1645423200,910.75,912.1,907.1,907.45,149867
1645425900,907.45,909.05,905.0,909.0,203634
1645428600,909.05,909.6,906.0,907.2,117459
1645431300,907.2,908.1,904.8,906.7,142346
1645434000,906.9,910.6,906.3,906.8,157221
1645436700,906.8,909.0,905.0,905.0,87805
1645501500,893.2,903.0,890.75,902.75,418445
1645504200,902.75,905.65,899.6,900.75,201856
1645506900,900.75,902.4,899.9,900.1,140320
1645509600,900.3,901.5,900.0,901.1,137516
1645512300,901.1,901.1,899.5,899.85,97827
1645515000,900.0,904.05,899.0,904.0,158515
1645517700,904.0,914.6,903.95,914.05,300827
1645520400,914.05,918.0,911.5,913.85,279923
1645523100,913.85,915.0,911.2,912.45,145799
1645587900,915.25,921.3,914.05,917.95,227275
1645590600,917.95,918.0,914.3,915.0,175274
1645593300,915.0,919.0,915.0,918.35,137953
1645596000,918.35,919.0,914.95,915.5,130449
1645598700,915.3,916.1,913.55,915.4,136626
1645601400,915.4,918.25,914.6,916.1,154484
1645604100,915.75,916.1,914.0,915.0,117152
1645606800,915.0,919.9,914.5,915.0,183228
1645609500,915.0,916.05,910.25,915.25,135794
1645674300,899.8,908.75,893.0,902.7,372799
1645677000,902.95,903.3,891.8,894.15,177894
1645679700,894.15,899.9,890.15,899.1,132339
1645682400,899.1,906.25,898.5,903.45,178528
1645685100,903.45,903.45,888.15,889.3,150642
1645687800,889.45,897.6,888.8,891.8,140356
1645690500,891.0,896.95,890.1,894.2,178067
1645693200,894.8,897.25,894.15,896.85,478329
1645695900,896.85,898.15,893.0,895.0,187811
1645760700,903.0,907.15,890.95,903.9,593224
1645763400,903.9,911.45,903.0,910.85,229490
1645766100,911.05,912.0,905.0,905.3,616209
1645768800,905.65,915.55,905.05,914.5,270248
1645771500,914.5,914.9,911.0,913.15,151653
1645774200,913.15,918.8,912.55,917.6,196838
1645776900,917.5,924.2,915.7,921.65,269615
1645779600,921.65,926.25,921.0,924.85,296613
1645782300,924.75,926.7,919.3,925.35,197482
1646019900,920.05,926.0,911.0,915.8,261099
1646022600,915.8,924.0,915.2,922.2,114048
1646025300,922.2,927.8,919.85,925.5,137784
1646028000,925.5,926.9,923.7,925.3,68464
1646030700,925.3,929.0,923.9,927.95,108562
1646033400,928.0,929.95,924.6,928.45,146314
1646036100,928.45,929.0,924.15,928.2,128883
1646038800,928.2,928.2,921.4,924.45,333891
1646041500,924.9,928.75,922.3,926.7,233051
1646192700,911.1,931.3,911.1,925.9,660045
1646195400,925.9,926.5,919.55,921.1,159946
1646198100,921.1,925.95,920.05,924.2,158978
1646200800,924.4,925.9,915.45,917.9,395689
1646203500,917.9,920.7,913.65,919.9,230207
1646206200,919.95,921.3,916.65,917.3,245763
1646208900,917.45,921.25,915.6,919.65,490866
1646211600,920.15,927.95,916.85,923.6,635743
1646214300,923.4,927.9,919.65,923.2,295393
1646279100,925.0,934.9,919.55,934.85,227467
1646281800,934.95,945.0,934.9,938.15,306329
1646284500,938.15,942.25,937.6,938.2,170264
1646287200,938.2,938.55,931.0,932.25,189196
1646289900,932.25,940.45,929.9,936.5,496982
1646292600,936.55,940.0,934.25,937.5,254304
1646295300,937.5,944.1,933.05,938.45,481032
1646298000,938.45,941.0,932.4,935.6,363564
1646300700,935.45,936.0,932.55,934.3,131256
1646365500,929.0,933.45,920.25,930.5,322048
1646368200,930.5,935.95,926.1,933.15,291020
1646370900,933.15,938.55,929.7,934.8,405950
1646373600,934.85,938.0,933.5,936.55,333366
1646376300,936.25,938.0,933.0,934.45,264626
1646379000,934.3,940.55,933.95,938.75,329628
1646381700,938.4,941.0,937.05,938.4,112227
1646384400,938.4,939.7,928.0,930.05,227645
1646387100,930.05,934.8,929.0,932.05,165964
1646624700,921.9,932.1,917.05,923.6,522101
1646627400,923.6,938.0,922.3,935.3,379437
1646630100,935.6,943.0,933.1,941.3,274977
1646632800,941.0,941.5,934.0,935.15,292910
1646635500,935.15,940.8,934.35,939.0,276946
1646638200,938.65,942.0,935.05,939.9,225583
1646640900,939.9,940.0,931.65,935.4,202787
1646643600,935.95,946.0,935.0,940.55,293602
1646646300,940.45,944.0,940.05,940.05,131692
1646711100,938.0,953.3,935.4,950.1,598403
1646713800,950.45,952.25,947.15,949.2,188166
1646716500,949.7,957.8,949.25,955.05,682942
1646719200,955.55,961.0,953.95,958.9,726974
1646721900,958.9,961.0,957.05,959.85,312211
1646724600,959.85,968.7,956.0,963.6,851166
1646727300,963.7,977.0,962.7,969.15,892783
1646730000,969.2,974.0,962.85,968.75,1369009
1646732700,968.85,974.45,965.9,974.25,203832
1646797500,969.55,982.0,960.05,981.5,592165
1646800200,981.15,987.55,978.5,985.65,468030
1646802900,985.3,985.85,978.45,979.3,320076
1646805600,979.3,980.05,972.0,977.1,345606
1646808300,977.05,981.9,975.25,979.25,313025
1646811000,979.05,983.0,977.15,980.3,346252
1646813700,980.35,981.9,975.5,976.8,158406
1646816400,976.8,985.05,974.05,980.65,694339
1646819100,980.9,982.15,979.3,980.0,258284
1646883900,982.05,988.5,975.0,983.35,610934
1646886600,983.35,990.6,980.15,981.9,950094
1646889300,981.9,983.0,980.2,980.7,358630
1646892000,980.75,985.9,980.0,985.85,477926
1646894700,985.85,991.0,985.35,989.55,322368
1646897400,989.75,992.9,986.0,988.65,333236
1646900100,988.6,990.8,984.6,987.5,315995
1646902800,987.8,992.2,985.7,985.9,399514
1646905500,985.9,987.0,983.1,985.0,372312
1646970300,984.25,994.85,981.35,989.4,1187799
1646973000,989.3,994.95,988.4,992.55,540366
1646975700,992.0,1020.0,991.4,1018.8,1482408
1646978400,1018.8,1030.5,1016.65,1030.15,1212926
1646981100,1030.1,1037.9,1025.25,1035.0,1421074
1646983800,1034.8,1038.0,1024.0,1026.5,1185123
1646986500,1026.45,1040.8,1018.55,1037.9,1812269
1646989200,1037.85,1053.75,1035.75,1042.0,1641371
1646991900,1042.2,1046.65,1039.15,1043.6,617949
1647229500,1045.0,1056.4,1036.75,1048.95,1342116
1647232200,1048.8,1058.0,1041.35,1044.65,1068726
1647234900,1044.6,1046.0,1041.9,1043.05,539492
1647237600,1043.0,1044.15,1037.0,1039.25,761736
1647240300,1039.7,1046.0,1038.05,1045.0,319461
1647243000,1045.0,1052.85,1043.05,1046.0,360992
1647245700,1046.0,1048.0,1042.0,1045.5,327298
1647248400,1045.5,1049.5,1044.2,1047.5,482433
1647251100,1047.45,1050.95,1047.25,1047.6,372942
1647315900,1045.0,1082.7,1045.0,1081.25,1756441
1647318600,1081.5,1083.0,1058.7,1065.0,1960199
1647321300,1065.25,1066.15,1059.0,1065.95,524130
1647324000,1065.75,1066.0,1060.0,1063.3,501796
1647326700,1063.3,1069.45,1059.0,1068.35,674162
1647329400,1068.35,1071.3,1062.55,1065.0,574307
1647332100,1065.0,1069.6,1063.4,1064.7,570629
1647334800,1065.0,1073.7,1059.5,1071.7,898113
1647337500,1072.25,1072.25,1065.9,1070.0,479145
1647402300,1077.0,1078.0,1049.15,1052.6,772351
1647405000,1052.6,1062.0,1049.6,1058.0,587297
1647407700,1058.0,1058.85,1054.4,1055.9,229961
1647410400,1055.9,1060.2,1054.0,1055.0,212944
1647413100,1055.0,1061.0,1052.0,1060.9,244828
1647415800,1060.9,1061.0,1056.9,1057.5,192523
1647418500,1057.5,1058.5,1054.55,1056.0,258797
1647421200,1056.0,1058.45,1051.15,1057.4,523171
1647423900,1057.45,1057.65,1050.75,1053.7,349074
1647488700,1056.0,1066.4,1054.0,1056.55,507599
1647491400,1056.55,1059.8,1049.15,1054.35,413082
1647494100,1054.45,1054.95,1050.55,1051.0,182467
1647496800,1050.95,1056.5,1050.0,1054.8,305140
1647499500,1054.8,1055.0,1052.0,1053.75,133329
1647502200,1053.75,1054.75,1047.1,1048.5,560814
1647504900,1048.5,1053.25,1048.5,1049.8,219683
1647507600,1049.75,1050.3,1045.7,1047.5,734407
1647510300,1047.5,1049.4,1046.25,1046.7,647272
1647834300,1067.8,1071.0,1052.6,1067.3,595652
1647837000,1067.3,1069.45,1060.35,1066.0,272941
1647839700,1066.0,1067.95,1057.0,1059.0,230083
1647842400,1059.0,1059.6,1054.0,1054.6,161847
1647845100,1054.6,1055.45,1051.2,1054.6,278490
1647847800,1054.6,1055.0,1052.8,1053.55,61421
1647850500,1053.55,1054.35,1049.1,1050.3,146595
1647853200,1050.8,1052.5,1049.2,1050.8,152964
1647855900,1050.3,1051.2,1049.7,1051.2,126943
1647920700,1045.0,1049.25,1040.3,1044.45,241540
1647923400,1044.45,1045.9,1032.7,1033.15,204856
1647926100,1033.15,1037.0,1030.55,1034.4,223109
1647928800,1034.4,1035.0,1025.9,1026.45,347410
1647931500,1026.55,1034.0,1024.0,1027.3,394149
1647934200,1027.3,1033.0,1027.0,1032.15,213988
1647936900,1032.15,1034.0,1030.0,1033.8,286911
1647939600,1033.95,1034.0,1031.0,1032.75,232256
1647942300,1032.7,1034.4,1031.15,1033.9,119870
1648007100,1044.9,1044.9,1028.0,1041.35,528350
1648009800,1041.5,1044.05,1027.7,1032.3,408578
1648012500,1032.15,1033.95,1023.0,1025.75,348177
1648015200,1025.75,1027.0,1021.25,1025.55,188465
1648017900,1025.55,1025.6,1017.75,1020.3,319973
1648020600,1020.3,1023.0,1018.35,1022.5,271507
1648023300,1022.5,1023.0,1020.0,1021.35,157561
1648026000,1021.35,1022.8,1015.0,1015.1,293596
1648028700,1015.15,1016.35,1011.25,1015.05,258334
1648093500,1014.0,1015.1,1001.75,1010.35,623495
1648096200,1010.25,1012.75,1006.4,1007.35,295760
1648098900,1008.4,1026.0,1008.4,1025.3,353916
1648101600,1025.35,1037.85,1021.9,1033.25,637683
1648104300,1033.6,1040.1,1031.75,1037.25,356099
1648107000,1037.7,1038.65,1025.8,1027.05,326244
1648109700,1027.05,1030.0,1025.5,1027.9,258666
1648112400,1027.9,1031.8,1025.0,1030.3,295744
1648115100,1030.3,1031.35,1026.4,1029.0,193329
1648179900,1033.3,1033.3,1023.4,1030.2,124049
1648182600,1030.2,1030.65,1012.85,1014.85,270239
1648185300,1014.85,1017.0,1011.1,1012.5,183866
1648188000,1012.55,1013.75,1006.6,1007.05,240935
1648190700,1007.05,1010.6,1006.0,1009.2,182630
1648193400,1009.0,1011.35,1008.0,1009.15,142099
1648196100,1008.7,1012.7,1006.3,1011.25,189219
1648198800,1011.25,1014.0,1009.1,1013.65,227597
1648201500,1013.7,1018.2,1013.4,1017.0,114818
1648439100,1022.0,1044.25,1018.95,1025.0,1171705
1648441800,1025.0,1025.65,1014.1,1014.15,635468
1648444500,1014.1,1017.8,1010.65,1015.0,275668
1648447200,1015.0,1015.0,1008.9,1012.45,237617
1648449900,1012.45,1019.35,1012.35,1017.15,338312
1648452600,1017.5,1018.75,1010.55,1010.6,325133
1648455300,1010.6,1015.1,1009.2,1012.4,202355
1648458000,1012.4,1018.75,1010.25,1018.15,418952
1648460700,1018.25,1020.5,1015.7,1018.95,238467
1648525500,1020.2,1039.35,1020.2,1038.9,659363
1648528200,1039.0,1039.85,1032.0,1032.6,547189
1648530900,1032.6,1036.65,1026.0,1027.2,493873
1648533600,1027.05,1030.6,1026.25,1028.3,127185
1648536300,1028.3,1032.9,1024.2,1025.85,209366
1648539000,1026.0,1029.05,1024.45,1028.75,197352
1648541700,1028.7,1041.0,1028.0,1038.45,578548
1648544400,1038.45,1040.9,1034.0,1039.1,226504
1648547100,1039.15,1040.25,1038.0,1039.9,152847
1648611900,1043.0,1054.8,1038.9,1043.35,904595
1648614600,1043.35,1043.35,1032.8,1035.6,450901
1648617300,1035.65,1036.25,1028.05,1028.7,395532
1648620000,1028.4,1035.0,1025.2,1031.15,243993
1648622700,1031.15,1034.25,1030.6,1033.5,175295
1648625400,1033.45,1034.0,1031.05,1033.5,185343
1648628100,1033.85,1034.0,1029.7,1032.75,129065
1648630800,1032.65,1035.0,1026.85,1027.25,354574
1648633500,1027.4,1030.35,1026.3,1028.0,241668
1648698300,1030.0,1035.0,1018.9,1019.3,283341
1648701000,1019.45,1023.0,1018.8,1020.25,143946
1648703700,1020.25,1021.2,1016.0,1016.3,130800
1648706400,1016.5,1019.5,1015.1,1017.3,167813
1648709100,1017.3,1019.0,1015.8,1017.2,150058
1648711800,1017.2,1018.0,1013.65,1015.6,174367
1648714500,1015.6,1016.0,1013.6,1014.45,188232
1648717200,1014.5,1020.65,1013.8,1020.25,466398
1648719900,1020.2,1022.0,1017.75,1019.65,265500
1648784700,1023.0,1025.9,1012.05,1017.2,150548
1648787400,1017.2,1021.95,1015.5,1020.2,118938
1648790100,1020.2,1020.7,1015.5,1017.4,228345
1648792800,1017.4,1017.55,1007.25,1009.95,122302
1648795500,1009.95,1010.0,1008.0,1008.45,82420
1648798200,1008.45,1012.5,1008.1,1009.9,136813
1648800900,1009.9,1010.5,1006.0,1007.6,94048
1648803600,1007.5,1016.7,1007.5,1015.0,161268
1648806300,1015.05,1018.65,1013.8,1018.65,189639
1649043900,1018.0,1020.3,1003.45,1012.0,191409
1649046600,1012.0,1018.75,1010.2,1013.0,277916
1649049300,1013.0,1014.35,1008.3,1008.75,175673
1649052000,1008.75,1014.0,1006.0,1013.4,213544
1649054700,1013.7,1015.35,1012.0,1014.2,135304
1649057400,1014.15,1019.2,1012.8,1016.95,127110
1649060100,1016.95,1025.7,1016.55,1025.2,187750
1649062800,1025.2,1029.65,1023.8,1027.15,240529
1649065500,1027.15,1029.0,1025.7,1027.5,112776
1649130300,1035.0,1036.0,1023.5,1026.05,212172
1649133000,1025.85,1034.85,1025.85,1026.7,194036
1649135700,1026.7,1031.2,1023.7,1026.0,269220
1649138400,1025.55,1027.2,1024.15,1024.85,85859
1649141100,1024.85,1025.0,1022.85,1023.5,87416
1649143800,1023.9,1025.35,1022.75,1024.45,235195
1649146500,1024.5,1024.9,1020.2,1021.9,129312
1649149200,1022.05,1025.0,1021.6,1022.95,186076
1649151900,1022.6,1022.8,1017.0,1018.0,188463
1649216700,1014.0,1025.0,1014.0,1024.0,247779
1649219400,1024.2,1033.85,1022.05,1025.6,413444
1649222100,1025.6,1029.4,1023.8,1027.15,164509
1649224800,1027.15,1027.9,1024.0,1024.7,175783
1649227500,1024.6,1028.75,1024.05,1026.6,107506
1649230200,1026.6,1027.6,1024.05,1027.4,68973
1649232900,1027.4,1027.95,1026.0,1026.75,59160
1649235600,1026.95,1027.8,1023.6,1027.45,131481
1649238300,1027.5,1032.35,1027.35,1029.9,115354
1649303100,1036.0,1062.65,1032.3,1047.5,1490364
1649305800,1047.75,1054.8,1044.0,1049.6,594968
1649308500,1049.6,1050.2,1041.3,1043.0,218376
1649311200,1043.05,1044.1,1033.7,1038.7,316493
1649313900,1039.15,1042.7,1037.4,1041.5,166058
1649316600,1041.1,1041.5,1036.15,1038.55,114911
1649319300,1038.5,1042.35,1035.4,1037.5,181371
1649322000,1037.8,1039.8,1032.75,1036.95,213489
1649324700,1036.95,1038.05,1033.35,1034.3,190558
1649389500,1038.45,1038.45,1005.0,1009.6,600872
1649392200,1009.95,1012.1,1006.45,1007.75,315255
1649394900,1007.7,1014.0,1006.05,1007.15,462333
1649397600,1007.15,1011.6,1005.95,1010.6,264383
1649400300,1010.6,1013.7,1010.0,1011.25,167010
1649403000,1011.25,1013.9,1010.0,1011.55,155065
1649405700,1011.55,1015.4,1011.4,1013.4,188039
1649408400,1013.8,1019.7,1010.25,1010.5,530466
1649411100,1010.6,1012.9,1009.45,1012.7,315623
1649648700,1012.0,1024.95,1011.6,1018.05,685900
1649651400,1017.9,1020.85,1015.0,1017.0,136756
1649654100,1017.5,1020.7,1014.15,1014.75,162882
1649656800,1014.75,1019.25,1012.0,1018.1,208236
1649659500,1018.3,1021.6,1016.3,1020.35,258756
1649662200,1020.35,1026.0,1020.0,1021.2,141318
1649664900,1021.25,1025.4,1019.05,1023.05,183163
1649667600,1023.0,1025.2,1019.75,1024.85,147736
1649670300,1024.8,1028.3,1024.65,1026.85,160498
1649735100,1021.5,1031.7,1013.0,1020.6,553341
1649737800,1020.6,1023.1,1015.2,1020.05,416959
1649740500,1020.05,1025.6,1019.5,1023.95,256152
1649743200,1023.6,1029.6,1023.0,1024.1,172907
1649745900,1024.1,1027.0,1021.15,1022.55,624677
1649748600,1022.65,1022.65,1014.5,1019.0,223169
1649751300,1019.0,1022.95,1018.65,1021.75,112755
1649754000,1022.1,1029.0,1021.85,1027.3,260686
1649756700,1027.3,1030.0,1025.9,1027.4,121462
1649821500,1031.0,1033.8,1022.45,1023.15,137344
1649824200,1023.25,1027.5,1022.2,1023.05,118294
1649826900,1023.05,1023.9,1016.0,1019.0,164747
1649829600,1019.0,1022.65,1016.5,1018.85,309053
1649832300,1018.6,1019.45,1012.2,1014.95,140501
1649835000,1014.95,1023.4,1014.1,1020.8,409113
1649837700,1020.8,1025.95,1020.2,1023.9,348749
1649840400,1023.85,1025.25,1016.3,1016.8,149512
1649843100,1016.85,1017.5,1014.05,1017.35,111270
1650253500,1016.6,1035.0,1010.1,1015.6,549280
1650256200,1015.6,1025.85,1014.05,1017.15,289234
1650258900,1016.6,1017.55,1012.1,1014.0,179707
1650261600,1013.75,1021.4,1013.1,1020.4,159426
1650264300,1020.4,1023.8,1017.95,1019.4,246921
1650267000,1019.6,1020.75,1015.95,1016.65,156910
1650269700,1016.8,1026.7,1015.15,1024.45,320959
1650272400,1024.55,1027.5,1023.0,1027.4,113405
1650275100,1027.4,1030.0,1027.0,1029.75,73069
1650339900,1034.7,1038.9,1024.0,1028.0,247991
1650342600,1028.0,1031.05,1025.2,1025.2,148586
1650345300,1025.2,1026.55,1022.0,1024.65,200371
1650348000,1024.65,1025.0,1017.3,1017.35,129544
1650350700,1017.35,1019.15,1012.9,1014.0,258897
1650353400,1014.0,1018.8,1013.65,1016.75,111433
1650356100,1016.75,1018.95,1015.1,1016.3,125444
1650358800,1016.3,1018.9,1001.0,1003.45,350651
1650361500,1003.45,1006.25,980.35,988.75,239602
1650426300,1001.9,1009.4,990.05,1008.8,369052
1650429000,1008.8,1013.8,1004.05,1004.95,219286
1650431700,1005.0,1006.0,1001.05,1001.2,150609
1650434400,1001.0,1009.65,1001.0,1007.65,246359
1650437100,1007.95,1011.25,1003.5,1009.5,156539
1650439800,1009.1,1010.4,1004.0,1007.2,135107
1650442500,1007.25,1008.15,1002.75,1003.75,126470
1650445200,1003.65,1015.0,1001.55,1012.75,228520
1650447900,1012.5,1012.95,1008.35,1009.15,162478
1650512700,1016.05,1020.0,1003.6,1011.55,178595
1650515400,1011.7,1012.5,1006.0,1006.0,152771
1650518100,1006.0,1010.0,1005.0,1005.85,92451
1650520800,1005.9,1008.1,1001.0,1001.2,190623
1650523500,1001.2,1001.95,996.7,998.0,236089
1650526200,997.95,1002.8,997.5,1002.35,123336
1650528900,1002.35,1002.75,999.0,1000.7,110182
1650531600,1001.0,1001.95,997.25,998.15,235521
1650534300,998.1,1000.0,996.85,998.0,204718
1650599100,998.0,998.55,978.0,979.4,442599
1650601800,979.4,982.15,974.65,979.45,305220
1650604500,979.45,980.35,976.3,978.05,172156
1650607200,978.05,978.6,975.2,975.7,202647
1650609900,975.7,979.0,975.6,977.7,110861
1650612600,977.7,977.85,970.2,971.2,234825
1650615300,971.2,971.2,961.6,962.45,443741
1650618000,962.45,967.45,959.0,966.95,371124
1650620700,966.95,969.9,966.05,969.0,165206
1650858300,957.1,963.0,952.0,955.45,272707
1650861000,955.45,959.0,950.8,952.0,132429
1650863700,952.3,954.0,946.3,949.1,125029
1650866400,949.4,953.95,946.55,951.85,268378
1650869100,951.55,958.5,951.35,954.5,162228
1650871800,954.3,959.0,954.05,955.5,82778
1650874500,955.2,959.1,952.0,952.5,92705
1650877200,952.05,956.8,949.75,951.65,99492
1650879900,951.6,956.5,951.3,955.75,67727
1650944700,958.15,968.75,957.05,968.15,264264
1650947400,968.15,971.9,966.75,969.25,174988
1650950100,969.25,976.35,968.35,975.0,222112
1650952800,975.0,976.9,974.1,975.35,172977
1650955500,975.65,978.05,974.8,976.15,223339
1650958200,976.15,980.6,976.0,978.15,172277
1650960900,978.15,979.45,976.0,978.15,137910
1650963600,978.15,980.0,975.0,979.15,258098
1650966300,979.2,980.0,976.9,978.4,179465
1651031100,965.2,976.4,964.0,966.6,140251
1651033800,966.55,969.6,964.25,966.5,63137
1651036500,966.5,973.25,964.25,973.25,137652
1651039200,972.0,974.75,971.85,972.55,141377
1651041900,972.6,975.0,970.45,970.95,55881
1651044600,970.45,977.0,967.9,973.45,83816
1651047300,973.45,975.7,970.9,975.5,87732
1651050000,975.5,978.9,974.2,978.9,173392
1651052700,979.0,980.25,976.05,978.8,147177
1651117500,988.0,988.0,978.05,982.4,313276
1651120200,982.4,985.5,981.7,982.0,225121
1651122900,982.0,982.35,978.0,979.4,164577
1651125600,979.45,981.45,978.05,980.0,145924
1651128300,980.0,983.35,980.0,981.55,188880
1651131000,981.55,987.4,981.3,987.0,158055
1651133700,987.2,989.0,985.85,988.35,159036
1651136400,988.35,990.6,980.6,980.6,304132
1651139100,980.75,980.75,977.95,980.1,172799
1651203900,981.3,993.0,978.9,980.6,253397
1651206600,980.6,985.35,979.1,982.3,217813
1651209300,982.25,992.8,981.6,992.0,221456
1651212000,992.0,994.9,981.6,985.6,426507
1651214700,986.2,989.4,985.5,987.1,105144
1651217400,987.1,988.7,987.0,987.5,72258
1651220100,987.5,988.35,982.1,983.95,135285
1651222800,983.85,987.1,977.0,979.95,352249
1651225500,979.95,982.95,976.5,980.0,187364
1651463100,979.0,983.55,971.8,981.05,418391
1651465800,981.1,989.75,981.05,988.55,195670
1651468500,988.8,989.1,979.0,979.9,160313
1651471200,979.9,980.0,975.0,977.65,211121
1651473900,978.1,986.0,976.0,980.8,239424
1651476600,981.0,982.65,979.6,982.0,54317
1651479300,982.0,983.3,977.1,977.3,209995
1651482000,977.3,979.1,974.85,976.75,200086
1651484700,976.8,979.7,975.55,979.7,76408
1651635900,977.5,983.0,955.65,956.2,244850
1651638600,956.2,959.4,949.15,949.4,329876
1651641300,949.65,954.0,947.05,953.8,197186
1651644000,953.9,960.2,950.35,956.3,356467
1651646700,956.3,960.95,953.15,960.1,154583
1651649400,960.1,963.2,957.6,962.75,118850
1651652100,962.8,962.8,955.95,959.5,161001
1651654800,959.5,960.7,952.65,958.6,366330
1651657500,958.6,959.45,955.0,956.7,155132
1651722300,959.95,965.45,956.35,962.05,142900
1651725000,962.4,967.2,953.9,955.25,399236
1651727700,955.0,962.25,953.25,961.9,497852
1651730400,961.9,963.8,953.3,953.55,147140
1651733100,953.55,962.0,951.1,961.75,175499
1651735800,961.75,963.7,952.85,953.15,162050
1651738500,953.15,955.4,950.0,953.3,154551
1651741200,953.3,955.95,945.7,946.2,291443
1651743900,946.25,949.5,944.0,944.0,188543
1651808700,937.8,946.35,934.8,938.5,348553
1651811400,939.5,942.4,930.05,934.0,257614
1651814100,934.0,935.95,928.4,933.2,96342
1651816800,933.4,938.9,929.15,932.25,175022
1651819500,932.25,935.5,930.75,933.35,161721
1651822200,933.35,934.55,925.4,928.05,153400
1651824900,928.05,936.55,926.7,933.75,275704
1651827600,933.75,936.45,931.75,935.5,233317
1651830300,935.5,937.0,932.2,935.9,123771
1652067900,934.75,941.6,926.95,931.6,321513
1652070600,931.6,932.5,927.0,928.45,88869
1652073300,928.3,931.55,927.8,930.1,198454
1652076000,930.1,935.5,930.0,935.0,138793
1652078700,935.0,936.95,922.0,928.65,278991
1652081400,928.05,942.0,927.5,938.35,317451
1652084100,938.2,939.95,933.3,937.7,200961
1652086800,937.65,941.0,935.25,938.45,337323
1652089500,938.45,940.7,934.95,936.7,162598
1652154300,930.0,939.6,919.25,922.15,283225
1652157000,922.05,929.9,920.5,926.5,135386
1652159700,926.5,929.75,924.0,924.0,63910
1652162400,924.45,929.35,918.55,928.8,290605
1652165100,928.8,930.65,927.0,929.95,166600
1652167800,929.95,933.4,926.0,930.1,220814
1652170500,930.1,931.95,922.25,928.85,230083
1652173200,928.85,929.25,924.35,926.75,138754
1652175900,926.8,927.4,923.0,923.45,130333
1652240700,912.0,929.35,904.25,913.0,1677191
1652243400,913.0,926.0,911.1,921.7,565560
1652246100,921.7,934.15,919.55,933.95,401735
1652248800,933.95,936.95,927.65,934.75,519616
1652251500,934.75,936.75,932.0,935.65,483325
1652254200,935.7,938.9,932.2,935.0,424432
1652256900,935.0,940.55,934.05,938.15,366231
1652259600,937.9,942.6,935.0,936.6,490148
1652262300,937.25,941.15,935.25,938.0,344160
1652327100,935.0,937.0,915.5,924.0,511733
1652329800,924.35,928.5,919.3,927.5,273552
1652332500,927.8,929.5,924.05,926.4,235594
1652335200,926.4,932.25,922.05,923.7,140978
1652337900,923.8,927.8,921.0,923.95,162804
1652340600,923.95,929.65,921.0,926.3,152583
1652343300,926.1,931.35,925.05,929.5,203141
1652346000,929.4,929.8,918.95,920.95,354512
1652348700,920.95,928.0,917.5,920.05,205433
1652413500,924.1,940.1,922.2,929.05,313194
1652416200,929.25,931.8,923.3,925.5,136966
1652418900,925.45,931.85,924.75,929.6,206045
1652421600,929.6,934.6,928.5,934.05,148742
1652424300,934.1,935.5,927.65,932.3,214216
1652427000,932.3,936.4,932.0,933.85,76678
1652429700,933.5,935.95,926.2,928.65,144504
1652432400,929.15,935.95,926.9,934.8,261814
1652435100,934.75,937.65,932.8,932.8,229272
1652672700,926.05,941.35,926.05,935.4,334245
1652675400,936.4,945.0,935.15,938.8,223851
1652678100,939.35,942.85,937.15,939.35,97348
1652680800,939.35,941.6,930.35,930.9,150215
1652683500,930.9,934.55,928.0,932.95,183223
1652686200,932.95,936.75,930.15,932.5,80417
1652688900,932.5,938.4,930.65,936.5,130770
1652691600,936.45,938.95,931.8,932.75,181770
1652694300,932.3,935.0,930.1,930.1,69909
1652759100,935.0,935.35,916.2,919.4,361738
1652761800,919.5,925.5,917.1,922.3,219967
1652764500,922.3,924.95,919.7,920.55,166581
1652767200,920.35,921.95,916.75,917.2,141695
1652769900,917.2,924.0,917.15,923.85,296108
1652772600,923.65,932.8,923.45,930.0,256618
1652775300,930.0,931.0,924.65,928.3,164549
1652778000,928.2,938.45,926.0,937.35,420944
1652780700,936.95,941.05,936.05,940.0,271565
1652845500,945.8,955.0,941.35,951.0,488144
1652848200,951.0,951.8,946.95,948.1,209763
1652850900,948.1,954.75,948.0,953.35,286831
1652853600,953.05,955.95,950.95,954.75,273029
1652856300,954.85,955.2,948.5,953.7,229599
1652859000,953.7,955.0,950.0,954.8,164369
1652861700,954.8,961.2,953.45,958.55,299441
1652864400,958.6,960.25,955.1,958.0,402800
1652867100,958.0,958.8,952.75,954.0,222137
1652931900,940.0,953.95,935.0,946.0,309193
1652934600,946.0,951.9,945.0,947.75,123008
1652937300,947.75,948.0,942.8,943.4,105267
1652940000,942.4,944.75,939.6,941.45,92864
1652942700,941.45,947.7,939.6,946.5,110679
1652945400,946.5,947.45,934.4,937.9,120052
1652948100,937.9,944.6,936.2,941.35,86275
1652950800,941.3,944.75,936.2,938.0,162706
1652953500,938.0,938.45,936.0,936.2,85742
1652931900,940.0,953.95,935.0,946.0,309193
1652934600,946.0,951.9,945.0,947.75,123008
1652937300,947.75,948.0,942.8,943.4,105267
1652940000,942.4,944.75,939.6,941.45,92864
1652942700,941.45,947.7,939.6,946.5,110679
1652945400,946.5,947.45,934.4,937.9,120052
1652948100,937.9,944.6,936.2,941.35,86275
1652950800,941.3,944.75,936.2,938.0,162706
1652953500,938.0,938.45,936.0,936.2,85742
1653018300,950.0,968.0,939.0,965.95,357423
1653021000,965.95,973.9,965.95,972.0,311695
1653023700,972.0,976.45,971.5,974.7,226049
1653026400,974.85,976.3,972.65,974.5,241472
1653029100,974.35,977.5,969.85,976.25,264650
1653031800,976.2,977.5,970.5,974.45,393831
1653034500,974.45,982.6,974.0,977.35,281372
1653037200,977.35,982.0,977.15,978.75,308991
1653039900,978.75,979.0,973.8,976.0,206974
1653277500,978.8,983.3,971.55,979.45,269148
1653280200,979.4,983.9,976.3,977.0,117194
1653282900,976.95,981.7,974.0,981.65,110298
1653285600,981.8,982.3,978.85,980.95,138285
1653288300,980.95,985.4,979.6,985.0,150289
1653291000,985.0,987.7,977.35,978.15,122925
1653293700,978.15,979.45,974.1,974.8,70113
1653296400,974.9,977.05,968.0,969.6,152469
1653299100,969.6,971.15,966.45,969.9,85956
1653363900,977.0,977.0,961.75,971.25,283350
1653366600,971.6,971.8,965.0,970.65,242643
1653369300,970.65,977.7,969.7,976.4,209071
1653372000,976.4,977.1,970.1,972.9,181058
1653374700,972.9,975.9,967.8,969.45,133086
1653377400,969.45,971.85,966.45,970.55,138164
1653380100,970.55,971.9,969.05,970.35,137905
1653382800,970.35,972.9,968.2,970.95,182718
1653385500,970.95,972.0,968.0,971.95,113086
1653450300,972.4,985.9,972.3,980.95,416555
1653453000,980.95,981.65,969.45,970.15,348316
1653455700,970.15,980.5,969.7,979.4,270109
1653458400,979.4,980.7,976.0,979.35,149464
1653461100,979.35,980.0,974.0,976.7,144004
1653463800,976.7,977.2,972.95,975.0,152356
1653466500,975.0,976.35,973.45,975.5,176117
1653469200,975.5,975.9,970.1,971.45,182416
1653471900,971.3,972.4,970.05,972.0,110452
1653536700,972.1,977.35,969.65,974.0,221541
1653539400,974.0,974.25,969.8,969.95,157704
1653542100,969.95,969.95,960.25,961.8,178932
1653544800,961.4,965.6,961.35,963.5,145029
1653547500,963.5,964.6,961.3,963.6,121426
1653550200,963.6,967.95,963.0,967.15,228829
1653552900,967.15,967.15,961.2,962.6,136427
1653555600,962.65,967.7,962.0,962.5,281845
1653558300,962.4,968.0,962.35,968.0,157383
1653623100,970.1,977.8,963.65,969.95,175424
1653625800,969.85,974.6,966.5,968.8,212482
1653628500,968.8,968.8,962.3,964.6,88486
1653631200,964.55,965.25,960.0,960.45,82994
1653633900,960.4,965.0,960.2,963.15,115256
1653636600,963.15,968.0,962.25,966.15,202945
1653639300,966.2,966.95,962.7,964.6,115603
1653642000,964.6,968.0,963.75,966.2,173126
1653644700,966.25,967.3,964.2,966.6,82082
1653882300,968.4,992.0,968.0,986.45,408976
1653885000,986.45,988.0,982.1,983.0,286161
1653887700,983.0,986.4,982.0,982.45,112883
1653890400,982.25,989.8,981.8,988.75,254738
1653893100,988.75,989.4,985.2,986.5,195490
1653895800,986.5,988.2,984.95,988.15,216360
1653898500,988.1,991.55,987.25,988.85,264654
1653901200,989.35,990.15,986.25,987.0,261842
1653903900,987.25,988.0,985.55,986.45,168034
1653968700,988.9,995.75,978.7,985.0,494637
1653971400,985.05,991.95,981.35,991.0,174341
1653974100,991.0,993.9,985.55,992.0,803637
1653976800,992.0,999.5,991.55,998.95,410346
1653979500,998.95,1002.4,995.4,999.2,355925
1653982200,999.5,1000.05,997.0,998.0,290066
1653984900,997.6,1004.0,997.6,1002.65,350674
1653987600,1002.85,1004.9,990.65,990.65,1090755
1653990300,990.7,997.95,990.25,995.8,900971
1654055100,994.5,998.65,986.2,991.2,227416
1654057800,991.3,993.45,986.3,990.8,120071
1654060500,990.65,991.9,988.15,990.9,90307
1654063200,991.0,991.95,986.0,987.9,107702
1654065900,988.0,988.6,985.0,986.05,113295
1654068600,986.15,988.5,985.55,985.55,298104
1654071300,985.45,987.25,982.0,982.45,101276
1654074000,982.55,985.45,980.35,984.15,158291
1654076700,983.85,986.65,982.25,982.3,66789
1654141500,977.5,1006.85,977.5,991.8,1002939
1654144200,991.8,993.45,986.45,989.6,379820
1654146900,989.4,990.85,981.0,984.85,187131
1654149600,984.95,988.6,983.55,984.5,262968
1654152300,984.45,987.6,984.2,985.0,140707
1654155000,985.0,988.45,984.2,986.15,140425
1654157700,986.35,988.65,985.75,988.0,143218
1654160400,987.95,989.0,986.2,987.25,218500
1654163100,987.25,988.5,981.8,985.0,162291
1654227900,990.05,998.75,983.05,984.0,175901
1654230600,984.0,984.15,972.35,974.5,132114
1654233300,974.6,977.65,971.0,973.0,107308
1654236000,972.95,975.4,970.1,972.75,82491
1654238700,972.35,974.95,971.0,973.1,123078
1654241400,973.05,973.6,965.5,966.65,69505
1654244100,966.55,971.0,965.1,967.3,56149
1654246800,967.3,969.9,960.2,960.55,143463
1654249500,960.55,963.0,957.15,962.1,164531
1654487100,960.95,975.0,960.5,973.25,409760
1654489800,973.3,979.7,970.45,973.7,291251
1654492500,973.2,974.0,970.6,972.4,131987
1654495200,972.4,976.2,972.05,974.65,105868
1654497900,974.15,977.5,972.4,975.5,85438
1654500600,975.5,976.1,972.25,975.45,93456
1654503300,975.4,976.5,974.45,975.2,57473
1654506000,975.5,978.75,974.5,974.8,148448
1654508700,974.75,977.5,974.6,976.0,86152
1654573500,971.55,979.65,962.0,965.35,274882
1654576200,965.35,968.0,964.0,967.3,91680
1654578900,967.3,969.2,965.8,966.9,79509
1654581600,966.9,972.9,966.4,972.1,51735
1654584300,971.65,974.7,970.05,972.8,387441
1654587000,972.8,977.0,969.2,969.6,557590
1654589700,969.6,969.95,966.0,969.6,64366
1654592400,969.65,973.55,967.8,973.0,135573
1654595100,973.05,975.0,970.0,972.3,115290
1654659900,972.0,976.05,958.65,958.65,193278
1654662600,958.05,967.75,956.9,966.0,373291
1654665300,966.0,967.0,960.1,962.75,363150
1654668000,962.75,965.7,960.3,961.4,123564
1654670700,961.4,968.55,961.0,967.75,116653
1654673400,967.75,968.0,962.1,963.0,311086
1654676100,962.95,964.85,961.5,961.8,97239
1654678800,961.85,963.85,960.2,963.3,179906
1654681500,963.3,963.95,960.85,963.7,114734
1654746300,962.9,974.3,955.0,969.85,361816
1654749000,970.0,970.3,965.1,968.75,114018
1654751700,968.75,968.8,963.95,965.0,297373
1654754400,965.0,965.9,963.0,965.9,68574
1654757100,965.9,967.4,963.15,964.4,81523
1654759800,964.6,965.0,961.75,964.95,51610
1654762500,964.95,969.4,963.95,968.9,105351
1654765200,968.6,973.0,968.6,971.85,228640
1654767900,971.9,973.85,970.0,970.4,96438
1654832700,960.0,971.6,960.0,967.25,126848
1654835400,967.25,971.1,965.4,969.55,40898
1654838100,969.55,970.65,969.0,969.7,23173
1654840800,969.8,970.05,967.1,969.8,33988
1654843500,969.7,970.0,967.65,969.5,31800
1654846200,969.5,970.1,964.0,965.9,78635
1654848900,965.9,966.55,962.8,965.0,52293
1654851600,965.0,969.5,964.0,966.65,339328
1654854300,966.65,967.4,965.0,966.15,47065
1655091900,955.0,984.75,954.7,976.0,1316838
1655094600,976.0,976.0,962.0,964.35,340338
1655097300,964.4,965.8,959.4,961.85,142239
1655100000,961.85,963.2,957.0,958.15,338814
1655102700,958.15,961.0,956.1,957.7,106434
1655105400,958.0,958.6,950.5,950.5,141810
1655108100,950.55,952.6,947.8,951.95,167622
1655110800,951.65,956.35,949.0,955.85,285679
1655113500,956.6,958.0,953.9,956.6,173643
1655178300,955.0,964.1,950.8,960.5,203711
1655181000,960.5,966.9,959.55,961.1,204299
1655183700,961.3,965.35,958.05,961.1,229325
1655186400,961.05,962.7,959.5,962.55,142792
1655189100,962.55,963.85,957.15,957.25,146231
1655191800,957.25,959.95,956.0,959.25,124837
1655194500,959.25,959.55,953.8,955.45,99322
1655197200,955.75,966.9,953.0,965.85,286883
1655199900,965.75,970.8,965.0,968.05,131574
1655264700,965.0,973.0,964.0,970.75,384913
1655267400,970.75,972.6,966.25,972.4,119057
1655270100,972.0,974.9,968.45,969.05,102108
1655272800,969.05,969.3,966.15,966.5,50164
1655275500,966.5,969.7,966.4,969.25,73086
1655278200,969.25,971.5,969.0,970.55,47117
1655280900,970.55,971.25,968.9,971.25,47813
1655283600,971.1,973.4,965.8,969.2,166219
1655286300,969.2,970.0,966.4,966.4,118422
1655351100,976.0,977.75,961.05,965.6,235923
1655353800,965.6,966.6,956.55,958.55,132730
1655356500,958.55,959.5,946.85,950.45,144511
1655359200,950.45,951.5,932.0,932.9,257189
1655361900,932.9,936.7,929.25,932.5,156733
1655364600,932.2,933.2,927.8,930.2,161858
1655367300,930.2,939.6,928.6,938.05,382788
1655370000,938.2,943.15,937.0,941.05,276163
1655372700,941.05,948.25,939.85,948.25,147613
1655437500,932.2,944.55,920.1,924.5,595321
1655440200,925.0,925.6,911.1,914.4,238218
1655442900,914.4,924.75,912.05,917.05,304229
1655445600,917.35,927.85,916.5,925.55,137678
1655448300,925.55,928.85,923.55,925.8,90976
1655451000,925.8,926.55,915.2,915.9,118302
1655453700,915.7,928.8,915.5,921.8,298652
1655456400,921.8,925.85,912.05,912.3,513752
1655459100,912.3,918.0,910.8,918.0,414376
1655696700,914.75,919.8,902.0,907.95,221672
1655699400,907.95,913.0,907.85,909.05,95976
1655702100,909.05,917.35,908.5,913.3,234181
1655704800,913.75,918.0,913.05,916.7,43575
1655707500,916.7,922.0,916.5,920.7,57417
1655710200,920.7,924.1,917.0,919.4,70958
1655712900,918.9,922.35,918.0,920.75,43649
1655715600,920.55,927.5,917.5,926.8,113454
1655718300,927.0,928.15,924.75,925.15,58484
1655783100,927.1,941.0,927.1,939.5,151758
1655785800,939.5,942.0,936.55,938.9,51018
1655788500,938.9,943.75,937.6,940.9,52354
1655791200,940.9,941.9,937.8,938.4,21810
1655793900,938.4,940.0,936.35,939.65,29610
1655796600,939.65,941.4,938.4,941.0,25538
1655799300,940.65,944.45,940.3,941.5,49854
1655802000,941.5,942.6,937.0,938.95,68255
1655804700,939.05,940.05,934.6,935.9,70874
1655869500,931.0,945.0,923.0,923.3,631117
1655872200,924.45,924.95,915.0,920.0,145283
1655874900,920.0,924.3,916.7,918.0,81283
1655877600,918.0,924.75,917.45,920.85,100195
1655880300,920.85,921.2,915.0,916.85,64743
1655883000,916.85,919.8,914.5,919.55,205550
1655885700,919.55,921.8,915.0,916.25,67980
1655888400,916.55,918.3,912.8,917.5,225706
1655891100,917.8,919.4,914.7,916.1,173442
1655955900,917.0,927.8,914.4,927.3,146778
1655958600,927.3,931.95,927.15,930.65,79644
1655961300,930.65,933.0,929.85,932.3,34226
1655964000,932.3,933.6,925.4,928.6,59924
1655966700,928.0,929.0,924.0,926.95,46838
1655969400,926.75,935.25,925.75,934.1,66841
1655972100,934.1,935.1,931.65,932.9,55935
1655974800,932.9,937.3,932.15,934.2,83736
1655977500,934.2,934.75,931.05,933.55,40876
1656042300,933.0,942.8,930.0,941.35,134679
1656045000,941.35,943.5,934.35,938.3,91110
1656047700,938.3,939.0,936.0,936.4,19579
1656050400,936.4,940.45,935.9,939.0,38798
1656053100,939.0,940.5,933.65,934.5,79596
1656055800,934.45,935.4,931.85,931.85,91474
1656058500,932.35,935.15,932.0,933.2,53715
1656061200,933.2,935.6,930.7,935.5,135294
1656063900,935.35,936.2,932.85,933.0,76518
1656301500,936.0,946.4,935.6,941.45,172141
1656304200,941.9,945.0,941.45,943.05,51405
1656306900,943.05,943.95,940.0,942.15,49246
1656309600,942.15,943.45,937.25,938.0,72518
1656312300,938.0,938.45,931.0,933.2,163323
1656315000,933.4,935.0,932.05,933.15,107587
1656317700,933.0,939.0,933.0,937.3,84717
1656320400,937.3,938.0,931.5,932.75,70823
1656323100,932.75,933.0,930.55,933.0,73469
1656387900,935.0,939.0,921.85,923.7,180395
1656390600,924.05,928.0,923.0,925.05,64567
1656393300,925.35,927.1,924.15,925.65,26844
1656396000,925.75,929.8,925.0,929.6,91435
1656398700,929.8,933.5,928.6,931.0,98553
1656401400,931.0,939.6,931.0,938.85,154762
1656404100,938.85,940.75,936.75,939.6,93681
1656406800,939.6,945.0,939.4,944.7,112783
1656409500,944.7,947.8,943.9,947.3,107045
1656474300,937.05,940.85,929.95,931.6,205911
1656477000,931.2,931.55,923.05,923.2,161496
1656479700,923.7,928.4,922.9,928.0,154651
1656482400,928.0,930.95,924.4,928.5,177191
1656485100,928.5,931.6,925.2,931.3,136937
1656487800,931.1,936.45,929.4,931.05,195728
1656490500,931.05,933.95,929.4,933.05,128534
1656493200,933.05,947.6,928.2,947.6,624332
1656495900,947.65,961.9,945.15,950.0,669354
1656560700,944.0,944.0,928.45,929.3,365330
1656563400,929.0,929.3,923.85,923.85,244758
1656566100,923.85,925.8,918.15,921.0,262643
1656568800,921.0,924.0,915.05,917.1,244378
1656571500,917.1,919.55,914.05,914.9,193744
1656574200,914.9,920.0,914.5,919.35,197854
1656576900,919.35,923.0,915.6,921.2,211557
1656579600,920.65,923.9,919.0,919.1,408744
1656582300,919.1,919.35,911.4,914.0,300462
1656647100,911.2,927.6,911.2,927.45,297215
1656649800,927.4,932.0,923.75,931.4,249335
1656652500,931.8,935.0,929.25,934.0,175727
1656655200,934.25,934.3,930.3,930.5,121117
1656657900,930.95,934.85,930.0,934.85,129671
1656660600,934.85,941.7,933.4,940.65,231418
1656663300,941.25,943.8,940.0,942.0,129628
1656666000,942.1,948.9,941.45,948.9,281735
1656668700,948.35,956.05,948.0,948.0,172942
1656906300,944.6,950.0,933.5,933.5,208932
1656909000,933.5,935.5,929.5,934.9,122222
1656911700,934.9,936.0,931.0,932.35,69885
1656914400,932.1,934.0,931.5,933.8,45966
1656917100,933.8,939.2,933.15,938.3,75193
1656919800,938.3,938.95,930.65,933.5,81060
1656922500,933.25,934.5,930.5,933.75,94662
1656925200,934.35,936.9,928.5,929.4,174661
1656927900,930.15,933.0,929.95,930.75,129655
1656992700,935.0,941.35,930.25,939.2,288926
1656995400,939.2,946.05,939.05,944.35,168017
1656998100,944.35,947.55,942.7,946.0,119804
1657000800,946.0,948.7,942.8,943.4,149440
1657003500,943.4,948.25,942.3,946.1,204650
1657006200,945.75,949.65,944.7,945.6,121361
1657008900,945.6,947.0,938.95,940.55,160460
1657011600,940.55,942.0,936.2,936.45,222271
1657014300,936.9,940.0,936.45,938.0,93780
1657079100,940.0,942.8,933.15,942.35,296449
1657081800,942.5,942.65,935.45,938.3,112151
1657084500,938.4,939.85,936.65,939.25,87150
1657087200,939.25,941.0,935.25,939.8,105568
1657089900,939.55,944.95,939.15,944.75,125903
1657092600,944.75,947.5,943.6,945.25,135695
1657095300,945.4,946.0,940.6,941.75,189282
1657098000,941.75,945.2,940.1,944.55,211967
1657100700,944.6,950.0,944.6,948.95,125287
1657165500,950.35,950.35,940.15,943.65,258756
1657168200,944.05,947.5,940.05,941.75,164796
1657170900,941.7,945.5,939.1,941.6,162895
1657173600,941.6,943.65,938.2,938.75,91337
1657176300,938.75,939.5,937.0,937.55,106272
1657179000,937.5,939.5,937.2,938.25,88735
1657181700,938.3,939.0,936.2,938.8,111216
1657184400,938.7,940.3,933.3,935.0,239441
1657187100,935.15,936.2,934.0,935.7,165409
1657251900,942.25,942.25,935.25,935.5,141165
1657254600,935.5,938.0,935.5,937.5,72871
1657257300,937.75,939.5,934.35,935.0,123594
1657260000,935.0,935.45,928.85,929.9,119241
1657262700,929.9,932.95,928.85,929.6,121961
1657265400,929.55,931.7,927.85,930.9,117584
1657268100,930.85,935.45,929.8,932.5,147927
1657270800,932.4,937.0,928.75,935.25,169091
1657273500,934.95,936.0,932.9,933.9,57890
1657511100,938.0,938.0,927.05,928.05,243692
1657513800,928.1,941.8,927.75,941.3,152648
1657516500,941.3,944.1,940.2,940.85,96906
1657519200,940.85,941.45,938.6,940.2,67029
1657521900,940.15,942.4,940.0,941.45,44830
1657524600,941.45,944.0,941.45,943.05,50989
1657527300,943.25,946.0,942.3,945.35,97533
1657530000,945.4,950.0,945.35,948.4,177093
1657532700,948.3,948.65,942.6,944.0,104038
1657597500,941.9,946.55,939.05,944.95,171670
1657600200,944.95,947.35,941.85,942.6,78297
1657602900,942.6,943.2,939.5,939.6,55984
1657605600,939.65,945.65,938.05,943.1,79330
1657608300,943.1,943.65,938.55,939.3,54519
1657611000,939.3,940.4,938.1,940.4,53965
1657613700,940.4,941.2,937.15,939.85,49373
1657616400,939.85,940.0,935.55,935.75,76171
1657619100,935.75,936.05,934.0,934.5,50517
1657683900,940.45,943.3,932.15,938.8,122934
1657686600,938.8,941.65,937.85,940.6,63037
1657689300,940.6,943.95,939.8,943.2,64349
1657692000,943.05,954.0,943.05,951.5,204869
1657694700,951.5,954.0,949.2,949.3,190793
1657697400,949.3,952.8,949.1,951.2,101027
1657700100,951.2,958.9,951.0,956.05,263877
1657702800,956.05,956.75,951.8,953.6,383684
1657705500,953.4,954.95,952.7,953.05,114422
1657770300,953.4,966.85,953.35,965.25,439033
1657773000,965.25,968.65,962.2,966.9,242972
1657775700,966.9,967.15,954.7,957.6,239225
1657778400,957.4,957.6,952.4,955.75,113756
1657781100,955.75,958.8,954.3,958.8,149678
1657783800,958.9,958.9,948.05,950.55,170332
1657786500,950.55,952.0,946.0,947.7,91430
1657789200,947.7,952.7,945.15,950.65,152937
1657791900,950.65,953.0,950.05,953.0,110275
1657856700,963.0,963.0,951.5,955.5,188582
1657859400,956.0,959.1,953.75,955.8,86921
1657862100,955.8,958.0,954.05,957.65,55284
1657864800,957.65,959.0,954.1,955.7,59225
1657867500,955.7,957.2,954.15,955.15,46671
1657870200,955.15,956.45,954.3,954.9,65099
1657872900,954.4,962.0,954.1,962.0,144627
1657875600,962.0,966.4,961.95,964.8,271268
1657878300,964.75,968.0,964.3,965.5,125991
1658115900,971.65,975.4,964.55,966.5,180657
1658118600,967.1,967.1,962.25,965.35,63002
1658121300,965.35,968.85,963.5,964.1,63746
1658124000,964.1,967.8,963.5,965.65,60151
1658126700,965.65,965.75,960.05,965.0,87832
1658129400,964.65,965.45,962.65,964.5,58051
1658132100,964.5,966.5,964.0,965.35,90649
1658134800,965.35,968.4,964.5,967.5,145379
1658137500,967.55,968.4,964.05,965.85,96497
1658202300,958.2,974.0,958.2,972.9,255385
1658205000,972.9,974.0,965.65,968.0,110060
1658207700,968.0,968.35,961.45,962.95,131044
1658210400,962.95,963.0,958.4,959.8,150890
1658213100,959.8,960.0,955.75,956.5,105024
1658215800,956.85,958.0,955.4,958.0,80527
1658218500,958.0,963.8,957.65,962.15,117704
1658221200,961.95,962.8,957.5,960.6,123707
1658223900,960.7,961.6,959.95,960.5,84830
1658288700,965.7,972.0,958.85,969.0,185798
1658291400,968.6,974.0,967.15,973.0,164002
1658294100,972.8,976.0,971.0,973.0,110498
1658296800,973.0,977.45,972.2,975.5,226670
1658299500,975.15,977.8,974.35,977.35,93959
1658302200,977.45,982.4,976.0,981.1,416893
1658304900,981.2,981.7,978.5,979.0,83460
1658307600,978.85,982.9,978.7,982.2,219095
1658310300,982.2,982.95,981.2,982.05,124918
1658375100,985.0,989.5,980.0,983.5,452971
1658377800,983.8,986.3,981.0,984.15,140316
1658380500,984.2,987.4,983.65,986.2,125513
1658383200,986.2,987.0,982.95,984.5,64174
1658385900,984.8,985.0,978.0,981.25,112349
1658388600,981.25,982.0,975.25,975.25,111850
1658391300,975.85,976.05,970.95,973.8,152127
1658394000,973.8,976.8,967.1,970.0,275983
1658396700,970.1,970.95,966.35,970.0,238693
1658461500,973.5,976.5,968.6,975.9,254858
1658464200,975.95,976.0,970.0,970.1,101275
1658466900,970.1,974.0,970.0,973.7,66000
1658469600,973.7,975.0,970.35,972.1,52405
1658472300,972.0,973.45,970.0,970.6,87986
1658475000,970.2,971.0,967.5,969.65,86659
1658477700,969.45,972.85,969.0,972.0,69687
1658480400,972.0,974.35,970.25,972.6,159260
1658483100,972.6,973.35,970.0,970.0,95172
1658720700,976.0,979.8,968.05,971.5,227180
1658723400,971.5,971.6,967.05,968.0,112485
1658726100,968.0,969.65,963.5,966.35,105765
1658728800,966.5,967.65,962.45,964.3,53384
1658731500,964.3,965.5,960.45,961.5,68011
1658734200,961.5,962.4,958.4,959.95,106673
1658736900,959.95,964.95,958.7,964.8,124217
1658739600,964.9,966.65,959.6,960.1,146181
1658742300,960.1,960.45,955.15,956.0,78778
1658807100,959.95,961.85,944.5,957.4,423837
1658809800,957.4,961.5,956.5,960.2,113632
1658812500,960.2,962.0,953.25,954.05,97875
1658815200,954.05,957.0,953.65,956.3,58742
1658817900,955.9,957.0,954.55,954.75,50199
1658820600,955.05,957.7,954.65,955.8,56816
1658823300,955.8,957.9,955.0,956.05,40718
1658826000,956.05,956.7,951.85,955.95,90390
1658828700,955.9,957.9,955.45,957.0,53762
1658893500,956.9,963.65,951.8,963.5,161569
1658896200,963.45,971.3,962.75,969.3,199469
1658898900,969.15,970.75,967.2,968.5,54686
1658901600,968.0,971.45,967.75,968.7,78064
1658904300,968.35,971.0,966.25,970.9,69454
1658907000,970.85,974.5,970.35,973.15,84703
1658909700,972.5,974.9,971.4,974.75,54831
1658912400,974.75,976.25,972.0,973.9,130091
1658915100,974.2,976.0,972.35,973.5,70606
1658979900,977.0,978.95,964.2,969.45,154144
1658982600,969.05,974.0,969.05,970.15,88331
1658985300,970.05,972.3,968.15,970.5,91178
1658988000,970.55,972.65,970.0,970.0,111281
1658990700,970.5,970.95,968.0,969.25,67729
1658993400,968.85,974.9,968.05,974.75,75845
1658996100,974.75,975.0,969.1,969.6,127509
1658998800,969.6,970.95,965.75,966.85,211632
1659001500,966.4,969.45,965.55,968.4,114856
1659066300,973.7,973.7,953.0,958.25,581124
1659069000,958.0,960.2,954.2,955.8,336302
1659071700,955.6,958.8,955.6,958.35,103227
1659074400,958.35,961.5,957.0,961.2,181600
1659077100,961.5,973.9,960.85,970.0,417483
1659079800,970.2,977.9,968.7,976.0,198063
1659082500,976.0,983.95,971.0,976.0,512132
1659085200,976.0,978.25,971.8,977.75,419086
1659087900,977.8,980.0,976.25,979.0,189273
1659325500,990.0,1031.0,988.3,1003.0,1987946
1659328200,1003.0,1013.2,1002.6,1004.2,496444
1659330900,1004.4,1009.0,995.1,996.25,365928
1659333600,996.1,1006.9,994.0,1003.2,372069
1659336300,1003.2,1005.0,998.25,1002.5,438032
1659339000,1003.0,1006.7,1001.85,1005.4,184244
1659341700,1005.1,1006.5,1002.0,1003.0,139055
1659344400,1003.0,1005.5,1002.2,1005.0,311102
1659347100,1005.0,1005.55,1002.55,1005.0,318789
1659411900,1003.65,1003.65,993.05,997.75,194681
1659414600,998.25,998.25,993.3,995.45,84110
1659417300,995.45,997.0,994.15,995.35,46740
1659420000,995.35,998.45,992.0,997.0,176476
1659422700,996.65,999.0,995.15,997.2,127357
1659425400,997.2,1001.0,995.4,999.5,131638
1659428100,999.5,1000.7,996.95,997.3,125930
1659430800,997.8,1006.1,996.95,1005.25,192931
1659433500,1005.2,1006.0,1001.15,1002.5,101836
1659498300,1010.0,1026.65,1008.05,1023.0,1429530
1659501000,1022.65,1025.8,1019.85,1024.45,423535
1659503700,1024.45,1025.15,1021.05,1024.35,297171
1659506400,1024.4,1028.75,1021.75,1024.35,389480
1659509100,1024.35,1025.35,1008.55,1013.1,594160
1659511800,1013.25,1014.15,1010.3,1012.9,139916
1659514500,1012.6,1013.45,1006.1,1006.55,168470
1659517200,1006.55,1013.3,1004.5,1011.75,381395
1659519900,1011.8,1015.65,1010.3,1014.55,227185
1659584700,1017.8,1029.75,1015.0,1024.95,477281
1659587400,1024.95,1033.8,1023.4,1031.2,367695
1659590100,1031.2,1032.6,1026.5,1027.35,192006
1659592800,1027.35,1031.9,1023.5,1028.8,222689
1659595500,1028.8,1030.0,1024.35,1029.85,172093
1659598200,1029.9,1034.7,1027.55,1033.4,155322
1659600900,1033.5,1039.5,1031.3,1038.65,285790
1659603600,1038.55,1046.9,1038.0,1044.0,686266
1659606300,1044.0,1045.7,1043.0,1044.0,303251
1659671100,1040.0,1045.95,1035.0,1038.55,422120
1659673800,1038.95,1039.95,1037.0,1039.8,140388
1659676500,1039.8,1043.45,1037.65,1037.65,177158
1659679200,1037.65,1040.4,1035.55,1036.5,136635
1659681900,1036.8,1038.4,1035.85,1037.05,98052
1659684600,1037.05,1042.25,1036.9,1038.15,137086
1659687300,1038.15,1039.6,1033.35,1034.2,119729
1659690000,1034.15,1035.8,1032.0,1034.2,203642
1659692700,1034.05,1036.0,1033.05,1035.8,116362
1659930300,1036.2,1039.5,1026.05,1028.55,206271
1659933000,1028.55,1028.55,1024.1,1026.3,80282
1659935700,1026.3,1029.65,1025.55,1028.9,64640
1659938400,1028.9,1029.5,1026.15,1028.15,74337
1659941100,1028.15,1028.4,1027.0,1027.65,38749
1659943800,1027.65,1028.45,1025.65,1027.7,50981
1659946500,1027.7,1028.2,1025.9,1027.0,57039
1659949200,1027.0,1029.95,1025.6,1029.65,118136
1659951900,1029.65,1031.35,1028.9,1030.75,74169
1660103100,1035.55,1046.3,1030.05,1032.7,352881
1660105800,1033.4,1037.5,1030.45,1037.5,102162
1660108500,1037.5,1038.95,1036.0,1036.1,72868
1660111200,1036.1,1036.25,1029.05,1031.45,141023
1660113900,1031.9,1033.75,1030.15,1032.3,104118
1660116600,1031.8,1035.0,1031.15,1031.7,102116
1660119300,1032.2,1036.75,1030.75,1033.25,142691
1660122000,1033.25,1039.85,1032.95,1038.9,202698
1660124700,1038.85,1039.6,1037.1,1037.55,67487
1660189500,1040.5,1045.95,1036.7,1041.7,138581
1660192200,1041.7,1049.0,1040.7,1044.0,156405
1660194900,1043.6,1044.0,1038.5,1040.95,67065
1660197600,1041.0,1042.45,1039.25,1040.35,39765
1660200300,1040.35,1041.4,1037.75,1038.45,29897
1660203000,1038.45,1040.1,1035.0,1037.1,91802
1660205700,1037.2,1040.55,1037.2,1039.95,87297
1660208400,1040.0,1041.75,1037.3,1039.0,166982
1660211100,1038.95,1039.3,1037.0,1037.85,60329
1660275900,1043.6,1043.6,1025.8,1033.15,260916
1660278600,1033.15,1039.6,1030.25,1035.85,120668
1660281300,1035.85,1036.9,1033.5,1034.2,59003
1660284000,1034.2,1036.6,1033.0,1035.65,46232
1660286700,1035.65,1036.0,1032.8,1033.35,55307
1660289400,1033.35,1034.7,1030.55,1034.45,91574
1660292100,1034.45,1034.8,1023.95,1026.05,170913
1660294800,1026.0,1029.3,1022.35,1026.9,228567
1660297500,1026.45,1028.6,1026.0,1028.0,106631
1660621500,1027.15,1035.0,1025.25,1033.4,149614
1660624200,1033.8,1033.9,1028.0,1029.0,66402
1660626900,1029.0,1033.5,1029.0,1030.5,63753
1660629600,1030.15,1032.0,1029.1,1030.85,68498
1660632300,1030.85,1031.5,1026.7,1030.15,106996
1660635000,1030.15,1030.95,1028.15,1030.9,54048
1660637700,1030.9,1031.5,1029.45,1030.0,44417
1660640400,1030.0,1035.95,1029.7,1035.1,155962
1660643100,1034.85,1036.0,1032.0,1036.0,65481
1660707900,1039.75,1042.95,1031.25,1033.55,152564
1660710600,1033.55,1036.1,1025.5,1025.65,239274
1660713300,1025.65,1028.55,1024.55,1027.55,101804
1660716000,1027.55,1028.9,1025.3,1028.1,54088
1660718700,1027.6,1028.7,1026.8,1027.6,47040
1660721400,1027.6,1028.5,1026.3,1028.0,69461
1660724100,1028.0,1028.75,1026.15,1027.85,91705
1660726800,1027.55,1027.95,1024.2,1025.35,219325
1660729500,1025.65,1027.0,1024.65,1027.0,124853
1660794300,1028.5,1028.5,1010.25,1016.8,243291
1660797000,1016.8,1017.55,1013.0,1014.35,59688
1660799700,1014.4,1015.0,1007.35,1008.3,151911
1660802400,1008.3,1013.9,1008.1,1012.5,85304
1660805100,1012.5,1023.95,1012.25,1022.5,178381
1660807800,1022.5,1024.15,1021.0,1022.95,75392
1660810500,1022.95,1026.35,1022.0,1026.05,63558
1660813200,1025.55,1034.05,1025.55,1031.4,266701
1660815900,1031.4,1033.35,1031.2,1033.0,75520
1660880700,1029.05,1036.6,1024.15,1025.3,142079
1660883400,1025.8,1029.95,1025.4,1025.55,44454
1660886100,1025.55,1026.0,1020.1,1023.5,64790
1660888800,1023.5,1028.4,1021.6,1023.85,49409
1660891500,1023.85,1031.3,1023.65,1028.2,74338
1660894200,1028.2,1031.9,1028.0,1030.3,48104
1660896900,1030.3,1030.6,1025.8,1030.0,64854
1660899600,1029.75,1032.0,1026.4,1029.75,101230
1660902300,1029.55,1031.0,1027.5,1029.0,63722
1661139900,1016.0,1029.85,1015.5,1021.95,158800
1661142600,1021.95,1025.8,1020.55,1024.55,55528
1661145300,1024.55,1027.9,1023.0,1025.7,208037
1661148000,1025.7,1026.85,1016.2,1021.55,124827
1661150700,1021.55,1023.1,1019.25,1019.3,18209
1661153400,1019.3,1021.5,1018.2,1019.0,57054
1661156100,1018.7,1020.4,1016.45,1019.9,40596
1661158800,1019.9,1023.0,1018.15,1021.9,195695
1661161500,1021.9,1028.4,1020.95,1021.0,131417
1661226300,1010.2,1044.25,1010.2,1043.6,449314
1661229000,1043.6,1046.8,1037.3,1038.0,358122
1661231700,1037.8,1043.0,1036.4,1041.4,112959
1661234400,1041.2,1043.0,1035.4,1038.0,144373
1661237100,1038.2,1038.5,1035.0,1036.0,93596
1661239800,1036.0,1037.6,1033.55,1034.8,97274
1661242500,1034.8,1040.9,1034.25,1040.1,219837
1661245200,1040.1,1041.85,1038.25,1041.05,292878
1661247900,1041.05,1042.4,1040.0,1040.9,97129
1661312700,1041.0,1053.85,1036.15,1038.4,466704
1661315400,1038.05,1039.7,1034.0,1037.65,117015
1661318100,1037.6,1040.7,1036.9,1039.0,83388
1661320800,1038.75,1039.1,1033.85,1035.3,118365
1661323500,1035.15,1035.75,1028.35,1030.2,127354
1661326200,1030.25,1034.3,1026.05,1033.5,124655
1661328900,1033.75,1036.7,1032.75,1035.45,240839
1661331600,1035.35,1039.0,1034.5,1038.45,186127
1661334300,1038.85,1039.1,1035.0,1035.8,94683
1661399100,1043.95,1043.95,1028.7,1032.5,182034
1661401800,1032.3,1033.15,1026.95,1028.8,128856
1661404500,1028.8,1032.3,1027.95,1029.1,95717
1661407200,1029.1,1031.05,1028.5,1029.9,66682
1661409900,1029.9,1032.6,1029.85,1030.6,72982
1661412600,1030.6,1031.0,1028.2,1029.25,90808
1661415300,1029.55,1031.5,1028.15,1030.85,65340
1661418000,1031.0,1031.8,1023.0,1023.55,332075
1661420700,1023.55,1024.55,1020.55,1020.9,75197
1661485500,1030.9,1030.9,1023.6,1027.15,229984
1661488200,1027.15,1030.8,1025.0,1028.2,324561
1661490900,1028.2,1035.7,1028.15,1032.5,103775
1661493600,1032.75,1032.9,1028.2,1029.35,44407
1661496300,1029.35,1030.0,1024.15,1026.0,64458
1661499000,1026.2,1026.35,1023.3,1024.55,98520
1661501700,1024.3,1025.0,1019.4,1022.05,111890
1661504400,1022.1,1023.05,1018.5,1021.0,161151
1661507100,1021.05,1022.5,1020.05,1022.5,123976
1661744700,1000.0,1010.95,991.3,1006.5,375863
1661747400,1006.5,1014.55,1006.5,1012.5,149982
1661750100,1012.5,1021.25,1011.15,1018.7,128894
1661752800,1018.7,1024.0,1015.0,1017.4,133717
1661755500,1017.4,1017.4,1015.0,1015.5,60065
1661758200,1015.5,1019.4,1015.5,1016.2,62787
1661760900,1016.0,1016.3,1014.0,1014.85,121918
1661763600,1014.45,1017.8,1013.25,1017.25,151667
1661766300,1017.25,1020.0,1016.05,1017.0,114293
1661831100,1018.5,1026.7,1016.1,1020.1,168151
1661833800,1020.65,1022.0,1018.4,1019.45,67004
1661836500,1019.45,1023.2,1019.0,1020.0,76027
1661839200,1020.0,1021.85,1017.0,1021.0,90707
1661841900,1021.05,1029.0,1020.8,1029.0,131851
1661844600,1029.0,1032.3,1027.9,1030.05,120258
1661847300,1030.0,1033.7,1029.3,1032.0,61277
1661850000,1032.3,1042.2,1032.05,1039.0,545245
1661852700,1039.0,1039.0,1032.75,1034.15,308866
1662003900,1026.0,1044.25,1026.0,1035.3,473085
1662006600,1035.3,1037.95,1032.6,1036.4,104788
1662009300,1036.4,1036.7,1030.4,1031.0,67874
1662012000,1031.0,1033.1,1027.0,1029.6,169040
1662014700,1030.0,1033.0,1027.95,1028.0,119866
1662017400,1028.5,1030.15,1026.05,1028.4,105323
1662020100,1028.35,1028.45,1023.25,1024.2,129731
1662022800,1024.2,1026.4,1021.65,1025.2,199605
1662025500,1025.1,1025.2,1019.4,1024.0,150993
1662090300,1024.0,1031.2,1019.6,1021.35,186438
1662093000,1021.35,1023.9,1018.8,1023.0,173957
1662095700,1023.0,1023.0,1020.0,1020.7,157205
1662098400,1020.7,1020.7,1014.1,1017.45,315667
1662101100,1017.6,1018.0,1014.9,1015.3,75623
1662103800,1015.3,1015.8,1012.8,1013.55,96432
1662106500,1013.75,1021.0,1012.05,1018.0,445650
1662109200,1017.9,1018.45,1013.8,1016.05,118862
1662111900,1016.0,1017.8,1013.05,1016.0,82963
1662349500,1012.5,1023.55,1012.0,1022.65,202438
1662352200,1022.85,1030.45,1022.05,1029.05,223689
1662354900,1029.0,1029.0,1025.1,1025.55,307797
1662357600,1025.55,1026.0,1023.8,1024.65,80902
1662360300,1024.65,1029.8,1023.6,1026.5,161791
1662363000,1026.5,1029.0,1025.4,1027.5,71295
1662365700,1027.5,1030.0,1027.2,1029.05,66108
1662368400,1029.25,1029.9,1025.7,1026.75,92838
1662371100,1026.55,1030.0,1024.0,1030.0,65403
1662435900,1025.0,1036.0,1024.9,1035.3,155964
1662438600,1035.8,1040.8,1035.5,1037.55,198081
1662441300,1037.55,1041.0,1036.8,1037.85,299766
1662444000,1037.4,1040.75,1037.25,1040.0,153513
1662446700,1040.0,1040.3,1036.0,1038.8,52806
1662449400,1038.8,1039.3,1034.3,1038.0,254076
1662452100,1038.0,1042.0,1036.5,1040.35,97245
1662454800,1040.25,1040.95,1038.0,1040.8,73172
1662457500,1040.7,1042.0,1039.0,1040.9,82361
1662522300,1033.85,1048.8,1033.0,1046.25,288544
1662525000,1046.25,1046.4,1040.3,1042.55,130181
1662527700,1042.55,1044.55,1038.95,1042.0,325702
1662530400,1042.0,1044.3,1039.1,1040.2,202499
1662533100,1039.6,1043.3,1039.55,1042.0,55825
1662535800,1042.5,1051.0,1041.9,1050.3,170470
1662538500,1049.7,1061.85,1042.2,1059.8,885611
1662541200,1059.55,1060.2,1050.0,1050.95,281750
1662543900,1051.0,1051.0,1049.3,1050.8,124511
1662608700,1058.5,1059.75,1045.05,1046.25,330546
1662611400,1046.2,1053.1,1044.0,1051.3,241596
1662614100,1051.3,1052.5,1049.0,1049.0,124528
1662616800,1049.35,1050.9,1044.25,1050.5,209110
1662619500,1050.55,1050.65,1046.5,1047.0,105103
1662622200,1046.8,1054.55,1045.55,1054.3,180899
1662624900,1054.3,1056.0,1051.2,1053.8,121394
1662627600,1054.0,1057.85,1052.95,1055.05,279726
1662630300,1055.0,1057.25,1051.5,1053.8,159013
1662695100,1060.0,1064.65,1055.05,1064.0,173010
1662697800,1064.3,1065.95,1061.25,1062.5,131942
1662700500,1062.5,1062.75,1059.8,1061.45,163746
1662703200,1061.45,1062.0,1057.5,1059.1,87267
1662705900,1059.4,1063.0,1059.1,1061.1,71221
1662708600,1060.95,1061.4,1056.45,1059.55,191167
1662711300,1059.8,1060.65,1057.1,1060.0,103156
1662714000,1060.0,1060.7,1058.05,1058.75,97897
1662716700,1058.75,1061.5,1055.0,1055.0,71713
1662954300,1058.3,1065.0,1057.1,1064.0,195377
1662957000,1063.9,1068.5,1062.5,1067.95,108310
1662959700,1067.95,1068.05,1064.0,1065.0,78792
1662962400,1064.95,1065.6,1061.25,1062.0,95733
1662965100,1062.0,1064.0,1060.2,1063.0,110957
1662967800,1063.0,1063.95,1060.55,1063.35,70630
1662970500,1063.7,1067.7,1062.9,1066.05,68360
1662973200,1065.85,1066.05,1063.6,1064.8,128424
1662975900,1064.8,1065.2,1061.3,1064.9,76229
1663040700,1057.05,1062.55,1053.25,1058.9,253661
1663043400,1058.9,1063.0,1058.9,1060.9,97291
1663046100,1060.9,1061.25,1057.95,1059.2,80464
1663048800,1059.1,1059.45,1056.0,1057.1,101323
1663051500,1057.1,1061.0,1055.0,1055.5,172565
1663054200,1055.5,1056.85,1052.65,1056.65,111253
1663056900,1056.3,1057.75,1054.65,1056.9,71213
1663059600,1056.7,1059.9,1055.0,1059.7,153031
1663062300,1059.75,1060.0,1058.0,1058.0,91497
1663127100,1040.0,1060.0,1040.0,1056.05,120559
1663129800,1056.05,1060.85,1053.6,1060.8,49124
1663132500,1060.8,1063.45,1060.0,1061.65,68694
1663135200,1061.65,1068.0,1061.15,1065.0,126196
1663137900,1064.7,1065.2,1062.2,1064.0,109846
1663140600,1064.0,1064.45,1059.85,1061.0,134111
1663143300,1061.15,1066.0,1061.15,1064.0,127660
1663146000,1064.0,1065.8,1056.5,1056.65,165234
1663148700,1056.65,1062.2,1055.6,1059.55,92471
1663213500,1060.0,1062.95,1043.0,1043.25,178228
1663216200,1043.25,1043.25,1033.0,1033.35,116340
1663218900,1033.1,1036.4,1029.95,1033.45,92303
1663221600,1033.8,1036.4,1031.0,1031.45,53041
1663224300,1031.45,1032.95,1028.5,1032.85,81771
1663227000,1032.9,1034.1,1030.8,1031.2,50699
1663229700,1030.8,1036.0,1030.2,1035.0,78126
1663232400,1034.6,1036.0,1032.85,1034.2,179905
1663235100,1034.25,1034.25,1031.05,1033.0,94767
1663299900,1038.5,1050.75,1034.0,1050.35,356638
1663302600,1050.6,1057.1,1045.95,1052.25,344060
1663305300,1052.35,1058.5,1051.5,1055.25,156468
1663308000,1055.25,1058.0,1054.15,1057.55,183851
1663310700,1057.55,1060.0,1054.05,1055.3,181876
1663313400,1055.75,1057.0,1049.15,1052.2,207912
1663316100,1052.85,1055.5,1048.1,1052.5,312658
1663318800,1052.5,1055.0,1039.7,1046.0,688188
1663321500,1046.2,1046.2,1039.0,1043.9,412809
1663559100,1043.95,1043.95,1015.0,1025.05,388349
1663561800,1025.0,1031.75,1025.0,1030.35,200800
1663564500,1030.35,1034.55,1028.65,1033.1,156540
1663567200,1033.15,1034.0,1026.55,1028.1,382483
1663569900,1028.0,1029.2,1024.2,1025.5,249834
1663572600,1025.5,1026.95,1023.15,1024.3,134068
1663575300,1024.3,1029.85,1023.95,1026.5,138262
1663578000,1026.4,1036.0,1026.1,1035.15,233550
1663580700,1035.15,1042.7,1033.4,1033.4,182040
1663645500,1041.5,1057.5,1039.5,1055.05,216719
1663648200,1055.05,1060.0,1052.8,1057.75,114721
1663650900,1057.65,1070.0,1057.65,1067.0,219770
1663653600,1067.0,1074.0,1065.6,1067.5,257305
1663656300,1067.65,1073.5,1066.7,1073.1,108193
1663659000,1073.15,1075.8,1071.5,1072.8,185708
1663661700,1073.2,1075.35,1070.15,1073.7,175129
1663664400,1073.9,1091.15,1073.7,1090.7,721089
1663667100,1090.7,1097.55,1090.4,1095.0,490809
1663731900,1100.0,1101.85,1089.1,1092.5,692858
1663734600,1092.05,1093.0,1081.3,1081.35,306509
1663737300,1081.35,1082.55,1078.1,1080.0,201653
1663740000,1080.0,1081.35,1070.3,1075.25,183500
1663742700,1075.25,1075.65,1071.75,1074.05,73424
1663745400,1074.3,1082.2,1072.05,1080.8,190721
1663748100,1080.8,1084.2,1077.15,1078.35,176047
1663750800,1078.25,1079.6,1071.2,1072.0,273403
1663753500,1072.1,1073.0,1064.25,1066.15,165875
1663818300,1061.15,1071.8,1053.35,1058.95,345001
1663821000,1058.6,1062.35,1051.0,1058.4,259213
1663823700,1057.95,1062.85,1054.45,1055.0,153524
1663826400,1054.8,1058.55,1052.6,1054.3,161699
1663829100,1054.3,1058.0,1051.5,1057.55,125864
1663831800,1057.5,1061.65,1054.05,1061.55,144544
1663834500,1061.45,1068.0,1060.0,1066.2,172136
1663837200,1066.2,1069.0,1059.55,1061.05,200052
1663839900,1061.3,1063.9,1060.45,1062.0,70227
1663904700,1067.25,1093.0,1064.1,1078.0,1139217
1663907400,1077.55,1077.9,1065.4,1068.65,452367
1663910100,1068.65,1071.15,1063.25,1070.35,222304
1663912800,1069.65,1071.15,1065.8,1067.0,331909
1663915500,1067.0,1076.0,1067.0,1074.45,221970
1663918200,1074.45,1078.85,1071.55,1077.35,176759
1663920900,1077.35,1078.65,1073.85,1075.15,190890
1663923600,1075.3,1077.8,1063.65,1070.45,350680
1663926300,1070.7,1071.45,1067.25,1071.45,175371
1664163900,1065.7,1068.9,1050.85,1060.35,177087
1664166600,1060.05,1064.5,1060.0,1062.85,86266
1664169300,1062.75,1066.85,1061.35,1063.25,72118
1664172000,1063.25,1076.2,1062.25,1073.0,166182
1664174700,1073.0,1074.55,1070.25,1072.0,109216
1664177400,1072.4,1081.2,1067.95,1069.5,180171
1664180100,1069.7,1070.65,1063.0,1068.4,138017
1664182800,1068.4,1069.3,1063.2,1065.5,188376
1664185500,1065.45,1067.75,1065.0,1065.05,99741
1664250300,1070.95,1094.75,1069.0,1085.0,709373
1664253000,1085.0,1088.5,1077.35,1082.6,244716
1664255700,1082.85,1086.5,1073.1,1075.0,223665
1664258400,1075.0,1078.0,1073.9,1076.75,146765
1664261100,1076.85,1082.65,1074.7,1080.55,79671
1664263800,1080.55,1082.0,1076.15,1078.35,91460
1664266500,1078.35,1089.0,1078.35,1088.5,197463
1664269200,1088.35,1098.0,1087.7,1096.9,385900
1664271900,1096.35,1104.9,1096.35,1102.0,258978
1664336700,1101.0,1117.7,1095.05,1098.0,1334347
1664339400,1098.05,1103.4,1095.8,1099.9,231929
1664342100,1099.9,1101.9,1098.05,1098.35,147007
1664344800,1098.2,1100.0,1096.5,1097.5,202478
1664347500,1097.6,1098.3,1087.65,1095.45,369468
1664350200,1095.15,1099.0,1091.05,1096.95,241639
1664352900,1097.0,1102.2,1095.8,1098.15,206038
1664355600,1098.15,1100.3,1093.0,1099.9,412170
1664358300,1099.9,1100.25,1093.35,1094.0,293016
1664423100,1100.55,1107.9,1088.1,1102.9,364193
1664425800,1102.35,1111.3,1102.2,1109.7,215947
1664428500,1109.7,1111.15,1105.1,1108.2,124660
1664431200,1108.15,1116.45,1107.7,1115.35,251739
1664433900,1115.8,1116.8,1112.1,1112.5,133322
1664436600,1112.85,1115.95,1104.0,1112.85,193326
1664439300,1112.3,1119.4,1111.45,1118.0,162685
1664442000,1118.0,1121.65,1111.0,1116.4,419030
1664444700,1116.25,1120.0,1115.2,1120.0,225181
1664509500,1119.75,1128.0,1115.85,1118.95,406950
1664512200,1119.05,1119.8,1108.15,1110.7,168826
1664514900,1110.7,1113.5,1105.05,1107.75,161753
1664517600,1107.75,1116.8,1107.75,1112.0,130785
1664520300,1112.0,1119.95,1110.15,1117.45,135364
1664523000,1117.45,1123.0,1116.4,1120.35,148299
1664525700,1120.35,1120.95,1117.0,1118.5,122532
1664528400,1119.0,1125.0,1111.15,1111.7,352707
1664531100,1111.7,1115.0,1110.15,1115.0,202500
1664768700,1116.8,1130.0,1115.0,1126.7,455914
1664771400,1127.1,1138.0,1124.2,1137.2,347947
1664774100,1137.0,1141.55,1132.25,1138.85,297579
1664776800,1138.7,1144.0,1136.95,1142.2,233888
1664779500,1142.6,1144.85,1139.45,1143.0,225779
1664782200,1143.35,1144.9,1137.1,1138.4,205850
1664784900,1138.0,1142.95,1136.9,1138.4,180716
1664787600,1137.8,1140.2,1130.25,1130.65,358420
1664790300,1131.0,1132.0,1124.6,1130.0,292804
1664855100,1138.85,1145.0,1133.0,1139.8,341093
1664857800,1139.8,1145.0,1138.6,1143.8,158111
1664860500,1143.8,1144.4,1137.4,1140.45,141010
1664863200,1140.45,1144.8,1138.75,1144.6,175326
1664865900,1144.8,1147.2,1142.3,1145.8,328732
1664868600,1146.15,1146.55,1143.1,1144.9,165208
1664871300,1144.7,1146.4,1142.6,1143.35,177943
1664874000,1143.55,1145.05,1143.3,1143.75,249802
1664876700,1143.75,1147.5,1143.5,1145.0,169808
1665027900,1150.4,1150.4,1131.6,1134.0,253597
1665030600,1133.9,1137.0,1130.55,1131.0,117161
1665033300,1131.0,1132.0,1126.25,1129.2,187843
1665036000,1129.2,1131.2,1128.15,1130.0,165951
1665038700,1129.95,1130.5,1127.0,1127.9,103883
1665041400,1127.7,1129.0,1124.0,1127.6,157081
1665044100,1127.6,1133.0,1126.5,1132.95,188390
1665046800,1132.95,1136.45,1132.15,1134.4,253946
1665049500,1134.45,1138.0,1132.45,1135.0,124008
1665114300,1135.0,1147.2,1131.5,1137.2,327479
1665117000,1137.0,1138.95,1130.5,1138.2,132704
1665119700,1138.2,1142.2,1133.55,1141.3,139955
1665122400,1141.3,1141.3,1136.0,1137.6,73317
1665125100,1137.3,1138.8,1132.7,1137.1,96362
1665127800,1137.1,1138.65,1134.0,1135.6,89716
1665130500,1135.55,1135.7,1130.65,1130.65,93127
1665133200,1130.65,1132.05,1129.05,1130.0,142966
1665135900,1130.1,1132.5,1129.5,1132.5,84054
1665373500,1110.0,1131.5,1110.0,1119.85,385753
1665376200,1119.85,1120.9,1115.05,1117.9,209385
1665378900,1117.9,1123.0,1115.6,1120.0,139048
1665381600,1120.0,1122.45,1119.5,1121.05,93320
1665384300,1121.1,1123.65,1119.7,1119.95,114592
1665387000,1119.95,1120.05,1117.3,1117.3,72692
1665389700,1117.3,1118.15,1112.0,1116.0,217666
1665392400,1116.0,1121.5,1115.25,1120.75,247864
1665395100,1120.75,1122.45,1118.6,1120.0,98237
1665459900,1121.8,1121.8,1106.05,1108.1,297040
1665462600,1108.7,1108.8,1104.15,1106.4,168331
1665465300,1106.1,1115.5,1103.8,1112.3,214161
1665468000,1112.7,1118.65,1112.05,1116.3,146550
1665470700,1116.4,1121.85,1114.2,1121.8,109248
1665473400,1121.8,1124.15,1116.0,1122.55,168243
1665476100,1122.6,1127.15,1114.1,1114.55,153990
1665478800,1114.45,1115.45,1109.8,1109.8,201879
1665481500,1109.85,1111.0,1106.0,1106.1,76226
1665546300,1111.6,1118.05,1110.0,1112.05,126050
1665549000,1112.05,1112.55,1100.35,1100.65,129078
1665551700,1100.9,1107.25,1099.55,1102.5,168473
1665554400,1102.55,1114.65,1102.5,1111.0,167708
1665557100,1111.0,1113.4,1104.55,1106.25,89382
1665559800,1106.25,1109.75,1103.9,1107.6,60935
1665562500,1107.6,1110.45,1106.65,1109.85,52397
1665565200,1109.85,1110.05,1099.2,1109.65,318716
1665567900,1109.6,1110.0,1106.4,1108.0,117378
1665632700,1108.4,1125.8,1107.1,1124.25,298399
1665635400,1124.25,1127.85,1112.5,1114.8,278362
1665638100,1114.8,1115.0,1108.8,1109.0,130660
1665640800,1109.0,1112.55,1106.2,1106.95,111122
1665643500,1107.25,1109.0,1103.9,1106.55,107774
1665646200,1106.55,1107.45,1103.0,1103.35,52528
1665648900,1103.2,1107.0,1101.1,1106.4,162877
1665651600,1106.4,1109.0,1103.15,1104.15,158801
1665654300,1104.15,1104.85,1101.55,1103.0,137323
1665719100,1115.1,1117.5,1106.9,1111.45,154179
1665721800,1110.95,1113.1,1108.05,1110.95,106509
1665724500,1110.95,1112.0,1109.3,1109.95,47372
1665727200,1109.95,1110.5,1108.75,1110.0,149168
1665729900,1110.0,1118.4,1109.95,1118.25,106512
1665732600,1117.75,1120.0,1116.3,1117.6,97404
1665735300,1117.65,1118.0,1114.25,1116.35,119194
1665738000,1116.35,1119.15,1109.25,1110.35,166086
1665740700,1110.4,1110.9,1105.4,1105.4,183366
1665978300,1108.0,1112.0,1104.05,1109.0,106436
1665981000,1109.1,1110.8,1103.1,1105.0,112793
1665983700,1105.0,1108.45,1102.2,1103.0,183349
1665986400,1103.0,1105.25,1098.8,1105.25,169097
1665989100,1105.05,1110.4,1104.25,1109.05,59791
1665991800,1109.05,1113.05,1108.0,1112.95,66634
1665994500,1112.95,1112.95,1108.1,1110.25,60256
1665997200,1110.15,1111.0,1105.6,1107.3,223169
1665999900,1107.3,1111.1,1107.25,1111.1,93439
1666064700,1113.7,1119.75,1112.15,1115.75,173503
1666067400,1115.75,1116.75,1113.1,1114.1,90512
1666070100,1114.35,1115.15,1111.2,1112.3,73297
1666072800,1112.3,1117.25,1110.3,1115.9,91525
1666075500,1115.9,1118.5,1115.1,1118.2,65966
1666078200,1118.2,1120.8,1117.2,1117.7,73696
1666080900,1117.7,1118.2,1115.0,1115.3,54565
1666083600,1115.3,1127.4,1115.25,1126.15,166583
1666086300,1126.05,1130.2,1125.3,1129.5,168791
1666151100,1131.5,1145.0,1130.0,1131.25,514002
1666153800,1131.25,1131.8,1126.0,1127.75,146306
1666156500,1127.75,1134.0,1126.0,1129.8,82383
1666159200,1129.8,1132.0,1127.55,1128.35,55963
1666161900,1128.35,1129.65,1123.65,1126.6,66440
1666164600,1126.6,1128.0,1122.1,1123.2,86223
1666167300,1123.2,1124.1,1120.0,1124.1,98294
1666170000,1124.1,1125.65,1120.0,1120.9,139185
1666172700,1121.0,1123.95,1119.1,1123.0,108219
1666237500,1122.0,1136.75,1117.0,1134.9,391019
1666240200,1134.9,1138.55,1133.15,1136.3,227680
1666242900,1136.3,1136.95,1128.15,1128.2,171469
1666245600,1128.2,1130.1,1125.9,1128.85,98212
1666248300,1128.85,1132.7,1128.35,1132.15,113643
1666251000,1132.25,1134.55,1130.8,1132.1,115644
1666253700,1132.1,1135.5,1131.25,1134.95,120106
1666256400,1135.0,1136.9,1132.95,1135.6,230260
1666259100,1135.95,1142.0,1135.15,1138.05,163996
1666323900,1136.8,1148.0,1133.0,1139.1,243929
1666326600,1139.1,1145.0,1137.0,1143.85,130542
1666329300,1143.85,1145.0,1140.0,1142.7,98555
1666332000,1142.95,1142.95,1139.15,1141.85,111426
1666334700,1141.9,1143.0,1133.6,1135.25,158376
1666337400,1135.05,1136.95,1132.5,1135.25,157781
1666340100,1135.25,1138.45,1133.0,1133.0,122515
1666342800,1133.0,1137.8,1132.65,1132.75,220879
1666345500,1133.0,1140.2,1132.65,1140.2,103689
1666615500,1145.6,1150.0,1141.55,1147.5,100895
1666618200,1146.6,1148.1,1145.0,1146.15,26933
1666669500,1147.0,1164.85,1146.9,1161.6,590139
1666672200,1161.6,1161.95,1153.4,1153.7,274297
1666674900,1153.85,1157.2,1150.65,1151.1,184435
1666677600,1151.1,1152.45,1149.55,1152.0,180049
1666680300,1152.0,1153.25,1150.0,1152.85,150616
1666683000,1152.85,1160.0,1152.0,1157.2,193113
1666685700,1157.3,1161.6,1153.35,1153.9,142868
1666688400,1153.85,1158.45,1153.35,1156.85,263736
1666691100,1156.75,1158.95,1153.15,1155.05,230869
1666842300,1169.95,1180.1,1161.3,1175.4,767537
1666845000,1175.4,1177.9,1170.25,1171.0,198717
1666847700,1170.65,1171.3,1158.5,1159.4,231264
1666850400,1159.0,1160.7,1156.3,1159.0,111652
1666853100,1159.0,1163.8,1158.25,1162.45,144757
1666855800,1162.45,1164.6,1159.7,1160.05,116775
1666858500,1160.05,1162.0,1156.75,1158.95,84812
1666861200,1158.75,1168.0,1157.0,1166.45,463426
1666863900,1166.45,1168.85,1162.7,1165.75,231329
1666928700,1169.0,1171.8,1156.1,1166.0,309066
1666931400,1166.0,1170.0,1164.75,1165.0,130479
1666934100,1164.95,1168.0,1164.15,1164.65,129939
1666936800,1164.65,1165.0,1160.7,1161.45,63459
1666939500,1161.45,1161.65,1157.6,1158.6,68917
1666942200,1159.2,1160.0,1158.5,1159.9,56253
1666944900,1159.9,1159.9,1155.3,1156.25,62262
1666947600,1156.35,1157.5,1153.5,1155.9,164036
1666950300,1155.75,1156.0,1151.0,1155.0,101215
1667187900,1161.0,1177.85,1159.05,1170.0,309879
1667190600,1169.4,1170.0,1165.6,1167.15,106145
1667193300,1167.15,1170.0,1165.0,1169.2,151559
1667196000,1169.0,1170.0,1165.0,1167.55,237866
1667198700,1167.95,1170.9,1167.3,1169.0,126256
1667201400,1168.85,1170.0,1161.05,1162.25,188005
1667204100,1161.95,1167.0,1160.35,1166.05,199029
1667206800,1166.45,1170.0,1164.9,1166.9,143847
1667209500,1167.0,1169.9,1163.5,1168.0,89229
1667274300,1167.5,1179.75,1167.0,1171.75,208362
1667277000,1171.75,1180.0,1171.35,1179.9,98579
1667279700,1179.4,1185.25,1176.0,1177.75,149128
1667282400,1177.35,1183.5,1176.65,1177.4,136853
1667285100,1177.35,1178.5,1173.0,1173.9,91799
1667287800,1173.9,1178.7,1172.6,1175.95,160944
1667290500,1175.95,1176.8,1167.1,1167.85,168555
1667293200,1167.65,1176.35,1163.6,1176.15,330177
1667295900,1176.0,1177.0,1170.95,1173.0,145168
1667360700,1173.55,1178.4,1165.15,1174.9,182835
1667363400,1175.1,1176.2,1172.25,1173.95,69634
1667366100,1173.95,1175.8,1168.95,1169.65,78679
1667368800,1169.65,1173.15,1168.6,1169.95,134764
1667371500,1170.0,1170.0,1167.0,1167.7,124989
1667374200,1167.7,1167.7,1159.9,1160.7,193593
1667376900,1160.35,1164.8,1159.25,1162.55,179624
1667379600,1161.95,1164.4,1156.2,1158.6,294939
1667382300,1158.55,1162.6,1158.2,1158.45,219266
1667447100,1152.2,1163.0,1151.1,1161.95,308987
1667449800,1161.95,1170.95,1161.1,1170.05,105473
1667452500,1170.05,1176.0,1170.0,1171.5,135385
1667455200,1171.5,1172.15,1164.15,1165.0,915615
1667457900,1165.0,1166.5,1160.4,1160.9,87160
1667460600,1160.9,1161.25,1157.2,1159.05,83320
1667463300,1158.95,1160.95,1157.0,1158.5,116239
1667466000,1158.15,1163.0,1157.5,1162.7,166288
1667468700,1162.7,1168.35,1161.05,1165.0,66877
1667533500,1167.85,1175.25,1157.6,1160.05,221486
1667536200,1160.15,1163.0,1159.1,1161.7,50710
1667538900,1161.7,1162.85,1159.95,1160.5,38404
1667541600,1160.5,1161.35,1157.0,1157.85,83921
1667544300,1158.0,1158.1,1154.15,1154.7,64370
1667547000,1154.7,1165.35,1154.25,1165.35,142593
1667549700,1165.35,1169.9,1149.05,1155.65,562183
1667552400,1155.95,1159.95,1141.0,1147.6,419864
1667555100,1147.6,1149.0,1145.85,1146.05,127059
1667792700,1146.1,1152.0,1125.75,1131.9,458289
1667795400,1132.0,1132.0,1126.25,1129.0,192560
1667798100,1129.0,1129.0,1123.2,1126.0,157827
1667800800,1126.0,1126.45,1122.2,1124.25,107891
1667803500,1124.25,1125.95,1119.0,1120.9,182059
1667806200,1120.9,1123.95,1116.5,1119.3,204084
1667808900,1119.65,1127.2,1118.7,1126.95,252148
1667811600,1126.95,1131.5,1125.2,1131.05,286256
1667814300,1131.0,1131.9,1129.05,1129.45,159144
1667965500,1141.1,1154.95,1137.4,1148.95,598994
1667968200,1148.55,1149.6,1140.85,1142.0,176301
1667970900,1142.0,1146.65,1136.0,1136.65,199714
1667973600,1136.55,1139.45,1133.05,1133.15,160925
1667976300,1133.4,1134.8,1130.1,1133.45,163460
1667979000,1133.45,1134.2,1129.35,1129.95,114265
1667981700,1130.0,1130.85,1127.2,1129.55,106691
1667984400,1129.4,1130.9,1128.0,1130.4,371667
1667987100,1130.4,1130.45,1125.0,1129.0,169603
1668051900,1130.0,1152.0,1128.2,1136.6,681880
1668054600,1136.6,1140.0,1131.05,1139.35,239015
1668057300,1138.5,1139.5,1133.2,1134.2,118796
1668060000,1134.2,1135.0,1125.65,1129.9,166368
1668062700,1129.9,1131.0,1122.45,1122.55,183439
1668065400,1122.9,1125.95,1120.0,1122.5,161342
1668068100,1122.5,1123.25,1119.0,1121.4,145101
1668070800,1121.4,1127.4,1119.0,1121.95,190258
1668073500,1121.95,1125.0,1120.4,1125.0,141202
1668138300,1130.0,1143.85,1125.65,1134.1,515660
1668141000,1134.1,1139.0,1132.0,1134.1,170206
1668143700,1134.1,1134.45,1123.9,1125.6,114612
1668146400,1125.55,1127.05,1119.05,1123.4,139951
1668149100,1123.4,1125.0,1121.0,1123.6,78461
1668151800,1123.6,1123.95,1118.1,1119.2,67115
1668154500,1119.2,1123.55,1116.9,1119.6,96195
1668157200,1119.6,1123.85,1116.65,1122.5,179890
1668159900,1122.45,1123.4,1119.4,1122.5,145345
1668397500,1124.5,1130.25,1122.0,1127.2,244518
1668400200,1127.2,1127.95,1120.0,1121.9,169639
1668402900,1121.9,1123.2,1118.65,1120.0,188248
1668405600,1119.95,1126.1,1118.2,1125.25,140603
1668408300,1125.25,1126.0,1120.9,1122.9,129239
1668411000,1123.3,1125.55,1121.3,1124.55,116460
1668413700,1124.5,1129.65,1118.95,1128.6,213708
1668416400,1128.6,1133.6,1128.6,1129.6,194328
1668419100,1129.6,1130.0,1126.25,1129.0,102895
1668483900,1134.95,1134.95,1121.1,1125.9,153402
1668486600,1125.9,1126.65,1118.0,1119.1,102409
1668489300,1119.1,1120.8,1110.85,1116.0,144373
1668492000,1116.0,1120.5,1114.3,1119.05,68486
1668494700,1119.05,1124.05,1118.05,1123.85,96119
1668497400,1123.85,1123.9,1119.55,1120.85,121841
1668500100,1120.7,1122.25,1115.0,1115.95,100602
1668502800,1116.0,1120.05,1114.55,1119.7,262227
1668505500,1119.7,1123.7,1116.85,1122.85,211394
1668570300,1120.95,1136.45,1119.55,1132.15,502068
1668573000,1132.3,1132.3,1123.45,1124.85,189805
1668575700,1124.85,1126.1,1122.35,1125.95,93422
1668578400,1125.95,1126.0,1120.95,1121.0,81161
1668581100,1121.05,1122.0,1117.45,1119.0,130701
1668583800,1119.0,1120.5,1117.25,1118.8,121967
1668586500,1118.7,1120.0,1117.5,1119.9,193216
1668589200,1119.9,1124.35,1118.0,1121.0,189892
1668591900,1120.75,1123.0,1119.8,1122.45,145581
1668656700,1125.0,1132.45,1123.25,1129.95,330638
1668659400,1130.75,1132.0,1124.0,1124.05,171693
1668662100,1124.05,1126.95,1121.75,1124.4,129293
1668664800,1124.4,1125.0,1120.55,1122.75,68613
1668667500,1122.75,1122.9,1121.15,1121.25,68059
1668670200,1121.5,1125.45,1120.2,1124.0,87339
1668672900,1124.0,1124.9,1120.8,1121.4,83358
1668675600,1121.4,1123.45,1118.0,1118.3,212349
1668678300,1118.3,1120.0,1116.45,1120.0,117342
1668743100,1124.0,1127.05,1116.1,1120.25,171309
1668745800,1120.25,1120.6,1109.55,1112.4,114728
1668748500,1112.4,1114.35,1111.55,1113.6,89483
1668751200,1113.4,1115.35,1108.15,1110.0,117996
1668753900,1110.0,1111.6,1108.8,1109.45,107093
1668756600,1109.45,1110.0,1107.0,1107.45,143443
1668759300,1107.45,1108.0,1103.55,1105.0,111798
1668762000,1105.0,1107.8,1102.0,1102.4,377877
1668764700,1102.4,1105.0,1099.45,1103.5,250448
1669002300,1104.95,1108.2,1094.95,1099.8,191457
1669005000,1099.8,1101.0,1098.0,1099.7,47373
1669007700,1099.7,1101.0,1098.0,1099.0,69166
1669010400,1099.0,1100.9,1095.0,1096.0,182602
1669013100,1096.0,1097.25,1093.75,1095.0,484528
1669015800,1095.0,1101.05,1094.95,1100.0,98150
1669018500,1099.6,1102.5,1098.45,1100.55,103283
1669021200,1100.55,1106.0,1099.25,1106.0,218061
1669023900,1106.0,1107.55,1104.2,1107.5,91531
1669088700,1107.45,1109.7,1101.25,1103.5,167948
1669091400,1103.2,1105.55,1101.55,1103.2,75333
1669094100,1103.2,1104.5,1102.0,1104.4,58596
1669096800,1104.4,1105.0,1103.25,1104.5,63403
1669099500,1104.5,1105.0,1100.3,1101.35,277706
1669102200,1101.45,1102.0,1098.45,1098.95,135562
1669104900,1098.95,1102.95,1097.2,1102.5,217105
1669107600,1102.55,1104.75,1100.0,1104.6,175459
1669110300,1104.65,1104.65,1102.0,1103.95,130211
1669175100,1108.9,1117.0,1106.95,1115.1,254641
1669177800,1115.1,1124.55,1114.0,1114.5,428008
1669180500,1114.5,1116.0,1106.45,1109.1,275683
1669183200,1109.1,1109.15,1103.45,1103.6,221433
1669185900,1103.6,1105.4,1103.6,1104.5,199871
1669188600,1104.5,1104.5,1099.8,1101.0,107558
1669191300,1101.05,1106.95,1098.65,1106.95,272140
1669194000,1106.85,1109.8,1105.85,1106.8,267131
1669196700,1107.0,1111.95,1106.3,1110.05,164945
1669261500,1113.55,1117.65,1106.05,1111.85,137014
1669264200,1112.25,1113.0,1111.0,1112.2,76343
1669266900,1112.2,1112.4,1103.65,1107.8,255821
1669269600,1107.8,1108.4,1105.05,1106.0,109284
1669272300,1106.0,1108.5,1105.55,1107.85,186514
1669275000,1107.65,1111.25,1106.85,1108.75,88317
1669277700,1108.75,1110.0,1101.85,1102.45,94867
1669280400,1102.45,1103.0,1092.55,1095.75,987781
1669283100,1094.85,1098.3,1092.4,1097.1,995336
1669347900,1093.05,1096.0,1078.5,1089.05,499400
1669350600,1089.4,1093.75,1088.1,1092.5,151098
1669353300,1093.05,1100.8,1092.5,1099.2,184706
1669356000,1099.15,1101.35,1097.45,1098.4,174341
1669358700,1098.4,1101.35,1098.4,1100.25,58122
1669361400,1100.25,1100.6,1098.0,1100.6,72702
1669364100,1100.7,1104.5,1099.7,1103.35,91469
1669366800,1103.85,1107.0,1102.3,1106.0,117379
1669369500,1106.0,1106.25,1102.25,1104.8,99888
1669607100,1100.0,1110.0,1099.35,1104.85,92722
1669609800,1104.85,1108.75,1104.15,1105.25,48421
1669612500,1105.2,1105.55,1098.25,1099.0,82771
1669615200,1099.0,1099.8,1096.75,1097.85,60136
1669617900,1097.85,1097.85,1094.1,1095.6,62516
1669620600,1095.6,1097.9,1095.25,1096.25,59487
1669623300,1096.25,1100.0,1095.1,1099.2,75591
1669626000,1099.2,1102.5,1097.1,1101.5,104455
1669628700,1101.95,1102.95,1101.0,1101.0,85114
1669693500,1106.0,1125.85,1105.0,1122.2,839931
1669696200,1121.7,1124.8,1120.5,1122.3,164634
1669698900,1122.0,1122.25,1116.0,1116.5,158845
1669701600,1116.65,1117.0,1113.6,1114.4,133346
1669704300,1114.75,1115.85,1111.4,1112.35,101463
1669707000,1112.35,1117.9,1111.9,1117.25,126322
1669709700,1117.25,1120.0,1116.75,1117.45,95558
1669712400,1117.8,1121.8,1117.65,1120.7,182641
1669715100,1120.85,1122.2,1119.75,1122.2,95773
1669779900,1121.15,1133.1,1120.5,1128.3,356483
1669782600,1128.3,1129.9,1122.3,1123.0,138796
1669785300,1123.0,1125.2,1120.0,1123.25,131111
1669788000,1123.25,1124.4,1122.05,1124.15,71799
1669790700,1124.15,1129.75,1124.15,1127.5,133570
1669793400,1127.5,1129.9,1126.3,1129.0,117499
1669796100,1129.0,1130.0,1127.35,1129.95,123644
1669798800,1129.95,1141.2,1126.55,1141.2,890904
1669801500,1141.0,1149.0,1140.0,1142.9,714350
1669866300,1145.0,1145.2,1126.0,1127.0,217240
1669869000,1127.0,1129.55,1123.5,1124.35,124634
1669871700,1124.35,1127.5,1120.1,1120.95,207609
1669874400,1120.65,1121.0,1117.0,1119.15,161445
1669877100,1119.15,1122.45,1118.6,1121.45,90779
1669879800,1121.45,1122.45,1118.5,1119.75,63896
1669882500,1119.75,1122.45,1118.0,1122.0,95815
1669885200,1122.0,1126.0,1121.25,1124.45,250633
1669887900,1124.45,1126.05,1123.45,1125.0,146802
1669952700,1124.9,1124.9,1114.0,1116.8,223540
1669955400,1116.7,1117.7,1105.6,1106.8,429169
1669958100,1106.9,1107.6,1100.7,1102.05,703892
1669960800,1101.95,1104.8,1099.0,1103.85,286372
1669963500,1103.85,1110.75,1103.8,1109.0,191567
1669966200,1109.0,1113.5,1107.45,1112.75,139665
1669968900,1112.8,1115.4,1112.0,1114.95,155358
1669971600,1114.95,1115.0,1110.35,1110.95,173374
1669974300,1110.65,1120.15,1110.25,1120.0,281085
1670211900,1114.35,1122.55,1108.4,1111.15,193347
1670214600,1111.5,1111.55,1108.15,1110.1,57626
1670217300,1110.15,1117.05,1109.45,1113.15,338712
1670220000,1113.15,1113.7,1110.0,1111.1,56366
1670222700,1111.1,1115.0,1110.6,1111.3,88207
1670225400,1111.3,1112.05,1108.55,1110.25,87459
1670228100,1110.15,1113.6,1109.0,1112.95,77676
1670230800,1112.9,1117.7,1111.45,1116.25,242865
1670233500,1116.25,1117.0,1113.05,1116.0,91096
1670211900,1114.35,1122.55,1108.4,1111.15,193347
1670214600,1111.5,1111.55,1108.15,1110.1,57626
1670217300,1110.15,1117.05,1109.45,1113.15,338712
1670220000,1113.15,1113.7,1110.0,1111.1,56366
1670222700,1111.1,1115.0,1110.6,1111.3,88207
1670225400,1111.3,1112.05,1108.55,1110.25,87459
1670228100,1110.15,1113.6,1109.0,1112.95,77676
1670230800,1112.9,1117.7,1111.45,1116.25,242865
1670233500,1116.25,1117.0,1113.05,1116.0,91096
1670298300,1115.0,1117.8,1108.35,1114.0,140254
1670301000,1114.0,1114.3,1111.35,1113.0,43987
1670303700,1113.0,1113.05,1103.4,1104.4,174651
1670306400,1104.6,1106.7,1103.5,1105.55,261157
1670309100,1105.55,1107.0,1103.9,1104.9,74245
1670311800,1105.05,1107.1,1104.9,1105.9,75026
1670314500,1105.9,1107.3,1105.45,1105.55,174986
1670317200,1105.75,1110.05,1105.0,1109.95,147481
1670319900,1110.0,1110.05,1108.0,1109.9,88106
1670384700,1111.0,1122.65,1111.0,1114.6,268405
1670387400,1114.85,1117.1,1112.2,1113.35,113907
1670390100,1113.35,1114.4,1111.0,1112.3,84868
1670392800,1112.3,1116.0,1111.9,1113.4,51548
1670395500,1113.6,1113.6,1107.95,1108.75,91372
1670398200,1108.4,1110.6,1107.35,1108.85,76160
1670400900,1108.8,1109.6,1105.75,1107.7,87525
1670403600,1107.7,1108.6,1104.2,1105.7,149804
1670406300,1105.65,1107.0,1103.4,1107.0,107588
1670471100,1109.2,1112.3,1103.15,1107.25,106559
1670473800,1107.3,1109.0,1104.65,1106.9,65389
1670476500,1106.9,1107.7,1103.65,1104.85,99498
1670479200,1104.8,1109.75,1104.0,1108.4,100748
1670481900,1108.4,1109.0,1105.1,1105.4,55455
1670484600,1105.35,1106.3,1104.75,1105.25,55378
1670487300,1105.2,1107.95,1104.05,1107.25,45549
1670490000,1107.35,1109.45,1104.5,1104.7,166790
1670492700,1104.85,1113.0,1104.6,1108.05,112531
1670557500,1115.0,1115.85,1109.0,1112.9,147760
1670560200,1112.9,1114.5,1112.0,1112.2,74476
1670562900,1112.2,1112.6,1111.1,1111.65,108604
1670565600,1111.65,1112.45,1107.6,1109.45,166382
1670568300,1109.45,1110.0,1104.3,1104.8,64242
1670571000,1105.0,1106.25,1102.45,1102.85,48185
1670573700,1102.8,1104.9,1101.1,1102.9,39519
1670576400,1102.9,1109.85,1102.75,1108.3,221307
1670579100,1108.1,1110.0,1104.5,1104.5,121348
1670816700,1105.0,1110.0,1094.2,1100.3,401174
1670819400,1100.3,1103.0,1098.3,1099.8,97737
1670822100,1099.8,1100.8,1094.95,1098.1,95880
1670824800,1098.1,1099.3,1095.6,1096.55,71036
1670827500,1096.55,1098.3,1096.1,1097.15,96295
1670830200,1097.15,1099.6,1096.7,1097.75,134408
1670832900,1097.75,1098.0,1093.1,1094.25,169210
1670835600,1094.25,1097.9,1093.6,1097.3,329438
1670838300,1097.3,1098.25,1095.4,1096.0,148006
1670903100,1096.95,1100.0,1090.0,1090.25,199899
1670905800,1090.0,1096.75,1088.2,1096.15,193143
1670908500,1096.15,1098.6,1094.7,1097.0,62738
1670911200,1097.15,1099.75,1096.85,1098.25,95045
1670913900,1098.4,1102.55,1096.6,1100.9,133219
1670916600,1100.8,1102.8,1100.05,1101.95,119018
1670919300,1101.95,1104.8,1101.0,1104.4,92690
1670922000,1104.45,1110.35,1104.4,1109.3,214703
1670924700,1109.35,1112.5,1108.6,1111.5,171426
1670989500,1114.0,1117.4,1107.05,1113.85,135415
1670992200,1113.85,1117.8,1112.5,1114.85,89804
1670994900,1114.85,1114.85,1106.15,1108.3,113842
1670997600,1108.1,1116.55,1107.35,1115.5,125553
1671000300,1115.5,1119.0,1112.35,1113.35,76792
1671003000,1113.35,1115.5,1110.45,1112.3,71146
1671005700,1112.35,1113.5,1106.35,1110.8,155086
1671008400,1110.8,1114.65,1108.4,1112.85,138478
1671011100,1112.85,1113.85,1110.75,1110.75,106147
1671075900,1111.2,1118.1,1109.3,1111.65,122146
1671078600,1111.55,1114.4,1110.35,1113.7,34800
1671081300,1113.7,1113.85,1110.5,1111.9,22003
1671084000,1111.9,1116.0,1110.45,1115.15,43380
1671086700,1115.3,1116.0,1110.55,1111.55,65381
1671089400,1111.55,1112.6,1108.05,1108.1,57184
1671092100,1108.1,1108.2,1100.0,1104.95,169463
1671094800,1104.95,1105.0,1099.35,1101.5,114222
1671097500,1101.5,1104.0,1100.3,1102.15,80671
1671162300,1096.3,1108.0,1094.95,1107.8,151428
1671165000,1108.0,1108.0,1105.0,1105.05,89100
1671167700,1104.55,1104.8,1100.15,1101.0,65695
1671170400,1101.0,1101.75,1096.25,1096.25,99010
1671173100,1096.25,1099.3,1096.0,1096.8,76769
1671175800,1096.8,1099.6,1093.55,1094.9,129970
1671178500,1095.0,1095.5,1089.0,1089.9,121002
1671181200,1089.9,1097.1,1088.8,1089.25,354657
1671183900,1089.25,1093.95,1086.1,1090.35,220809
1671421500,1090.35,1096.9,1084.45,1095.7,94364
1671424200,1095.8,1097.4,1092.9,1093.7,39737
1671426900,1093.7,1099.8,1092.8,1099.45,97973
1671429600,1099.6,1100.5,1097.5,1098.35,67558
1671432300,1098.35,1098.35,1094.0,1095.8,84680
1671435000,1095.8,1097.0,1093.0,1096.2,56775
1671437700,1096.7,1097.0,1093.05,1094.45,53813
1671440400,1094.4,1099.65,1093.9,1096.0,178499
1671443100,1096.0,1097.9,1094.15,1094.15,104466
1671507900,1096.0,1097.4,1088.9,1090.15,164141
1671510600,1090.1,1092.9,1088.45,1091.0,37378
1671513300,1091.0,1091.5,1090.0,1091.05,20044
1671516000,1091.05,1091.3,1089.75,1091.0,171247
1671518700,1091.25,1092.3,1090.0,1090.45,50692
1671521400,1090.45,1090.9,1089.45,1090.5,29421
1671524100,1090.5,1092.4,1090.0,1092.4,21694
1671526800,1092.4,1093.3,1090.0,1090.9,185362
1671529500,1090.9,1094.9,1090.25,1093.9,114731
1671594300,1096.1,1098.15,1085.65,1087.0,394266
1671597000,1087.0,1091.6,1086.65,1087.55,180563
1671599700,1087.6,1096.4,1086.8,1091.55,287318
1671602400,1091.9,1110.9,1091.5,1110.35,536230
1671605100,1110.2,1112.7,1106.15,1112.4,301033
1671607800,1112.65,1123.75,1111.1,1117.7,512530
1671610500,1117.7,1129.9,1116.3,1126.95,421899
1671613200,1126.95,1129.95,1121.5,1129.5,429475
1671615900,1129.5,1130.0,1127.1,1129.5,160130
1671680700,1135.0,1147.35,1124.8,1136.5,760280
1671683400,1136.5,1141.5,1126.0,1127.05,307565
1671686100,1127.05,1132.2,1120.25,1123.15,182181
1671688800,1123.15,1126.15,1117.1,1121.35,258707
1671691500,1121.95,1124.45,1117.15,1119.0,66650
1671694200,1119.0,1123.0,1117.05,1120.5,84859
1671696900,1120.85,1123.0,1118.6,1119.0,117119
1671699600,1119.0,1123.85,1118.4,1122.9,155524
1671702300,1123.0,1123.0,1120.7,1122.0,126285
1671767100,1121.0,1146.95,1120.0,1143.9,818064
1671769800,1143.9,1145.0,1136.45,1138.0,330775
1671772500,1137.9,1138.5,1126.0,1126.6,299025
1671775200,1127.0,1132.25,1124.45,1131.4,223960
1671777900,1131.1,1132.7,1123.9,1125.05,231809
1671780600,1125.05,1126.95,1119.0,1119.05,225868
1671783300,1119.6,1127.2,1118.0,1125.6,242266
1671786000,1125.55,1126.25,1113.2,1116.75,258713
1671788700,1116.8,1127.0,1116.35,1125.2,139093
1672026300,1127.0,1135.0,1107.95,1112.75,338063
1672029000,1112.75,1113.0,1104.65,1109.7,155042
1672031700,1109.85,1111.25,1104.0,1104.5,93198
1672034400,1104.5,1105.85,1102.2,1105.7,81944
1672037100,1105.7,1105.7,1098.3,1100.5,97670
1672039800,1100.5,1105.25,1100.05,1104.9,101432
1672042500,1105.0,1107.65,1101.35,1105.0,110884
1672045200,1105.0,1105.85,1094.15,1094.3,190445
1672047900,1095.0,1098.5,1094.0,1097.3,107081
1672112700,1094.05,1100.45,1090.1,1098.55,234986
1672115400,1098.8,1099.4,1094.3,1095.0,95990
1672118100,1095.3,1104.9,1094.8,1103.0,243218
1672120800,1103.0,1103.0,1100.0,1100.05,111418
1672123500,1100.05,1100.35,1093.0,1094.45,114942
1672126200,1094.55,1096.0,1093.0,1093.4,81169
1672128900,1093.0,1096.0,1091.6,1094.85,143834
1672131600,1094.85,1097.0,1093.25,1096.0,124074
1672134300,1096.35,1098.0,1095.3,1097.95,52761
1672199100,1094.0,1103.15,1090.6,1098.0,162800
1672201800,1098.0,1102.4,1094.85,1094.85,46724
1672204500,1094.85,1098.5,1090.1,1090.8,95150
1672207200,1090.8,1091.35,1086.5,1088.9,109084
1672209900,1088.9,1089.95,1086.0,1087.1,71051
1672212600,1087.15,1088.4,1084.1,1087.05,99779
1672215300,1087.05,1089.8,1086.1,1086.85,69506
1672218000,1086.7,1087.0,1084.15,1085.8,121968
1672220700,1085.8,1087.0,1084.65,1086.0,94704
1672285500,1086.0,1098.0,1084.05,1085.1,373781
1672288200,1084.85,1084.85,1077.55,1080.5,186007
1672290900,1080.5,1080.5,1073.0,1073.3,114194
1672293600,1073.3,1073.5,1070.0,1072.15,131238
1672296300,1072.55,1074.7,1070.75,1073.35,74934
1672299000,1073.0,1080.7,1072.55,1080.45,103667
1672301700,1080.45,1084.45,1078.75,1079.6,127697
1672304400,1079.6,1090.0,1078.5,1086.0,366335
1672307100,1086.0,1090.0,1084.9,1086.0,144347
1672371900,1094.95,1095.0,1086.3,1086.8,138190
1672374600,1086.8,1087.5,1081.2,1081.35,104244
1672377300,1081.35,1082.0,1075.35,1076.8,115595
1672380000,1076.8,1077.2,1075.0,1075.6,80208
1672382700,1075.6,1078.15,1074.95,1077.0,100506
1672385400,1077.0,1082.45,1076.0,1079.1,187582
1672388100,1079.0,1079.95,1076.15,1077.2,100246
1672390800,1077.7,1082.0,1075.0,1075.7,225858
1672393500,1075.7,1077.9,1073.5,1077.0,129146
1672631100,1080.25,1082.0,1064.35,1065.9,198685
1672633800,1066.15,1072.9,1065.45,1071.5,112014
1672636500,1070.9,1071.95,1067.25,1069.95,64327
1672639200,1069.95,1070.6,1067.4,1069.9,60252
1672641900,1069.35,1070.6,1063.85,1064.95,109702
1672644600,1064.75,1067.1,1064.6,1065.65,76486
1672647300,1065.65,1068.35,1064.0,1067.15,97112
1672650000,1067.4,1071.95,1067.0,1069.1,116552
1672652700,1069.1,1074.7,1068.6,1074.5,58539
1672717500,1070.05,1080.95,1066.6,1078.05,160431
1672720200,1078.45,1080.75,1077.05,1079.4,66733
1672722900,1079.4,1079.4,1072.5,1076.0,136316
1672725600,1076.0,1076.0,1069.85,1071.55,100821
1672728300,1071.55,1073.9,1066.4,1070.0,194561
1672731000,1070.0,1073.6,1069.75,1072.6,63684
1672733700,1072.6,1075.25,1071.8,1074.55,79702
1672736400,1074.5,1077.4,1073.2,1077.2,91603
1672739100,1077.25,1077.8,1074.7,1076.0,57225
1672803900,1078.95,1078.95,1070.0,1073.05,209975
1672806600,1073.05,1081.95,1073.05,1078.0,216270
1672809300,1078.0,1078.4,1072.0,1073.4,168096
1672812000,1073.3,1073.95,1066.6,1066.8,94403
1672814700,1066.7,1070.0,1066.7,1067.75,70390
1672817400,1067.55,1070.45,1067.55,1069.35,68203
1672820100,1069.35,1072.3,1067.05,1069.15,113160
1672822800,1069.2,1071.8,1068.0,1070.55,132414
1672825500,1070.4,1070.8,1063.95,1065.0,296042
1672890300,1075.0,1077.85,1067.4,1076.15,167842
1672893000,1076.15,1080.8,1075.55,1078.5,99300
1672895700,1078.5,1079.1,1076.7,1077.85,54473
1672898400,1077.85,1077.9,1072.85,1073.4,157890
1672901100,1073.4,1084.9,1072.25,1083.6,169067
1672903800,1084.0,1089.85,1083.95,1087.15,202827
1672906500,1087.0,1093.2,1085.65,1086.2,254727
1672909200,1086.2,1090.95,1085.5,1086.05,311666
1672911900,1086.05,1091.6,1085.9,1090.0,185227
1672976700,1088.35,1093.1,1083.6,1087.25,166785
1672979400,1087.25,1088.0,1084.25,1085.5,48789
1672982100,1085.9,1085.9,1081.75,1082.8,74800
1672984800,1082.45,1084.15,1081.3,1081.4,55200
1672987500,1081.25,1081.75,1073.5,1075.25,124024
1672990200,1075.2,1077.75,1073.95,1075.9,100576
1672992900,1075.65,1078.55,1074.25,1075.15,97146
1672995600,1075.0,1078.85,1074.4,1076.7,81638
1672998300,1076.7,1077.95,1074.9,1077.15,74555
1673235900,1081.75,1092.15,1076.9,1091.5,162882
1673238600,1091.5,1095.35,1091.0,1092.85,79704
1673241300,1092.85,1096.95,1092.4,1093.0,105322
1673244000,1093.0,1096.4,1088.6,1092.3,84531
1673246700,1092.3,1094.3,1087.35,1088.85,63905
1673249400,1088.85,1089.0,1083.0,1084.0,95608
1673252100,1084.0,1087.8,1083.2,1086.15,127668
1673254800,1086.15,1088.65,1083.8,1087.7,97606
1673257500,1087.95,1089.35,1085.85,1088.3,74803
1673322300,1086.5,1090.25,1080.25,1081.0,72705
1673325000,1081.2,1084.55,1079.0,1082.9,55224
1673327700,1082.9,1087.8,1082.45,1084.0,46126
1673330400,1084.05,1085.0,1081.45,1082.6,45968
1673333100,1082.55,1083.0,1080.0,1080.75,33043
1673335800,1080.75,1082.8,1076.35,1076.9,65285
1673338500,1076.9,1080.4,1075.7,1076.9,61698
1673341200,1076.85,1079.7,1074.85,1078.8,130032
1673343900,1078.8,1080.0,1077.15,1078.0,83233
1673408700,1078.7,1083.95,1052.7,1053.15,349655
1673411400,1052.85,1054.5,1046.0,1046.8,421587
1673414100,1046.5,1053.4,1046.0,1049.0,253603
1673416800,1049.0,1052.0,1046.35,1050.05,123837
1673419500,1050.0,1052.0,1049.45,1050.0,75616
1673422200,1050.25,1052.55,1049.15,1049.55,197823
1673424900,1049.35,1049.35,1043.0,1045.25,205061
1673427600,1045.15,1050.0,1044.7,1047.85,354169
1673430300,1047.9,1049.4,1046.0,1048.6,186315
1673495100,1052.8,1053.55,1045.4,1049.3,120238
1673497800,1049.0,1049.25,1043.15,1044.65,83114
1673500500,1044.65,1053.5,1043.6,1051.0,114471
1673503200,1051.0,1052.6,1049.75,1051.65,70863
1673505900,1051.65,1054.25,1050.15,1050.5,53869
1673508600,1050.75,1054.1,1050.1,1051.95,65109
1673511300,1052.5,1060.5,1051.85,1060.05,230655
1673514000,1060.0,1064.1,1057.65,1060.85,288490
1673516700,1060.85,1063.9,1059.35,1061.05,160473
1673581500,1064.0,1064.0,1053.25,1061.2,140506
1673584200,1061.2,1065.9,1056.75,1065.5,182979
1673586900,1065.9,1067.0,1060.0,1064.4,138210
1673589600,1064.4,1064.55,1057.7,1060.8,147956
1673592300,1060.8,1065.45,1060.45,1064.45,75792
1673595000,1064.6,1068.95,1064.25,1066.1,98085
1673597700,1066.25,1070.6,1065.8,1067.85,80400
1673600400,1067.9,1069.5,1066.3,1067.6,118942
1673603100,1067.6,1069.45,1066.25,1068.85,105543
1673840700,1070.5,1074.7,1065.0,1065.75,84676
1673843400,1066.2,1066.2,1059.1,1059.2,56178
1673846100,1059.55,1060.0,1052.0,1054.1,235019
1673848800,1054.0,1056.1,1051.0,1053.75,85461
1673851500,1053.75,1055.0,1051.1,1054.0,48480
1673854200,1054.0,1055.3,1052.85,1054.95,74359
1673856900,1054.75,1057.0,1052.9,1056.9,69984
1673859600,1056.85,1061.9,1056.1,1059.2,127778
1673862300,1059.2,1062.0,1057.85,1060.5,42596
1673927100,1062.8,1064.15,1053.35,1059.25,83795
1673929800,1059.25,1061.8,1057.3,1061.3,38479
1673932500,1061.3,1061.9,1059.45,1060.6,106204
1673935200,1060.6,1061.15,1057.0,1057.7,76509
1673937900,1057.7,1060.55,1055.0,1059.05,76046
1673940600,1059.05,1062.75,1058.45,1062.25,50784
1673943300,1062.65,1065.6,1061.75,1063.75,60644
1673946000,1063.75,1071.1,1061.65,1069.6,162828
1673948700,1069.6,1070.0,1062.3,1068.9,107209
1674013500,1068.9,1068.9,1059.6,1062.7,142843
1674016200,1062.7,1072.0,1061.05,1065.1,188526
1674018900,1065.1,1067.0,1062.55,1062.65,91691
1674021600,1062.95,1065.5,1061.8,1062.5,117547
1674024300,1062.5,1063.6,1061.0,1061.35,84572
1674027000,1061.4,1062.75,1060.5,1061.2,83322
1674029700,1061.2,1062.9,1060.0,1061.25,128874
1674032400,1061.25,1064.45,1059.35,1063.1,374226
1674035100,1063.1,1065.9,1062.95,1065.0,87080
1674099900,1063.5,1069.6,1062.7,1064.4,74604
1674102600,1064.4,1065.0,1060.0,1062.5,42959
1674105300,1062.5,1064.65,1061.15,1062.05,29263
1674108000,1062.05,1063.15,1058.55,1061.8,31655
1674110700,1061.8,1063.1,1060.85,1062.3,24577
1674113400,1062.3,1065.0,1061.75,1062.05,35037
1674116100,1062.5,1063.7,1060.0,1062.45,39039
1674118800,1062.1,1065.0,1061.0,1064.65,58387
1674121500,1064.8,1066.1,1063.45,1063.45,40916
1674186300,1067.0,1067.0,1056.0,1062.5,301776
1674189000,1062.5,1066.4,1060.45,1064.55,113312
1674191700,1064.35,1065.0,1061.35,1062.5,61356
1674194400,1062.5,1064.2,1059.0,1060.0,62037
1674197100,1060.0,1060.05,1057.1,1058.25,60801
1674199800,1058.25,1060.1,1056.3,1056.45,63493
1674202500,1056.45,1058.0,1053.1,1055.35,107090
1674205200,1055.35,1058.0,1050.5,1053.5,119520
1674207900,1054.2,1055.4,1050.45,1055.0,64499
1674445500,1053.4,1059.75,1050.7,1058.95,129322
1674448200,1058.95,1060.2,1055.4,1055.45,62940
1674450900,1055.45,1061.0,1055.0,1059.85,76794
1674453600,1059.85,1062.3,1059.85,1061.45,66498
1674456300,1061.55,1062.0,1058.2,1060.0,84959
1674459000,1060.0,1060.35,1055.5,1057.95,103463
1674461700,1058.0,1062.0,1057.95,1061.6,111534
1674464400,1061.95,1064.2,1059.85,1063.4,73947
1674467100,1063.8,1064.25,1061.3,1063.75,38904
1674531900,1065.0,1074.0,1064.5,1072.35,131647
1674534600,1072.35,1074.9,1068.2,1072.6,98122
1674537300,1072.45,1073.4,1066.5,1067.0,77546
1674540000,1067.0,1068.0,1064.35,1065.7,71697
1674542700,1065.6,1066.2,1060.2,1061.9,101649
1674545400,1061.9,1062.6,1055.25,1056.0,59629
1674548100,1056.25,1062.9,1055.05,1061.5,64681
1674550800,1061.5,1063.5,1057.25,1062.1,69324
1674553500,1062.1,1063.0,1060.15,1061.7,37976
1674618300,1064.9,1068.25,1055.35,1055.85,113697
1674621000,1055.85,1058.25,1050.4,1050.45,84191
1674623700,1050.4,1054.85,1047.0,1047.8,93467
1674626400,1047.75,1054.6,1047.2,1054.35,103343
1674629100,1054.35,1056.5,1050.0,1056.0,111334
1674631800,1056.0,1056.0,1047.0,1050.0,113352
1674634500,1050.0,1053.6,1021.0,1028.35,605831
1674637200,1028.45,1037.5,1020.0,1037.25,666044
1674639900,1036.75,1040.0,1034.9,1039.0,334618
1674791100,1023.25,1057.0,1023.25,1053.5,471441
1674793800,1053.85,1069.0,1051.95,1065.45,448023
1674796500,1065.45,1072.95,1062.0,1067.65,344464
1674799200,1067.65,1068.6,1050.3,1052.4,373571
1674801900,1052.4,1053.0,1045.2,1048.45,350896
1674804600,1048.45,1050.0,1040.1,1041.65,276504
1674807300,1041.2,1045.2,1038.2,1039.75,200095
1674810000,1039.95,1049.75,1038.5,1046.3,295895
1674812700,1046.2,1050.0,1044.65,1049.95,179715
1675050300,1057.0,1057.0,1037.75,1049.2,346647
1675053000,1049.3,1051.6,1036.75,1037.8,374341
1675055700,1037.7,1043.9,1036.5,1040.1,182043
1675058400,1040.1,1041.8,1035.55,1036.25,147084
1675061100,1036.25,1036.9,1028.5,1031.4,181622
1675063800,1032.1,1035.5,1030.0,1035.0,214149
1675066500,1034.9,1039.8,1032.1,1037.2,169088
1675069200,1037.45,1038.55,1030.9,1035.15,340740
1675071900,1035.2,1037.0,1032.4,1036.5,155668
1675136700,1043.0,1043.0,1013.1,1018.7,606027
1675139400,1018.7,1022.8,1018.3,1021.35,170445
1675142100,1021.35,1026.4,1019.7,1025.45,162082
1675144800,1025.45,1028.25,1025.0,1026.6,155527
1675147500,1026.6,1027.75,1023.0,1026.3,100945
1675150200,1026.35,1027.0,1020.9,1026.0,241110
1675152900,1025.75,1026.2,1022.65,1024.1,181564
1675155600,1024.5,1026.45,1007.5,1016.75,805318
1675158300,1016.75,1021.0,1011.5,1020.0,279433
1675223100,1019.0,1032.3,1015.1,1029.0,248117
1675225800,1029.0,1032.3,1025.9,1031.35,166139
1675228500,1031.3,1033.5,1026.5,1030.0,174945
1675231200,1030.2,1031.5,1024.1,1029.1,165671
1675233900,1029.05,1035.9,1028.0,1031.5,160282
1675236600,1031.4,1033.3,1024.2,1026.2,184100
1675239300,1026.75,1028.0,1022.6,1024.4,122648
1675242000,1024.4,1035.7,1021.1,1032.0,262280
1675244700,1032.05,1033.75,1028.8,1033.0,111157
1675309500,1026.1,1032.8,1017.3,1021.1,166790
1675312200,1021.1,1023.6,1018.95,1021.8,136376
1675314900,1021.8,1025.0,1019.45,1024.0,105673
1675317600,1024.0,1029.0,1022.65,1027.05,70724
1675320300,1027.3,1029.35,1023.85,1025.1,101077
1675323000,1025.05,1025.25,1020.0,1024.2,181817
1675325700,1024.2,1024.85,1020.0,1022.95,110240
1675328400,1023.05,1028.35,1022.5,1025.1,265816
1675331100,1025.1,1026.7,1020.9,1025.0,151750
1675395900,1022.0,1026.15,1014.7,1021.35,334677
1675398600,1021.2,1024.95,1020.0,1020.0,133709
1675401300,1020.0,1025.25,1019.25,1021.6,142428
1675404000,1021.85,1021.95,1018.8,1020.45,80020
1675406700,1020.35,1020.45,1013.25,1013.85,206124
1675409400,1013.8,1018.55,1010.5,1017.95,229146
1675412100,1017.95,1021.85,1017.95,1020.5,106834
1675414800,1020.45,1026.0,1020.1,1021.2,260549
1675417500,1021.3,1027.8,1021.05,1024.95,121922
1675655100,1020.0,1027.8,1010.15,1020.7,167991
1675657800,1020.85,1027.65,1020.55,1024.45,140508
1675660500,1024.45,1026.65,1023.05,1024.7,76385
1675663200,1024.7,1028.85,1023.05,1023.05,135810
1675665900,1023.05,1025.05,1019.25,1020.3,83859
1675668600,1020.3,1023.0,1020.0,1022.65,55198
1675671300,1022.15,1025.0,1018.35,1021.0,80660
1675674000,1020.85,1033.6,1020.55,1032.95,162577
1675676700,1032.1,1032.75,1030.0,1031.55,75065
1675741500,1029.8,1034.55,1026.2,1028.0,116685
1675744200,1028.0,1029.4,1025.0,1025.2,77164
1675746900,1025.2,1032.95,1022.0,1030.05,104831
1675749600,1030.05,1030.15,1027.1,1028.1,73553
1675752300,1028.05,1028.75,1021.3,1028.0,124806
1675755000,1028.05,1030.95,1025.2,1027.55,122203
1675757700,1027.6,1031.75,1026.15,1029.35,67646
1675760400,1029.35,1034.85,1028.7,1031.4,171771
1675763100,1031.35,1033.55,1028.8,1028.9,106380
1675827900,1035.0,1035.0,1019.15,1027.45,128755
1675830600,1027.45,1029.7,1025.45,1027.35,64861
1675833300,1027.5,1030.95,1027.05,1028.55,55390
1675836000,1029.0,1032.8,1028.2,1031.3,49414
1675838700,1030.9,1032.65,1027.5,1030.3,136640
1675841400,1030.4,1036.0,1028.05,1033.95,71549
1675844100,1033.9,1036.85,1033.0,1036.6,42567
1675846800,1036.6,1041.2,1035.55,1040.1,115568
1675849500,1040.0,1040.8,1036.0,1038.0,81594
1675914300,1025.3,1044.6,1025.3,1030.6,306898
1675917000,1031.2,1033.9,1029.5,1031.7,66262
1675919700,1031.7,1035.0,1031.0,1032.9,36832
1675922400,1032.9,1033.45,1029.2,1032.25,58113
1675925100,1032.35,1032.65,1029.45,1030.05,43468
1675927800,1030.05,1032.1,1025.85,1025.85,139164
1675930500,1025.9,1027.5,1022.0,1023.8,245528
1675933200,1023.8,1025.25,1020.45,1021.0,282099
1675935900,1021.6,1023.7,1020.0,1021.15,140212
1676000700,1021.0,1026.0,1015.05,1018.2,172018
1676003400,1018.25,1025.3,1017.7,1021.55,98380
1676006100,1021.55,1024.8,1020.0,1023.0,53178
1676008800,1023.0,1025.2,1022.1,1023.4,40219
1676011500,1023.25,1027.5,1022.2,1026.35,66421
1676014200,1026.3,1033.4,1026.0,1032.8,205449
1676016900,1032.6,1036.85,1030.05,1031.25,239991
1676019600,1031.25,1035.15,1027.35,1034.0,139833
1676022300,1034.5,1035.2,1031.75,1033.0,90134
1676259900,1036.0,1040.6,1028.7,1030.0,136794
1676262600,1030.0,1030.5,1025.0,1027.1,94611
1676265300,1027.1,1028.3,1024.55,1026.95,91370
1676268000,1026.95,1027.25,1023.0,1023.05,97806
1676270700,1023.05,1026.85,1021.0,1022.05,158925
1676273400,1022.3,1023.85,1021.1,1022.35,79335
1676276100,1022.35,1023.3,1019.0,1021.6,132133
1676278800,1021.6,1025.45,1021.2,1021.9,147581
1676281500,1022.55,1022.65,1020.15,1020.15,102654
1676346300,1026.7,1030.0,1017.6,1027.8,151692
1676349000,1027.3,1031.25,1023.35,1023.95,82933
1676351700,1024.0,1028.8,1023.85,1028.55,71359
1676354400,1028.55,1028.6,1024.0,1027.8,74279
1676357100,1027.8,1032.0,1027.25,1028.95,79417
1676359800,1029.25,1029.9,1026.1,1027.2,51451
1676362500,1027.65,1032.45,1026.0,1030.5,97888
1676365200,1030.5,1031.15,1026.6,1028.0,91976
1676367900,1027.8,1030.0,1027.3,1027.3,56989
1676432700,1026.85,1028.35,1016.1,1019.35,117862
1676435400,1019.35,1023.5,1019.2,1021.3,44827
1676438100,1021.3,1023.85,1020.65,1023.15,51549
1676440800,1022.75,1025.4,1022.5,1025.3,58305
1676443500,1025.3,1026.9,1024.75,1026.25,32696
1676446200,1026.25,1027.1,1025.0,1025.5,37935
1676448900,1025.65,1026.95,1025.0,1025.65,33074
1676451600,1025.65,1031.0,1025.15,1030.35,132579
1676454300,1030.35,1033.45,1026.25,1029.2,153461
1676519100,1031.75,1035.6,1028.35,1029.85,72192
1676521800,1029.7,1033.0,1029.7,1031.1,57073
1676524500,1031.0,1033.5,1030.0,1032.05,39873
1676527200,1031.5,1033.15,1029.65,1030.25,76315
1676529900,1030.0,1035.5,1030.0,1034.85,79686
1676532600,1035.0,1036.95,1034.5,1035.35,54246
1676535300,1035.35,1037.35,1033.35,1035.3,79312
1676538000,1035.3,1038.0,1035.0,1035.0,130097
1676540700,1035.0,1037.0,1032.65,1032.8,78171
1676605500,1035.5,1035.75,1022.05,1026.3,161110
1676608200,1026.3,1032.4,1025.0,1028.4,131881
1676610900,1028.4,1029.35,1025.0,1026.1,121921
1676613600,1026.1,1029.3,1021.15,1025.6,384517
1676616300,1025.6,1027.5,1023.5,1025.8,141491
1676619000,1025.8,1027.5,1025.0,1025.0,79370
1676621700,1025.0,1026.75,1024.8,1025.35,145303
1676624400,1025.3,1027.5,1025.0,1025.45,201646
1676627100,1025.25,1028.35,1025.0,1028.35,141600
1676864700,998.0,998.0,955.25,965.2,2190761
1676867400,964.1,967.8,960.1,964.95,695357
1676870100,964.8,966.85,961.1,964.1,455291
1676872800,964.0,965.8,962.45,964.75,409879
1676875500,964.5,965.45,959.45,960.25,433363
1676878200,960.55,962.9,960.2,961.35,314946
1676880900,961.9,963.95,960.0,961.5,423202
1676883600,961.9,964.9,961.0,963.85,572428
1676886300,964.0,965.0,962.6,963.0,308492
1676951100,969.8,979.1,964.0,974.0,795756
1676953800,974.0,975.0,970.05,972.85,160278
1676956500,972.75,976.0,970.95,973.0,271762
1676959200,972.75,972.9,969.0,970.85,107303
1676961900,971.05,972.25,967.0,968.55,108352
1676964600,968.75,972.45,968.15,971.75,102419
1676967300,971.7,972.25,968.3,969.05,90164
1676970000,969.2,969.5,963.5,964.45,265238
1676972700,964.7,971.45,964.4,971.0,133736
1677037500,966.6,968.9,959.05,964.5,334588
1677040200,964.5,966.05,963.2,965.0,136205
1677042900,965.0,968.8,964.85,967.0,176281
1677045600,967.35,969.9,965.15,968.25,129169
1677048300,968.05,972.8,967.7,971.45,181804
1677051000,971.45,972.6,966.1,966.7,187154
1677053700,966.45,967.85,964.0,967.6,136554
1677056400,967.6,967.95,960.55,962.1,203376
1677059100,962.1,965.95,961.0,965.0,115198
1677123900,965.0,967.45,956.0,961.2,204564
1677126600,961.2,964.4,960.35,962.35,119122
1677129300,962.35,965.9,960.5,965.25,124076
1677132000,965.15,966.75,961.5,962.65,117428
1677134700,962.65,962.8,958.6,959.05,105941
1677137400,959.15,959.35,957.0,957.7,116840
1677140100,957.7,961.0,957.0,960.45,153368
1677142800,960.45,963.95,959.0,960.65,185649
1677145500,960.65,962.7,959.0,960.0,88540
1677210300,961.1,964.8,955.0,960.85,309238
1677213000,960.85,965.55,960.35,962.7,143281
1677215700,962.7,962.7,958.65,960.5,160878
1677218400,960.5,960.75,958.85,960.1,102341
1677221100,960.1,960.2,956.55,957.0,231932
1677223800,957.15,958.05,957.0,957.2,129137
1677226500,957.2,958.35,956.0,958.1,207806
1677229200,958.15,962.9,957.55,962.8,216192
1677231900,962.55,966.0,962.05,966.0,83696
1677469500,965.6,968.6,957.25,957.75,236246
1677472200,957.75,959.35,957.0,957.25,195762
1677474900,957.45,960.9,957.0,957.45,139938
1677477600,957.4,960.0,957.05,957.7,86059
1677480300,957.55,959.9,957.05,957.75,108386
1677483000,957.75,958.0,952.65,954.2,152597
1677485700,954.2,954.85,951.0,951.45,150901
1677488400,951.05,953.0,949.0,950.55,193031
1677491100,950.55,952.2,948.65,951.8,113116
1677555900,945.9,945.9,927.85,935.55,807708
1677558600,935.55,935.95,927.0,929.35,392264
1677561300,929.3,929.6,923.7,927.3,441846
1677564000,927.3,927.95,924.3,925.95,192842
1677566700,925.95,926.05,920.0,922.9,359959
1677569400,922.9,926.0,920.5,920.6,402624
1677572100,920.65,921.0,912.8,914.25,601779
1677574800,914.25,914.6,905.3,907.4,1407836
1677577500,907.55,907.75,903.1,905.75,769245
1677642300,907.8,910.25,903.55,905.05,608678
1677645000,905.1,905.25,898.85,900.55,597439
1677647700,900.55,903.8,898.9,903.05,259089
1677650400,903.1,905.65,899.0,899.5,348193
1677653100,899.6,901.45,896.0,900.35,398820
1677655800,900.35,901.8,898.1,900.5,334408
1677658500,900.65,902.45,898.5,902.25,328059
1677661200,902.25,903.75,898.1,899.55,414088
1677663900,899.5,900.05,899.1,899.9,202742
1677728700,901.95,903.0,893.45,894.05,243719
1677731400,894.4,896.0,890.3,891.0,190579
1677734100,891.0,892.95,890.0,892.95,131769
1677736800,892.85,892.9,887.0,888.2,227295
1677739500,888.2,891.2,887.5,889.5,139979
1677742200,889.5,890.2,885.5,886.05,199756
1677744900,886.05,887.75,884.5,887.4,302021
1677747600,887.4,887.75,884.55,886.35,312501
1677750300,886.35,887.25,885.55,887.0,135845
1677815100,891.0,892.0,882.45,885.7,352613
1677817800,885.6,889.8,884.05,885.25,241948
1677820500,885.25,886.0,884.0,885.55,108818
1677823200,885.75,886.0,882.7,883.0,107987
1677825900,883.0,883.95,881.0,881.1,111955
1677828600,881.1,881.6,878.0,879.1,338303
1677831300,879.1,879.6,877.0,878.55,245145
1677834000,878.3,879.85,877.5,878.35,211015
1677836700,878.8,879.4,877.75,878.75,169546
1678074300,885.0,885.55,869.05,869.95,1190247
1678077000,869.6,879.75,869.6,875.6,802391
1678079700,875.45,881.55,875.0,878.95,448406
1678082400,878.8,882.4,878.6,880.1,323366
1678085100,880.1,882.0,879.55,882.0,204820
1678087800,881.8,882.35,878.2,880.05,205356
1678090500,880.1,881.9,877.35,881.5,266681
1678093200,881.5,882.85,880.0,880.6,341551
1678095900,880.7,881.7,879.8,880.0,302270
1678247100,883.7,883.8,871.1,872.9,689660
1678249800,872.95,876.7,872.0,875.75,320577
1678252500,875.55,878.2,875.0,877.5,203388
1678255200,877.5,877.5,873.15,873.55,180625
1678257900,873.55,876.3,873.0,875.8,176847
1678260600,875.8,876.5,874.25,876.05,159755
1678263300,875.95,877.7,875.75,877.0,270924
1678266000,876.95,877.85,875.35,877.5,563602
1678268700,877.45,878.2,876.15,878.0,359062
1678333500,877.25,885.4,877.0,884.2,475216
1678336200,884.2,888.9,883.25,886.55,3046243
1678338900,886.4,896.85,886.4,895.55,808230
1678341600,895.6,896.0,888.65,890.3,460225
1678344300,890.15,892.35,884.5,886.2,324762
1678347000,886.3,887.6,883.9,885.9,184372
1678349700,885.95,886.25,881.25,883.25,282806
1678352400,883.15,883.7,880.05,880.7,332433
1678355100,880.65,884.55,880.0,882.5,257928
1678419900,879.15,880.8,871.3,876.35,352476
1678422600,876.2,877.4,875.0,876.45,100073
1678425300,876.35,879.95,876.05,878.65,114635
1678428000,878.65,880.45,876.3,879.3,120207
1678430700,879.3,880.25,877.7,878.15,90906
1678433400,878.3,879.0,877.0,877.2,74161
1678436100,877.2,884.6,876.1,882.85,310889
1678438800,882.55,883.5,879.35,881.25,351398
1678441500,881.3,882.0,880.1,881.6,198854
1678679100,882.6,889.1,879.45,885.0,233724
1678681800,884.9,887.7,884.85,885.85,103138
1678684500,885.9,888.6,881.5,883.4,129167
1678687200,883.4,883.4,878.25,879.7,110503
1678689900,879.65,879.9,876.0,876.6,106443
1678692600,876.65,879.5,876.25,879.5,137055
1678695300,879.45,880.15,876.0,877.35,197635
1678698000,877.35,877.35,872.15,874.75,478629
1678700700,874.7,877.75,874.6,877.35,198691
1678765500,873.0,883.7,871.95,876.7,339747
1678768200,876.7,877.25,853.85,869.55,650741
1678770900,869.95,878.4,869.0,875.5,352596
1678773600,875.25,875.45,870.65,872.85,215106
1678776300,872.85,875.3,872.15,873.2,139860
1678779000,873.2,874.45,869.9,874.45,185975
1678781700,874.35,876.7,873.0,875.7,180052
1678784400,875.7,875.85,871.85,872.05,235519
1678787100,872.0,873.85,871.0,873.0,142492
1678851900,875.0,883.0,872.6,880.45,265352
1678854600,880.55,881.35,877.0,881.1,124723
1678857300,880.75,883.4,880.0,881.95,129834
1678860000,881.9,882.8,878.5,878.55,86020
1678862700,878.55,881.35,875.0,875.1,195072
1678865400,875.1,876.95,874.05,875.3,72493
1678868100,875.35,878.15,874.05,876.3,138893
1678870800,876.3,879.85,876.05,878.65,164254
1678873500,878.55,880.8,876.95,879.0,104951
1678851900,875.0,883.0,872.6,880.45,265352
1678854600,880.55,881.35,877.0,881.1,124723
1678857300,880.75,883.4,880.0,881.95,129834
1678860000,881.9,882.8,878.5,878.55,86020
1678862700,878.55,881.35,875.0,875.1,195072
1678865400,875.1,876.95,874.05,875.3,72493
1678868100,875.35,878.15,874.05,876.3,138893
1678870800,876.3,879.85,876.05,878.65,164254
1678873500,878.55,880.8,876.95,879.0,104951
1678938300,881.0,884.35,876.75,883.0,238620
1678941000,883.25,885.7,881.45,884.15,158732
1678943700,884.15,889.4,884.15,887.4,156201
1678946400,887.4,890.0,885.15,885.75,522291
1678949100,885.75,886.75,882.2,883.15,203576
1678951800,883.4,885.4,882.65,884.9,91345
1678954500,884.55,889.6,884.3,888.5,258068
1678957200,888.5,888.8,881.65,883.0,303520
1678959900,883.0,885.1,882.8,884.0,88364
1679024700,887.35,888.0,878.5,882.75,422388
1679027400,882.7,888.4,881.85,885.35,292359
1679030100,885.35,887.0,883.45,884.15,69974
1679032800,884.15,886.7,883.05,884.45,83520
1679035500,884.4,885.45,881.75,883.35,166252
1679038200,883.25,884.0,878.1,878.85,96333
1679040900,878.9,880.85,876.5,877.0,109027
1679043600,876.85,879.85,873.25,875.05,536277
1679046300,875.05,875.35,870.0,873.0,426161
1679283900,874.05,876.9,869.1,874.0,117935
1679286600,873.55,873.9,867.35,870.25,122596
1679289300,870.25,873.35,868.15,871.85,102947
1679292000,871.9,872.0,863.55,865.1,104651
1679294700,865.05,865.65,861.8,864.4,176438
1679297400,864.05,865.75,863.5,864.85,80797
1679300100,864.7,867.4,864.15,866.9,92485
1679302800,866.95,867.5,865.05,866.85,138976
1679305500,866.25,867.95,865.0,867.0,60490
1679370300,866.8,872.0,860.6,872.0,178447
1679373000,872.05,872.4,867.65,868.75,101519
1679375700,868.75,870.4,867.15,870.0,40493
1679378400,870.0,870.15,865.3,866.1,91344
1679381100,866.05,867.35,864.0,864.65,66545
1679383800,865.0,869.0,864.15,864.4,91445
1679386500,864.1,867.2,863.1,863.25,90948
1679389200,863.2,865.9,861.1,862.15,142762
1679391900,862.0,863.7,861.35,863.0,84156
1679456700,864.0,865.35,852.0,854.2,351452
1679459400,854.35,855.6,853.3,853.9,137466
1679462100,853.9,854.9,852.15,853.0,241139
1679464800,852.95,855.5,852.5,853.95,178734
1679467500,853.95,857.3,852.95,857.0,135645
1679470200,857.0,859.2,856.7,858.2,89558
1679472900,858.3,858.3,857.3,858.3,54682
1679475600,858.0,864.0,858.0,862.75,291863
1679478300,863.1,866.0,862.55,865.5,140842
1679543100,868.0,869.5,861.25,864.75,497176
1679545800,864.75,868.8,863.0,866.2,356309
1679548500,866.55,868.6,865.0,867.0,115787
1679551200,866.95,867.2,865.55,867.0,117579
1679553900,867.1,868.9,866.25,867.65,110029
1679556600,867.65,868.9,866.05,867.95,110859
1679559300,867.9,868.4,866.25,867.85,112770
1679562000,867.6,870.05,867.0,869.65,285914
1679564700,869.8,870.9,868.0,869.0,152583
1679629500,869.1,875.95,866.15,874.95,592741
1679632200,875.0,875.95,872.75,873.0,387766
1679634900,872.95,877.0,872.6,875.6,593480
1679637600,875.6,878.0,874.6,875.25,242906
1679640300,875.25,876.45,873.8,874.75,297760
1679643000,874.95,876.35,872.1,873.95,215498
1679645700,873.75,876.45,873.0,874.55,144083
1679648400,874.85,878.95,873.05,877.05,414691
1679651100,877.05,879.0,875.3,876.0,275206
1679888700,881.05,884.3,876.05,879.05,617445
1679891400,879.0,885.5,878.05,883.7,240883
1679894100,883.75,885.3,882.6,884.95,187171
1679896800,884.8,887.5,884.0,886.7,482779
1679899500,886.7,888.0,885.05,888.0,351404
1679902200,887.95,889.6,885.2,888.25,455766
1679904900,888.25,889.9,887.25,888.7,570969
1679907600,888.65,891.35,887.45,889.4,681278
1679910300,890.15,890.95,885.9,890.0,395328
1679975100,891.8,893.5,888.25,888.9,967721
1679977800,888.9,893.0,887.5,887.8,216849
1679980500,887.8,890.55,887.8,888.85,218310
1679983200,888.85,890.45,887.45,888.8,292912
1679985900,888.75,892.85,888.15,892.1,305958
1679988600,892.15,894.25,887.6,888.15,331764
1679991300,887.9,890.7,887.1,890.0,502274
1679994000,889.95,890.85,886.4,890.0,578264
1679996700,890.0,890.9,889.3,889.3,203814
1680061500,893.95,896.6,887.65,889.65,295480
1680064200,889.65,890.25,885.5,888.0,428450
1680066900,888.4,888.4,886.2,887.1,79145
1680069600,887.15,891.0,886.5,887.45,183962
1680072300,887.0,890.0,885.75,888.9,239953
1680075000,889.0,890.0,886.0,886.15,196846
1680077700,886.15,889.95,885.85,886.4,295763
1680080400,886.75,890.3,885.35,886.5,850763
1680083100,886.4,892.05,886.3,888.5,476621
1680234300,888.8,897.0,886.7,888.7,310340
1680237000,888.9,896.8,888.7,895.4,144369
1680239700,895.1,899.0,894.5,897.15,160767
1680242400,897.15,900.0,895.85,897.45,186316
1680245100,897.5,902.7,897.0,897.45,212681
1680247800,897.65,898.95,896.0,898.1,189555
1680250500,897.9,899.45,896.75,898.05,204874
1680253200,898.05,901.55,897.45,900.15,567181
1680255900,900.1,902.35,898.95,900.5,341377
1680493500,910.0,910.0,892.6,894.3,614097
1680496200,894.3,895.95,893.25,894.05,185809
1680498900,894.05,894.05,888.0,888.4,146846
1680501600,888.55,890.5,887.05,889.05,442811
1680504300,889.05,891.95,888.8,891.0,190985
1680507000,891.0,891.25,889.1,890.75,254635
1680509700,890.75,892.45,889.75,891.95,146926
1680512400,891.7,893.15,890.4,891.4,401887
1680515100,891.4,892.5,890.8,891.15,231830
1680666300,889.0,894.45,886.3,891.3,366540
1680669000,891.3,895.0,889.75,889.8,116831
1680671700,889.65,893.4,889.5,893.15,113474
1680674400,893.15,894.8,892.25,893.05,110223
1680677100,893.2,894.45,892.5,892.7,85767
1680679800,892.75,894.25,891.65,893.75,123041
1680682500,893.8,894.25,891.3,893.4,377332
1680685200,893.4,896.95,892.15,896.1,164049
1680687900,896.0,897.35,895.45,897.0,150802
1680752700,899.0,899.75,891.3,893.55,137398
1680755400,893.55,898.15,892.55,897.3,113322
1680758100,897.4,899.1,896.0,897.0,139217
1680760800,897.0,897.05,894.0,895.1,127708
1680763500,895.1,895.25,892.0,892.35,163524
1680766200,892.5,892.75,890.0,890.55,225325
1680768900,890.65,892.45,889.0,890.5,173342
1680771600,890.55,893.65,890.0,893.05,266829
1680774300,893.15,895.0,892.55,894.9,164405
1681098300,896.95,898.2,894.2,895.9,96566
1681101000,895.9,898.5,895.25,897.85,50539
1681103700,898.15,900.9,897.15,897.55,84697
1681106400,897.55,901.5,897.55,901.4,88346
1681109100,901.4,904.5,901.1,901.6,155293
1681111800,901.6,902.2,900.0,900.0,100232
1681114500,900.05,900.8,898.15,899.45,84067
1681117200,899.5,902.5,898.85,902.2,144046
1681119900,902.2,903.0,900.0,902.0,115013
1681184700,905.0,907.9,902.0,903.9,289915
1681187400,904.0,906.9,903.8,905.6,140657
1681190100,905.6,906.1,904.5,905.9,380815
1681192800,905.9,905.9,904.5,905.2,178458
1681195500,905.2,907.65,905.0,906.0,117784
1681198200,906.1,906.95,905.0,906.9,137557
1681200900,906.9,908.0,905.5,906.7,231410
1681203600,906.7,908.15,906.45,907.45,188186
1681206300,907.45,907.8,906.25,907.05,112666
1681271100,909.0,920.9,908.2,913.8,1607499
1681273800,914.15,918.25,912.5,915.3,544243
1681276500,915.2,918.95,915.0,918.25,70159
1681279200,918.05,919.75,915.85,915.85,153086
1681281900,915.85,918.1,915.0,917.75,169434
1681284600,917.85,919.8,917.35,918.4,160407
1681287300,918.4,919.25,915.8,916.15,86883
1681290000,916.45,919.15,915.35,918.0,417036
1681292700,918.2,920.7,916.45,919.8,239706
1681357500,921.9,923.05,914.4,915.75,150634
1681360200,915.55,916.7,913.6,914.5,60562
1681362900,914.6,916.45,912.3,916.0,78061
1681365600,916.0,917.25,914.6,916.25,73770
1681368300,916.25,917.5,915.85,916.7,232004
1681371000,916.8,917.5,916.15,917.0,108925
1681373700,916.85,917.0,914.85,916.1,135812
1681376400,916.1,916.6,915.0,915.5,150528
1681379100,915.8,916.7,914.65,914.7,76495
1681703100,915.0,917.45,901.1,902.3,567816
1681705800,902.05,907.25,901.15,905.4,177591
1681708500,905.15,906.8,901.6,906.35,611023
1681711200,906.55,908.25,904.8,905.2,429732
1681713900,905.45,906.15,903.7,904.8,130687
1681716600,904.85,904.9,902.05,903.9,169625
1681719300,903.9,906.0,903.4,905.0,168973
1681722000,904.85,906.75,904.45,906.15,217927
1681724700,906.1,908.2,905.0,907.0,127976
1681789500,905.0,906.3,897.0,905.2,257782
1681792200,905.0,905.4,902.3,904.65,98316
1681794900,904.65,906.75,903.6,906.15,92631
1681797600,906.15,906.75,905.0,906.75,99378
1681800300,906.65,913.9,906.65,913.65,197535
1681803000,913.9,919.6,913.7,914.9,266765
1681805700,914.95,923.75,914.95,922.95,246968
1681808400,922.9,925.0,922.15,924.15,478733
1681811100,924.2,925.5,923.75,925.1,211355
1681875900,925.95,925.95,915.25,921.0,363606
1681878600,921.0,921.55,916.0,917.75,107126
1681881300,917.75,921.65,917.7,918.45,110572
1681884000,918.4,920.0,915.0,916.85,226249
1681886700,917.0,920.15,915.85,916.5,216548
1681889400,916.75,916.75,913.8,914.0,130216
1681892100,913.5,913.9,909.0,911.85,130197
1681894800,911.85,912.65,910.45,912.2,149753
1681897500,912.2,913.1,910.45,912.8,101569
1681962300,912.0,913.7,898.95,907.6,289964
1681965000,907.6,907.85,900.25,900.8,162010
1681967700,900.8,906.0,900.0,905.7,2830909
1681970400,905.7,908.95,904.85,907.1,108759
1681973100,907.1,908.25,902.0,902.05,103302
1681975800,901.8,904.25,900.0,902.4,545316
1681978500,902.4,904.4,902.0,902.8,95917
1681981200,902.8,904.15,902.1,903.6,165196
1681983900,904.1,907.35,902.6,905.0,143258
1682048700,903.0,911.95,903.0,907.4,631843
1682051400,907.7,913.0,907.4,909.45,156902
1682054100,909.3,911.5,907.55,911.0,168221
1682056800,911.15,916.15,908.55,914.3,1521000
1682059500,914.3,918.55,913.35,916.35,247889
1682062200,916.3,916.35,912.6,914.0,248605
1682064900,913.95,914.65,911.1,914.0,171746
1682067600,914.0,916.7,912.5,915.6,217056
1682070300,915.6,916.15,913.0,913.45,116372
1682307900,916.0,917.2,904.4,905.0,209323
1682310600,905.15,906.75,902.5,905.95,142403
1682313300,905.95,906.7,903.1,904.35,100245
1682316000,904.35,904.55,901.2,903.0,197439
1682318700,902.9,904.95,901.3,904.05,95344
1682321400,904.05,905.7,903.5,905.35,412185
1682324100,905.35,905.4,903.15,904.45,81900
1682326800,904.45,904.5,901.15,903.0,425495
1682329500,902.9,904.5,902.4,904.5,119346
1682394300,904.6,908.1,896.3,899.4,289592
1682397000,899.45,907.55,897.35,904.55,726330
1682399700,904.55,907.0,903.9,906.4,103961
1682402400,906.4,908.5,904.5,907.25,142418
1682405100,907.25,910.4,907.15,909.5,259354
1682407800,909.0,910.25,908.15,910.2,109693
1682410500,910.2,910.25,907.65,909.3,188071
1682413200,909.45,909.9,905.75,909.75,417487
1682415900,909.75,912.0,909.0,909.0,201605
1682480700,911.85,912.0,900.05,904.7,234157
1682483400,904.7,908.75,903.5,908.05,101973
1682486100,908.1,910.9,907.75,909.5,92879
1682488800,909.5,910.55,907.05,907.95,228227
1682491500,907.65,910.9,907.35,908.6,249098
1682494200,908.75,910.4,907.75,908.25,71626
1682496900,908.25,910.1,908.15,909.0,41684
1682499600,909.0,912.0,906.4,911.7,270316
1682502300,911.7,914.2,911.5,913.0,109563
1682567100,911.2,913.0,903.35,908.95,211357
1682569800,908.75,910.25,907.65,909.45,86253
1682572500,909.45,909.8,903.0,907.55,336788
1682575200,907.55,909.35,906.5,908.75,497419
1682577900,908.75,909.0,907.85,908.0,106494
1682580600,907.9,908.5,906.8,907.9,181068
1682583300,907.9,912.85,907.4,912.6,492366
1682586000,912.65,915.9,909.7,915.0,420829
1682588700,915.0,917.3,913.55,917.2,123736
1682653500,918.85,919.0,910.55,914.1,186697
1682656200,914.1,916.45,910.4,911.5,108127
1682658900,911.5,911.65,908.65,910.15,155673
1682661600,910.45,912.95,909.0,911.2,341063
1682664300,911.1,911.35,906.1,906.65,148000
1682667000,906.65,909.3,905.15,909.05,484493
1682669700,908.8,909.0,906.55,907.95,237973
1682672400,907.45,911.8,907.45,907.95,560936
1682675100,908.0,908.95,906.85,908.95,469915
1682999100,910.4,916.0,910.35,913.5,220085
1683001800,913.5,914.35,908.75,909.3,273321
1683004500,909.3,912.95,909.0,910.3,103230
1683007200,910.3,910.55,906.85,906.95,99181
1683009900,906.95,912.95,906.1,912.6,672349
1683012600,912.6,915.0,912.15,914.6,88328
1683015300,914.6,914.7,912.05,913.65,94376
1683018000,913.65,917.0,912.45,917.0,133965
1683020700,917.0,921.0,916.6,919.05,169343
1683085500,920.95,922.75,918.1,919.25,592793
1683088200,919.25,920.25,918.1,919.65,124854
1683090900,919.65,921.95,919.2,920.45,267891
1683093600,920.5,924.4,919.0,923.55,545236
1683096300,923.55,924.5,919.85,920.5,394744
1683099000,920.5,921.75,917.05,918.3,183742
1683101700,918.1,922.0,917.0,920.9,134903
1683104400,921.2,922.0,918.6,920.35,191284
1683107100,920.4,921.75,919.1,920.5,124065
1683171900,920.65,929.75,920.65,926.25,872704
1683174600,926.35,932.0,925.6,931.5,212212
1683177300,931.55,931.85,927.8,929.7,277519
1683180000,929.7,930.55,926.55,930.0,286885
1683182700,930.0,931.05,929.45,930.45,178022
1683185400,930.45,933.8,928.75,932.3,522919
1683188100,932.25,934.6,930.25,930.65,247034
1683190800,931.0,935.4,930.2,933.05,631064
1683193500,933.45,933.5,931.5,932.5,163567
1683258300,935.0,935.2,925.15,927.3,147097
1683261000,927.3,928.2,923.5,926.85,1224454
1683263700,927.0,929.95,921.35,923.7,204743
1683266400,923.7,924.35,920.85,923.65,68729
1683269100,923.65,924.0,922.0,922.5,45028
1683271800,922.5,925.2,921.05,925.0,101511
1683274500,925.0,927.0,924.0,925.0,91437
1683277200,925.3,926.5,924.25,925.35,233517
1683279900,925.3,925.4,922.0,922.0,143787
1683517500,927.2,929.8,922.55,923.0,120347
1683520200,922.65,924.2,920.55,921.05,755566
1683522900,921.05,924.05,921.0,923.35,98549
1683525600,923.3,926.2,919.65,921.7,1112929
1683528300,921.75,925.4,921.65,925.1,1039370
1683531000,925.0,927.6,924.95,927.55,213141
1683533700,927.6,929.0,925.65,927.5,155202
1683536400,927.5,933.25,927.3,933.2,255842
1683539100,933.25,934.9,932.35,933.95,125583
1683603900,935.0,938.0,930.35,933.65,214207
1683606600,933.65,935.05,929.1,931.95,218110
1683609300,931.95,937.45,930.8,934.75,294736
1683612000,934.8,940.95,934.55,940.95,508504
1683614700,940.65,941.0,938.75,939.95,266676
1683617400,939.85,941.25,938.0,939.15,246214
1683620100,939.2,943.0,937.7,938.05,471013
1683622800,937.95,940.4,936.0,939.4,286100
1683625500,939.45,940.0,938.1,940.0,150841
1683690300,943.5,944.9,937.2,937.75,155314
1683693000,937.85,939.15,933.2,936.55,103482
1683695700,936.55,939.0,934.15,935.0,147514
1683698400,935.0,938.0,934.7,937.0,254488
1683701100,937.0,939.0,934.0,938.95,141668
1683703800,938.95,941.0,936.7,940.65,152799
1683706500,940.65,943.05,939.55,942.35,231894
1683709200,942.35,946.1,941.75,943.7,204163
1683711900,943.8,946.7,942.55,946.1,225507
1683776700,946.45,946.85,935.0,938.45,189019
1683779400,938.2,941.5,936.5,941.0,94812
1683782100,941.0,941.5,940.0,941.35,80998
1683784800,941.05,942.6,940.0,941.4,195860
1683787500,941.4,945.9,941.4,945.9,64388
1683790200,945.9,947.0,938.55,943.1,277996
1683792900,942.75,944.9,942.0,942.75,124452
1683795600,942.75,944.65,941.95,942.35,280608
1683798300,942.35,944.5,941.0,943.0,226743
1683863100,948.85,952.0,943.6,947.0,273868
1683865800,947.4,948.1,941.3,944.25,159491
1683868500,944.6,945.95,941.0,945.0,103596
1683871200,944.9,950.15,944.55,949.85,315893
1683873900,949.85,950.4,948.0,950.2,103341
1683876600,950.05,953.0,950.0,952.0,180228
1683879300,952.0,952.9,948.05,950.1,384186
1683882000,950.0,951.4,913.0,946.5,1827007
1683884700,946.05,951.5,930.3,931.5,495952
1684122300,940.0,940.0,896.85,906.45,1813260
1684125000,906.5,916.6,906.0,915.65,588963
1684127700,915.8,917.5,909.0,915.0,607526
1684130400,915.0,915.05,911.3,914.05,412157
1684133100,914.05,915.45,912.8,915.2,474109
1684135800,915.1,915.4,914.1,914.9,382106
1684138500,914.9,921.4,914.5,919.75,447059
1684141200,919.75,924.85,918.85,923.35,439746
1684143900,923.35,924.0,918.65,920.0,312995
1684208700,927.4,942.65,922.6,932.6,1074027
1684211400,932.7,935.0,928.4,930.55,263128
1684214100,930.65,935.0,930.3,930.9,249821
1684216800,930.85,930.9,927.0,928.0,176811
1684219500,928.15,932.4,927.95,932.1,204993
1684222200,932.5,933.25,929.45,929.9,178251
1684224900,929.8,930.2,927.2,927.65,155465
1684227600,927.65,928.45,922.55,923.0,358288
1684230300,923.05,923.35,918.4,919.85,300038
1684295100,924.95,932.0,919.4,930.7,326467
1684297800,930.7,931.9,929.45,930.1,167618
1684300500,930.1,930.2,924.0,924.55,225898
1684303200,924.9,925.0,917.7,920.0,249929
1684305900,920.0,924.05,918.4,919.4,184869
1684308600,919.4,921.55,917.0,920.05,173637
1684311300,920.05,921.5,918.55,920.25,166945
1684314000,920.25,925.45,920.0,923.6,237272
1684316700,923.75,924.95,921.55,922.15,130917
1684381500,929.0,929.65,922.05,924.3,191176
1684384200,924.3,924.3,920.0,921.8,91632
1684386900,921.55,923.35,920.1,922.6,97465
1684389600,922.85,923.05,920.0,920.3,112819
1684392300,920.15,921.5,918.0,918.45,370305
1684395000,918.4,920.2,914.15,917.0,234726
1684397700,917.0,919.25,912.75,914.8,179434
1684400400,914.8,916.55,911.55,914.85,353317
1684403100,914.8,917.0,913.15,916.0,248106
1684467900,917.0,921.3,916.0,917.25,166148
1684470600,917.25,918.5,915.0,916.3,82457
1684473300,916.3,920.0,916.0,919.75,153030
1684476000,919.75,922.0,916.4,920.1,113024
1684478700,920.3,921.15,915.35,916.1,164813
1684481400,916.1,917.15,913.25,914.4,73069
1684484100,914.1,916.85,913.0,914.95,85096
1684486800,914.85,917.9,914.1,916.25,154106
1684489500,916.25,917.0,914.95,917.0,174981
1684727100,916.25,931.05,915.45,927.1,293111
1684729800,927.1,929.0,925.0,925.95,214655
1684732500,925.8,927.15,923.6,925.75,239359
1684735200,926.0,928.35,924.6,927.95,68292
1684737900,928.25,929.25,926.45,927.35,131384
1684740600,927.25,927.65,924.2,924.75,115045
1684743300,924.75,925.4,923.2,924.0,106596
1684746000,924.0,925.9,922.55,925.6,123823
1684748700,925.6,926.05,923.15,924.5,109066
1684813500,926.4,930.0,919.5,925.45,301252
1684816200,925.55,929.2,924.4,929.2,113966
1684818900,929.2,930.25,925.35,930.0,292162
1684821600,930.0,930.75,929.25,930.1,229551
1684824300,930.1,930.4,930.0,930.2,77777
1684827000,930.35,931.4,930.0,931.0,73814
1684829700,931.0,932.3,931.0,931.0,68496
1684832400,931.0,931.7,930.0,930.05,273198
1684835100,930.05,931.75,930.0,931.3,146530
1684899900,923.5,934.65,923.5,934.25,158807
1684902600,934.4,935.6,929.8,930.7,133289
1684905300,931.0,932.15,928.65,931.4,88399
1684908000,931.4,933.9,929.75,933.75,142623
1684910700,933.75,935.55,933.0,935.3,86246
1684913400,935.2,935.75,933.05,935.35,89822
1684916100,935.35,936.7,935.0,936.15,89000
1684918800,936.15,938.0,935.05,937.9,171731
1684921500,937.85,939.9,936.55,937.9,71032
1684986300,941.45,941.55,935.0,936.25,188791
1684989000,936.1,940.45,935.45,937.0,102603
1684991700,937.0,937.8,935.85,936.3,44011
1684994400,936.25,940.95,935.85,940.1,187771
1684997100,940.1,942.0,940.0,941.0,116962
1684999800,941.0,944.5,941.0,943.45,244352
1685002500,943.3,945.95,943.0,945.5,493418
1685005200,945.4,946.9,942.9,943.95,440377
1685007900,943.95,947.0,943.0,945.5,357085
1685072700,945.9,947.0,940.5,946.6,204526
1685075400,946.6,948.6,945.4,946.15,127087
1685078100,946.15,947.95,945.6,947.65,80962
1685080800,947.75,951.5,947.6,949.55,243629
1685083500,949.55,950.95,949.0,949.2,84289
1685086200,949.2,951.0,948.0,950.25,65959
1685088900,950.45,951.35,949.25,949.55,75765
1685091600,949.55,952.75,949.0,951.7,162043
1685094300,951.45,952.4,949.0,950.0,84291
1685331900,952.0,955.0,945.1,948.05,432345
1685334600,948.05,951.3,945.5,951.0,273332
1685337300,951.3,951.3,947.3,949.75,133786
1685340000,949.5,952.5,949.0,952.15,186329
1685342700,952.65,953.6,952.0,953.3,105267
1685345400,953.3,953.95,952.0,953.0,149279
1685348100,953.0,953.9,953.0,953.0,131639
1685350800,953.05,955.85,952.9,955.05,170009
1685353500,955.0,959.2,954.55,954.55,158793
1685418300,957.6,957.6,951.5,952.2,173553
1685421000,952.45,956.0,952.3,953.35,105759
1685423700,953.35,955.0,951.0,955.0,98251
1685426400,954.55,958.0,954.55,957.95,75799
1685429100,958.0,960.0,956.5,957.4,196298
1685431800,957.4,961.45,956.1,961.05,131097
1685434500,961.05,961.4,958.0,958.8,152414
1685437200,958.65,961.5,958.1,960.35,321671
1685439900,960.05,960.35,958.0,958.5,81362
1685504700,960.2,965.0,955.6,963.65,197032
1685507400,963.9,964.45,960.05,961.1,109389
1685510100,961.1,963.75,960.2,960.2,112405
1685512800,960.2,961.45,958.2,959.6,149293
1685515500,959.4,961.15,956.9,961.05,108187
1685518200,961.05,962.35,960.15,961.55,73059
1685520900,961.55,964.1,961.0,963.0,182312
1685523600,963.15,963.55,951.2,955.65,1349873
1685526300,955.65,955.65,942.3,949.0,1279138
1685591100,950.0,953.5,946.75,950.8,144060
1685593800,951.0,953.3,950.0,950.25,59482
1685596500,950.05,955.0,949.05,953.75,57096
1685599200,954.05,957.25,953.5,956.65,122360
1685601900,956.7,960.05,956.65,959.95,92874
1685604600,960.0,961.55,959.7,961.0,83226
1685607300,961.2,965.9,960.7,963.75,209451
1685610000,963.75,966.5,962.8,964.6,278796
1685612700,964.7,964.95,963.0,964.4,83550
1685677500,965.9,969.65,957.25,958.2,171387
1685680200,958.2,958.65,954.65,957.0,96519
1685682900,957.0,960.8,956.1,960.25,112126
1685685600,960.25,963.1,960.25,962.5,165355
1685688300,962.15,963.8,962.0,962.4,103004
1685691000,962.2,962.75,960.05,962.35,95854
1685693700,962.35,964.5,962.0,964.05,116303
1685696400,964.05,967.1,964.0,966.1,161149
1685699100,966.1,967.0,962.55,965.0,75826
1685936700,970.0,970.75,959.15,965.1,197740
1685939400,965.1,966.3,964.25,965.55,109528
1685942100,965.55,968.9,965.25,966.95,82779
1685944800,966.95,970.0,965.65,969.1,95863
1685947500,969.1,969.1,966.05,967.15,97646
1685950200,967.15,973.1,966.15,972.35,277353
1685952900,972.3,975.0,970.35,974.2,171879
1685955600,974.05,976.9,972.5,975.45,303512
1685958300,975.45,976.25,972.05,972.05,131569
1686023100,972.9,973.9,964.05,971.1,461143
1686025800,971.0,974.0,965.0,968.6,572000
1686028500,968.6,972.45,968.55,969.5,107713
1686031200,970.0,970.8,967.35,968.8,244713
1686033900,968.65,969.35,967.95,969.1,91895
1686036600,969.1,970.7,968.65,969.75,45972
1686039300,969.7,971.45,968.0,971.0,126828
1686042000,971.0,974.95,969.55,972.0,335321
1686044700,972.3,973.5,970.95,973.5,92357
1686109500,972.95,977.0,970.25,976.05,133854
1686112200,976.45,976.95,974.8,976.1,58998
1686114900,976.05,977.9,975.1,977.0,57798
1686117600,977.0,977.65,969.0,971.9,165124
1686120300,971.9,972.5,962.4,968.9,162978
1686123000,968.9,968.95,964.35,965.15,65470
1686125700,965.35,966.0,961.0,962.5,221019
1686128400,962.5,963.5,959.35,959.95,444673
1686131100,959.95,962.8,958.5,962.5,302979
1686195900,964.9,966.9,963.0,966.0,192466
1686198600,966.0,969.85,965.45,969.5,96643
1686201300,969.8,969.8,967.8,968.05,71364
1686204000,968.05,968.95,964.0,966.15,112586
1686206700,966.15,968.85,966.0,967.5,43077
1686209400,967.2,968.45,966.65,968.0,86640
1686212100,967.65,968.2,964.8,966.35,384236
1686214800,966.35,967.0,963.5,965.0,351745
1686217500,965.1,968.0,963.0,965.85,138717
1686282300,966.0,967.95,959.15,966.7,121990
1686285000,966.7,967.5,963.75,965.7,49622
1686287700,965.7,967.0,965.0,966.3,32417
1686290400,966.3,967.0,964.0,965.3,42628
1686293100,965.3,965.6,963.95,965.0,43032
1686295800,965.05,967.6,965.0,967.3,73316
1686298500,967.3,969.7,966.5,969.25,134026
1686301200,969.1,969.2,968.0,968.25,94385
1686303900,968.25,971.0,968.0,968.0,123947
1686541500,973.25,973.25,963.55,969.6,118599
1686544200,969.6,973.0,969.05,972.7,72424
1686546900,972.6,973.0,971.15,972.55,28423
1686549600,972.2,973.2,969.05,970.0,46679
1686552300,970.0,970.6,967.85,969.4,72048
1686555000,969.4,970.85,968.65,969.8,35657
1686557700,969.6,969.7,956.05,957.85,237626
1686560400,958.0,961.85,955.15,960.0,300052
1686563100,960.0,961.0,960.0,960.5,326587
1686627900,963.0,964.6,957.0,963.4,770281
1686630600,963.4,971.7,962.45,971.1,388604
1686633300,971.35,975.0,969.4,971.8,180736
1686636000,971.8,975.85,971.5,975.5,157856
1686638700,975.5,976.0,974.5,975.0,92864
1686641400,975.0,975.4,972.0,972.05,84965
1686644100,972.05,975.85,972.0,975.3,96960
1686646800,975.3,981.0,975.05,980.35,205131
1686649500,980.45,983.85,979.2,982.0,179423
1686714300,981.5,981.9,972.6,976.25,217707
1686717000,976.55,979.0,976.25,977.5,63247
1686719700,977.5,978.5,975.0,977.2,261145
1686722400,977.2,978.0,976.35,977.6,41320
1686725100,977.6,980.0,977.0,978.15,152828
1686727800,978.3,978.65,974.75,977.65,214839
1686730500,977.5,979.55,975.5,978.0,302926
1686733200,978.2,979.5,976.0,979.15,418080
1686735900,979.05,980.35,979.0,979.0,154708
1686800700,981.95,991.5,980.6,987.95,354251
1686803400,987.95,990.6,987.4,989.35,121762
1686806100,989.8,990.0,985.55,987.15,110182
1686808800,987.15,991.0,984.5,990.2,151080
1686811500,990.5,994.4,989.3,992.0,129034
1686814200,992.15,997.0,992.0,996.45,239391
1686816900,996.45,999.9,995.7,996.2,237171
1686819600,996.4,998.9,994.0,997.3,279872
1686822300,997.05,1000.0,997.05,998.1,178365
1686887100,1000.0,1004.2,995.8,999.0,251487
1686889800,999.0,999.15,995.15,995.75,94883
1686892500,995.8,997.25,993.75,996.65,111995
1686895200,996.65,1001.3,996.5,1000.8,142555
1686897900,1000.8,1001.7,999.9,1000.55,52938
1686900600,1000.75,1001.2,1000.0,1000.9,48739
1686903300,1000.8,1004.75,1000.0,1004.0,154577
1686906000,1004.0,1007.15,1003.9,1006.2,462681
1686908700,1006.2,1007.0,1005.2,1006.25,249679
1687146300,1006.25,1013.6,1003.0,1005.2,213868
1687149000,1004.8,1005.45,999.2,1004.0,118209
1687151700,1003.95,1010.7,1003.5,1010.7,114720
1687154400,1010.7,1011.9,1009.9,1011.55,58493
1687157100,1011.55,1012.55,1010.0,1012.05,52753
1687159800,1012.05,1013.0,1010.0,1012.5,85853
1687162500,1012.5,1013.15,1010.65,1013.15,92432
1687165200,1013.15,1017.55,1009.3,1010.2,187452
1687167900,1010.2,1016.0,1010.0,1015.5,87139
1687232700,1013.85,1018.8,1011.5,1012.1,223086
1687235400,1012.35,1014.4,1005.0,1006.25,215163
1687238100,1006.25,1007.6,1002.6,1006.7,223825
1687240800,1006.7,1010.7,1006.0,1006.7,66970
1687243500,1006.7,1010.25,1006.25,1008.3,80017
1687246200,1008.0,1011.8,1007.8,1008.85,140613
1687248900,1009.0,1009.0,1004.15,1008.5,115649
1687251600,1008.5,1011.4,1007.1,1009.95,380182
1687254300,1010.15,1012.85,1009.95,1012.2,146440
1687319100,1010.2,1012.2,1002.25,1006.45,194966
1687321800,1006.45,1009.75,1004.1,1005.15,125852
1687324500,1005.3,1008.0,1005.0,1007.65,56173
1687327200,1007.65,1010.0,1007.0,1009.7,108728
1687329900,1009.45,1011.1,1009.0,1010.05,59941
1687332600,1010.5,1013.45,1009.3,1010.4,156589
1687335300,1010.4,1011.35,1010.0,1010.8,104777
1687338000,1010.8,1011.3,1006.15,1008.0,162115
1687340700,1008.0,1011.0,1007.45,1011.0,168489
1687405500,1003.1,1007.0,1002.8,1005.25,619812
1687408200,1005.15,1005.4,1002.4,1003.15,136499
1687410900,1003.15,1004.35,995.25,995.55,298309
1687413600,995.5,996.1,990.1,993.55,254316
1687416300,993.55,999.4,993.35,998.65,320924
1687419000,998.85,1002.0,997.5,1001.6,365296
1687421700,1001.6,1001.6,996.0,997.6,301500
1687424400,997.6,999.5,994.0,999.15,350538
1687427100,999.4,1000.1,996.55,998.5,200498
1687491900,999.95,999.95,987.4,989.45,199487
1687494600,989.45,991.0,986.55,990.1,103698
1687497300,990.0,992.0,989.9,991.3,367359
1687500000,991.3,992.0,989.05,989.8,224552
1687502700,989.8,992.75,989.35,991.9,289778
1687505400,991.85,994.25,991.25,994.25,102655
1687508100,994.2,995.45,991.55,992.95,154562
1687510800,992.95,993.4,988.45,988.85,185262
1687513500,989.0,990.4,985.65,990.3,147351
1687491900,999.95,999.95,987.4,989.45,199487
1687494600,989.45,991.0,986.55,990.1,103698
1687497300,990.0,992.0,989.9,991.3,367359
1687500000,991.3,992.0,989.05,989.8,224552
1687502700,989.8,992.75,989.35,991.9,289778
1687505400,991.85,994.25,991.25,994.25,102655
1687508100,994.2,995.45,991.55,992.95,154562
1687510800,992.95,993.4,988.45,988.85,185262
1687513500,989.0,990.4,985.65,990.3,147351
1687751100,989.35,1010.0,989.35,1003.05,495665
1687753800,1003.35,1008.5,1003.0,1006.0,131031
1687756500,1005.8,1013.95,1004.2,1012.8,204086
1687759200,1012.8,1019.25,1011.15,1018.2,301416
1687761900,1018.3,1020.65,1014.05,1014.85,207327
1687764600,1014.85,1017.0,1013.0,1015.0,96550
1687767300,1015.0,1020.0,1014.65,1019.95,268652
1687770000,1019.95,1022.0,1018.0,1021.45,399711
1687772700,1021.45,1025.0,1021.0,1023.8,207360
1687837500,1024.0,1026.1,1008.05,1011.8,384242
1687840200,1011.7,1012.9,1010.0,1011.45,174552
1687842900,1011.4,1011.75,1007.05,1009.3,166819
1687845600,1009.3,1014.8,1008.1,1012.25,149027
1687848300,1012.25,1012.5,1008.0,1008.9,139270
1687851000,1008.8,1011.65,1008.8,1011.15,91254
1687853700,1011.15,1011.3,1005.0,1010.35,230130
1687856400,1010.45,1011.25,1008.05,1010.0,202269
1687859100,1010.0,1011.3,1006.05,1011.0,179820
1687923900,1007.0,1010.65,1004.05,1007.55,137856
1687926600,1007.95,1010.0,1006.95,1009.95,88076
1687929300,1009.95,1010.45,1007.15,1009.3,205389
1687932000,1009.15,1014.6,1008.2,1010.95,158501
1687934700,1010.9,1015.0,1010.4,1015.0,106549
1687937400,1015.0,1017.45,1014.85,1016.45,99742
1687940100,1016.45,1018.5,1015.7,1016.5,119800
1687942800,1016.5,1016.55,1008.6,1010.8,438998
1687945500,1010.8,1013.05,1009.0,1013.05,292514
1688096700,1009.9,1017.75,1007.85,1014.95,404172
1688099400,1015.0,1021.0,1014.5,1020.15,179684
1688102100,1020.25,1021.45,1017.1,1019.75,106482
1688104800,1019.75,1021.05,1016.05,1016.35,191500
1688107500,1016.4,1017.9,1013.2,1014.55,173365
1688110200,1014.55,1014.9,1009.1,1009.75,196942
1688112900,1009.8,1010.75,1005.0,1009.05,187229
1688115600,1009.05,1016.0,1008.2,1015.25,339837
1688118300,1015.25,1015.65,1012.5,1012.5,181536
1688355900,1020.5,1025.0,1016.35,1023.95,169835
1688358600,1023.95,1029.9,1023.5,1027.0,199112
1688361300,1027.0,1027.35,1018.35,1019.45,118701
1688364000,1019.85,1019.9,1017.0,1018.6,63316
1688366700,1018.65,1019.5,1011.1,1013.0,200086
1688369400,1013.05,1013.9,1011.1,1011.55,58149
1688372100,1011.55,1012.5,1002.3,1003.0,156103
1688374800,1002.9,1003.35,999.5,1000.75,375263
1688377500,1000.75,1002.9,999.0,1002.5,111813
1688442300,1007.95,1007.95,996.5,1003.8,216668
1688445000,1003.8,1003.8,998.05,1001.75,121156
1688447700,1001.75,1002.9,999.6,1000.15,57831
1688450400,1000.15,1004.9,999.05,1002.0,209957
1688453100,1002.5,1004.0,1001.0,1003.7,72981
1688455800,1003.7,1009.45,1002.5,1009.3,68009
1688458500,1009.3,1011.95,1007.25,1010.8,128481
1688461200,1010.5,1012.45,1009.0,1011.85,145283
1688463900,1011.65,1016.0,1010.7,1015.0,84979
1688528700,1017.0,1018.8,1011.0,1016.0,189910
1688531400,1016.0,1017.5,1009.0,1009.5,90344
1688534100,1009.4,1013.45,1009.0,1011.55,51231
1688536800,1011.15,1014.0,1011.15,1014.0,46061
1688539500,1013.95,1015.0,1012.4,1013.9,51997
1688542200,1013.9,1014.2,1005.4,1009.1,85144
1688544900,1009.1,1012.75,1008.65,1011.6,42969
1688547600,1011.6,1012.75,1008.9,1010.85,104322
1688550300,1011.05,1012.5,1009.0,1009.75,82082
1688615100,1012.0,1020.45,1011.4,1018.5,163307
1688617800,1018.5,1021.5,1017.45,1018.45,118414
1688620500,1018.45,1019.5,1014.2,1019.15,94163
1688623200,1019.25,1021.9,1017.7,1020.15,84950
1688625900,1020.0,1023.0,1019.0,1021.1,59922
1688628600,1021.1,1022.1,1014.0,1015.0,151964
1688631300,1015.0,1019.0,1013.1,1017.2,218670
1688634000,1017.2,1023.55,1017.0,1021.95,265547
1688636700,1021.95,1022.3,1020.0,1020.0,77824
1688701500,1009.45,1018.0,998.05,1015.9,685301
1688704200,1015.9,1017.0,1014.0,1014.3,203054
1688706900,1014.0,1018.6,1011.75,1016.6,136428
1688709600,1016.6,1016.95,1015.0,1015.5,40323
1688712300,1015.6,1016.35,1014.1,1015.0,208041
1688715000,1015.0,1022.05,1012.85,1020.85,142720
1688717700,1020.3,1028.75,1019.0,1026.95,167668
1688720400,1026.5,1027.5,1019.8,1020.0,199405
1688723100,1020.0,1022.95,1018.3,1022.95,124721
1688960700,1024.0,1024.0,1013.0,1020.55,145577
1688963400,1020.55,1025.7,1019.0,1025.25,91511
1688966100,1025.15,1026.0,1020.25,1022.9,98357
1688968800,1022.9,1025.7,1022.2,1023.15,45468
1688971500,1022.7,1025.85,1020.3,1023.8,56593
1688974200,1023.7,1024.45,1020.0,1021.05,296502
1688976900,1020.6,1021.25,1017.0,1017.5,120229
1688979600,1017.15,1021.25,1015.0,1016.8,134159
1688982300,1016.05,1019.0,1016.0,1018.8,153137
1689047100,1018.95,1031.6,1018.0,1028.15,230370
1689049800,1028.15,1032.8,1024.75,1032.05,71877
1689052500,1032.3,1033.5,1028.1,1029.05,131158
1689055200,1029.05,1032.3,1028.7,1029.1,43570
1689057900,1028.95,1031.5,1027.0,1031.35,47451
1689060600,1031.25,1031.4,1028.0,1028.5,30178
1689063300,1028.55,1028.95,1023.65,1025.85,49128
1689066000,1025.85,1029.8,1024.6,1028.0,111602
1689068700,1028.0,1028.6,1024.0,1024.0,98185
1689133500,1025.0,1031.15,1021.0,1030.4,238533
1689136200,1030.4,1032.9,1024.8,1027.8,74202
1689138900,1027.8,1029.65,1022.75,1023.4,55836
1689141600,1023.4,1024.45,1021.2,1022.5,33119
1689144300,1022.5,1026.45,1021.35,1025.4,71884
1689147000,1025.15,1027.45,1025.15,1026.75,33137
1689149700,1026.75,1028.25,1025.85,1027.65,73209
1689152400,1027.5,1031.0,1019.95,1020.0,272481
1689155100,1020.0,1024.2,1019.95,1024.2,309121
1689219900,1027.85,1036.0,1023.3,1030.7,173097
1689222600,1030.65,1031.45,1025.3,1029.85,119115
1689225300,1029.8,1031.4,1025.5,1028.0,89075
1689228000,1028.0,1029.85,1023.45,1025.6,52986
1689230700,1025.6,1027.95,1020.0,1027.9,495158
1689233400,1027.05,1030.0,1026.1,1028.15,53880
1689236100,1028.1,1029.2,1022.15,1025.3,53373
1689238800,1025.35,1026.1,1018.05,1020.8,267292
1689241500,1020.95,1023.45,1019.85,1022.0,113674
1689306300,1026.15,1028.0,1019.35,1023.85,77699
1689309000,1024.3,1026.5,1021.35,1025.3,53197
1689311700,1025.5,1030.0,1024.0,1029.35,62410
1689314400,1029.45,1029.5,1026.9,1027.4,62213
1689317100,1027.4,1027.45,1022.6,1024.85,119262
1689319800,1024.6,1027.7,1023.0,1026.55,75276
1689322500,1026.65,1029.55,1025.2,1029.55,63124
1689325200,1029.7,1030.95,1027.25,1030.65,166498
1689327900,1030.7,1034.8,1030.45,1034.0,106223
1689565500,1036.2,1039.0,1031.8,1036.5,115149
1689568200,1036.55,1038.0,1033.55,1034.0,93216
1689570900,1034.0,1037.0,1028.7,1029.75,225668
1689573600,1029.9,1030.2,1028.3,1029.55,147131
1689576300,1029.55,1031.45,1025.4,1029.95,62531
1689579000,1030.05,1032.75,1029.15,1030.6,110729
1689581700,1030.6,1032.95,1030.05,1031.35,47786
1689584400,1031.75,1034.3,1030.0,1032.1,158042
1689587100,1032.4,1033.6,1031.15,1032.0,84947
1689651900,1032.65,1035.2,1028.0,1031.8,104486
1689654600,1031.8,1035.0,1027.0,1027.1,81278
1689657300,1027.7,1029.5,1026.35,1027.0,34302
1689660000,1026.55,1029.85,1022.8,1023.8,146816
1689662700,1023.6,1025.35,1022.35,1024.95,81824
1689665400,1024.95,1025.0,1019.5,1020.8,61891
1689668100,1020.9,1025.0,1020.65,1024.25,107055
1689670800,1024.25,1029.95,1023.85,1029.55,95367
1689673500,1029.45,1034.05,1028.8,1030.0,65274
1689738300,1030.0,1032.2,1022.7,1031.8,272853
1689741000,1032.2,1033.85,1028.5,1029.0,48931
1689743700,1029.0,1030.8,1027.55,1030.65,43124
1689746400,1030.8,1032.6,1027.5,1031.35,34831
1689749100,1031.5,1036.0,1031.0,1035.0,131973
1689751800,1035.0,1042.0,1035.0,1040.0,168932
1689754500,1039.95,1040.2,1034.0,1035.15,153256
1689757200,1035.15,1036.35,1034.55,1035.2,117407
1689759900,1035.1,1036.95,1035.0,1035.0,96705
1689824700,1038.95,1038.95,1027.0,1032.2,194298
1689827400,1032.0,1044.9,1031.0,1042.85,187763
1689830100,1043.3,1048.0,1041.0,1044.95,158302
1689832800,1044.7,1047.95,1043.6,1046.35,82314
1689835500,1046.35,1050.9,1045.1,1049.0,153002
1689838200,1049.0,1049.9,1046.0,1047.85,88128
1689840900,1047.85,1053.25,1047.85,1053.25,93782
1689843600,1053.3,1057.9,1052.3,1056.1,221815
1689846300,1056.25,1057.5,1053.5,1055.0,100056
1689911100,1048.9,1062.0,1045.05,1056.5,255841
1689913800,1056.5,1056.5,1052.0,1055.5,46389
1689916500,1055.5,1057.05,1047.6,1048.55,70707
1689919200,1048.55,1050.55,1047.15,1048.4,53925
1689921900,1048.4,1052.35,1047.65,1049.7,42237
1689924600,1049.75,1051.7,1049.15,1051.5,30059
1689927300,1051.5,1052.3,1045.4,1049.05,197161
1689930000,1049.05,1051.5,1047.0,1049.1,107248
1689932700,1049.1,1050.65,1047.5,1049.0,68140
1690170300,1048.95,1051.35,1038.6,1039.45,469778
1690173000,1039.0,1049.95,1038.0,1049.0,105242
1690175700,1049.15,1051.0,1044.0,1044.7,44967
1690178400,1044.7,1048.0,1043.0,1046.05,59506
1690181100,1046.0,1048.75,1045.85,1047.3,34835
1690183800,1047.3,1051.0,1047.0,1048.85,42117
1690186500,1048.9,1052.5,1048.6,1051.25,40862
1690189200,1051.25,1053.0,1048.3,1048.9,71846
1690191900,1048.95,1049.8,1046.15,1048.9,66462
1690256700,1058.0,1061.75,1049.4,1050.0,213136
1690259400,1050.0,1057.7,1049.75,1055.0,68826
1690262100,1055.0,1055.6,1052.05,1054.1,25404
1690264800,1054.1,1055.1,1051.15,1053.7,25516
1690267500,1054.3,1057.1,1052.5,1056.55,28831
1690270200,1056.55,1056.9,1053.3,1054.5,30671
1690272900,1054.45,1056.2,1051.85,1052.15,45124
1690275600,1052.3,1056.5,1051.55,1054.6,84842
1690278300,1054.6,1055.5,1052.85,1054.95,71448
1690343100,1060.0,1060.0,1046.85,1051.05,158570
1690345800,1051.05,1053.9,1050.35,1051.05,57283
1690348500,1051.05,1051.95,1048.65,1049.8,75483
1690351200,1049.8,1050.05,1047.75,1049.15,74477
1690353900,1049.2,1049.3,1045.0,1046.7,94210
1690356600,1046.75,1047.0,1042.15,1044.8,99319
1690359300,1044.8,1051.0,1044.55,1047.8,99197
1690362000,1047.75,1072.65,1045.05,1071.75,574100
1690364700,1071.6,1082.05,1061.95,1079.0,618976
1690429500,1115.0,1163.0,1108.55,1156.8,4236529
1690432200,1157.3,1169.95,1155.1,1168.45,1358743
1690434900,1168.3,1169.0,1160.15,1162.8,767546
1690437600,1162.85,1172.9,1160.0,1170.8,768755
1690440300,1170.75,1175.35,1161.0,1175.35,1312991
1690443000,1175.35,1219.4,1170.05,1187.5,2496028
1690445700,1187.15,1189.5,1168.25,1171.2,1660004
1690448400,1171.2,1173.0,1164.25,1172.85,1301544
1690451100,1173.0,1173.8,1169.95,1173.0,629818
1690515900,1171.45,1190.4,1165.85,1178.0,1431818
1690518600,1178.0,1180.0,1162.0,1165.25,698463
1690521300,1165.25,1167.45,1155.7,1159.2,538406
1690524000,1159.2,1166.75,1158.5,1164.5,215544
1690526700,1164.5,1170.0,1163.5,1164.85,335507
1690529400,1164.85,1165.35,1162.25,1163.2,136101
1690532100,1163.65,1174.95,1163.1,1172.0,357199
1690534800,1172.05,1180.0,1169.3,1176.85,470211
1690537500,1176.9,1179.4,1176.05,1177.0,253056
1690775100,1181.8,1184.75,1165.4,1166.5,508300
1690777800,1166.5,1174.65,1165.55,1172.65,276492
1690780500,1173.0,1177.4,1171.75,1177.0,159640
1690783200,1176.75,1177.0,1174.0,1175.5,116826
1690785900,1175.5,1176.4,1171.1,1173.0,246716
1690788600,1173.15,1177.55,1170.0,1175.7,126358
1690791300,1175.7,1175.7,1169.75,1175.55,148781
1690794000,1175.55,1177.95,1170.15,1177.65,417592
1690796700,1177.55,1179.75,1174.75,1177.0,216744
1690861500,1175.0,1187.3,1168.1,1182.0,315339
1690864200,1182.0,1186.0,1180.0,1180.4,130803
1690866900,1180.5,1183.5,1178.0,1183.5,105416
1690869600,1183.1,1183.5,1179.0,1179.65,76602
1690872300,1179.1,1179.85,1176.1,1176.85,110716
1690875000,1176.8,1179.9,1174.5,1178.65,150407
1690877700,1178.65,1182.2,1176.4,1178.0,189365
1690880400,1178.0,1178.0,1174.5,1177.6,174343
1690883100,1177.45,1182.5,1176.0,1181.0,105640
1690947900,1185.0,1185.0,1163.0,1167.25,343691
1690950600,1167.4,1168.25,1161.1,1161.55,199032
1690953300,1162.0,1164.9,1160.0,1160.05,320786
1690956000,1160.35,1163.25,1158.0,1159.45,192321
1690958700,1159.45,1163.0,1158.4,1159.1,130214
1690961400,1159.1,1162.85,1158.8,1159.1,160246
1690964100,1159.05,1162.7,1153.55,1155.85,154531
1690966800,1156.0,1168.75,1155.8,1168.35,215614
1690969500,1168.45,1170.85,1166.5,1167.95,138977
1691034300,1166.05,1175.9,1158.0,1173.9,620061
1691037000,1173.9,1178.95,1168.25,1169.55,388085
1691039700,1169.15,1170.0,1166.25,1167.0,129614
1691042400,1167.0,1167.1,1159.05,1160.0,241166
1691045100,1159.95,1163.35,1155.0,1156.25,231248
1691047800,1156.2,1160.0,1151.55,1155.8,245485
1691050500,1155.8,1157.7,1150.0,1155.2,280280
1691053200,1155.05,1167.75,1155.05,1166.15,295943
1691055900,1166.05,1168.2,1164.6,1165.0,141049
1691120700,1171.0,1238.7,1171.0,1228.05,3310026
1691123400,1228.05,1228.85,1208.6,1209.35,1294872
1691126100,1209.35,1220.0,1203.55,1204.4,706645
1691128800,1204.3,1212.3,1199.0,1210.5,724657
1691131500,1210.5,1214.35,1206.4,1207.75,481187
1691134200,1207.7,1211.5,1207.0,1210.45,296080
1691136900,1210.45,1210.45,1200.9,1206.35,482255
1691139600,1206.35,1211.0,1201.6,1210.3,710597
1691142300,1211.0,1215.4,1206.95,1206.95,350310
1691379900,1195.0,1221.0,1174.2,1205.8,917655
1691382600,1205.85,1211.15,1201.5,1203.65,210219
1691385300,1203.95,1207.1,1199.3,1203.6,149462
1691388000,1203.6,1210.0,1202.05,1206.4,104957
1691390700,1206.45,1210.0,1204.4,1208.4,82609
1691393400,1208.4,1215.8,1208.4,1215.4,218843
1691396100,1215.4,1218.95,1211.6,1214.0,179101
1691398800,1213.65,1228.5,1213.0,1225.1,444599
1691401500,1224.8,1225.15,1222.0,1222.5,143994
1691466300,1225.0,1259.0,1224.05,1251.95,1177488
1691469000,1251.95,1267.8,1250.05,1255.6,1051644
1691471700,1255.6,1259.0,1252.2,1254.0,554288
1691474400,1254.0,1256.0,1250.15,1255.5,280993
1691477100,1255.5,1262.0,1254.35,1257.75,331363
1691479800,1257.75,1261.1,1255.95,1260.45,250929
1691482500,1260.45,1265.95,1260.4,1261.65,375633
1691485200,1261.95,1268.7,1258.25,1266.25,581154
1691487900,1266.15,1269.0,1265.1,1268.0,457093
1691552700,1270.0,1271.65,1259.3,1261.95,451855
1691555400,1261.95,1261.95,1254.0,1257.25,188057
1691558100,1257.25,1259.8,1252.25,1256.35,203676
1691560800,1256.35,1258.85,1255.0,1257.25,108114
1691563500,1257.25,1265.65,1257.05,1264.05,136934
1691566200,1264.05,1266.8,1262.65,1265.3,117378
1691568900,1265.3,1268.0,1263.5,1265.1,177364
1691571600,1265.1,1267.0,1262.25,1264.5,385432
1691574300,1264.4,1268.8,1264.05,1265.05,329038
1691639100,1266.0,1277.9,1262.15,1271.1,551718
1691641800,1271.2,1271.2,1263.0,1265.0,284913
1691644500,1265.0,1269.0,1260.0,1260.1,145291
1691647200,1260.35,1262.0,1256.35,1258.1,135644
1691649900,1258.1,1260.8,1252.55,1254.35,136817
1691652600,1254.45,1257.15,1251.65,1253.35,106115
1691655300,1253.35,1255.2,1248.1,1254.35,266942
1691658000,1254.35,1259.75,1251.25,1259.0,261300
1691660700,1259.05,1262.9,1251.0,1256.0,210206
1691725500,1258.3,1258.8,1245.0,1255.0,456023
1691728200,1255.0,1258.4,1251.8,1254.2,104054
1691730900,1254.2,1255.85,1249.35,1249.4,90077
1691733600,1249.4,1252.0,1248.75,1250.0,74929
1691736300,1250.0,1253.55,1249.8,1252.75,77714
1691739000,1252.75,1255.0,1252.25,1254.55,87870
1691741700,1254.55,1256.7,1252.6,1255.35,109819
1691744400,1255.35,1256.75,1248.85,1249.75,168124
1691747100,1249.75,1254.9,1247.6,1248.25,112614
1691984700,1250.2,1252.0,1235.0,1241.7,225935
1691987400,1241.7,1242.0,1237.35,1241.0,71710
1691990100,1240.8,1242.35,1239.1,1240.6,57530
1691992800,1240.6,1241.25,1239.6,1240.9,56857
1691995500,1240.95,1240.95,1239.15,1239.8,74416
1691998200,1239.95,1240.95,1237.6,1239.05,72908
1692000900,1239.25,1240.2,1237.0,1237.6,69038
1692003600,1237.6,1239.8,1236.5,1237.7,103422
1692006300,1237.7,1238.05,1231.65,1231.65,97319
1692157500,1231.55,1239.0,1226.05,1238.55,258524
1692160200,1238.7,1244.0,1235.15,1236.5,342751
1692162900,1236.5,1243.25,1231.9,1240.55,156463
1692165600,1240.3,1246.0,1240.0,1241.9,139229
1692168300,1241.9,1244.5,1240.6,1241.6,82637
1692171000,1241.6,1243.25,1236.1,1236.85,119444
1692173700,1236.85,1240.4,1233.8,1239.55,139922
1692176400,1239.55,1245.0,1237.0,1243.85,212066
1692179100,1243.7,1245.0,1240.3,1240.3,212126
1692243900,1235.0,1236.0,1226.6,1232.15,459625
1692246600,1232.15,1232.7,1226.05,1230.2,176472
1692249300,1230.2,1232.7,1229.55,1230.3,111029
1692252000,1230.5,1233.85,1229.55,1230.1,222583
1692254700,1230.1,1235.8,1229.9,1234.05,138648
1692257400,1234.05,1235.0,1231.7,1234.55,79018
1692260100,1234.95,1238.5,1233.45,1236.45,101380
1692262800,1236.8,1242.0,1235.5,1240.2,302331
1692265500,1240.7,1245.85,1238.1,1245.0,260310
1692330300,1239.0,1257.0,1237.95,1249.7,302844
1692333000,1249.95,1252.0,1245.15,1248.0,116456
1692335700,1248.0,1251.9,1241.9,1241.9,144725
1692338400,1241.9,1245.25,1239.25,1243.9,128610
1692341100,1243.85,1244.5,1239.05,1242.65,90414
1692343800,1242.65,1244.0,1240.6,1241.8,37602
1692346500,1241.65,1246.6,1240.3,1244.1,91062
1692349200,1244.1,1244.5,1235.05,1237.55,241141
1692351900,1237.55,1238.2,1231.0,1233.9,137813
1692589500,1237.45,1245.3,1233.0,1240.45,152786
1692592200,1240.25,1241.0,1235.0,1237.7,72383
1692594900,1237.7,1240.4,1237.3,1239.95,43756
1692597600,1240.0,1242.2,1237.6,1237.85,44604
1692600300,1237.85,1239.5,1234.25,1234.75,95372
1692603000,1234.55,1239.05,1234.5,1235.2,269438
1692605700,1235.75,1237.0,1234.7,1235.0,116700
1692608400,1235.0,1235.85,1231.5,1234.5,178210
1692611100,1234.5,1234.8,1230.3,1233.5,127156
1692675900,1233.8,1240.25,1225.1,1226.1,194661
1692678600,1226.05,1226.9,1220.25,1223.0,287609
1692681300,1223.0,1223.5,1218.05,1220.1,195288
1692684000,1220.1,1223.2,1220.1,1221.35,94621
1692686700,1221.35,1221.85,1219.6,1220.8,96743
1692689400,1220.8,1222.6,1220.0,1221.85,92789
1692692100,1221.35,1223.0,1220.5,1221.9,102313
1692694800,1221.9,1223.2,1220.05,1220.65,183790
1692697500,1220.65,1221.5,1219.8,1221.0,130270
1692762300,1252.05,1259.9,1227.1,1230.15,1054701
1692765000,1230.25,1232.9,1225.05,1230.65,233596
1692767700,1230.65,1233.95,1229.75,1230.5,155294
1692770400,1230.5,1234.75,1230.5,1232.25,156699
1692773100,1232.25,1232.95,1229.5,1230.8,138246
1692775800,1230.8,1233.4,1230.2,1231.7,309488
1692778500,1231.6,1232.5,1229.55,1230.2,85705
1692781200,1230.25,1231.25,1228.25,1230.8,220280
1692783900,1230.7,1234.25,1229.05,1233.6,179312
1692848700,1235.2,1239.65,1227.55,1234.25,170750
1692851400,1234.45,1236.1,1231.0,1235.55,60861
1692854100,1235.55,1235.55,1228.1,1229.15,66290
1692856800,1229.15,1229.95,1222.6,1225.25,70780
1692859500,1225.25,1227.6,1223.5,1225.0,58816
1692862200,1225.0,1227.15,1224.25,1226.6,48742
1692864900,1226.65,1227.9,1224.0,1226.9,67988
1692867600,1226.9,1227.0,1217.0,1218.95,198888
1692870300,1218.95,1220.8,1218.25,1218.25,103417
1692935100,1217.95,1219.9,1205.0,1216.5,224585
1692937800,1216.7,1218.85,1212.35,1214.95,69196
1692940500,1214.7,1216.3,1212.2,1215.0,47883
1692943200,1214.7,1216.65,1212.65,1215.0,38438
1692945900,1215.0,1215.65,1206.75,1210.75,190641
1692948600,1210.75,1212.3,1208.6,1211.55,50377
1692951300,1211.55,1212.0,1209.6,1211.0,45816
1692954000,1211.0,1211.9,1208.5,1208.95,121169
1692956700,1208.85,1212.0,1208.75,1212.0,97572
1693194300,1212.0,1230.0,1211.0,1224.0,308619
1693197000,1224.0,1228.4,1220.45,1227.75,129376
1693199700,1227.7,1237.0,1227.7,1232.6,314572
1693202400,1232.6,1234.5,1228.25,1230.6,141521
1693205100,1230.45,1232.45,1228.25,1230.15,98401
1693207800,1229.9,1230.5,1229.15,1229.35,74563
1693210500,1229.7,1230.5,1228.5,1229.0,179058
1693213200,1229.0,1230.3,1225.35,1226.95,309735
1693215900,1227.0,1233.45,1226.9,1232.95,108059
1693280700,1232.0,1245.65,1231.0,1240.75,241549
1693283400,1240.75,1242.0,1237.1,1240.0,94189
1693286100,1240.0,1241.95,1234.25,1234.7,75572
1693288800,1234.7,1238.5,1233.35,1236.0,81426
1693291500,1236.0,1236.95,1234.0,1235.0,78959
1693294200,1234.9,1235.0,1231.55,1231.6,68311
1693296900,1231.5,1234.9,1229.3,1231.35,172186
1693299600,1231.5,1231.85,1227.3,1228.9,244810
1693302300,1228.6,1232.95,1227.6,1230.2,150917
1693367100,1234.7,1245.4,1231.15,1241.0,198475
1693369800,1241.0,1241.0,1238.1,1238.1,43683
1693372500,1238.1,1245.0,1236.75,1244.65,80125
1693375200,1244.7,1256.8,1243.7,1252.3,278963
1693377900,1252.3,1252.6,1245.25,1245.5,108748
1693380600,1245.3,1250.0,1244.0,1244.45,148131
1693383300,1244.45,1246.0,1240.95,1241.95,83971
1693386000,1242.0,1242.0,1236.25,1236.3,132314
1693388700,1236.1,1237.05,1234.25,1236.0,206820
1693453500,1240.15,1252.85,1223.2,1233.9,291107
1693456200,1233.85,1235.0,1230.3,1232.75,105225
1693458900,1232.75,1233.15,1230.0,1230.65,62553
1693461600,1230.65,1232.05,1227.1,1227.25,123920
1693464300,1227.25,1229.05,1226.85,1228.6,161243
1693467000,1228.6,1242.0,1227.9,1241.65,437144
1693469700,1241.65,1244.8,1240.0,1241.0,218311
1693472400,1241.45,1262.65,1240.05,1261.8,1046281
1693475100,1261.45,1266.1,1251.8,1253.4,654926
1693539900,1264.9,1268.9,1256.0,1256.6,383161
1693542600,1256.95,1260.5,1254.25,1255.9,108147
1693545300,1255.9,1258.4,1249.0,1251.2,137751
1693548000,1251.2,1251.95,1248.6,1251.55,73096
1693550700,1251.2,1251.65,1244.7,1249.75,121311
1693553400,1249.7,1250.0,1247.0,1248.55,70986
1693556100,1248.6,1250.0,1247.4,1249.05,63861
1693558800,1249.25,1249.25,1245.0,1245.25,113712
1693561500,1245.25,1246.75,1239.65,1244.95,90575
1693799100,1250.3,1255.4,1238.0,1240.65,210635
1693801800,1240.65,1243.75,1238.3,1239.85,81474
1693804500,1239.85,1241.5,1239.15,1240.45,57079
1693807200,1240.4,1244.95,1239.6,1240.35,89237
1693809900,1240.35,1243.5,1238.35,1238.9,57861
1693812600,1238.5,1238.9,1234.8,1236.05,126701
1693815300,1236.45,1236.45,1234.0,1234.55,116730
1693818000,1234.4,1240.0,1232.55,1239.1,266227
1693820700,1239.05,1241.85,1237.0,1237.0,118338
1693885500,1255.0,1266.0,1246.0,1248.15,875842
1693888200,1248.15,1251.0,1238.6,1242.55,288051
1693890900,1242.55,1244.0,1240.0,1240.2,82749
1693893600,1240.1,1242.0,1238.6,1240.45,103600
1693896300,1240.45,1241.0,1235.1,1235.25,122978
1693899000,1235.25,1240.4,1235.2,1240.0,130172
1693901700,1240.0,1243.0,1237.2,1239.95,201111
1693904400,1239.3,1240.5,1235.6,1238.05,217573
1693907100,1238.0,1243.0,1237.8,1239.5,146823
1693971900,1246.15,1267.0,1242.6,1259.55,1298735
1693974600,1259.55,1262.85,1255.5,1255.5,270307
1693977300,1255.5,1257.9,1251.95,1254.45,161576
1693980000,1254.45,1254.45,1246.0,1249.9,140802
1693982700,1249.9,1252.2,1247.1,1248.55,84816
1693985400,1248.55,1254.7,1248.55,1249.95,93261
1693988100,1249.95,1250.4,1247.35,1248.5,118517
1693990800,1248.5,1257.7,1248.0,1256.25,306040
1693993500,1256.45,1258.95,1255.4,1256.5,245218
1694058300,1259.0,1261.0,1247.3,1251.6,235115
1694061000,1251.6,1253.2,1247.0,1247.7,67171
1694063700,1247.7,1248.95,1245.0,1245.4,60778
1694066400,1245.4,1248.05,1245.0,1247.45,50215
1694069100,1248.05,1248.75,1245.5,1247.0,28118
1694071800,1247.0,1251.0,1247.0,1250.0,54473
1694074500,1250.0,1250.35,1248.3,1249.35,45566
1694077200,1249.35,1252.5,1248.55,1249.0,185033
1694079900,1249.0,1250.2,1247.05,1248.0,121362
1694144700,1249.5,1262.0,1246.0,1248.1,205984
1694147400,1248.1,1249.25,1242.05,1243.0,60173
1694150100,1243.35,1245.2,1242.2,1242.65,38435
1694152800,1243.25,1246.35,1240.75,1245.25,53046
1694155500,1245.55,1247.45,1243.3,1244.0,54054
1694158200,1244.3,1246.5,1244.0,1245.25,92717
1694160900,1245.0,1245.6,1239.0,1239.95,126813
1694163600,1239.95,1246.0,1239.95,1245.0,99547
1694166300,1245.0,1245.7,1243.0,1243.0,55153
1694403900,1244.6,1252.75,1236.65,1240.05,313425
1694406600,1240.1,1245.5,1240.0,1241.65,78992
1694409300,1241.65,1242.7,1238.6,1239.4,117775
1694412000,1239.45,1240.0,1236.6,1237.6,131080
1694414700,1237.6,1238.45,1236.7,1236.95,101376
1694417400,1236.85,1242.75,1236.5,1242.4,103358
1694420100,1242.5,1244.45,1239.25,1243.25,66678
1694422800,1243.6,1249.9,1242.3,1246.75,139285
1694425500,1246.75,1248.4,1245.35,1247.9,105809
1694490300,1247.95,1259.9,1240.05,1247.05,294449
1694493000,1247.35,1252.65,1243.2,1245.0,75783
1694495700,1244.55,1245.4,1239.55,1240.45,84456
1694498400,1240.5,1241.0,1237.0,1237.65,105516
1694501100,1237.55,1242.95,1237.0,1241.95,100962
1694503800,1241.95,1245.0,1240.45,1242.5,104700
1694506500,1242.25,1244.0,1239.05,1239.8,100359
1694509200,1239.8,1242.0,1237.4,1240.5,163905
1694511900,1240.5,1241.75,1234.95,1237.0,101049
1694576700,1242.0,1250.0,1235.1,1241.55,174890
1694579400,1241.45,1245.0,1237.7,1238.7,94366
1694582100,1239.0,1239.85,1228.05,1229.85,215576
1694584800,1229.6,1232.2,1223.3,1231.7,344503
1694587500,1231.7,1233.05,1227.9,1229.75,174285
1694590200,1229.65,1232.55,1228.0,1228.35,122261
1694592900,1228.4,1232.1,1227.95,1230.9,153603
1694595600,1231.0,1231.45,1228.5,1228.95,220754
1694598300,1228.95,1229.0,1225.75,1226.85,125916
1694663100,1230.0,1244.25,1230.0,1243.65,228506
1694665800,1243.65,1243.65,1230.05,1230.7,132408
1694668500,1230.7,1234.95,1230.05,1230.5,69982
1694671200,1231.05,1235.0,1225.0,1232.4,240736
1694673900,1232.4,1236.25,1231.0,1232.55,186904
1694676600,1232.6,1235.1,1230.6,1232.65,110614
1694679300,1232.75,1234.5,1230.0,1231.45,214799
1694682000,1231.65,1233.9,1226.3,1232.6,374685
1694684700,1232.7,1238.9,1232.6,1235.2,153270
1694749500,1234.8,1241.95,1232.35,1237.35,140416
1694752200,1237.35,1237.85,1231.45,1232.15,94613
1694754900,1232.15,1234.5,1230.25,1232.25,150607
1694757600,1232.25,1235.1,1231.3,1234.05,187914
1694760300,1234.05,1234.75,1228.3,1230.45,144491
1694763000,1230.2,1232.85,1229.5,1232.3,124301
1694765700,1232.4,1234.9,1231.7,1234.7,175142
1694768400,1234.75,1237.0,1233.25,1234.95,486036
1694771100,1235.0,1238.95,1233.75,1235.0,433437
1695008700,1240.95,1257.6,1237.1,1253.15,526884
1695011400,1253.7,1254.9,1248.05,1249.8,245553
1695014100,1249.8,1252.25,1245.3,1247.15,149777
1695016800,1247.15,1249.3,1243.35,1243.45,99308
1695019500,1243.4,1244.65,1240.25,1242.75,128931
1695022200,1242.75,1244.65,1239.0,1239.15,145278
1695024900,1239.0,1240.15,1237.05,1239.0,139551
1695027600,1238.95,1242.45,1237.8,1241.05,243712
1695030300,1241.25,1244.0,1239.8,1244.0,181367
1695181500,1243.25,1252.6,1240.75,1245.7,384978
1695184200,1245.7,1246.65,1241.4,1241.5,88443
1695186900,1241.4,1245.0,1238.0,1242.7,98156
1695189600,1242.75,1245.0,1240.7,1244.8,80905
1695192300,1244.8,1248.5,1242.85,1243.05,123191
1695195000,1243.05,1245.5,1240.0,1241.05,203912
1695197700,1241.0,1241.65,1236.75,1238.25,311753
1695200400,1238.25,1242.8,1238.0,1239.85,240563
1695203100,1239.85,1242.2,1236.0,1240.2,165283
1695267900,1232.0,1240.25,1223.0,1224.65,249375
1695270600,1224.05,1224.7,1210.05,1214.6,248069
1695273300,1214.6,1225.8,1214.2,1221.3,276557
1695276000,1221.3,1221.75,1214.2,1215.8,93093
1695278700,1215.75,1217.65,1212.55,1214.45,162048
1695281400,1214.45,1215.5,1212.1,1214.15,78739
1695284100,1214.15,1217.0,1212.55,1215.6,120333
1695286800,1216.2,1216.2,1206.35,1208.2,300407
1695289500,1208.3,1209.15,1204.0,1209.1,366992
1695354300,1207.4,1209.1,1171.05,1172.6,761896
1695357000,1172.0,1182.45,1169.0,1173.6,570383
1695359700,1173.6,1185.55,1168.55,1184.6,419953
1695362400,1184.55,1190.0,1183.4,1185.5,279017
1695365100,1185.5,1189.2,1180.05,1185.4,119673
1695367800,1185.4,1189.75,1182.3,1183.1,122107
1695370500,1183.1,1189.8,1183.05,1186.9,158713
1695373200,1186.85,1187.4,1183.3,1185.6,215085
1695375900,1185.6,1189.25,1184.65,1186.4,147641
1695613500,1186.0,1197.15,1181.35,1185.2,230156
1695616200,1185.4,1188.5,1180.0,1188.0,51514
1695618900,1188.1,1189.1,1178.1,1179.9,230090
1695621600,1179.8,1186.0,1179.8,1183.7,91944
1695624300,1183.1,1186.85,1182.0,1185.0,191127
1695627000,1184.95,1185.25,1180.0,1180.8,121255
1695629700,1180.65,1181.95,1179.4,1180.3,76290
1695632400,1180.3,1181.65,1178.55,1180.0,177656
1695635100,1180.05,1180.05,1177.0,1179.5,96047
1695699900,1181.0,1185.0,1173.65,1179.2,164107
1695702600,1179.2,1182.0,1175.4,1175.55,70383
1695705300,1176.0,1181.75,1175.65,1181.0,43668
1695708000,1181.0,1181.0,1175.25,1176.0,47918
1695710700,1176.0,1176.05,1171.15,1171.5,66195
1695713400,1171.75,1177.95,1171.15,1173.05,111808
1695716100,1173.05,1173.9,1169.15,1169.55,194018
1695718800,1169.55,1170.0,1161.5,1164.05,264729
1695721500,1164.05,1166.55,1162.55,1164.9,91500
1695786300,1187.0,1189.0,1170.1,1185.7,666479
1695789000,1185.7,1185.9,1181.9,1183.05,211735
1695791700,1183.05,1183.5,1173.95,1176.0,183162
1695794400,1176.0,1180.45,1175.75,1179.0,92089
1695797100,1179.0,1180.55,1178.0,1180.0,69292
1695799800,1179.85,1181.0,1176.4,1177.05,120953
1695802500,1177.0,1182.85,1175.0,1181.1,196533
1695805200,1181.45,1183.7,1178.65,1180.0,388910
1695807900,1180.0,1182.0,1177.7,1180.0,223641
1695872700,1180.5,1185.0,1173.15,1174.05,118213
1695875400,1173.9,1178.25,1172.0,1172.2,74976
1695878100,1172.2,1174.1,1168.4,1171.45,77997
1695880800,1171.0,1172.1,1165.0,1165.45,84187
1695883500,1165.45,1167.15,1163.65,1166.75,108300
1695886200,1166.75,1170.85,1162.2,1169.1,132971
1695888900,1169.1,1173.0,1165.85,1168.85,141171
1695891600,1168.65,1171.05,1158.9,1160.55,319449
1695894300,1160.55,1171.75,1160.05,1164.3,245266
1695959100,1169.9,1181.5,1165.0,1176.3,191492
1695961800,1176.25,1189.0,1175.2,1186.0,111242
1695964500,1186.0,1199.2,1186.0,1193.3,258477
1695967200,1193.3,1194.6,1190.0,1190.5,126186
1695969900,1190.9,1194.0,1190.5,1193.4,109040
1695972600,1193.4,1196.5,1192.05,1193.45,104950
1695975300,1193.5,1196.0,1191.55,1194.85,95381
1695978000,1194.85,1195.3,1184.4,1184.45,505628
1695980700,1184.4,1190.0,1184.3,1189.0,375028
1696304700,1184.0,1185.0,1170.95,1179.25,186720
1696307400,1179.45,1181.3,1176.7,1177.5,91835
1696310100,1177.45,1185.7,1176.4,1181.3,119421
1696312800,1181.3,1185.2,1181.25,1184.15,137888
1696315500,1184.15,1185.2,1183.25,1185.0,475392
1696318200,1184.95,1185.0,1183.0,1183.15,101038
1696320900,1183.3,1184.7,1179.3,1183.65,226747
1696323600,1183.95,1185.0,1182.1,1182.55,135978
1696326300,1182.4,1184.2,1180.0,1182.85,103450
1696391100,1178.1,1185.0,1173.65,1173.65,217599
1696393800,1173.15,1176.45,1171.4,1172.45,93816
1696396500,1172.45,1174.25,1167.1,1168.25,139816
1696399200,1167.5,1169.5,1162.2,1163.7,87667
1696401900,1163.7,1169.7,1161.3,1167.5,104237
1696404600,1167.6,1169.0,1165.0,1166.4,62598
1696407300,1166.4,1167.15,1164.15,1166.45,55223
1696410000,1166.45,1169.95,1165.1,1169.0,131798
1696412700,1169.1,1169.1,1163.95,1165.8,104555
1696477500,1170.1,1172.95,1160.3,1168.25,221764
1696480200,1168.0,1168.85,1156.3,1160.05,347363
1696482900,1160.05,1166.95,1155.25,1163.25,233184
1696485600,1163.25,1165.2,1159.95,1163.9,134809
1696488300,1163.85,1163.95,1158.3,1161.6,58783
1696491000,1162.0,1163.25,1159.1,1161.35,90559
1696493700,1161.25,1161.6,1158.15,1159.5,56100
1696496400,1159.5,1161.65,1156.75,1160.25,170202
1696499100,1160.4,1164.85,1160.0,1162.4,133138
1696563900,1165.0,1181.7,1165.0,1171.1,263254
1696566600,1171.1,1171.75,1167.4,1168.95,64427
1696569300,1168.95,1169.6,1163.1,1164.5,89630
1696572000,1164.5,1166.55,1163.45,1165.7,73615
1696574700,1165.75,1167.2,1163.7,1164.15,54576
1696577400,1164.1,1165.65,1164.0,1164.6,36957
1696580100,1164.6,1164.9,1161.2,1162.95,73644
1696582800,1162.9,1164.25,1161.95,1163.55,101825
1696585500,1163.9,1164.65,1160.45,1160.45,170484
1696823100,1159.0,1166.85,1151.65,1164.5,157508
1696825800,1164.05,1166.85,1158.35,1158.55,159189
1696828500,1158.55,1161.1,1157.05,1159.75,78402
1696831200,1159.75,1160.1,1155.7,1156.9,33156
1696833900,1156.9,1157.3,1154.15,1156.05,22045
1696836600,1156.05,1159.65,1155.1,1157.4,93483
1696839300,1157.4,1159.0,1156.0,1158.85,57313
1696842000,1158.9,1162.0,1157.5,1159.05,146026
1696844700,1159.05,1161.15,1157.2,1159.65,73536
1696909500,1160.1,1163.6,1153.15,1156.0,116282
1696912200,1156.0,1157.1,1153.6,1154.45,48530
1696914900,1154.45,1157.4,1152.4,1156.0,64536
1696917600,1156.0,1156.65,1152.85,1153.65,81066
1696920300,1154.1,1156.15,1152.6,1152.9,95454
1696923000,1153.0,1154.0,1150.6,1153.4,142439
1696925700,1153.1,1156.0,1150.5,1155.8,75012
1696928400,1155.4,1156.3,1153.1,1154.55,113414
1696931100,1154.75,1156.5,1153.65,1154.25,84371
1696995900,1151.0,1165.0,1146.5,1161.2,202126
1696998600,1161.8,1168.0,1161.1,1167.55,115973
1697001300,1167.1,1167.6,1162.1,1167.0,101626
1697004000,1167.0,1169.4,1165.0,1166.7,103370
1697006700,1166.7,1171.55,1165.0,1167.75,118004
1697009400,1167.75,1172.6,1166.0,1172.5,115233
1697012100,1172.55,1174.3,1169.55,1173.35,221017
1697014800,1173.35,1175.0,1171.95,1172.0,320583
1697017500,1172.0,1172.1,1168.5,1171.05,162698
1697082300,1179.05,1186.35,1158.4,1159.5,649335
1697085000,1160.1,1164.5,1158.7,1160.0,233282
1697087700,1160.0,1163.0,1159.7,1161.55,143777
1697090400,1161.8,1162.9,1156.9,1157.25,180676
1697093100,1157.25,1157.95,1152.45,1155.05,371963
1697095800,1154.8,1158.95,1154.05,1157.8,214128
1697098500,1157.95,1158.7,1154.4,1157.35,211091
1697101200,1157.25,1158.95,1154.8,1158.05,357321
1697103900,1158.05,1159.75,1157.45,1159.0,164911
1697168700,1156.0,1165.7,1150.0,1163.05,185519
1697171400,1163.05,1168.9,1162.8,1168.4,102410
1697174100,1168.0,1169.2,1164.55,1165.95,170850
1697176800,1165.95,1167.3,1163.75,1164.5,70414
1697179500,1164.5,1166.8,1160.35,1161.0,90142
1697182200,1161.0,1162.95,1160.45,1162.7,59957
1697184900,1162.95,1166.7,1161.65,1165.55,71277
1697187600,1166.0,1169.2,1164.5,1168.2,111266
1697190300,1168.15,1168.55,1165.05,1167.8,75017
1697427900,1166.3,1170.0,1158.8,1167.7,133555
1697430600,1167.7,1169.1,1163.25,1164.15,84260
1697433300,1164.15,1168.1,1163.25,1166.55,45395
1697436000,1166.55,1167.25,1164.35,1165.55,49548
1697438700,1165.55,1170.1,1165.05,1169.15,216467
1697441400,1169.15,1169.5,1165.5,1167.35,34040
1697444100,1167.35,1167.95,1166.0,1166.2,50791
1697446800,1166.25,1167.85,1164.0,1164.45,113882
1697449500,1164.45,1166.0,1163.05,1165.5,72484
1697514300,1168.0,1172.1,1160.65,1170.25,121326
1697517000,1170.75,1174.2,1168.95,1172.75,92275
1697519700,1173.35,1174.4,1171.0,1173.9,41726
1697522400,1173.9,1178.05,1173.9,1175.0,116771
1697525100,1175.0,1176.3,1171.85,1174.0,100933
1697527800,1174.0,1175.0,1171.0,1172.25,52997
1697530500,1172.25,1175.8,1171.45,1174.65,210733
1697533200,1174.65,1175.4,1172.45,1172.6,79067
1697535900,1172.95,1174.35,1172.0,1172.0,61408
1697600700,1185.0,1214.0,1176.15,1213.0,2672057
1697603400,1213.0,1219.45,1208.7,1209.6,1001164
1697606100,1209.0,1216.6,1209.0,1214.0,533034
1697608800,1214.0,1217.65,1212.45,1215.55,563588
1697611500,1215.55,1215.95,1211.55,1213.3,369190
1697614200,1213.25,1217.3,1212.75,1215.5,368276
1697616900,1215.45,1216.15,1209.05,1212.55,521702
1697619600,1212.55,1212.6,1204.05,1208.3,911704
1697622300,1208.3,1215.0,1208.25,1214.55,408046
1697687100,1210.5,1210.5,1195.05,1201.7,411470
1697689800,1201.6,1203.45,1192.6,1194.55,161965
1697692500,1194.55,1211.1,1189.65,1210.3,444441
1697695200,1210.3,1222.2,1209.3,1219.0,283093
1697697900,1219.1,1224.9,1215.6,1221.6,179553
1697700600,1221.95,1223.4,1217.55,1222.3,121127
1697703300,1222.25,1224.9,1220.45,1221.4,120273
1697706000,1221.35,1224.4,1219.25,1222.75,259998
1697708700,1222.75,1225.0,1221.4,1224.15,166164
1697773500,1221.85,1221.85,1208.6,1210.85,129212
1697776200,1210.85,1214.55,1206.55,1207.65,53857
1697778900,1207.65,1212.0,1207.05,1207.35,40181
1697781600,1207.35,1207.55,1200.4,1203.25,64581
1697784300,1203.3,1207.5,1202.15,1205.55,64309
1697787000,1205.55,1206.5,1199.35,1200.45,45468
1697789700,1200.2,1201.75,1198.25,1199.45,54415
1697792400,1199.75,1206.4,1199.45,1199.95,133968
1697795100,1200.05,1202.1,1198.5,1199.3,102866
1698032700,1200.0,1210.2,1191.0,1207.05,207515
1698035400,1207.05,1207.25,1191.6,1195.65,140356
1698038100,1195.65,1196.15,1192.15,1193.3,103048
1698040800,1193.3,1193.3,1183.05,1184.25,122056
1698043500,1183.5,1185.85,1181.0,1184.45,102785
1698046200,1184.45,1185.3,1178.45,1180.5,57476
1698048900,1180.75,1186.65,1180.0,1184.4,38780
1698051600,1184.4,1186.35,1183.45,1185.2,114233
1698054300,1185.7,1185.7,1180.05,1184.0,68947
1698205500,1184.5,1188.75,1168.6,1171.9,416998
1698208200,1171.9,1172.3,1163.8,1165.05,154618
1698210900,1165.3,1168.75,1164.55,1165.05,64080
1698213600,1165.05,1166.0,1161.75,1163.75,67379
1698216300,1163.35,1165.75,1156.1,1156.6,145810
1698219000,1156.7,1158.7,1154.05,1155.15,110227
1698221700,1154.6,1160.15,1154.45,1156.75,98459
1698224400,1156.15,1158.45,1155.0,1157.9,153306
1698227100,1157.65,1161.25,1155.05,1161.25,220576
1698291900,1154.8,1155.0,1135.1,1135.15,444487
1698294600,1135.1,1141.0,1132.0,1140.1,206805
1698297300,1140.1,1141.65,1134.3,1137.7,120520
1698300000,1137.25,1140.35,1136.05,1139.0,121724
1698302700,1139.05,1143.45,1138.7,1140.05,115552
1698305400,1140.05,1141.95,1138.2,1139.05,212405
1698308100,1139.05,1147.8,1138.35,1144.1,251154
1698310800,1144.2,1152.2,1143.95,1149.65,360917
1698313500,1149.7,1155.0,1148.5,1152.0,179681
1698378300,1152.0,1161.65,1149.25,1158.25,104581
1698381000,1158.55,1160.4,1151.0,1157.5,48244
1698383700,1157.0,1164.2,1156.0,1159.5,49394
1698386400,1159.5,1162.0,1156.0,1159.8,32447
1698389100,1160.0,1169.8,1159.0,1166.7,50289
1698391800,1166.7,1177.4,1165.5,1172.2,173672
1698394500,1172.3,1197.9,1168.55,1175.4,881203
1698397200,1175.4,1179.65,1173.05,1175.0,278710
1698399900,1175.1,1176.45,1171.0,1176.0,155293
1698637500,1186.0,1212.4,1177.5,1203.05,1362949
1698640200,1203.0,1205.5,1199.05,1200.0,319310
1698642900,1200.05,1201.65,1195.25,1198.0,274978
1698645600,1198.0,1201.05,1196.1,1199.45,139566
1698648300,1199.45,1200.0,1195.05,1198.15,133943
1698651000,1198.1,1201.0,1197.3,1199.65,102111
1698653700,1199.65,1200.0,1196.3,1197.95,95811
1698656400,1197.9,1198.05,1191.35,1192.85,232826
1698659100,1192.85,1195.5,1191.1,1194.5,184009
1698723900,1199.95,1206.1,1196.05,1198.3,328936
1698726600,1198.3,1200.0,1191.3,1191.5,166331
1698729300,1191.75,1196.0,1191.1,1195.35,126727
1698732000,1195.5,1197.0,1193.45,1195.65,124650
1698734700,1195.8,1197.55,1193.55,1197.15,127735
1698737400,1197.1,1200.35,1196.05,1199.95,102124
1698740100,1200.0,1200.45,1196.8,1198.2,254614
1698742800,1198.2,1200.35,1196.85,1200.0,300964
1698745500,1200.0,1205.0,1199.9,1203.1,184848
1698810300,1200.0,1208.7,1197.3,1198.0,225690
1698813000,1197.75,1199.35,1191.5,1193.6,109653
1698815700,1193.0,1195.9,1187.3,1188.0,132021
1698818400,1188.0,1198.8,1186.55,1198.2,134978
1698821100,1198.2,1201.8,1196.35,1199.4,74530
1698823800,1199.4,1200.9,1194.7,1200.8,73334
1698826500,1200.7,1205.0,1200.05,1203.65,86461
1698829200,1203.65,1205.0,1202.05,1203.2,103936
1698831900,1203.1,1203.15,1197.6,1200.35,108804
1698896700,1205.5,1211.85,1200.7,1202.3,240058
1698899400,1202.3,1202.5,1194.65,1200.0,150187
1698902100,1200.45,1206.85,1200.0,1204.4,90549
1698904800,1204.15,1207.0,1197.7,1200.35,158584
1698907500,1200.35,1205.85,1199.55,1205.25,113352
1698910200,1205.0,1211.3,1205.0,1208.9,166879
1698912900,1208.25,1211.45,1203.65,1207.15,224920
1698915600,1207.15,1210.85,1205.5,1208.1,329933
1698918300,1208.45,1211.65,1207.15,1209.75,80866
1698983100,1215.0,1219.75,1213.0,1215.0,196671
1698985800,1215.0,1217.4,1210.5,1214.25,62638
1698988500,1214.25,1217.95,1213.85,1214.9,58600
1698991200,1214.9,1215.95,1213.95,1215.0,17307
1698993900,1215.0,1215.25,1208.15,1209.9,121272
1698996600,1209.9,1210.75,1207.45,1209.75,69845
1698999300,1209.75,1211.9,1208.25,1209.0,63422
1699002000,1208.45,1208.95,1204.75,1207.15,109866
1699004700,1207.15,1207.95,1204.0,1204.0,70611
1699242300,1211.95,1217.0,1205.1,1205.15,121677
1699245000,1205.15,1207.75,1201.35,1204.65,126833
1699247700,1204.65,1205.6,1198.85,1200.0,97135
1699250400,1200.4,1205.05,1199.65,1202.95,131444
1699253100,1202.95,1206.0,1202.4,1205.1,92146
1699255800,1204.7,1205.0,1197.25,1199.95,172994
1699258500,1199.45,1203.0,1199.1,1202.0,108450
1699261200,1201.65,1205.25,1201.1,1203.6,281444
1699263900,1203.6,1206.0,1203.05,1203.2,129800
1699328700,1205.0,1211.2,1200.75,1209.15,133930
1699331400,1209.15,1211.95,1204.55,1211.1,83974
1699334100,1211.1,1214.7,1209.0,1212.5,98776
1699336800,1212.5,1215.0,1211.5,1214.5,81193
1699339500,1214.0,1215.8,1213.5,1215.05,157216
1699342200,1215.0,1217.15,1214.0,1216.5,90624
1699344900,1216.5,1216.6,1209.75,1210.7,346451
1699347600,1210.7,1217.5,1210.7,1216.45,129152
1699350300,1216.4,1216.95,1215.1,1216.85,88569
1699415100,1222.0,1236.0,1220.0,1232.0,335651
1699417800,1232.0,1238.0,1230.55,1236.3,129342
1699420500,1236.3,1239.15,1231.7,1237.95,143742
1699423200,1237.45,1238.4,1233.5,1236.0,49612
1699425900,1236.0,1237.5,1232.2,1233.3,52893
1699428600,1233.1,1235.5,1232.1,1233.85,66015
1699431300,1233.85,1240.5,1233.7,1237.5,122563
1699434000,1237.5,1241.8,1235.5,1241.6,97887
1699436700,1241.7,1242.15,1239.0,1240.0,109080
1699501500,1241.9,1242.0,1232.0,1236.85,94651
1699504200,1236.85,1239.55,1236.05,1238.2,64578
1699506900,1238.2,1243.05,1238.2,1241.55,46629
1699509600,1241.7,1242.0,1237.0,1239.25,84663
1699512300,1239.25,1240.5,1237.05,1239.65,53569
1699515000,1240.0,1241.8,1239.05,1240.15,59748
1699517700,1240.15,1245.0,1239.95,1241.5,157740
1699520400,1241.5,1243.05,1236.55,1236.75,129269
1699523100,1236.55,1240.0,1236.1,1239.25,60565
1699587900,1237.85,1239.4,1230.1,1236.95,110113
1699590600,1237.0,1237.0,1232.45,1234.65,53756
1699593300,1234.65,1236.95,1232.15,1234.7,76536
1699596000,1234.7,1235.0,1233.7,1234.85,35516
1699598700,1235.0,1237.95,1233.35,1235.0,60927
1699601400,1235.0,1237.45,1233.8,1236.95,46143
1699604100,1236.85,1240.0,1236.5,1237.95,54048
1699606800,1237.95,1240.5,1237.6,1240.45,82608
1699609500,1240.5,1242.0,1239.1,1239.1,56789
1699793100,1246.35,1248.9,1243.0,1244.4,94768
1699795800,1244.55,1245.0,1238.0,1241.65,24385
1699847100,1243.0,1242.6,1235.15,1238.5,47077
1699849800,1238.5,1241.0,1236.05,1236.7,34343
1699852500,1236.25,1236.9,1232.5,1235.2,22324
1699855200,1235.2,1235.8,1230.7,1233.25,108879
1699857900,1233.25,1239.8,1232.0,1239.45,223739
1699860600,1239.45,1241.85,1238.4,1240.8,41506
1699863300,1240.8,1242.75,1237.25,1238.3,63517
1699866000,1238.3,1241.25,1237.2,1241.0,93788
1699868700,1241.0,1241.65,1239.0,1241.25,54563
1700019900,1260.0,1260.0,1237.7,1244.5,158090
1700022600,1244.75,1245.3,1241.35,1242.2,64875
1700025300,1242.1,1244.5,1239.85,1243.2,267803
1700028000,1243.25,1248.0,1242.25,1247.05,70741
1700030700,1247.05,1248.5,1240.85,1241.4,107209
1700033400,1241.4,1244.6,1240.45,1243.05,130796
1700036100,1243.05,1244.55,1240.15,1240.95,136659
1700038800,1240.95,1245.35,1239.9,1242.0,254568
1700041500,1242.05,1242.35,1240.0,1240.0,132168
1700106300,1241.05,1245.0,1233.85,1241.45,150065
1700109000,1241.45,1244.0,1238.65,1240.45,102757
1700111700,1240.45,1246.3,1239.0,1241.6,132410
1700114400,1241.6,1243.1,1234.2,1240.15,83050
1700117100,1240.2,1243.55,1237.1,1241.05,81677
1700119800,1241.05,1242.1,1237.2,1240.05,98063
1700122500,1240.1,1243.0,1239.65,1241.55,70787
1700125200,1241.55,1242.1,1233.35,1234.95,351928
1700127900,1234.95,1236.3,1232.65,1235.65,180302
1700192700,1236.0,1246.65,1235.5,1244.25,169936
1700195400,1244.25,1256.1,1243.2,1252.2,133488
1700198100,1252.2,1253.05,1246.55,1247.5,79240
1700200800,1247.5,1249.3,1246.8,1248.05,58908
1700203500,1248.05,1250.75,1247.0,1247.85,83167
1700206200,1247.85,1249.2,1246.8,1248.0,84054
1700208900,1248.0,1252.45,1248.0,1249.65,108557
1700211600,1249.65,1251.0,1248.0,1250.15,153045
1700214300,1250.15,1252.2,1247.9,1248.2,122175
1700451900,1241.5,1256.0,1241.0,1246.9,273034
1700454600,1246.5,1249.3,1246.25,1248.7,53501
1700457300,1248.7,1253.35,1248.5,1252.7,90783
1700460000,1252.75,1253.0,1246.25,1247.6,63875
1700462700,1247.6,1247.8,1244.0,1244.45,92628
1700465400,1244.6,1248.7,1244.6,1247.3,41004
1700468100,1247.3,1247.8,1241.85,1242.65,88122
1700470800,1242.65,1247.75,1241.9,1246.0,85284
1700473500,1246.4,1249.85,1246.2,1248.75,60565
1700538300,1246.95,1247.7,1242.15,1244.6,80067
1700541000,1245.2,1250.5,1244.65,1248.6,48941
1700543700,1248.6,1252.65,1246.7,1249.85,47655
1700546400,1249.85,1250.8,1245.7,1247.75,32557
1700549100,1247.75,1254.55,1247.15,1253.15,54916
1700551800,1253.05,1255.0,1250.55,1251.45,57453
1700554500,1251.45,1252.7,1249.1,1249.85,51974
1700557200,1249.85,1254.05,1249.3,1254.0,132565
1700559900,1253.95,1254.5,1253.0,1254.0,88579
1700624700,1256.95,1283.55,1254.0,1275.75,706965
1700627400,1275.75,1281.0,1271.05,1278.55,324538
1700630100,1278.55,1279.65,1274.3,1277.25,96537
1700632800,1277.25,1277.5,1265.55,1270.0,188653
1700635500,1270.0,1270.75,1265.4,1268.9,80554
1700638200,1268.9,1271.95,1266.5,1267.75,71389
1700640900,1267.75,1272.5,1267.75,1272.0,41029
1700643600,1272.0,1274.4,1270.0,1271.65,113595
1700646300,1271.95,1272.9,1270.0,1272.9,108419
1700711100,1270.0,1270.0,1216.25,1234.65,887291
1700713800,1234.65,1238.55,1216.0,1221.75,590282
1700716500,1221.75,1222.0,1183.5,1184.9,1332176
1700719200,1184.9,1195.8,1178.25,1187.4,1129662
1700721900,1187.7,1190.2,1183.35,1187.0,657928
1700724600,1187.0,1187.2,1184.0,1185.65,414392
1700727300,1185.65,1186.7,1175.75,1176.65,691158
1700730000,1176.9,1180.0,1164.6,1172.0,1262644
1700732700,1171.95,1174.95,1170.0,1174.4,673745
1700797500,1190.05,1202.1,1178.1,1189.0,2188463
1700800200,1189.0,1199.85,1183.8,1194.4,634522
1700802900,1194.4,1204.8,1192.0,1201.8,598862
1700805600,1201.8,1205.0,1199.5,1203.5,380772
1700808300,1203.5,1203.95,1197.0,1200.0,372765
1700811000,1200.0,1200.65,1198.0,1198.3,272089
1700813700,1198.65,1200.25,1197.85,1198.8,138061
1700816400,1198.85,1201.35,1195.75,1198.85,418276
1700819100,1198.85,1200.0,1195.0,1196.35,326144
1701143100,1200.0,1202.65,1194.7,1198.55,374009
1701145800,1198.6,1198.85,1188.05,1197.95,269558
1701148500,1197.95,1198.55,1192.15,1193.95,140032
1701151200,1193.95,1196.5,1192.85,1196.35,114760
1701153900,1196.3,1199.0,1194.0,1197.0,119574
1701156600,1197.0,1197.4,1192.7,1192.8,115675
1701159300,1192.8,1195.3,1190.85,1195.1,117265
1701162000,1195.1,1196.9,1191.0,1192.5,229334
1701164700,1192.75,1194.0,1190.0,1191.5,210959
1701229500,1198.75,1199.55,1191.75,1197.5,236523
1701232200,1197.5,1201.95,1196.0,1200.0,172276
1701234900,1200.0,1201.0,1198.05,1199.3,155210
1701237600,1199.3,1201.0,1198.3,1200.1,242410
1701240300,1200.65,1200.85,1196.65,1197.25,195768
1701243000,1197.3,1200.4,1195.0,1196.85,133359
1701245700,1196.95,1198.0,1196.0,1197.45,95091
1701248400,1197.45,1205.95,1195.9,1199.8,823673
1701251100,1199.75,1203.0,1199.45,1201.1,118492
1701315900,1200.0,1204.4,1198.35,1199.05,270124
1701318600,1199.05,1201.2,1198.25,1200.8,162396
1701321300,1200.8,1201.75,1199.0,1200.05,270170
1701324000,1200.05,1202.65,1199.0,1200.1,129927
1701326700,1200.1,1201.2,1199.2,1199.4,249731
1701329400,1199.4,1204.9,1199.1,1202.7,124395
1701332100,1202.75,1205.65,1199.7,1200.45,189144
1701334800,1200.45,1216.65,1199.65,1216.45,960891
1701337500,1216.45,1217.6,1212.35,1213.5,853752
1701402300,1213.45,1217.85,1208.0,1209.3,294804
1701405000,1208.5,1210.6,1204.0,1206.25,183891
1701407700,1206.15,1210.0,1205.0,1208.8,103809
1701410400,1208.8,1210.8,1205.2,1205.7,82129
1701413100,1205.7,1207.95,1205.25,1207.2,54714
1701415800,1207.2,1207.9,1205.0,1206.05,43194
1701418500,1206.05,1206.8,1204.0,1205.35,96640
1701421200,1205.55,1207.75,1203.5,1205.3,152459
1701423900,1205.3,1205.8,1204.05,1204.9,65897
1701661500,1212.3,1219.1,1208.6,1210.0,359073
1701664200,1210.0,1212.9,1208.1,1210.15,459824
1701666900,1210.1,1211.0,1206.25,1210.1,128944
1701669600,1210.1,1211.9,1209.9,1211.1,107343
1701672300,1211.1,1211.5,1207.1,1211.05,159330
1701675000,1211.15,1211.95,1210.9,1211.55,103491
1701677700,1211.55,1216.65,1210.6,1216.15,165506
1701680400,1216.2,1218.65,1214.8,1216.4,397172
1701683100,1216.35,1218.9,1216.0,1218.5,212827
1701747900,1222.6,1222.6,1216.7,1218.6,130236
1701750600,1218.7,1226.35,1218.3,1224.15,132936
1701753300,1224.25,1225.25,1220.0,1220.25,238326
1701756000,1220.1,1222.3,1216.0,1221.2,183962
1701758700,1221.2,1224.05,1219.85,1222.2,289911
1701761400,1222.45,1225.0,1220.4,1224.3,211300
1701764100,1224.95,1225.4,1218.25,1218.95,471359
1701766800,1218.95,1223.9,1217.8,1222.15,236042
1701769500,1222.1,1228.1,1221.0,1224.4,237728
1701834300,1225.0,1229.85,1220.0,1224.0,134128
1701837000,1224.25,1225.5,1216.05,1217.9,79432
1701839700,1217.9,1224.25,1216.65,1218.35,78431
1701842400,1218.35,1219.65,1210.5,1210.55,100751
1701845100,1210.55,1211.25,1202.6,1203.8,184203
1701847800,1203.8,1206.9,1201.0,1201.15,181297
1701850500,1201.8,1203.55,1201.0,1202.0,194029
1701853200,1202.0,1206.2,1201.6,1205.0,301501
1701855900,1205.0,1207.95,1203.7,1207.0,162802
1701920700,1206.0,1215.0,1197.0,1214.85,195212
1701923400,1214.9,1216.05,1210.25,1215.1,91418
1701926100,1215.1,1219.5,1212.5,1214.5,108729
1701928800,1214.5,1225.0,1213.0,1224.25,197413
1701931500,1224.25,1224.4,1219.0,1219.6,116628
1701934200,1219.6,1224.35,1218.25,1221.9,121056
1701936900,1221.4,1223.65,1219.4,1221.65,106278
1701939600,1221.65,1224.4,1220.1,1222.9,214208
1701942300,1222.9,1224.3,1221.05,1223.95,118092
1702007100,1225.0,1231.15,1220.9,1225.6,167003
1702009800,1225.6,1226.6,1221.05,1223.0,144191
1702012500,1223.0,1223.75,1213.85,1217.1,132924
1702015200,1217.1,1218.75,1214.25,1216.15,96249
1702017900,1216.15,1216.35,1204.0,1205.2,180694
1702020600,1205.2,1210.55,1204.0,1206.05,175978
1702023300,1206.1,1212.95,1206.0,1210.8,170037
1702026000,1210.6,1220.45,1210.45,1220.0,255901
1702028700,1220.0,1220.95,1218.0,1219.0,130795
1702266300,1217.6,1218.95,1204.6,1213.0,112715
1702269000,1213.0,1213.2,1205.05,1206.45,76424
1702271700,1206.45,1209.75,1202.8,1203.35,186739
1702274400,1203.4,1205.1,1198.4,1198.5,166269
1702277100,1198.65,1199.75,1195.05,1198.1,204231
1702279800,1198.45,1198.85,1196.7,1197.45,90878
1702282500,1197.45,1199.0,1195.65,1197.1,173716
1702285200,1197.1,1204.0,1197.0,1201.9,366488
1702287900,1201.9,1205.0,1200.6,1205.0,187666
1702352700,1210.6,1212.25,1205.0,1210.7,171563
1702355400,1210.7,1214.25,1203.15,1203.4,125831
1702358100,1203.3,1205.75,1202.65,1202.85,55141
1702360800,1202.85,1203.35,1199.25,1200.15,55602
1702363500,1200.15,1202.3,1197.05,1197.45,89917
1702366200,1197.15,1201.3,1197.05,1200.2,80820
1702368900,1200.2,1200.55,1198.15,1199.1,73028
1702371600,1199.7,1200.5,1195.2,1198.6,155108
1702374300,1198.6,1200.9,1197.2,1198.0,92850
1702439100,1198.65,1205.0,1195.2,1198.6,142244
1702441800,1199.0,1201.45,1196.55,1198.6,86191
1702444500,1198.6,1201.15,1198.2,1199.7,57352
1702447200,1199.7,1203.5,1196.9,1202.85,66593
1702449900,1202.85,1204.7,1200.45,1203.3,98176
1702452600,1203.3,1205.5,1200.45,1204.75,69510
1702455300,1204.75,1215.45,1204.0,1214.9,276990
1702458000,1214.9,1217.95,1209.05,1216.4,869720
1702460700,1216.45,1217.5,1211.95,1211.95,141636
1702525500,1219.05,1222.55,1206.1,1206.1,334331
1702528200,1206.3,1209.0,1204.55,1205.5,118462
1702530900,1205.5,1211.45,1205.5,1210.05,312362
1702533600,1210.05,1212.5,1209.6,1210.1,294133
1702536300,1210.1,1211.3,1209.7,1210.1,38053
1702539000,1210.1,1212.5,1207.05,1211.9,114164
1702541700,1211.9,1212.15,1207.0,1207.85,155724
1702544400,1207.85,1207.85,1201.1,1205.0,278590
1702547100,1205.0,1206.0,1203.15,1205.0,163116
1702611900,1215.0,1215.0,1208.1,1210.6,187392
1702614600,1210.6,1217.5,1210.6,1212.85,157033
1702617300,1212.85,1216.0,1210.2,1215.0,89406
1702620000,1215.0,1215.8,1210.45,1211.0,313929
1702622700,1211.0,1211.85,1208.05,1209.75,44802
1702625400,1209.75,1211.75,1206.75,1211.0,84508
1702628100,1211.0,1212.55,1208.15,1208.2,131262
1702630800,1208.55,1208.95,1204.65,1207.0,528548
1702633500,1207.05,1209.95,1204.95,1205.15,439154
1702871100,1205.6,1217.85,1192.7,1212.55,511146
1702873800,1212.55,1218.95,1212.55,1216.45,169526
1702876500,1216.6,1218.0,1214.55,1215.5,317381
1702879200,1215.5,1217.0,1213.3,1217.0,228091
1702881900,1216.8,1218.75,1214.95,1215.0,125487
1702884600,1215.0,1215.05,1210.4,1213.15,152171
1702887300,1213.15,1216.0,1213.0,1214.9,226747
1702890000,1214.25,1217.7,1214.2,1216.65,169781
1702892700,1217.0,1217.6,1215.0,1215.0,94343
1702957500,1219.45,1225.2,1216.1,1218.65,187997
1702960200,1219.0,1219.0,1212.2,1217.2,117201
1702962900,1217.2,1221.0,1215.75,1220.7,79551
1702965600,1220.5,1225.8,1220.0,1225.4,225652
1702968300,1225.45,1225.9,1222.25,1224.4,169588
1702971000,1224.4,1225.45,1224.1,1224.7,167154
1702973700,1224.7,1225.0,1222.2,1223.95,232782
1702976400,1223.95,1238.25,1223.9,1236.7,394524
1702979100,1236.7,1240.15,1235.3,1240.0,163115
1703043900,1239.0,1243.55,1234.0,1237.5,244719
1703046600,1237.7,1238.45,1231.4,1235.15,238425
1703049300,1236.0,1241.95,1235.25,1240.95,208329
1703052000,1241.0,1243.6,1237.6,1241.85,107408
1703054700,1241.85,1248.0,1241.5,1245.8,129733
1703057400,1245.8,1245.95,1231.95,1237.25,396233
1703060100,1237.25,1244.4,1233.7,1244.4,471288
1703062800,1244.0,1244.9,1231.0,1232.3,356158
1703065500,1232.3,1243.0,1231.9,1238.0,332289
1703130300,1236.2,1236.2,1205.9,1219.5,454188
1703133000,1219.3,1221.15,1213.6,1219.85,163142
1703135700,1219.85,1222.45,1216.3,1221.5,79117
1703138400,1221.45,1232.9,1220.6,1230.15,162175
1703141100,1230.15,1233.5,1224.3,1228.65,171792
1703143800,1228.65,1229.0,1221.25,1222.0,109461
1703146500,1222.0,1228.8,1218.5,1228.0,109709
1703149200,1228.0,1228.9,1217.0,1220.65,207425
1703151900,1220.7,1229.0,1219.95,1229.0,122886
1703216700,1230.05,1239.3,1223.55,1233.0,238168
1703219400,1233.0,1239.0,1230.1,1235.9,484077
1703222100,1235.9,1240.95,1232.2,1239.75,284676
1703224800,1239.75,1242.1,1237.15,1240.05,146445
1703227500,1240.05,1241.0,1226.0,1230.6,250528
1703230200,1230.6,1232.85,1223.7,1224.15,100523
1703232900,1224.15,1230.85,1221.65,1229.0,112601
1703235600,1229.1,1236.0,1226.35,1235.2,233290
1703238300,1235.15,1242.45,1235.0,1240.0,119202
1703562300,1240.0,1244.15,1231.85,1243.2,149576
1703565000,1242.95,1245.45,1237.7,1243.5,111214
1703567700,1243.5,1248.0,1241.65,1247.35,52525
1703570400,1247.05,1249.95,1244.3,1247.2,149716
1703573100,1247.2,1250.0,1245.15,1245.7,92419
1703575800,1246.25,1249.0,1244.4,1248.25,30224
1703578500,1248.25,1248.75,1241.3,1242.5,80612
1703581200,1243.0,1247.0,1243.0,1247.0,103458
1703583900,1247.0,1247.2,1244.0,1246.95,50207
1703648700,1247.0,1250.0,1239.05,1239.95,220133
1703651400,1239.95,1248.3,1239.7,1246.95,1198368
1703654100,1246.8,1248.7,1244.55,1248.7,261115
1703656800,1248.7,1249.5,1242.2,1244.3,124562
1703659500,1244.3,1245.15,1239.0,1245.0,61227
1703662200,1244.9,1245.5,1236.7,1238.25,172611
1703664900,1238.25,1244.15,1237.75,1238.65,177941
1703667600,1238.65,1242.0,1237.6,1240.7,193686
1703670300,1240.7,1241.4,1238.4,1239.55,118812
1703735100,1239.75,1247.85,1239.75,1242.0,161255
1703737800,1242.0,1246.95,1240.55,1245.0,249041
1703740500,1245.0,1247.0,1241.0,1244.65,153668
1703743200,1244.65,1247.1,1243.65,1245.8,688682
1703745900,1245.8,1263.75,1245.3,1258.7,348926
1703748600,1258.7,1262.0,1258.1,1260.05,125688
1703751300,1260.1,1261.8,1256.0,1256.5,258404
1703754000,1256.5,1262.7,1254.35,1259.8,392948
1703756700,1259.8,1262.95,1259.15,1262.0,213378
1703821500,1264.0,1267.6,1254.8,1259.25,230004
1703824200,1258.8,1264.5,1257.0,1258.6,150064
1703826900,1258.6,1259.95,1248.85,1249.4,343236
1703829600,1249.4,1249.4,1245.55,1246.45,227071
1703832300,1246.4,1248.5,1245.0,1245.7,214440
1703835000,1245.7,1247.55,1242.85,1243.45,127229
1703837700,1243.45,1244.9,1242.05,1242.6,146043
1703840400,1242.35,1248.45,1242.35,1244.85,233277
1703843100,1245.3,1250.0,1244.95,1250.0,122082
1704080700,1252.45,1254.3,1247.05,1250.5,75217
1704083400,1250.5,1252.9,1246.7,1247.0,39753
1704086100,1247.0,1252.8,1246.85,1251.8,35048
1704088800,1251.8,1253.85,1249.9,1252.0,32190
1704091500,1252.0,1252.0,1249.85,1250.95,25892
1704094200,1250.95,1251.5,1250.0,1250.3,15686
1704096900,1250.5,1254.0,1250.25,1253.8,29838
1704099600,1253.8,1256.8,1250.0,1250.45,55340
1704102300,1250.45,1251.0,1248.05,1250.0,34532
1704167100,1255.1,1277.25,1252.1,1265.7,546079
1704169800,1265.7,1274.25,1262.55,1266.55,295238
1704172500,1266.55,1271.0,1263.0,1264.65,161437
1704175200,1264.65,1272.5,1262.0,1271.7,159270
1704177900,1271.7,1274.0,1270.3,1272.55,146357
1704180600,1272.55,1279.0,1271.65,1278.5,331083
1704183300,1278.5,1285.0,1277.9,1282.0,548455
1704186000,1281.9,1284.7,1278.55,1280.65,244931
1704188700,1280.65,1283.0,1280.5,1282.85,156325
1704253500,1291.0,1291.0,1274.05,1281.3,400320
1704256200,1281.3,1289.0,1281.0,1287.75,259625
1704258900,1287.75,1290.0,1285.3,1286.45,151032
1704261600,1286.45,1298.7,1285.75,1298.55,219676
1704264300,1298.7,1298.85,1291.0,1297.2,192175
1704267000,1297.3,1297.35,1294.6,1295.85,84756
1704269700,1295.85,1307.0,1295.2,1299.0,654046
1704272400,1299.0,1303.0,1299.0,1300.6,251855
1704275100,1300.6,1303.0,1297.5,1303.0,143420
1704339900,1304.0,1304.0,1291.15,1291.4,192457
1704342600,1292.0,1302.95,1286.65,1301.0,136804
1704345300,1301.05,1304.0,1298.0,1298.55,73639
1704348000,1298.55,1299.35,1294.45,1296.4,79305
1704350700,1296.35,1302.1,1295.9,1298.8,129024
1704353400,1298.8,1308.0,1297.05,1305.35,143550
1704356100,1305.35,1307.45,1300.1,1301.7,123335
1704358800,1301.8,1301.8,1294.05,1294.8,213635
1704361500,1294.75,1299.8,1293.05,1299.5,155989
1704426300,1300.0,1301.55,1283.5,1287.85,140858
1704429000,1287.85,1288.95,1281.0,1285.75,91030
1704431700,1285.75,1286.2,1281.0,1283.55,63241
1704434400,1283.55,1287.5,1281.0,1285.25,242367
1704437100,1285.25,1287.65,1285.0,1285.2,33305
1704439800,1285.2,1289.75,1285.0,1287.3,42693
1704442500,1287.3,1288.05,1276.5,1278.85,164058
1704445200,1278.85,1288.45,1276.15,1287.4,140959
1704447900,1287.4,1289.8,1286.15,1287.15,94557
1704685500,1296.65,1297.0,1280.5,1281.25,153059
1704688200,1281.25,1281.25,1272.2,1272.8,86486
1704690900,1272.8,1275.1,1270.0,1272.8,71903
1704693600,1272.7,1276.95,1271.25,1272.75,51191
1704696300,1272.7,1277.7,1272.0,1276.1,55366
1704699000,1276.1,1276.7,1266.2,1267.5,82864
1704701700,1267.5,1274.7,1267.0,1273.95,79771
1704704400,1274.5,1275.7,1268.15,1269.6,111434
1704707100,1269.5,1273.0,1269.05,1271.0,48566
1704771900,1284.0,1284.0,1273.65,1275.15,120607
1704774600,1275.15,1281.9,1273.4,1281.9,105640
1704777300,1281.9,1288.8,1280.1,1287.15,100437
1704780000,1287.15,1291.4,1286.65,1288.35,96334
1704782700,1288.35,1295.0,1287.85,1291.15,96969
1704785400,1291.15,1293.5,1287.4,1288.9,78837
1704788100,1288.9,1290.9,1286.05,1286.5,105566
1704790800,1286.5,1293.5,1286.0,1289.9,210900
1704793500,1290.15,1292.0,1287.65,1291.5,218043
1704771900,1284.0,1284.0,1273.65,1275.15,120607
1704774600,1275.15,1281.9,1273.4,1281.9,105640
1704777300,1281.9,1288.8,1280.1,1287.15,100437
1704780000,1287.15,1291.4,1286.65,1288.35,96334
1704782700,1288.35,1295.0,1287.85,1291.15,96969
1704785400,1291.15,1293.5,1287.4,1288.9,78837
1704788100,1288.9,1290.9,1286.05,1286.5,105566
1704790800,1286.5,1293.5,1286.0,1289.9,210900
1704793500,1290.15,1292.0,1287.65,1291.5,218043
1704858300,1296.0,1314.8,1294.3,1305.85,924982
1704861000,1305.85,1318.45,1303.35,1311.8,546021
1704863700,1311.8,1315.0,1310.05,1313.65,122374
1704866400,1313.6,1319.55,1312.5,1316.65,239599
1704869100,1316.65,1317.45,1313.5,1317.0,146576
1704871800,1317.0,1317.0,1313.95,1316.0,93315
1704874500,1316.0,1322.0,1315.15,1321.5,366877
1704877200,1321.5,1330.7,1320.25,1330.3,937104
1704879900,1330.3,1331.5,1328.0,1328.7,248502
1704944700,1339.85,1340.0,1330.0,1337.9,443230
1704947400,1337.9,1339.0,1332.3,1333.1,97495
1704950100,1333.1,1334.0,1330.3,1331.8,78741
1704952800,1331.8,1335.0,1330.9,1332.5,58252
1704955500,1332.5,1335.0,1330.45,1333.45,47596
1704958200,1333.45,1334.05,1330.0,1330.8,108994
1704960900,1330.7,1332.85,1324.4,1326.75,95550
1704963600,1326.65,1327.8,1324.75,1326.8,93939
1704966300,1326.85,1326.95,1323.05,1326.8,73224
1705031100,1324.2,1325.65,1306.4,1307.25,275728
1705033800,1307.25,1312.0,1306.0,1307.5,399874
1705036500,1307.55,1310.0,1305.0,1305.05,82088
1705039200,1305.0,1309.6,1302.6,1309.0,119273
1705041900,1308.9,1310.95,1308.8,1310.45,324591
1705044600,1310.45,1310.5,1303.1,1304.6,155059
1705047300,1304.6,1309.0,1300.4,1308.15,201798
1705050000,1308.35,1310.45,1305.45,1306.8,337606
1705052700,1306.85,1310.0,1306.65,1309.7,154825
1705290300,1316.0,1317.0,1308.0,1308.05,86009
1705293000,1308.05,1327.75,1306.6,1323.0,131770
1705295700,1323.75,1324.0,1320.0,1320.55,79348
1705298400,1320.55,1322.85,1316.7,1317.3,65083
1705301100,1317.3,1320.0,1317.0,1318.35,68907
1705303800,1318.35,1319.55,1314.7,1314.8,83317
1705306500,1314.8,1318.4,1314.1,1315.6,75914
1705309200,1315.6,1317.6,1311.5,1313.0,108785
1705311900,1313.0,1315.3,1311.9,1312.0,62600
1705376700,1313.15,1314.4,1303.4,1305.4,94442
1705379400,1305.4,1309.95,1305.4,1308.65,35844
1705382100,1308.65,1309.25,1305.05,1308.75,25494
1705384800,1308.8,1312.0,1307.75,1310.35,70801
1705387500,1310.35,1311.5,1307.05,1309.0,184068
1705390200,1309.0,1309.85,1298.25,1302.0,278299
1705392900,1301.55,1305.0,1301.2,1304.65,55382
1705395600,1304.75,1305.0,1302.05,1303.25,161146
1705398300,1303.35,1303.35,1299.15,1301.45,125355
1705463100,1299.35,1312.9,1290.0,1299.7,276857
1705465800,1299.7,1300.45,1293.55,1294.55,138694
1705468500,1294.85,1298.2,1288.3,1290.0,732789
1705471200,1290.0,1292.5,1287.7,1289.95,188908
1705473900,1289.1,1291.0,1289.1,1290.35,68742
1705476600,1290.35,1290.85,1282.1,1289.0,277301
1705479300,1289.0,1291.7,1288.35,1289.65,123632
1705482000,1289.65,1297.0,1286.4,1295.95,191693
1705484700,1295.95,1296.8,1290.35,1292.0,74889
1705549500,1285.05,1295.7,1267.9,1272.9,293272
1705552200,1272.3,1299.45,1272.3,1298.85,183650
1705554900,1298.7,1300.0,1295.4,1299.45,60889
1705557600,1299.65,1308.05,1299.45,1308.05,86968
1705560300,1308.05,1310.65,1306.0,1307.85,107485
1705563000,1307.85,1308.9,1301.35,1306.0,84234
1705565700,1306.0,1320.95,1305.9,1319.25,240744
1705568400,1319.0,1327.2,1316.0,1323.7,517768
1705571100,1323.8,1324.55,1316.35,1320.0,148077
1705635900,1330.95,1330.95,1318.2,1320.0,191954
1705638600,1320.0,1325.0,1318.35,1321.7,113340
1705641300,1321.7,1322.8,1316.6,1319.75,97743
1705644000,1319.75,1323.5,1319.25,1319.7,68269
1705646700,1319.7,1327.0,1319.0,1325.85,106583
1705649400,1325.9,1327.6,1322.45,1325.6,92942
1705652100,1325.6,1326.9,1322.6,1326.9,108865
1705654800,1326.9,1329.85,1324.55,1327.15,199378
1705657500,1327.25,1330.95,1325.6,1327.0,156661
1705722300,1335.65,1337.95,1326.0,1329.35,78350
1705725000,1329.35,1330.6,1321.0,1323.55,23850
1705727700,1323.55,1324.45,1319.7,1324.4,41104
1705730400,1324.4,1324.45,1320.25,1323.7,12589
1705733100,1323.7,1324.0,1320.05,1320.9,7097
1705735800,1320.9,1323.7,1320.0,1322.2,22125
1705738500,1322.2,1326.2,1321.55,1325.15,38540
1705741200,1325.95,1326.75,1307.05,1308.55,108299
1705743900,1308.55,1313.0,1308.05,1313.0,21507
1705981500,1385.0,1409.0,1368.7,1393.55,2471633
1705984200,1393.5,1420.0,1393.45,1408.4,1216486
1705986900,1408.4,1425.0,1408.0,1416.8,868967
1705989600,1417.65,1418.9,1401.0,1405.95,534906
1705992300,1405.95,1408.7,1397.2,1404.3,514742
1705995000,1404.3,1415.75,1401.3,1410.95,399072
1705997700,1410.95,1419.0,1405.0,1406.75,484026
1706000400,1406.7,1413.5,1396.7,1410.1,717061
1706003100,1410.1,1412.0,1405.4,1407.95,348290
1706067900,1409.0,1423.05,1394.85,1419.65,478459
1706070600,1419.7,1422.95,1414.65,1415.0,180316
1706073300,1415.4,1416.65,1407.05,1407.2,134176
1706076000,1407.2,1409.15,1398.8,1399.95,172136
1706078700,1400.0,1405.8,1398.8,1402.1,150546
1706081400,1402.1,1407.1,1397.2,1406.1,121167
1706084100,1406.1,1411.9,1402.5,1411.8,135148
1706086800,1411.5,1420.0,1410.1,1418.0,284607
1706089500,1418.0,1418.45,1410.55,1413.6,151823
1706154300,1413.35,1413.45,1401.05,1403.65,159151
1706157000,1403.65,1406.9,1394.85,1397.55,87143
1706159700,1397.55,1398.9,1382.2,1388.95,169323
1706162400,1388.95,1389.7,1376.8,1378.8,114669
1706165100,1378.8,1380.0,1361.1,1362.25,169915
1706167800,1362.25,1366.95,1360.0,1366.5,171360
1706170500,1366.5,1371.2,1356.85,1357.75,208727
1706173200,1357.2,1375.95,1353.5,1369.65,465578
1706175900,1369.65,1374.8,1365.15,1374.8,255429
1706499900,1365.0,1365.0,1325.3,1337.65,603273
1706502600,1337.65,1351.45,1337.5,1341.3,335014
1706505300,1341.45,1346.7,1333.2,1338.15,465237
1706508000,1338.15,1338.15,1333.3,1335.7,138657
1706510700,1335.7,1335.7,1331.1,1334.3,120533
1706513400,1334.3,1336.35,1329.05,1330.0,148450
1706516100,1330.0,1332.75,1327.0,1331.5,180480
1706518800,1331.5,1339.25,1331.05,1336.45,313974
1706521500,1336.45,1341.95,1335.0,1341.55,174750
1706586300,1345.0,1352.0,1335.05,1345.9,359013
1706589000,1345.9,1349.65,1344.0,1345.25,186754
1706591700,1345.05,1345.4,1335.65,1339.0,180909
1706594400,1339.0,1342.35,1336.0,1338.45,135921
1706597100,1338.45,1340.8,1331.5,1332.65,124415
1706599800,1332.8,1333.0,1329.0,1332.1,137036
1706602500,1332.1,1332.25,1324.2,1325.95,202729
1706605200,1325.95,1325.95,1316.45,1317.25,391524
1706607900,1317.3,1318.0,1314.15,1318.0,190247
1706672700,1317.1,1333.45,1312.0,1330.55,219046
1706675400,1330.55,1341.0,1329.75,1337.85,171494
1706678100,1337.85,1340.0,1335.95,1339.25,84161
1706680800,1339.5,1348.95,1339.3,1346.45,156674
1706683500,1346.45,1347.5,1341.85,1344.1,85523
1706686200,1344.35,1349.8,1343.55,1346.35,112863
1706688900,1346.35,1352.9,1345.5,1348.05,199105
1706691600,1348.0,1352.5,1348.0,1351.2,388052
1706694300,1351.25,1352.05,1347.65,1352.0,306210
1706759100,1359.7,1386.9,1352.05,1378.85,922870
1706761800,1378.85,1378.9,1357.9,1368.05,355924
1706764500,1368.05,1376.95,1362.9,1371.85,276867
1706767200,1371.85,1384.35,1371.1,1380.75,211598
1706769900,1380.0,1389.25,1377.6,1387.7,232895
1706772600,1387.0,1390.0,1385.05,1387.7,147931
1706775300,1387.7,1394.85,1385.65,1389.4,185262
1706778000,1389.2,1392.2,1385.6,1387.85,276745
1706780700,1387.8,1389.5,1382.4,1383.9,174298
1706845500,1387.0,1399.9,1386.4,1399.2,204489
1706848200,1398.6,1400.0,1394.8,1398.5,87889
1706850900,1398.5,1402.1,1397.25,1400.2,82633
1706853600,1400.2,1404.7,1396.35,1401.2,95040
1706856300,1401.1,1402.0,1391.75,1392.55,121345
1706859000,1392.55,1395.3,1385.5,1388.6,106427
1706861700,1388.6,1391.5,1385.0,1390.5,125241
1706864400,1390.45,1394.55,1386.5,1392.8,232850
1706867100,1392.8,1394.95,1390.8,1391.0,105691
1707104700,1400.65,1429.2,1394.3,1429.0,499150
1707107400,1429.0,1431.3,1424.25,1427.15,354277
1707110100,1427.15,1429.45,1425.0,1427.15,163834
1707112800,1427.15,1434.9,1427.15,1432.15,210305
1707115500,1432.15,1436.6,1430.8,1435.85,164383
1707118200,1436.0,1442.25,1432.65,1442.1,252954
1707120900,1442.1,1447.0,1438.45,1440.2,225166
1707123600,1440.2,1441.85,1430.65,1434.05,311706
1707126300,1434.05,1437.75,1430.85,1432.4,187287
1707191100,1444.85,1445.9,1426.25,1429.7,218652
1707193800,1429.7,1433.8,1419.05,1423.3,129468
1707196500,1423.3,1428.1,1419.8,1424.7,68677
1707199200,1424.7,1428.2,1423.15,1424.0,48819
1707201900,1424.0,1424.45,1412.55,1416.2,121580
1707204600,1416.2,1422.9,1413.5,1417.5,79404
1707207300,1417.5,1428.9,1415.75,1428.4,69970
1707210000,1428.6,1432.45,1424.0,1426.75,160649
1707212700,1426.75,1427.0,1421.2,1424.0,82415
1707277500,1436.0,1436.0,1423.4,1434.05,192653
1707280200,1434.05,1435.95,1429.2,1429.35,73508
1707282900,1429.3,1438.4,1429.3,1436.8,61582
1707285600,1436.8,1437.95,1420.85,1422.85,91658
1707288300,1422.85,1428.65,1421.75,1428.25,63654
1707291000,1428.2,1434.95,1425.8,1434.65,61562
1707293700,1434.65,1440.0,1432.55,1438.0,73752
1707296400,1438.35,1439.95,1435.55,1438.8,190220
1707299100,1438.8,1444.5,1437.0,1438.0,81246
1707363900,1448.0,1457.7,1440.0,1443.4,288865
1707366600,1443.45,1446.0,1432.05,1434.35,169441
1707369300,1434.0,1435.95,1423.05,1425.3,165443
1707372000,1425.3,1431.85,1422.55,1427.6,117000
1707374700,1427.6,1428.95,1423.2,1427.9,91070
1707377400,1427.9,1436.0,1426.2,1429.45,116852
1707380100,1429.55,1430.4,1420.05,1421.95,110539
1707382800,1421.95,1426.5,1418.55,1420.1,230236
1707385500,1420.2,1424.3,1417.65,1424.3,158302
1707450300,1428.1,1434.8,1421.0,1421.6,226817
1707453000,1421.6,1431.0,1417.05,1429.15,102432
1707455700,1429.15,1432.0,1422.95,1428.95,89406
1707458400,1428.95,1438.0,1428.45,1436.5,104453
1707461100,1436.5,1444.65,1435.55,1440.7,149170
1707463800,1440.65,1440.85,1432.7,1436.0,101084
1707466500,1436.35,1445.0,1434.1,1442.95,158675
1707469200,1442.9,1447.55,1439.7,1440.95,152073
1707471900,1440.95,1442.8,1431.65,1442.0,131612
1707709500,1440.0,1452.75,1435.0,1444.65,144825
1707712200,1444.65,1444.7,1431.0,1433.3,79389
1707714900,1433.3,1437.4,1430.5,1434.95,26246
1707717600,1434.95,1434.95,1425.0,1430.85,45533
1707720300,1430.85,1431.45,1425.6,1430.1,24208
1707723000,1430.1,1436.0,1425.55,1433.25,28672
1707725700,1433.25,1435.95,1430.4,1432.55,25730
1707728400,1432.3,1436.9,1430.9,1434.7,47029
1707731100,1434.65,1436.9,1430.0,1430.0,31817
1707795900,1439.0,1447.15,1430.0,1446.15,107885
1707798600,1446.15,1449.8,1440.85,1445.0,65636
1707801300,1445.0,1452.6,1443.95,1447.5,69549
1707804000,1447.5,1450.2,1443.55,1443.95,47534
1707806700,1443.95,1459.95,1441.55,1457.7,165463
1707809400,1457.7,1462.6,1449.75,1452.9,190969
1707812100,1452.9,1454.8,1449.0,1450.2,65340
1707814800,1450.2,1457.4,1445.7,1455.65,116660
1707817500,1455.65,1463.55,1450.0,1453.2,152338
1707882300,1454.8,1454.8,1426.0,1432.45,158022
1707885000,1432.45,1434.1,1429.0,1431.35,56796
1707887700,1431.35,1434.8,1421.0,1421.5,82210
1707890400,1421.5,1423.35,1410.45,1413.4,110005
1707893100,1412.9,1419.0,1412.8,1416.0,81384
1707895800,1416.0,1417.2,1412.2,1415.8,68943
1707898500,1416.45,1423.85,1415.05,1421.75,117688
1707901200,1422.2,1428.0,1420.5,1425.6,192608
1707903900,1425.9,1426.95,1423.0,1423.45,245387
1707968700,1425.35,1437.95,1412.0,1417.45,302490
1707971400,1417.0,1420.0,1414.6,1415.9,82840
1707974100,1415.9,1420.25,1412.5,1413.0,96686
1707976800,1412.8,1418.85,1412.15,1413.35,210316
1707979500,1413.35,1420.6,1412.25,1419.25,89110
1707982200,1419.25,1421.8,1413.4,1420.7,104431
1707984900,1420.0,1420.7,1415.0,1416.75,99721
1707987600,1416.65,1424.35,1416.5,1421.5,299321
1707990300,1421.5,1425.95,1421.0,1424.95,117128
1708055100,1430.0,1444.6,1425.9,1439.8,187763
1708057800,1439.8,1443.05,1432.95,1440.75,91747
1708060500,1440.75,1443.95,1436.35,1439.95,69243
1708063200,1439.95,1449.0,1439.65,1444.65,85335
1708065900,1444.65,1449.0,1443.25,1444.95,55406
1708068600,1444.95,1445.95,1434.7,1436.35,69402
1708071300,1436.45,1436.5,1431.55,1433.7,52603
1708074000,1433.7,1442.75,1433.15,1440.45,149154
1708076700,1440.45,1442.65,1436.3,1441.0,96414
1708314300,1444.95,1457.1,1438.95,1450.05,150043
1708317000,1450.05,1456.0,1447.5,1455.55,65578
1708319700,1455.55,1463.0,1451.7,1462.0,103667
1708322400,1462.0,1469.25,1456.3,1468.0,153849
1708325100,1467.8,1469.0,1460.35,1462.9,71439
1708327800,1462.9,1465.7,1458.85,1460.2,41648
1708330500,1460.2,1469.2,1459.55,1468.2,64134
1708333200,1468.2,1471.75,1465.5,1467.65,141822
1708335900,1467.75,1473.6,1467.55,1472.0,96470
1708400700,1475.0,1479.0,1446.2,1449.1,512829
1708403400,1449.8,1449.95,1440.2,1440.8,176885
1708406100,1440.8,1444.5,1436.0,1438.0,148045
1708408800,1438.0,1448.8,1437.5,1448.15,123319
1708411500,1448.0,1451.85,1445.0,1449.55,84013
1708414200,1449.9,1452.45,1447.45,1449.2,99768
1708416900,1449.65,1450.0,1442.8,1447.0,88244
1708419600,1447.05,1452.95,1444.4,1451.75,189776
1708422300,1451.6,1453.1,1448.0,1450.0,124898
1708487100,1452.0,1460.0,1443.05,1458.65,162732
1708489800,1458.65,1462.5,1453.55,1456.6,118554
1708492500,1456.6,1459.8,1449.7,1451.85,55418
1708495200,1451.75,1458.0,1451.25,1455.7,53050
1708497900,1455.8,1459.5,1452.45,1456.2,84096
1708500600,1456.45,1458.8,1454.4,1455.55,64086
1708503300,1455.8,1455.8,1443.6,1446.25,97718
1708506000,1446.35,1450.7,1433.45,1450.1,267988
1708508700,1450.5,1450.95,1443.15,1447.95,170220
1708573500,1455.55,1455.55,1431.3,1431.5,246551
1708576200,1431.9,1433.0,1424.2,1431.0,204618
1708578900,1430.65,1431.0,1420.55,1426.5,101652
1708581600,1426.15,1442.45,1425.6,1435.7,85972
1708584300,1436.15,1438.95,1428.15,1437.6,92052
1708587000,1437.85,1442.45,1433.5,1440.45,126129
1708589700,1440.4,1447.9,1439.1,1443.5,121447
1708592400,1443.65,1454.85,1440.0,1450.15,410492
1708595100,1450.85,1456.0,1446.0,1447.95,193625
1708659900,1456.15,1472.0,1449.75,1469.95,249054
1708662600,1469.55,1475.95,1465.6,1468.3,188386
1708665300,1468.05,1475.0,1465.5,1474.8,89066
1708668000,1474.8,1482.35,1474.55,1476.05,222980
1708670700,1476.4,1478.3,1472.0,1472.7,100727
1708673400,1472.7,1472.7,1464.05,1468.85,133953
1708676100,1468.45,1472.7,1467.8,1468.75,85086
1708678800,1468.35,1471.55,1465.05,1467.45,142100
1708681500,1467.25,1467.5,1461.05,1464.95,96475
1708919100,1473.5,1481.2,1462.95,1471.0,212268
1708921800,1471.0,1478.95,1469.4,1472.55,87065
1708924500,1472.85,1475.6,1471.3,1473.9,76905
1708927200,1473.85,1474.3,1465.05,1466.65,78981
1708929900,1466.65,1469.0,1461.55,1464.1,60567
1708932600,1464.15,1469.5,1463.1,1467.15,65065
1708935300,1467.2,1471.0,1467.2,1468.5,63777
1708938000,1469.0,1471.2,1467.15,1470.0,154880
1708940700,1470.0,1472.6,1465.0,1466.0,98544
1709005500,1473.45,1486.8,1469.7,1480.95,242495
1709008200,1480.95,1484.9,1476.0,1482.2,148304
1709010900,1481.75,1485.5,1477.65,1480.45,91123
1709013600,1480.35,1481.4,1472.15,1475.4,107434
1709016300,1475.35,1483.0,1475.35,1482.3,96712
1709019000,1482.5,1483.65,1478.6,1479.05,79535
1709021700,1479.1,1482.95,1475.55,1480.85,85441
1709024400,1481.2,1491.0,1480.05,1489.7,247610
1709027100,1489.9,1490.95,1486.0,1490.55,132233
1709091900,1491.45,1493.95,1477.1,1482.95,205372
1709094600,1483.0,1487.75,1480.85,1484.7,155706
1709097300,1484.7,1486.45,1478.1,1479.75,197047
1709100000,1479.7,1482.4,1475.6,1482.4,95758
1709102700,1482.45,1487.4,1477.35,1478.35,88971
1709105400,1478.25,1478.75,1472.95,1476.7,80889
1709108100,1476.6,1477.9,1473.75,1477.8,65011
1709110800,1477.8,1481.5,1472.55,1477.15,132439
1709113500,1477.15,1477.7,1470.0,1473.15,62233
1709178300,1475.95,1478.1,1454.8,1467.9,237423
1709181000,1467.5,1468.45,1451.4,1463.95,201380
1709183700,1464.0,1478.0,1461.1,1474.75,168271
1709186400,1474.85,1482.4,1474.5,1479.8,152661
1709189100,1479.85,1480.7,1471.9,1473.7,173687
1709191800,1473.7,1478.4,1470.5,1472.85,153774
1709194500,1472.9,1477.85,1466.65,1472.4,186578
1709197200,1472.45,1483.35,1470.0,1477.55,1962843
1709199900,1477.55,1490.0,1465.15,1474.85,1686988
1709264700,1494.0,1494.0,1472.0,1472.6,233462
1709267400,1472.65,1474.95,1463.45,1465.35,123970
1709270100,1465.4,1470.7,1460.0,1470.55,152040
1709272800,1469.85,1476.35,1465.05,1468.05,160313
1709275500,1468.05,1481.0,1467.5,1474.55,704554
1709278200,1474.55,1477.75,1470.55,1474.55,94157
1709280900,1474.8,1477.45,1471.0,1474.3,147912
1709283600,1474.3,1476.65,1467.85,1470.8,279365
1709286300,1470.75,1475.0,1466.6,1467.05,86102
1709351100,1486.0,1492.0,1479.25,1482.5,43568
1709359200,1482.5,1490.0,1474.35,1482.05,30459
1709361900,1482.25,1484.95,1477.2,1483.0,6887
1709523900,1483.0,1495.3,1480.0,1486.0,233192
1709526600,1485.45,1489.85,1474.1,1475.7,144811
1709529300,1475.7,1484.8,1475.0,1481.6,112303
1709532000,1481.85,1485.85,1479.2,1484.35,132285
1709534700,1484.5,1484.5,1474.35,1476.1,85251
1709537400,1476.1,1477.0,1470.7,1471.15,57060
1709540100,1470.9,1475.9,1469.75,1472.9,75951
1709542800,1472.5,1475.9,1470.2,1470.7,190022
1709545500,1470.65,1473.4,1469.95,1472.0,116227
1709610300,1465.15,1478.15,1465.0,1472.25,162355
1709613000,1472.25,1474.95,1463.1,1464.85,293724
1709615700,1464.1,1467.35,1458.1,1461.7,93606
1709618400,1462.15,1465.5,1458.5,1458.5,103539
1709621100,1458.15,1464.85,1452.8,1463.75,162060
1709623800,1463.75,1468.35,1463.5,1465.15,93940
1709626500,1465.2,1469.65,1463.0,1466.5,74958
1709629200,1467.05,1475.35,1465.75,1474.2,225827
1709631900,1474.25,1479.7,1474.1,1478.9,96002
1709696700,1476.0,1479.9,1458.6,1463.25,130228
1709699400,1463.2,1468.0,1458.7,1464.5,175485
1709702100,1464.4,1464.45,1456.6,1458.95,92254
1709704800,1458.6,1459.0,1454.25,1458.0,86963
1709707500,1458.15,1460.2,1448.15,1455.05,121572
1709710200,1455.05,1465.35,1455.05,1464.55,79382
1709712900,1464.55,1477.7,1464.4,1477.0,119378
1709715600,1476.8,1486.0,1475.65,1484.9,215814
1709718300,1484.9,1489.9,1483.45,1488.0,136562
1709783100,1485.25,1489.9,1475.5,1481.75,197975
1709785800,1481.75,1487.0,1479.0,1484.0,137735
1709788500,1484.0,1484.95,1476.5,1478.2,143720
1709791200,1478.15,1486.4,1478.05,1479.55,226803
1709793900,1479.65,1490.45,1479.1,1489.35,110882
1709796600,1489.15,1490.45,1479.7,1482.15,127360
1709799300,1482.15,1482.45,1477.15,1478.85,84118
1709802000,1478.85,1486.0,1477.1,1483.6,300781
1709804700,1483.6,1485.65,1480.45,1483.75,239693
1710128700,1493.0,1518.7,1488.55,1513.2,658122
1710131400,1513.2,1519.0,1506.15,1508.3,294448
1710134100,1508.5,1508.8,1497.0,1503.8,183432
1710136800,1503.8,1506.4,1500.0,1500.25,128343
1710139500,1500.15,1510.0,1500.0,1505.55,142252
1710142200,1505.7,1512.25,1505.1,1510.7,142193
1710144900,1510.55,1511.4,1502.55,1508.0,155807
1710147600,1507.95,1511.0,1501.8,1503.6,265695
1710150300,1503.6,1506.8,1501.25,1505.0,213417
1710215100,1512.0,1514.0,1476.0,1478.4,376028
1710217800,1478.4,1482.95,1468.95,1475.55,238947
1710220500,1475.3,1477.9,1470.5,1471.85,145813
1710223200,1471.85,1472.9,1463.6,1470.15,174594
1710225900,1470.2,1474.25,1466.1,1467.35,129351
1710228600,1467.2,1470.35,1465.0,1469.0,102389
1710231300,1468.6,1469.8,1460.1,1464.3,163975
1710234000,1463.5,1467.45,1460.0,1464.95,352056
1710236700,1464.9,1470.8,1462.55,1470.8,172457
1710301500,1470.0,1474.2,1449.0,1467.85,296035
1710304200,1467.3,1479.0,1465.1,1472.1,197783
1710306900,1472.1,1472.4,1456.55,1460.65,155024
1710309600,1460.1,1461.8,1451.05,1452.4,135872
1710312300,1452.4,1468.6,1451.8,1464.25,121170
1710315000,1463.6,1465.0,1455.65,1460.6,76546
1710317700,1460.05,1466.45,1456.25,1458.45,166777
1710320400,1458.9,1478.35,1453.75,1469.35,394128
1710323100,1469.5,1472.45,1465.3,1467.65,176557
1710387900,1467.1,1476.75,1454.35,1464.0,298849
1710390600,1464.0,1470.5,1458.8,1465.2,121865
1710393300,1465.2,1476.1,1465.2,1475.35,105508
1710396000,1475.35,1478.0,1474.0,1475.4,189234
1710398700,1475.4,1486.35,1474.0,1484.95,155068
1710401400,1485.35,1486.9,1478.7,1480.75,111094
1710404100,1480.85,1493.95,1480.8,1492.55,147269
1710406800,1492.7,1499.55,1490.25,1494.5,398629
1710409500,1494.7,1501.45,1494.05,1500.0,221377
1710474300,1494.8,1496.2,1477.1,1481.4,154141
1710477000,1481.6,1481.75,1466.05,1471.5,94652
1710479700,1471.55,1479.45,1470.2,1473.2,80659
1710482400,1473.2,1478.0,1473.0,1477.15,57860
1710485100,1477.55,1480.0,1475.65,1478.55,61528
1710487800,1478.95,1482.0,1476.8,1477.9,53509
1710490500,1478.25,1479.9,1474.45,1475.45,48851
1710493200,1476.0,1493.65,1473.2,1484.2,578112
1710495900,1484.05,1492.9,1482.3,1482.6,407748
1710733500,1489.0,1490.1,1471.0,1484.25,171265
1710736200,1483.95,1489.9,1481.5,1489.5,87905
1710738900,1489.0,1493.4,1485.05,1490.0,91814
1710741600,1490.55,1490.55,1485.45,1488.6,72967
1710744300,1488.95,1493.0,1482.4,1489.65,111415
1710747000,1489.65,1495.5,1488.0,1495.0,85419
1710749700,1495.45,1495.85,1489.3,1492.85,92316
1710752400,1493.25,1495.35,1489.2,1489.8,159786
1710755100,1489.85,1489.85,1483.15,1483.5,123370
1710819900,1482.55,1486.8,1446.05,1447.15,329350
1710822600,1447.15,1450.65,1440.05,1447.25,276942
1710825300,1447.25,1451.75,1442.3,1445.65,187135
1710828000,1446.0,1451.2,1444.2,1446.45,112853
1710830700,1446.0,1450.0,1445.7,1449.45,68282
1710833400,1449.65,1455.0,1449.0,1452.85,73452
1710836100,1453.0,1453.0,1437.7,1440.0,200927
1710838800,1440.0,1441.45,1433.15,1435.25,289517
1710841500,1435.15,1436.85,1431.1,1434.95,109331
1710906300,1435.8,1444.9,1424.3,1427.5,262910
1710909000,1428.35,1439.55,1425.35,1427.4,171102
1710911700,1427.4,1436.0,1427.2,1431.95,238618
1710914400,1431.65,1439.8,1430.3,1433.0,193168
1710917100,1433.05,1433.3,1424.1,1425.2,196785
1710919800,1425.3,1426.1,1417.25,1423.25,249222
1710922500,1423.25,1424.35,1419.55,1423.8,113811
1710925200,1423.65,1424.95,1416.3,1417.1,189114
1710927900,1417.1,1417.85,1415.6,1417.65,113313
1710992700,1427.0,1436.0,1420.2,1432.5,135508
1710995400,1432.5,1443.5,1432.0,1440.0,93428
1710998100,1439.95,1452.0,1439.4,1450.0,115797
1711000800,1450.0,1452.0,1446.95,1447.1,187059
1711003500,1447.15,1449.7,1444.4,1446.5,139642
1711006200,1446.5,1448.5,1444.2,1445.0,143914
1711008900,1445.0,1448.65,1443.55,1445.1,207916
1711011600,1444.9,1453.7,1439.8,1452.9,470298
1711014300,1452.8,1455.1,1448.1,1451.0,206151
1711079100,1453.0,1475.0,1451.05,1471.25,372425
1711081800,1470.55,1472.0,1462.0,1462.0,121242
1711084500,1462.0,1466.25,1457.1,1466.0,116305
1711087200,1466.2,1473.0,1466.0,1470.1,170473
1711089900,1470.1,1471.5,1466.35,1470.15,105391
1711092600,1470.1,1473.7,1470.0,1471.0,107439
1711095300,1471.0,1484.95,1470.25,1484.5,284870
1711098000,1484.3,1489.6,1478.65,1480.4,335016
1711100700,1480.4,1480.95,1475.0,1477.6,133687
1711424700,1473.0,1481.25,1467.2,1469.4,183308
1711427400,1469.85,1470.0,1460.0,1461.55,147984
1711430100,1461.55,1474.9,1461.55,1474.7,349174
1711432800,1474.7,1476.05,1469.0,1470.0,154477
1711435500,1470.0,1478.8,1470.0,1477.7,203561
1711438200,1478.25,1481.05,1476.25,1478.5,71513
1711440900,1478.5,1479.8,1475.0,1477.35,65206
1711443600,1477.25,1479.9,1469.9,1470.9,318173
1711446300,1470.9,1474.35,1468.0,1469.2,142223
1711511100,1484.0,1496.0,1466.8,1469.1,270919
1711513800,1469.6,1478.0,1468.5,1477.1,165948
1711516500,1477.1,1478.25,1468.7,1475.95,139312
1711519200,1476.0,1479.9,1474.6,1476.6,83981
1711521900,1476.75,1478.9,1475.55,1478.05,36637
1711524600,1478.05,1482.1,1473.4,1478.0,100389
1711527300,1478.05,1479.65,1477.0,1478.45,42615
1711530000,1478.4,1478.45,1458.0,1459.55,483238
1711532700,1463.0,1473.3,1460.2,1469.35,319138
1711597500,1472.0,1483.35,1461.15,1483.0,258733
1711600200,1483.0,1485.8,1476.45,1481.65,187013
1711602900,1481.65,1485.25,1478.2,1478.85,117095
1711605600,1479.35,1491.25,1478.6,1485.2,173329
1711608300,1485.5,1498.9,1485.5,1494.65,186208
1711611000,1494.65,1510.0,1493.1,1500.4,194763
1711613700,1500.75,1508.8,1496.0,1508.15,187220
1711616400,1508.15,1514.2,1489.3,1490.95,546731
1711619100,1491.25,1499.2,1490.4,1496.0,258958
1711943100,1510.0,1510.0,1499.0,1508.3,132173
1711945800,1508.6,1508.6,1499.0,1499.0,39079
1711948500,1499.0,1499.7,1493.8,1497.5,48162
1711951200,1497.5,1505.0,1496.75,1498.85,57800
1711953900,1498.85,1502.0,1498.0,1499.8,38290
1711956600,1499.8,1501.15,1496.25,1496.95,47680
1711959300,1496.95,1501.95,1495.0,1501.0,47617
1711962000,1501.0,1503.25,1496.2,1498.9,94822
1711964700,1498.9,1501.0,1497.0,1497.0,58173
1712029500,1502.9,1502.9,1483.3,1485.8,85026
1712032200,1485.8,1490.75,1485.2,1487.2,43939
1712034900,1487.75,1489.7,1484.95,1486.7,35131
1712037600,1486.8,1490.75,1486.0,1490.0,30789
1712040300,1490.0,1490.5,1485.0,1486.95,43102
1712043000,1486.95,1490.0,1485.3,1490.0,40657
1712045700,1490.0,1492.55,1485.75,1486.8,52989
1712048400,1486.85,1492.5,1485.0,1488.45,152177
1712051100,1488.45,1491.5,1485.45,1491.0,130397
1712115900,1493.35,1493.35,1480.35,1481.8,156456
1712118600,1481.8,1501.55,1480.0,1498.75,170178
1712121300,1499.0,1499.95,1480.1,1482.7,132962
1712124000,1482.2,1486.7,1482.2,1486.0,87346
1712126700,1486.0,1490.0,1483.35,1484.45,97681
1712129400,1484.55,1486.95,1482.6,1482.7,73811
1712132100,1482.75,1483.75,1478.05,1480.45,118176
1712134800,1480.0,1480.2,1470.65,1471.9,496642
1712137500,1471.85,1471.9,1467.0,1471.75,132247
1712202300,1479.0,1481.2,1457.9,1457.9,248252
1712205000,1458.1,1464.5,1454.85,1458.0,146636
1712207700,1457.95,1459.2,1445.1,1451.0,189094
1712210400,1451.0,1457.0,1445.55,1452.55,133763
1712213100,1451.75,1460.0,1450.45,1456.3,178046
1712215800,1456.85,1468.0,1454.4,1465.0,211288
1712218500,1465.0,1467.1,1460.5,1465.25,89317
1712221200,1465.1,1465.3,1456.05,1458.6,209418
1712223900,1458.55,1464.45,1458.0,1458.05,68621
1712288700,1439.0,1473.55,1437.5,1472.65,419513
1712291400,1473.15,1474.0,1450.2,1454.55,221662
1712294100,1455.2,1455.75,1447.3,1448.0,76772
1712296800,1448.0,1451.85,1446.5,1450.0,61844
1712299500,1450.0,1450.9,1446.7,1447.75,38519
1712302200,1447.75,1450.9,1447.15,1448.65,50406
1712304900,1448.05,1451.0,1447.05,1450.0,46881
1712307600,1449.85,1451.35,1448.05,1449.25,178861
1712310300,1449.25,1450.35,1446.6,1447.6,117111
1712547900,1457.15,1460.0,1449.4,1457.85,147933
1712550600,1457.85,1467.9,1456.95,1466.5,107463
1712553300,1466.2,1470.3,1464.2,1468.45,298231
1712556000,1468.4,1472.85,1468.4,1471.3,100955
1712558700,1471.9,1472.45,1464.75,1468.6,147708
1712561400,1468.55,1469.35,1461.3,1461.85,55090
1712564100,1461.85,1468.6,1461.35,1464.4,44674
1712566800,1464.4,1467.25,1462.1,1462.9,67667
1712569500,1462.7,1463.0,1460.25,1461.2,69501
1712634300,1467.75,1470.0,1455.0,1465.5,77865
1712637000,1465.5,1467.6,1463.6,1465.0,28635
1712639700,1465.0,1465.0,1458.1,1459.25,27057
1712642400,1459.25,1463.75,1458.2,1458.55,17669
1712645100,1458.55,1463.3,1458.5,1462.4,20746
1712647800,1462.0,1463.3,1457.4,1459.45,34234
1712650500,1459.45,1463.8,1458.05,1458.35,55901
1712653200,1458.0,1460.25,1447.1,1450.0,891319
1712655900,1450.2,1451.8,1448.0,1449.0,71695
1712720700,1453.15,1455.3,1437.05,1438.1,120783
1712723400,1437.35,1440.0,1430.05,1432.0,138602
1712726100,1431.5,1436.2,1426.0,1427.0,233726
1712728800,1427.2,1429.05,1422.45,1423.35,223138
1712731500,1423.4,1426.0,1410.0,1413.55,748009
1712734200,1413.55,1421.95,1406.0,1421.05,451455
1712736900,1421.7,1424.95,1416.35,1424.3,240918
1712739600,1424.7,1424.9,1418.7,1421.95,210601
1712742300,1422.35,1426.8,1420.2,1426.0,125821
1712893500,1423.0,1424.85,1408.8,1418.35,389861
1712896200,1418.35,1420.35,1412.85,1413.2,203150
1712898900,1413.15,1414.1,1404.05,1410.0,396657
1712901600,1410.0,1410.85,1402.0,1403.65,187225
1712904300,1403.7,1404.4,1394.55,1396.9,199715
1712907000,1397.0,1398.95,1395.0,1395.3,82789
1712909700,1395.35,1397.0,1388.0,1394.15,159951
1712912400,1394.15,1400.5,1388.3,1398.95,312884
1712915100,1398.45,1402.5,1396.35,1399.55,257510
1713152700,1389.95,1399.0,1375.55,1387.6,580844
1713155400,1387.6,1392.15,1382.15,1389.2,79940
1713158100,1389.2,1390.0,1385.95,1388.9,40495
1713160800,1388.9,1390.0,1385.2,1386.5,51101
1713163500,1386.5,1388.4,1380.0,1381.0,86631
1713166200,1381.0,1384.35,1380.45,1384.35,52052
1713168900,1384.25,1387.4,1380.6,1382.1,53752
1713171600,1382.1,1384.8,1380.25,1381.5,101843
1713174300,1381.55,1382.9,1380.0,1382.75,78404
1713239100,1385.0,1388.95,1374.95,1381.0,438369
1713241800,1381.4,1384.0,1372.95,1380.65,170860
1713244500,1380.65,1391.95,1380.55,1389.5,154753
1713247200,1389.5,1389.85,1380.5,1382.4,72084
1713249900,1382.45,1388.3,1381.45,1383.65,80108
1713252600,1383.65,1384.0,1380.0,1381.1,148041
1713255300,1381.15,1383.55,1375.3,1379.15,124387
1713258000,1379.15,1380.5,1371.55,1375.9,141085
1713260700,1375.85,1379.65,1374.95,1379.6,104070
1713411900,1376.0,1382.75,1365.8,1372.95,244456
1713414600,1373.55,1373.95,1363.75,1370.0,493022
1713417300,1370.05,1383.65,1368.2,1377.1,271690
1713420000,1376.55,1380.25,1371.05,1373.95,169853
1713422700,1373.95,1378.45,1373.1,1376.25,170347
1713425400,1376.55,1378.85,1350.0,1360.05,561782
1713428100,1360.05,1364.85,1352.6,1356.2,242642
1713430800,1356.55,1358.8,1342.4,1345.85,583631
1713433500,1345.85,1354.15,1345.05,1353.65,236728
1713411900,1376.0,1382.75,1365.8,1372.95,244456
1713414600,1373.55,1373.95,1363.75,1370.0,493022
1713417300,1370.05,1383.65,1368.2,1377.1,271690
1713420000,1376.55,1380.25,1371.05,1373.95,169853
1713422700,1373.95,1378.45,1373.1,1376.25,170347
1713425400,1376.55,1378.85,1350.0,1360.05,561782
1713428100,1360.05,1364.85,1352.6,1356.2,242642
1713430800,1356.55,1358.8,1342.4,1345.85,583631
1713433500,1345.85,1354.15,1345.05,1353.65,236728
1713498300,1347.0,1357.7,1337.8,1341.45,312479
1713501000,1341.45,1345.15,1336.1,1337.8,148558
1713503700,1337.65,1352.0,1335.0,1351.4,126088
1713506400,1351.7,1354.8,1349.3,1352.75,71988
1713509100,1352.75,1353.9,1348.0,1350.1,59924
1713511800,1350.1,1350.8,1342.75,1346.25,51670
1713514500,1346.25,1356.0,1346.0,1350.55,98267
1713517200,1350.5,1351.55,1344.1,1348.0,195255
1713519900,1348.0,1348.4,1342.0,1347.0,108694
1713757500,1350.25,1361.95,1348.0,1356.3,198241
1713760200,1356.3,1361.7,1354.9,1355.9,82525
1713762900,1355.9,1359.05,1353.0,1358.45,66794
1713765600,1358.45,1361.95,1356.6,1356.9,71009
1713768300,1356.65,1359.3,1352.85,1353.2,79176
1713771000,1353.25,1354.4,1352.0,1353.35,69527
1713773700,1353.4,1356.0,1352.75,1353.25,74395
1713776400,1353.25,1355.9,1352.1,1354.9,186523
1713779100,1355.8,1360.0,1352.2,1359.0,146046
1713843900,1369.75,1369.75,1355.05,1358.4,172681
1713846600,1358.4,1362.15,1358.0,1359.35,60950
1713849300,1358.95,1362.6,1354.0,1362.3,101167
1713852000,1362.3,1366.45,1361.0,1365.15,107749
1713854700,1365.15,1365.5,1360.4,1364.5,112584
1713857400,1364.95,1367.0,1364.15,1366.95,86411
1713860100,1367.15,1367.15,1356.4,1357.4,80585
1713862800,1357.0,1357.8,1344.5,1345.5,196133
1713865500,1345.9,1348.8,1344.6,1348.5,113167
1713930300,1353.45,1383.9,1352.2,1378.75,696293
1713933000,1378.4,1382.0,1374.0,1380.5,590341
1713935700,1380.9,1383.4,1375.2,1383.4,390547
1713938400,1383.5,1385.95,1380.0,1381.25,185861
1713941100,1381.25,1389.5,1380.85,1389.5,618930
1713943800,1389.65,1398.95,1387.65,1394.65,699066
1713946500,1394.6,1401.2,1393.0,1397.5,513566
1713949200,1397.55,1400.0,1395.1,1398.2,485908
1713951900,1398.25,1401.9,1395.95,1399.5,234929
1714016700,1407.0,1407.0,1386.05,1392.15,196763
1714019400,1392.0,1400.25,1391.4,1393.5,200895
1714022100,1393.5,1395.95,1384.1,1393.8,235839
1714024800,1393.95,1399.8,1393.05,1399.45,81426
1714027500,1399.4,1399.65,1392.65,1396.5,84563
1714030200,1396.75,1402.6,1387.2,1395.85,313827
1714032900,1395.85,1408.95,1395.85,1408.45,161724
1714035600,1408.4,1410.45,1403.35,1406.6,477449
1714038300,1406.65,1408.2,1400.95,1401.0,274462
1714103100,1413.1,1413.1,1402.1,1403.65,108853
1714105800,1404.0,1410.0,1401.25,1408.55,66619
1714108500,1408.55,1411.0,1405.8,1408.5,34522
1714111200,1407.95,1417.2,1406.8,1416.4,137569
1714113900,1416.4,1416.9,1406.05,1408.0,67470
1714116600,1408.05,1414.1,1406.3,1410.25,59476
1714119300,1410.25,1411.0,1406.3,1410.0,38549
1714122000,1409.7,1413.0,1405.35,1409.6,100142
1714124700,1409.6,1414.0,1405.0,1413.0,81639
1714362300,1419.0,1420.1,1392.4,1397.6,302886
1714365000,1397.6,1401.95,1392.5,1400.45,100290
1714367700,1400.3,1401.6,1396.8,1396.85,88361
1714370400,1396.8,1399.75,1393.9,1397.2,78158
1714373100,1396.5,1398.6,1394.05,1397.75,58852
1714375800,1398.2,1411.8,1397.8,1407.55,124067
1714378500,1407.65,1410.5,1403.15,1406.2,66126
1714381200,1407.0,1409.0,1395.55,1408.9,167692
1714383900,1408.9,1411.85,1405.0,1410.95,95967
1714448700,1415.05,1418.95,1407.0,1409.55,103338
1714451400,1409.55,1414.7,1407.55,1411.7,59254
1714454100,1411.1,1414.9,1409.0,1411.35,53532
1714456800,1411.35,1415.9,1407.25,1408.65,87768
1714459500,1408.6,1413.5,1408.0,1413.4,58169
1714462200,1413.05,1415.0,1411.0,1413.7,69338
1714464900,1413.65,1414.3,1410.05,1410.75,53383
1714467600,1410.75,1414.8,1399.0,1399.3,478230
1714470300,1399.0,1401.1,1395.05,1396.1,364504
1714621500,1400.0,1414.0,1398.15,1412.0,228971
1714624200,1412.2,1419.6,1410.55,1418.1,149964
1714626900,1418.1,1420.0,1413.2,1419.0,134892
1714629600,1418.95,1422.9,1412.1,1419.35,136935
1714632300,1418.8,1421.65,1417.05,1418.95,58168
1714635000,1418.95,1421.0,1415.85,1418.0,85227
1714637700,1418.0,1420.9,1414.8,1418.8,147754
1714640400,1418.8,1426.0,1417.55,1418.25,435575
1714643100,1418.0,1421.0,1416.3,1421.0,162586
1714707900,1428.0,1428.25,1415.2,1423.75,122653
1714710600,1423.55,1429.75,1421.0,1426.4,99637
1714713300,1426.4,1434.0,1422.55,1424.0,138303
1714716000,1424.3,1427.95,1417.35,1421.75,71830
1714718700,1421.55,1426.3,1420.95,1421.7,54797
1714721400,1421.4,1423.05,1419.25,1420.15,41375
1714724100,1419.95,1426.6,1418.0,1424.15,58612
1714726800,1425.0,1426.3,1422.15,1424.95,151414
1714729500,1424.9,1425.8,1423.25,1425.2,65803
1714967100,1431.0,1431.85,1405.05,1409.7,296883
1714969800,1409.6,1418.4,1406.2,1417.45,51758
1714972500,1417.45,1421.0,1412.5,1416.7,193706
1714975200,1417.2,1426.9,1414.05,1420.75,73411
1714977900,1420.5,1423.75,1419.8,1421.9,37929
1714980600,1421.9,1426.5,1421.0,1426.0,51368
1714983300,1426.5,1427.3,1423.45,1424.35,33917
1714986000,1424.25,1425.95,1420.5,1423.25,128913
1714988700,1423.3,1426.55,1422.55,1424.0,61113
1715053500,1423.4,1428.85,1411.0,1412.85,104258
1715056200,1412.5,1416.1,1401.9,1405.0,91833
1715058900,1404.1,1404.7,1385.0,1390.8,148790
1715061600,1390.8,1391.3,1380.6,1381.5,124331
1715064300,1381.45,1387.4,1381.0,1383.2,82481
1715067000,1383.2,1384.8,1377.75,1383.5,135352
1715069700,1383.5,1386.4,1380.0,1381.0,79023
1715072400,1380.95,1388.0,1379.25,1387.4,201284
1715075100,1387.35,1392.0,1385.05,1390.0,117886
1715139900,1375.05,1394.1,1375.05,1385.45,151148
1715142600,1385.45,1394.75,1385.0,1389.6,80866
1715145300,1389.55,1391.1,1382.4,1389.35,86113
1715148000,1389.15,1393.8,1386.75,1393.7,97439
1715150700,1393.65,1398.15,1390.25,1390.85,505310
1715153400,1391.4,1396.25,1386.5,1387.1,212393
1715156100,1387.55,1392.7,1380.05,1384.5,139979
1715158800,1384.5,1387.65,1382.9,1384.3,119098
1715161500,1384.3,1386.35,1381.2,1385.9,105393
1715226300,1387.85,1392.2,1368.55,1370.15,128505
1715229000,1370.15,1376.25,1367.3,1372.55,117680
1715231700,1372.45,1377.95,1366.25,1376.75,67517
1715234400,1376.75,1381.15,1372.05,1374.2,65560
1715237100,1374.25,1376.5,1370.3,1372.3,43323
1715239800,1372.3,1375.4,1360.0,1360.2,84046
1715242500,1360.45,1364.15,1356.05,1356.85,171877
1715245200,1356.85,1366.45,1353.0,1357.4,343687
1715247900,1358.0,1366.25,1355.4,1365.85,130036
1715312700,1371.35,1372.65,1360.15,1369.3,156386
1715315400,1369.0,1371.15,1361.5,1364.0,58447
1715318100,1363.55,1390.0,1357.0,1388.15,267967
1715320800,1388.4,1391.8,1383.6,1385.7,223122
1715323500,1385.25,1396.9,1384.95,1389.6,202883
1715326200,1389.6,1395.6,1381.0,1391.15,157481
1715328900,1391.15,1394.85,1386.35,1388.35,101385
1715331600,1388.4,1393.5,1317.25,1342.1,3492405
1715334300,1341.8,1342.2,1335.55,1338.05,419630
1715571900,1371.0,1425.95,1369.55,1401.9,2955047
1715574600,1402.2,1418.85,1402.2,1407.4,1951416
1715577300,1407.45,1422.0,1406.8,1418.45,596588
1715580000,1418.25,1425.0,1406.0,1412.3,621955
1715582700,1412.3,1419.0,1410.25,1416.9,257795
1715585400,1416.85,1421.0,1413.0,1415.65,310996
1715588100,1415.9,1419.0,1408.0,1408.2,220822
1715590800,1408.2,1416.9,1408.2,1416.3,564425
1715593500,1416.3,1421.0,1413.0,1421.0,430795
1715658300,1410.0,1410.0,1377.05,1384.4,647176
1715661000,1384.5,1385.85,1378.5,1381.5,360339
1715663700,1381.5,1382.55,1368.0,1370.65,554854
1715666400,1371.25,1375.0,1368.0,1372.75,230255
1715669100,1372.75,1375.85,1369.0,1375.1,284691
1715671800,1375.1,1377.0,1372.6,1374.7,247893
1715674500,1374.7,1375.35,1368.5,1369.8,517322
1715677200,1369.2,1371.7,1350.1,1359.25,647357
1715679900,1358.95,1359.4,1355.0,1358.2,230476
1715744700,1395.0,1422.85,1386.7,1408.75,3584395
1715747400,1409.3,1428.45,1403.25,1414.5,2102030
1715750100,1414.8,1423.0,1408.0,1410.5,527319
1715752800,1410.2,1414.4,1405.0,1405.65,293302
1715755500,1405.1,1413.65,1404.65,1410.0,242268
1715758200,1410.0,1416.0,1407.0,1410.0,251594
1715760900,1410.2,1410.2,1404.0,1407.45,137428
1715763600,1407.45,1410.2,1406.9,1407.7,298385
1715766300,1407.7,1408.5,1403.0,1405.5,454992
1715831100,1409.0,1413.35,1387.3,1391.4,502095
1715833800,1391.35,1403.0,1388.7,1402.25,221256
1715836500,1402.1,1410.0,1397.0,1405.85,257180
1715839200,1406.0,1410.0,1402.0,1409.5,277189
1715841900,1409.45,1414.5,1407.1,1410.25,429377
1715844600,1410.25,1414.4,1404.25,1405.6,251103
1715847300,1405.8,1411.4,1399.65,1409.35,262460
1715850000,1409.25,1422.4,1405.8,1420.55,739043
1715852700,1420.5,1425.9,1420.0,1420.7,286295
1715917500,1417.1,1419.9,1406.0,1408.55,279523
1715920200,1409.1,1409.8,1403.05,1405.8,219351
1715922900,1406.0,1408.85,1404.1,1405.85,296755
1715925600,1405.85,1408.55,1402.25,1404.6,625127
1715928300,1404.6,1405.0,1398.15,1400.75,266816
1715931000,1400.75,1401.7,1398.25,1399.9,539701
1715933700,1399.9,1402.3,1399.05,1400.05,281576
1715936400,1399.95,1401.45,1398.65,1399.9,525123
1715939100,1400.0,1400.0,1396.4,1398.0,409345
1716003900,1403.9,1407.0,1400.35,1403.0,29618
1716012000,1403.05,1407.3,1401.05,1404.15,19546
1716014700,1404.15,1404.95,1400.25,1403.0,11370
1716263100,1410.0,1411.0,1396.4,1407.85,313869
1716265800,1408.0,1420.0,1407.3,1413.45,312271
1716268500,1413.45,1419.4,1412.2,1418.2,396129
1716271200,1418.2,1419.9,1415.5,1419.8,115735
1716273900,1419.9,1426.3,1417.35,1423.85,446317
1716276600,1423.6,1433.0,1423.45,1431.0,239921
1716279300,1430.7,1445.95,1429.0,1441.35,496066
1716282000,1441.35,1444.0,1437.7,1442.15,390075
1716284700,1442.3,1444.0,1440.05,1440.5,228573
1716349500,1450.95,1450.95,1437.25,1444.6,476290
1716352200,1444.6,1462.95,1444.6,1456.85,626895
1716354900,1456.85,1467.0,1453.35,1464.0,331495
1716357600,1464.0,1473.55,1458.2,1472.65,289648
1716360300,1472.8,1492.25,1471.05,1486.55,823270
1716363000,1486.7,1494.8,1483.5,1492.7,596420
1716365700,1492.7,1494.6,1482.3,1486.0,445154
1716368400,1485.95,1489.2,1480.0,1481.5,426252
1716371100,1480.9,1485.0,1480.6,1482.5,200284
1716435900,1482.0,1485.0,1462.7,1483.45,816082
1716438600,1482.8,1489.95,1478.25,1484.6,383205
1716441300,1484.25,1490.85,1481.75,1485.9,499971
1716444000,1485.9,1504.55,1485.9,1503.15,766255
1716446700,1503.15,1504.2,1494.4,1497.5,327089
1716449400,1497.5,1500.0,1490.2,1492.3,312034
1716452100,1492.3,1496.45,1489.5,1491.4,283015
1716454800,1492.15,1492.7,1485.2,1490.2,634569
1716457500,1489.9,1490.35,1483.25,1487.5,366981
1716522300,1489.15,1493.9,1483.0,1491.0,133072
1716525000,1491.05,1491.75,1486.6,1490.35,59428
1716527700,1489.45,1490.8,1479.05,1483.55,79277
1716530400,1484.3,1486.95,1483.0,1486.6,34059
1716533100,1486.95,1489.7,1484.4,1488.8,141045
1716535800,1488.9,1491.55,1487.05,1487.95,40453
1716538500,1488.35,1490.85,1484.45,1488.3,60898
1716541200,1488.0,1489.4,1483.65,1488.35,124364
1716543900,1488.0,1488.2,1481.55,1486.7,85279
1716781500,1491.0,1492.55,1478.0,1482.4,218195
1716784200,1481.75,1485.65,1475.2,1480.8,188307
1716786900,1480.8,1485.0,1479.7,1481.2,178504
1716789600,1481.55,1488.3,1481.15,1486.8,120984
1716792300,1486.8,1489.05,1482.05,1482.35,155442
1716795000,1483.2,1484.55,1479.7,1480.6,168227
1716797700,1480.5,1481.7,1478.0,1479.85,116251
1716800400,1479.85,1482.0,1475.55,1476.85,170824
1716803100,1477.35,1480.9,1476.6,1478.4,76072
1716867900,1482.95,1494.75,1475.2,1488.25,201929
1716870600,1488.25,1491.55,1482.6,1487.6,89792
1716873300,1487.55,1487.85,1478.65,1481.0,55865
1716876000,1481.0,1484.85,1480.0,1482.0,44612
1716878700,1482.65,1483.0,1477.8,1481.8,62034
1716881400,1481.8,1482.55,1478.65,1479.4,36826
1716884100,1479.6,1481.0,1478.0,1479.55,50894
1716886800,1479.55,1481.8,1476.3,1478.95,145593
1716889500,1479.0,1480.35,1475.5,1480.0,96863
1716954300,1475.25,1483.7,1472.6,1480.8,178329
1716957000,1480.8,1481.85,1478.05,1480.0,247295
1716959700,1480.0,1489.15,1479.5,1485.35,96341
1716962400,1485.35,1487.5,1483.0,1483.85,95239
1716965100,1483.85,1489.9,1480.0,1487.8,151474
1716967800,1487.8,1497.6,1486.6,1493.0,181290
1716970500,1493.0,1493.4,1485.4,1489.85,194753
1716973200,1489.25,1493.5,1488.25,1493.25,249513
1716975900,1493.4,1496.0,1490.0,1493.45,213351
1717040700,1495.05,1496.55,1479.0,1479.4,217774
1717043400,1479.4,1481.5,1476.0,1476.95,199922
1717046100,1476.95,1481.9,1475.0,1476.0,77920
1717048800,1476.5,1477.0,1470.6,1473.35,93026
1717051500,1473.35,1477.5,1471.05,1476.65,96661
1717054200,1476.1,1477.0,1463.4,1466.35,162711
1717056900,1465.65,1470.0,1464.2,1468.8,105418
1717059600,1468.8,1472.2,1454.0,1468.25,568355
1717062300,1468.4,1477.0,1463.1,1470.0,210230
1717127100,1466.95,1472.7,1454.1,1459.1,178928
1717129800,1458.85,1459.9,1450.0,1451.2,153173
1717132500,1451.15,1454.85,1448.1,1449.5,257380
1717135200,1449.5,1449.85,1443.0,1446.4,149872
1717137900,1446.0,1452.5,1444.55,1451.0,257372
1717140600,1451.35,1462.7,1451.0,1461.05,134284
1717143300,1460.8,1463.85,1450.75,1452.3,120009
1717146000,1452.3,1455.0,1441.5,1447.4,1067038
1717148700,1447.45,1457.65,1440.0,1449.0,952499
1717386300,1482.0,1483.0,1449.0,1458.8,275054
1717389000,1458.8,1459.8,1450.2,1452.6,123915
1717391700,1452.25,1455.4,1448.4,1449.7,84709
1717394400,1449.7,1455.5,1448.45,1451.7,83055
1717397100,1451.7,1455.35,1447.8,1453.2,74761
1717399800,1453.2,1455.0,1446.05,1448.5,166824
1717402500,1448.65,1450.8,1446.15,1448.75,237016
1717405200,1448.75,1451.95,1446.15,1451.3,178707
1717407900,1451.35,1459.95,1450.75,1458.0,111361
1717472700,1460.0,1467.5,1438.5,1463.65,323881
1717475400,1463.55,1474.8,1460.55,1462.55,198488
1717478100,1462.55,1469.95,1444.0,1461.45,218894
1717480800,1461.35,1476.95,1434.25,1437.8,238004
1717483500,1438.45,1458.6,1418.55,1452.8,210295
1717486200,1452.75,1458.4,1443.05,1455.0,187249
1717488900,1455.0,1461.85,1449.25,1455.95,182211
1717491600,1455.95,1467.95,1453.4,1465.2,297196
1717494300,1465.05,1466.45,1456.1,1465.0,192156
1717559100,1490.0,1490.0,1466.85,1481.95,321368
1717561800,1481.25,1509.65,1481.25,1504.65,344898
1717564500,1504.65,1509.0,1490.5,1500.0,142267
1717567200,1500.0,1504.35,1497.0,1503.65,81688
1717569900,1503.05,1513.0,1502.55,1510.35,208694
1717572600,1510.3,1514.0,1505.0,1505.0,100351
1717575300,1505.0,1505.0,1487.3,1494.75,314842
1717578000,1494.75,1502.0,1493.85,1502.0,178717
1717580700,1501.95,1502.85,1483.15,1487.5,141084
1717645500,1500.0,1501.0,1464.9,1473.25,310300
1717648200,1473.5,1479.95,1471.95,1479.95,105409
1717650900,1479.8,1484.5,1476.3,1482.15,134329
1717653600,1482.15,1482.2,1468.35,1474.15,161498
1717656300,1473.75,1484.15,1469.4,1471.25,194565
1717659000,1471.65,1475.0,1464.0,1473.65,110554
1717661700,1473.65,1474.55,1466.6,1472.9,139239
1717664400,1472.9,1479.65,1465.5,1474.8,299723
1717667100,1474.75,1480.0,1473.55,1478.9,149460
1717731900,1484.0,1494.9,1479.3,1489.5,234565
1717734600,1490.0,1490.65,1484.1,1484.95,74794
1717737300,1485.0,1502.55,1484.2,1502.35,303241
1717740000,1502.0,1503.4,1489.0,1494.6,302907
1717742700,1494.55,1500.5,1492.2,1495.0,105017
1717745400,1495.6,1497.0,1490.0,1495.05,155953
1717748100,1495.1,1497.0,1490.4,1492.65,99696
1717750800,1492.5,1498.3,1492.0,1496.0,207289
1717753500,1496.0,1499.95,1494.05,1497.0,107377
1717991100,1506.9,1536.85,1502.0,1534.3,916526
1717993800,1534.35,1537.7,1528.1,1532.4,338084
1717996500,1532.1,1536.0,1525.0,1530.0,174037
1717999200,1530.0,1530.05,1520.1,1521.25,217209
1718001900,1520.8,1524.9,1516.45,1521.35,221091
1718004600,1520.95,1531.7,1520.95,1531.0,122487
1718007300,1531.0,1540.85,1529.5,1535.5,321529
1718010000,1535.65,1537.2,1530.6,1535.05,267602
1718012700,1535.0,1537.55,1527.0,1529.0,171619
1718077500,1545.0,1546.45,1534.25,1536.2,438624
1718080200,1536.05,1541.0,1535.5,1538.5,137834
1718082900,1538.5,1544.65,1537.8,1541.5,168119
1718085600,1541.45,1543.0,1535.65,1536.0,129164
1718088300,1536.05,1540.65,1535.1,1538.2,107597
1718091000,1538.7,1544.75,1538.0,1543.75,111372
1718093700,1543.6,1544.0,1536.4,1541.35,88779
1718096400,1541.3,1542.0,1529.0,1529.75,285603
1718099100,1529.8,1537.95,1527.0,1535.0,232157
1718163900,1542.45,1542.45,1532.0,1535.9,225532
1718166600,1536.15,1540.95,1535.3,1540.95,232158
1718169300,1540.75,1549.0,1540.25,1543.45,360266
1718172000,1543.4,1549.0,1542.05,1545.5,113267
1718174700,1545.85,1545.95,1539.0,1544.0,177461
1718177400,1544.0,1546.5,1542.35,1544.5,83827
1718180100,1544.5,1546.0,1540.5,1543.25,97443
1718182800,1543.5,1546.7,1540.1,1540.25,188032
1718185500,1540.45,1541.55,1538.0,1538.3,100615
1718250300,1550.0,1551.0,1520.4,1528.45,305000
1718253000,1529.0,1538.65,1527.7,1534.0,115201
1718255700,1534.0,1537.85,1530.55,1537.15,65186
1718258400,1537.15,1541.45,1535.55,1539.4,98679
1718261100,1538.8,1540.0,1534.2,1537.45,114720
1718263800,1537.45,1540.0,1536.7,1538.15,90354
1718266500,1538.8,1539.0,1535.2,1538.0,114972
1718269200,1538.0,1547.9,1535.0,1544.9,427771
1718271900,1544.9,1545.95,1542.85,1545.0,193854
1718336700,1545.0,1556.95,1535.8,1552.0,298263
1718339400,1552.0,1555.0,1549.05,1551.9,218376
1718342100,1551.0,1554.95,1551.0,1554.0,68617
1718344800,1554.0,1561.0,1553.05,1557.0,210869
1718347500,1557.0,1560.0,1554.95,1559.65,107563
1718350200,1559.65,1560.4,1555.2,1556.3,65098
1718352900,1556.3,1559.5,1555.45,1558.7,105577
1718355600,1558.7,1565.55,1557.55,1565.0,523598
1718358300,1565.2,1567.0,1564.05,1566.0,246762
1718682300,1570.0,1575.95,1563.6,1575.8,586859
1718685000,1575.8,1576.95,1566.25,1568.65,293233
1718687700,1568.05,1572.3,1565.45,1570.0,216244
1718690400,1570.3,1573.0,1569.0,1569.9,142179
1718693100,1570.0,1571.7,1566.05,1568.35,230622
1718695800,1568.35,1571.85,1567.1,1571.4,132005
1718698500,1571.4,1574.0,1569.8,1572.4,135198
1718701200,1572.4,1576.5,1572.0,1574.6,201948
1718703900,1574.6,1575.5,1570.0,1575.0,130589
1718768700,1577.4,1582.0,1572.85,1577.4,344146
1718771400,1577.4,1577.4,1562.3,1564.5,251063
1718774100,1564.95,1565.35,1557.15,1560.25,116118
1718776800,1560.55,1561.95,1558.0,1558.05,99397
1718779500,1558.0,1567.2,1558.0,1561.75,133742
1718782200,1562.25,1563.7,1559.0,1559.75,66212
1718784900,1559.95,1560.1,1555.0,1555.55,131297
1718787600,1555.15,1562.0,1553.4,1560.9,170787
1718790300,1560.9,1562.0,1556.4,1560.05,568743
1718855100,1558.0,1559.15,1548.05,1551.0,323797
1718857800,1551.4,1552.5,1540.0,1542.5,167761
1718860500,1543.0,1546.8,1542.0,1545.6,73057
1718863200,1546.2,1550.0,1543.05,1546.6,84615
1718865900,1545.65,1549.5,1543.65,1549.5,78258
1718868600,1549.5,1551.0,1543.65,1547.0,174634
1718871300,1547.0,1547.0,1542.3,1544.6,203028
1718874000,1544.6,1547.0,1541.4,1545.55,356507
1718876700,1545.5,1549.0,1542.6,1545.45,243343
1718941500,1549.9,1555.5,1540.15,1552.15,183553
1718944200,1552.15,1562.9,1550.05,1560.2,118295
1718946900,1560.2,1562.5,1557.15,1561.05,90579
1718949600,1561.15,1562.45,1548.45,1549.2,108416
1718952300,1549.25,1551.0,1545.4,1549.55,85009
1718955000,1549.55,1552.85,1545.5,1549.5,83688
1718957700,1549.5,1550.3,1541.4,1542.0,221258
1718960400,1541.4,1546.65,1533.75,1540.55,954117
1718963100,1540.4,1544.8,1533.5,1537.25,768958
1719200700,1528.0,1528.0,1495.05,1509.55,359088
1719203400,1509.55,1515.65,1507.3,1514.0,103553
1719206100,1513.95,1518.0,1511.55,1516.25,72578
1719208800,1515.85,1519.75,1515.0,1518.2,49670
1719211500,1518.2,1518.95,1511.0,1512.0,60961
1719214200,1512.0,1513.95,1509.0,1511.65,68197
1719216900,1511.65,1512.0,1505.15,1506.2,111076
1719219600,1506.0,1507.65,1501.85,1504.05,241141
1719222300,1504.1,1507.85,1503.2,1507.85,216978
1719287100,1511.6,1517.8,1502.55,1505.9,174268
1719289800,1505.2,1507.95,1501.75,1506.45,49808
1719292500,1505.75,1507.5,1499.8,1502.0,291621
1719295200,1502.4,1502.95,1498.0,1499.4,143127
1719297900,1499.4,1501.7,1497.0,1497.05,99584
1719300600,1497.0,1500.95,1496.0,1499.05,93485
1719303300,1499.0,1501.05,1496.6,1497.75,89239
1719306000,1497.9,1500.7,1495.5,1499.55,176800
1719308700,1499.5,1502.0,1497.15,1502.0,81557
1719373500,1503.7,1507.2,1487.9,1493.25,351151
1719376200,1493.25,1494.85,1478.3,1484.0,251002
1719378900,1483.95,1492.9,1483.45,1490.0,216365
1719381600,1490.0,1491.0,1486.2,1487.25,106136
1719384300,1486.55,1489.45,1482.6,1484.45,230760
1719387000,1484.45,1487.85,1483.35,1487.85,119117
1719389700,1487.85,1487.85,1480.95,1480.95,134387
1719392400,1480.7,1482.7,1475.0,1478.75,330555
1719395100,1478.75,1484.2,1478.5,1478.5,189981
1719459900,1481.0,1486.1,1472.05,1475.0,376504
1719462600,1475.0,1478.0,1471.0,1472.65,158856
1719465300,1472.6,1477.0,1471.5,1475.85,122472
1719468000,1475.2,1478.0,1471.0,1474.65,226122
1719470700,1474.65,1478.5,1471.5,1472.8,242823
1719473400,1473.2,1473.95,1467.2,1469.95,322963
1719476100,1470.0,1473.9,1465.75,1467.65,294038
1719478800,1467.65,1484.55,1465.3,1482.55,574525
1719481500,1482.15,1486.2,1478.7,1485.0,473285
1719546300,1486.3,1492.2,1479.0,1481.5,285383
1719549000,1481.5,1487.25,1476.35,1486.65,124833
1719551700,1486.7,1487.95,1480.0,1480.95,323464
1719554400,1481.45,1482.15,1478.2,1481.4,87963
1719557100,1481.4,1482.0,1478.7,1481.0,76177
1719559800,1481.05,1483.1,1476.05,1479.1,309778
1719562500,1479.1,1481.55,1477.95,1479.8,198322
1719565200,1479.8,1485.05,1478.15,1480.6,369455
1719567900,1480.6,1483.2,1478.3,1482.65,312048
1719805500,1484.95,1493.7,1475.0,1490.25,459169
1719808200,1490.65,1491.15,1483.95,1487.2,95028
1719810900,1487.2,1489.6,1485.0,1486.5,78402
1719813600,1486.55,1487.25,1478.85,1480.0,145308
1719816300,1480.0,1480.0,1472.2,1476.9,132496
1719819000,1476.8,1480.0,1475.05,1477.65,70374
1719821700,1477.65,1479.45,1475.9,1476.45,65821
1719824400,1476.15,1480.8,1475.55,1479.3,148044
1719827100,1479.45,1480.0,1475.05,1477.75,118897
1719891900,1480.0,1490.95,1479.25,1490.0,172810
1719894600,1490.0,1492.75,1487.35,1489.1,105438
1719897300,1489.1,1490.65,1485.1,1487.95,89214
1719900000,1487.85,1490.5,1485.25,1486.4,77012
1719902700,1486.6,1490.0,1482.1,1482.1,78967
1719905400,1482.35,1489.5,1480.0,1487.65,104275
1719908100,1487.65,1492.0,1485.05,1486.15,167802
1719910800,1486.5,1488.95,1484.55,1488.0,249503
1719913500,1488.0,1492.15,1486.35,1490.0,146762
1719978300,1494.0,1500.0,1486.15,1486.95,249793
1719981000,1486.95,1491.0,1482.2,1485.5,140983
1719983700,1485.45,1487.45,1474.6,1478.5,166580
1719986400,1478.5,1484.9,1475.7,1482.25,132477
1719989100,1482.25,1486.85,1480.0,1482.95,70161
1719991800,1482.5,1484.8,1481.25,1481.75,25493
1719994500,1481.75,1483.5,1480.0,1480.65,20206
1719997200,1480.65,1484.3,1478.0,1484.1,141817
1719999900,1484.05,1485.95,1481.1,1485.7,113705
1720064700,1477.75,1483.2,1467.0,1474.0,277744
1720067400,1474.0,1488.95,1473.5,1486.55,192832
1720070100,1487.25,1488.0,1475.0,1477.95,138016
1720072800,1477.95,1480.0,1473.25,1475.05,107456
1720075500,1475.1,1480.0,1473.0,1476.0,162215
1720078200,1476.0,1478.0,1473.2,1476.8,136832
1720080900,1476.85,1480.0,1473.9,1478.25,162051
1720083600,1478.3,1481.95,1476.45,1481.55,231028
1720086300,1481.05,1485.0,1480.25,1485.0,90168
1720151100,1487.0,1509.65,1486.0,1504.95,857457
1720153800,1504.95,1514.4,1501.5,1509.2,300781
1720156500,1510.0,1510.95,1504.55,1509.35,156245
1720159200,1509.35,1516.0,1507.65,1513.95,198472
1720161900,1513.25,1514.0,1507.8,1509.55,120311
1720164600,1509.55,1510.2,1503.1,1505.55,121188
1720167300,1505.55,1507.8,1500.75,1501.95,106131
1720170000,1502.35,1510.7,1501.5,1510.45,192183
1720172700,1510.5,1511.85,1508.8,1510.05,135725
1720410300,1516.0,1524.65,1510.05,1512.25,337690
1720413000,1512.3,1515.0,1507.25,1510.65,203508
1720415700,1510.65,1510.95,1493.95,1499.6,204947
1720418400,1499.6,1500.7,1490.1,1492.4,134581
1720421100,1492.2,1494.45,1487.0,1489.0,133980
1720423800,1489.0,1491.0,1487.1,1488.5,71941
1720426500,1488.4,1490.95,1485.7,1488.0,82001
1720429200,1488.0,1489.0,1483.2,1484.0,218862
1720431900,1484.05,1491.1,1483.85,1491.0,136791
1720496700,1496.9,1509.1,1487.3,1504.25,416310
1720499400,1504.2,1511.0,1502.45,1506.45,232238
1720502100,1506.6,1507.0,1501.05,1505.7,159829
1720504800,1505.65,1507.0,1502.15,1502.95,119268
1720507500,1503.05,1507.6,1500.55,1507.15,145810
1720510200,1507.2,1510.8,1504.3,1508.9,157906
1720512900,1508.9,1511.0,1504.1,1504.1,168555
1720515600,1504.0,1512.5,1503.1,1512.05,243712
1720518300,1512.05,1515.0,1511.0,1514.0,147512
1720583100,1512.1,1517.25,1504.8,1507.7,97176
1720585800,1507.45,1508.55,1492.25,1494.9,97441
1720588500,1494.6,1501.85,1494.55,1497.95,34022
1720591200,1498.7,1504.85,1496.15,1501.95,35269
1720593900,1501.95,1506.0,1498.25,1504.9,52573
1720596600,1504.9,1505.65,1498.3,1501.2,23672
1720599300,1501.2,1504.45,1499.65,1502.95,78380
1720602000,1502.95,1515.0,1502.95,1513.4,167871
1720604700,1512.9,1514.55,1510.9,1512.8,84601
1720669500,1517.0,1519.0,1503.0,1506.6,186995
1720672200,1506.6,1507.2,1495.0,1501.65,155811
1720674900,1501.7,1503.75,1496.0,1498.75,115356
1720677600,1498.7,1503.25,1495.2,1500.85,83236
1720680300,1500.85,1503.0,1497.2,1498.45,82614
1720683000,1498.5,1500.7,1496.7,1497.7,58198
1720685700,1497.85,1505.4,1497.4,1504.75,120226
1720688400,1504.75,1507.0,1501.55,1505.6,344570
1720691100,1505.1,1510.0,1504.4,1505.3,167295
1720755900,1506.05,1514.55,1503.35,1513.2,121118
1720758600,1513.7,1514.6,1509.0,1512.35,70934
1720761300,1512.35,1513.0,1505.65,1507.85,156321
1720764000,1507.85,1509.0,1505.0,1505.55,117808
1720766700,1505.55,1507.35,1503.0,1503.0,98711
1720769400,1503.0,1514.85,1502.4,1514.55,120514
1720772100,1514.55,1515.0,1510.05,1514.3,112942
1720774800,1514.3,1515.0,1508.05,1511.4,250541
1720777500,1511.35,1514.5,1511.0,1512.55,143763
1721015100,1516.6,1531.0,1516.2,1529.0,416487
1721017800,1529.0,1531.95,1521.2,1521.2,210019
1721020500,1522.0,1526.95,1520.1,1524.45,555819
1721023200,1524.45,1526.0,1520.55,1524.15,120537
1721025900,1523.8,1530.0,1523.65,1527.1,81747
1721028600,1527.15,1528.5,1522.75,1523.0,74587
1721031300,1523.05,1524.25,1520.45,1522.6,57074
1721034000,1521.95,1522.95,1517.8,1518.45,154858
1721036700,1518.4,1518.5,1513.25,1514.9,153620
1721101500,1517.2,1523.15,1510.35,1520.55,182341
1721104200,1520.5,1521.4,1515.25,1520.55,64066
1721106900,1520.55,1524.45,1515.0,1516.1,81817
1721109600,1516.5,1516.5,1511.0,1512.55,62258
1721112300,1512.5,1513.95,1507.0,1512.7,76040
1721115000,1512.7,1515.75,1503.1,1510.85,195665
1721117700,1510.85,1512.95,1508.25,1511.8,62990
1721120400,1511.85,1514.65,1510.15,1510.3,121808
1721123100,1510.25,1510.7,1506.5,1508.4,116071
1721274300,1497.0,1513.0,1485.6,1510.1,459567
1721277000,1510.75,1512.25,1506.05,1507.5,77757
1721279700,1507.1,1509.0,1493.15,1495.3,357133
1721282400,1495.35,1495.75,1490.0,1495.1,70185
1721285100,1495.05,1499.5,1493.05,1495.1,75654
1721287800,1495.1,1507.65,1494.45,1498.95,216450
1721290500,1499.15,1509.15,1497.35,1507.2,168772
1721293200,1507.2,1511.2,1503.4,1506.8,522256
1721295900,1506.75,1507.95,1502.7,1502.7,221827
1721360700,1501.6,1506.0,1492.3,1497.35,147223
1721363400,1497.9,1498.95,1490.35,1495.25,96225
1721366100,1495.25,1496.45,1491.0,1493.05,53669
1721368800,1493.7,1493.7,1481.25,1490.05,97410
1721371500,1490.05,1492.75,1487.25,1488.6,48093
1721374200,1489.1,1491.75,1485.4,1488.5,55939
1721376900,1488.8,1490.95,1480.2,1482.75,65892
1721379600,1482.75,1485.55,1481.1,1483.95,192383
1721382300,1483.95,1489.85,1483.4,1488.0,111427
1721619900,1475.05,1485.05,1470.65,1484.1,186316
1721622600,1484.25,1504.0,1482.6,1502.9,163177
1721625300,1502.9,1507.05,1500.0,1504.25,98491
1721628000,1504.5,1505.4,1498.45,1501.35,155571
1721630700,1501.35,1506.0,1496.7,1500.0,144335
1721633400,1500.0,1500.05,1493.5,1495.5,86838
1721636100,1495.5,1500.0,1493.55,1494.65,85402
1721638800,1494.7,1497.45,1488.1,1488.6,315041
1721641500,1488.55,1494.8,1488.25,1491.15,93656
1721706300,1490.0,1498.5,1486.3,1495.75,87350
1721709000,1495.75,1497.3,1488.05,1494.7,271210
1721711700,1494.55,1503.0,1492.0,1502.9,54781
1721714400,1502.9,1504.0,1493.15,1494.05,101852
1721717100,1494.65,1494.65,1475.15,1490.5,242804
1721719800,1490.5,1494.3,1484.35,1490.8,227770
1721722500,1490.75,1496.5,1489.15,1495.2,78232
1721725200,1495.9,1503.4,1493.65,1497.95,96875
1721727900,1497.9,1498.8,1492.15,1495.0,80706
1721792700,1495.35,1499.95,1485.0,1495.9,276103
1721795400,1495.8,1501.45,1494.55,1498.0,191387
1721798100,1498.0,1500.6,1498.0,1498.75,39556
1721800800,1498.8,1507.6,1498.55,1499.2,130374
1721803500,1499.3,1500.85,1495.05,1499.05,78177
1721806200,1499.0,1511.3,1498.3,1501.05,1193421
1721808900,1501.05,1506.0,1501.0,1503.95,93534
1721811600,1503.65,1506.0,1501.0,1503.85,174651
1721814300,1504.15,1506.0,1501.75,1503.5,89097
1721879100,1498.0,1503.5,1489.8,1501.7,269457
1721881800,1501.7,1504.95,1497.95,1503.5,95414
1721884500,1503.5,1505.55,1501.8,1503.8,44819
1721887200,1504.55,1508.35,1503.0,1507.1,230253
1721889900,1507.1,1508.7,1499.0,1499.05,228045
1721892600,1499.1,1503.45,1497.75,1500.55,125182
1721895300,1500.65,1504.95,1498.6,1501.9,456036
1721898000,1501.9,1504.3,1497.3,1498.45,548754
1721900700,1498.5,1505.0,1496.5,1500.0,202294
1721965500,1504.75,1527.0,1501.0,1523.65,322250
1721968200,1524.3,1539.8,1520.7,1533.45,330856
1721970900,1533.45,1544.0,1533.15,1538.8,198503
1721973600,1539.0,1541.15,1528.05,1529.0,399113
1721976300,1529.15,1536.0,1527.9,1534.75,519946
1721979000,1534.5,1537.5,1529.95,1533.5,224846
1721981700,1533.5,1543.3,1532.5,1538.6,137380
1721984400,1538.7,1600.0,1537.85,1589.6,1736780
1721987100,1588.7,1596.9,1578.45,1586.5,815473
1722224700,1588.0,1589.0,1528.8,1544.5,1551674
1722227400,1544.1,1548.95,1533.6,1543.85,459078
1722230100,1543.8,1549.0,1539.0,1548.45,391567
1722232800,1548.0,1554.6,1544.3,1545.65,290278
1722235500,1545.6,1547.55,1541.0,1545.0,258368
1722238200,1545.25,1549.6,1544.3,1549.5,131362
1722240900,1549.6,1552.0,1546.1,1550.2,382060
1722243600,1550.2,1560.7,1549.2,1551.35,344532
1722246300,1551.35,1553.9,1550.05,1553.85,173602
1722311100,1554.0,1564.05,1534.1,1536.4,500522
1722313800,1536.45,1537.55,1533.0,1534.8,360791
1722316500,1534.65,1537.95,1534.1,1535.55,232430
1722319200,1535.85,1541.95,1535.4,1539.65,176629
1722321900,1539.65,1539.7,1532.15,1534.5,345457
1722324600,1534.6,1537.35,1533.05,1535.5,401454
1722327300,1535.4,1536.0,1532.1,1534.4,208993
1722330000,1534.4,1535.45,1526.0,1527.35,544239
1722332700,1527.3,1531.4,1526.4,1529.0,217854
1722397500,1530.1,1540.3,1523.55,1530.5,368526
1722400200,1530.5,1537.0,1530.4,1535.6,149088
1722402900,1536.05,1540.0,1535.05,1539.2,110167
1722405600,1539.55,1546.3,1538.6,1540.9,130454
1722408300,1540.9,1543.0,1539.0,1541.3,75934
1722411000,1540.75,1545.5,1540.2,1543.05,195781
1722413700,1543.1,1548.55,1542.0,1547.35,154486
1722416400,1547.35,1548.5,1542.1,1543.35,262501
1722419100,1543.35,1545.0,1542.2,1544.0,198109
1722483900,1545.95,1552.5,1544.3,1549.95,274769
1722486600,1549.5,1549.7,1540.1,1541.5,121490
1722489300,1541.45,1543.7,1535.55,1539.35,82058
1722492000,1539.45,1544.95,1538.8,1542.55,60276
1722494700,1542.55,1544.85,1540.2,1544.0,40076
1722497400,1544.1,1544.7,1538.8,1539.95,93941
1722500100,1539.95,1549.9,1538.3,1549.7,529921
1722502800,1549.65,1549.65,1544.0,1546.6,200136
1722505500,1546.55,1546.7,1543.8,1545.0,125420
1722570300,1529.0,1535.0,1523.7,1526.3,228169
1722573000,1526.95,1535.9,1526.3,1528.1,146101
1722575700,1528.05,1532.4,1526.55,1530.25,152559
1722578400,1530.45,1538.7,1530.0,1533.85,166718
1722581100,1533.85,1536.5,1530.9,1533.9,145990
1722583800,1534.15,1535.95,1530.55,1535.2,76395
1722586500,1535.8,1541.4,1533.85,1538.5,109453
1722589200,1538.5,1538.5,1527.0,1528.9,201469
1722591900,1528.9,1529.95,1525.0,1526.0,126593
1722829500,1472.0,1523.75,1472.0,1521.55,393269
1722832200,1521.55,1527.95,1512.1,1515.45,219379
1722834900,1515.4,1516.0,1495.1,1496.4,240613
1722837600,1496.0,1504.7,1496.0,1504.0,110636
1722840300,1503.65,1504.0,1495.9,1501.0,76120
1722843000,1501.0,1517.25,1499.4,1516.75,155211
1722845700,1516.75,1520.5,1511.75,1513.2,220350
1722848400,1513.6,1520.0,1511.85,1516.0,199401
1722851100,1515.5,1517.5,1512.65,1516.0,104700
1722915900,1513.0,1535.0,1505.7,1534.6,272053
1722918600,1534.5,1535.0,1530.05,1534.05,205218
1722921300,1533.55,1541.7,1531.0,1541.3,205326
1722924000,1541.5,1542.35,1535.4,1536.65,106471
1722926700,1536.7,1538.0,1533.4,1535.7,76834
1722929400,1535.7,1536.05,1530.6,1535.0,128636
1722932100,1535.45,1537.1,1531.0,1534.5,170687
1722934800,1533.75,1535.2,1530.1,1532.1,374363
1722937500,1532.15,1532.9,1530.5,1532.45,235123
1723002300,1532.1,1545.0,1532.1,1540.4,205404
1723005000,1540.2,1549.0,1536.05,1547.95,184252
1723007700,1547.25,1550.45,1541.4,1550.0,166087
1723010400,1550.0,1554.0,1541.25,1543.15,135029
1723013100,1543.15,1545.65,1538.05,1543.65,118553
1723015800,1543.6,1551.5,1542.75,1550.0,115102
1723018500,1549.6,1555.8,1548.55,1549.35,129630
1723021200,1549.45,1556.9,1549.45,1554.0,175352
1723023900,1553.95,1555.0,1550.0,1552.0,130151
1723088700,1545.0,1579.8,1545.0,1568.85,790325
1723091400,1569.15,1589.65,1568.05,1584.3,535568
1723094100,1584.3,1587.9,1573.25,1573.65,337129
1723096800,1574.0,1582.4,1570.3,1579.0,239083
1723099500,1579.0,1580.0,1568.8,1569.15,188544
1723102200,1569.0,1575.0,1564.75,1571.5,306643
1723104900,1570.7,1573.55,1569.0,1572.0,270667
1723107600,1572.0,1576.1,1568.45,1570.35,540285
1723110300,1570.4,1571.0,1567.6,1570.0,333192
1723175100,1574.8,1581.2,1563.1,1569.2,180908
1723177800,1568.45,1574.0,1561.85,1563.6,113748
1723180500,1563.65,1568.0,1561.5,1564.45,73979
1723183200,1564.95,1576.8,1564.2,1574.9,161976
1723185900,1574.35,1578.0,1572.5,1575.0,75052
1723188600,1574.95,1575.05,1570.0,1570.2,74824
1723191300,1570.2,1577.0,1570.15,1576.4,106452
1723194000,1576.4,1577.05,1574.4,1576.1,108742
1723196700,1576.5,1577.05,1570.15,1572.0,60931
1723434300,1574.7,1593.0,1571.05,1582.0,355095
1723437000,1582.4,1590.8,1576.75,1582.8,177380
1723439700,1582.8,1584.95,1580.25,1584.45,162101
1723442400,1584.45,1587.0,1580.5,1583.75,214556
1723445100,1583.75,1588.0,1583.5,1585.55,100778
1723447800,1586.2,1589.2,1582.95,1585.8,148914
1723450500,1585.8,1591.55,1585.0,1591.2,143964
1723453200,1591.4,1591.6,1583.35,1585.9,309421
1723455900,1586.15,1590.0,1585.0,1586.0,119169
1723520700,1600.0,1600.0,1585.3,1599.8,472298
1723523400,1599.75,1606.7,1596.4,1600.35,391925
1723526100,1600.35,1601.3,1593.1,1595.1,131526
1723528800,1595.55,1598.95,1590.95,1596.2,153974
1723531500,1596.2,1596.95,1593.15,1594.05,101988
1723534200,1594.05,1597.0,1586.0,1586.95,654214
1723536900,1586.15,1589.0,1581.1,1587.1,105407
1723539600,1587.1,1587.95,1581.45,1583.05,148690
1723542300,1583.1,1587.65,1580.0,1585.0,121417
1723607100,1597.0,1597.0,1566.45,1576.0,170743
1723609800,1576.75,1583.7,1575.75,1581.3,91708
1723612500,1581.35,1582.0,1572.9,1575.9,69768
1723615200,1576.0,1578.85,1572.55,1573.55,44164
1723617900,1573.55,1578.3,1571.95,1576.05,39741
1723620600,1576.0,1577.8,1570.35,1571.45,49769
1723623300,1571.5,1571.65,1561.3,1562.1,103680
1723626000,1562.1,1566.9,1555.0,1564.4,219343
1723628700,1564.4,1568.0,1563.8,1565.35,107493
1723779900,1567.0,1577.0,1564.8,1573.7,125220
1723782600,1574.2,1574.35,1560.0,1572.8,82545
1723785300,1572.8,1574.1,1563.0,1567.35,43242
1723788000,1566.45,1569.75,1564.0,1569.0,23901
1723790700,1569.0,1575.0,1568.9,1573.1,63449
1723793400,1573.1,1575.0,1572.1,1575.0,50710
1723796100,1575.0,1580.0,1573.05,1579.2,171409
1723798800,1579.4,1580.45,1574.0,1578.55,224447
1723801500,1578.3,1579.85,1573.5,1575.0,124868
1724039100,1578.45,1584.95,1575.95,1578.05,153043
1724041800,1578.05,1580.0,1572.75,1576.35,85132
1724044500,1577.05,1578.05,1572.05,1576.6,38646
1724047200,1576.95,1584.0,1576.05,1583.7,73559
1724049900,1583.7,1583.9,1579.25,1581.95,35718
1724052600,1581.95,1582.0,1576.5,1576.85,38244
1724055300,1576.85,1580.0,1576.1,1579.25,25359
1724058000,1579.25,1582.2,1575.95,1575.95,144351
1724060700,1576.0,1576.0,1569.7,1570.0,148401
1724125500,1576.5,1579.0,1562.65,1565.25,190336
1724128200,1565.1,1567.0,1562.0,1562.0,140943
1724130900,1562.0,1565.0,1559.8,1560.0,72407
1724133600,1560.0,1562.25,1558.2,1559.95,134980
1724136300,1559.95,1565.0,1559.35,1562.3,197883
1724139000,1562.55,1563.0,1561.8,1562.7,50843
1724141700,1562.95,1563.0,1562.05,1563.0,113432
1724144400,1562.9,1566.0,1561.95,1562.95,336739
1724147100,1563.0,1563.0,1562.0,1562.9,175752
1724211900,1565.65,1577.0,1561.0,1574.05,139699
1724214600,1574.05,1585.0,1574.05,1584.0,137769
1724217300,1584.5,1589.95,1580.3,1582.75,105240
1724220000,1582.2,1587.3,1578.7,1586.95,74540
1724222700,1586.95,1589.35,1584.15,1586.1,53624
1724225400,1586.1,1588.85,1583.85,1586.1,65769
1724228100,1586.1,1590.0,1584.25,1588.0,52809
1724230800,1587.95,1596.15,1587.6,1595.6,249829
1724233500,1595.6,1596.0,1592.1,1593.95,195517
1724298300,1599.0,1599.0,1582.5,1582.8,142574
1724301000,1582.8,1583.85,1580.1,1582.35,56490
1724303700,1582.35,1583.5,1578.7,1581.0,60492
1724306400,1580.95,1584.8,1576.05,1582.1,79281
1724309100,1582.05,1586.8,1580.0,1585.35,53788
1724311800,1585.35,1586.0,1579.3,1583.35,91574
1724314500,1583.35,1586.0,1580.1,1582.75,116034
1724317200,1582.75,1587.6,1582.1,1586.0,195441
1724319900,1586.0,1586.8,1582.35,1582.55,111012
1724384700,1580.05,1585.8,1575.75,1578.5,83144
1724387400,1577.8,1581.95,1572.05,1579.6,85499
1724390100,1579.7,1583.9,1576.05,1582.5,35628
1724392800,1582.2,1583.4,1578.75,1579.4,35329
1724395500,1579.4,1579.6,1573.55,1573.8,29808
1724398200,1574.3,1577.35,1568.45,1573.75,233282
1724400900,1573.8,1579.5,1573.05,1578.05,37221
1724403600,1578.25,1579.35,1572.5,1574.45,133476
1724406300,1574.6,1576.35,1573.45,1576.35,97169
1724643900,1570.0,1584.5,1566.55,1583.25,94739
1724646600,1583.25,1588.45,1581.85,1584.0,69200
1724649300,1584.7,1587.0,1582.65,1585.65,53773
1724652000,1585.6,1587.5,1584.55,1587.0,52262
1724654700,1587.0,1587.45,1585.05,1586.35,30295
1724657400,1586.35,1587.0,1583.45,1584.75,41285
1724660100,1584.45,1589.95,1584.0,1588.5,58940
1724662800,1588.5,1595.0,1587.4,1594.55,164438
1724665500,1594.95,1596.0,1592.0,1593.8,92929
1724730300,1586.5,1611.9,1586.5,1610.6,446262
1724733000,1610.6,1619.8,1610.0,1616.5,363209
1724735700,1615.8,1616.7,1610.2,1613.2,140682
1724738400,1613.45,1613.45,1602.35,1607.6,135255
1724741100,1607.7,1610.95,1605.05,1606.35,73848
1724743800,1605.75,1606.35,1602.0,1602.85,79744
1724746500,1603.4,1605.0,1602.25,1603.8,73559
1724749200,1604.0,1604.05,1597.2,1597.35,185818
1724751900,1597.35,1598.1,1594.0,1594.0,71752
1724816700,1604.0,1608.55,1595.2,1599.25,197822
1724819400,1599.55,1604.45,1596.55,1599.6,105542
1724822100,1599.6,1605.0,1599.5,1602.9,50119
1724824800,1602.55,1606.0,1601.6,1603.0,70566
1724827500,1603.4,1604.0,1599.5,1600.5,51699
1724830200,1600.6,1609.75,1599.35,1608.9,101943
1724832900,1608.6,1618.5,1605.2,1618.15,224068
1724835600,1618.25,1630.0,1616.0,1617.85,464330
1724838300,1617.65,1620.8,1615.0,1615.75,167676
1724903100,1622.0,1642.3,1614.05,1617.25,1150457
1724905800,1617.25,1619.7,1609.5,1611.25,256096
1724908500,1611.8,1621.3,1611.3,1617.0,108988
1724911200,1617.0,1624.65,1615.0,1616.3,132398
1724913900,1616.0,1626.65,1616.0,1622.5,123500
1724916600,1622.5,1626.35,1621.7,1622.6,126681
1724919300,1622.45,1623.3,1610.4,1612.85,219175
1724922000,1612.9,1625.5,1609.0,1618.15,478443
1724924700,1617.65,1622.25,1615.7,1616.0,153633
1724989500,1615.0,1638.8,1615.0,1638.0,260741
1724992200,1638.1,1642.0,1630.7,1638.75,155826
1724994900,1638.7,1652.0,1636.05,1650.8,234907
1724997600,1650.05,1654.95,1645.6,1654.5,203149
1725000300,1654.45,1658.75,1648.0,1652.8,254318
1725003000,1652.8,1653.95,1647.95,1650.0,146046
1725005700,1650.0,1651.1,1647.55,1650.4,144730
1725008400,1650.4,1659.45,1649.45,1657.5,1118028
1725011100,1657.5,1663.7,1650.5,1654.6,778786
1725248700,1669.0,1681.6,1645.0,1648.85,426261
1725251400,1648.85,1649.25,1642.0,1649.0,113145
1725254100,1648.5,1653.0,1647.0,1650.75,95761
1725256800,1650.25,1664.35,1650.15,1657.0,203746
1725259500,1657.3,1658.65,1647.55,1650.25,125834
1725262200,1650.15,1653.75,1647.55,1649.45,62052
1725264900,1648.65,1652.0,1647.0,1649.65,59965
1725267600,1648.95,1650.0,1644.85,1646.7,165544
1725270300,1646.5,1647.95,1644.0,1644.0,54386
1725335100,1643.3,1659.85,1643.3,1647.0,252796
1725337800,1647.0,1651.8,1646.0,1649.65,88449
1725340500,1649.65,1652.9,1648.0,1648.55,71728
1725343200,1648.55,1651.5,1647.05,1648.85,73250
1725345900,1648.55,1653.6,1645.75,1653.6,98655
1725348600,1653.6,1656.95,1653.0,1655.55,126218
1725351300,1655.55,1656.7,1654.0,1654.95,75399
1725354000,1654.9,1654.95,1650.9,1651.45,313656
1725356700,1651.45,1655.7,1648.5,1650.0,164531
1725421500,1635.05,1648.9,1630.8,1642.55,178505
1725424200,1642.3,1652.45,1640.55,1643.85,99077
1725426900,1644.0,1652.5,1643.4,1650.85,53868
1725429600,1650.9,1654.75,1650.1,1651.75,58087
1725432300,1651.8,1658.0,1648.1,1651.95,131176
1725435000,1651.9,1655.45,1650.0,1651.9,86473
1725437700,1651.85,1653.3,1642.9,1645.6,144637
1725440400,1645.6,1654.8,1645.5,1651.1,182287
1725443100,1651.05,1655.0,1650.0,1654.0,84853
1725507900,1651.1,1659.95,1643.0,1650.7,174977
1725510600,1650.25,1654.0,1642.8,1644.95,102105
1725513300,1645.1,1649.95,1636.75,1641.0,88241
1725516000,1640.95,1649.15,1638.85,1648.0,100510
1725518700,1648.0,1650.0,1645.4,1648.8,59360
1725521400,1648.8,1649.6,1637.55,1637.9,41069
1725524100,1637.9,1640.65,1629.4,1630.0,100846
1725526800,1630.25,1633.1,1623.4,1628.45,287107
1725529500,1628.45,1631.25,1627.15,1627.7,127355
1725594300,1627.75,1631.95,1618.5,1622.05,132373
1725597000,1622.7,1623.85,1614.2,1621.75,132973
1725599700,1621.75,1626.25,1617.75,1621.55,80307
1725602400,1621.55,1625.9,1620.0,1621.8,43450
1725605100,1621.8,1622.75,1613.3,1614.35,63713
1725607800,1614.5,1620.75,1614.0,1617.75,67974
1725610500,1617.75,1618.95,1609.75,1611.35,157700
1725613200,1611.35,1616.8,1608.8,1609.6,148775
1725615900,1609.6,1616.3,1608.05,1613.6,86044
1725853500,1611.05,1623.0,1610.0,1621.1,111170
1725856200,1621.45,1630.0,1620.0,1629.9,95160
1725858900,1629.25,1636.8,1627.7,1635.2,137918
1725861600,1635.45,1636.0,1629.1,1632.65,106412
1725864300,1632.65,1632.8,1621.0,1624.4,88182
1725867000,1625.0,1630.5,1622.8,1623.6,103746
1725869700,1623.65,1624.5,1616.15,1616.25,66140
1725872400,1616.2,1623.25,1614.25,1619.45,192019
1725875100,1619.5,1623.9,1615.8,1620.7,102732
1725939900,1633.0,1635.0,1624.5,1625.8,184994
1725942600,1626.1,1632.65,1624.5,1626.55,82759
1725945300,1627.0,1631.7,1624.3,1630.0,78719
1725948000,1630.2,1639.0,1629.6,1638.0,121819
1725950700,1638.0,1644.35,1636.65,1639.45,201669
1725953400,1639.45,1643.3,1638.7,1642.05,140441
1725956100,1642.05,1644.25,1640.1,1643.5,151118
1725958800,1643.5,1644.25,1628.5,1631.65,196752
1725961500,1631.55,1636.6,1630.7,1630.7,89843
1726026300,1627.1,1647.15,1624.6,1641.45,193586
1726029000,1641.45,1644.65,1635.0,1639.45,123322
1726031700,1639.9,1641.0,1634.25,1639.8,81453
1726034400,1639.65,1641.25,1635.0,1639.0,53382
1726037100,1639.0,1652.3,1637.05,1649.0,143605
1726039800,1649.0,1649.0,1642.3,1643.75,70314
1726042500,1643.75,1644.0,1634.7,1636.35,109434
1726045200,1636.35,1641.15,1624.25,1627.6,280250
1726047900,1627.6,1635.0,1627.05,1635.0,188366
1726112700,1635.0,1654.7,1630.55,1643.05,259209
1726115400,1643.8,1649.0,1637.15,1645.75,126281
1726118100,1645.3,1648.55,1638.9,1644.55,82505
1726120800,1643.75,1648.3,1641.75,1646.3,54604
1726123500,1646.35,1647.6,1640.2,1644.6,112270
1726126200,1644.6,1644.6,1639.5,1642.4,109077
1726128900,1642.0,1653.55,1636.35,1650.15,263505
1726131600,1650.15,1660.0,1649.6,1657.7,472968
1726134300,1657.75,1658.4,1650.0,1652.0,247537
1726199100,1658.9,1660.0,1648.0,1648.2,87342
1726201800,1648.2,1651.7,1643.5,1645.1,47742
1726204500,1645.1,1653.75,1644.55,1650.3,40669
1726207200,1650.45,1653.1,1649.2,1650.65,35288
1726209900,1650.65,1652.9,1649.85,1651.95,24569
1726212600,1651.25,1653.6,1649.0,1653.25,38736
1726215300,1653.25,1663.7,1653.05,1661.45,105308
1726218000,1661.45,1669.2,1656.75,1657.45,260485
1726220700,1657.4,1661.95,1657.25,1660.0,106976
1726458300,1661.2,1668.95,1654.15,1664.5,111982
1726461000,1664.5,1668.15,1662.55,1667.8,58496
1726463700,1667.8,1671.85,1665.05,1666.6,61060
1726466400,1666.75,1670.65,1665.0,1665.0,61951
1726469100,1665.0,1668.0,1664.3,1665.9,114188
1726471800,1666.55,1668.1,1663.35,1666.05,81435
1726474500,1665.5,1666.6,1660.0,1661.0,63388
1726477200,1661.0,1661.6,1657.7,1659.05,72535
1726479900,1659.05,1662.9,1658.1,1661.0,58378
1726544700,1660.0,1665.95,1656.7,1661.8,122605
1726547400,1661.8,1667.5,1658.7,1665.5,65675
1726550100,1665.5,1668.0,1664.05,1667.5,39700
1726552800,1667.55,1670.0,1665.8,1669.55,59333
1726555500,1669.3,1671.0,1667.3,1671.0,86746
1726558200,1671.0,1678.65,1670.55,1677.75,239531
1726560900,1677.75,1683.0,1674.9,1678.5,159865
1726563600,1678.5,1679.75,1671.6,1672.75,122226
1726566300,1672.7,1673.0,1668.35,1673.0,62420
1726631100,1673.0,1673.0,1660.1,1663.95,72659
1726633800,1663.45,1664.0,1650.2,1661.5,90683
1726636500,1661.5,1663.85,1657.05,1661.0,88281
1726639200,1661.0,1663.1,1658.0,1659.45,127712
1726641900,1659.4,1659.6,1647.1,1648.15,228229
1726644600,1647.4,1650.95,1638.05,1648.45,202502
1726647300,1647.75,1651.05,1643.05,1645.2,120035
1726650000,1644.5,1654.25,1642.55,1651.55,110253
1726652700,1651.55,1653.45,1650.0,1652.5,43713
1726717500,1660.0,1660.65,1635.0,1642.55,576871
1726720200,1642.0,1654.9,1638.5,1653.6,251533
1726722900,1653.6,1659.0,1649.25,1656.3,108682
1726725600,1656.3,1668.0,1651.2,1664.05,115475
1726728300,1664.45,1666.55,1653.0,1654.8,113697
1726731000,1654.8,1655.55,1639.15,1642.5,144856
1726733700,1642.0,1642.55,1638.35,1641.4,80810
1726736400,1640.7,1642.0,1633.55,1641.15,317196
1726739100,1641.15,1642.0,1632.75,1642.0,339597
1726803900,1645.9,1650.05,1609.8,1623.8,331369
1726806600,1623.75,1628.85,1616.0,1620.9,336648
1726809300,1621.0,1635.85,1620.0,1626.6,128498
1726812000,1626.1,1634.4,1624.5,1631.45,80154
1726814700,1631.45,1642.45,1628.05,1638.25,135766
1726817400,1638.25,1651.0,1635.15,1643.2,235819
1726820100,1641.3,1650.55,1635.4,1649.6,284515
1726822800,1649.9,1652.6,1633.15,1637.9,631219
1726825500,1637.9,1647.4,1637.15,1644.05,340254
1727063100,1646.85,1664.85,1641.6,1659.55,192544
1727065800,1659.65,1662.3,1650.0,1650.0,79293
1727068500,1650.75,1652.55,1641.1,1642.15,103784
1727071200,1642.2,1648.65,1638.0,1646.95,253854
1727073900,1646.95,1652.75,1643.05,1652.65,93706
1727076600,1652.7,1656.4,1650.05,1654.0,99528
1727079300,1654.5,1657.8,1652.05,1653.95,63150
1727082000,1654.0,1660.5,1650.2,1658.5,147369
1727084700,1658.7,1661.65,1655.05,1658.55,96145
1727149500,1625.0,1659.6,1624.95,1648.55,327587
1727152200,1648.5,1652.65,1646.0,1651.0,68132
1727154900,1651.0,1657.0,1650.0,1652.6,73351
1727157600,1652.7,1654.95,1648.2,1650.0,89562
1727160300,1649.95,1651.3,1646.35,1646.95,210810
1727163000,1646.95,1648.0,1640.35,1641.55,154511
1727165700,1641.55,1644.9,1638.2,1639.7,143741
1727168400,1639.7,1642.4,1635.3,1637.95,215980
1727171100,1637.9,1641.8,1634.0,1638.95,192500
1727235900,1638.0,1645.35,1628.85,1632.45,107350
1727238600,1632.4,1633.9,1618.75,1620.95,83896
1727241300,1620.35,1629.0,1619.0,1629.0,52789
1727244000,1628.75,1630.0,1618.25,1619.75,82480
1727246700,1619.7,1627.95,1618.25,1623.5,55774
1727249400,1623.3,1627.0,1620.3,1622.95,36566
1727252100,1623.25,1631.25,1622.4,1629.55,54077
1727254800,1629.55,1645.5,1626.5,1644.0,179600
1727257500,1644.05,1649.0,1640.55,1648.0,107101
1727322300,1643.2,1652.45,1638.4,1642.65,152885
1727325000,1642.65,1645.65,1636.1,1642.3,78111
1727327700,1642.3,1644.35,1633.5,1636.2,79819
1727330400,1636.2,1637.35,1617.25,1618.4,322697
1727333100,1619.0,1621.9,1613.0,1615.6,195432
1727335800,1615.6,1616.05,1602.3,1605.0,318837
1727338500,1605.0,1612.0,1605.0,1610.7,249128
1727341200,1610.7,1624.95,1610.0,1621.65,630774
1727343900,1621.7,1625.85,1615.75,1619.0,585127
1727408700,1630.15,1647.5,1630.0,1639.85,395783
1727411400,1639.95,1640.7,1634.75,1638.9,121360
1727414100,1639.3,1649.0,1639.05,1644.05,656664
1727416800,1644.45,1661.7,1643.25,1658.5,394521
1727419500,1658.5,1672.45,1657.75,1664.8,321571
1727422200,1664.35,1667.65,1659.4,1667.15,174882
1727424900,1667.15,1667.15,1656.7,1660.0,264937
1727427600,1660.0,1676.0,1657.3,1675.9,859368
1727430300,1676.0,1679.05,1666.15,1670.0,675715
1727667900,1675.0,1678.9,1655.0,1668.75,295288
1727670600,1668.1,1669.2,1649.55,1652.3,133232
1727673300,1652.3,1654.0,1646.3,1649.9,67827
1727676000,1649.85,1658.3,1649.15,1652.95,86529
1727678700,1653.0,1657.0,1650.0,1656.55,50861
1727681400,1656.55,1660.95,1653.8,1654.4,83232
1727684100,1654.0,1658.0,1651.3,1655.4,69258
1727686800,1655.4,1657.35,1650.0,1653.65,290073
1727689500,1653.9,1659.25,1652.1,1655.0,237068
1727754300,1660.0,1665.0,1653.15,1662.9,141672
1727757000,1663.3,1666.0,1657.8,1658.9,166571
1727759700,1658.9,1660.0,1652.25,1654.0,130831
1727762400,1653.65,1663.25,1651.55,1662.7,83153
1727765100,1662.7,1667.05,1652.9,1654.05,97721
1727767800,1653.8,1658.15,1652.65,1653.55,74097
1727770500,1653.4,1656.95,1653.0,1656.65,49584
1727773200,1656.1,1666.45,1655.1,1666.35,124744
1727775900,1666.4,1666.75,1660.35,1663.95,77320
1727927100,1661.25,1664.85,1640.35,1660.7,213245
1727929800,1660.7,1673.0,1658.1,1666.0,148672
1727932500,1666.0,1678.0,1660.05,1661.15,171885
1727935200,1661.1,1664.55,1656.15,1659.55,104567
1727937900,1658.95,1663.35,1655.5,1661.5,106208
1727940600,1661.5,1665.65,1655.95,1657.9,117496
1727943300,1657.5,1662.45,1654.25,1657.0,195208
1727946000,1657.0,1660.5,1651.65,1657.05,320717
1727948700,1657.05,1658.45,1653.15,1658.0,155474
1728013500,1645.1,1656.4,1626.7,1635.65,207248
1728016200,1636.15,1642.0,1628.0,1634.9,121695
1728018900,1634.8,1636.45,1630.8,1631.9,78831
1728021600,1631.9,1634.9,1629.95,1631.25,77952
1728024300,1631.25,1636.95,1629.45,1631.4,127708
1728027000,1631.55,1633.2,1622.6,1628.9,205868
1728029700,1628.9,1628.9,1577.3,1585.15,936551
1728032400,1584.6,1628.1,1584.6,1623.05,480610
1728035100,1622.85,1626.0,1620.05,1625.0,134734
1728272700,1623.0,1639.95,1612.05,1638.05,230545
1728275400,1638.05,1644.85,1631.0,1633.9,145545
1728278100,1633.6,1642.35,1626.4,1640.8,149392
1728280800,1641.0,1642.5,1632.75,1634.85,218662
1728283500,1635.05,1639.75,1628.9,1631.95,184123
1728286200,1632.7,1633.9,1622.75,1627.25,205877
1728288900,1627.25,1628.25,1617.35,1618.4,105237
1728291600,1618.1,1627.45,1618.0,1625.45,200420
1728294300,1625.65,1627.85,1621.75,1624.0,113364
1728359100,1624.65,1647.4,1623.85,1644.15,201926
1728361800,1643.65,1651.45,1636.75,1649.0,109905
1728364500,1649.85,1653.2,1643.0,1649.75,122677
1728367200,1649.7,1652.0,1644.45,1649.85,87059
1728369900,1649.85,1652.85,1645.15,1648.7,73703
1728372600,1648.7,1652.4,1646.6,1648.75,100453
1728375300,1648.75,1651.35,1645.95,1650.35,53963
1728378000,1650.35,1651.0,1636.3,1638.75,325611
1728380700,1638.6,1645.0,1638.45,1639.9,164447
1728445500,1630.5,1674.45,1630.5,1665.1,307533
1728448200,1665.1,1678.0,1659.75,1672.9,182148
1728450900,1672.5,1672.9,1663.05,1664.35,81225
1728453600,1664.35,1670.0,1662.95,1664.05,91213
1728456300,1663.9,1668.95,1663.05,1667.25,57789
1728459000,1667.25,1682.0,1666.95,1681.3,163967
1728461700,1681.4,1702.05,1681.4,1688.75,443447
1728464400,1688.8,1694.0,1678.2,1678.95,238026
1728467100,1678.95,1685.0,1678.5,1683.0,106282
1728531900,1693.95,1694.0,1650.6,1659.0,454906
1728534600,1659.0,1666.15,1654.15,1658.4,198074
1728537300,1658.5,1663.0,1651.0,1651.0,135462
1728540000,1651.0,1651.65,1644.0,1647.2,164183
1728542700,1647.2,1647.3,1639.1,1644.75,196970
1728545400,1644.75,1645.8,1622.55,1626.85,255241
1728548100,1626.9,1629.55,1618.3,1621.85,239004
1728550800,1621.9,1628.0,1614.1,1619.4,510000
1728553500,1619.35,1624.55,1617.1,1623.9,134403
1728618300,1602.1,1613.8,1573.75,1594.0,739079
1728621000,1594.2,1603.75,1591.45,1599.6,162304
1728623700,1599.8,1602.25,1593.0,1597.8,107671
1728626400,1597.8,1598.1,1590.0,1593.65,100640
1728629100,1593.35,1601.2,1592.5,1595.9,122789
1728631800,1595.9,1603.1,1594.05,1600.8,134986
1728634500,1601.15,1609.9,1600.05,1604.85,176424
1728637200,1605.5,1606.35,1593.9,1594.35,212528
1728639900,1593.6,1597.55,1593.0,1594.3,137766
1728877500,1600.0,1605.95,1577.5,1588.3,440908
1728880200,1588.3,1595.55,1580.25,1582.05,188377
1728882900,1582.05,1584.3,1571.05,1579.6,181616
1728885600,1579.8,1586.0,1577.0,1584.9,176907
1728888300,1584.3,1585.0,1576.1,1578.1,134854
1728891000,1578.05,1584.2,1577.6,1581.9,173785
1728893700,1582.0,1599.95,1580.5,1597.95,340734
1728896400,1598.0,1600.6,1593.35,1600.3,507307
1728899100,1600.5,1603.85,1600.0,1601.0,156734
1728963900,1601.9,1604.95,1590.0,1591.35,281953
1728966600,1591.25,1592.35,1580.9,1585.7,149638
1728969300,1585.75,1590.95,1584.4,1585.35,101371
1728972000,1585.35,1587.0,1582.1,1583.55,93951
1728974700,1583.55,1587.0,1582.5,1584.6,86765
1728977400,1584.1,1585.6,1576.65,1579.15,231907
1728980100,1579.15,1580.55,1572.8,1574.3,242684
1728982800,1573.6,1578.75,1570.0,1570.6,604982
1728985500,1570.8,1572.65,1568.0,1568.0,413057
1729050300,1561.4,1573.0,1560.55,1567.1,354210
1729053000,1567.25,1572.5,1564.4,1565.1,203241
1729055700,1565.05,1566.5,1556.1,1558.5,214218
1729058400,1558.75,1560.25,1551.55,1552.95,344475
1729061100,1552.85,1563.85,1550.4,1560.35,217682
1729063800,1560.15,1560.85,1554.65,1557.75,370498
1729066500,1557.5,1562.55,1555.75,1560.2,288788
1729069200,1560.25,1564.8,1558.0,1562.75,342967
1729071900,1562.7,1564.0,1558.7,1563.0,182443
1729136700,1562.2,1578.7,1560.0,1577.0,281254
1729139400,1577.0,1578.45,1562.65,1567.9,224613
1729142100,1567.9,1569.95,1556.0,1557.35,180786
1729144800,1557.3,1568.85,1557.3,1563.0,161627
1729147500,1563.0,1566.8,1562.9,1564.0,118562
1729150200,1563.95,1564.7,1555.2,1558.7,90366
1729152900,1558.7,1561.1,1552.15,1559.4,116276
1729155600,1559.4,1562.15,1554.45,1560.2,178309
1729158300,1560.2,1561.05,1555.0,1556.5,146388
1729223100,1549.05,1553.95,1536.35,1547.25,304146
1729225800,1547.25,1557.25,1544.5,1554.8,148701
1729228500,1554.8,1555.9,1539.35,1542.9,215078
1729231200,1542.8,1548.65,1538.1,1546.05,275965
1729233900,1546.1,1558.3,1545.65,1551.4,154605
1729236600,1551.4,1553.1,1548.6,1552.0,113586
1729239300,1552.0,1562.05,1551.25,1561.0,140468
1729242000,1561.0,1561.45,1549.6,1551.4,360219
1729244700,1551.4,1554.25,1549.5,1552.0,166346
1729482300,1552.0,1561.25,1538.55,1540.05,199318
1729485000,1540.55,1547.5,1533.5,1535.65,227418
1729487700,1535.2,1537.55,1531.1,1534.7,188601
1729490400,1534.75,1535.15,1527.95,1528.5,105462
1729493100,1529.15,1531.65,1525.3,1526.0,79220
1729495800,1526.5,1530.5,1524.0,1525.3,93995
1729498500,1525.25,1527.8,1521.55,1522.15,124740
1729501200,1522.15,1526.0,1521.85,1524.7,165597
1729503900,1524.7,1525.15,1517.15,1518.8,113497
1729568700,1523.0,1525.7,1513.0,1524.0,284366
1729571400,1523.9,1526.7,1501.5,1502.95,212313
1729574100,1502.95,1514.9,1501.5,1512.55,272882
1729576800,1512.6,1513.5,1503.0,1508.35,166759
1729579500,1508.65,1510.7,1504.0,1507.8,115020
1729582200,1507.8,1513.9,1504.25,1513.25,96488
1729584900,1513.25,1519.35,1510.05,1510.55,154671
1729587600,1510.55,1513.8,1506.35,1507.2,316287
1729590300,1507.25,1512.6,1507.1,1510.85,138923
1729655100,1504.75,1514.1,1493.0,1506.45,518798
1729657800,1506.25,1511.75,1503.3,1503.3,115165
1729660500,1503.05,1511.75,1501.0,1511.35,190348
1729663200,1511.35,1513.0,1507.0,1510.45,164500
1729665900,1510.35,1511.2,1504.55,1507.0,127880
1729668600,1507.3,1508.65,1503.5,1503.95,119117
1729671300,1503.8,1503.95,1491.15,1492.5,177435
1729674000,1491.95,1493.95,1483.0,1483.3,327930
1729676700,1483.15,1487.45,1482.3,1487.45,184016
1729741500,1496.0,1508.0,1491.05,1504.9,200264
1729744200,1505.2,1507.4,1498.0,1498.8,86312
1729746900,1498.8,1499.85,1494.05,1497.45,69574
1729749600,1497.55,1498.85,1486.35,1489.5,92010
1729752300,1490.25,1492.05,1487.15,1488.4,55756
1729755000,1488.15,1488.9,1482.05,1487.15,64799
1729757700,1487.15,1496.0,1486.75,1494.65,235576
1729760400,1494.7,1498.0,1489.1,1493.95,244205
1729763100,1493.65,1495.85,1491.0,1494.95,129850
1729827900,1492.3,1506.75,1485.45,1485.95,341260
1729830600,1485.75,1489.4,1478.8,1484.2,136282
1729833300,1483.95,1494.95,1479.5,1488.9,221724
1729836000,1488.9,1492.15,1485.0,1485.9,55368
1729838700,1486.55,1488.45,1481.3,1485.95,50410
1729841400,1485.8,1486.45,1481.8,1483.75,35435
1729844100,1483.75,1485.0,1479.1,1481.75,91889
1729846800,1482.2,1490.45,1480.3,1488.9,155235
1729849500,1488.95,1490.55,1486.0,1486.65,87322
1730087100,1496.8,1500.4,1471.7,1480.0,224291
1730089800,1480.45,1498.7,1474.35,1497.5,135848
1730092500,1497.35,1498.9,1493.7,1496.55,72999
1730095200,1496.25,1499.75,1492.25,1499.05,74503
1730097900,1498.6,1503.8,1496.65,1500.05,68743
1730100600,1500.05,1506.95,1499.25,1506.45,48189
1730103300,1506.45,1506.9,1501.4,1503.55,47875
1730106000,1503.5,1513.2,1500.8,1500.9,161420
1730108700,1500.5,1508.1,1499.95,1507.1,94633
1730173500,1510.0,1517.15,1450.5,1462.4,856116
1730176200,1463.15,1474.75,1450.0,1468.5,338011
1730178900,1466.85,1472.4,1454.8,1456.8,235009
1730181600,1457.45,1474.55,1455.65,1469.7,212900
1730184300,1469.65,1477.8,1466.7,1473.8,117178
1730187000,1473.75,1476.45,1464.55,1466.4,154083
1730189700,1466.35,1491.75,1460.5,1478.3,785742
1730192400,1478.05,1486.85,1468.75,1478.4,566969
1730195100,1478.6,1480.0,1474.3,1479.0,208783
1730259900,1440.0,1440.0,1403.0,1419.35,1584765
1730262600,1419.3,1424.9,1414.0,1417.05,495591
1730265300,1417.05,1423.0,1416.0,1418.5,352293
1730268000,1418.8,1425.0,1418.0,1424.0,346595
1730270700,1424.0,1425.95,1423.0,1425.0,330394
1730273400,1424.5,1426.95,1417.7,1421.25,410447
1730276100,1421.25,1421.95,1416.2,1419.55,430918
1730278800,1419.8,1424.0,1419.0,1419.9,615984
1730281500,1419.75,1419.95,1415.05,1418.0,496678
1730346300,1560.05,1560.05,1520.0,1529.1,6009128
1730349000,1528.65,1540.65,1518.05,1537.95,1872237
1730351700,1537.3,1558.45,1534.1,1558.25,2203129
1730354400,1558.35,1564.3,1554.2,1559.8,1552639
1730357100,1559.5,1565.95,1553.5,1561.05,1765965
1730359800,1560.4,1562.7,1556.0,1559.25,792478
1730362500,1559.55,1563.8,1554.55,1558.2,1074272
1730365200,1558.2,1559.7,1549.3,1555.2,1449374
1730367900,1554.9,1560.6,1547.0,1553.0,728051
1730462400,1565.1,1573.45,1555.0,1569.05,244689
1730465100,1569.6,1569.75,1551.75,1560.0,293413
1730691900,1584.0,1602.95,1563.0,1580.45,1286638
1730694600,1580.85,1580.85,1571.85,1575.25,447293
1730697300,1575.5,1577.6,1572.3,1574.85,397136
1730700000,1574.8,1583.75,1574.0,1581.45,259861
1730702700,1580.9,1583.5,1579.15,1582.05,260760
1730705400,1582.05,1586.95,1580.0,1582.65,386126
1730708100,1582.8,1587.5,1582.0,1586.75,205296
1730710800,1586.9,1588.1,1581.0,1585.0,611039
1730713500,1585.05,1586.0,1580.0,1584.0,336021
