datetime,open,high,low,close,volume
1601264700,803.0,805.45,800.0,802.9,53200
1601265000,803.45,805.0,802.7,804.15,22569
1601265300,804.35,806.4,803.0,804.75,28700
1601265600,804.75,806.25,804.25,805.8,16390
1601265900,805.3,807.85,805.05,806.5,32562
1601266200,806.1,808.0,805.0,806.05,30849
1601266500,805.9,808.9,804.45,808.25,31329
1601266800,808.25,809.0,806.4,808.4,22738
1601267100,808.3,809.85,807.5,809.5,27052
1601267400,809.5,809.9,807.05,807.5,18619
1601267700,807.6,811.45,806.2,810.8,35921
1601268000,810.15,811.35,809.85,810.15,15676
1601268300,810.3,810.45,808.3,808.65,10774
1601268600,808.65,809.0,806.55,808.9,8394
1601268900,808.45,810.2,808.15,808.6,15261
1601269200,808.2,809.0,806.7,807.55,7499
1601269500,807.55,808.35,805.1,805.4,39222
1601269800,805.5,806.2,804.9,805.0,32375
1601270100,805.0,807.1,804.9,806.5,9083
1601270400,806.5,807.45,806.5,807.0,4331
1601270700,807.0,807.45,806.6,807.05,7295
1601271000,807.05,807.4,807.05,807.3,4457
1601271300,807.5,810.85,807.35,810.2,17657
1601271600,810.2,810.5,808.15,808.5,21504
1601271900,808.9,808.95,806.6,806.6,4361
1601272200,806.9,807.45,806.15,806.6,3521
1601272500,806.6,807.45,806.6,806.6,7958
1601272800,806.6,806.95,804.85,804.9,10824
1601273100,805.0,806.95,805.0,806.2,4483
1601273400,806.5,806.5,805.0,805.65,4821
1601273700,805.65,806.0,803.75,806.0,14224
1601274000,805.95,807.55,805.95,807.35,7768
1601274300,807.35,807.8,805.5,805.55,15250
1601274600,805.55,806.45,805.05,805.45,4927
1601274900,805.45,807.0,805.45,806.4,5404
1601275200,806.4,807.9,806.4,807.85,5848
1601275500,807.9,810.4,807.5,810.0,11074
1601275800,810.0,810.8,809.5,809.5,10970
1601276100,809.85,810.4,809.3,809.8,6236
1601276400,809.8,810.7,809.1,810.0,8082
1601276700,810.0,810.25,807.7,808.35,8520
1601277000,808.35,812.8,807.45,812.65,29501
1601277300,812.7,812.7,810.0,810.75,11964
1601277600,810.75,811.0,809.25,810.75,4710
1601277900,810.75,811.5,810.0,811.5,4874
1601278200,811.5,811.5,810.05,810.25,3081
1601278500,810.25,811.0,810.0,810.0,4947
1601278800,810.0,810.85,810.0,810.25,5589
1601279100,810.2,810.75,809.2,810.5,7067
1601279400,810.5,812.0,809.9,811.55,13535
1601279700,811.55,814.8,811.3,814.3,23008
1601280000,814.3,815.25,811.6,812.25,25849
1601280300,812.25,813.25,811.35,811.8,7104
1601280600,811.8,812.35,811.05,811.7,8111
1601280900,811.7,812.3,810.0,810.5,6739
1601281200,810.8,810.8,810.1,810.3,6671
1601281500,810.3,810.8,809.5,810.3,6820
1601281800,810.0,810.8,810.0,810.8,12661
1601282100,810.8,810.8,809.35,810.0,6932
1601282400,810.0,810.45,809.5,809.9,3007
1601282700,809.9,811.4,809.45,810.75,6746
1601283000,810.75,810.75,810.0,810.0,2333
1601283300,810.1,810.6,808.0,810.0,15111
1601283600,810.0,810.85,809.0,809.0,4619
1601283900,809.0,809.6,808.3,808.95,6857
1601284200,809.5,809.5,807.1,808.35,19763
1601284500,808.95,809.3,807.75,809.15,8085
1601284800,809.25,810.9,808.55,809.55,13665
1601285100,810.25,811.2,809.4,809.9,13896
1601285400,810.6,812.85,809.7,811.1,26377
1601285700,812.0,813.0,811.8,812.85,25598
1601286000,812.85,813.1,811.6,812.85,16149
1601286300,813.1,813.85,811.25,812.8,32848
1601286600,813.4,813.4,811.35,811.5,21642
1601286900,811.7,816.25,811.1,815.9,53701
1601351100,819.0,826.45,816.2,825.3,111288
1601351400,825.25,827.0,823.1,826.95,57684
1601351700,826.9,831.4,826.9,830.4,115425
1601352000,830.0,831.1,827.1,827.6,77730
1601352300,827.6,827.95,823.8,824.55,48541
1601352600,824.55,824.9,821.0,822.8,40764
1601352900,822.6,823.6,819.5,821.2,61892
1601353200,820.7,821.95,817.55,819.65,35965
1601353500,819.65,819.9,815.3,817.85,28273
1601353800,817.85,817.85,813.2,814.35,17349
1601354100,814.3,815.9,810.8,815.75,36479
1601354400,815.75,820.0,815.05,819.6,36516
1601354700,819.6,820.7,819.0,819.0,32448
1601355000,819.25,819.9,818.95,819.5,6432
1601355300,819.5,819.5,816.15,816.15,20207
1601355600,816.35,817.65,815.4,816.0,8199
1601355900,816.0,816.45,814.4,814.7,15935
1601356200,814.7,816.25,814.7,814.7,3961
1601356500,814.7,814.7,811.2,812.15,16314
1601356800,812.15,813.55,811.0,813.55,9434
1601357100,813.5,815.55,813.35,814.0,12499
1601357400,814.0,814.5,808.5,809.0,33358
1601357700,809.0,810.3,807.35,809.4,18315
1601358000,809.4,810.0,808.25,809.75,11806
1601358300,809.75,810.0,808.95,809.0,6616
1601358600,809.0,810.0,808.4,809.95,4804
1601358900,809.8,810.0,808.5,809.2,7961
1601359200,808.9,809.6,808.0,809.5,6854
1601359500,809.5,809.55,808.8,809.45,3702
1601359800,809.45,810.65,809.45,810.05,16457
1601360100,810.0,810.0,808.0,808.0,3939
1601360400,808.0,809.5,808.0,809.25,4446
1601360700,809.25,811.3,809.25,810.4,17811
1601361000,810.4,811.6,810.05,810.4,6279
1601361300,810.4,811.3,810.4,811.05,3334
1601361600,811.05,811.4,810.4,811.3,7665
1601361900,811.3,811.7,810.55,811.65,5043
1601362200,811.65,813.3,811.25,812.45,4360
1601362500,812.5,812.5,811.1,811.3,3218
1601362800,811.3,811.45,810.3,811.1,8148
1601363100,811.1,811.3,810.5,811.0,4042
1601363400,811.0,811.1,810.55,811.0,14176
1601363700,811.0,812.4,810.7,811.05,15987
1601364000,811.0,812.1,810.6,812.1,5788
1601364300,812.0,812.25,810.6,810.6,3030
1601364600,810.6,810.85,808.1,810.3,12854
1601364900,810.3,811.0,810.0,810.3,2595
1601365200,810.3,810.6,809.65,810.3,8353
1601365500,810.3,810.6,808.5,810.6,26184
1601365800,810.6,810.6,810.0,810.0,2524
1601366100,810.0,811.15,809.6,810.0,3556
1601366400,810.0,810.75,809.6,810.75,3870
1601366700,810.75,810.75,809.9,810.0,1595
1601367000,810.0,810.5,809.1,809.6,12294
1601367300,809.6,810.65,809.6,810.6,4332
1601367600,810.6,810.6,809.2,809.8,6946
1601367900,809.8,810.3,807.6,809.1,31813
1601368200,809.1,809.9,808.8,808.85,12530
1601368500,808.5,809.6,808.45,809.2,5754
1601368800,809.2,810.0,809.2,809.55,4545
1601369100,809.55,811.95,809.55,810.15,6546
1601369400,810.15,810.75,809.35,810.3,9301
1601369700,810.3,810.6,809.4,809.5,9178
1601370000,809.5,810.45,809.35,809.6,5403
1601370300,809.6,810.2,809.5,809.75,7037
1601370600,809.75,810.2,809.55,809.7,4838
1601370900,809.7,810.2,809.5,810.0,9332
1601371200,810.0,810.55,809.15,809.3,14262
1601371500,810.2,810.2,808.45,808.6,32453
1601371800,808.65,810.7,808.6,810.4,71032
1601372100,810.4,812.05,810.0,810.0,61871
1601372400,810.0,811.0,809.25,809.75,75990
1601372700,809.8,811.1,809.3,810.85,85777
1601373000,810.9,811.05,804.1,804.1,78508
1601373300,804.0,808.2,802.1,808.2,43103
1601437500,809.4,811.2,802.4,807.9,29557
1601437800,807.9,809.65,807.1,808.7,10196
1601438100,808.7,812.95,808.6,810.95,18653
1601438400,810.95,812.0,809.65,811.8,9228
1601438700,811.8,813.95,810.0,813.0,14336
1601439000,813.0,813.25,808.95,809.0,7419
1601439300,809.0,812.85,808.85,812.0,10563
1601439600,812.0,812.0,809.55,809.55,3078
1601439900,809.55,813.9,808.4,810.0,13090
1601440200,810.0,810.0,808.0,808.8,7298
1601440500,808.8,811.0,808.8,810.3,2707
1601440800,810.3,810.7,808.0,809.15,3293
1601441100,809.25,809.9,808.05,809.3,3535
1601441400,809.35,809.55,808.0,809.0,1610
1601441700,809.45,811.1,809.0,810.5,4290
1601442000,810.5,811.2,808.0,808.45,6314
1601442300,808.5,810.5,808.1,810.5,3089
1601442600,810.5,810.75,808.2,808.5,2980
1601442900,808.5,810.2,808.25,808.3,3075
1601443200,808.3,809.75,808.1,808.15,3101
1601443500,808.15,809.1,808.1,808.25,1155
1601443800,808.25,808.5,805.2,807.4,8248
1601444100,807.4,808.35,806.2,808.0,2056
1601444400,808.0,811.1,808.0,809.3,12300
1601444700,809.3,810.0,809.0,809.1,1440
1601445000,809.1,809.55,808.0,808.8,1025
1601445300,808.8,809.8,808.15,808.15,1731
1601445600,807.5,807.5,805.5,806.0,4300
1601445900,806.0,806.2,805.05,805.5,5906
1601446200,805.5,808.45,805.0,808.1,6632
1601446500,808.0,808.0,806.1,806.85,6149
1601446800,806.85,807.85,806.55,806.75,8717
1601447100,806.75,807.5,806.15,806.15,7626
1601447400,806.15,807.5,806.0,807.0,6385
1601447700,807.0,808.25,806.5,807.5,6149
1601448000,808.25,808.65,806.9,807.55,1576
1601448300,807.55,808.15,806.9,807.35,1032
1601448600,807.35,807.35,806.25,806.75,4752
1601448900,806.75,807.5,806.75,806.75,2803
1601449200,807.25,807.95,806.55,807.9,3505
1601449500,807.9,809.0,807.05,808.3,5257
1601449800,808.3,808.7,806.65,807.55,10861
1601450100,808.0,808.55,806.65,807.85,4310
1601450400,807.85,808.55,807.5,807.8,2606
1601450700,807.8,808.2,807.25,807.3,1838
1601451000,807.3,807.8,806.7,807.5,7364
1601451300,807.5,808.6,806.25,807.55,4631
1601451600,807.5,808.5,807.0,807.7,2831
1601451900,807.7,808.95,807.0,808.95,9448
1601452200,808.95,809.8,808.0,809.55,3523
1601452500,809.55,809.8,808.0,808.0,1489
1601452800,807.8,808.3,807.5,808.05,2598
1601453100,808.05,808.4,807.25,807.45,2625
1601453400,807.25,807.65,806.25,807.0,9772
1601453700,807.0,807.65,806.8,807.25,787
1601454000,807.25,807.9,806.35,806.8,1987
1601454300,806.8,808.3,806.25,808.3,4890
1601454600,808.3,809.0,808.0,808.05,3158
1601454900,808.05,810.0,807.55,810.0,6223
1601455200,809.5,809.5,806.75,807.7,10301
1601455500,807.7,808.5,807.7,807.8,2952
1601455800,807.75,808.4,807.75,807.9,2719
1601456100,807.9,808.65,807.75,808.45,459
1601456400,808.45,812.0,807.95,811.8,16405
1601456700,811.65,813.9,810.5,813.3,28811
1601457000,813.05,814.3,812.0,812.65,19915
1601457300,812.65,814.55,811.0,813.75,31024
1601457600,814.0,814.0,811.0,812.4,17878
1601457900,812.0,813.9,811.5,813.9,27054
1601458200,813.65,813.8,809.0,810.95,55364
1601458500,811.7,813.5,810.65,812.8,28255
1601458800,812.8,813.55,811.6,812.2,29647
1601459100,812.25,813.0,811.2,811.5,26299
1601459400,812.05,812.05,810.0,810.5,38432
1601459700,810.5,812.4,808.1,808.1,27743
1601523900,817.0,817.0,807.65,812.0,55100
1601524200,812.4,815.0,810.65,813.7,33030
1601524500,813.4,814.0,811.1,812.75,20472
1601524800,812.75,817.2,812.15,816.35,23464
1601525100,816.3,816.95,813.15,814.9,15015
1601525400,814.9,815.0,812.2,812.45,6063
1601525700,812.45,815.75,812.45,815.0,7747
1601526000,815.0,815.0,812.1,813.4,10483
1601526300,813.4,813.5,812.05,812.4,5825
1601526600,812.4,814.95,812.05,812.95,12774
1601526900,812.95,814.5,812.85,814.4,7549
1601527200,814.4,815.5,814.2,814.5,8989
1601527500,814.5,815.45,814.15,814.85,5908
1601527800,814.85,818.45,814.7,818.0,14339
1601528100,818.0,820.0,816.45,818.55,29441
1601528400,818.55,820.5,817.5,817.95,20370
1601528700,817.95,818.95,817.6,818.2,7671
1601529000,818.3,819.8,818.0,819.75,5350
1601529300,819.75,819.75,818.2,819.45,5489
1601529600,819.2,819.4,817.2,817.2,10317
1601529900,817.2,818.35,816.8,818.05,5210
1601530200,818.05,818.55,817.4,817.85,6017
1601530500,817.85,819.0,817.6,818.15,5862
1601530800,818.15,818.2,817.25,817.25,3959
1601531100,817.8,817.8,815.15,815.25,12975
1601531400,815.15,818.75,814.3,818.75,12721
1601531700,818.75,820.9,818.55,820.6,26862
1601532000,820.6,821.95,819.65,820.1,21939
1601532300,820.1,821.05,817.7,819.8,18583
1601532600,819.8,820.5,818.4,819.55,9018
1601532900,819.55,821.55,819.35,821.1,17894
1601533200,821.25,821.5,820.05,821.0,5084
1601533500,821.0,821.3,820.0,821.0,4537
1601533800,821.2,822.4,821.0,821.65,9905
1601534100,821.65,823.85,821.2,823.25,12723
1601534400,823.25,824.65,823.25,824.1,18328
1601534700,824.25,824.95,822.85,824.35,20083
1601535000,824.35,824.35,822.2,822.95,8894
1601535300,822.95,823.0,821.95,822.0,9397
1601535600,822.0,822.3,821.3,822.15,7905
1601535900,822.15,823.6,822.1,823.6,7429
1601536200,823.6,823.95,822.5,823.5,6471
1601536500,823.5,824.45,822.3,824.25,6755
1601536800,823.8,824.65,823.3,824.05,11293
1601537100,824.05,824.35,823.05,823.95,7376
1601537400,823.95,824.3,821.7,822.4,4820
1601537700,822.4,822.4,820.5,821.0,9779
1601538000,821.0,821.9,820.75,821.05,6298
1601538300,821.05,822.0,820.95,821.7,8029
1601538600,821.7,821.85,820.6,821.5,7958
1601538900,821.5,822.5,821.25,822.4,7221
1601539200,822.35,824.0,821.7,821.7,11529
1601539500,821.7,823.35,821.05,821.9,7626
1601539800,821.9,822.95,821.2,822.9,9640
1601540100,822.95,822.95,821.3,821.95,5851
1601540400,821.95,822.95,821.05,821.6,6781
1601540700,821.6,823.05,821.05,823.05,9708
1601541000,823.05,824.1,823.05,823.35,8549
1601541300,823.55,823.65,821.95,823.0,5637
1601541600,823.0,823.4,822.1,822.7,7652
1601541900,822.7,823.95,822.7,823.7,10736
1601542200,823.7,823.9,822.55,823.8,4162
1601542500,823.85,823.9,823.0,823.3,7116
1601542800,823.3,823.7,822.5,822.5,4220
1601543100,822.5,824.1,822.25,823.2,13209
1601543400,823.65,823.95,822.5,823.15,5387
1601543700,823.15,823.25,821.7,822.8,7354
1601544000,822.8,823.65,822.5,823.55,5758
1601544300,823.4,824.0,823.0,823.85,5994
1601544600,823.85,824.1,823.0,823.0,14901
1601544900,823.25,823.45,816.05,817.75,59313
1601545200,817.7,819.8,817.5,819.55,21245
1601545500,819.4,819.5,816.1,818.1,29642
1601545800,818.05,820.65,816.6,820.35,29286
1601546100,820.25,820.9,818.4,819.4,21168
1601869500,822.0,822.9,815.0,819.1,31957
1601869800,818.5,823.6,817.1,820.6,25217
1601870100,820.6,826.5,820.0,822.9,24764
1601870400,822.9,825.75,820.85,825.75,36678
1601870700,825.75,826.15,822.5,824.3,18422
1601871000,824.3,826.6,824.1,825.15,9928
1601871300,825.15,825.15,823.15,824.5,4111
1601871600,824.5,825.2,823.05,823.9,5723
1601871900,823.9,825.6,823.9,824.65,5609
1601872200,824.5,825.35,823.05,824.15,10488
1601872500,824.2,824.5,823.05,823.9,5679
1601872800,823.9,823.95,822.5,823.2,5344
1601873100,823.6,825.5,823.2,824.75,3770
1601873400,824.75,826.0,823.6,825.45,8045
1601873700,825.95,826.15,823.7,826.0,10743
1601874000,826.0,826.2,824.5,824.6,4648
1601874300,824.6,827.85,824.6,827.0,7269
1601874600,827.0,828.75,826.6,828.2,4844
1601874900,828.2,829.1,827.55,828.0,7559
1601875200,828.0,828.85,827.45,827.45,10742
1601875500,827.85,827.95,826.65,827.8,4557
1601875800,827.8,828.6,826.65,828.0,6024
1601876100,828.0,830.0,827.75,828.5,8699
1601876400,828.35,829.4,827.95,829.4,2912
1601876700,829.4,831.0,828.3,829.1,11191
1601877000,829.5,831.55,828.75,829.6,8014
1601877300,829.0,831.95,829.0,831.4,5877
1601877600,831.4,833.25,830.2,831.0,11693
1601877900,831.0,833.0,830.75,831.2,11068
1601878200,831.0,831.7,829.0,830.8,13893
1601878500,830.65,830.75,828.6,830.0,13617
1601878800,830.0,831.8,828.6,830.15,14356
1601879100,830.15,832.3,829.6,832.0,14538
1601879400,832.0,834.3,831.4,833.25,19024
1601879700,833.25,834.1,830.35,831.6,10760
1601880000,831.6,835.0,831.05,833.0,20670
1601880300,833.0,833.9,832.4,832.4,4460
1601880600,832.4,833.4,831.6,832.15,4444
1601880900,832.15,832.35,831.5,831.85,3369
1601881200,831.85,833.0,831.4,832.35,7261
1601881500,832.35,832.95,831.6,832.05,6083
1601881800,832.05,832.8,829.75,830.0,9739
1601882100,830.55,831.15,830.05,830.9,3461
1601882400,830.9,831.65,830.75,831.35,3040
1601882700,831.35,833.2,830.05,830.05,9589
1601883000,830.05,830.85,828.85,829.25,5881
1601883300,829.25,829.8,828.55,829.55,4154
1601883600,829.55,829.65,827.3,828.5,10076
1601883900,828.5,830.9,827.4,827.4,11294
1601884200,827.35,828.0,825.2,826.0,18634
1601884500,826.0,827.45,825.1,825.4,11915
1601884800,825.9,827.6,825.5,827.55,9778
1601885100,827.4,827.7,826.15,826.8,8491
1601885400,826.8,828.35,826.25,827.75,5033
1601885700,827.6,829.45,827.6,828.25,6202
1601886000,828.25,828.85,827.15,827.85,3280
1601886300,827.85,829.6,827.35,829.3,4020
1601886600,829.65,831.1,829.3,830.7,5471
1601886900,830.9,831.35,829.1,830.1,4566
1601887200,830.1,830.9,828.25,828.8,2844
1601887500,828.8,829.15,826.85,827.6,5290
1601887800,827.6,828.25,826.6,827.75,3880
1601888100,827.75,831.45,827.25,829.0,11875
1601888400,829.0,829.0,826.3,826.3,6637
1601888700,826.65,827.15,824.5,825.45,14768
1601889000,825.15,826.5,824.5,825.85,8494
1601889300,825.85,827.65,825.2,827.55,16138
1601889600,827.55,827.55,824.5,825.0,35925
1601889900,824.65,825.0,824.45,824.9,23927
1601890200,824.9,825.95,824.35,824.75,15081
1601890500,824.65,825.75,824.5,825.0,8977
1601890800,824.95,825.6,824.0,824.75,14713
1601891100,825.4,825.4,824.5,824.6,16619
1601891400,825.0,825.7,824.5,824.85,27792
1601891700,824.95,826.95,824.65,826.3,11080
1601955900,826.0,830.3,822.25,828.05,49772
1601956200,828.4,829.8,824.2,827.6,45912
1601956500,827.5,829.95,825.0,829.95,22292
1601956800,829.55,830.8,826.25,826.35,27338
1601957100,826.35,829.3,826.35,829.15,12221
1601957400,829.15,830.0,827.55,829.85,19348
1601957700,829.85,830.1,828.3,829.65,14646
1601958000,829.6,831.45,829.0,830.0,14634
1601958300,830.0,830.2,828.9,829.8,107356
1601958600,829.8,831.95,829.3,831.35,10836
1601958900,831.35,834.65,830.85,832.45,25993
1601959200,832.4,832.4,830.85,831.85,9592
1601959500,831.85,833.8,831.85,833.0,10710
1601959800,833.0,833.0,828.65,830.5,30660
1601960100,830.5,831.35,830.25,830.35,8950
1601960400,830.7,830.7,829.6,830.05,40381
1601960700,830.05,833.5,830.05,833.05,8183
1601961000,833.05,835.15,832.85,835.0,21629
1601961300,835.0,836.0,833.55,834.05,29539
1601961600,834.2,834.2,831.2,831.35,7071
1601961900,831.35,832.0,829.5,831.45,16419
1601962200,831.45,831.85,830.0,830.05,9267
1601962500,830.05,831.8,830.05,830.7,1879
1601962800,830.7,832.85,830.7,832.5,3085
1601963100,832.5,833.0,832.0,832.1,4837
1601963400,832.1,832.8,832.0,832.0,3720
1601963700,832.0,832.25,831.05,831.65,75795
1601964000,831.65,832.2,830.7,831.5,4949
1601964300,831.2,831.85,830.95,831.0,2099
1601964600,831.0,831.2,830.25,831.0,3477
1601964900,831.0,831.35,830.55,830.6,3293
1601965200,830.6,830.9,830.4,830.6,1807
1601965500,830.6,830.85,830.5,830.55,1248
1601965800,830.55,832.0,830.0,831.15,6408
1601966100,831.15,831.2,830.45,830.75,2881
1601966400,830.75,831.0,830.15,830.7,2950
1601966700,830.7,830.75,830.0,830.65,2985
1601967000,830.65,832.3,830.0,830.4,17549
1601967300,830.1,830.75,829.95,830.55,7393
1601967600,830.55,831.35,830.0,830.15,4189
1601967900,830.15,830.15,828.7,829.6,7950
1601968200,829.6,829.65,827.45,828.9,7687
1601968500,828.9,828.9,827.6,828.35,3962
1601968800,828.35,830.9,827.85,830.75,18435
1601969100,830.75,830.9,828.35,829.2,4899
1601969400,829.2,829.5,828.0,828.65,3173
1601969700,828.65,829.3,827.8,828.5,3441
1601970000,828.5,829.25,828.2,829.25,1244
1601970300,829.25,829.9,828.75,829.9,1715
1601970600,829.35,830.0,829.15,830.0,15886
1601970900,829.9,830.0,829.65,829.95,165527
1601971200,829.95,829.95,826.05,827.0,8138
1601971500,827.0,828.15,826.25,828.15,1884
1601971800,828.15,828.35,827.65,827.9,2448
1601972100,827.9,830.0,827.9,830.0,6872
1601972400,830.0,830.0,828.75,829.5,6835
1601972700,829.5,829.6,829.05,829.4,4489
1601973000,829.4,829.75,828.9,829.65,4255
1601973300,829.65,829.7,828.1,828.9,2378
1601973600,828.9,829.3,827.8,828.65,5954
1601973900,828.65,830.5,828.55,830.0,16130
1601974200,830.0,830.55,829.9,830.0,9122
1601974500,830.0,830.25,829.75,830.05,7617
1601974800,830.05,832.7,830.0,830.85,18397
1601975100,830.85,832.6,830.0,832.0,21065
1601975400,832.0,832.25,829.6,829.6,7990
1601975700,829.9,830.0,828.6,828.6,4850
1601976000,829.0,830.0,828.65,828.9,5310
1601976300,828.9,830.0,828.9,828.95,5624
1601976600,828.9,830.8,828.8,830.2,15533
1601976900,830.2,830.6,830.0,830.0,30275
1601977200,830.0,830.1,829.65,830.0,44624
1601977500,830.0,830.05,830.0,830.05,19709
1601977800,830.0,832.0,830.0,830.95,20754
1601978100,830.8,832.0,828.9,830.05,13573
1602042300,832.5,836.0,830.25,830.5,39281
1602042600,830.5,833.45,828.1,833.05,14237
1602042900,833.4,834.95,831.1,831.1,23586
1602043200,831.1,831.7,830.5,830.7,6833
1602043500,830.7,831.3,828.0,830.7,11610
1602043800,830.7,830.7,828.4,830.0,9885
1602044100,830.0,831.85,828.55,828.8,7129
1602044400,829.25,829.7,825.5,825.75,22260
1602044700,825.75,828.0,825.5,827.4,15958
1602045000,827.85,828.0,826.8,826.8,5454
1602045300,826.8,828.6,826.05,827.5,8191
1602045600,827.5,828.0,827.0,828.0,2621
1602045900,828.0,828.6,826.5,828.5,3848
1602046200,828.5,828.5,826.25,828.0,7435
1602046500,828.0,828.9,827.2,828.35,6632
1602046800,828.35,830.5,827.85,829.7,8848
1602047100,829.65,832.45,829.15,831.95,18513
1602047400,832.0,832.0,830.5,830.5,6225
1602047700,830.65,831.9,830.6,831.65,6645
1602048000,831.65,832.0,829.95,831.35,9145
1602048300,831.1,831.45,828.95,829.55,12204
1602048600,829.55,829.75,827.2,827.5,5804
1602048900,827.5,828.7,827.15,828.35,2934
1602049200,828.3,828.4,826.4,827.3,7980
1602049500,827.3,828.6,826.05,826.95,4816
1602049800,826.95,827.55,826.25,827.25,5492
1602050100,827.25,828.1,827.15,827.8,1207
1602050400,827.8,828.35,827.75,828.0,3610
1602050700,828.0,828.6,825.5,826.1,9401
1602051000,826.1,828.0,826.1,827.45,1418
1602051300,827.45,827.95,827.0,827.4,1306
1602051600,827.4,827.9,827.15,827.85,1598
1602051900,827.85,827.85,826.9,827.0,1699
1602052200,827.0,828.8,827.0,828.0,2166
1602052500,828.0,828.4,826.45,826.45,4222
1602052800,826.45,827.0,826.15,827.0,1192
1602053100,827.0,827.1,826.45,826.7,1182
1602053400,826.7,828.0,826.3,827.0,5649
1602053700,827.4,827.4,826.3,826.3,1909
1602054000,826.3,828.0,826.3,827.0,1837
1602054300,827.0,827.0,826.3,826.95,2236
1602054600,826.95,827.45,826.5,827.0,935
1602054900,827.0,827.4,826.6,826.85,1435
1602055200,826.85,827.0,826.35,826.4,2521
1602055500,826.6,827.0,826.4,826.6,575
1602055800,827.0,827.0,826.3,826.5,101629
1602056100,826.5,826.5,826.0,826.2,1179
1602056400,826.2,827.0,826.05,826.4,2172
1602056700,826.4,826.95,825.05,825.2,5987
1602057000,825.2,826.95,825.15,826.95,2506
1602057300,826.95,828.15,826.5,827.65,6504
1602057600,827.65,828.0,827.3,827.6,4053
1602057900,827.6,828.05,827.3,828.05,4928
1602058200,828.05,828.05,827.15,827.35,571
1602058500,827.35,827.95,827.0,827.95,1880
1602058800,827.95,828.0,827.6,827.6,1743
1602059100,827.6,827.95,826.85,827.0,3440
1602059400,827.0,827.55,827.0,827.45,1977
1602059700,827.45,828.0,827.0,828.0,2266
1602060000,828.0,828.0,827.3,827.75,1056
1602060300,827.8,827.95,827.2,827.95,1414
1602060600,827.95,828.0,827.0,828.0,8747
1602060900,828.0,828.45,827.6,828.0,5268
1602061200,828.0,828.5,828.0,828.0,4626
1602061500,828.0,828.45,827.5,828.0,2853
1602061800,828.0,828.0,827.1,827.1,787
1602062100,827.1,828.0,827.05,827.5,5845
1602062400,827.65,827.75,827.1,827.3,1281
1602062700,827.6,827.7,826.5,827.0,32289
1602063000,827.35,828.5,827.0,828.0,22731
1602063300,828.0,829.65,827.45,829.3,22870
1602063600,828.95,829.2,827.0,827.9,17044
1602063900,827.45,828.1,827.15,827.35,14993
1602064200,827.7,828.0,827.2,827.7,13674
1602064500,827.75,828.0,826.5,828.0,20618
1602128700,835.25,836.0,828.15,830.05,38669
1602129000,830.3,831.0,828.1,828.25,14835
1602129300,828.25,831.0,828.0,829.15,29535
1602129600,829.15,831.4,828.55,829.85,9622
1602129900,829.85,831.35,829.5,830.85,17374
1602130200,830.85,832.7,830.5,831.75,15237
1602130500,831.75,833.0,828.15,829.65,23296
1602130800,829.65,830.4,828.0,830.0,7275
1602131100,830.0,832.0,829.4,831.5,4735
1602131400,831.5,831.5,829.5,830.4,5862
1602131700,830.0,830.95,826.2,826.2,15837
1602132000,826.45,827.2,823.75,824.4,15752
1602132300,824.4,826.4,821.85,826.4,25461
1602132600,825.85,826.35,822.5,823.0,20526
1602132900,823.0,824.25,822.0,823.3,11022
1602133200,823.3,824.0,819.85,823.0,30571
1602133500,822.7,823.55,821.95,822.7,10912
1602133800,822.7,823.45,819.1,819.95,25887
1602134100,819.95,820.0,819.3,820.0,16285
1602134400,820.0,820.0,819.5,820.0,17525
1602134700,820.0,820.0,819.5,819.55,13204
1602135000,819.55,819.7,819.05,819.25,7648
1602135300,819.25,820.0,819.05,819.7,23000
1602135600,819.9,820.0,819.3,819.6,4030
1602135900,819.6,820.0,819.15,819.75,23265
1602136200,819.9,822.0,819.15,820.85,20891
1602136500,820.85,823.35,820.55,822.9,16856
1602136800,822.9,823.5,822.65,822.8,9522
1602137100,822.75,824.5,822.5,823.3,18313
1602137400,823.3,824.55,823.25,823.25,58118
1602137700,823.3,824.1,823.0,823.85,6221
1602138000,823.85,824.35,823.0,823.95,9241
1602138300,823.95,824.25,823.4,823.45,8008
1602138600,823.4,824.1,822.5,822.75,9346
1602138900,822.75,823.0,822.0,822.8,12028
1602139200,822.8,823.95,822.5,823.7,13432
1602139500,823.7,823.7,822.25,823.05,8956
1602139800,823.05,823.15,820.7,822.7,23120
1602140100,822.7,823.4,822.25,822.3,11717
1602140400,822.3,823.25,821.5,823.25,13028
1602140700,823.25,823.35,821.75,822.6,6693
1602141000,822.6,822.6,821.75,822.2,8536
1602141300,822.05,823.0,821.7,822.85,22612
1602141600,822.85,823.2,822.0,822.4,12855
1602141900,822.4,822.65,821.75,821.9,6945
1602142200,821.9,823.05,821.5,822.1,13555
1602142500,822.1,823.5,822.1,823.05,8735
1602142800,823.15,823.4,822.25,823.2,7592
1602143100,823.2,823.4,820.9,820.95,10986
1602143400,820.6,822.1,818.0,820.45,35573
1602143700,820.45,821.7,820.0,821.25,11226
1602144000,821.25,822.8,820.8,821.95,19009
1602144300,821.75,821.95,819.7,820.45,11935
1602144600,820.45,821.5,819.25,820.0,21884
1602144900,820.0,820.85,819.6,820.3,8256
1602145200,820.0,821.45,819.5,819.6,23970
1602145500,819.6,822.5,818.35,821.15,31917
1602145800,821.1,821.45,820.6,821.25,14764
1602146100,821.35,821.5,820.4,821.0,15228
1602146400,821.0,822.8,820.3,821.05,19097
1602146700,821.05,821.45,820.0,820.95,20285
1602147000,820.95,820.95,819.9,820.1,7858
1602147300,820.1,820.55,819.75,819.95,7838
1602147600,820.0,822.0,819.5,821.2,24309
1602147900,821.2,821.85,819.5,820.65,21060
1602148200,820.7,821.0,819.85,820.3,12012
1602148500,820.35,821.0,819.5,820.4,19306
1602148800,820.4,820.7,818.75,819.45,23238
1602149100,819.45,820.1,819.35,819.9,14335
1602149400,819.9,820.95,818.95,820.0,27348
1602149700,819.95,821.0,819.5,820.35,29567
1602150000,820.35,822.05,820.2,821.9,44688
1602150300,821.85,822.5,821.25,822.0,25213
1602150600,822.0,822.9,820.8,822.9,31705
1602150900,822.7,822.85,820.0,821.95,24806
1602215100,826.15,827.3,823.15,824.0,23860
1602215400,824.45,825.85,822.5,825.4,11323
1602215700,825.55,826.45,824.35,824.5,7629
1602216000,824.55,824.55,822.2,823.05,8747
1602216300,823.05,823.95,821.2,822.15,14527
1602216600,822.15,822.95,821.35,821.8,5188
1602216900,821.8,822.15,818.25,819.2,17168
1602217200,818.65,819.4,816.7,817.15,19609
1602217500,817.65,818.7,817.0,817.7,16241
1602217800,817.7,818.7,815.25,815.85,11383
1602218100,816.15,818.85,815.55,818.85,12641
1602218400,818.85,819.25,816.0,816.5,8636
1602218700,816.5,817.3,815.5,816.95,7280
1602219000,816.95,817.7,814.3,814.85,16065
1602219300,814.3,817.2,814.3,816.2,18604
1602219600,816.2,816.2,814.5,815.6,13532
1602219900,815.8,817.35,815.4,816.95,8847
1602220200,816.95,818.05,815.05,815.45,14845
1602220500,815.45,816.05,814.1,814.1,10220
1602220800,814.1,815.0,814.0,815.0,8145
1602221100,815.0,816.1,814.45,815.55,8173
1602221400,815.95,816.65,815.05,816.0,4198
1602221700,816.4,816.5,814.85,815.3,5770
1602222000,815.3,816.4,815.25,815.25,4899
1602222300,815.25,815.8,814.5,814.6,4845
1602222600,814.6,816.15,814.5,815.4,6647
1602222900,815.4,815.8,814.0,814.85,8215
1602223200,814.85,815.0,814.0,815.0,4124
1602223500,815.0,815.05,814.3,814.4,3579
1602223800,814.4,814.95,810.9,812.2,21587
1602224100,811.75,812.5,811.5,812.0,7017
1602224400,812.0,812.35,810.1,810.35,12217
1602224700,810.35,810.5,808.1,809.3,19906
1602225000,809.3,810.9,809.0,809.65,12146
1602225300,809.65,810.0,808.0,808.7,10259
1602225600,808.7,810.0,808.05,809.05,7155
1602225900,808.8,808.9,806.0,807.05,21580
1602226200,807.05,807.45,806.0,806.35,12997
1602226500,806.35,807.95,805.2,805.4,19464
1602226800,805.4,806.95,805.4,805.75,11855
1602227100,805.75,808.0,805.55,808.0,15345
1602227400,808.0,808.0,806.55,806.8,9822
1602227700,806.8,807.5,806.55,806.95,9419
1602228000,806.95,807.45,806.65,806.85,9173
1602228300,806.85,807.0,806.0,806.05,15311
1602228600,806.3,806.95,806.3,806.85,8047
1602228900,806.85,806.85,806.35,806.55,5805
1602229200,806.55,807.15,806.25,806.35,10637
1602229500,806.35,807.95,806.35,807.1,5610
1602229800,807.1,809.0,807.0,808.15,16309
1602230100,808.15,809.2,807.25,807.25,24005
1602230400,807.3,808.0,807.0,807.2,12254
1602230700,807.2,807.4,806.15,806.5,14189
1602231000,806.5,806.8,805.5,806.3,25253
1602231300,806.3,806.9,805.6,806.0,16269
1602231600,806.0,807.0,805.5,805.5,15217
1602231900,805.5,806.15,805.3,805.3,19275
1602232200,805.35,806.1,805.0,805.9,16410
1602232500,805.9,806.9,804.25,805.6,33719
1602232800,805.6,806.65,805.0,805.4,15449
1602233100,805.4,805.95,804.5,804.55,15970
1602233400,804.55,806.4,803.5,806.0,28391
1602233700,806.0,806.4,804.8,805.25,29294
1602234000,805.2,806.1,805.0,805.1,15809
1602234300,805.1,806.55,805.0,806.0,25269
1602234600,806.0,806.85,806.0,806.75,32995
1602234900,806.75,806.75,805.25,805.55,22942
1602235200,805.4,806.35,805.0,805.25,16577
1602235500,805.35,806.5,805.0,806.2,16470
1602235800,806.2,807.05,804.0,804.15,28602
1602236100,804.0,806.5,804.0,805.8,24594
1602236400,805.15,806.4,805.0,805.5,29949
1602236700,805.65,806.7,805.0,805.8,53651
1602237000,805.8,807.75,805.2,807.0,53127
1602237300,806.95,808.0,806.0,808.0,30498
1602474300,812.9,812.9,807.7,810.65,57899
1602474600,810.65,810.65,808.3,808.5,27205
1602474900,808.5,809.1,806.0,806.75,12060
1602475200,806.5,808.3,806.45,807.7,10378
1602475500,807.3,807.35,803.55,804.35,18041
1602475800,804.35,805.95,803.0,805.95,11473
1602476100,805.95,808.0,803.0,803.7,16756
1602476400,803.7,805.05,803.0,804.35,8164
1602476700,804.35,804.9,803.25,803.6,6864
1602477000,803.6,803.7,801.0,801.9,24035
1602477300,801.4,802.05,799.1,799.4,31200
1602477600,799.8,800.0,797.1,798.85,18277
1602477900,798.65,798.85,795.6,797.0,15300
1602478200,797.0,797.7,796.05,796.9,8002
1602478500,796.9,796.9,794.7,795.0,16128
1602478800,795.0,798.0,794.5,798.0,9383
1602479100,797.95,797.95,794.8,794.8,3499
1602479400,794.8,795.7,794.05,794.95,7365
1602479700,795.0,796.0,794.5,795.0,7695
1602480000,795.0,795.2,794.05,795.0,4648
1602480300,795.0,795.8,794.1,795.0,7047
1602480600,794.7,795.3,794.0,794.65,7291
1602480900,794.65,794.65,793.4,794.25,7708
1602481200,794.25,795.35,793.65,795.35,4711
1602481500,795.35,795.35,794.0,794.6,3386
1602481800,794.6,795.0,793.2,794.05,5068
1602482100,794.05,794.9,793.6,794.3,4318
1602482400,794.3,795.0,793.3,793.95,6114
1602482700,793.95,794.3,793.25,793.6,3466
1602483000,793.6,793.85,793.0,793.7,5963
1602483300,793.65,793.75,793.1,793.5,2101
1602483600,793.5,793.7,792.2,792.25,5186
1602483900,792.25,792.9,792.1,792.5,5104
1602484200,792.5,792.65,791.05,791.35,8298
1602484500,791.35,792.95,790.2,791.55,14323
1602484800,791.55,792.45,791.1,791.85,10655
1602485100,791.85,792.45,790.0,792.45,49837
1602485400,792.35,793.5,791.5,793.05,16976
1602485700,793.05,793.05,792.05,792.65,8277
1602486000,792.6,793.1,792.4,793.0,5831
1602486300,793.0,793.3,790.8,793.3,19451
1602486600,793.3,793.5,792.3,792.95,9277
1602486900,792.85,792.85,791.25,792.6,6222
1602487200,792.6,792.95,791.7,792.8,10187
1602487500,792.8,792.8,792.3,792.6,8430
1602487800,792.6,792.6,790.1,790.9,17950
1602488100,790.9,792.4,790.3,792.0,17235
1602488400,792.05,792.25,792.0,792.2,6893
1602488700,792.2,792.25,791.8,792.05,19647
1602489000,792.05,794.4,792.0,793.6,22359
1602489300,793.5,794.0,793.25,793.55,19941
1602489600,793.6,794.2,793.0,794.15,19626
1602489900,794.15,794.15,792.0,792.0,12646
1602490200,792.2,792.75,791.7,792.6,9634
1602490500,792.6,792.6,791.5,791.5,8557
1602490800,791.75,792.2,790.0,790.35,15273
1602491100,790.35,790.75,788.5,789.55,29871
1602491400,789.35,790.75,789.05,789.75,8422
1602491700,789.75,790.3,789.35,789.9,6013
1602492000,789.9,790.4,789.6,789.9,5084
1602492300,789.9,790.0,788.9,789.4,10729
1602492600,789.4,789.9,788.6,789.0,9663
1602492900,789.0,789.7,788.2,788.35,9319
1602493200,788.35,789.8,788.3,789.05,6805
1602493500,789.05,789.05,787.2,788.3,16393
1602493800,788.3,789.5,788.15,789.05,12571
1602494100,789.0,790.8,788.85,790.05,28710
1602494400,790.0,791.4,789.2,790.65,15837
1602494700,790.65,792.5,790.2,792.35,21797
1602495000,792.35,792.5,790.5,792.5,23605
1602495300,792.5,792.75,791.0,791.5,13880
1602495600,791.95,792.3,791.25,791.6,33729
1602495900,792.15,792.7,790.9,792.0,40824
1602496200,792.1,792.5,790.2,792.05,48118
1602496500,792.2,794.15,790.7,794.15,35544
1602560700,790.0,795.0,782.6,784.85,47393
1602561000,784.55,785.6,784.05,785.0,15644
1602561300,785.0,786.0,783.2,784.05,19817
1602561600,783.4,787.7,783.2,787.0,19522
1602561900,786.75,787.7,785.4,787.5,9692
1602562200,787.5,788.45,785.85,787.9,19694
1602562500,787.9,788.7,785.3,786.7,11646
1602562800,786.7,788.35,786.15,788.35,6910
1602563100,788.35,789.0,785.4,785.85,8577
1602563400,785.7,787.0,785.0,785.45,65404
1602563700,785.05,785.75,783.2,784.0,11647
1602564000,784.0,785.75,783.5,785.5,5184
1602564300,785.0,785.75,784.05,784.5,4611
1602564600,784.5,785.75,783.75,785.75,8069
1602564900,785.75,785.75,784.55,785.75,7046
1602565200,785.75,785.85,785.0,785.75,14974
1602565500,785.75,785.75,784.4,784.55,9603
1602565800,784.55,785.15,784.3,785.15,6925
1602566100,785.15,785.5,784.85,785.5,9780
1602566400,785.5,785.75,785.25,785.25,18904
1602566700,785.25,785.4,785.25,785.3,7290
1602567000,785.3,785.55,785.25,785.25,9596
1602567300,785.25,785.75,785.25,785.7,3297
1602567600,785.7,786.1,785.45,785.75,5717
1602567900,785.5,785.95,785.3,785.6,5840
1602568200,785.65,786.2,785.6,785.75,3340
1602568500,785.75,785.75,785.0,785.3,7271
1602568800,785.25,788.4,785.25,788.2,25952
1602569100,788.2,788.95,787.5,788.9,7471
1602569400,788.9,790.2,788.45,788.95,14743
1602569700,788.95,791.5,788.8,789.7,18704
1602570000,789.7,791.85,789.35,790.7,23491
1602570300,790.65,790.8,788.0,788.4,18355
1602570600,788.4,788.4,785.25,786.3,20844
1602570900,786.3,786.3,784.8,785.5,17015
1602571200,785.5,785.9,785.2,785.9,10484
1602571500,785.9,785.9,784.0,784.95,17241
1602571800,784.9,785.55,784.5,785.25,16076
1602572100,785.25,785.5,785.0,785.2,5218
1602572400,785.2,785.25,784.55,785.25,9902
1602572700,785.0,785.4,784.55,784.7,13327
1602573000,785.1,785.4,785.0,785.25,7148
1602573300,785.25,785.25,784.1,785.25,24190
1602573600,785.25,785.25,784.7,785.05,14164
1602573900,785.0,785.2,784.75,784.85,9014
1602574200,784.85,785.15,784.1,784.1,8668
1602574500,784.1,785.0,783.0,785.0,24613
1602574800,785.0,785.15,784.55,785.05,13967
1602575100,785.05,785.15,784.55,785.1,13238
1602575400,785.1,785.65,784.35,785.1,17920
1602575700,785.1,785.2,784.4,785.1,12961
1602576000,785.1,786.0,784.65,785.45,16081
1602576300,785.45,785.45,784.65,785.3,12886
1602576600,785.3,785.5,784.7,785.5,16617
1602576900,785.3,787.7,784.5,785.15,22077
1602577200,785.15,785.15,784.5,784.8,16813
1602577500,784.85,784.95,784.0,784.15,10359
1602577800,784.15,784.8,783.0,784.65,21163
1602578100,784.45,784.45,783.25,783.85,10270
1602578400,783.85,783.95,783.2,783.35,6176
1602578700,783.35,783.4,781.5,781.55,32230
1602579000,781.55,782.0,781.0,781.4,18701
1602579300,781.8,782.8,781.25,782.8,12412
1602579600,782.85,783.35,782.2,783.2,9027
1602579900,783.2,783.2,782.65,783.1,11002
1602580200,783.1,783.2,782.2,783.15,14747
1602580500,782.7,783.25,782.7,783.0,6141
1602580800,783.0,783.25,782.7,783.1,12356
1602581100,783.1,783.65,783.0,783.3,19113
1602581400,783.35,785.8,783.0,785.4,16249
1602581700,785.8,787.0,785.2,787.0,19497
1602582000,786.75,787.65,786.1,787.1,28895
1602582300,787.0,787.3,786.5,787.25,22231
1602582600,787.2,787.2,786.35,787.1,33890
1602582900,787.1,787.5,786.5,787.0,23531
1602647100,788.0,790.2,781.75,784.25,47650
1602647400,784.25,785.35,782.1,783.1,63788
1602647700,783.1,783.95,781.55,783.0,17705
1602648000,783.0,783.45,780.75,783.1,16594
1602648300,783.1,784.75,781.3,781.45,19938
1602648600,781.4,781.5,776.65,776.95,48079
1602648900,776.7,779.25,776.7,778.4,15424
1602649200,778.65,780.85,778.65,780.85,12775
1602649500,780.85,782.5,779.85,781.8,19526
1602649800,781.8,781.8,780.0,780.1,8062
1602650100,780.1,781.65,780.1,781.65,14504
1602650400,781.65,783.5,781.5,783.25,13741
1602650700,783.25,787.0,783.0,787.0,24265
1602651000,787.0,787.0,784.7,784.7,16875
1602651300,784.7,784.8,784.1,784.1,9951
1602651600,784.15,785.5,784.0,784.9,9052
1602651900,784.9,785.7,784.85,785.7,8344
1602652200,785.55,787.0,785.15,787.0,12951
1602652500,787.0,789.8,786.9,789.25,17745
1602652800,789.4,789.85,787.85,789.35,20326
1602653100,789.35,791.5,789.05,791.45,24634
1602653400,791.45,791.5,789.2,790.15,26471
1602653700,790.15,790.65,787.7,790.65,20867
1602654000,790.7,791.2,789.25,789.75,26141
1602654300,789.75,789.95,786.3,787.5,12792
1602654600,787.5,787.5,785.0,787.2,12929
1602654900,787.2,787.6,785.35,785.9,7769
1602655200,785.65,786.95,785.35,786.85,6879
1602655500,786.85,789.5,786.45,789.0,15301
1602655800,788.5,790.0,788.5,789.55,10807
1602656100,789.55,790.0,789.0,789.0,19138
1602656400,789.0,789.0,786.3,787.9,17606
1602656700,787.9,788.95,787.7,788.55,6949
1602657000,788.55,789.55,788.55,789.55,6549
1602657300,789.55,789.9,789.35,789.8,8186
1602657600,789.75,790.75,788.85,790.75,12764
1602657900,790.9,791.95,790.8,791.5,13731
1602658200,791.5,792.0,791.4,791.85,16058
1602658500,791.95,793.25,791.85,791.85,23063
1602658800,791.85,792.0,791.05,791.45,14675
1602659100,791.45,791.5,790.3,790.65,9535
1602659400,790.65,791.6,790.6,791.45,12429
1602659700,791.45,791.45,790.65,791.25,9757
1602660000,791.25,792.15,791.15,792.0,7224
1602660300,792.0,793.85,792.0,793.75,22246
1602660600,793.7,795.45,792.65,795.4,42248
1602660900,795.15,797.6,795.15,797.5,34805
1602661200,797.6,799.85,797.0,799.75,52440
1602661500,799.2,801.8,799.2,801.7,40484
1602661800,801.7,803.45,800.45,800.65,57567
1602662100,800.65,802.6,800.45,801.3,35562
1602662400,801.7,802.6,801.0,802.5,22713
1602662700,802.5,802.9,801.6,802.05,17899
1602663000,802.25,803.0,802.25,802.35,11639
1602663300,802.4,806.3,802.4,805.9,67719
1602663600,805.9,807.25,805.1,805.8,36446
1602663900,805.8,806.95,805.35,806.55,34480
1602664200,806.4,807.55,805.55,805.75,33965
1602664500,805.6,805.8,803.75,804.55,43272
1602664800,804.55,804.75,803.75,804.75,20767
1602665100,804.75,806.2,804.65,806.15,28890
1602665400,806.15,807.5,805.4,806.9,27774
1602665700,806.9,807.0,804.75,805.3,21052
1602666000,804.85,806.4,804.85,806.05,13709
1602666300,806.3,806.4,804.1,804.75,25356
1602666600,804.75,806.85,804.25,806.5,36925
1602666900,806.5,809.9,806.35,809.0,57725
1602667200,809.0,813.65,808.95,812.35,116863
1602667500,812.4,813.5,810.0,811.8,60855
1602667800,811.8,812.05,808.75,808.8,83391
1602668100,808.85,810.7,808.8,809.35,74309
1602668400,809.4,810.1,809.1,809.6,68894
1602668700,809.6,812.0,809.55,811.95,83450
1602669000,811.95,813.15,810.75,810.75,82380
1602669300,810.9,813.35,810.75,813.35,29229
1602733500,810.6,816.65,807.2,815.3,86866
1602733800,815.3,817.5,813.55,817.2,53019
1602734100,817.2,817.5,815.15,815.7,61844
1602734400,815.7,816.0,811.9,813.7,53653
1602734700,813.7,814.95,812.65,814.35,26792
1602735000,814.35,816.5,814.2,816.5,19108
1602735300,816.75,818.6,815.6,817.3,38773
1602735600,817.3,818.9,817.3,817.7,27105
1602735900,817.7,819.85,817.25,819.5,34474
1602736200,819.6,821.8,819.45,820.85,98543
1602736500,820.65,820.8,816.5,817.6,38010
1602736800,817.6,818.95,815.0,815.5,40106
1602737100,815.5,815.75,811.0,814.0,60761
1602737400,814.45,815.65,811.35,811.95,27832
1602737700,811.9,811.9,810.2,811.0,23381
1602738000,811.0,813.1,810.2,811.25,16753
1602738300,811.25,814.5,811.25,814.5,12293
1602738600,814.5,814.5,811.1,812.95,29269
1602738900,812.95,813.4,812.0,812.75,7848
1602739200,812.75,813.85,812.3,812.85,7728
1602739500,812.85,815.8,812.6,814.5,12221
1602739800,814.5,814.65,812.35,812.85,12698
1602740100,812.4,813.5,810.15,813.0,21998
1602740400,813.0,813.8,812.25,812.9,8731
1602740700,812.9,813.3,811.45,812.85,6811
1602741000,812.85,812.9,812.05,812.9,4681
1602741300,812.9,813.0,811.0,812.6,10242
1602741600,812.6,813.9,812.0,813.05,10264
1602741900,813.1,813.75,813.0,813.35,8570
1602742200,812.5,813.15,811.4,811.45,14299
1602742500,811.45,812.1,811.1,811.15,10511
1602742800,811.15,812.9,811.15,812.75,6860
1602743100,812.75,813.3,812.45,812.7,7362
1602743400,812.7,813.6,812.5,813.6,5922
1602743700,813.6,813.85,812.3,812.9,6005
1602744000,812.9,815.4,812.6,815.4,9532
1602744300,815.4,815.4,812.65,814.55,7913
1602744600,814.55,815.55,814.0,815.55,11573
1602744900,815.55,817.0,815.2,816.25,13266
1602745200,816.25,817.0,814.15,816.35,12337
1602745500,816.35,816.5,814.3,814.3,8697
1602745800,814.3,815.3,814.05,814.9,7213
1602746100,814.9,815.0,813.55,814.2,10891
1602746400,814.45,814.45,811.5,812.2,17140
1602746700,812.2,813.05,811.4,812.3,8596
1602747000,812.3,813.2,809.5,809.5,24191
1602747300,808.3,811.4,807.75,811.05,24823
1602747600,811.0,812.0,810.6,811.45,13399
1602747900,811.45,813.0,810.55,811.6,13427
1602748200,811.6,814.4,810.6,813.55,19789
1602748500,813.55,814.45,812.5,812.55,9046
1602748800,812.55,813.95,811.6,813.85,12431
1602749100,813.85,813.85,813.05,813.55,12433
1602749400,813.55,814.6,813.55,814.4,11212
1602749700,814.55,815.0,813.15,814.6,12866
1602750000,814.6,815.85,812.05,815.0,24491
1602750300,815.0,815.0,813.85,814.65,7215
1602750600,814.65,814.85,813.7,813.95,9673
1602750900,813.95,815.0,813.6,814.0,16111
1602751200,813.8,814.7,811.3,811.5,49685
1602751500,811.45,813.75,810.55,812.05,64551
1602751800,812.05,812.05,811.25,812.0,37895
1602752100,812.0,813.25,811.2,813.0,65094
1602752400,813.0,813.15,807.3,807.3,27309
1602752700,807.45,807.95,804.0,807.8,33463
1602753000,807.8,810.2,807.5,808.9,54556
1602753300,809.3,809.9,808.2,809.0,18016
1602753600,809.05,809.7,806.65,807.75,28872
1602753900,807.75,809.05,807.45,809.05,14755
1602754200,809.05,809.4,801.75,804.0,26459
1602754500,804.0,806.1,803.0,805.55,26033
1602754800,805.55,806.6,803.2,803.35,35199
1602755100,803.35,806.8,803.3,806.15,90304
1602755400,806.2,807.2,802.95,805.0,42769
1602755700,805.0,807.55,804.5,806.0,69111
1602819900,802.0,811.0,801.0,810.15,34662
1602820200,810.15,810.95,806.6,806.9,12963
1602820500,806.9,806.95,804.0,804.4,11867
1602820800,804.4,809.75,804.15,808.75,13751
1602821100,808.85,809.95,806.05,807.85,13406
1602821400,807.85,807.85,806.95,807.2,2462
1602821700,807.2,807.95,806.0,806.05,6649
1602822000,806.05,807.4,804.8,807.4,13096
1602822300,807.4,809.0,804.25,804.25,11278
1602822600,805.0,807.6,803.25,807.55,9222
1602822900,807.6,808.15,805.5,807.05,9950
1602823200,807.05,807.05,805.7,806.4,2582
1602823500,806.4,807.0,805.05,806.45,3587
1602823800,806.45,807.1,803.2,803.2,16040
1602824100,803.2,804.95,801.75,802.3,4073
1602824400,802.0,802.45,800.0,801.5,10209
1602824700,801.5,803.2,801.1,803.2,6281
1602825000,803.2,803.65,802.25,803.1,3402
1602825300,803.1,805.4,802.25,805.0,5543
1602825600,805.0,806.45,804.2,805.6,13827
1602825900,805.6,805.6,803.6,804.1,3776
1602826200,804.1,804.9,803.0,803.15,4343
1602826500,803.15,807.0,803.05,806.0,10179
1602826800,806.0,807.0,805.55,806.75,3749
1602827100,806.75,807.1,805.7,806.1,31236
1602827400,806.1,806.55,804.35,805.3,4248
1602827700,805.3,805.3,803.5,803.95,4418
1602828000,803.95,804.15,803.0,803.1,6030
1602828300,803.1,803.3,801.3,802.05,12843
1602828600,802.5,802.5,801.4,802.1,6575
1602828900,802.1,803.95,801.9,803.55,6803
1602829200,803.55,803.55,802.75,802.75,3359
1602829500,803.0,803.5,802.25,802.55,2953
1602829800,802.55,803.6,802.3,803.15,5087
1602830100,803.15,804.15,803.15,804.1,6098
1602830400,804.1,804.1,800.5,801.65,11362
1602830700,801.65,801.65,798.6,799.85,10970
1602831000,799.85,801.45,799.3,800.75,4796
1602831300,800.75,801.65,800.0,801.6,3987
1602831600,801.6,802.8,801.05,802.7,6202
1602831900,802.5,802.9,801.0,802.1,6087
1602832200,802.1,803.45,801.3,801.8,7149
1602832500,801.8,802.45,800.2,801.5,7315
1602832800,801.5,801.95,800.05,801.3,5080
1602833100,801.3,802.0,800.05,801.65,5177
1602833400,801.65,801.9,800.15,800.2,4529
1602833700,800.2,800.9,799.4,799.4,4722
1602834000,799.4,800.7,799.4,800.65,2213
1602834300,800.25,801.6,799.5,800.1,4055
1602834600,800.1,800.75,799.0,799.0,3986
1602834900,799.0,799.85,799.0,799.05,4183
1602835200,799.05,799.2,798.0,799.15,6064
1602835500,799.15,799.45,798.2,798.55,4438
1602835800,798.55,800.85,797.15,800.8,31259
1602836100,800.8,802.0,800.0,800.0,4893
1602836400,800.0,800.35,798.9,800.25,5509
1602836700,800.25,801.4,799.25,800.8,7518
1602837000,800.8,802.9,800.4,802.9,6838
1602837300,802.9,803.25,801.3,802.3,5059
1602837600,802.3,802.3,800.15,800.6,4140
1602837900,800.6,800.85,799.95,800.15,3939
1602838200,800.15,801.25,800.05,800.15,4175
1602838500,800.15,801.0,798.65,799.35,7501
1602838800,799.25,800.05,798.25,799.0,12235
1602839100,799.0,799.95,798.8,799.15,2898
1602839400,799.15,799.85,799.1,799.5,2335
1602839700,799.5,799.85,798.3,798.85,10860
1602840000,798.85,799.6,798.35,798.95,9464
1602840300,798.9,799.45,798.4,798.45,7150
1602840600,798.45,799.55,796.65,799.45,20951
1602840900,799.45,801.1,799.0,800.85,18685
1602841200,800.85,801.0,798.0,798.4,18572
1602841500,798.9,800.15,798.4,799.75,22333
1602841800,799.75,800.5,799.6,800.25,34433
1602842100,800.45,801.9,799.25,801.8,21679
1603079100,800.5,803.4,795.35,801.45,22148
1603079400,801.7,806.8,801.7,806.75,18732
1603079700,806.8,808.55,804.2,805.2,15216
1603080000,805.2,805.8,802.95,803.1,5867
1603080300,803.1,803.8,801.1,801.25,6701
1603080600,801.25,803.95,800.55,802.15,10389
1603080900,803.25,805.0,801.2,801.5,12352
1603081200,801.5,802.5,801.0,801.05,3340
1603081500,801.05,801.6,800.0,800.4,12327
1603081800,800.4,801.05,800.0,801.05,5040
1603082100,801.05,801.9,800.1,800.7,4367
1603082400,801.0,801.0,800.2,800.7,6307
1603082700,800.8,801.0,800.25,800.8,6656
1603083000,800.8,801.05,799.2,800.5,29383
1603083300,800.5,800.8,799.35,800.0,6284
1603083600,800.0,800.3,799.3,800.0,2792
1603083900,800.0,800.6,799.65,800.0,1718
1603084200,800.0,800.65,799.75,800.3,2830
1603084500,800.3,801.85,800.15,801.65,5324
1603084800,801.65,801.85,799.3,799.5,8186
1603085100,799.45,800.2,798.1,799.4,8215
1603085400,799.4,799.8,798.7,798.9,2667
1603085700,798.9,799.8,798.0,798.35,3103
1603086000,798.35,798.35,797.15,797.85,4022
1603086300,797.85,798.05,796.0,796.7,7573
1603086600,796.25,796.85,795.4,796.25,7413
1603086900,796.25,797.0,795.95,796.5,7485
1603087200,796.5,798.6,796.5,796.65,6797
1603087500,796.65,797.25,796.6,796.6,5034
1603087800,796.6,797.9,796.25,797.15,4910
1603088100,797.15,797.65,797.1,797.4,1749
1603088400,797.4,797.45,795.0,795.4,18327
1603088700,795.4,796.0,795.0,795.15,3392
1603089000,795.15,795.75,795.0,795.0,3792
1603089300,795.4,796.95,795.0,796.45,1509
1603089600,796.45,796.95,796.0,796.65,1668
1603089900,796.65,796.8,795.7,796.0,3193
1603090200,796.0,796.85,795.45,796.75,1278
1603090500,796.8,797.0,796.6,796.6,4321
1603090800,796.6,796.65,796.0,796.3,7101
1603091100,796.3,796.9,796.0,796.6,2021
1603091400,796.6,797.7,796.5,797.45,3951
1603091700,797.45,798.35,797.1,798.15,2770
1603092000,798.15,799.0,797.65,798.1,3070
1603092300,798.1,798.35,797.45,797.65,2871
1603092600,797.65,797.65,797.25,797.25,1641
1603092900,797.25,799.05,797.25,799.05,7127
1603093200,799.3,801.0,799.3,801.0,19603
1603093500,801.0,801.45,800.5,801.0,9038
1603093800,801.0,801.0,800.0,800.0,5253
1603094100,800.0,800.6,799.95,800.2,4013
1603094400,800.2,801.0,800.0,800.2,2411
1603094700,800.2,800.55,800.0,800.0,3565
1603095000,800.0,800.25,800.0,800.0,3424
1603095300,800.0,801.75,800.0,801.75,7251
1603095600,801.9,802.0,801.2,801.45,4768
1603095900,801.45,802.0,800.9,801.8,4494
1603096200,802.0,802.0,801.0,801.2,5460
1603096500,801.2,802.6,801.0,801.3,13765
1603096800,801.3,801.4,800.95,800.95,2396
1603097100,800.95,801.0,800.0,800.0,18645
1603097400,800.0,801.15,799.65,800.65,4943
1603097700,800.65,801.5,799.85,800.15,7762
1603098000,800.15,801.4,800.0,800.5,5421
1603098300,800.4,800.8,800.0,800.15,9092
1603098600,800.15,800.15,797.0,798.3,24704
1603098900,798.3,798.3,796.55,797.0,26254
1603099200,797.0,797.7,795.85,797.05,26188
1603099500,797.05,798.9,796.95,798.0,8735
1603099800,798.2,798.8,796.4,797.6,13812
1603100100,797.75,797.9,796.3,797.05,30724
1603100400,797.0,798.0,797.0,797.5,24956
1603100700,798.2,799.85,797.5,799.25,20908
1603101000,799.25,800.5,798.0,800.1,21739
1603101300,800.1,800.85,799.25,800.0,18281
1603165500,809.25,809.25,801.25,804.0,90229
1603165800,804.95,805.2,802.2,803.45,44517
1603166100,803.95,806.05,802.5,804.15,38762
1603166400,804.15,804.45,802.0,803.35,24718
1603166700,803.35,805.05,800.15,801.15,30217
1603167000,801.35,802.0,798.0,798.1,44091
1603167300,798.1,799.0,797.0,797.4,20240
1603167600,797.5,798.0,792.4,793.05,42537
1603167900,793.15,794.0,792.0,793.0,41372
1603168200,793.0,793.9,792.5,793.5,15137
1603168500,793.35,794.8,792.7,793.6,25676
1603168800,793.65,794.15,792.5,792.5,16230
1603169100,792.5,794.65,792.4,793.45,15113
1603169400,793.45,794.75,793.0,794.65,5430
1603169700,794.65,794.8,793.5,794.15,7203
1603170000,794.15,794.8,793.6,794.4,8683
1603170300,794.4,794.85,794.0,794.5,9527
1603170600,794.45,798.7,794.4,798.4,40024
1603170900,798.45,798.7,797.0,797.3,14142
1603171200,797.3,797.95,795.85,796.7,10800
1603171500,796.7,797.4,796.65,796.75,7683
1603171800,796.5,796.95,795.05,795.3,7285
1603172100,795.3,795.8,794.2,795.1,13563
1603172400,795.1,796.6,795.0,795.5,9191
1603172700,795.5,796.5,795.25,796.5,4732
1603173000,796.5,796.9,794.85,794.85,10135
1603173300,794.8,794.8,793.05,793.95,12887
1603173600,793.9,794.85,792.05,794.1,39224
1603173900,794.1,794.55,792.5,793.25,22201
1603174200,793.25,793.6,792.7,793.0,9778
1603174500,793.0,794.0,792.55,792.6,13076
1603174800,792.6,793.8,792.6,793.6,7116
1603175100,793.55,794.0,793.15,793.55,11677
1603175400,793.55,794.0,793.0,793.3,9450
1603175700,793.3,793.5,792.5,792.6,8163
1603176000,792.55,793.45,792.55,792.6,7452
1603176300,792.6,793.0,792.0,792.15,13710
1603176600,792.15,792.5,790.1,790.25,25143
1603176900,790.2,791.45,790.15,790.5,17443
1603177200,790.5,791.2,790.3,790.65,8339
1603177500,790.65,792.5,790.65,791.2,9107
1603177800,791.2,791.9,791.0,791.05,10368
1603178100,791.05,791.35,790.6,790.65,5979
1603178400,790.65,791.15,790.5,790.6,7117
1603178700,790.65,791.25,790.5,790.5,9468
1603179000,790.5,791.05,790.0,790.2,8869
1603179300,790.2,790.5,790.0,790.2,8515
1603179600,790.25,791.7,790.15,790.95,9833
1603179900,790.95,791.5,790.85,791.0,6672
1603180200,791.0,794.35,791.0,792.85,38419
1603180500,792.85,793.0,792.0,792.15,7972
1603180800,792.15,793.5,792.0,792.55,10274
1603181100,792.55,792.9,791.25,791.95,9095
1603181400,792.0,793.0,791.45,791.45,7417
1603181700,791.45,792.8,791.2,792.35,7623
1603182000,792.35,792.7,791.5,792.45,13991
1603182300,792.25,792.25,791.05,791.6,11084
1603182600,791.65,792.35,790.95,791.1,19722
1603182900,791.15,792.0,791.0,791.0,8722
1603183200,791.0,792.7,790.9,792.0,19279
1603183500,792.0,793.3,792.0,792.8,11795
1603183800,793.0,793.95,792.5,793.0,19075
1603184100,793.0,793.35,792.5,792.5,15863
1603184400,792.5,793.25,792.0,792.65,17805
1603184700,792.65,795.95,792.4,795.25,31613
1603185000,795.25,797.85,795.25,797.3,38354
1603185300,797.3,797.45,796.0,796.8,18179
1603185600,796.8,799.4,796.65,799.2,52063
1603185900,799.2,801.7,798.0,798.0,33595
1603186200,798.0,801.75,798.0,801.15,29820
1603186500,801.65,802.5,800.2,801.8,33914
1603186800,801.2,802.0,800.65,800.85,26383
1603187100,801.25,802.85,800.55,801.85,39199
1603187400,802.0,802.65,801.5,802.0,33828
1603187700,802.0,802.0,799.6,800.0,176533
1603251900,801.0,802.8,796.15,800.7,48783
1603252200,800.75,804.0,800.75,801.75,32217
1603252500,801.45,802.8,801.1,801.35,16025
1603252800,801.35,801.8,799.35,800.75,22242
1603253100,800.75,801.9,800.15,801.15,13311
1603253400,801.25,801.55,800.05,800.3,14836
1603253700,800.3,801.15,797.65,798.05,23443
1603254000,798.0,800.4,797.75,798.85,11905
1603254300,798.85,800.05,798.5,798.8,10229
1603254600,799.45,800.4,799.2,799.6,5912
1603254900,799.6,800.15,795.75,796.8,59579
1603255200,796.8,798.45,796.8,798.05,8890
1603255500,798.45,798.45,797.0,797.05,8518
1603255800,797.05,797.6,796.3,796.6,15278
1603256100,796.6,796.95,796.3,796.45,8053
1603256400,796.45,796.8,795.25,795.4,15037
1603256700,795.35,796.25,795.35,795.75,16374
1603257000,795.95,796.0,795.35,795.35,8537
1603257300,795.35,796.0,795.1,795.25,21053
1603257600,795.25,795.75,793.2,793.65,26499
1603257900,793.75,794.75,793.6,794.0,17136
1603258200,794.0,794.75,793.7,794.05,17423
1603258500,794.05,795.2,794.0,794.6,16796
1603258800,794.6,795.55,794.2,794.5,10306
1603259100,795.05,796.75,794.45,795.65,25713
1603259400,796.25,797.25,795.05,796.6,26884
1603259700,797.25,797.7,795.1,796.35,25057
1603260000,796.8,797.8,796.0,796.7,19372
1603260300,796.8,797.55,796.25,797.1,19476
1603260600,797.4,798.5,796.65,797.75,22258
1603260900,798.2,799.0,797.75,799.0,20591
1603261200,798.5,800.85,798.4,800.55,27721
1603261500,800.55,800.7,798.85,799.55,29682
1603261800,799.45,800.5,798.4,799.85,30981
1603262100,799.9,800.35,798.25,799.0,37799
1603262400,798.65,800.9,797.75,800.0,31207
1603262700,800.0,800.15,795.5,796.4,18701
1603263000,796.1,796.65,795.0,795.95,22350
1603263300,796.0,796.2,794.1,794.75,19263
1603263600,794.8,795.75,794.25,795.1,13869
1603263900,795.1,796.0,794.75,794.8,9910
1603264200,794.65,795.0,794.0,794.05,16936
1603264500,794.05,794.15,793.2,794.0,16631
1603264800,794.0,794.3,793.25,794.0,15098
1603265100,793.9,794.4,793.1,793.1,11357
1603265400,793.1,793.95,793.0,793.15,11239
1603265700,793.15,794.0,793.05,793.65,11239
1603266000,793.65,793.8,793.0,793.8,9382
1603266300,793.8,794.75,792.15,793.95,24652
1603266600,793.95,794.0,791.6,791.6,16941
1603266900,791.5,792.1,791.0,791.6,17219
1603267200,791.9,792.5,791.0,791.4,32628
1603267500,791.1,791.15,789.0,789.0,30779
1603267800,789.0,791.1,788.1,789.35,28145
1603268100,789.4,790.0,788.55,789.45,15298
1603268400,789.45,790.25,788.0,788.4,28946
1603268700,788.4,789.7,787.5,788.8,19118
1603269000,788.8,788.8,785.1,786.5,35050
1603269300,786.15,787.65,785.0,785.6,25078
1603269600,785.6,786.95,785.05,785.45,28548
1603269900,784.65,784.9,780.8,782.15,53647
1603270200,782.05,783.65,781.2,782.9,25767
1603270500,782.55,783.0,781.0,782.5,39574
1603270800,782.5,786.3,782.35,784.55,48773
1603271100,784.2,784.85,782.1,783.75,16289
1603271400,783.7,784.3,782.3,783.65,17717
1603271700,783.85,787.65,783.75,786.75,29268
1603272000,786.6,788.4,785.6,787.0,29318
1603272300,787.5,788.7,785.6,785.75,24147
1603272600,785.7,788.2,785.0,785.8,36234
1603272900,786.0,786.65,785.0,785.8,26640
1603273200,785.8,787.0,785.0,785.9,33417
1603273500,785.9,785.9,784.25,784.25,41824
1603273800,784.55,785.4,783.65,784.85,49710
1603274100,784.85,786.15,783.85,785.05,46651
1603338300,788.3,788.3,781.95,783.8,45683
1603338600,784.0,784.85,779.15,780.7,41748
1603338900,780.85,783.6,780.1,780.55,20111
1603339200,780.55,781.0,778.0,778.85,28400
1603339500,778.6,779.6,776.1,778.35,42174
1603339800,778.35,779.55,778.1,779.3,10113
1603340100,779.3,780.0,779.0,779.9,11276
1603340400,779.9,780.85,778.05,780.45,22566
1603340700,780.4,782.9,780.4,781.05,24431
1603341000,781.0,781.85,780.5,781.05,6570
1603341300,781.2,782.45,781.05,781.8,7893
1603341600,781.35,781.75,780.05,780.1,10892
1603341900,780.05,780.65,778.1,778.1,10124
1603342200,778.1,779.95,776.6,776.6,22410
1603342500,776.6,777.5,775.15,777.4,24326
1603342800,777.3,777.4,775.65,775.85,10981
1603343100,775.85,776.4,775.0,775.3,16751
1603343400,775.3,777.35,775.1,776.55,10419
1603343700,777.15,777.15,775.5,775.55,8153
1603344000,775.55,777.45,775.5,777.15,9846
1603344300,777.15,778.8,776.9,777.9,12726
1603344600,777.9,778.7,776.7,777.25,17395
1603344900,777.25,777.55,776.2,776.3,9272
1603345200,776.3,776.65,775.7,776.5,9529
1603345500,776.45,776.9,776.0,776.2,10056
1603345800,776.2,776.65,775.15,775.25,13327
1603346100,775.65,775.8,775.1,775.35,10956
1603346400,775.3,776.45,775.3,776.0,13084
1603346700,776.0,777.3,775.35,777.0,16809
1603347000,776.95,779.85,776.95,779.4,25476
1603347300,779.35,779.75,777.65,778.5,17795
1603347600,778.5,779.15,777.25,777.35,12299
1603347900,777.3,777.4,775.5,776.0,26115
1603348200,776.0,776.75,775.3,775.3,20269
1603348500,776.2,776.2,774.5,775.0,40254
1603348800,775.0,775.0,774.3,774.65,14696
1603349100,774.65,775.0,773.1,773.4,24412
1603349400,773.5,773.8,773.0,773.0,18590
1603349700,773.0,774.0,771.6,773.5,36052
1603350000,773.45,773.75,772.4,772.45,16654
1603350300,772.45,773.45,772.45,772.8,20412
1603350600,773.25,774.2,772.4,773.65,31141
1603350900,773.6,773.85,771.3,771.7,43577
1603351200,771.5,772.9,771.5,772.0,22986
1603351500,771.9,772.9,771.7,772.6,20323
1603351800,772.45,773.7,772.0,773.1,21777
1603352100,773.0,774.3,772.2,772.25,20775
1603352400,772.25,773.5,772.0,772.8,28313
1603352700,772.35,773.45,771.5,773.0,22874
1603353000,773.0,774.05,772.1,773.3,27309
1603353300,773.3,776.15,773.05,775.5,68427
1603353600,775.1,776.8,774.95,775.65,46466
1603353900,775.65,776.8,775.5,776.55,49305
1603354200,776.2,776.75,775.85,776.6,27901
1603354500,776.2,778.5,775.5,777.45,97531
1603354800,777.45,777.6,777.0,777.0,17564
1603355100,777.0,777.8,776.0,777.1,47438
1603355400,777.05,779.0,777.0,778.0,29815
1603355700,778.0,778.5,777.25,777.8,17355
1603356000,777.8,778.45,777.5,778.25,20662
1603356300,778.0,778.9,777.85,778.0,28103
1603356600,778.0,778.2,777.25,777.8,30115
1603356900,778.0,778.85,777.25,778.5,31874
1603357200,778.05,778.05,777.4,777.8,21049
1603357500,777.4,778.0,776.65,776.95,30349
1603357800,776.65,778.5,775.8,777.05,30133
1603358100,777.0,777.85,776.85,777.85,17635
1603358400,777.95,778.0,777.0,777.4,14854
1603358700,777.0,777.8,776.1,777.0,21742
1603359000,776.85,779.8,776.85,779.5,26128
1603359300,779.75,780.5,778.6,780.05,36655
1603359600,780.0,781.4,779.65,780.65,28247
1603359900,780.55,782.4,780.2,782.05,31663
1603360200,781.8,782.55,780.75,782.1,50759
1603360500,782.1,783.4,781.1,783.0,28573
1603424700,783.15,785.95,777.05,785.3,52716
1603425000,785.4,789.75,784.5,788.75,63514
1603425300,788.3,788.9,783.15,785.1,40102
1603425600,785.25,786.1,782.5,783.15,29547
1603425900,783.3,783.8,782.4,783.75,16317
1603426200,783.75,785.6,782.35,782.95,14539
1603426500,783.25,783.85,782.0,782.0,10474
1603426800,782.4,782.65,779.0,780.0,29139
1603427100,779.65,780.75,779.45,780.15,9308
1603427400,780.1,780.55,779.05,779.65,10463
1603427700,779.25,780.5,779.1,779.75,9291
1603428000,779.3,780.6,779.2,779.25,5245
1603428300,779.25,780.0,779.25,780.0,3418
1603428600,780.0,780.35,777.25,778.4,16434
1603428900,778.05,779.0,777.7,777.7,6562
1603429200,777.75,778.0,776.3,776.3,12204
1603429500,776.1,776.95,775.35,776.3,14886
1603429800,776.05,777.15,775.75,777.05,8526
1603430100,777.0,778.7,776.5,778.3,8337
1603430400,778.3,779.25,777.3,777.8,12982
1603430700,777.8,778.85,777.6,778.0,7355
1603431000,778.0,780.0,777.65,778.45,17419
1603431300,778.45,779.4,777.0,777.0,6876
1603431600,777.1,777.4,776.0,776.3,9804
1603431900,776.3,777.35,776.0,776.55,10374
1603432200,776.55,776.95,776.1,776.2,10078
1603432500,776.2,777.1,776.1,776.5,10981
1603432800,776.5,776.95,775.15,775.25,18554
1603433100,775.25,775.9,775.1,775.9,10371
1603433400,775.9,775.95,774.1,774.45,28611
1603433700,774.45,774.45,772.65,773.2,53443
1603434000,773.2,773.85,773.15,773.35,13567
1603434300,773.35,773.7,773.1,773.7,10250
1603434600,773.7,773.95,773.2,773.35,12303
1603434900,773.35,774.85,773.2,774.35,8785
1603435200,774.4,774.55,773.15,773.45,10192
1603435500,773.4,774.5,773.1,773.65,6745
1603435800,773.65,774.75,773.55,773.55,14657
1603436100,773.55,774.0,771.6,772.1,30688
1603436400,772.25,773.0,769.85,769.85,89253
1603436700,769.85,770.0,768.35,768.8,57012
1603437000,768.8,769.9,768.5,769.3,45241
1603437300,769.3,771.7,768.6,770.3,54226
1603437600,770.3,771.15,769.5,770.1,34681
1603437900,770.1,770.7,769.6,770.0,25203
1603438200,770.2,770.65,769.0,769.85,27097
1603438500,769.85,770.0,768.65,769.35,49005
1603438800,769.75,770.1,768.5,768.5,35956
1603439100,768.5,769.55,767.0,768.15,97960
1603439400,768.15,770.8,768.05,769.5,43586
1603439700,769.55,770.6,769.25,770.0,26692
1603440000,770.0,772.0,769.7,771.1,42671
1603440300,771.45,772.35,770.35,772.35,59463
1603440600,772.35,773.3,770.5,771.8,68441
1603440900,771.8,772.0,770.15,771.4,47238
1603441200,771.35,771.7,770.0,770.0,29501
1603441500,770.1,770.85,770.0,770.7,28296
1603441800,770.7,771.2,769.05,769.1,35089
1603442100,769.1,769.6,768.15,769.1,35928
1603442400,769.15,769.5,768.4,769.2,31018
1603442700,769.2,770.0,768.85,768.85,31846
1603443000,768.95,770.0,768.8,769.4,30208
1603443300,769.4,769.95,769.0,769.0,24805
1603443600,769.0,770.85,768.85,770.05,26264
1603443900,770.05,772.8,769.2,772.7,43902
1603444200,772.3,772.75,770.6,771.4,44673
1603444500,771.05,772.0,770.15,770.25,33509
1603444800,770.25,772.5,770.1,772.0,34557
1603445100,772.2,772.2,770.05,770.1,31105
1603445400,770.1,771.8,770.1,771.1,30653
1603445700,771.65,771.7,770.0,771.25,47944
1603446000,771.3,771.95,770.05,770.45,51657
1603446300,770.3,771.1,770.0,770.45,62096
1603446600,770.45,771.5,770.0,770.3,79550
1603446900,770.95,771.5,770.3,771.0,48255
1603683900,775.0,775.05,769.05,769.4,76258
1603684200,769.45,770.25,768.15,769.5,39001
1603684500,769.55,770.7,769.45,770.6,18142
1603684800,770.5,770.6,769.5,769.85,27299
1603685100,770.35,770.95,769.55,770.3,17728
1603685400,770.3,770.85,769.75,770.75,8439
1603685700,770.7,772.5,770.05,770.45,22454
1603686000,770.45,771.05,769.8,770.0,15534
1603686300,770.0,772.4,770.0,772.1,18614
1603686600,772.0,773.0,771.75,772.25,26369
1603686900,772.3,773.7,772.2,773.35,19692
1603687200,773.35,773.9,772.0,773.0,16776
1603687500,773.05,776.0,773.05,775.7,26120
1603687800,775.7,775.75,773.4,774.3,19542
1603688100,774.3,775.0,773.65,773.65,24723
1603688400,773.85,773.85,772.55,773.3,15006
1603688700,773.3,774.3,772.55,774.2,7135
1603689000,774.2,775.0,773.4,773.4,17804
1603689300,773.4,774.4,773.3,774.05,10547
1603689600,773.9,775.0,773.65,774.4,9586
1603689900,774.4,774.55,773.6,773.9,5787
1603690200,773.9,774.9,773.9,774.6,17814
1603690500,774.6,775.0,774.4,775.0,8005
1603690800,775.0,775.0,774.25,774.7,11419
1603691100,774.7,774.75,772.5,772.5,12390
1603691400,772.5,772.55,770.45,770.95,25133
1603691700,770.5,772.15,770.35,771.9,12840
1603692000,771.9,771.9,771.0,771.1,10547
1603692300,771.1,771.85,770.0,770.05,17956
1603692600,770.05,770.95,770.0,770.3,11219
1603692900,770.35,772.25,770.0,772.0,12303
1603693200,771.5,772.15,771.0,772.1,8338
1603693500,772.1,772.15,771.0,771.0,6389
1603693800,771.0,774.0,771.0,771.4,17636
1603694100,771.4,771.55,770.8,770.85,12706
1603694400,770.85,771.95,770.7,771.3,8617
1603694700,771.3,772.0,771.0,771.8,8533
1603695000,771.8,772.3,771.2,771.4,18613
1603695300,771.4,772.9,771.2,771.3,10431
1603695600,771.3,771.9,771.05,771.45,6484
1603695900,771.45,772.0,770.95,770.95,8581
1603696200,770.95,771.75,769.1,770.0,24279
1603696500,770.0,770.35,769.15,770.0,9556
1603696800,770.0,770.0,768.85,769.4,13569
1603697100,769.4,769.75,765.85,766.85,41641
1603697400,766.85,767.3,765.1,765.1,16099
1603697700,765.35,766.9,765.2,765.85,14745
1603698000,765.7,767.8,765.45,767.65,11656
1603698300,767.65,768.45,766.15,768.4,16116
1603698600,768.35,768.35,767.05,767.35,9053
1603698900,767.4,768.0,767.0,767.15,9593
1603699200,767.15,768.7,767.05,768.7,9758
1603699500,768.3,769.65,767.5,768.65,17391
1603699800,768.65,769.3,768.2,768.5,6107
1603700100,768.55,770.0,768.45,769.95,9212
1603700400,770.0,770.0,768.6,768.65,12869
1603700700,768.6,769.25,767.1,767.35,13773
1603701000,767.35,768.5,766.45,767.05,21234
1603701300,767.05,767.1,766.15,766.3,12046
1603701600,766.3,767.65,766.2,767.1,9610
1603701900,767.45,769.6,766.7,768.1,14216
1603702200,768.1,769.5,767.7,769.35,11428
1603702500,769.35,769.7,768.75,769.0,12029
1603702800,769.0,772.0,769.0,770.75,20991
1603703100,770.75,784.9,768.2,783.4,490032
1603703400,783.95,783.95,773.7,776.5,366266
1603703700,776.65,778.55,774.0,774.5,97746
1603704000,774.5,781.9,773.15,779.5,150431
1603704300,779.5,782.95,777.3,780.35,91724
1603704600,780.25,781.5,779.3,780.7,65081
1603704900,780.1,780.75,776.5,777.15,91380
1603705200,777.3,778.7,776.35,777.85,41139
1603705500,777.75,779.4,777.3,778.9,48211
1603705800,778.3,779.95,778.0,779.15,74633
1603706100,779.3,782.45,777.7,781.0,92597
1603770300,791.0,791.8,781.0,787.55,256523
1603770600,788.0,789.5,784.5,786.0,75257
1603770900,786.8,789.5,785.6,788.35,79720
1603771200,788.9,788.95,783.1,784.45,74713
1603771500,785.0,785.95,783.0,783.6,49110
1603771800,784.0,784.2,782.2,782.2,53102
1603772100,782.6,786.4,782.3,785.5,56873
1603772400,785.95,786.0,784.9,785.25,32943
1603772700,785.25,785.65,783.0,784.1,36019
1603773000,783.9,784.8,783.2,783.9,21345
1603773300,783.5,783.95,782.6,782.7,27241
1603773600,783.05,784.6,782.35,784.0,34551
1603773900,783.9,785.0,783.5,783.65,32383
1603774200,783.65,784.5,783.0,783.5,16653
1603774500,783.5,783.95,783.0,783.25,16010
1603774800,783.25,783.45,780.0,780.65,66777
1603775100,780.5,781.0,778.5,779.3,45392
1603775400,779.1,780.9,778.5,779.15,30166
1603775700,779.2,780.0,778.5,779.35,40136
1603776000,779.3,779.75,779.0,779.15,16319
1603776300,779.2,781.9,779.1,780.3,24034
1603776600,780.1,780.85,779.55,780.0,19212
1603776900,780.0,780.8,779.0,779.1,18332
1603777200,779.1,780.0,779.05,779.4,17176
1603777500,779.4,780.05,779.3,779.4,11169
1603777800,779.4,780.5,779.35,779.5,13067
1603778100,779.5,780.05,779.35,779.45,11438
1603778400,779.45,779.95,779.15,779.2,11736
1603778700,779.2,780.65,779.2,780.0,23326
1603779000,779.9,780.8,779.5,780.1,17407
1603779300,780.2,781.0,779.7,780.15,12117
1603779600,780.2,780.55,779.7,780.0,9234
1603779900,780.0,780.4,779.3,780.3,18601
1603780200,780.0,780.35,779.2,779.35,10231
1603780500,779.35,780.2,779.3,780.0,9760
1603780800,780.0,781.6,779.55,780.0,27721
1603781100,780.05,780.6,779.9,780.05,10939
1603781400,780.05,780.8,780.0,780.5,19384
1603781700,780.4,780.8,780.0,780.1,11798
1603782000,780.0,780.95,779.5,780.0,31868
1603782300,780.0,780.6,779.75,780.1,19125
1603782600,780.15,780.5,779.0,779.05,19546
1603782900,779.05,779.45,776.5,777.0,43605
1603783200,777.0,777.35,774.3,775.0,45381
1603783500,775.15,777.0,771.25,772.15,54372
1603783800,772.05,773.7,771.1,773.5,33899
1603784100,773.5,774.75,773.2,774.05,34459
1603784400,774.35,776.2,774.0,775.1,31463
1603784700,774.8,775.25,773.5,774.5,23843
1603785000,774.9,774.9,773.25,774.4,18862
1603785300,774.4,774.5,773.4,773.7,14267
1603785600,773.7,774.95,773.1,773.1,22906
1603785900,773.1,774.5,773.1,773.6,17731
1603786200,773.55,774.15,773.0,773.15,16924
1603786500,773.4,773.8,773.0,773.1,13269
1603786800,773.35,773.35,772.5,772.55,14430
1603787100,772.95,773.25,772.5,772.9,23389
1603787400,772.9,773.2,772.0,772.5,21251
1603787700,772.0,772.75,771.9,772.1,17438
1603788000,772.05,772.65,772.0,772.2,13820
1603788300,772.15,773.8,772.05,772.4,20110
1603788600,772.25,773.25,772.2,772.3,24957
1603788900,772.7,774.25,772.2,773.1,27744
1603789200,773.05,773.9,773.0,773.2,14810
1603789500,773.65,774.2,773.15,773.3,19894
1603789800,773.35,773.8,773.15,773.5,17740
1603790100,773.5,773.95,773.0,773.5,27644
1603790400,773.2,775.0,773.15,774.0,35959
1603790700,773.55,774.55,773.5,773.8,18196
1603791000,774.5,774.95,773.7,774.1,68236
1603791300,774.05,774.8,774.0,774.6,62631
1603791600,774.65,774.9,773.15,773.9,77633
1603791900,773.9,775.85,773.85,774.75,102503
1603792200,774.85,775.6,774.3,775.1,82868
1603792500,775.2,775.5,773.5,774.0,56725
1603856700,777.0,777.0,769.25,771.0,61165
1603857000,771.5,772.5,769.25,771.75,30033
1603857300,772.4,774.0,770.5,771.35,21408
1603857600,771.2,773.9,771.05,773.2,17278
1603857900,773.95,774.7,772.7,773.75,16873
1603858200,773.3,774.1,771.0,771.85,22974
1603858500,772.4,774.7,772.1,772.6,16403
1603858800,772.6,775.05,772.6,774.2,18223
1603859100,774.15,775.0,773.15,774.95,19625
1603859400,774.85,778.2,773.05,775.0,133061
1603859700,775.0,775.95,773.45,773.45,25535
1603860000,773.45,774.9,773.2,774.1,5147
1603860300,774.45,775.4,773.35,774.25,22317
1603860600,774.25,775.75,773.3,774.5,19870
1603860900,774.5,775.45,774.4,774.9,12427
1603861200,775.35,776.0,774.2,775.95,8403
1603861500,775.95,776.0,774.05,775.15,9781
1603861800,775.15,776.0,774.35,775.1,14856
1603862100,775.1,775.1,773.95,774.4,11888
1603862400,774.4,774.95,774.0,774.8,4396
1603862700,774.35,774.9,774.0,774.15,6135
1603863000,774.05,774.95,773.6,774.1,7089
1603863300,774.05,774.6,772.2,772.8,12908
1603863600,772.8,773.0,772.05,772.7,3427
1603863900,772.7,774.95,772.7,774.2,16276
1603864200,774.2,774.35,773.1,773.55,5893
1603864500,773.55,774.0,773.0,773.7,3933
1603864800,773.7,774.2,773.25,773.35,3413
1603865100,773.35,774.85,773.25,774.3,9818
1603865400,774.3,774.85,774.05,774.7,2841
1603865700,774.7,774.7,774.0,774.3,2951
1603866000,774.3,774.45,773.65,773.7,2069
1603866300,773.7,774.0,772.8,772.9,8418
1603866600,773.3,773.4,772.5,772.5,3313
1603866900,772.5,774.1,772.5,772.85,8462
1603867200,772.9,773.3,772.4,773.05,3700
1603867500,773.05,774.0,772.85,773.2,2156
1603867800,773.2,773.5,772.5,772.75,2112
1603868100,772.75,773.2,771.0,771.25,13567
1603868400,771.25,772.3,770.0,770.5,14637
1603868700,770.5,770.55,769.0,769.15,26576
1603869000,769.15,770.0,769.1,769.85,9296
1603869300,769.85,770.35,768.3,769.1,17563
1603869600,769.1,769.95,768.1,769.6,12052
1603869900,769.6,770.0,768.7,769.25,8826
1603870200,769.25,769.4,768.5,769.05,4650
1603870500,769.05,769.15,766.0,766.5,22984
1603870800,766.65,768.5,766.3,767.6,12839
1603871100,767.1,768.9,767.1,768.2,7518
1603871400,768.2,770.0,768.2,770.0,15174
1603871700,770.3,772.8,770.3,770.5,26359
1603872000,770.5,771.0,770.25,770.8,5736
1603872300,770.8,771.0,770.3,770.5,9069
1603872600,770.5,771.0,769.5,770.0,23697
1603872900,770.0,770.6,769.1,769.65,8990
1603873200,769.4,770.0,769.0,769.3,7872
1603873500,769.95,769.95,767.95,767.95,13978
1603873800,767.95,768.65,767.35,767.95,13205
1603874100,767.95,769.5,767.6,767.85,22025
1603874400,767.85,768.65,767.6,768.65,5066
1603874700,768.65,770.0,768.45,769.25,13965
1603875000,769.25,770.0,769.0,769.95,9877
1603875300,769.95,770.0,769.25,769.75,4405
1603875600,769.75,771.7,769.5,770.0,19527
1603875900,770.0,770.9,769.55,770.45,8140
1603876200,770.45,771.0,769.75,770.0,4449
1603876500,770.0,771.0,770.0,770.5,5412
1603876800,770.5,770.5,769.5,770.25,9382
1603877100,770.25,770.65,769.6,770.25,7519
1603877400,770.0,770.8,768.9,770.15,18945
1603877700,770.4,770.9,769.5,770.9,15899
1603878000,771.0,771.95,769.9,770.3,33416
1603878300,770.15,770.9,769.85,770.5,23658
1603878600,770.95,772.2,770.5,771.95,49272
1603878900,772.25,772.7,771.5,772.6,29655
1603943100,764.45,771.9,761.5,765.55,55916
1603943400,766.2,770.9,764.8,770.1,24878
1603943700,770.4,770.9,767.0,768.0,20632
1603944000,768.0,770.85,767.55,769.65,14139
1603944300,769.25,772.65,768.7,771.8,27008
1603944600,771.2,773.0,770.95,771.6,28643
1603944900,771.2,771.9,769.85,770.2,29902
1603945200,770.2,770.7,769.4,769.6,10030
1603945500,769.95,770.65,769.6,770.45,7450
1603945800,770.45,770.95,767.05,769.4,16241
1603946100,769.4,770.5,765.85,767.15,16718
1603946400,766.85,769.9,766.85,769.85,6795
1603946700,769.85,770.7,767.85,768.0,14961
1603947000,767.85,768.9,767.2,768.65,6340
1603947300,768.65,769.5,768.0,768.45,2978
1603947600,768.45,768.45,765.0,765.05,18185
1603947900,765.05,766.0,764.3,766.0,15974
1603948200,766.0,767.85,766.0,767.45,10258
1603948500,767.45,768.35,766.25,766.85,6882
1603948800,766.85,767.35,765.55,766.1,5432
1603949100,766.1,766.9,765.05,765.5,5133
1603949400,765.5,766.0,765.0,765.55,9568
1603949700,765.55,766.55,764.55,765.25,17911
1603950000,765.25,765.7,764.6,765.3,8828
1603950300,765.3,765.8,764.9,765.65,3300
1603950600,765.65,766.7,765.4,766.2,4213
1603950900,766.45,767.5,766.15,766.15,9641
1603951200,766.25,766.85,765.2,765.65,5321
1603951500,765.65,766.1,764.95,765.8,6216
1603951800,765.8,765.95,764.45,764.6,5790
1603952100,764.6,765.1,764.25,765.05,10202
1603952400,765.05,766.1,764.8,765.5,7399
1603952700,765.5,766.05,765.0,765.75,11003
1603953000,765.5,767.4,765.2,766.4,19561
1603953300,766.4,766.7,766.05,766.3,4555
1603953600,766.3,766.55,765.35,765.45,4807
1603953900,765.85,766.55,765.4,766.1,5121
1603954200,766.1,766.4,765.0,765.45,8298
1603954500,765.45,765.95,764.1,764.5,9647
1603954800,764.5,764.5,761.5,762.35,39036
1603955100,762.05,762.5,759.1,761.0,47550
1603955400,761.0,763.8,761.0,762.4,14292
1603955700,762.4,762.45,760.6,760.7,7573
1603956000,760.7,761.35,760.05,760.5,9396
1603956300,760.3,760.5,759.55,760.45,16834
1603956600,760.5,761.2,757.7,758.5,22575
1603956900,758.5,759.5,758.0,758.8,7127
1603957200,758.8,760.0,758.0,758.1,10769
1603957500,758.6,759.3,756.4,757.15,24743
1603957800,756.8,757.25,755.4,756.85,28287
1603958100,757.0,757.1,755.25,756.8,10930
1603958400,756.75,757.9,756.05,757.4,12246
1603958700,757.4,758.75,756.7,758.35,18190
1603959000,758.05,758.25,757.2,757.65,12347
1603959300,757.7,758.0,756.5,757.0,12796
1603959600,757.0,758.0,756.5,757.95,15789
1603959900,757.95,758.0,757.0,757.1,7359
1603960200,757.1,757.7,757.05,757.05,5955
1603960500,757.1,759.3,757.1,758.15,27788
1603960800,758.15,758.3,757.5,757.5,9207
1603961100,757.5,758.5,757.4,757.4,11478
1603961400,757.4,758.5,757.0,758.15,13556
1603961700,758.15,758.4,757.25,757.25,7415
1603962000,757.25,758.1,757.0,757.05,18973
1603962300,757.05,758.75,756.85,758.6,17055
1603962600,758.35,758.55,757.6,757.9,8448
1603962900,757.9,758.45,757.1,757.1,6004
1603963200,757.1,758.45,757.0,757.55,9385
1603963500,757.55,758.45,757.3,758.0,9508
1603963800,758.3,759.0,757.05,757.3,28279
1603964100,757.3,761.9,757.3,761.7,35695
1603964400,761.95,762.9,760.5,762.65,25296
1603964700,762.8,764.8,762.0,763.1,27504
1603965000,763.1,763.85,761.7,763.55,30652
1603965300,763.5,764.5,763.0,763.0,17177
1604029500,761.5,766.0,759.35,764.9,41403
1604029800,765.25,769.0,764.7,768.45,30260
1604030100,768.45,769.8,766.05,768.75,18652
1604030400,768.4,769.0,766.25,767.6,12817
1604030700,767.6,769.55,767.0,768.3,10573
1604031000,768.3,769.1,767.2,767.6,8159
1604031300,767.6,771.75,767.05,771.15,19341
1604031600,771.25,772.75,770.55,771.7,34769
1604031900,771.55,772.25,770.3,771.55,14874
1604032200,771.55,772.9,770.65,770.95,19628
1604032500,770.95,775.7,770.95,773.6,43780
1604032800,773.9,773.9,770.7,771.95,26402
1604033100,771.95,772.1,770.65,771.3,19669
1604033400,771.3,772.1,770.95,771.6,19072
1604033700,771.6,771.6,768.5,768.7,19844
1604034000,768.7,770.0,768.55,769.55,7390
1604034300,769.55,771.85,769.0,770.95,21280
1604034600,770.95,771.65,770.05,771.0,7136
1604034900,771.0,771.05,770.2,770.85,5380
1604035200,770.85,771.3,770.0,770.3,11340
1604035500,770.3,772.0,769.95,771.05,28388
1604035800,771.0,771.0,768.05,768.75,17538
1604036100,768.95,769.65,768.4,768.4,9340
1604036400,768.6,769.5,766.65,767.15,23986
1604036700,767.15,768.1,766.3,767.25,14394
1604037000,767.3,768.3,766.8,766.95,4729
1604037300,766.95,767.6,765.65,765.65,13151
1604037600,765.65,766.75,765.2,766.2,9138
1604037900,766.2,766.2,763.95,763.95,14337
1604038200,763.95,764.35,762.1,762.75,11343
1604038500,762.15,763.0,761.3,763.0,14529
1604038800,763.0,764.15,762.5,763.4,4755
1604039100,763.4,763.4,759.9,760.55,25050
1604039400,760.6,761.7,760.2,760.9,8914
1604039700,760.9,761.0,759.0,759.05,9301
1604040000,759.05,759.95,757.3,758.6,23464
1604040300,758.6,759.45,757.9,758.25,4704
1604040600,758.25,759.5,758.0,758.35,3093
1604040900,758.35,760.2,758.3,758.65,4123
1604041200,758.95,760.9,758.25,760.8,7145
1604041500,760.8,760.95,758.0,758.0,6574
1604041800,758.0,760.1,757.5,758.5,5143
1604042100,758.5,760.0,758.45,759.7,4127
1604042400,759.55,759.55,757.4,758.55,10655
1604042700,758.55,759.0,757.5,758.15,8039
1604043000,758.15,760.05,758.15,759.9,8987
1604043300,759.9,761.45,759.55,760.55,7813
1604043600,760.55,760.95,759.5,760.7,14515
1604043900,760.55,761.5,760.5,761.2,7113
1604044200,761.2,762.7,761.2,762.5,14238
1604044500,762.5,763.65,762.05,762.1,6442
1604044800,762.1,764.45,762.1,764.15,9108
1604045100,764.15,765.45,763.55,765.45,11164
1604045400,765.45,765.85,763.0,763.2,16400
1604045700,763.2,764.7,763.0,763.9,6849
1604046000,763.95,763.95,763.1,763.35,3307
1604046300,763.4,764.45,763.4,764.1,3624
1604046600,764.2,765.0,764.05,764.85,5930
1604046900,764.85,766.85,764.45,766.8,7487
1604047200,766.8,767.45,766.1,766.25,22740
1604047500,766.25,767.5,766.0,767.5,12908
1604047800,767.5,767.5,765.85,766.1,10564
1604048100,766.1,767.45,766.1,766.65,6991
1604048400,766.65,768.8,766.3,768.75,5208
1604048700,768.75,768.8,767.3,768.0,11807
1604049000,768.0,769.0,767.7,768.05,14722
1604049300,768.05,768.5,768.0,768.35,8917
1604049600,768.35,768.45,767.5,767.95,10725
1604049900,767.95,768.45,766.0,766.0,7036
1604050200,765.95,768.3,765.45,768.1,32546
1604050500,768.15,769.45,766.75,769.2,55787
1604050800,769.25,770.7,768.9,769.55,53724
1604051100,769.5,770.55,769.0,770.05,33006
1604051400,770.05,770.6,769.9,770.0,29402
1604051700,770.05,771.95,769.65,770.9,38004
1604288700,771.0,772.4,765.8,766.3,40773
1604289000,766.3,768.05,762.8,763.8,20968
1604289300,764.1,766.3,762.2,766.0,13453
1604289600,766.0,766.0,762.85,764.45,8705
1604289900,764.3,768.5,763.6,766.45,16256
1604290200,766.45,770.7,765.95,767.6,18670
1604290500,767.6,771.0,767.5,768.25,10689
1604290800,768.25,768.9,767.5,768.05,4257
1604291100,767.9,768.7,766.65,766.65,4655
1604291400,766.65,770.2,765.95,770.2,9541
1604291700,770.2,772.0,770.0,771.5,10596
1604292000,771.5,772.0,770.4,770.8,4114
1604292300,770.8,773.9,770.75,772.95,15116
1604292600,772.5,774.45,772.45,773.0,12160
1604292900,773.0,774.95,772.45,774.55,7641
1604293200,774.55,775.0,773.5,775.0,6489
1604293500,775.0,776.4,774.6,775.1,16317
1604293800,775.1,776.95,775.0,776.15,7720
1604294100,776.15,778.0,776.15,777.25,18627
1604294400,777.25,777.95,776.1,777.3,12749
1604294700,777.4,778.5,777.0,778.25,8866
1604295000,778.25,778.5,776.5,776.7,11412
1604295300,776.7,777.7,776.4,777.35,4071
1604295600,777.35,777.75,776.4,776.9,7184
1604295900,776.75,778.2,776.2,777.05,11295
1604296200,777.05,778.35,775.5,778.2,6470
1604296500,778.25,778.25,777.35,777.65,4028
1604296800,777.35,777.6,775.9,776.8,7278
1604297100,776.65,777.9,776.35,777.05,6766
1604297400,777.05,777.4,775.9,777.0,2264
1604297700,777.0,777.45,775.1,776.35,9465
1604298000,776.4,777.85,775.5,777.1,7503
1604298300,777.1,777.5,775.8,776.1,1795
1604298600,776.1,777.6,775.8,777.55,5815
1604298900,777.55,777.9,776.05,776.5,3218
1604299200,776.1,777.0,775.55,775.7,3195
1604299500,775.7,775.7,772.95,774.75,11286
1604299800,774.5,775.0,774.05,774.05,5036
1604300100,774.15,774.15,772.0,772.7,5694
1604300400,772.7,774.85,772.05,772.75,5986
1604300700,772.65,774.3,772.6,773.2,7710
1604301000,773.2,773.25,772.0,772.05,5145
1604301300,772.05,772.45,770.1,770.1,14236
1604301600,770.1,772.9,769.45,772.1,13726
1604301900,772.0,772.1,769.3,769.6,8763
1604302200,769.6,770.0,769.0,769.35,3112
1604302500,769.35,770.55,769.0,770.55,9798
1604302800,770.1,770.5,769.05,769.6,7363
1604303100,769.7,772.1,769.4,772.05,6963
1604303400,771.9,772.85,770.3,770.35,13633
1604303700,770.3,770.9,769.7,770.9,10959
1604304000,770.95,771.6,769.5,769.75,8112
1604304300,769.75,770.95,768.55,770.25,11936
1604304600,770.25,770.25,769.0,769.55,5732
1604304900,769.55,770.0,769.2,769.9,6539
1604305200,769.9,770.45,769.35,769.4,11367
1604305500,769.4,770.0,768.15,769.7,9068
1604305800,769.8,769.9,768.5,769.0,5246
1604306100,769.0,770.0,768.95,769.9,8501
1604306400,769.8,770.0,769.0,769.4,22919
1604306700,769.3,770.0,768.65,769.75,24426
1604307000,769.75,770.0,769.0,770.0,7722
1604307300,769.95,770.0,769.2,770.0,11600
1604307600,769.95,770.0,769.15,769.85,15292
1604307900,769.9,769.95,767.55,768.4,18216
1604308200,768.4,769.0,768.0,768.4,8127
1604308500,768.05,769.0,767.95,768.5,8188
1604308800,768.5,769.0,767.4,768.6,17783
1604309100,769.0,769.2,768.5,768.7,9169
1604309400,768.7,768.7,766.5,768.15,27106
1604309700,768.2,769.1,766.1,767.35,34010
1604310000,767.3,767.55,765.5,766.75,35088
1604310300,766.75,766.75,765.1,765.1,33534
1604310600,765.2,765.2,764.1,764.65,38086
1604310900,764.6,766.2,764.45,766.0,23683
1604375100,773.55,779.4,769.15,779.35,101976
1604375400,778.95,779.35,776.05,777.6,43666
1604375700,777.6,778.95,776.6,776.65,17999
1604376000,776.65,778.0,776.6,777.8,14446
1604376300,777.8,779.0,777.05,777.7,22476
1604376600,777.7,777.95,776.25,777.8,15688
1604376900,777.95,780.0,777.0,777.8,50028
1604377200,777.8,778.35,777.0,777.5,6097
1604377500,777.5,777.5,776.25,776.95,7813
1604377800,776.5,776.95,775.4,775.75,8651
1604378100,776.0,776.0,774.1,774.55,18669
1604378400,774.55,775.8,774.3,775.8,10085
1604378700,775.75,780.0,775.35,778.65,27023
1604379000,778.65,779.05,778.4,778.4,6972
1604379300,778.5,779.9,778.4,778.9,10585
1604379600,778.55,779.25,778.35,779.0,8680
1604379900,779.0,780.45,779.0,780.3,12643
1604380200,780.35,781.95,780.05,781.6,25185
1604380500,781.35,781.95,781.1,781.4,10885
1604380800,781.4,783.0,781.25,783.0,20900
1604381100,782.95,784.0,782.8,783.7,20415
1604381400,783.7,783.9,781.35,782.9,22599
1604381700,783.0,783.7,781.5,781.6,9212
1604382000,781.6,782.8,781.25,782.5,9728
1604382300,782.7,783.0,782.25,782.85,5948
1604382600,782.85,783.0,782.3,782.85,5452
1604382900,782.85,783.6,782.35,783.45,9263
1604383200,783.45,783.95,782.0,782.35,13125
1604383500,782.35,783.35,782.0,783.1,8415
1604383800,783.1,783.8,782.65,783.6,7670
1604384100,783.65,784.45,783.15,784.3,16430
1604384400,784.3,785.0,784.05,784.05,23827
1604384700,784.05,784.45,782.05,782.25,11872
1604385000,782.25,783.95,782.05,783.85,8743
1604385300,783.95,784.0,783.6,783.75,4565
1604385600,783.75,784.0,783.0,783.8,9756
1604385900,783.8,785.0,783.3,784.85,18659
1604386200,784.85,785.45,783.9,785.1,30620
1604386500,785.1,786.0,784.8,785.8,21630
1604386800,785.75,786.55,785.3,786.25,16844
1604387100,786.05,787.85,786.0,787.05,34885
1604387400,787.05,787.5,786.4,787.5,20870
1604387700,787.5,787.5,787.0,787.0,12106
1604388000,787.0,789.0,787.0,789.0,31108
1604388300,789.05,789.75,788.7,789.65,30906
1604388600,789.35,789.9,789.0,789.55,13077
1604388900,789.5,790.6,789.5,790.6,36468
1604389200,790.6,792.65,790.05,790.5,31474
1604389500,790.5,791.4,789.55,790.4,18030
1604389800,790.5,791.0,790.0,790.55,10999
1604390100,790.55,791.0,789.6,790.85,19820
1604390400,790.85,790.85,789.55,790.0,18776
1604390700,790.0,790.4,789.75,790.1,10393
1604391000,790.1,792.0,790.0,791.0,15166
1604391300,790.95,792.5,790.1,792.5,24205
1604391600,792.5,794.9,791.7,794.9,46125
1604391900,794.9,795.7,794.1,795.35,45898
1604392200,795.4,797.8,792.15,793.4,57671
1604392500,793.45,794.85,792.0,793.1,18958
1604392800,793.25,793.25,790.95,792.0,20407
1604393100,792.1,793.5,791.5,792.0,14033
1604393400,792.05,792.55,790.0,790.55,26550
1604393700,790.55,792.0,790.55,791.3,8050
1604394000,791.3,791.3,790.0,790.75,21545
1604394300,790.75,790.75,790.0,790.0,15462
1604394600,790.0,790.4,790.0,790.0,10720
1604394900,790.0,790.6,790.0,790.2,17917
1604395200,790.2,790.3,785.9,786.55,35406
1604395500,785.9,789.1,785.75,788.9,16913
1604395800,789.1,789.85,788.0,789.2,13788
1604396100,789.2,789.5,788.25,789.15,16958
1604396400,789.15,790.0,787.45,789.85,25892
1604396700,789.85,789.95,788.1,788.6,26369
1604397000,789.15,789.55,788.4,788.6,30384
1604397300,788.65,789.95,788.5,788.5,28212
1604461500,796.75,796.75,790.0,790.5,48778
1604461800,790.65,791.1,786.05,787.8,38438
1604462100,787.7,789.0,785.65,788.75,31494
1604462400,788.75,790.0,787.0,788.9,17718
1604462700,788.4,790.55,788.05,789.95,11240
1604463000,789.95,792.85,789.7,792.85,12794
1604463300,792.85,793.9,790.45,790.5,15847
1604463600,790.5,790.8,787.2,789.0,13743
1604463900,789.0,789.55,788.0,788.75,4306
1604464200,788.75,788.75,787.2,788.15,4668
1604464500,788.15,788.7,785.8,786.25,7709
1604464800,786.25,787.9,785.55,786.1,18922
1604465100,786.1,786.6,783.8,785.25,26450
1604465400,785.25,787.9,784.5,787.45,15567
1604465700,787.8,788.0,787.1,787.1,4827
1604466000,786.4,788.7,786.2,788.1,5189
1604466300,788.0,789.0,786.55,786.55,7608
1604466600,786.55,788.25,786.0,786.7,4083
1604466900,786.7,788.2,786.2,787.65,7678
1604467200,787.75,788.65,786.2,787.5,16415
1604467500,787.5,787.85,787.1,787.35,5217
1604467800,787.35,787.6,785.8,787.1,7123
1604468100,787.1,789.0,787.1,788.5,8446
1604468400,788.5,789.45,788.15,788.95,9828
1604468700,788.95,788.95,787.1,787.5,6097
1604469000,787.5,789.0,787.45,789.0,6219
1604469300,789.0,789.5,788.75,789.0,8129
1604469600,789.0,789.0,788.2,788.9,3906
1604469900,788.9,789.25,788.25,789.0,4812
1604470200,789.0,789.4,788.7,788.95,7519
1604470500,788.95,789.0,788.2,788.6,4745
1604470800,788.6,788.6,787.05,788.0,5768
1604471100,788.0,788.0,785.0,786.3,8349
1604471400,786.3,787.8,786.3,786.75,6602
1604471700,786.75,787.8,786.75,787.5,3725
1604472000,787.2,787.55,786.15,786.2,5345
1604472300,786.2,787.3,785.9,786.35,5151
1604472600,786.05,786.4,785.5,786.35,6767
1604472900,786.35,789.0,786.3,789.0,4775
1604473200,789.0,789.0,786.95,787.3,5717
1604473500,787.3,788.65,787.0,788.45,4001
1604473800,788.45,789.0,787.2,787.85,5129
1604474100,787.75,787.95,786.5,787.95,6312
1604474400,787.95,788.9,787.6,788.9,4115
1604474700,788.9,789.0,788.1,788.1,4579
1604475000,788.1,789.2,788.0,788.5,10299
1604475300,788.5,788.5,787.6,788.05,14029
1604475600,788.1,789.0,785.45,789.0,39814
1604475900,789.0,789.0,787.1,787.5,56134
1604476200,787.5,790.5,787.5,790.0,33118
1604476500,790.0,790.35,788.2,788.8,11553
1604476800,789.1,789.95,788.2,789.5,6265
1604477100,789.5,789.5,787.55,788.9,8623
1604477400,788.9,789.0,787.1,787.3,3957
1604477700,787.3,787.5,785.95,786.85,7873
1604478000,786.85,788.2,786.45,787.35,6571
1604478300,787.35,788.8,785.5,788.05,8318
1604478600,788.05,788.1,787.1,787.5,5525
1604478900,787.5,787.9,786.65,787.15,4952
1604479200,787.45,787.8,786.45,787.55,3899
1604479500,787.55,789.45,787.55,788.65,10521
1604479800,788.7,788.95,787.2,787.7,6242
1604480100,787.7,790.0,787.7,788.65,7445
1604480400,788.65,789.5,787.65,789.05,4065
1604480700,789.2,790.0,788.05,788.05,5424
1604481000,788.05,788.9,787.1,787.2,3876
1604481300,787.2,789.55,787.2,788.7,5612
1604481600,788.75,791.8,788.7,790.6,17376
1604481900,790.6,791.2,789.6,791.2,11528
1604482200,791.25,794.9,791.25,793.75,31898
1604482500,794.05,794.5,792.85,793.05,21993
1604482800,793.2,793.35,790.65,790.95,14070
1604483100,791.0,792.6,787.55,789.45,57189
1604483400,789.55,790.1,788.35,789.85,21829
1604483700,789.7,790.95,788.35,789.8,13394
1604547900,797.0,798.4,793.0,795.7,27322
1604548200,795.7,796.75,793.35,793.85,22979
1604548500,793.3,797.0,793.3,797.0,15327
1604548800,797.25,800.3,796.25,799.9,55437
1604549100,799.5,801.0,799.5,800.0,24142
1604549400,800.0,800.5,798.95,800.0,15780
1604549700,800.0,803.45,799.9,803.35,33326
1604550000,803.35,805.65,800.9,805.0,83075
1604550300,805.0,806.8,803.9,804.85,51419
1604550600,804.85,805.8,803.1,804.0,26093
1604550900,803.95,804.95,802.75,803.85,37792
1604551200,804.0,804.95,801.5,802.15,34195
1604551500,802.15,803.4,801.5,803.35,20013
1604551800,803.4,803.45,801.85,803.0,12639
1604552100,803.0,804.9,803.0,804.75,12094
1604552400,804.7,805.3,804.25,805.0,23992
1604552700,804.8,805.5,804.1,804.8,14833
1604553000,805.0,805.6,803.25,803.7,22573
1604553300,804.0,804.8,802.55,803.15,13707
1604553600,803.55,804.85,803.1,804.3,12684
1604553900,804.55,804.85,804.0,804.45,9233
1604554200,804.5,805.4,804.2,804.9,14216
1604554500,804.9,805.1,802.55,802.95,20399
1604554800,802.95,803.1,801.8,802.1,11838
1604555100,802.05,803.0,802.05,802.5,10217
1604555400,802.5,803.0,802.45,802.85,5992
1604555700,802.85,803.2,802.1,802.75,11945
1604556000,802.75,803.0,802.65,803.0,10588
1604556300,802.95,803.4,802.0,802.05,12578
1604556600,802.05,803.0,801.65,802.55,16032
1604556900,802.55,803.2,801.7,803.0,11246
1604557200,803.0,803.0,802.3,803.0,10850
1604557500,803.0,803.0,802.1,802.95,9721
1604557800,802.9,804.0,802.65,803.95,10217
1604558100,803.95,804.0,803.35,804.0,8632
1604558400,804.0,804.0,803.55,804.0,8174
1604558700,804.0,804.0,803.75,803.8,7763
1604559000,803.8,804.0,802.5,802.75,21453
1604559300,802.75,804.35,802.75,804.0,7170
1604559600,804.25,804.9,803.05,803.55,11409
1604559900,803.55,804.0,803.0,803.0,10325
1604560200,803.0,803.5,802.6,802.95,13990
1604560500,802.95,803.0,802.55,803.0,16754
1604560800,803.0,803.0,802.4,802.45,8064
1604561100,802.45,803.9,802.2,803.25,11837
1604561400,803.25,804.0,803.25,804.0,10919
1604561700,804.0,804.9,803.85,804.75,13842
1604562000,804.75,804.9,804.0,804.05,16799
1604562300,804.0,804.3,803.1,804.05,8952
1604562600,804.05,804.8,803.8,804.4,10531
1604562900,804.45,804.75,804.0,804.5,11160
1604563200,804.7,805.25,804.1,804.6,23492
1604563500,804.6,805.3,804.6,805.0,8665
1604563800,805.2,805.2,804.95,805.0,9319
1604564100,805.05,805.35,804.0,805.3,21116
1604564400,805.3,805.35,804.65,804.65,12573
1604564700,804.65,805.2,804.4,804.8,9936
1604565000,804.8,805.3,804.8,804.95,10474
1604565300,805.0,805.0,803.25,803.95,14524
1604565600,804.05,804.3,802.55,803.2,19004
1604565900,803.3,805.5,802.85,805.45,27507
1604566200,805.0,805.75,804.95,805.35,22540
1604566500,805.35,805.4,804.8,805.1,22505
1604566800,805.1,805.5,804.95,805.1,18767
1604567100,805.1,805.4,804.95,805.0,8598
1604567400,805.0,805.4,804.95,805.2,11017
1604567700,805.2,805.5,804.95,805.0,19087
1604568000,805.25,805.35,803.25,804.55,20695
1604568300,804.55,805.75,803.95,805.3,24240
1604568600,805.3,805.8,804.55,805.45,18559
1604568900,805.45,805.5,804.95,805.0,14139
1604569200,805.3,805.5,805.0,805.0,21711
1604569500,805.0,805.65,804.65,805.5,24204
1604569800,805.15,805.5,803.5,804.3,32143
1604570100,804.3,805.25,803.15,804.5,34344
1604634300,805.45,808.9,805.45,806.0,29949
1604634600,806.05,806.85,804.4,805.85,15911
1604634900,805.85,806.0,804.35,804.6,12694
1604635200,804.6,807.0,804.0,804.35,16784
1604635500,804.35,805.45,804.35,804.7,7669
1604635800,804.5,804.9,802.5,804.9,61110
1604636100,804.9,805.55,804.4,805.0,6877
1604636400,805.0,805.75,804.5,805.75,3613
1604636700,804.95,804.95,804.0,804.45,8910
1604637000,804.45,805.0,803.5,804.65,7698
1604637300,804.55,805.3,804.55,804.95,4017
1604637600,804.95,805.05,803.9,804.5,8773
1604637900,804.5,804.9,801.8,802.0,22059
1604638200,802.0,803.95,802.0,803.65,8537
1604638500,803.65,803.8,802.7,802.95,3991
1604638800,802.8,803.95,802.3,803.4,8600
1604639100,803.4,804.5,802.6,804.35,9639
1604639400,804.35,804.5,803.55,804.5,4811
1604639700,804.5,806.0,803.8,806.0,15402
1604640000,806.35,806.45,803.1,804.25,14028
1604640300,804.25,805.25,802.6,805.1,11446
1604640600,805.1,805.95,804.85,805.15,2241
1604640900,805.15,806.85,804.95,806.7,7541
1604641200,806.7,806.95,803.95,803.95,9337
1604641500,803.95,803.95,801.55,802.2,18400
1604641800,802.2,802.2,801.5,801.6,16882
1604642100,801.6,802.3,799.7,800.3,33914
1604642400,800.3,802.7,800.3,800.7,10899
1604642700,800.7,801.0,800.0,800.0,11387
1604643000,800.0,801.4,799.75,799.8,14810
1604643300,799.8,801.5,798.8,801.05,12522
1604643600,801.1,801.1,798.8,799.05,9837
1604643900,799.05,800.45,799.05,799.5,9808
1604644200,799.5,800.0,799.05,799.15,9969
1604644500,799.15,799.7,798.8,798.85,29961
1604644800,798.85,799.0,798.8,798.8,65158
1604645100,798.8,799.2,797.0,798.95,59040
1604645400,798.95,799.0,796.1,797.0,18548
1604645700,796.85,798.4,796.75,797.75,11170
1604646000,797.75,798.4,797.5,797.6,10046
1604646300,797.6,798.0,796.35,796.6,26559
1604646600,796.7,797.0,795.15,795.5,51500
1604646900,795.55,796.1,795.0,795.0,19478
1604647200,795.05,797.05,795.0,796.8,64060
1604647500,796.75,797.05,796.05,796.9,18581
1604647800,796.9,797.05,795.2,796.35,92619
1604648100,796.35,797.05,796.0,797.0,69628
1604648400,797.0,802.55,796.8,802.2,47310
1604648700,802.2,802.55,800.6,802.0,21392
1604649000,801.65,802.35,799.65,800.05,30184
1604649300,799.55,800.9,799.55,800.45,18601
1604649600,800.45,801.25,800.0,801.0,19995
1604649900,800.5,801.0,800.0,800.5,13293
1604650200,800.5,802.0,800.0,800.5,18505
1604650500,800.5,801.85,800.0,801.0,11302
1604650800,801.05,803.55,801.05,801.6,30450
1604651100,801.65,802.1,801.0,801.45,14499
1604651400,801.6,801.85,801.0,801.25,13932
1604651700,801.25,802.45,800.5,801.85,19750
1604652000,801.85,802.15,799.55,800.2,14378
1604652300,800.5,801.85,800.35,801.35,13906
1604652600,801.35,804.45,801.0,804.05,40959
1604652900,804.05,804.5,800.05,800.3,19619
1604653200,800.3,800.9,798.55,799.85,18716
1604653500,799.15,799.35,797.6,799.2,18844
1604653800,799.2,801.1,798.5,800.5,18812
1604654100,800.9,802.0,799.6,799.8,18268
1604654400,799.8,801.15,799.3,800.7,57954
1604654700,800.25,800.65,799.95,800.1,31436
1604655000,800.1,800.85,799.0,799.55,44647
1604655300,799.55,801.9,799.2,801.1,32438
1604655600,801.1,801.9,800.0,801.75,23874
1604655900,801.75,802.85,801.05,802.8,45968
1604656200,802.6,804.5,801.0,801.6,46278
1604656500,801.55,801.55,797.7,798.05,29055
1604893500,808.0,809.0,803.15,807.5,45213
1604893800,807.2,808.65,805.5,808.3,19459
1604894100,808.45,812.1,808.0,811.95,45853
1604894400,811.95,813.0,811.35,812.3,34031
1604894700,812.5,814.8,811.5,814.5,36595
1604895000,814.9,817.85,814.3,816.75,62161
1604895300,816.75,817.0,815.25,816.15,13664
1604895600,816.5,816.85,815.0,815.5,19036
1604895900,815.55,816.0,815.0,815.1,8523
1604896200,815.05,815.6,812.5,813.3,24002
1604896500,813.0,815.0,812.6,814.8,10350
1604896800,815.0,815.0,813.55,813.85,8406
1604897100,814.0,814.3,812.4,812.4,10400
1604897400,812.55,813.2,812.05,812.15,20261
1604897700,812.0,812.5,810.55,811.15,12349
1604898000,811.15,811.95,809.15,809.7,19695
1604898300,809.7,810.1,808.55,810.0,10169
1604898600,810.0,810.5,808.65,808.85,9427
1604898900,808.85,809.85,808.65,809.8,13019
1604899200,809.85,810.3,809.5,809.55,7255
1604899500,809.55,810.0,809.05,809.8,6930
1604899800,809.8,810.2,809.15,810.0,13089
1604900100,810.0,810.0,809.05,809.7,7012
1604900400,809.2,810.2,809.2,809.8,11212
1604900700,809.75,810.75,809.6,809.65,3001
1604901000,809.65,809.95,808.9,809.75,4226
1604901300,809.2,809.95,809.2,809.7,2085
1604901600,809.75,809.8,809.0,809.45,7467
1604901900,809.45,809.75,807.65,807.7,9349
1604902200,807.95,808.0,807.2,807.7,5754
1604902500,807.7,808.0,807.1,807.55,4024
1604902800,807.5,808.05,807.5,807.95,4612
1604903100,808.0,808.2,807.55,807.7,4287
1604903400,807.7,808.0,807.1,807.2,10807
1604903700,807.2,807.9,807.0,807.25,5602
1604904000,807.25,807.25,805.65,806.05,7059
1604904300,806.05,806.8,806.0,806.75,2928
1604904600,806.75,807.95,806.75,807.9,5351
1604904900,807.75,807.85,807.0,807.65,3943
1604905200,807.65,808.05,807.0,807.85,6312
1604905500,807.85,808.0,806.8,807.35,2546
1604905800,807.35,807.35,806.75,807.2,5354
1604906100,807.2,807.8,805.55,806.0,9727
1604906400,806.0,806.05,805.4,806.0,4804
1604906700,806.0,806.3,805.55,806.0,5827
1604907000,806.0,806.0,804.9,804.95,11225
1604907300,805.0,805.0,804.2,804.5,6483
1604907600,804.05,804.6,803.2,803.9,13294
1604907900,803.9,804.15,803.2,803.5,9274
1604908200,803.5,803.9,801.7,803.1,13687
1604908500,803.1,803.5,803.0,803.25,7110
1604908800,803.25,804.55,803.2,804.2,6939
1604909100,804.2,805.4,803.9,805.35,11485
1604909400,805.35,807.15,805.15,806.55,20402
1604909700,806.7,807.95,806.35,807.25,12272
1604910000,807.1,807.15,805.25,805.6,18641
1604910300,805.75,806.15,805.5,806.0,3527
1604910600,806.0,806.6,804.85,805.5,30869
1604910900,805.8,806.75,804.75,805.45,86453
1604911200,805.45,805.6,805.25,805.55,3382
1604911500,805.55,806.05,805.05,805.25,44065
1604911800,805.25,806.0,805.25,805.6,13714
1604912100,805.6,806.2,805.3,806.1,12038
1604912400,806.05,807.8,806.05,807.0,8649
1604912700,807.25,810.3,807.2,809.55,43308
1604913000,809.55,810.4,809.5,809.85,21250
1604913300,810.0,810.0,809.05,809.95,15116
1604913600,809.95,810.65,809.3,810.0,12461
1604913900,809.85,810.0,809.2,809.2,9711
1604914200,809.65,809.95,809.0,809.55,23742
1604914500,809.6,809.7,808.55,809.1,20690
1604914800,809.1,809.65,808.85,809.1,30537
1604915100,809.15,809.35,807.85,807.85,38174
1604915400,807.95,807.95,806.95,807.2,72287
1604915700,807.15,809.7,806.8,808.8,50003
1604979900,816.2,818.4,811.35,814.1,48518
1604980200,814.1,816.95,812.2,815.85,29138
1604980500,815.7,816.7,814.0,815.5,18036
1604980800,815.35,816.3,813.0,815.1,25689
1604981100,815.1,815.8,813.25,815.45,19840
1604981400,815.45,817.75,815.0,817.4,24318
1604981700,817.4,817.9,816.5,817.0,11092
1604982000,817.3,817.3,815.15,815.7,9339
1604982300,815.7,815.95,814.2,814.45,9889
1604982600,814.7,816.25,814.4,815.0,9995
1604982900,815.0,816.65,814.45,816.65,7386
1604983200,816.8,817.0,816.0,817.0,13209
1604983500,817.0,819.0,816.35,818.75,19840
1604983800,818.6,819.0,818.2,818.95,14984
1604984100,818.95,821.0,818.95,821.0,55365
1604984400,821.0,823.0,820.75,822.9,32359
1604984700,822.9,823.0,821.2,821.5,17738
1604985000,821.5,821.5,819.05,819.55,17672
1604985300,819.55,821.0,819.05,821.0,6921
1604985600,821.0,821.3,820.3,820.8,7868
1604985900,820.45,821.05,820.05,821.0,5260
1604986200,821.0,822.6,820.0,822.6,17792
1604986500,822.2,822.8,822.0,822.6,11171
1604986800,822.6,822.6,819.2,819.25,5989
1604987100,819.25,821.45,819.1,820.65,7011
1604987400,820.95,821.5,819.5,819.5,8480
1604987700,820.0,820.15,818.25,819.2,9105
1604988000,819.2,820.9,819.15,820.35,6494
1604988300,820.15,820.8,819.95,820.15,6969
1604988600,820.15,820.45,818.45,820.0,13473
1604988900,820.4,820.8,818.65,818.65,6068
1604989200,818.8,818.8,817.3,818.8,17154
1604989500,818.9,820.45,818.5,819.6,12631
1604989800,819.75,820.8,819.15,820.6,8237
1604990100,820.6,821.85,820.0,820.85,11332
1604990400,820.95,821.4,820.2,820.95,6212
1604990700,820.9,821.85,820.45,821.4,7270
1604991000,821.4,823.0,820.85,821.55,13443
1604991300,821.8,822.75,821.05,822.6,9696
1604991600,822.6,822.7,821.35,822.35,10215
1604991900,822.45,822.6,821.8,822.4,6691
1604992200,822.4,822.5,821.55,821.75,10719
1604992500,821.8,822.0,820.5,821.45,8795
1604992800,821.45,821.7,820.0,821.0,10282
1604993100,821.0,823.0,820.6,821.9,17533
1604993400,821.5,821.9,820.1,820.2,8781
1604993700,820.15,820.4,819.25,820.0,9066
1604994000,820.0,820.95,819.15,819.45,8055
1604994300,819.45,819.6,817.25,818.15,12645
1604994600,818.15,819.15,817.7,818.95,5176
1604994900,818.9,819.4,816.8,817.6,8774
1604995200,817.6,819.9,817.2,818.6,21015
1604995500,818.85,822.6,817.4,821.8,42771
1604995800,821.75,823.0,821.1,822.45,42845
1604996100,822.85,824.0,822.15,823.6,44257
1604996400,823.95,824.8,821.95,821.95,30649
1604996700,821.95,823.0,821.2,822.25,15150
1604997000,822.25,822.9,821.05,822.0,11461
1604997300,822.0,823.9,821.1,823.5,21072
1604997600,823.5,823.75,820.5,821.45,41550
1604997900,821.1,822.05,820.0,820.55,22633
1604998200,820.3,821.0,819.5,820.3,25936
1604998500,820.3,821.95,819.5,820.4,12457
1604998800,820.4,820.85,819.7,820.45,13720
1604999100,820.45,821.6,819.15,820.1,22361
1604999400,820.05,822.6,819.15,822.35,21306
1604999700,822.35,824.45,822.3,823.85,27064
1605000000,823.85,824.9,823.0,824.0,21664
1605000300,824.0,824.5,822.8,824.2,23954
1605000600,824.4,829.0,824.0,828.4,73535
1605000900,828.25,829.95,828.2,829.5,42868
1605001200,829.35,832.2,828.65,831.65,62691
1605001500,831.65,831.7,829.1,829.5,47589
1605001800,829.4,830.5,827.85,829.75,44436
1605002100,829.7,832.9,829.15,831.0,55962
1605066300,833.0,839.0,832.0,836.8,80520
1605066600,836.75,838.4,835.9,836.6,40966
1605066900,837.0,842.0,837.0,840.15,64072
1605067200,840.5,845.8,840.1,843.25,71030
1605067500,843.25,847.0,841.5,846.6,71475
1605067800,845.95,847.0,845.3,845.75,43415
1605068100,845.35,846.05,844.3,844.55,29066
1605068400,844.55,846.25,844.05,845.65,23084
1605068700,845.65,846.9,843.25,843.4,21817
1605069000,843.4,843.4,838.2,839.0,46070
1605069300,839.4,839.95,837.8,838.2,15183
1605069600,838.2,839.9,837.9,838.0,11578
1605069900,838.0,838.25,836.2,837.0,13291
1605070200,836.55,837.2,834.45,835.8,26341
1605070500,835.35,836.9,834.75,836.55,14038
1605070800,836.55,840.0,836.55,839.25,24215
1605071100,839.25,841.5,839.0,839.05,21220
1605071400,839.05,840.95,839.0,840.9,9553
1605071700,840.95,842.15,839.0,842.0,27485
1605072000,842.0,846.95,842.0,845.05,62470
1605072300,845.05,847.0,844.3,845.4,29402
1605072600,845.35,845.4,843.15,843.35,28261
1605072900,843.25,843.25,841.0,841.5,17351
1605073200,841.5,841.95,838.3,839.1,18993
1605073500,838.6,838.6,835.5,836.35,46889
1605073800,836.35,837.0,831.6,836.05,42262
1605074100,836.0,838.0,835.65,836.5,12409
1605074400,836.5,837.5,835.05,836.65,9302
1605074700,836.65,837.0,834.15,834.7,5797
1605075000,834.7,834.7,833.0,834.45,8013
1605075300,834.45,836.4,833.9,835.9,14092
1605075600,835.9,837.0,835.55,836.95,6947
1605075900,836.95,837.45,835.0,835.8,9749
1605076200,835.8,840.75,835.6,839.6,33985
1605076500,839.6,842.7,839.6,841.0,19119
1605076800,841.0,842.9,840.45,842.15,20980
1605077100,842.2,843.8,842.0,842.6,17390
1605077400,842.6,844.85,842.35,842.9,20165
1605077700,842.9,843.3,840.6,842.15,17721
1605078000,842.15,843.0,841.65,842.95,12086
1605078300,842.95,844.95,842.45,844.95,26018
1605078600,844.95,844.95,842.75,843.8,12414
1605078900,843.8,844.7,842.7,842.85,15629
1605079200,842.7,843.55,842.35,842.8,8591
1605079500,842.8,843.05,842.15,842.4,10073
1605079800,842.2,843.8,842.15,843.2,11558
1605080100,843.2,843.85,842.1,842.1,12101
1605080400,842.05,843.85,842.0,842.2,15266
1605080700,842.2,842.8,839.4,839.9,25590
1605081000,839.9,840.5,836.7,838.65,18879
1605081300,838.65,838.9,837.05,838.25,16906
1605081600,838.25,839.95,838.0,839.35,12934
1605081900,839.35,839.75,838.3,839.35,9401
1605082200,839.25,839.75,834.4,836.7,43623
1605082500,836.7,836.7,834.3,834.3,15792
1605082800,834.25,836.95,834.05,836.75,12722
1605083100,836.65,838.15,835.95,836.05,12989
1605083400,836.2,836.45,833.2,834.9,18430
1605083700,834.85,837.55,834.85,837.4,9505
1605084000,837.4,837.5,836.0,836.2,9267
1605084300,836.7,837.7,836.15,836.3,13081
1605084600,836.3,837.4,836.2,837.05,7471
1605084900,837.05,838.95,837.0,838.35,11116
1605085200,838.35,839.75,837.9,837.95,13863
1605085500,837.95,838.7,837.8,837.9,10332
1605085800,837.9,838.3,837.85,838.25,17352
1605086100,838.25,839.9,838.05,839.45,9043
1605086400,839.4,839.95,837.05,837.15,20735
1605086700,837.15,838.7,837.1,838.7,6554
1605087000,838.4,840.0,838.0,839.0,30683
1605087300,839.45,839.9,837.8,838.45,30791
1605087600,838.45,840.0,837.5,839.35,39343
1605087900,839.65,840.5,839.1,839.8,66288
1605088200,840.0,840.15,838.95,839.25,61403
1605088500,839.25,840.0,838.9,840.0,56245
1605152700,840.0,843.75,834.45,835.25,27032
1605153000,835.5,837.25,834.0,834.8,13704
1605153300,834.95,834.95,828.6,829.3,23039
1605153600,829.05,831.85,827.8,829.05,21233
1605153900,828.9,829.6,825.4,826.0,35597
1605154200,825.6,826.9,825.1,825.3,11207
1605154500,825.3,827.65,825.1,826.3,13803
1605154800,826.3,828.85,826.15,828.3,12556
1605155100,828.6,829.8,827.1,829.7,9246
1605155400,829.5,830.9,826.8,827.25,17653
1605155700,827.25,829.1,827.0,827.45,14138
1605156000,827.1,828.4,826.3,827.3,8145
1605156300,827.3,829.05,827.0,829.0,4696
1605156600,829.0,830.05,828.7,829.85,7402
1605156900,829.85,830.5,827.75,830.0,11633
1605157200,830.0,831.8,829.95,831.45,9541
1605157500,831.45,833.0,830.3,830.3,11695
1605157800,830.25,830.3,829.1,829.5,8001
1605158100,829.7,836.3,829.7,835.95,43675
1605158400,836.05,839.6,835.7,838.5,67516
1605158700,838.0,839.65,836.15,839.0,16692
1605159000,838.3,839.0,836.4,836.8,10027
1605159300,836.75,836.75,834.35,835.7,9555
1605159600,835.7,837.25,835.0,836.75,5587
1605159900,836.75,838.25,836.75,837.75,4928
1605160200,837.75,844.4,837.25,840.7,39399
1605160500,840.7,841.25,839.0,839.05,8589
1605160800,839.05,840.65,838.0,838.05,8213
1605161100,838.3,838.85,837.25,838.0,5885
1605161400,838.0,838.0,836.65,837.0,2653
1605161700,837.0,837.45,835.8,836.1,4524
1605162000,835.85,836.95,835.55,835.55,4727
1605162300,835.55,838.4,835.55,836.75,5006
1605162600,836.75,837.4,836.2,837.35,2065
1605162900,837.35,837.35,836.1,836.7,2350
1605163200,836.7,837.35,836.0,836.35,1574
1605163500,836.35,836.45,835.0,835.0,8041
1605163800,835.0,836.05,834.85,835.4,5694
1605164100,835.4,835.95,835.0,835.35,4353
1605164400,835.25,837.6,835.25,837.3,3776
1605164700,837.3,837.95,836.6,837.6,2868
1605165000,837.95,838.85,837.2,838.4,2801
1605165300,838.4,840.0,838.0,839.4,3889
1605165600,838.8,839.35,838.25,838.3,2897
1605165900,838.3,838.8,836.7,837.8,7695
1605166200,837.8,838.2,835.7,836.0,2317
1605166500,836.0,836.95,835.7,835.9,3549
1605166800,835.9,837.0,835.35,835.5,1525
1605167100,835.5,835.9,834.05,834.9,5918
1605167400,834.9,835.2,833.6,834.2,10315
1605167700,834.2,835.05,833.0,834.45,7653
1605168000,834.45,835.15,833.15,834.05,4941
1605168300,834.05,834.55,832.5,832.95,2063
1605168600,832.95,834.25,832.35,833.0,7084
1605168900,833.0,833.0,832.05,833.0,5097
1605169200,833.0,833.0,832.0,832.75,3862
1605169500,832.75,834.0,832.0,833.65,4312
1605169800,833.65,835.8,833.5,834.0,6151
1605170100,833.8,835.7,832.4,835.5,4765
1605170400,835.5,836.1,834.85,835.55,3074
1605170700,835.55,835.55,833.15,833.75,3787
1605171000,833.75,833.85,832.15,833.3,4016
1605171300,833.3,834.2,831.65,832.3,5739
1605171600,832.3,833.15,832.0,832.6,8405
1605171900,832.5,834.5,832.05,834.2,6261
1605172200,834.2,834.5,832.35,834.15,3795
1605172500,834.1,834.2,833.2,833.65,3053
1605172800,833.65,834.0,832.5,832.9,4360
1605173100,832.9,834.0,832.45,833.7,4655
1605173400,833.65,836.6,833.35,835.0,63012
1605173700,835.0,839.0,835.0,837.8,61569
1605174000,837.8,839.9,837.2,839.9,64698
1605174300,839.75,839.85,838.0,838.55,60001
1605174600,838.5,839.5,838.15,838.7,57492
1605174900,838.7,840.0,837.1,839.4,33263
1605239100,837.75,838.95,834.05,834.65,23193
1605239400,834.65,835.0,832.0,834.3,12092
1605239700,834.3,834.3,830.5,830.8,13917
1605240000,830.95,832.0,829.35,832.0,13171
1605240300,831.45,831.45,829.0,830.0,8424
1605240600,830.0,830.55,827.2,829.2,10121
1605240900,829.2,829.3,827.15,828.55,11341
1605241200,828.55,828.55,826.85,827.1,13496
1605241500,827.1,830.85,827.1,829.75,11470
1605241800,829.75,831.8,829.25,830.1,13826
1605242100,830.55,830.9,829.7,830.65,1794
1605242400,830.7,831.5,829.15,829.15,5800
1605242700,829.15,829.8,827.5,828.5,21661
1605243000,828.55,830.9,827.85,830.6,8810
1605243300,831.0,831.6,830.0,831.35,6418
1605243600,831.35,832.5,831.0,831.3,3443
1605243900,831.5,831.6,829.6,829.65,3714
1605244200,829.65,830.05,829.0,829.15,2876
1605244500,829.15,830.2,828.05,830.2,8084
1605244800,830.2,831.75,829.0,829.0,11940
1605245100,829.0,832.0,828.1,830.65,9292
1605245400,830.65,831.25,830.0,830.85,2301
1605245700,831.25,831.3,828.65,829.4,2779
1605246000,829.4,830.3,829.0,829.05,2215
1605246300,829.0,830.2,828.25,829.8,5158
1605246600,829.8,829.8,828.55,829.05,1400
1605246900,829.0,829.0,827.15,827.15,5235
1605247200,827.2,828.25,827.0,827.75,4167
1605247500,828.1,828.1,827.15,827.95,4537
1605247800,827.95,828.0,826.05,826.35,10244
1605248100,826.35,827.45,825.0,825.1,12678
1605248400,825.1,826.15,824.1,824.85,10899
1605248700,824.85,826.25,824.85,825.1,3694
1605249000,825.35,826.7,824.25,824.4,10496
1605249300,824.4,826.7,824.4,826.4,14278
1605249600,826.4,826.6,825.25,825.8,100835
1605249900,825.8,827.95,825.6,825.65,17228
1605250200,825.65,827.6,825.65,827.25,5084
1605250500,827.25,827.25,825.6,826.3,5277
1605250800,826.3,827.35,825.5,826.05,2635
1605251100,826.05,827.5,826.05,827.5,3072
1605251400,827.5,827.6,826.75,826.9,6157
1605251700,826.9,826.9,826.0,826.6,1828
1605252000,826.6,828.1,826.4,827.95,11975
1605252300,827.95,828.25,827.5,827.65,2432
1605252600,827.65,828.05,827.25,827.4,3729
1605252900,827.4,828.35,827.4,828.35,2024
1605253200,828.35,828.4,827.5,828.25,2724
1605253500,828.25,828.5,827.3,827.75,2337
1605253800,827.75,827.9,827.0,827.75,2147
1605254100,827.75,828.15,826.3,827.55,4285
1605254400,827.55,827.8,826.2,826.25,3217
1605254700,826.25,826.45,825.0,825.35,6704
1605255000,825.25,826.8,825.25,826.1,8434
1605255300,826.1,826.5,825.5,826.3,2745
1605255600,826.3,826.75,825.55,826.05,3866
1605255900,826.05,827.75,826.05,826.5,7172
1605256200,826.55,827.35,826.5,827.35,3401
1605256500,827.35,827.5,826.5,826.85,4549
1605256800,826.85,828.0,826.8,828.0,3932
1605257100,828.0,830.55,827.85,829.5,17839
1605257400,829.35,831.25,828.55,830.45,35549
1605257700,830.45,830.7,828.75,830.4,16199
1605258000,830.4,831.2,830.15,830.4,7090
1605258300,830.4,830.9,830.4,830.85,4513
1605258600,830.85,830.9,830.0,830.4,7997
1605258900,830.55,830.7,830.0,830.15,8401
1605259200,830.2,830.3,830.0,830.05,7389
1605259500,830.05,830.4,830.0,830.0,5175
1605259800,830.1,830.4,830.0,830.15,21720
1605260100,830.15,831.3,829.95,830.65,35170
1605260400,830.65,832.4,830.4,832.3,41043
1605260700,832.35,834.0,832.2,833.0,34198
1605261000,833.0,833.5,832.25,832.45,30374
1605261300,832.45,833.9,831.35,833.5,27530
1605357900,844.7,844.7,836.15,839.85,40886
1605358200,839.85,841.45,838.85,840.0,25749
1605358500,840.45,842.0,840.05,841.5,19314
1605358800,841.5,842.0,841.0,841.5,11793
1605359100,841.5,841.9,841.0,841.65,12266
1605359400,841.65,841.8,840.1,841.2,9946
1605359700,841.0,841.85,840.85,841.45,7598
1605360000,840.75,842.0,840.6,841.8,12496
1605360300,841.8,842.0,841.0,842.0,8525
1605360600,842.0,842.0,839.45,840.0,15635
1605360900,839.55,840.0,837.65,838.35,13060
1605361200,838.35,840.0,838.1,839.9,6559
1605584700,841.0,842.8,836.3,836.55,49523
1605585000,836.4,842.7,836.4,842.0,40771
1605585300,842.0,843.6,840.3,841.85,43095
1605585600,841.85,842.0,840.7,841.1,13633
1605585900,841.1,842.0,841.1,841.6,18357
1605586200,841.6,841.65,838.7,839.95,19792
1605586500,839.85,844.8,839.7,844.05,43491
1605586800,844.0,845.35,843.75,844.35,40624
1605587100,844.3,848.0,843.85,847.95,30035
1605587400,848.0,848.0,843.6,843.75,82715
1605587700,843.5,844.85,842.0,844.85,15696
1605588000,844.3,847.05,844.0,846.5,34904
1605588300,846.9,848.7,846.0,848.55,28084
1605588600,848.55,852.8,848.1,850.85,85259
1605588900,851.05,853.0,848.6,851.6,136989
1605589200,851.6,852.45,850.05,852.0,40668
1605589500,851.95,852.0,848.9,849.5,23786
1605589800,849.5,850.0,847.1,847.9,34918
1605590100,847.9,848.0,846.6,847.0,19515
1605590400,847.0,847.0,846.2,846.8,12575
1605590700,847.0,847.65,846.6,846.8,14593
1605591000,847.0,847.25,846.6,847.0,11262
1605591300,846.95,847.0,846.2,846.45,7658
1605591600,846.45,847.0,844.6,845.0,24297
1605591900,844.9,845.0,844.25,845.0,8583
1605592200,845.0,845.0,843.55,843.8,19999
1605592500,843.75,844.0,842.8,844.0,15810
1605592800,843.95,844.0,843.5,844.0,13298
1605593100,844.0,848.9,843.9,848.9,30458
1605593400,848.65,850.8,848.2,850.45,16859
1605593700,850.25,851.55,849.2,850.55,16105
1605594000,850.55,851.55,850.45,851.0,11898
1605594300,851.0,851.8,850.9,851.7,18176
1605594600,851.7,851.9,850.0,850.5,10183
1605594900,850.5,854.5,850.5,853.7,54922
1605595200,854.0,855.0,853.3,854.9,36131
1605595500,854.9,855.85,854.0,854.9,22804
1605595800,854.9,855.4,853.1,854.7,21066
1605596100,854.7,855.75,853.55,855.5,13748
1605596400,855.5,856.95,855.1,856.1,30860
1605596700,856.2,858.6,856.1,857.0,37190
1605597000,857.0,858.6,856.35,857.95,23111
1605597300,857.95,860.45,857.95,859.2,53978
1605597600,859.15,860.45,857.4,860.0,55522
1605597900,860.0,861.0,859.5,860.5,21673
1605598200,860.5,860.5,856.85,857.8,38661
1605598500,858.1,859.8,857.8,859.4,24587
1605598800,859.4,859.5,859.0,859.25,11075
1605599100,859.25,861.0,859.0,860.15,16322
1605599400,860.15,862.45,860.0,862.0,21923
1605599700,861.8,862.15,859.15,859.95,37003
1605600000,859.95,859.95,857.8,858.4,11888
1605600300,858.4,859.7,858.3,859.4,17422
1605600600,859.4,860.0,858.5,859.0,10753
1605600900,859.65,859.65,858.2,859.25,10203
1605601200,859.25,859.3,857.8,857.8,9194
1605601500,857.8,858.6,857.8,858.6,7371
1605601800,858.6,859.0,857.8,857.8,12684
1605602100,857.8,858.35,856.7,857.25,25781
1605602400,857.25,858.6,856.9,857.95,22472
1605602700,857.95,858.3,857.7,857.8,10262
1605603000,857.8,858.0,857.5,857.8,11268
1605603300,857.8,858.3,857.55,857.55,11001
1605603600,857.35,859.65,857.2,858.65,21023
1605603900,858.65,861.9,858.5,860.15,36161
1605604200,860.9,861.6,860.1,861.4,14925
1605604500,861.15,865.45,861.15,865.1,77459
1605604800,865.1,866.9,862.05,864.05,65261
1605605100,864.5,864.75,861.35,861.55,24058
1605605400,861.8,863.9,861.55,862.75,33420
1605605700,862.55,863.95,862.4,863.65,17345
1605606000,863.5,865.7,863.05,864.65,34795
1605606300,864.55,864.75,862.3,862.45,34993
1605606600,862.55,863.0,860.4,861.65,37196
1605606900,861.5,864.95,860.8,864.0,26685
1605671100,863.75,868.7,862.3,867.4,62126
1605671400,867.8,867.8,863.1,864.5,34280
1605671700,865.4,866.0,857.3,859.05,42400
1605672000,858.1,858.75,855.6,856.35,26294
1605672300,856.5,858.45,855.0,857.0,29614
1605672600,857.0,857.0,855.15,856.25,15244
1605672900,856.25,859.4,856.25,859.0,13024
1605673200,859.0,860.75,858.8,859.7,12197
1605673500,859.7,859.7,855.4,856.4,17798
1605673800,856.9,858.25,855.6,856.0,11270
1605674100,856.0,856.95,855.3,855.95,10040
1605674400,855.95,856.4,854.2,855.35,15070
1605674700,855.7,855.95,854.85,855.2,8919
1605675000,855.5,857.4,855.1,855.7,18583
1605675300,855.7,858.45,854.65,858.0,24482
1605675600,858.0,858.2,855.5,856.85,6598
1605675900,856.85,858.0,855.85,857.2,6080
1605676200,857.2,858.15,856.55,856.65,7049
1605676500,856.1,858.8,856.1,858.0,27366
1605676800,858.0,858.25,856.1,857.2,3917
1605677100,857.2,857.45,856.15,857.3,5172
1605677400,857.3,857.5,856.5,856.7,2472
1605677700,856.65,856.8,850.4,851.5,20530
1605678000,851.45,852.95,850.05,852.0,13348
1605678300,852.0,852.25,850.0,851.15,14159
1605678600,851.15,851.15,848.15,850.05,13787
1605678900,850.05,851.0,848.5,850.7,6523
1605679200,850.7,852.9,850.65,852.8,5681
1605679500,852.8,853.9,851.85,853.3,6928
1605679800,853.3,854.0,852.2,852.4,5750
1605680100,852.4,852.4,849.25,850.0,14877
1605680400,850.0,850.6,849.95,850.05,3849
1605680700,850.05,850.9,849.45,849.45,6372
1605681000,849.4,850.8,848.35,850.4,5887
1605681300,850.4,850.9,848.85,849.0,9863
1605681600,849.0,849.95,849.0,849.6,5716
1605681900,849.6,850.0,848.95,849.8,6387
1605682200,849.8,850.0,848.3,848.35,5286
1605682500,848.35,849.65,848.05,849.5,6007
1605682800,849.5,850.5,849.0,850.3,10072
1605683100,850.1,850.2,847.45,848.15,12074
1605683400,848.15,848.45,846.8,847.85,8785
1605683700,848.0,849.15,847.85,848.85,4525
1605684000,849.15,850.0,848.7,849.25,7081
1605684300,849.25,849.55,847.55,848.65,10498
1605684600,848.65,850.0,847.6,849.9,6351
1605684900,849.9,852.0,849.7,850.65,8229
1605685200,850.9,850.95,850.2,850.25,5613
1605685500,850.25,850.45,847.7,848.15,7656
1605685800,848.15,850.4,847.85,849.6,4686
1605686100,849.6,850.95,848.8,850.7,9020
1605686400,850.7,851.05,848.4,848.4,6434
1605686700,848.35,849.9,848.05,849.85,5734
1605687000,849.85,850.75,849.4,850.05,9992
1605687300,850.05,850.45,849.95,850.15,5218
1605687600,850.15,851.5,850.15,850.35,6832
1605687900,850.35,850.8,850.0,850.1,6156
1605688200,850.55,850.8,849.0,850.5,10583
1605688500,850.5,851.0,849.8,849.8,5548
1605688800,849.8,850.25,849.2,849.45,7386
1605689100,849.45,850.25,848.3,850.2,8476
1605689400,850.2,850.2,849.4,849.8,5539
1605689700,849.8,849.9,848.8,849.45,9495
1605690000,849.9,850.45,849.55,850.2,6040
1605690300,850.3,853.0,850.15,852.95,9289
1605690600,852.95,853.0,851.95,852.9,9299
1605690900,853.0,853.2,852.75,853.15,12878
1605691200,853.15,854.9,853.15,853.9,16338
1605691500,853.9,857.5,853.9,857.0,18364
1605691800,856.55,857.55,855.85,856.05,19344
1605692100,856.05,857.1,856.05,856.6,18578
1605692400,856.55,857.95,856.3,857.8,23606
1605692700,857.8,858.0,857.2,857.9,28980
1605693000,857.9,859.9,857.6,859.55,41349
1605693300,859.55,860.0,857.0,859.5,28840
1605757500,854.8,857.75,847.5,850.95,72014
1605757800,851.05,856.75,851.05,856.25,34784
1605758100,856.65,857.45,855.35,857.0,23002
1605758400,857.0,862.8,856.55,859.85,62718
1605758700,859.6,859.8,855.0,857.15,23549
1605759000,857.0,859.7,857.0,859.7,15347
1605759300,858.9,860.35,858.35,858.75,26589
1605759600,858.75,859.5,857.3,857.75,12482
1605759900,857.25,858.45,857.0,857.3,11511
1605760200,857.3,857.8,852.45,857.25,36453
1605760500,857.25,858.45,856.35,857.6,5677
1605760800,857.6,858.95,857.55,858.3,9567
1605761100,858.25,858.85,857.55,857.85,4631
1605761400,857.8,857.85,856.8,857.55,5570
1605761700,857.55,858.95,857.1,858.5,10224
1605762000,858.5,858.75,856.8,856.9,7815
1605762300,856.9,857.5,856.25,856.45,6685
1605762600,856.45,857.7,855.65,856.8,8077
1605762900,856.8,856.8,852.75,853.15,13880
1605763200,853.15,854.65,851.5,851.55,27633
1605763500,851.55,851.95,849.7,849.9,42514
1605763800,849.9,850.7,849.2,849.95,9375
1605764100,849.95,852.75,849.95,851.75,63552
1605764400,851.75,853.35,851.1,852.7,6159
1605764700,852.7,854.1,852.7,853.4,5287
1605765000,853.35,854.5,853.0,853.75,9224
1605765300,853.75,854.55,852.25,852.8,17742
1605765600,852.75,852.75,851.4,851.5,2877
1605765900,851.5,852.8,851.5,852.0,4180
1605766200,852.0,852.3,851.6,851.6,4066
1605766500,851.6,852.4,851.6,851.7,7631
1605766800,851.65,851.7,851.05,851.1,5841
1605767100,851.15,851.5,850.25,850.65,8575
1605767400,850.55,851.35,850.15,851.35,7758
1605767700,851.35,852.65,850.95,851.45,7969
1605768000,851.45,852.05,851.15,851.3,5347
1605768300,851.25,851.85,850.05,850.75,11530
1605768600,850.75,851.15,850.1,851.0,8235
1605768900,851.0,852.45,850.55,850.65,6135
1605769200,850.65,853.5,850.5,853.5,16454
1605769500,853.5,853.5,852.55,853.1,5214
1605769800,853.15,853.15,851.3,851.3,4140
1605770100,851.3,852.45,850.5,851.3,10750
1605770400,851.1,851.45,850.0,850.25,15946
1605770700,850.25,850.9,850.0,850.0,23043
1605771000,850.0,851.0,850.0,851.0,13104
1605771300,851.0,851.15,850.3,850.55,4972
1605771600,850.55,852.0,850.0,852.0,25264
1605771900,852.0,852.4,851.6,852.35,9726
1605772200,851.95,853.0,851.05,851.2,22910
1605772500,851.2,852.5,851.1,851.3,6181
1605772800,851.3,851.9,850.65,850.7,4500
1605773100,850.7,851.9,849.1,850.15,29582
1605773400,850.15,851.1,849.7,851.0,7107
1605773700,850.8,851.0,848.9,848.95,10071
1605774000,848.95,849.5,848.5,848.85,11975
1605774300,848.9,849.8,848.65,849.8,14629
1605774600,850.0,850.35,848.75,849.0,8647
1605774900,849.0,849.0,848.0,848.0,9897
1605775200,848.05,848.4,845.2,846.4,29715
1605775500,846.65,846.8,843.3,844.65,40844
1605775800,844.65,845.0,843.0,844.2,20730
1605776100,844.2,844.2,840.3,841.0,19674
1605776400,840.95,843.15,838.0,839.3,68935
1605776700,839.3,841.15,839.25,841.1,37550
1605777000,841.1,845.9,841.1,844.9,27497
1605777300,844.9,848.45,844.9,848.35,27072
1605777600,848.35,849.0,845.35,849.0,24578
1605777900,849.0,849.95,847.5,849.35,28560
1605778200,849.35,851.8,847.7,848.0,33609
1605778500,848.0,850.05,845.15,845.35,34356
1605778800,845.35,845.65,840.0,841.0,29933
1605779100,841.0,848.75,841.0,848.5,54291
1605779400,848.5,849.05,846.2,846.25,49092
1605779700,847.95,849.0,842.0,844.95,30375
1605843900,848.8,848.8,840.05,840.4,43926
1605844200,840.8,842.95,839.4,840.0,29389
1605844500,840.3,841.0,838.3,838.9,17640
1605844800,838.9,842.25,838.55,841.15,26808
1605845100,841.15,842.7,839.05,839.5,21112
1605845400,839.55,840.3,838.0,838.5,16077
1605845700,838.5,840.95,838.5,840.0,17868
1605846000,840.0,840.15,835.55,836.85,22289
1605846300,836.85,837.8,835.0,837.4,21853
1605846600,837.5,838.45,835.7,836.35,20688
1605846900,836.35,836.65,836.0,836.3,4292
1605847200,836.0,844.2,836.0,841.2,63875
1605847500,841.0,841.9,840.8,840.95,10203
1605847800,840.95,841.7,840.25,840.45,14508
1605848100,840.5,845.55,840.45,842.2,40163
1605848400,842.2,842.7,840.95,841.0,5788
1605848700,841.0,841.7,840.95,841.3,3860
1605849000,841.3,841.9,840.0,840.35,5884
1605849300,840.0,841.5,840.0,840.05,9910
1605849600,840.05,840.5,838.05,838.4,5117
1605849900,838.4,840.0,836.9,839.55,9523
1605850200,840.0,840.9,838.5,839.1,7299
1605850500,839.1,840.05,839.0,839.4,5324
1605850800,839.4,839.5,838.1,838.1,6512
1605851100,838.1,838.5,837.0,838.4,5818
1605851400,838.7,840.0,837.1,837.1,6353
1605851700,837.45,839.75,837.05,839.75,6529
1605852000,839.75,839.75,838.0,838.6,3584
1605852300,838.6,839.9,837.75,839.7,5821
1605852600,839.7,841.35,839.25,840.75,5884
1605852900,841.0,841.2,840.05,840.3,4770
1605853200,840.3,840.95,840.05,840.25,1949
1605853500,840.25,841.8,840.2,841.05,4472
1605853800,841.05,841.6,840.2,840.35,1927
1605854100,840.35,841.6,840.2,841.25,5042
1605854400,841.25,842.0,840.85,841.9,2679
1605854700,841.9,841.9,839.65,839.65,4524
1605855000,839.7,841.2,839.35,841.0,4089
1605855300,841.5,842.6,840.95,841.25,6928
1605855600,841.25,842.5,841.1,842.05,4911
1605855900,842.05,842.5,840.95,841.0,6620
1605856200,841.0,841.75,840.95,841.05,3990
1605856500,841.05,841.5,839.75,839.75,3702
1605856800,839.75,839.95,838.25,838.55,4026
1605857100,838.55,839.55,838.3,838.75,2007
1605857400,838.75,841.9,838.75,841.1,5712
1605857700,841.1,842.15,841.05,841.45,5894
1605858000,841.45,841.8,840.2,840.65,6375
1605858300,840.65,844.25,840.5,843.8,8277
1605858600,843.8,846.0,843.0,845.2,23375
1605858900,845.8,845.8,844.25,844.75,11220
1605859200,844.75,845.0,842.35,844.85,6853
1605859500,844.85,846.4,844.3,845.8,10449
1605859800,846.0,847.8,845.6,847.8,7246
1605860100,847.8,848.7,847.3,847.75,14263
1605860400,847.75,850.0,847.75,847.8,21239
1605860700,847.8,849.2,845.6,848.6,11611
1605861000,848.6,849.5,846.4,849.5,9846
1605861300,849.5,849.5,846.75,847.35,6786
1605861600,847.35,848.4,846.45,847.0,8675
1605861900,847.0,849.9,846.65,848.95,10123
1605862200,848.95,848.95,847.15,847.5,4605
1605862500,847.5,849.45,846.0,846.3,13001
1605862800,846.3,848.95,846.0,848.0,9091
1605863100,848.2,848.85,844.0,844.0,47315
1605863400,843.85,844.8,839.8,844.8,49042
1605863700,844.7,845.35,843.5,843.5,10190
1605864000,843.5,843.95,842.25,843.1,6556
1605864300,843.1,845.3,843.1,845.3,10141
1605864600,845.45,845.65,843.3,845.65,18876
1605864900,845.8,847.3,844.85,845.15,21238
1605865200,845.85,846.8,843.65,846.3,17959
1605865500,846.3,846.85,845.05,846.5,21416
1605865800,846.65,847.0,844.0,844.45,27371
1605866100,844.5,846.85,844.4,845.9,20396
1606103100,847.2,854.4,845.0,848.25,41219
1606103400,848.0,848.9,845.15,846.1,21180
1606103700,846.1,846.9,845.0,845.2,14129
1606104000,845.25,848.2,845.0,847.2,13121
1606104300,847.2,847.75,845.05,845.05,10645
1606104600,844.5,844.65,841.55,842.35,19854
1606104900,842.45,844.35,842.15,843.05,12123
1606105200,843.05,843.55,842.4,842.45,10582
1606105500,842.4,842.4,836.05,836.3,33148
1606105800,836.3,837.0,836.0,836.5,17408
1606106100,836.9,837.8,832.2,835.15,44669
1606106400,835.15,836.9,834.25,836.0,23825
1606106700,836.0,836.75,834.5,834.55,21079
1606107000,834.55,836.6,834.35,836.1,18807
1606107300,836.1,838.75,835.9,838.0,45182
1606107600,838.1,839.15,837.3,838.95,18746
1606107900,839.0,840.0,838.0,838.3,22004
1606108200,838.3,838.95,835.0,835.85,31536
1606108500,836.0,836.6,833.2,833.65,40460
1606108800,833.75,835.0,832.45,832.7,41109
1606109100,832.65,833.6,832.5,832.85,19189
1606109400,832.85,833.55,832.05,832.7,23989
1606109700,832.7,833.65,832.0,833.5,18083
1606110000,833.5,834.0,832.75,833.45,13384
1606110300,833.45,834.0,832.35,833.15,20986
1606110600,833.0,833.7,832.6,832.85,10973
1606110900,832.85,833.45,832.6,832.85,14740
1606111200,832.85,834.95,832.85,834.8,21935
1606111500,834.8,835.9,834.2,835.05,20486
1606111800,835.0,835.7,834.55,835.6,21411
1606112100,835.6,837.2,834.9,837.2,10090
1606112400,837.2,837.5,835.85,836.05,14654
1606112700,836.05,836.4,835.4,836.15,5555
1606113000,836.15,836.55,835.6,835.7,6379
1606113300,835.7,835.9,835.0,835.0,11387
1606113600,834.75,837.5,834.55,836.3,12527
1606113900,836.3,836.9,835.3,836.0,11632
1606114200,836.0,836.95,835.05,835.05,9729
1606114500,835.2,836.9,835.1,835.1,9543
1606114800,835.15,835.8,833.9,834.6,14049
1606115100,834.6,835.7,834.1,835.1,10728
1606115400,835.1,836.75,835.0,836.0,11082
1606115700,836.05,836.55,834.9,835.85,28871
1606116000,835.85,836.1,834.55,834.7,13514
1606116300,834.7,835.8,834.3,835.35,15869
1606116600,835.35,836.65,834.9,835.55,24193
1606116900,835.55,835.65,835.05,835.1,8279
1606117200,835.1,835.1,833.6,834.45,10676
1606117500,834.45,835.0,834.0,834.95,4689
1606117800,834.95,835.25,834.4,834.5,265830
1606118100,834.5,835.0,834.15,834.6,6953
1606118400,834.6,835.45,834.5,834.7,5943
1606118700,834.7,835.5,834.5,834.95,5857
1606119000,834.95,835.75,834.6,835.6,7402
1606119300,835.6,836.1,834.9,835.25,7968
1606119600,835.25,835.65,834.75,835.25,5716
1606119900,835.25,835.95,835.25,835.65,6641
1606120200,835.7,837.0,835.7,836.4,13207
1606120500,836.4,836.6,835.95,836.0,8733
1606120800,836.15,836.25,836.0,836.05,8687
1606121100,836.0,836.6,835.7,836.55,12930
1606121400,836.55,836.55,834.95,835.45,11576
1606121700,835.4,836.8,835.05,835.65,7390
1606122000,835.65,836.35,835.1,835.4,13100
1606122300,835.4,835.75,835.0,835.0,8032
1606122600,835.0,835.1,834.3,834.55,8046
1606122900,834.55,835.0,834.0,834.6,19954
1606123200,834.5,834.5,833.0,833.3,19667
1606123500,833.25,833.5,832.0,832.05,26657
1606123800,832.0,833.25,832.0,832.55,37525
1606124100,832.55,832.7,831.45,832.3,39920
1606124400,832.15,832.45,831.45,831.5,36105
1606124700,831.45,833.75,830.6,831.2,76244
1606125000,831.2,831.85,830.1,830.5,53957
1606125300,830.5,831.25,830.0,830.65,33963
1606189500,831.95,836.45,831.95,833.35,77128
1606189800,833.35,837.95,833.05,836.85,24195
1606190100,837.0,837.55,836.0,836.9,17772
1606190400,837.0,838.6,836.65,838.6,27870
1606190700,838.6,839.6,837.45,839.2,40643
1606191000,839.15,839.8,837.5,837.5,14293
1606191300,837.15,837.4,835.4,835.8,12737
1606191600,835.8,836.9,835.1,835.35,8580
1606191900,835.7,835.95,835.0,835.7,8192
1606192200,835.9,838.2,835.75,837.55,7714
1606192500,837.6,838.0,837.0,837.65,4326
1606192800,837.6,837.65,836.35,836.45,6249
1606193100,836.45,838.0,836.05,836.9,7901
1606193400,836.9,837.2,835.8,836.5,7159
1606193700,836.5,839.0,835.55,839.0,22157
1606194000,839.0,839.0,835.35,835.95,15908
1606194300,835.95,836.3,834.0,834.95,34823
1606194600,834.9,835.55,834.2,835.0,24303
1606194900,835.05,835.5,835.0,835.5,9806
1606195200,835.45,835.8,835.1,835.3,9626
1606195500,835.3,835.75,835.0,835.7,5469
1606195800,835.6,835.65,835.0,835.2,3943
1606196100,835.2,835.7,834.8,834.8,10546
1606196400,834.8,835.5,833.55,833.8,14567
1606196700,833.8,834.4,832.5,833.8,10844
1606197000,833.8,835.0,833.7,834.9,10577
1606197300,834.85,835.15,834.55,834.9,7750
1606197600,834.85,835.1,834.55,834.55,3758
1606197900,834.6,834.95,834.0,834.05,3904
1606198200,834.05,834.75,834.0,834.35,3355
1606198500,834.35,835.0,834.2,834.85,5283
1606198800,834.9,835.0,834.55,834.65,3209
1606199100,834.7,835.0,834.55,834.85,3670
1606199400,834.75,835.0,834.5,834.6,5278
1606199700,834.6,834.65,834.0,834.5,4294
1606200000,834.5,835.0,834.3,834.95,4040
1606200300,834.95,834.95,834.5,834.7,4752
1606200600,834.7,834.7,834.05,834.3,4777
1606200900,834.35,835.95,834.2,835.35,10344
1606201200,835.35,836.55,835.2,835.85,9804
1606201500,835.85,837.5,835.65,836.7,24882
1606201800,836.7,837.1,835.5,835.5,6662
1606202100,835.5,836.3,835.25,836.05,3542
1606202400,836.0,836.55,835.8,836.4,3581
1606202700,836.4,836.55,835.8,836.2,3258
1606203000,836.2,836.7,836.0,836.1,2826
1606203300,836.1,836.55,835.65,836.55,4499
1606203600,836.55,837.0,835.5,835.85,5806
1606203900,835.85,835.85,835.0,835.2,8615
1606204200,835.2,836.25,835.2,835.9,5415
1606204500,835.9,835.9,835.0,835.35,5805
1606204800,835.35,838.3,835.15,838.0,14365
1606205100,838.3,838.45,836.85,837.05,9285
1606205400,837.05,837.9,836.7,837.4,3646
1606205700,837.5,837.65,836.55,836.85,4930
1606206000,836.8,837.7,836.5,837.65,5785
1606206300,837.65,837.65,836.5,837.1,4944
1606206600,837.1,837.4,836.5,836.9,5188
1606206900,836.9,837.25,836.0,836.3,4125
1606207200,836.3,839.5,836.15,839.45,13711
1606207500,839.5,839.5,837.15,838.35,15200
1606207800,838.35,838.5,837.1,837.15,9223
1606208100,837.15,838.4,837.0,837.05,6162
1606208400,837.25,837.95,837.1,837.2,5328
1606208700,837.45,839.0,837.2,838.5,9515
1606209000,838.5,838.75,837.5,838.4,9060
1606209300,838.4,839.55,838.15,838.85,16585
1606209600,838.6,839.2,838.6,839.0,6346
1606209900,839.0,839.65,837.65,837.9,8772
1606210200,837.7,839.6,837.7,839.25,15693
1606210500,839.25,840.0,838.65,839.95,21802
1606210800,839.9,840.0,838.15,839.0,31010
1606211100,839.0,839.3,837.7,838.5,22371
1606211400,838.5,839.75,838.15,839.7,24475
1606211700,839.65,839.8,838.25,839.1,17830
1606275900,846.05,849.45,844.0,846.3,73574
1606276200,846.5,847.95,845.5,846.85,27874
1606276500,846.85,851.0,846.45,851.0,49383
1606276800,850.55,850.6,847.5,847.55,22187
1606277100,847.55,849.5,847.45,848.85,18126
1606277400,848.9,852.95,848.9,852.5,51906
1606277700,852.5,856.0,852.05,854.65,64498
1606278000,854.65,860.0,854.1,860.0,93893
1606278300,859.85,862.0,859.85,861.15,110571
1606278600,861.15,864.65,861.15,862.4,104661
1606278900,862.8,862.8,860.15,860.95,56296
1606279200,860.7,860.7,857.5,860.65,48412
1606279500,860.5,862.2,859.9,861.0,42546
1606279800,861.0,861.15,858.25,859.9,26421
1606280100,860.1,860.15,858.0,858.1,28916
1606280400,858.35,858.75,852.75,857.55,70447
1606280700,857.55,858.45,854.25,854.95,24986
1606281000,854.95,856.0,854.6,855.6,23300
1606281300,855.5,855.9,851.1,854.55,47548
1606281600,854.55,855.0,853.7,854.5,27992
1606281900,854.5,855.25,854.05,855.25,22247
1606282200,854.8,855.5,854.0,854.8,18817
1606282500,854.8,855.45,851.8,852.05,22175
1606282800,852.5,852.85,850.5,851.35,38690
1606283100,851.4,852.45,847.45,850.65,57542
1606283400,850.65,852.45,849.45,850.85,25217
1606283700,851.55,851.55,849.75,850.9,18893
1606284000,850.9,851.6,850.0,850.9,18970
1606284300,850.75,856.5,850.55,855.95,53583
1606284600,856.0,856.35,852.9,853.25,41912
1606284900,853.55,854.5,853.0,854.35,23195
1606285200,853.85,856.5,853.85,856.25,32822
1606285500,856.0,856.5,851.0,852.35,72777
1606285800,852.35,853.6,851.5,853.35,24222
1606286100,853.6,854.3,852.9,854.05,19655
1606286400,854.2,855.1,853.75,854.1,16942
1606286700,854.1,854.1,851.0,851.6,14777
1606287000,851.05,854.0,851.0,853.0,22148
1606287300,853.0,853.7,852.1,853.0,9854
1606287600,853.0,853.5,852.55,852.55,8140
1606287900,852.55,854.45,852.1,854.4,14726
1606288200,854.3,855.0,853.05,854.95,13170
1606288500,854.95,855.0,852.3,853.9,17726
1606288800,853.9,854.25,853.3,853.3,6491
1606289100,853.55,855.0,853.05,854.0,11304
1606289400,854.0,855.0,853.05,853.55,12954
1606289700,854.0,855.0,853.5,854.15,13978
1606290000,854.15,855.25,853.0,853.85,18148
1606290300,853.85,854.35,852.9,853.2,11027
1606290600,853.2,854.5,852.9,854.45,13144
1606290900,854.45,855.05,852.35,853.2,24277
1606291200,853.2,854.5,852.35,853.1,11530
1606291500,853.1,855.0,853.1,854.85,16708
1606291800,854.85,855.0,854.0,854.35,18969
1606292100,854.3,856.0,852.3,853.35,37453
1606292400,853.35,853.85,850.0,850.0,34460
1606292700,850.0,851.75,849.5,849.75,18636
1606293000,849.5,851.8,847.65,851.3,38562
1606293300,851.3,851.8,849.15,849.75,35076
1606293600,849.75,850.3,848.3,849.8,26455
1606293900,849.8,849.8,848.0,848.3,12462
1606294200,848.95,850.15,848.1,850.0,13437
1606294500,849.95,854.4,849.95,853.55,40931
1606294800,853.3,853.3,850.85,850.85,31002
1606295100,850.85,852.0,850.0,852.0,24150
1606295400,852.0,852.5,849.05,849.6,24644
1606295700,849.6,850.6,848.45,849.7,19097
1606296000,849.7,851.0,848.8,850.95,18764
1606296300,850.95,851.0,849.7,849.7,14316
1606296600,849.85,850.8,848.65,848.9,39088
1606296900,848.9,850.2,848.0,848.9,36642
1606297200,848.7,850.45,848.2,849.95,29046
1606297500,850.0,850.4,848.2,848.7,40931
1606297800,848.7,849.45,847.0,847.35,45582
1606298100,847.35,850.45,846.8,849.95,40792
1606362300,853.3,855.9,849.65,851.85,56008
1606362600,851.85,853.7,850.1,852.1,29082
1606362900,852.05,855.55,851.8,854.4,30668
1606363200,854.95,855.0,853.0,853.9,9883
1606363500,853.9,853.95,852.05,852.7,11067
1606363800,853.1,853.15,850.25,850.5,15756
1606364100,850.95,852.4,850.1,851.1,17894
1606364400,851.1,852.0,850.8,851.9,10324
1606364700,851.9,853.8,851.7,853.05,16268
1606365000,853.05,853.3,850.95,851.7,15004
1606365300,851.9,853.0,850.7,851.7,33325
1606365600,851.7,853.0,851.0,852.85,24364
1606365900,852.85,856.0,852.7,855.75,27404
1606366200,855.75,855.75,853.15,853.8,41176
1606366500,853.8,854.5,853.0,853.5,12025
1606366800,853.5,855.45,852.05,855.0,35720
1606367100,855.45,855.45,854.75,855.4,14993
1606367400,855.45,857.0,854.75,857.0,33093
1606367700,856.85,857.0,854.75,855.05,25461
1606368000,855.0,856.0,855.0,855.15,15787
1606368300,855.05,855.6,854.75,855.0,17662
1606368600,855.05,855.75,855.0,855.05,8291
1606368900,855.05,855.65,855.0,855.15,17110
1606369200,855.15,855.9,854.95,855.5,49514
1606369500,855.5,856.95,855.0,855.0,25435
1606369800,855.05,855.95,855.0,855.2,10629
1606370100,855.2,855.65,854.75,855.2,7604
1606370400,855.2,855.7,855.0,855.05,14089
1606370700,855.05,855.5,855.0,855.15,12320
1606371000,855.25,857.0,855.25,856.25,17450
1606371300,856.3,858.65,855.55,856.45,35313
1606371600,856.45,857.25,855.05,855.7,24391
1606371900,855.7,856.75,855.0,856.75,16431
1606372200,856.75,856.95,855.0,855.05,21817
1606372500,855.1,856.0,855.0,855.15,28664
1606372800,855.35,855.6,855.0,855.25,18514
1606373100,855.25,855.7,855.0,855.15,17939
1606373400,855.2,855.6,855.0,855.05,54390
1606373700,855.05,855.25,855.0,855.05,12608
1606374000,855.05,855.2,854.95,855.1,21956
1606374300,855.05,856.5,855.0,855.15,20404
1606374600,855.15,856.25,855.0,855.05,26518
1606374900,855.05,855.05,851.5,852.85,78440
1606375200,852.55,853.45,852.1,852.6,23994
1606375500,852.6,854.0,852.45,852.7,27138
1606375800,852.55,853.15,852.5,853.15,28208
1606376100,853.1,853.5,851.0,851.05,21434
1606376400,851.1,852.4,851.05,851.9,11940
1606376700,852.0,852.15,850.0,851.3,38263
1606377000,851.3,851.3,849.65,850.85,20801
1606377300,850.85,851.75,850.8,851.65,12395
1606377600,851.65,851.75,848.3,850.5,26326
1606377900,850.5,850.9,849.9,850.75,11137
1606378200,850.75,851.35,849.35,850.4,18641
1606378500,850.4,850.4,849.0,850.0,17724
1606378800,850.0,850.0,849.05,849.45,7062
1606379100,849.45,850.05,849.35,849.4,11806
1606379400,849.0,850.35,849.0,849.9,10231
1606379700,849.9,851.4,849.5,851.35,20019
1606380000,851.2,852.75,849.7,849.8,21154
1606380300,850.0,852.05,849.6,849.95,13818
1606380600,850.0,850.7,849.7,850.0,15488
1606380900,850.0,850.45,849.5,850.1,9729
1606381200,850.15,850.65,849.7,850.1,11869
1606381500,850.1,850.6,849.9,849.9,11515
1606381800,849.9,851.95,849.9,850.65,15175
1606382100,850.6,851.15,850.0,850.6,10367
1606382400,850.2,850.6,849.55,849.65,12435
1606382700,849.65,850.6,849.6,850.6,13812
1606383000,850.6,852.2,850.55,851.45,42967
1606383300,851.55,852.2,850.85,851.55,48945
1606383600,852.15,852.4,851.0,851.95,51005
1606383900,852.0,852.2,850.55,851.45,50832
1606384200,850.9,852.7,850.4,851.6,63866
1606384500,852.1,853.0,850.1,852.9,55899
1606448700,855.0,857.6,852.9,857.0,24758
1606449000,857.05,857.2,851.5,851.75,14252
1606449300,851.75,853.2,850.4,852.95,15690
1606449600,852.55,852.75,847.55,848.85,31787
1606449900,848.85,851.25,847.7,849.1,14914
1606450200,849.1,849.2,846.05,846.65,18147
1606450500,846.6,849.2,846.6,848.55,14606
1606450800,848.5,849.45,847.55,849.05,10819
1606451100,849.05,849.4,847.65,849.0,6354
1606451400,849.0,849.2,847.5,847.75,10530
1606451700,847.9,848.55,846.5,847.15,12172
1606452000,847.15,847.2,843.6,844.9,32566
1606452300,844.9,847.15,843.8,845.3,34679
1606452600,845.65,845.65,844.0,844.8,17373
1606452900,844.8,845.0,844.0,844.85,23003
1606453200,844.85,845.0,844.05,844.9,20088
1606453500,844.9,848.2,844.8,846.8,19841
1606453800,846.8,847.0,844.5,844.8,15499
1606454100,844.8,845.0,844.05,844.6,7635
1606454400,844.6,844.6,844.1,844.2,5136
1606454700,844.2,844.35,843.2,843.65,19939
1606455000,843.65,844.9,843.15,844.85,14475
1606455300,844.85,845.05,844.0,844.7,12254
1606455600,844.7,845.0,843.05,845.0,13894
1606455900,845.0,846.75,843.8,846.5,12175
1606456200,846.5,846.5,844.35,844.85,10785
1606456500,844.85,847.45,844.85,847.4,12087
1606456800,847.05,847.1,845.3,845.3,10847
1606457100,845.3,846.8,844.65,845.75,9480
1606457400,845.75,846.0,845.0,845.25,6057
1606457700,845.3,846.3,845.05,845.55,7965
1606458000,845.55,846.3,845.25,845.6,10238
1606458300,845.6,846.25,845.15,846.1,7528
1606458600,846.15,847.4,845.8,846.4,11227
1606458900,846.4,847.35,846.0,846.5,15058
1606459200,846.5,847.0,845.95,846.0,7288
1606459500,846.0,847.2,846.0,846.2,8941
1606459800,846.2,848.75,845.55,847.5,24824
1606460100,847.5,848.9,846.55,848.4,14675
1606460400,848.4,851.0,848.15,850.0,30945
1606460700,850.0,851.0,848.7,850.3,30203
1606461000,850.3,850.35,848.65,848.65,11624
1606461300,848.7,848.75,847.45,848.0,15901
1606461600,848.0,848.4,846.2,846.75,27221
1606461900,846.75,848.0,846.5,847.15,17351
1606462200,847.15,849.3,847.15,848.4,9645
1606462500,848.4,848.4,847.0,847.1,7700
1606462800,847.1,847.4,845.55,845.9,18610
1606463100,845.9,846.8,844.2,846.8,17616
1606463400,846.8,847.2,845.0,846.35,11527
1606463700,846.35,847.6,845.15,846.6,16203
1606464000,846.35,846.4,844.8,845.65,11117
1606464300,845.75,849.0,845.4,848.15,16215
1606464600,848.15,849.4,847.9,848.7,14452
1606464900,848.7,849.15,846.45,846.45,24309
1606465200,846.45,846.6,844.1,844.25,23843
1606465500,844.25,845.0,843.0,843.7,26180
1606465800,843.35,845.1,841.0,842.15,30166
1606466100,842.1,844.95,842.0,842.95,22484
1606466400,842.95,843.95,842.55,843.75,14911
1606466700,843.75,844.7,842.4,844.35,15816
1606467000,844.35,845.2,843.4,843.4,14682
1606467300,843.35,846.05,843.35,844.25,15163
1606467600,844.25,844.85,843.3,844.2,16309
1606467900,844.2,845.7,843.55,843.55,16362
1606468200,843.55,844.65,843.0,843.0,19216
1606468500,843.0,843.55,841.5,842.4,19724
1606468800,842.3,845.55,842.0,845.2,22808
1606469100,845.0,845.2,841.4,841.75,19434
1606469400,842.5,843.0,841.65,842.6,183490
1606469700,842.6,844.65,842.5,843.95,185612
1606470000,844.0,846.5,844.0,846.35,173306
1606470300,846.55,848.2,846.55,848.1,233158
1606470600,848.1,849.1,848.1,849.0,238900
1606470900,849.0,849.9,847.2,849.9,156355
1606794300,849.9,850.7,842.85,844.6,44011
1606794600,845.1,845.8,840.2,845.0,29487
1606794900,845.0,848.4,843.75,846.35,23074
1606795200,846.65,851.5,846.4,850.0,19400
1606795500,850.0,850.75,848.15,850.75,14445
1606795800,850.7,851.95,850.5,851.65,10895
1606796100,851.7,851.9,849.55,850.0,18299
1606796400,850.2,850.9,849.0,850.0,15611
1606796700,850.4,851.0,849.75,850.45,5242
1606797000,850.4,850.9,849.35,849.75,6503
1606797300,849.7,852.8,849.0,851.85,24169
1606797600,851.8,852.35,850.3,852.0,17531
1606797900,851.7,852.5,850.0,850.0,46958
1606798200,850.1,851.9,850.05,851.2,14087
1606798500,851.2,851.8,850.6,850.6,6318
1606798800,850.55,850.7,850.0,850.2,14793
1606799100,850.1,850.9,850.0,850.2,10003
1606799400,850.0,850.4,849.3,850.15,5944
1606799700,850.4,851.8,850.35,850.4,5036
1606800000,850.6,851.5,850.4,851.5,3290
1606800300,851.5,851.7,850.95,851.65,3419
1606800600,851.5,854.7,851.1,854.2,40126
1606800900,854.7,854.7,853.3,854.15,11599
1606801200,854.3,854.4,853.5,854.1,6214
1606801500,853.7,855.0,853.05,854.9,11513
1606801800,854.85,854.9,854.0,854.1,5094
1606802100,854.15,854.15,853.0,854.0,5153
1606802400,854.0,854.0,851.15,851.7,7686
1606802700,851.7,851.75,850.5,851.0,6113
1606803000,850.6,852.8,850.55,851.5,8783
1606803300,851.45,852.3,851.05,852.1,4717
1606803600,852.1,853.0,851.8,853.0,7435
1606803900,853.0,853.0,852.05,852.7,4749
1606804200,852.85,852.85,851.3,851.95,6148
1606804500,852.0,852.05,847.95,848.45,14412
1606804800,848.35,849.0,845.1,846.2,20592
1606805100,846.1,847.5,845.0,847.3,15154
1606805400,847.3,847.75,846.0,846.0,12174
1606805700,846.0,846.3,841.45,843.4,22952
1606806000,843.85,846.15,843.25,845.0,14447
1606806300,845.0,845.55,844.6,845.35,6538
1606806600,845.35,845.9,844.6,844.6,6658
1606806900,844.8,847.35,844.8,847.0,8168
1606807200,847.0,847.05,845.7,846.6,8686
1606807500,846.55,847.0,845.85,846.8,4250
1606807800,846.4,847.45,845.85,846.2,8392
1606808100,846.35,847.5,846.0,847.5,4636
1606808400,847.4,847.7,846.8,847.35,6082
1606808700,847.4,847.5,846.05,846.8,9210
1606809000,846.8,847.35,846.3,847.0,9199
1606809300,847.1,848.35,846.9,847.9,9919
1606809600,847.9,849.0,847.5,848.75,13674
1606809900,848.75,849.95,848.6,849.85,9844
1606810200,849.85,849.95,847.5,848.2,11054
1606810500,848.2,848.55,847.65,848.55,8736
1606810800,848.45,849.7,848.0,848.85,13981
1606811100,848.95,850.4,848.2,849.25,15795
1606811400,849.25,850.65,849.1,850.35,8789
1606811700,850.35,851.0,850.15,850.55,10235
1606812000,850.75,851.0,850.0,850.45,12112
1606812300,850.4,851.0,850.15,850.95,10800
1606812600,851.0,851.0,848.9,848.9,13347
1606812900,848.85,850.35,847.05,850.25,15178
1606813200,850.45,851.0,850.0,850.85,8704
1606813500,850.8,851.1,850.0,850.95,11063
1606813800,850.95,852.0,850.75,851.4,8469
1606814100,851.4,852.55,851.1,851.85,12239
1606814400,851.8,852.5,851.5,852.5,10700
1606814700,852.35,852.6,851.35,852.2,13677
1606815000,852.2,853.05,850.0,850.0,31238
1606815300,850.0,851.45,849.7,851.05,19203
1606815600,851.05,851.8,850.95,851.55,22136
1606815900,851.5,852.9,851.45,852.55,28629
1606816200,852.5,852.75,850.15,850.95,43949
1606816500,851.1,852.0,849.35,849.35,32947
1606880700,853.0,857.95,852.05,855.3,46547
1606881000,855.55,855.7,853.8,854.55,16622
1606881300,854.85,856.25,853.05,855.9,12716
1606881600,855.9,859.35,855.0,855.8,49781
1606881900,855.8,857.55,854.55,856.15,18243
1606882200,856.15,856.15,855.0,855.6,9900
1606882500,855.55,855.55,851.25,853.7,26556
1606882800,853.7,854.9,853.35,853.4,13032
1606883100,853.4,853.45,850.4,850.4,14205
1606883400,850.4,851.85,850.4,850.55,13745
1606883700,850.55,854.9,850.3,854.9,13810
1606884000,854.9,855.5,852.55,853.0,10810
1606884300,853.2,854.3,853.0,853.5,13132
1606884600,853.5,854.8,852.35,852.95,9202
1606884900,852.95,853.0,851.65,852.5,43606
1606885200,852.5,853.25,852.0,852.65,8531
1606885500,852.7,854.5,852.0,853.95,18730
1606885800,853.95,855.5,853.1,854.35,12989
1606886100,854.2,855.75,854.2,854.95,6368
1606886400,854.95,855.95,854.7,855.95,9097
1606886700,855.9,860.55,855.9,860.15,89403
1606887000,860.05,861.05,859.1,860.25,66679
1606887300,860.55,860.75,859.55,860.0,24759
1606887600,860.0,860.65,859.55,860.0,14423
1606887900,860.05,860.6,860.0,860.05,8403
1606888200,860.0,860.75,859.55,860.35,11582
1606888500,860.35,860.7,858.25,858.85,12660
1606888800,858.85,858.85,856.45,857.75,15747
1606889100,857.75,859.5,857.75,859.2,9763
1606889400,859.1,859.4,858.5,858.7,5833
1606889700,858.8,860.0,858.55,859.45,18173
1606890000,859.45,859.75,859.0,859.5,7549
1606890300,859.5,860.2,859.0,860.0,9423
1606890600,860.05,860.9,859.7,860.2,14397
1606890900,860.2,861.0,859.85,859.85,9849
1606891200,859.95,861.0,859.85,861.0,14926
1606891500,861.0,864.3,860.85,864.25,50670
1606891800,864.25,864.5,862.8,863.6,22267
1606892100,863.65,864.4,862.95,863.75,21702
1606892400,863.65,865.9,863.65,865.45,39751
1606892700,865.45,865.5,864.3,864.85,14874
1606893000,864.8,865.0,863.4,864.9,11848
1606893300,864.75,865.0,862.6,862.75,14018
1606893600,862.75,864.9,862.65,864.25,17378
1606893900,864.25,864.25,858.6,859.45,29944
1606894200,859.45,859.45,855.55,857.0,22149
1606894500,857.0,858.15,855.75,856.1,19220
1606894800,856.1,856.45,854.2,854.8,14125
1606895100,855.25,856.15,854.1,854.1,16425
1606895400,854.1,856.6,854.1,856.6,8381
1606895700,856.6,857.0,855.95,856.75,8144
1606896000,856.75,856.95,854.5,854.7,8807
1606896300,854.85,855.6,853.1,853.15,13979
1606896600,853.1,853.8,852.2,853.2,16879
1606896900,853.25,855.55,852.55,855.0,16234
1606897200,855.05,856.25,855.0,855.75,4008
1606897500,855.75,856.0,855.5,855.95,5467
1606897800,856.0,857.65,855.25,856.5,23400
1606898100,856.5,856.95,852.5,853.75,19342
1606898400,853.75,856.8,853.25,856.1,16585
1606898700,856.1,857.75,855.65,857.75,7659
1606899000,857.45,860.2,857.45,860.2,16417
1606899300,860.6,862.2,860.45,861.85,20712
1606899600,861.9,862.5,860.85,861.8,14739
1606899900,861.8,865.0,861.45,864.65,22414
1606900200,864.65,866.95,864.4,866.75,58099
1606900500,866.8,869.85,866.3,869.0,59645
1606900800,869.45,869.85,867.7,869.85,41924
1606901100,869.65,870.5,868.5,869.85,52331
1606901400,869.85,874.8,869.8,874.8,121675
1606901700,874.7,879.1,872.95,873.55,163102
1606902000,873.9,879.25,872.7,879.0,145412
1606902300,878.5,879.0,875.25,876.3,96619
1606902600,876.05,877.0,875.0,875.45,102706
1606902900,875.5,878.0,874.3,877.4,35880
1606967100,880.0,881.0,870.1,872.05,129159
1606967400,871.05,872.95,866.95,870.0,129032
1606967700,870.0,870.55,868.85,869.8,85549
1606968000,869.8,870.55,869.0,869.85,88116
1606968300,869.8,870.0,864.0,864.5,123967
1606968600,864.35,866.45,863.25,863.6,116852
1606968900,863.6,865.7,863.25,863.65,84210
1606969200,863.7,864.85,858.85,861.4,121740
1606969500,861.0,862.1,859.0,859.75,74443
1606969800,859.75,860.0,857.1,859.4,102360
1606970100,859.4,860.55,859.0,859.8,47605
1606970400,859.8,860.05,858.85,859.0,40320
1606970700,859.0,860.7,859.0,860.0,46724
1606971000,860.0,861.45,859.25,859.5,64591
1606971300,859.5,860.2,859.0,860.2,42372
1606971600,860.2,860.45,859.55,859.9,21556
1606971900,859.9,860.2,859.0,859.6,39633
1606972200,859.6,860.0,859.0,859.2,27520
1606972500,859.25,859.75,857.35,858.1,58398
1606972800,858.45,858.9,858.05,858.6,18353
1606973100,858.55,858.85,857.4,857.8,44983
1606973400,857.65,858.0,856.35,857.55,48152
1606973700,857.55,859.65,857.55,859.2,49952
1606974000,859.6,860.0,859.15,860.0,29877
1606974300,860.0,860.0,859.25,859.25,44040
1606974600,859.55,860.0,859.0,859.95,23597
1606974900,859.95,860.0,859.45,859.75,17139
1606975200,859.75,860.0,859.0,859.0,22642
1606975500,859.4,860.1,859.0,859.7,37257
1606975800,859.75,860.0,859.05,860.0,41633
1606976100,860.0,860.0,859.2,859.8,14824
1606976400,859.85,860.0,859.3,860.0,33528
1606976700,859.95,860.1,859.4,859.9,31884
1606977000,859.75,860.05,859.25,859.5,22574
1606977300,859.5,859.65,859.45,859.6,16719
1606977600,859.6,859.6,858.7,859.6,37519
1606977900,859.6,860.0,859.35,860.0,23675
1606978200,860.0,860.0,859.0,859.7,20160
1606978500,859.7,860.0,859.2,859.7,25574
1606978800,859.7,860.0,859.5,859.95,23569
1606979100,859.95,860.0,859.55,859.75,23330
1606979400,859.75,860.0,859.5,859.9,29169
1606979700,859.9,859.9,859.5,859.75,10884
1606980000,859.75,860.25,859.4,860.0,68482
1606980300,860.0,860.0,858.25,859.5,48613
1606980600,859.5,859.5,859.0,859.4,12652
1606980900,859.4,859.4,858.15,858.45,34223
1606981200,858.5,858.95,858.35,858.75,16194
1606981500,858.75,858.75,857.6,858.5,31437
1606981800,858.5,858.7,857.5,857.95,21358
1606982100,858.0,858.0,857.3,857.95,31528
1606982400,857.95,858.5,857.85,858.2,40783
1606982700,858.2,858.5,858.0,858.45,19038
1606983000,858.45,858.9,858.25,858.65,16684
1606983300,858.65,860.0,858.6,860.0,40577
1606983600,859.95,860.0,859.3,859.9,33651
1606983900,859.9,860.0,859.05,859.1,35596
1606984200,859.4,859.5,858.15,859.5,30995
1606984500,859.5,859.9,859.35,859.9,16880
1606984800,859.9,860.65,859.65,860.0,50598
1606985100,860.0,860.5,859.05,859.4,24480
1606985400,859.4,860.1,859.2,860.0,28414
1606985700,860.0,860.1,859.8,860.0,19235
1606986000,860.0,860.5,859.9,860.4,26822
1606986300,860.4,860.4,860.0,860.05,19308
1606986600,860.05,860.3,859.25,860.1,36690
1606986900,860.0,860.1,859.5,859.55,19581
1606987200,859.55,860.2,859.5,859.7,33994
1606987500,859.7,859.8,858.65,859.6,32804
1606987800,859.4,862.0,859.3,860.3,147135
1606988100,860.65,861.8,860.3,861.2,58229
1606988400,861.15,861.6,859.1,859.6,68634
1606988700,859.6,859.6,857.8,858.4,154881
1606989000,858.25,858.45,851.4,857.15,323205
1606989300,857.15,858.05,856.6,858.0,119403
1607053500,865.1,869.7,863.0,867.45,101322
1607053800,867.4,869.0,867.15,868.2,47307
1607054100,868.25,869.8,867.5,867.55,54631
1607054400,867.55,871.0,867.5,870.9,70792
1607054700,870.9,870.9,867.1,868.25,32436
1607055000,867.8,868.5,865.95,867.65,30912
1607055300,867.25,867.75,864.25,865.95,49059
1607055600,865.95,866.25,864.0,864.9,26855
1607055900,865.4,865.4,862.0,864.7,36400
1607056200,864.7,865.0,863.25,863.8,12345
1607056500,863.8,863.9,862.05,862.6,22555
1607056800,863.0,864.0,861.0,864.0,16974
1607057100,863.85,866.15,863.85,866.15,21749
1607057400,866.0,866.55,864.05,864.55,19558
1607057700,864.55,866.5,864.1,866.2,11003
1607058000,866.2,867.0,864.2,864.65,20385
1607058300,864.65,865.0,864.2,864.25,11180
1607058600,864.2,864.25,863.0,863.25,13156
1607058900,863.4,865.0,863.0,864.45,9755
1607059200,864.45,865.25,864.0,865.1,6088
1607059500,865.1,865.65,864.6,865.45,8631
1607059800,865.5,866.5,865.5,866.05,20255
1607060100,866.05,866.3,865.2,865.65,10292
1607060400,865.65,866.25,865.55,865.85,6748
1607060700,865.85,865.95,865.0,865.15,12410
1607061000,865.15,865.6,863.0,863.65,9971
1607061300,863.65,864.5,861.2,861.9,22977
1607061600,861.9,863.1,861.25,862.5,11100
1607061900,862.5,863.0,860.0,860.15,24173
1607062200,860.15,860.7,858.8,860.7,14652
1607062500,860.7,861.0,859.0,860.65,16159
1607062800,860.15,860.9,859.3,859.7,12751
1607063100,859.55,859.85,858.4,858.5,16121
1607063400,858.55,858.9,856.45,857.6,29744
1607063700,857.55,858.15,856.55,857.05,16921
1607064000,857.1,859.45,857.0,859.25,11856
1607064300,859.05,860.5,857.35,857.35,24390
1607064600,857.25,859.85,857.15,859.5,14921
1607064900,859.5,861.0,859.5,860.95,12877
1607065200,860.95,861.0,859.15,859.4,12335
1607065500,859.55,860.75,858.0,859.3,15225
1607065800,859.3,861.0,859.3,860.3,11985
1607066100,860.3,860.85,858.1,858.35,16131
1607066400,858.3,860.0,857.95,859.85,13498
1607066700,859.85,860.5,858.5,858.5,12010
1607067000,858.5,860.3,858.5,859.25,12858
1607067300,859.2,860.6,859.15,860.1,13715
1607067600,860.05,860.5,858.75,860.1,13943
1607067900,860.05,860.7,860.05,860.6,12733
1607068200,860.6,861.1,860.05,860.05,11577
1607068500,860.05,860.45,859.55,859.85,11281
1607068800,859.85,860.5,859.6,859.85,9045
1607069100,859.65,860.9,859.6,860.35,13477
1607069400,860.35,860.7,859.7,859.75,10881
1607069700,859.7,860.5,859.5,860.4,12240
1607070000,860.4,860.6,860.0,860.1,11172
1607070300,860.1,860.25,859.7,859.8,11254
1607070600,859.8,862.45,859.8,862.1,27396
1607070900,862.45,862.75,861.0,862.1,16714
1607071200,862.1,862.5,859.7,862.4,23611
1607071500,862.3,864.0,862.0,862.6,36243
1607071800,862.9,863.75,862.5,863.15,16454
1607072100,863.15,864.0,862.35,863.9,23197
1607072400,863.9,865.0,862.65,863.4,46468
1607072700,863.35,863.95,863.0,863.0,19740
1607073000,863.0,864.0,863.0,863.9,16522
1607073300,863.9,864.0,861.5,862.0,20411
1607073600,861.7,863.6,861.7,863.6,18453
1607073900,863.4,863.5,862.55,862.6,21134
1607074200,862.6,864.0,862.6,863.05,44699
1607074500,863.0,864.0,862.8,863.45,39823
1607074800,863.45,863.45,862.0,862.2,55380
1607075100,862.2,863.0,862.0,862.5,27247
1607075400,862.85,863.4,862.0,862.7,33327
1607075700,862.7,863.0,862.0,863.0,18553
1607312700,863.5,863.5,852.4,858.35,153680
1607313000,857.7,861.95,854.55,859.7,57513
1607313300,859.75,864.0,858.0,862.15,48870
1607313600,862.05,863.25,856.6,858.5,34592
1607313900,858.5,862.75,858.5,859.6,21687
1607314200,859.6,866.0,859.45,863.95,56694
1607314500,863.5,865.15,862.15,865.0,21212
1607314800,864.35,865.6,861.4,863.4,28413
1607315100,863.45,863.8,862.25,862.55,6737
1607315400,862.55,862.95,861.1,861.8,8554
1607315700,861.8,861.95,861.0,861.2,7226
1607316000,861.1,861.55,858.0,858.95,20882
1607316300,858.95,859.3,858.2,858.2,13098
1607316600,858.2,859.65,858.2,859.2,7823
1607316900,859.2,859.5,856.0,856.05,33357
1607317200,856.4,858.95,855.0,858.2,18609
1607317500,858.2,863.6,858.2,862.2,31520
1607317800,862.2,863.0,860.8,861.95,13602
1607318100,861.95,861.95,859.2,860.05,14547
1607318400,860.05,862.5,859.65,861.7,12473
1607318700,861.75,862.25,860.7,861.05,6433
1607319000,861.35,862.0,860.2,861.0,6577
1607319300,860.5,861.6,858.75,859.05,7936
1607319600,858.75,861.0,858.0,858.6,42438
1607319900,858.7,858.95,857.0,857.55,29067
1607320200,857.55,858.45,857.1,858.1,6507
1607320500,858.3,859.0,858.0,858.25,7005
1607320800,858.25,859.0,857.1,857.7,14081
1607321100,857.7,857.7,856.7,857.4,18068
1607321400,857.4,857.4,856.05,856.2,12859
1607321700,856.15,856.35,854.05,856.0,47603
1607322000,855.95,856.15,855.05,855.85,12903
1607322300,855.85,856.6,855.65,856.55,14663
1607322600,856.15,856.6,856.0,856.05,8273
1607322900,856.05,858.4,856.0,857.7,24664
1607323200,857.7,858.3,857.25,857.25,11076
1607323500,857.25,857.9,856.0,856.0,8756
1607323800,856.0,856.8,856.0,856.55,13231
1607324100,856.6,857.65,856.25,856.55,11613
1607324400,856.6,857.55,855.0,855.0,27060
1607324700,855.0,856.1,855.0,856.0,14072
1607325000,855.9,856.45,855.5,856.35,11634
1607325300,856.45,857.0,855.7,856.05,12596
1607325600,856.05,857.1,855.5,856.25,21835
1607325900,856.3,857.4,856.0,857.2,14628
1607326200,857.3,857.3,855.45,855.55,27204
1607326500,855.6,856.5,855.55,855.55,6392
1607326800,855.55,856.75,855.55,855.7,13727
1607327100,855.7,857.3,855.7,857.0,12089
1607327400,857.05,857.3,856.3,856.8,13910
1607327700,856.8,857.75,856.5,857.4,10512
1607328000,857.05,857.7,856.0,857.1,13532
1607328300,857.15,857.25,856.0,856.0,6830
1607328600,856.1,856.1,853.5,853.85,32555
1607328900,853.85,855.1,853.0,853.0,23694
1607329200,853.0,854.05,853.0,853.8,17871
1607329500,853.8,854.4,853.5,853.5,18991
1607329800,853.8,854.05,850.2,850.3,54472
1607330100,850.4,856.0,850.05,854.9,94741
1607330400,854.9,855.45,854.1,854.55,21914
1607330700,854.85,855.3,854.25,854.55,27420
1607331000,854.45,855.8,854.25,854.9,89237
1607331300,854.75,856.0,854.45,855.35,14587
1607331600,855.65,855.85,852.3,852.3,26146
1607331900,852.3,854.2,852.2,853.25,12695
1607332200,853.25,854.3,852.35,853.05,22317
1607332500,853.05,853.9,852.65,853.85,10995
1607332800,853.85,854.35,853.2,853.35,18862
1607333100,853.3,853.85,853.0,853.55,16803
1607333400,853.55,854.6,851.45,851.8,90257
1607333700,851.85,854.0,851.85,853.85,42500
1607334000,853.8,853.95,853.0,853.4,55744
1607334300,853.4,853.7,852.55,852.8,82500
1607334600,852.8,852.9,848.0,850.9,164079
1607334900,850.8,850.95,849.25,850.0,85282
1607399100,854.8,859.5,851.75,855.95,135097
1607399400,856.0,859.0,853.0,855.25,80858
1607399700,855.25,855.8,854.65,854.65,24470
1607400000,854.6,854.7,853.5,854.45,30550
1607400300,854.45,855.0,854.0,854.55,29011
1607400600,854.55,855.35,854.5,854.5,26534
1607400900,854.45,855.8,853.65,853.65,22371
1607401200,853.65,853.75,851.75,851.8,37952
1607401500,851.75,855.5,851.5,854.0,76138
1607401800,854.0,855.25,853.0,853.0,36114
1607402100,853.0,856.5,852.2,855.6,77002
1607402400,855.55,856.0,853.1,853.75,86183
1607402700,853.75,854.55,852.7,853.2,49066
1607403000,853.75,853.75,852.6,853.25,32797
1607403300,853.4,854.0,852.8,853.0,32641
1607403600,853.0,853.8,852.35,852.8,30616
1607403900,852.75,852.85,851.8,852.0,48143
1607404200,852.0,852.4,851.3,852.0,28046
1607404500,851.95,853.0,851.9,852.55,18904
1607404800,852.5,852.55,852.0,852.2,14136
1607405100,852.2,852.3,851.85,851.95,13048
1607405400,851.95,851.95,851.1,851.8,37225
1607405700,851.75,851.8,850.0,850.05,86466
1607406000,850.05,852.35,849.95,850.05,59506
1607406300,850.05,851.15,849.55,850.05,72870
1607406600,850.05,850.85,849.1,850.05,26941
1607406900,850.05,851.05,849.0,849.5,24829
1607407200,849.2,851.2,848.2,849.85,52884
1607407500,849.85,850.95,849.0,849.7,26244
1607407800,849.35,850.45,849.1,849.7,23446
1607408100,849.7,850.45,849.5,850.0,11910
1607408400,850.05,851.15,849.5,851.05,35938
1607408700,851.05,851.9,849.45,850.0,36690
1607409000,850.0,850.2,849.25,849.8,15897
1607409300,849.6,850.0,849.6,849.65,11578
1607409600,849.65,850.0,849.4,849.95,10099
1607409900,849.95,850.05,849.5,850.0,19620
1607410200,850.0,850.05,849.95,850.0,14717
1607410500,850.05,850.4,850.0,850.3,13125
1607410800,850.3,851.45,850.3,850.95,25081
1607411100,850.95,851.0,850.25,850.25,31913
1607411400,850.25,850.6,850.25,850.45,16560
1607411700,850.45,850.5,850.0,850.3,58167
1607412000,850.25,850.95,849.1,850.5,38847
1607412300,850.7,851.35,850.35,851.15,18686
1607412600,851.15,852.25,850.0,850.0,38715
1607412900,850.1,850.85,849.35,850.5,27124
1607413200,850.6,851.35,849.95,850.4,23352
1607413500,850.4,850.9,849.8,850.65,19135
1607413800,850.65,851.0,850.0,850.85,20131
1607414100,850.8,852.0,850.8,851.5,21503
1607414400,851.5,851.6,849.6,850.55,23002
1607414700,850.75,852.3,850.55,851.95,20971
1607415000,851.95,852.05,851.3,851.65,21000
1607415300,851.65,852.6,851.65,852.35,19397
1607415600,852.35,853.95,852.05,853.8,23210
1607415900,853.75,853.9,853.25,853.85,17980
1607416200,853.85,854.0,853.25,853.55,15248
1607416500,853.55,853.9,853.25,853.3,12665
1607416800,853.35,853.35,852.15,852.6,14899
1607417100,852.6,853.0,852.6,853.0,12587
1607417400,853.0,853.3,852.9,852.9,10400
1607417700,852.9,853.0,851.6,851.6,13435
1607418000,851.6,852.55,850.25,850.25,25809
1607418300,850.05,851.85,850.05,851.3,28290
1607418600,851.3,851.5,850.5,850.85,20433
1607418900,850.85,852.0,850.85,851.85,14910
1607419200,851.85,852.95,851.85,852.55,22535
1607419500,852.9,853.0,852.35,852.65,19801
1607419800,852.7,853.6,852.45,852.8,38941
1607420100,852.75,855.0,852.7,854.5,46886
1607420400,854.85,855.0,853.3,854.3,51537
1607420700,854.4,854.4,853.15,853.6,45185
1607421000,853.6,854.4,853.5,853.95,47887
1607421300,853.8,854.9,853.4,854.5,49883
1607485500,858.0,862.0,855.0,861.35,91530
1607485800,861.35,862.9,856.65,861.45,111944
1607486100,861.75,862.4,858.55,861.4,69282
1607486400,861.5,864.0,859.45,859.75,62561
1607486700,859.7,860.4,858.5,859.25,30325
1607487000,859.25,859.5,857.6,858.7,42517
1607487300,858.65,859.5,857.5,858.55,35969
1607487600,859.0,859.45,858.0,859.3,17733
1607487900,859.45,859.5,858.25,858.55,19026
1607488200,858.55,859.15,857.5,858.85,15510
1607488500,858.85,860.4,858.5,859.25,21474
1607488800,858.65,861.1,858.65,860.55,71724
1607489100,860.55,860.95,858.95,859.35,19206
1607489400,859.6,860.05,858.55,859.8,11793
1607489700,859.8,862.5,859.75,861.5,42970
1607490000,861.5,862.5,860.4,860.95,17648
1607490300,861.0,862.35,860.95,861.55,24722
1607490600,861.55,862.75,861.45,861.85,26217
1607490900,862.0,862.4,861.5,861.5,11978
1607491200,861.4,863.05,861.15,863.05,29141
1607491500,863.05,863.5,862.0,863.15,45057
1607491800,862.7,863.4,861.8,862.4,17894
1607492100,862.1,863.4,862.1,862.45,15032
1607492400,862.45,862.9,861.5,862.2,14194
1607492700,862.1,862.6,861.0,861.4,9669
1607493000,861.4,862.15,860.55,861.15,31116
1607493300,861.1,861.85,860.0,860.0,12985
1607493600,860.0,860.85,859.25,860.45,12388
1607493900,860.45,860.95,859.95,860.95,4258
1607494200,860.55,861.1,860.05,860.55,5378
1607494500,860.55,861.3,859.25,859.25,18696
1607494800,859.0,861.2,859.0,860.6,9744
1607495100,860.6,861.2,860.2,860.25,6864
1607495400,860.25,860.85,859.0,860.0,17792
1607495700,860.0,860.9,859.35,859.65,10772
1607496000,859.7,860.5,859.35,859.85,6841
1607496300,860.4,860.6,859.9,860.4,5630
1607496600,860.4,860.9,859.55,860.0,10175
1607496900,859.65,860.15,856.2,857.2,50666
1607497200,856.75,856.75,855.15,855.5,53595
1607497500,855.4,856.5,854.8,856.4,41474
1607497800,856.45,857.4,855.2,855.85,21977
1607498100,856.3,857.5,855.55,856.05,17159
1607498400,855.7,857.0,855.7,856.5,5897
1607498700,856.75,857.35,856.3,857.0,9188
1607499000,857.0,858.5,856.9,858.05,8444
1607499300,858.05,860.45,857.65,859.8,24010
1607499600,859.95,860.35,857.95,858.8,25713
1607499900,858.8,859.9,858.6,859.3,8968
1607500200,859.3,860.0,859.05,859.8,11194
1607500500,859.8,860.0,859.05,859.6,9416
1607500800,859.2,860.1,859.0,859.9,12397
1607501100,859.9,860.85,858.5,859.05,16941
1607501400,859.05,859.8,858.75,858.8,11388
1607501700,858.8,860.0,858.25,859.6,8804
1607502000,859.65,860.4,859.5,860.05,7024
1607502300,860.1,860.8,859.9,859.95,12606
1607502600,859.9,860.1,859.55,860.0,9795
1607502900,859.7,860.5,859.65,860.0,12534
1607503200,860.3,860.6,860.0,860.2,11770
1607503500,860.2,860.8,860.1,860.2,10287
1607503800,860.3,860.7,859.95,859.95,10318
1607504100,860.4,860.7,859.55,859.8,13964
1607504400,859.8,860.4,859.3,859.65,15234
1607504700,859.9,860.7,859.1,859.85,16685
1607505000,859.85,860.0,859.1,859.8,14593
1607505300,859.35,860.0,857.5,857.65,19200
1607505600,858.0,859.25,857.4,858.75,19421
1607505900,858.75,858.85,857.3,858.0,17185
1607506200,858.35,859.0,857.05,858.0,39042
1607506500,858.0,858.75,856.0,856.0,39174
1607506800,856.0,858.9,855.75,858.9,53979
1607507100,858.9,859.7,858.0,858.75,47563
1607507400,859.05,859.5,857.5,857.5,47119
1607507700,857.75,858.6,857.0,857.95,27306
1607571900,861.0,862.9,855.0,861.35,63398
1607572200,861.65,862.55,859.8,861.35,43863
1607572500,861.9,862.3,857.95,860.2,59435
1607572800,860.0,860.2,855.4,858.7,54831
1607573100,858.7,858.95,856.9,858.35,30313
1607573400,858.5,859.6,857.7,858.65,27784
1607573700,859.0,859.6,858.3,858.95,34214
1607574000,859.25,861.0,858.35,860.9,40271
1607574300,860.9,861.95,859.7,860.85,42061
1607574600,860.95,861.1,860.0,860.3,23512
1607574900,860.3,860.5,858.25,858.7,25917
1607575200,858.9,860.0,858.15,859.95,30801
1607575500,859.9,860.85,859.2,859.7,25041
1607575800,859.8,860.4,858.8,858.8,20527
1607576100,858.8,860.15,858.0,858.85,25461
1607576400,858.95,859.45,858.0,859.45,18956
1607576700,858.65,859.7,857.6,859.1,24227
1607577000,859.1,860.35,857.75,857.85,39514
1607577300,857.8,860.1,857.8,859.25,16477
1607577600,859.5,860.0,858.8,859.7,17895
1607577900,859.7,860.45,859.4,859.8,16740
1607578200,860.25,860.75,859.4,860.75,28022
1607578500,860.6,861.65,860.3,860.7,26093
1607578800,860.7,861.15,860.55,860.95,17511
1607579100,861.0,861.1,860.45,860.95,14922
1607579400,861.0,861.25,860.85,861.0,15451
1607579700,861.0,861.3,860.5,860.95,14594
1607580000,861.0,861.0,859.2,859.8,25249
1607580300,859.8,860.25,859.6,859.9,13842
1607580600,859.9,860.0,859.15,859.9,12733
1607580900,859.9,860.0,859.35,859.9,11255
1607581200,859.9,860.0,858.85,859.1,21058
1607581500,858.85,859.15,857.1,858.4,18940
1607581800,858.9,859.1,857.95,858.55,18731
1607582100,858.5,859.15,858.2,859.0,15422
1607582400,859.0,859.15,858.15,858.55,17737
1607582700,858.55,859.5,856.0,857.45,199906
1607583000,858.0,858.85,857.0,858.05,70786
1607583300,858.05,860.5,858.05,860.0,17967
1607583600,860.0,860.05,859.95,859.95,13749
1607583900,860.0,860.3,859.35,859.95,15492
1607584200,860.0,860.45,859.8,859.95,48018
1607584500,860.0,860.5,859.45,860.0,41011
1607584800,860.0,860.45,859.95,860.0,37187
1607585100,860.0,860.45,859.8,859.95,35795
1607585400,859.95,860.4,859.7,860.0,36106
1607585700,860.0,860.2,859.5,859.95,31315
1607586000,860.0,860.45,859.6,859.95,28893
1607586300,860.0,860.45,859.65,859.95,38307
1607586600,859.95,860.45,859.6,860.0,31660
1607586900,859.95,860.2,859.15,860.0,30894
1607587200,860.0,860.1,858.2,858.55,27563
1607587500,858.3,859.0,858.0,858.35,17476
1607587800,858.35,858.75,857.3,858.0,24409
1607588100,857.95,858.05,857.95,857.95,29019
1607588400,857.95,858.0,857.7,857.95,24721
1607588700,857.95,858.95,857.85,858.05,23459
1607589000,858.15,859.45,857.5,857.55,22679
1607589300,857.6,858.0,857.3,857.9,18391
1607589600,857.9,858.1,857.5,857.5,18531
1607589900,857.7,858.0,857.1,857.5,31936
1607590200,857.5,858.9,856.4,857.25,25298
1607590500,857.4,858.0,856.45,857.8,23862
1607590800,857.8,858.3,857.0,857.8,19127
1607591100,857.8,858.0,856.5,857.1,24694
1607591400,857.4,857.95,856.65,856.8,21270
1607591700,856.95,857.5,856.85,856.85,21351
1607592000,856.8,857.6,856.1,856.5,26628
1607592300,856.8,858.0,856.35,858.0,20535
1607592600,857.7,857.9,856.45,856.6,31206
1607592900,856.65,857.0,855.0,855.05,41225
1607593200,855.0,856.4,855.0,856.2,32389
1607593500,856.15,857.0,855.6,855.95,56559
1607593800,855.95,856.4,855.0,856.4,41155
1607594100,856.6,856.6,855.4,855.95,45041
1607658300,860.9,862.8,858.2,862.0,45668
1607658600,862.0,862.5,859.5,860.5,25011
1607658900,860.5,861.85,860.0,860.6,13535
1607659200,860.6,861.7,858.65,859.5,23140
1607659500,859.25,861.0,859.0,860.35,12666
1607659800,860.35,860.9,858.65,859.9,15163
1607660100,859.5,860.0,858.65,858.65,12152
1607660400,859.0,860.1,858.65,859.85,11548
1607660700,859.85,860.1,858.65,858.8,17061
1607661000,858.8,859.8,858.0,859.75,14482
1607661300,859.75,861.5,859.4,861.3,18295
1607661600,861.5,861.5,858.65,859.5,13793
1607661900,859.1,859.6,858.05,859.0,13617
1607662200,858.8,859.0,857.1,858.05,14502
1607662500,858.0,858.05,857.15,857.3,10678
1607662800,857.3,857.8,855.75,857.25,46943
1607663100,857.25,857.55,855.0,856.25,87517
1607663400,856.25,857.5,855.5,856.15,19053
1607663700,856.15,856.9,855.6,856.0,16177
1607664000,856.3,856.4,855.5,856.1,20365
1607664300,856.1,856.35,855.0,855.25,27344
1607664600,855.25,855.6,853.0,853.2,36407
1607664900,853.9,855.2,853.35,854.2,41722
1607665200,854.25,855.65,854.15,855.45,18160
1607665500,855.1,855.45,853.15,854.0,23762
1607665800,854.0,854.7,853.5,853.75,16359
1607666100,853.75,854.3,853.2,853.2,14093
1607666400,853.2,854.0,853.0,853.6,11559
1607666700,854.0,854.95,853.2,854.55,14697
1607667000,854.55,854.75,854.0,854.15,7572
1607667300,854.15,854.95,853.0,853.4,19764
1607667600,853.0,854.6,853.0,854.45,17290
1607667900,854.0,854.7,853.65,853.65,7702
1607668200,853.65,854.05,852.05,852.05,27498
1607668500,852.0,852.8,852.0,852.5,24699
1607668800,852.5,852.95,851.85,852.0,26226
1607669100,852.45,852.45,851.2,851.3,31527
1607669400,851.3,853.7,851.3,852.05,27467
1607669700,852.05,853.2,852.0,852.5,22957
1607670000,852.5,853.25,852.0,852.1,23221
1607670300,852.1,853.25,852.05,852.1,13790
1607670600,852.1,853.5,850.1,851.55,112729
1607670900,851.1,852.3,850.4,851.25,41492
1607671200,851.75,851.9,850.6,850.85,18977
1607671500,850.8,851.35,850.7,851.15,12905
1607671800,850.7,851.5,850.6,850.85,18535
1607672100,850.85,851.0,850.0,851.0,29209
1607672400,850.6,851.5,850.0,850.0,31965
1607672700,850.0,850.45,849.05,849.8,36056
1607673000,849.8,850.3,849.05,849.05,14526
1607673300,849.05,849.8,848.3,849.0,25740
1607673600,849.0,849.35,848.3,848.45,13444
1607673900,848.3,848.45,847.0,848.3,31724
1607674200,848.45,850.4,848.25,849.35,26142
1607674500,849.35,850.0,849.0,849.05,14733
1607674800,849.05,850.0,848.8,848.85,11230
1607675100,848.85,849.6,848.0,848.05,17910
1607675400,848.4,848.5,846.0,846.1,61703
1607675700,846.1,848.4,845.4,848.0,14837
1607676000,848.2,848.45,846.0,847.35,31916
1607676300,847.35,847.35,845.5,846.3,28994
1607676600,846.3,847.3,845.55,846.35,21286
1607676900,846.35,847.4,846.0,846.55,7820
1607677200,846.55,848.45,846.55,848.0,9170
1607677500,847.95,849.8,846.1,846.9,18995
1607677800,846.9,847.85,846.0,847.25,14384
1607678100,847.65,849.7,847.0,848.05,15256
1607678400,848.0,850.0,847.65,848.25,22704
1607678700,848.25,850.0,848.05,848.45,40252
1607679000,848.05,849.8,848.05,848.5,32267
1607679300,848.85,850.0,848.5,849.5,40031
1607679600,849.25,849.95,848.75,849.55,40609
1607679900,849.55,850.0,849.55,850.0,76554
1607680200,849.95,850.2,848.9,850.0,62483
1607680500,850.0,851.0,848.2,849.0,35726
1607917500,855.0,856.45,851.15,855.85,33636
1607917800,855.6,856.9,854.05,855.0,21978
1607918100,854.6,855.05,850.0,853.0,40588
1607918400,853.0,856.0,853.0,855.1,26690
1607918700,855.1,855.45,854.1,855.3,9158
1607919000,855.3,855.75,854.35,855.25,15867
1607919300,855.25,856.0,853.5,855.8,20587
1607919600,856.0,858.3,855.1,857.25,31280
1607919900,857.25,857.9,856.0,856.45,11921
1607920200,856.45,857.25,856.0,856.55,10367
1607920500,856.35,856.35,853.55,853.55,15938
1607920800,853.55,855.0,853.5,854.95,9081
1607921100,854.3,854.9,853.75,853.75,5398
1607921400,853.55,854.15,852.25,853.05,20171
1607921700,853.1,854.4,852.9,853.4,6795
1607922000,853.25,853.7,851.4,852.0,21652
1607922300,851.95,852.45,851.25,851.7,12607
1607922600,851.2,852.0,851.05,851.75,4560
1607922900,851.75,853.0,851.65,852.45,4024
1607923200,852.45,853.05,852.2,852.3,3672
1607923500,852.3,852.3,850.5,851.45,13088
1607923800,851.3,852.1,850.5,850.7,7845
1607924100,850.7,852.7,849.05,852.35,18759
1607924400,852.3,853.0,852.0,852.25,9969
1607924700,852.55,853.0,852.05,852.8,3549
1607925000,852.8,852.95,850.8,851.25,20365
1607925300,850.95,851.7,850.85,851.6,2328
1607925600,851.3,852.55,851.1,852.25,2338
1607925900,852.35,852.9,850.3,850.45,8150
1607926200,850.45,850.5,850.4,850.5,3163
1607926500,850.45,850.5,849.15,849.35,19996
1607926800,849.35,850.15,848.05,850.0,43774
1607927100,850.0,850.4,848.9,850.0,26194
1607927400,849.75,850.0,849.1,849.5,4549
1607927700,849.45,849.5,849.1,849.25,3521
1607928000,849.25,850.0,849.25,850.0,4801
1607928300,849.95,850.0,849.55,850.0,8964
1607928600,850.0,850.0,849.75,849.95,13746
1607928900,850.0,850.9,849.85,850.6,74067
1607929200,850.6,850.7,850.2,850.45,4324
1607929500,850.5,850.5,849.9,849.9,18724
1607929800,849.85,850.35,849.85,850.0,4542
1607930100,849.95,850.4,849.85,850.0,10057
1607930400,850.0,850.3,849.9,849.95,12651
1607930700,849.95,850.0,849.45,849.6,14165
1607931000,849.6,850.4,849.6,849.95,11536
1607931300,849.95,850.25,849.95,850.0,24311
1607931600,850.0,850.8,849.95,850.4,15456
1607931900,850.5,851.05,849.7,850.45,7227
1607932200,850.45,850.5,849.35,850.0,4212
1607932500,850.0,850.4,849.7,850.0,12238
1607932800,849.95,850.0,849.25,850.0,26393
1607933100,850.0,850.5,849.85,850.0,50824
1607933400,849.95,850.85,849.95,850.0,9833
1607933700,849.95,850.05,849.2,849.75,6637
1607934000,849.75,850.25,849.75,850.0,9015
1607934300,849.95,850.2,849.3,849.95,8808
1607934600,850.0,850.35,849.9,849.95,8840
1607934900,849.75,850.05,849.5,850.0,14223
1607935200,849.95,850.25,849.95,850.0,17437
1607935500,849.95,850.5,849.95,850.4,14849
1607935800,850.15,850.5,850.0,850.2,6558
1607936100,850.0,850.35,850.0,850.2,6235
1607936400,850.2,850.2,850.1,850.2,12317
1607936700,850.15,850.25,850.0,850.15,8889
1607937000,850.15,850.45,850.15,850.2,3580
1607937300,850.15,850.5,850.1,850.2,7375
1607937600,850.15,850.45,849.95,850.0,22134
1607937900,850.0,850.4,850.0,850.0,5423
1607938200,850.0,850.4,850.0,850.15,14503
1607938500,850.2,850.4,850.1,850.1,22160
1607938800,850.1,850.45,850.1,850.2,23994
1607939100,850.2,850.5,850.1,850.2,28302
1607939400,850.2,850.65,849.8,850.2,34840
1607939700,850.15,850.5,850.1,850.2,67112
1608003900,851.2,855.2,848.0,851.5,72276
1608004200,850.5,853.65,849.05,849.1,58630
1608004500,849.0,853.35,848.25,851.55,36594
1608004800,851.55,851.7,849.0,849.4,30008
1608005100,849.3,850.25,848.0,848.2,33788
1608005400,848.2,850.0,847.95,849.95,34983
1608005700,849.5,850.0,849.05,849.55,14528
1608006000,849.55,849.55,845.0,846.95,47393
1608006300,846.95,846.95,846.1,846.4,19788
1608006600,846.4,846.5,844.5,844.5,28602
1608006900,844.3,845.0,842.05,844.15,34398
1608007200,844.15,845.9,843.6,845.4,26092
1608007500,844.95,845.0,843.3,844.05,15052
1608007800,844.0,845.05,843.65,844.7,30466
1608008100,844.7,845.95,844.55,845.45,8482
1608008400,845.45,847.85,845.25,847.0,22044
1608008700,847.0,848.0,846.55,847.55,18050
1608009000,847.7,848.0,846.55,847.25,13941
1608009300,847.1,850.0,847.05,849.45,43618
1608009600,849.45,850.0,848.0,849.95,20965
1608009900,849.95,849.95,848.05,848.9,15877
1608010200,848.9,849.9,848.5,849.65,7610
1608010500,849.65,850.3,849.65,849.85,14887
1608010800,849.65,849.8,848.1,849.65,9948
1608011100,849.65,849.95,849.1,849.25,11268
1608011400,849.15,849.3,848.0,849.25,8083
1608011700,848.75,850.95,848.75,849.85,18561
1608012000,849.85,850.15,848.75,850.15,11310
1608012300,850.15,850.45,849.1,850.0,13290
1608012600,849.9,849.95,849.0,849.3,7340
1608012900,849.3,849.65,849.3,849.65,1560
1608013200,849.65,850.4,849.55,849.85,10563
1608013500,850.0,851.0,849.45,849.45,13760
1608013800,849.45,851.75,849.45,851.35,24030
1608014100,851.4,855.45,851.35,854.35,125298
1608014400,854.35,855.35,851.8,855.0,71651
1608014700,855.0,855.6,852.75,853.05,41991
1608015000,853.05,854.0,851.2,853.95,32410
1608015300,853.9,853.9,852.2,852.5,9047
1608015600,852.5,852.55,851.3,851.5,9095
1608015900,851.3,852.2,850.4,850.55,11989
1608016200,850.3,851.0,850.3,850.5,10321
1608016500,850.4,853.0,850.25,852.05,13157
1608016800,852.05,852.85,851.25,851.75,9342
1608017100,851.75,852.55,851.05,851.9,8696
1608017400,851.9,851.95,850.05,850.1,8749
1608017700,850.05,850.55,848.7,849.6,13983
1608018000,849.6,852.0,849.6,852.0,15007
1608018300,851.7,851.85,850.5,851.15,7079
1608018600,851.4,851.6,850.4,850.45,8178
1608018900,850.45,850.85,849.6,849.95,11581
1608019200,849.95,852.9,849.95,852.55,18662
1608019500,852.55,853.0,851.45,852.9,13538
1608019800,852.9,852.95,852.15,852.25,8017
1608020100,852.25,852.25,851.2,851.5,9084
1608020400,851.5,852.35,850.85,852.25,14065
1608020700,852.25,853.45,852.2,852.3,14828
1608021000,852.3,853.75,851.8,851.8,10873
1608021300,851.8,853.45,851.55,853.05,14833
1608021600,853.05,853.75,852.5,852.5,13636
1608021900,852.5,853.8,852.2,852.2,16249
1608022200,852.2,853.8,852.1,852.65,11331
1608022500,852.65,853.6,851.6,853.6,8665
1608022800,853.55,854.45,853.5,853.8,15031
1608023100,853.8,854.25,852.3,853.8,17923
1608023400,853.7,854.5,852.85,854.45,17177
1608023700,854.4,854.5,853.15,853.85,13782
1608024000,853.85,854.05,853.0,853.4,9202
1608024300,853.4,853.8,852.0,852.7,18719
1608024600,852.65,855.5,852.65,855.45,94321
1608024900,855.5,856.65,855.45,856.6,105499
1608025200,856.6,857.6,854.15,856.6,124254
1608025500,856.6,857.9,854.5,857.6,106189
1608025800,857.55,857.9,856.05,857.85,116980
1608026100,857.65,858.45,855.2,855.9,64836
1608090300,861.2,861.5,855.45,857.5,57158
1608090600,857.5,858.0,854.0,854.5,27321
1608090900,854.95,854.95,852.0,852.3,28823
1608091200,852.1,853.0,852.0,852.0,26690
1608091500,852.2,854.1,851.1,853.4,41444
1608091800,853.3,853.75,852.2,853.15,15435
1608092100,853.3,855.0,850.5,853.7,50470
1608092400,853.7,854.0,852.8,853.25,5791
1608092700,853.25,853.25,852.0,852.7,10703
1608093000,852.7,853.0,851.0,851.5,20762
1608093300,851.5,852.65,851.5,851.9,15654
1608093600,851.55,852.3,851.55,851.75,7312
1608093900,851.75,852.0,851.05,851.2,9037
1608094200,851.3,851.9,851.0,851.2,13688
1608094500,851.1,853.25,851.1,851.35,39051
1608094800,851.35,851.95,851.05,851.05,16361
1608095100,851.05,851.1,850.65,851.0,11744
1608095400,851.0,851.9,850.8,851.5,15175
1608095700,851.5,851.8,851.3,851.5,15800
1608096000,851.5,851.7,851.05,851.25,11963
1608096300,851.2,851.5,851.05,851.4,11644
1608096600,851.1,851.7,851.0,851.1,12322
1608096900,851.2,851.65,851.05,851.5,6971
1608097200,851.5,851.95,851.5,851.85,6074
1608097500,851.85,851.95,851.5,851.95,10684
1608097800,851.9,852.1,851.75,852.05,8166
1608098100,852.05,852.7,852.0,852.35,7217
1608098400,852.35,854.45,852.1,854.0,21726
1608098700,854.0,854.45,853.7,854.35,9915
1608099000,854.2,855.5,854.2,855.2,28168
1608099300,855.2,856.15,854.9,855.95,34067
1608099600,855.95,855.95,855.0,855.2,10639
1608099900,855.0,855.4,855.0,855.25,6327
1608100200,855.25,855.9,855.0,855.5,12700
1608100500,855.5,855.7,855.0,855.35,5247
1608100800,855.3,856.4,855.0,856.2,35707
1608101100,856.2,856.2,855.6,855.9,7879
1608101400,855.9,856.25,855.4,855.7,12761
1608101700,855.65,855.85,855.6,855.8,7291
1608102000,855.75,855.85,855.0,855.15,23124
1608102300,855.0,855.55,855.0,855.5,10418
1608102600,855.5,855.85,854.7,855.6,32979
1608102900,855.6,856.1,855.0,855.55,18623
1608103200,855.55,855.7,855.0,855.2,16175
1608103500,855.2,855.5,855.0,855.05,48499
1608103800,855.05,855.5,855.0,855.05,16670
1608104100,855.0,855.45,855.0,855.3,8193
1608104400,855.25,855.8,855.25,855.8,7973
1608104700,855.8,856.0,855.0,855.7,22994
1608105000,855.7,855.75,855.0,855.6,64025
1608105300,855.6,855.85,855.0,855.3,9983
1608105600,855.3,856.4,855.0,855.0,64335
1608105900,855.0,856.6,855.0,856.55,14190
1608106200,856.55,856.8,856.2,856.4,9849
1608106500,856.4,856.5,856.2,856.4,81169
1608106800,856.2,856.65,856.0,856.2,12363
1608107100,856.2,856.6,856.2,856.6,6893
1608107400,856.6,856.8,856.25,856.6,12565
1608107700,856.6,857.1,856.5,856.95,40477
1608108000,856.95,857.05,856.5,856.9,4852
1608108300,856.9,856.95,856.25,856.85,11807
1608108600,856.85,857.25,856.25,857.2,7781
1608108900,857.2,857.25,857.0,857.1,7912
1608109200,857.1,857.15,856.2,856.85,95722
1608109500,856.5,857.25,856.35,857.0,41776
1608109800,856.95,857.5,856.95,857.5,10487
1608110100,857.5,857.5,856.5,857.0,11024
1608110400,857.0,857.5,856.5,857.4,15892
1608110700,857.4,857.4,856.2,856.9,15785
1608111000,856.9,857.95,856.6,857.95,21702
1608111300,857.95,858.0,856.5,857.8,32507
1608111600,857.4,858.75,857.35,857.75,26021
1608111900,857.55,858.4,856.9,857.35,33738
1608112200,857.1,858.2,856.7,858.0,42190
1608112500,857.75,858.0,856.2,857.5,19292
1608176700,857.5,859.5,854.0,856.55,26088
1608177000,856.55,857.5,855.25,856.0,10615
1608177300,856.0,856.45,854.1,855.05,10114
1608177600,855.05,856.8,855.0,855.0,7555
1608177900,855.0,855.95,854.55,855.65,10094
1608178200,855.65,855.95,854.1,855.05,12555
1608178500,855.1,856.95,852.85,852.9,17071
1608178800,852.7,853.9,851.6,853.3,32341
1608179100,853.3,854.2,851.85,853.05,26962
1608179400,853.25,853.75,853.05,853.25,7978
1608179700,853.3,854.1,853.25,853.9,9434
1608180000,853.55,854.4,852.8,854.4,18578
1608180300,854.4,855.5,854.25,854.45,12604
1608180600,854.45,855.85,854.0,855.35,14147
1608180900,855.35,856.65,855.35,856.35,10596
1608181200,856.35,856.4,854.9,855.05,10401
1608181500,855.1,855.45,853.5,853.95,10887
1608181800,853.95,856.0,853.95,855.5,5689
1608182100,855.05,855.05,853.65,854.0,8291
1608182400,854.0,856.15,853.55,854.5,26268
1608182700,854.75,855.95,854.55,855.95,5892
1608183000,855.95,857.1,854.95,857.0,19052
1608183300,857.0,858.45,855.7,858.05,25013
1608183600,858.05,858.2,857.95,858.0,11956
1608183900,858.0,858.1,857.9,858.0,5042
1608184200,858.0,860.0,857.9,859.5,21006
1608184500,859.55,860.8,858.75,860.55,68392
1608184800,860.55,860.55,859.65,860.0,80653
1608185100,860.0,860.45,860.0,860.2,7256
1608185400,860.2,862.8,860.0,862.35,68865
1608185700,862.35,865.9,862.35,865.05,108555
1608186000,865.0,865.6,863.0,863.0,26783
1608186300,863.0,864.1,861.35,862.5,22861
1608186600,862.4,862.5,860.65,861.25,15816
1608186900,861.2,861.7,860.7,861.5,16718
1608187200,861.5,861.65,860.85,861.35,6391
1608187500,861.3,861.7,861.15,861.3,9396
1608187800,861.3,862.0,861.25,861.6,10020
1608188100,861.6,861.95,861.0,861.2,9834
1608188400,861.2,861.35,860.0,860.15,13033
1608188700,860.0,860.15,859.0,859.0,9478
1608189000,859.05,859.25,857.8,857.8,15602
1608189300,857.8,859.8,857.8,858.75,11294
1608189600,858.75,858.9,858.0,858.3,6473
1608189900,858.25,858.4,857.6,857.95,7897
1608190200,857.95,858.0,857.6,857.8,5520
1608190500,857.9,858.0,857.05,857.55,9290
1608190800,857.55,859.4,857.55,858.8,10714
1608191100,858.75,859.35,858.0,858.05,3886
1608191400,858.05,858.95,857.7,857.75,4587
1608191700,857.75,859.0,857.7,858.5,6029
1608192000,858.5,858.95,857.6,858.45,9875
1608192300,858.45,858.45,857.75,857.9,5283
1608192600,857.9,858.15,857.0,857.1,8271
1608192900,857.1,857.85,856.7,857.0,8250
1608193200,857.0,857.65,856.4,857.4,7991
1608193500,857.35,857.35,856.25,856.5,8268
1608193800,856.5,857.55,856.0,857.55,11998
1608194100,857.5,857.9,856.55,856.65,8116
1608194400,856.65,856.95,855.5,855.55,9371
1608194700,855.55,859.1,855.0,858.8,31720
1608195000,858.8,858.8,855.2,857.0,131129
1608195300,857.0,857.6,856.9,856.9,12881
1608195600,856.9,859.1,856.8,859.1,135116
1608195900,859.2,860.0,856.55,858.0,55022
1608196200,858.0,858.65,858.0,858.2,9774
1608196500,858.15,858.7,857.0,857.05,23173
1608196800,857.05,858.3,857.05,857.95,18163
1608197100,857.7,858.0,857.0,857.4,15274
1608197400,857.4,858.5,855.25,856.45,26652
1608197700,856.4,858.3,856.4,858.15,28076
1608198000,858.2,858.3,855.9,855.95,34043
1608198300,855.95,856.75,854.05,856.25,44948
1608198600,856.2,856.3,855.0,856.3,41626
1608198900,856.2,858.4,855.35,856.0,32492
1608263100,859.0,859.0,853.95,856.3,28557
1608263400,856.2,856.85,854.45,854.65,14376
1608263700,854.65,857.35,853.7,857.15,20950
1608264000,856.8,857.15,854.0,854.65,15226
1608264300,854.7,855.85,854.05,854.5,15058
1608264600,854.5,856.7,853.7,856.7,15939
1608264900,856.45,857.0,854.6,854.65,17997
1608265200,854.65,857.0,852.8,855.5,28898
1608265500,855.5,857.95,853.75,856.75,61019
1608265800,856.8,857.8,856.0,856.3,171140
1608266100,856.3,857.4,856.0,856.55,10040
1608266400,856.5,857.65,856.5,857.65,8232
1608266700,857.3,857.65,856.5,857.0,15257
1608267000,857.0,857.6,855.7,856.0,9762
1608267300,855.7,856.05,854.95,855.5,22186
1608267600,855.55,856.0,854.65,856.0,9225
1608267900,855.65,857.0,855.65,856.65,8097
1608268200,856.65,857.0,855.75,856.55,7167
1608268500,856.55,858.05,855.55,857.5,66982
1608268800,857.5,858.2,856.85,857.8,5528
1608269100,857.8,857.95,856.3,856.6,6401
1608269400,856.6,856.7,855.85,856.0,7848
1608269700,856.0,856.3,855.6,855.85,5384
1608270000,855.9,856.75,855.9,856.4,4342
1608270300,856.6,856.95,856.15,856.3,3829
1608270600,856.3,856.65,856.0,856.5,5787
1608270900,856.3,856.9,856.0,856.5,3720
1608271200,856.45,856.9,856.0,856.3,4720
1608271500,856.3,856.5,855.3,856.35,7710
1608271800,856.3,856.35,855.65,856.2,4869
1608272100,856.2,856.35,855.1,855.5,3864
1608272400,855.5,856.25,855.1,855.4,6073
1608272700,855.4,855.4,854.0,854.45,13850
1608273000,854.45,855.0,854.4,854.9,8423
1608273300,854.9,855.0,854.55,854.95,7390
1608273600,854.9,854.95,854.0,854.45,7536
1608273900,854.7,854.9,854.1,854.6,4063
1608274200,854.35,855.45,854.35,854.95,5356
1608274500,855.0,855.7,854.55,855.35,6409
1608274800,855.35,855.75,854.7,854.7,2891
1608275100,854.7,855.25,853.5,854.15,5924
1608275400,854.15,854.65,853.6,853.75,6378
1608275700,854.05,854.7,854.0,854.6,8756
1608276000,854.6,854.95,854.05,854.6,5203
1608276300,854.6,854.6,854.0,854.55,4747
1608276600,854.55,855.0,854.45,854.8,3192
1608276900,854.8,855.25,854.0,854.7,7533
1608277200,854.9,855.25,854.8,855.1,8739
1608277500,855.25,855.25,854.4,855.0,4496
1608277800,855.0,855.55,854.55,854.75,5611
1608278100,854.95,856.2,854.75,855.9,13673
1608278400,855.35,856.1,855.0,855.1,6316
1608278700,855.3,855.5,854.1,855.0,7761
1608279000,854.85,855.15,854.3,854.55,3653
1608279300,854.55,854.95,854.05,854.65,3756
1608279600,854.6,855.0,854.0,854.8,3140
1608279900,854.8,855.85,854.55,855.2,4775
1608280200,855.3,855.75,854.25,854.8,13038
1608280500,854.8,855.55,854.25,855.0,3328
1608280800,855.05,855.45,854.6,854.75,12072
1608281100,855.0,855.5,854.45,855.1,11707
1608281400,855.3,855.35,854.65,854.8,3741
1608281700,854.8,855.1,854.3,854.3,8276
1608282000,854.45,855.45,854.25,855.4,3121
1608282300,855.4,855.9,854.4,855.5,15637
1608282600,855.65,855.85,854.5,854.85,5711
1608282900,854.85,855.55,854.65,855.0,8790
1608283200,855.0,855.5,854.75,855.0,14530
1608283500,855.05,855.45,854.65,855.25,13302
1608283800,855.15,857.0,854.65,855.05,241106
1608284100,855.25,857.15,854.5,856.5,68351
1608284400,856.45,857.45,856.35,857.25,56007
1608284700,857.15,858.75,857.15,857.85,73847
1608285000,857.85,860.1,856.6,860.1,71339
1608285300,860.35,864.0,857.4,863.0,68774
1608522300,858.0,860.5,854.3,859.65,43914
1608522600,859.25,859.5,855.6,857.35,19931
1608522900,857.35,857.85,854.7,856.9,11047
1608523200,856.9,856.9,854.4,855.2,8685
1608523500,855.25,855.75,853.05,853.8,15550
1608523800,853.8,854.95,852.0,854.35,22392
1608524100,854.35,855.0,853.45,854.1,7789
1608524400,854.4,855.5,854.25,855.5,8016
1608524700,855.4,856.0,854.55,855.2,8500
1608525000,855.2,856.05,853.95,854.35,8908
1608525300,854.35,855.95,853.5,855.8,7736
1608525600,855.8,855.8,854.25,854.7,5077
1608525900,854.7,855.5,854.55,855.2,6805
1608526200,855.2,855.85,855.15,855.3,8001
1608526500,855.15,855.9,854.55,855.8,7379
1608526800,855.8,855.8,854.0,854.05,8059
1608527100,854.1,856.45,853.95,855.45,30786
1608527400,855.45,857.8,855.45,857.5,18743
1608527700,857.25,860.95,857.25,860.7,40784
1608528000,860.7,861.0,859.25,860.5,29002
1608528300,860.5,860.95,857.95,860.0,32692
1608528600,860.05,860.1,858.4,859.7,18007
1608528900,859.7,864.0,859.7,862.5,69821
1608529200,862.5,864.0,861.6,863.65,200951
1608529500,863.8,863.95,862.5,862.55,25189
1608529800,862.55,862.95,861.55,862.3,17991
1608530100,862.3,862.55,861.5,862.55,13374
1608530400,862.55,863.0,862.05,862.25,6070
1608530700,862.25,863.5,861.6,861.65,13857
1608531000,861.65,861.65,859.65,860.1,16140
1608531300,860.15,860.9,859.7,860.6,5432
1608531600,860.55,862.35,860.3,862.0,8524
1608531900,862.0,862.75,861.1,861.9,13612
1608532200,861.9,861.9,860.6,861.75,5154
1608532500,861.75,862.0,860.8,861.0,3547
1608532800,861.1,861.5,860.6,861.0,4794
1608533100,861.0,861.4,860.15,860.25,8491
1608533400,860.25,860.5,858.5,858.8,22386
1608533700,858.55,859.2,858.55,858.85,9980
1608534000,858.85,859.0,858.0,858.2,7545
1608534300,858.2,858.25,856.05,856.75,14952
1608534600,856.8,857.7,856.35,857.0,9856
1608534900,857.0,857.15,855.65,857.0,8741
1608535200,857.0,857.0,854.0,854.8,32695
1608535500,854.3,856.5,854.15,855.95,5982
1608535800,855.25,855.75,854.5,854.6,8435
1608536100,854.5,856.0,854.0,855.8,13742
1608536400,855.8,856.5,854.7,855.65,7691
1608536700,855.65,855.65,854.2,855.35,6768
1608537000,855.35,856.2,855.0,856.15,27309
1608537300,856.15,856.75,855.3,855.45,7136
1608537600,855.9,856.4,854.25,855.0,13270
1608537900,855.0,855.0,850.2,852.35,37040
1608538200,852.35,854.45,852.0,854.15,11720
1608538500,854.15,854.55,853.0,854.0,44893
1608538800,854.0,854.5,849.05,850.65,57517
1608539100,850.45,852.55,848.05,849.25,42961
1608539400,849.25,851.45,849.0,850.5,26075
1608539700,850.5,851.65,849.0,851.2,27212
1608540000,851.2,851.7,851.0,851.05,4788
1608540300,851.05,851.5,845.0,846.7,54771
1608540600,846.7,849.35,846.0,846.05,45434
1608540900,846.05,847.0,843.0,843.6,76326
1608541200,843.0,844.6,832.55,835.45,145744
1608541500,834.3,842.4,834.3,838.75,86005
1608541800,838.15,841.0,836.4,838.85,47298
1608542100,838.0,841.4,837.3,838.3,24036
1608542400,838.7,840.1,836.6,839.35,61933
1608542700,839.35,839.35,833.4,834.3,71693
1608543000,834.3,844.0,834.3,844.0,56861
1608543300,843.85,844.75,840.0,841.35,45222
1608543600,841.75,843.9,840.0,840.5,65059
1608543900,840.55,842.75,840.0,841.5,48822
1608544200,841.1,842.0,839.2,841.15,68519
1608544500,841.15,841.75,839.15,840.5,110782
1608608700,840.85,845.25,840.85,844.15,35108
1608609000,844.15,847.45,843.2,844.55,20982
1608609300,844.2,845.2,837.25,838.6,49688
1608609600,838.6,839.1,831.1,832.0,88458
1608609900,832.0,833.0,830.0,830.15,54150
1608610200,830.0,830.3,828.0,828.55,59165
1608610500,828.55,828.95,825.2,828.7,43014
1608610800,828.7,830.2,827.5,829.45,46353
1608611100,829.45,835.45,829.0,833.4,22260
1608611400,833.45,840.95,833.45,838.5,28073
1608611700,838.6,841.7,837.65,841.7,13618
1608612000,842.35,843.35,839.9,840.5,15547
1608612300,840.55,841.0,836.9,839.15,10467
1608612600,839.15,841.75,838.5,839.95,7854
1608612900,839.95,840.95,835.5,838.25,9797
1608613200,838.65,840.0,835.35,839.4,9201
1608613500,839.4,845.0,838.35,844.0,33674
1608613800,843.95,845.85,842.7,842.75,8120
1608614100,842.75,842.75,839.15,842.05,11006
1608614400,842.05,842.95,840.45,840.85,5094
1608614700,840.85,841.85,839.85,840.2,8216
1608615000,840.1,841.85,840.05,841.55,4389
1608615300,841.3,841.45,839.2,840.0,16407
1608615600,840.0,840.9,839.35,840.8,4877
1608615900,840.75,840.8,838.7,838.7,5453
1608616200,838.7,840.55,838.25,839.5,4461
1608616500,839.5,840.6,839.35,839.35,3982
1608616800,839.35,840.0,838.75,839.4,5112
1608617100,839.35,840.2,838.0,839.65,6404
1608617400,839.8,840.0,837.3,838.0,19834
1608617700,838.0,840.65,837.5,837.75,28823
1608618000,837.7,838.6,837.0,838.0,8490
1608618300,838.2,839.45,837.25,838.0,8677
1608618600,838.0,838.0,835.3,837.45,17539
1608618900,837.45,839.15,837.1,838.1,15347
1608619200,838.1,839.95,836.9,837.7,38091
1608619500,837.7,838.0,836.0,836.0,8619
1608619800,836.0,837.6,836.0,837.0,8130
1608620100,837.0,837.85,836.0,837.3,8297
1608620400,837.3,837.8,836.0,837.2,9040
1608620700,837.2,841.4,837.05,840.35,32934
1608621000,840.95,841.6,839.0,839.95,15708
1608621300,839.0,840.05,837.0,837.0,19700
1608621600,837.4,840.0,837.4,840.0,42280
1608621900,840.0,840.0,837.0,837.75,12126
1608622200,837.4,838.5,837.1,838.0,410785
1608622500,838.0,838.2,837.0,837.85,132812
1608622800,837.85,839.1,837.2,838.0,30540
1608623100,838.0,839.95,837.0,839.25,80555
1608623400,839.25,841.3,838.75,841.3,7404
1608623700,841.3,841.95,839.6,840.95,14199
1608624000,840.95,844.85,840.05,844.75,41470
1608624300,844.75,846.9,843.55,843.95,19792
1608624600,844.0,848.85,843.8,847.95,22281
1608624900,848.0,848.9,845.55,846.25,7186
1608625200,846.25,848.9,845.55,847.8,14717
1608625500,848.05,848.9,847.0,848.9,5875
1608625800,848.9,851.85,848.55,850.0,41595
1608626100,850.0,853.9,849.5,853.45,59696
1608626400,853.45,853.45,851.65,852.7,15400
1608626700,852.7,854.9,852.3,852.9,25180
1608627000,852.9,853.9,851.35,853.9,11225
1608627300,853.9,853.9,852.3,852.95,10028
1608627600,852.95,853.45,850.3,850.7,13135
1608627900,850.8,853.0,849.25,852.95,13464
1608628200,852.95,854.0,852.65,853.35,14500
1608628500,853.35,853.35,852.0,852.8,9455
1608628800,852.8,853.9,852.5,853.6,11780
1608629100,853.6,855.6,852.1,853.4,153681
1608629400,853.4,854.1,852.2,852.65,15654
1608629700,852.65,854.05,852.05,854.0,20181
1608630000,854.0,854.9,853.6,853.75,21027
1608630300,853.6,854.9,852.9,854.15,67643
1608630600,854.15,855.0,854.0,854.3,24992
1608630900,854.25,855.5,853.0,855.0,18375
1608695100,855.5,859.0,848.85,849.55,36560
1608695400,849.6,851.5,849.55,851.3,16869
1608695700,851.3,852.3,849.2,850.0,34144
1608696000,850.0,850.55,848.0,848.3,29787
1608696300,848.3,850.9,848.0,850.05,19805
1608696600,850.0,850.55,848.05,849.45,15224
1608696900,849.45,850.9,849.05,849.55,14687
1608697200,849.55,850.45,849.5,850.0,6301
1608697500,850.0,850.3,849.0,849.2,9628
1608697800,849.45,849.55,848.3,849.1,15036
1608698100,849.15,850.65,849.0,849.5,13802
1608698400,849.5,850.9,849.1,850.0,41903
1608698700,849.85,853.1,847.65,852.1,280114
1608699000,852.1,854.1,851.55,853.3,38946
1608699300,853.5,856.0,853.5,855.1,41151
1608699600,855.1,855.75,853.25,853.95,34348
1608699900,854.45,855.95,853.65,855.8,13648
1608700200,855.8,855.8,854.35,855.15,14052
1608700500,855.15,855.3,854.05,854.8,14880
1608700800,854.35,855.4,854.1,855.0,13567
1608701100,854.6,855.35,853.65,854.25,10090
1608701400,854.3,854.5,853.1,853.25,8561
1608701700,853.15,854.4,852.25,853.7,13390
1608702000,853.7,854.0,853.0,853.65,4423
1608702300,853.65,853.65,852.6,853.25,5029
1608702600,853.25,853.6,852.4,852.4,9442
1608702900,852.25,853.1,851.65,851.7,15426
1608703200,851.7,852.85,851.4,852.1,6420
1608703500,852.1,853.25,851.95,853.25,6483
1608703800,852.6,853.75,852.5,853.4,7945
1608704100,853.4,855.45,853.1,855.0,15235
1608704400,855.3,856.0,854.85,855.25,15669
1608704700,855.25,855.75,854.85,855.4,7694
1608705000,855.7,855.7,854.45,855.1,5160
1608705300,855.0,855.7,854.45,854.95,16513
1608705600,855.35,855.6,854.8,855.05,4971
1608705900,855.05,855.3,854.2,855.0,18989
1608706200,855.15,855.4,854.2,854.8,11027
1608706500,854.8,855.4,854.4,855.1,13619
1608706800,855.0,855.4,854.6,855.15,6407
1608707100,855.15,855.2,854.15,854.65,6385
1608707400,855.05,855.1,854.35,855.1,12843
1608707700,854.95,856.0,854.55,856.0,15692
1608708000,856.0,858.0,856.0,857.55,13635
1608708300,857.6,857.7,856.15,856.15,8819
1608708600,856.15,857.5,855.7,857.1,6004
1608708900,857.2,857.8,855.3,855.45,11562
1608709200,855.7,857.05,854.6,856.5,26083
1608709500,856.55,856.8,855.75,856.15,6781
1608709800,856.15,856.4,854.8,855.2,6180
1608710100,855.2,855.8,854.3,854.8,9154
1608710400,854.8,855.55,854.35,855.0,4026
1608710700,855.25,855.25,854.7,854.75,7996
1608711000,855.1,855.7,854.7,854.75,7316
1608711300,854.75,855.6,854.6,855.1,6982
1608711600,855.05,855.45,854.7,855.25,9631
1608711900,855.25,855.35,852.9,852.95,52739
1608712200,852.9,853.8,852.25,852.95,18668
1608712500,852.6,853.0,850.8,851.25,22220
1608712800,851.7,852.65,851.25,852.35,10566
1608713100,852.35,853.9,851.15,853.0,16504
1608713400,853.4,854.25,853.2,853.3,21960
1608713700,853.35,853.6,852.1,852.3,12269
1608714000,852.4,852.4,851.6,852.05,10727
1608714300,852.05,852.4,852.0,852.0,8109
1608714600,852.05,853.25,852.0,852.05,12609
1608714900,852.05,852.7,852.0,852.65,9017
1608715200,852.5,852.7,852.0,852.4,16113
1608715500,852.5,853.3,852.0,852.5,20924
1608715800,852.45,852.9,852.2,852.8,65525
1608716100,852.8,855.75,852.55,855.45,51689
1608716400,855.5,856.85,854.4,856.75,30151
1608716700,856.75,857.3,856.15,856.85,26769
1608717000,856.9,858.1,856.6,856.85,37339
1608717300,856.85,857.45,855.95,856.05,24033
1608781500,857.9,858.0,851.25,855.5,18188
1608781800,855.5,860.8,855.35,860.0,31104
1608782100,859.7,862.6,859.0,861.8,46496
1608782400,861.55,866.65,861.55,866.0,91756
1608782700,865.5,873.75,865.45,871.2,371344
1608783000,870.7,872.45,870.0,871.95,84117
1608783300,871.9,872.5,870.0,872.0,64520
1608783600,872.0,873.45,871.25,872.85,58440
1608783900,872.85,874.0,871.3,872.0,60004
1608784200,872.0,872.7,869.3,870.7,35425
1608784500,870.15,871.0,869.25,870.0,27257
1608784800,870.0,871.9,870.0,871.3,17570
1608785100,871.05,872.0,870.15,872.0,23574
1608785400,871.75,873.5,870.95,872.9,39673
1608785700,872.65,873.0,871.65,872.75,19525
1608786000,872.75,873.0,871.0,871.9,17399
1608786300,871.35,872.0,870.5,871.5,25202
1608786600,871.8,872.4,870.85,872.0,16309
1608786900,871.8,873.5,871.8,872.7,30311
1608787200,872.7,872.8,871.15,871.65,15583
1608787500,871.25,872.0,870.1,872.0,33667
1608787800,872.0,872.6,871.0,871.4,23248
1608788100,871.25,872.25,870.5,870.9,20386
1608788400,871.15,871.4,870.1,871.25,13773
1608788700,870.65,871.9,870.1,871.85,24711
1608789000,871.85,873.3,871.45,873.3,34009
1608789300,873.05,876.1,873.0,875.25,112401
1608789600,875.25,876.9,875.0,876.25,84333
1608789900,876.25,879.6,876.15,878.75,138311
1608790200,878.75,879.6,877.5,878.55,62726
1608790500,878.55,879.7,878.0,878.25,57684
1608790800,878.4,878.5,876.2,877.25,31278
1608791100,877.2,877.85,875.1,875.25,26092
1608791400,875.25,878.65,874.25,877.6,49202
1608791700,877.6,878.25,877.05,877.75,20465
1608792000,877.75,878.0,876.05,876.55,24306
1608792300,876.4,876.9,875.3,875.75,19706
1608792600,875.75,876.0,875.05,875.6,18357
1608792900,875.3,876.4,875.05,876.0,11692
1608793200,876.0,877.05,876.0,876.55,11152
1608793500,876.55,876.9,875.2,876.15,10897
1608793800,875.6,877.2,875.6,876.1,9471
1608794100,876.1,876.85,875.5,876.8,6557
1608794400,876.4,878.35,876.35,878.0,39289
1608794700,878.0,878.25,876.75,877.3,17065
1608795000,877.3,877.4,875.6,876.0,17367
1608795300,875.95,877.95,875.95,877.9,24766
1608795600,877.9,878.0,876.65,877.0,13213
1608795900,877.0,877.15,875.55,876.05,10229
1608796200,876.05,876.65,875.5,876.1,12921
1608796500,876.1,876.5,875.75,876.35,6719
1608796800,876.1,876.4,874.5,875.4,21621
1608797100,875.4,875.4,873.35,874.0,16456
1608797400,874.0,877.0,873.7,876.9,19738
1608797700,876.9,878.3,876.25,877.5,34000
1608798000,877.5,879.0,876.5,878.3,24386
1608798300,877.85,878.7,876.45,878.45,19935
1608798600,878.45,879.0,876.8,877.35,23095
1608798900,877.85,878.4,876.5,876.95,23965
1608799200,876.5,877.4,874.75,875.5,18996
1608799500,875.5,876.5,875.5,875.8,3799
1608799800,875.8,876.25,875.0,875.9,20937
1608800100,875.5,875.5,874.1,875.0,12957
1608800400,875.0,875.2,874.0,874.8,10331
1608800700,874.8,875.9,874.35,875.05,11880
1608801000,875.05,875.6,874.85,874.85,12340
1608801300,874.75,875.35,874.6,874.65,13083
1608801600,874.8,874.8,872.55,872.75,33357
1608801900,872.75,873.4,870.25,871.7,41008
1608802200,871.85,873.95,871.85,873.35,30124
1608802500,873.55,873.95,872.6,873.0,18268
1608802800,873.2,874.0,872.5,873.95,31198
1608803100,874.0,875.6,873.45,875.55,41249
1608803400,875.65,875.85,873.4,873.9,53281
1608803700,873.95,874.65,873.5,874.15,40843
1609127100,882.9,884.0,878.05,882.5,95945
1609127400,882.55,883.0,877.5,881.25,53244
1609127700,881.0,881.5,880.0,880.8,33238
1609128000,880.8,883.85,880.55,883.1,55946
1609128300,883.1,883.8,882.0,883.0,37929
1609128600,883.0,883.0,881.5,882.95,25893
1609128900,882.95,890.0,882.6,889.85,192205
1609129200,889.9,899.75,889.9,899.45,308552
1609129500,899.5,904.5,899.35,904.5,322666
1609129800,904.3,904.5,900.15,901.75,149214
1609130100,902.0,902.0,898.4,898.65,104116
1609130400,898.95,900.85,898.95,899.2,56560
1609130700,899.2,900.5,898.65,899.25,49717
1609131000,899.6,900.05,899.0,899.65,43592
1609131300,899.95,901.8,899.65,901.5,42256
1609131600,901.5,901.55,899.3,900.0,52282
1609131900,900.0,900.5,897.25,897.3,71229
1609132200,897.35,897.35,894.05,894.05,109679
1609132500,894.05,895.5,893.85,895.1,62024
1609132800,895.15,897.7,895.0,897.2,51790
1609133100,897.2,897.55,893.0,893.0,44231
1609133400,893.0,896.0,893.0,894.4,28612
1609133700,894.35,894.9,893.0,893.25,29953
1609134000,892.65,893.6,891.2,893.35,116035
1609134300,893.35,898.9,893.0,898.25,89443
1609134600,898.25,899.3,897.5,897.7,117337
1609134900,897.7,897.7,894.1,894.35,58311
1609135200,894.9,895.55,894.15,894.5,15345
1609135500,894.5,894.9,894.0,894.9,13874
1609135800,894.9,899.0,894.2,898.4,36142
1609136100,898.4,899.0,897.0,897.9,24737
1609136400,897.55,899.8,897.55,898.9,37695
1609136700,898.9,899.35,898.2,898.3,24381
1609137000,898.7,898.8,897.3,897.9,10184
1609137300,897.9,899.5,897.25,899.45,21714
1609137600,899.5,899.95,898.85,899.95,15558
1609137900,899.55,900.0,898.5,899.2,12986
1609138200,899.2,899.2,898.3,898.6,10121
1609138500,898.3,899.2,897.85,899.15,21720
1609138800,898.95,899.5,898.6,899.1,13607
1609139100,898.6,900.0,898.5,899.5,21607
1609139400,899.95,900.0,898.65,898.85,30036
1609139700,898.65,899.7,898.3,899.5,9816
1609140000,899.7,899.7,898.5,899.3,12272
1609140300,899.3,899.75,898.7,899.75,10905
1609140600,899.75,900.0,899.0,899.25,12470
1609140900,899.0,899.55,899.0,899.4,12691
1609141200,899.4,899.4,899.0,899.15,8071
1609141500,899.15,899.2,898.15,898.35,33587
1609141800,898.35,899.45,898.0,899.0,41182
1609142100,899.0,899.8,898.25,899.0,180070
1609142400,899.05,899.5,899.0,899.0,77787
1609142700,899.25,899.6,898.6,898.9,28835
1609143000,898.9,899.05,897.2,898.6,26562
1609143300,898.6,899.45,898.1,899.05,13732
1609143600,899.05,899.7,899.0,899.1,20709
1609143900,899.05,901.6,899.0,900.85,84573
1609144200,900.9,902.95,900.7,902.35,49034
1609144500,902.05,902.3,900.05,901.35,102265
1609144800,901.35,901.6,900.05,900.2,46936
1609145100,900.2,900.6,898.55,899.1,63166
1609145400,899.4,900.8,898.95,899.15,48840
1609145700,899.1,899.75,899.0,899.45,23938
1609146000,899.45,899.65,899.0,899.0,16781
1609146300,899.0,899.4,898.5,898.55,23821
1609146600,898.55,898.9,898.35,898.5,19377
1609146900,898.5,898.95,898.3,898.5,19827
1609147200,898.5,900.0,898.5,899.35,41490
1609147500,899.3,902.0,899.05,900.5,38072
1609147800,900.3,901.85,900.0,900.95,66769
1609148100,900.95,902.0,900.25,901.7,44955
1609148400,901.65,902.7,901.05,901.45,70266
1609148700,901.45,902.45,901.45,902.0,60892
1609149000,901.5,902.35,901.0,901.5,63208
1609149300,901.5,903.55,901.05,901.95,91070
1609213500,906.95,908.95,904.8,905.65,127288
1609213800,905.65,906.25,904.0,905.5,65152
1609214100,905.5,906.0,904.1,904.15,44019
1609214400,904.25,904.95,900.05,900.25,58152
1609214700,901.4,901.4,897.65,898.3,87384
1609215000,898.6,900.3,898.3,899.5,37844
1609215300,899.35,904.45,899.3,903.2,50753
1609215600,903.5,904.0,900.7,901.6,21053
1609215900,901.6,901.6,900.0,900.3,19545
1609216200,900.75,900.75,899.0,899.7,19739
1609216500,899.7,900.5,899.0,900.1,19201
1609216800,900.05,900.75,900.0,900.65,17090
1609217100,900.6,900.7,898.5,900.0,20997
1609217400,900.0,900.0,898.5,899.0,8493
1609217700,899.0,899.15,898.0,898.3,28516
1609218000,897.7,898.0,894.0,894.15,69223
1609218300,894.5,896.8,894.15,896.25,38777
1609218600,896.6,896.8,893.0,893.45,26904
1609218900,893.05,895.35,890.3,894.55,65354
1609219200,894.55,898.5,892.1,898.4,65284
1609219500,898.45,899.0,895.8,898.0,22357
1609219800,898.0,901.9,897.15,901.4,49309
1609220100,901.4,903.45,901.0,901.65,37064
1609220400,901.95,902.95,901.1,902.35,12944
1609220700,902.5,903.9,900.9,901.3,15756
1609221000,901.05,901.3,900.5,901.0,15297
1609221300,900.75,901.2,899.0,900.35,25907
1609221600,900.35,902.0,899.65,901.8,10385
1609221900,901.5,902.0,901.0,901.5,8177
1609222200,901.5,903.3,901.2,903.0,10776
1609222500,903.0,903.4,902.5,902.6,7178
1609222800,902.9,903.4,902.35,902.9,5448
1609223100,902.9,902.9,902.0,902.45,3202
1609223400,902.3,903.0,902.0,902.25,8012
1609223700,902.25,903.0,902.0,902.6,3684
1609224000,902.9,903.0,901.35,901.7,6860
1609224300,901.7,901.9,899.65,900.75,13200
1609224600,900.6,901.5,900.3,901.35,5827
1609224900,901.35,902.75,901.25,902.0,4479
1609225200,902.0,902.75,901.2,901.45,6389
1609225500,901.7,902.5,901.0,901.55,8077
1609225800,901.75,902.0,900.55,900.6,3712
1609226100,900.6,901.25,900.5,900.6,7567
1609226400,900.6,901.0,900.0,900.55,7488
1609226700,900.3,901.0,898.2,900.5,19397
1609227000,900.6,901.1,899.0,900.95,11790
1609227300,901.0,902.0,900.15,900.7,6620
1609227600,900.7,901.9,900.7,901.15,6962
1609227900,901.15,901.85,901.0,901.5,5589
1609228200,901.5,902.75,901.45,901.5,10399
1609228500,901.5,902.2,900.65,900.8,9308
1609228800,900.8,901.25,900.2,900.3,4997
1609229100,900.3,900.55,899.15,899.55,8662
1609229400,899.6,900.0,899.2,899.5,9492
1609229700,899.5,900.1,899.05,899.35,10736
1609230000,899.35,900.0,898.2,898.35,12689
1609230300,898.35,899.1,898.0,898.6,11985
1609230600,898.5,900.1,898.5,899.45,11038
1609230900,899.15,899.8,898.5,898.65,8726
1609231200,898.65,899.5,898.2,898.65,9242
1609231500,898.65,899.45,898.25,898.4,7398
1609231800,898.25,898.55,897.0,897.9,26316
1609232100,897.9,898.3,897.3,897.7,12163
1609232400,897.65,898.75,897.05,898.0,19147
1609232700,898.0,898.4,895.75,897.2,36121
1609233000,897.2,897.65,897.0,897.0,6929
1609233300,897.05,897.5,896.1,896.35,16660
1609233600,896.15,897.2,895.1,895.35,21820
1609233900,895.35,895.65,893.35,894.0,76205
1609234200,894.1,897.8,894.0,897.6,21686
1609234500,897.6,900.75,897.6,900.75,46315
1609234800,900.45,901.1,898.05,899.8,47328
1609235100,899.5,900.6,899.5,900.0,43583
1609235400,900.0,900.45,898.65,899.6,57730
1609235700,900.0,900.0,898.5,899.45,41614
1609299900,902.0,902.0,890.8,891.3,46010
1609300200,890.95,899.95,890.95,896.5,43747
1609300500,896.5,899.0,894.8,897.5,31330
1609300800,897.5,901.45,897.3,900.9,29976
1609301100,900.9,904.8,900.35,903.8,40073
1609301400,903.8,905.35,903.0,905.3,38635
1609301700,905.3,908.2,905.0,908.0,83228
1609302000,908.0,911.0,907.0,909.0,146183
1609302300,909.35,910.0,907.0,907.65,86032
1609302600,908.1,909.0,907.0,908.0,32931
1609302900,908.0,908.0,904.05,906.5,40854
1609303200,906.5,907.5,906.0,906.8,20062
1609303500,906.8,907.0,904.8,905.6,15674
1609303800,905.6,905.6,902.55,903.0,27132
1609304100,902.6,904.7,902.6,904.05,18259
1609304400,904.05,905.0,903.75,904.0,11336
1609304700,904.0,904.0,903.05,903.95,7401
1609305000,903.95,907.5,903.85,907.1,20346
1609305300,907.1,907.75,906.1,907.0,14086
1609305600,907.0,907.0,905.8,906.45,13440
1609305900,906.45,906.65,905.2,905.65,16451
1609306200,905.65,906.0,903.35,903.8,15092
1609306500,903.8,904.6,903.4,904.35,8978
1609306800,904.35,904.45,903.25,904.0,7446
1609307100,904.0,904.6,903.1,903.1,16891
1609307400,903.1,903.1,900.3,901.0,68162
1609307700,901.0,901.7,899.25,901.25,38561
1609308000,901.65,901.65,899.6,901.0,19661
1609308300,901.0,902.0,900.65,901.85,14016
1609308600,901.85,905.0,901.85,904.9,55011
1609308900,904.9,904.9,904.0,904.0,9446
1609309200,904.0,904.6,902.8,904.05,9893
1609309500,904.05,904.05,898.35,900.0,54759
1609309800,899.7,902.25,899.15,901.75,28833
1609310100,901.75,901.8,899.0,901.0,26137
1609310400,901.0,901.8,900.8,901.6,8734
1609310700,901.6,901.65,900.25,901.4,9880
1609311000,901.4,901.4,898.6,900.0,35804
1609311300,899.4,901.0,899.0,899.9,14449
1609311600,899.9,899.9,899.0,899.1,7525
1609311900,899.75,900.5,898.5,898.5,24229
1609312200,898.5,898.8,897.05,897.55,42794
1609312500,897.55,899.9,897.05,899.5,19772
1609312800,899.85,902.55,899.75,901.4,26386
1609313100,901.4,901.6,900.0,900.25,6874
1609313400,900.25,901.6,899.45,900.15,13568
1609313700,900.15,901.6,900.05,901.5,6543
1609314000,901.5,901.8,901.2,901.65,3176
1609314300,901.65,902.2,901.5,901.9,7840
1609314600,901.9,902.9,901.55,902.6,10731
1609314900,902.6,904.65,902.1,902.55,13656
1609315200,902.15,903.1,902.0,902.0,8153
1609315500,902.0,903.0,902.0,902.45,6928
1609315800,902.3,904.0,902.3,903.05,8830
1609316100,903.05,903.65,901.0,901.7,20568
1609316400,901.25,902.0,901.2,901.2,7443
1609316700,901.2,902.0,900.0,901.85,10553
1609317000,901.85,903.0,901.0,901.35,9907
1609317300,901.05,903.0,901.05,901.25,7169
1609317600,901.25,902.3,901.05,901.65,5733
1609317900,901.65,902.8,901.6,902.45,4956
1609318200,902.45,902.7,901.15,901.15,9517
1609318500,901.15,902.2,901.0,902.2,11245
1609318800,902.0,902.45,901.3,901.55,6634
1609319100,901.55,902.45,901.15,901.55,7079
1609319400,901.55,901.9,900.9,901.35,13696
1609319700,901.0,901.55,900.05,900.35,24467
1609320000,900.95,901.7,900.25,900.7,18702
1609320300,900.7,901.55,900.6,901.05,12815
1609320600,901.0,903.05,901.0,903.0,42265
1609320900,903.0,905.0,900.25,900.25,74603
1609321200,900.2,903.5,900.1,903.0,70916
1609321500,902.9,903.45,902.0,903.4,56245
1609321800,903.45,904.0,900.25,903.85,74039
1609322100,904.0,907.0,902.25,903.95,47182
1609386300,902.0,906.0,899.25,903.15,30808
1609386600,904.35,905.0,902.2,904.15,14012
1609386900,904.3,904.35,902.0,903.0,9608
1609387200,902.8,903.85,901.05,901.8,19481
1609387500,901.85,903.0,901.05,901.5,11697
1609387800,901.5,901.5,900.3,901.1,6212
1609388100,901.1,901.8,900.3,900.5,10547
1609388400,900.75,900.75,899.65,899.7,10511
1609388700,899.7,900.0,899.25,899.7,9639
1609389000,899.7,900.85,899.4,900.4,12388
1609389300,900.85,902.75,900.45,902.4,18489
1609389600,902.0,902.75,901.35,902.4,6255
1609389900,902.4,902.4,901.5,901.5,4861
1609390200,901.5,902.05,901.0,901.0,13180
1609390500,901.0,903.15,901.0,902.5,10860
1609390800,902.5,902.85,901.7,902.05,2160
1609391100,902.05,902.05,901.5,901.5,2187
1609391400,901.3,902.85,901.15,902.2,6049
1609391700,902.2,902.5,901.2,901.55,2676
1609392000,901.25,901.55,901.0,901.0,5216
1609392300,901.0,901.1,900.0,900.7,18243
1609392600,900.75,901.5,900.35,901.4,16679
1609392900,901.8,902.5,901.0,901.0,4002
1609393200,901.0,901.55,899.55,900.75,12513
1609393500,900.75,901.2,900.25,901.0,21016
1609393800,901.0,901.2,900.6,900.95,5855
1609394100,900.95,901.2,900.45,900.7,10120
1609394400,900.9,901.15,900.9,901.0,4111
1609394700,901.0,901.3,900.75,900.75,4394
1609395000,900.75,901.2,900.5,900.65,3163
1609395300,900.65,901.1,900.4,900.7,2898
1609395600,900.7,901.1,900.7,900.85,5726
1609395900,900.85,901.25,900.4,900.95,5420
1609396200,900.95,901.3,900.45,900.75,8740
1609396500,900.75,901.9,900.65,901.8,11761
1609396800,901.9,903.0,901.0,901.05,12267
1609397100,901.05,901.6,900.3,900.5,13752
1609397400,900.5,901.45,899.6,901.0,13046
1609397700,901.0,901.55,900.5,901.0,8252
1609398000,901.0,902.0,901.0,901.0,4359
1609398300,901.0,901.85,900.7,901.45,6082
1609398600,901.45,901.85,901.0,901.05,5852
1609398900,901.0,901.45,901.0,901.0,2594
1609399200,901.0,901.25,900.9,901.0,3930
1609399500,901.0,901.05,900.25,900.55,11406
1609399800,900.85,901.05,900.4,900.55,10483
1609400100,900.8,901.5,900.6,900.95,7385
1609400400,901.1,901.2,900.65,901.0,8041
1609400700,901.15,901.3,900.65,901.2,7791
1609401000,901.2,901.3,900.6,901.0,7798
1609401300,901.0,902.0,900.7,901.2,13506
1609401600,901.2,901.55,899.9,901.4,12002
1609401900,901.4,901.5,900.0,900.75,13382
1609402200,900.75,901.0,899.5,900.55,12426
1609402500,900.55,901.1,900.35,900.5,12396
1609402800,900.5,900.95,900.0,900.15,13791
1609403100,900.15,900.75,899.5,899.5,13010
1609403400,899.5,900.8,899.5,899.5,16290
1609403700,899.5,900.0,898.2,898.85,19200
1609404000,898.85,899.5,898.4,898.8,13425
1609404300,898.8,899.25,895.55,896.25,30606
1609404600,896.7,897.75,895.9,896.6,21314
1609404900,896.6,897.5,894.7,895.95,31375
1609405200,896.0,898.5,894.25,897.4,23548
1609405500,897.3,899.5,897.0,899.1,18983
1609405800,899.1,900.0,898.6,899.6,13057
1609406100,899.6,900.75,899.6,900.0,14826
1609406400,900.0,901.0,900.0,900.25,15627
1609406700,900.5,901.0,900.0,900.1,12866
1609407000,900.1,902.85,900.1,902.05,46639
1609407300,902.05,904.25,902.05,903.8,63358
1609407600,903.8,907.3,903.8,907.05,62524
1609407900,907.05,907.05,901.0,904.6,61752
1609408200,904.6,906.05,904.6,906.05,57230
1609408500,906.0,906.0,901.8,903.0,44578
1609472700,903.0,907.05,898.3,901.7,27250
1609473000,901.7,902.9,900.2,901.95,11902
1609473300,902.3,902.3,900.35,900.8,7784
1609473600,901.0,901.4,900.3,900.8,6120
1609473900,900.6,900.95,897.2,899.45,32815
1609474200,900.0,901.2,899.45,900.15,6468
1609474500,900.75,901.15,899.5,900.1,10486
1609474800,900.1,900.9,899.5,899.7,7407
1609475100,899.7,901.0,899.55,900.15,7849
1609475400,900.1,900.5,899.5,900.0,3622
1609475700,900.2,900.3,899.5,899.65,3116
1609476000,899.5,900.2,899.5,900.0,4230
1609476300,899.85,900.1,899.55,900.1,2331
1609476600,899.65,900.05,899.55,899.65,3049
1609476900,900.0,900.0,899.55,900.0,4169
1609477200,900.0,900.0,898.8,899.55,8659
1609477500,899.9,899.95,899.0,899.45,2646
1609477800,899.85,900.0,899.2,899.8,1920
1609478100,899.95,900.0,899.25,899.35,2587
1609478400,899.35,900.0,899.35,899.8,1834
1609478700,899.85,900.45,899.4,899.7,4146
1609479000,899.95,900.0,899.5,900.0,1688
1609479300,899.6,900.0,897.65,898.6,13668
1609479600,898.45,898.9,895.1,898.0,26160
1609479900,898.3,898.85,896.2,896.45,13112
1609480200,896.85,898.6,896.4,897.75,7381
1609480500,898.0,898.6,898.0,898.1,7537
1609480800,898.1,898.35,895.25,896.0,25349
1609481100,896.0,897.0,896.0,896.2,8062
1609481400,896.65,896.65,894.05,895.5,39543
1609481700,895.8,896.0,894.4,895.35,24397
1609482000,895.4,896.6,894.75,896.55,14723
1609482300,896.3,896.6,895.8,895.8,8587
1609482600,895.7,896.05,894.9,895.25,11769
1609482900,895.05,895.75,894.9,895.4,18436
1609483200,894.9,895.4,894.6,894.85,8483
1609483500,895.4,895.6,894.8,895.4,21502
1609483800,895.3,895.35,894.5,895.0,16753
1609484100,895.0,896.0,894.7,895.5,7546
1609484400,895.5,896.3,895.0,895.65,10138
1609484700,895.7,897.0,895.55,896.9,13026
1609485000,896.45,896.85,895.95,896.7,5981
1609485300,896.7,896.7,896.0,896.1,9921
1609485600,896.05,896.95,896.0,896.95,8310
1609485900,896.95,897.45,896.55,897.35,7533
1609486200,897.25,897.3,896.85,897.2,4246
1609486500,897.05,897.2,896.35,896.8,3650
1609486800,896.8,896.8,896.0,896.8,4626
1609487100,896.45,896.8,896.25,896.7,3437
1609487400,896.3,896.7,894.8,895.6,14440
1609487700,895.65,896.7,895.2,896.7,4707
1609488000,896.0,896.9,896.0,896.85,5589
1609488300,896.9,896.9,896.15,896.5,5685
1609488600,896.5,896.5,895.0,895.8,8036
1609488900,895.8,896.3,895.35,895.95,5252
1609489200,895.65,896.55,895.5,896.55,4141
1609489500,896.75,897.0,896.0,896.4,4892
1609489800,896.45,896.5,895.6,895.9,4324
1609490100,895.85,896.2,895.75,895.8,4336
1609490400,896.2,896.75,895.7,896.75,3164
1609490700,896.75,896.8,896.2,896.55,4035
1609491000,896.6,896.8,896.45,896.75,4628
1609491300,896.7,898.0,896.6,897.95,22405
1609491600,898.0,898.0,896.5,897.3,10825
1609491900,897.15,897.3,896.15,896.7,10691
1609492200,896.7,896.95,896.25,896.8,5347
1609492500,896.8,897.0,896.5,896.9,6018
1609492800,896.6,897.0,895.75,896.4,12599
1609493100,895.85,896.8,895.5,896.7,5894
1609493400,896.35,896.35,895.1,895.5,13495
1609493700,895.4,896.5,895.4,896.0,17220
1609494000,896.0,896.2,895.0,895.2,25542
1609494300,895.55,896.0,895.05,895.5,29594
1609494600,895.6,895.9,894.0,895.7,37514
1609494900,895.45,895.65,894.6,895.3,20521
1609495200,895.3,895.3,895.3,895.3,53
1609731900,900.0,900.85,897.0,900.5,24820
1609732200,900.35,902.0,899.95,901.55,15578
1609732500,901.1,902.0,900.45,901.35,10490
1609732800,901.35,901.4,898.0,898.15,9785
1609733100,898.4,900.0,898.0,899.15,5613
1609733400,899.0,899.15,898.0,898.9,10575
1609733700,898.9,900.75,898.1,898.9,11062
1609734000,899.25,900.35,898.8,899.7,4428
1609734300,899.3,899.85,897.25,897.45,9220
1609734600,897.25,897.55,896.5,897.5,12448
1609734900,897.5,897.8,896.25,896.25,7628
1609735200,896.25,897.0,895.9,896.2,8914
1609735500,896.2,897.4,896.0,896.4,5164
1609735800,896.65,897.4,895.6,896.95,9493
1609736100,897.25,897.4,896.4,896.85,2608
1609736400,896.85,897.4,896.8,897.15,3768
1609736700,897.15,897.4,896.8,896.8,2691
1609737000,897.25,898.75,896.8,898.3,7657
1609737300,898.6,900.0,896.2,897.35,20599
1609737600,897.05,900.45,896.55,900.2,28508
1609737900,900.0,900.85,899.45,900.0,28211
1609738200,900.0,900.3,896.5,896.5,34259
1609738500,896.45,896.75,894.5,895.0,26388
1609738800,895.0,899.25,894.8,897.6,6370
1609739100,896.55,899.0,896.55,898.55,6478
1609739400,898.55,899.0,896.75,897.8,8671
1609739700,897.8,899.6,897.8,899.6,5356
1609740000,899.6,900.5,899.3,900.0,8271
1609740300,900.0,900.0,899.35,899.35,6452
1609740600,899.35,900.0,898.65,899.5,6827
1609740900,899.5,900.25,899.5,900.0,4933
1609741200,900.0,900.0,898.95,899.85,5353
1609741500,899.85,900.8,899.8,900.25,6779
1609741800,900.25,900.45,900.0,900.45,2711
1609742100,900.45,900.5,899.75,900.0,6867
1609742400,900.0,900.45,899.3,900.0,5678
1609742700,900.05,900.4,899.25,899.7,6371
1609743000,899.7,900.35,899.3,900.2,2289
1609743300,900.2,900.35,900.0,900.3,2682
1609743600,900.3,902.0,900.3,902.0,16601
1609743900,902.0,902.0,900.35,901.15,6063
1609744200,900.55,901.7,900.55,901.7,2466
1609744500,901.7,903.0,901.55,902.5,7167
1609744800,902.95,903.35,900.9,901.55,17190
1609745100,901.75,901.95,900.6,901.65,3275
1609745400,901.65,901.75,901.0,901.35,5742
1609745700,901.35,901.5,900.0,900.95,4276
1609746000,900.95,901.65,900.55,901.1,2847
1609746300,901.1,901.1,900.0,900.1,6575
1609746600,900.1,901.45,899.0,901.15,10958
1609746900,901.35,901.6,899.5,899.85,8518
1609747200,899.85,901.5,899.85,901.45,2309
1609747500,901.45,902.8,900.65,902.5,7125
1609747800,902.5,902.5,900.4,902.15,5777
1609748100,902.15,903.3,901.55,903.0,12631
1609748400,903.0,903.2,900.85,901.35,16138
1609748700,901.35,902.6,900.25,902.0,11235
1609749000,902.35,902.35,899.5,901.1,15700
1609749300,901.65,903.4,901.05,902.9,15142
1609749600,902.9,902.95,901.7,901.85,5305
1609749900,901.85,902.2,899.85,900.25,15247
1609750200,900.0,900.95,899.7,900.6,10065
1609750500,900.6,901.0,900.2,900.5,2882
1609750800,900.5,901.5,900.35,900.35,5588
1609751100,900.35,902.65,899.5,902.15,12350
1609751400,902.15,902.45,901.5,902.05,5318
1609751700,902.05,902.5,901.5,902.4,6050
1609752000,902.5,904.8,902.25,904.8,20125
1609752300,904.75,904.9,904.1,904.9,21750
1609752600,904.9,907.0,904.65,907.0,42931
1609752900,907.0,910.1,906.95,910.0,61000
1609753200,910.0,912.0,909.15,909.65,60447
1609753500,909.65,914.0,909.4,913.55,64924
1609753800,913.8,915.4,913.8,915.4,74843
1609754100,915.45,917.0,914.3,916.0,48440
1609731900,900.0,900.85,897.0,900.5,24820
1609732200,900.35,902.0,899.95,901.55,15578
1609732500,901.1,902.0,900.45,901.35,10490
1609732800,901.35,901.4,898.0,898.15,9785
1609733100,898.4,900.0,898.0,899.15,5613
1609733400,899.0,899.15,898.0,898.9,10575
1609733700,898.9,900.75,898.1,898.9,11062
1609734000,899.25,900.35,898.8,899.7,4428
1609734300,899.3,899.85,897.25,897.45,9220
1609734600,897.25,897.55,896.5,897.5,12448
1609734900,897.5,897.8,896.25,896.25,7628
1609735200,896.25,897.0,895.9,896.2,8914
1609735500,896.2,897.4,896.0,896.4,5164
1609735800,896.65,897.4,895.6,896.95,9493
1609736100,897.25,897.4,896.4,896.85,2608
1609736400,896.85,897.4,896.8,897.15,3768
1609736700,897.15,897.4,896.8,896.8,2691
1609737000,897.25,898.75,896.8,898.3,7657
1609737300,898.6,900.0,896.2,897.35,20599
1609737600,897.05,900.45,896.55,900.2,28508
1609737900,900.0,900.85,899.45,900.0,28211
1609738200,900.0,900.3,896.5,896.5,34259
1609738500,896.45,896.75,894.5,895.0,26388
1609738800,895.0,899.25,894.8,897.6,6370
1609739100,896.55,899.0,896.55,898.55,6478
1609739400,898.55,899.0,896.75,897.8,8671
1609739700,897.8,899.6,897.8,899.6,5356
1609740000,899.6,900.5,899.3,900.0,8271
1609740300,900.0,900.0,899.35,899.35,6452
1609740600,899.35,900.0,898.65,899.5,6827
1609740900,899.5,900.25,899.5,900.0,4933
1609741200,900.0,900.0,898.95,899.85,5353
1609741500,899.85,900.8,899.8,900.25,6779
1609741800,900.25,900.45,900.0,900.45,2711
1609742100,900.45,900.5,899.75,900.0,6867
1609742400,900.0,900.45,899.3,900.0,5678
1609742700,900.05,900.4,899.25,899.7,6371
1609743000,899.7,900.35,899.3,900.2,2289
1609743300,900.2,900.35,900.0,900.3,2682
1609743600,900.3,902.0,900.3,902.0,16601
1609743900,902.0,902.0,900.35,901.15,6063
1609744200,900.55,901.7,900.55,901.7,2466
1609744500,901.7,903.0,901.55,902.5,7167
1609744800,902.95,903.35,900.9,901.55,17190
1609745100,901.75,901.95,900.6,901.65,3275
1609745400,901.65,901.75,901.0,901.35,5742
1609745700,901.35,901.5,900.0,900.95,4276
1609746000,900.95,901.65,900.55,901.1,2847
1609746300,901.1,901.1,900.0,900.1,6575
1609746600,900.1,901.45,899.0,901.15,10958
1609746900,901.35,901.6,899.5,899.85,8518
1609747200,899.85,901.5,899.85,901.45,2309
1609747500,901.45,902.8,900.65,902.5,7125
1609747800,902.5,902.5,900.4,902.15,5777
1609748100,902.15,903.3,901.55,903.0,12631
1609748400,903.0,903.2,900.85,901.35,16138
1609748700,901.35,902.6,900.25,902.0,11235
1609749000,902.35,902.35,899.5,901.1,15700
1609749300,901.65,903.4,901.05,902.9,15142
1609749600,902.9,902.95,901.7,901.85,5305
1609749900,901.85,902.2,899.85,900.25,15247
1609750200,900.0,900.95,899.7,900.6,10065
1609750500,900.6,901.0,900.2,900.5,2882
1609750800,900.5,901.5,900.35,900.35,5588
1609751100,900.35,902.65,899.5,902.15,12350
1609751400,902.15,902.45,901.5,902.05,5318
1609751700,902.05,902.5,901.5,902.4,6050
1609752000,902.5,904.8,902.25,904.8,20125
1609752300,904.75,904.9,904.1,904.9,21750
1609752600,904.9,907.0,904.65,907.0,42931
1609752900,907.0,910.1,906.95,910.0,61000
1609753200,910.0,912.0,909.15,909.65,60447
1609753500,909.65,914.0,909.4,913.55,64924
1609753800,913.8,915.4,913.8,915.4,74843
1609754100,915.45,917.0,914.3,916.0,48440
1609818300,906.45,912.1,905.55,911.0,53848
1609818600,911.25,919.0,909.55,918.7,55723
1609818900,918.6,919.9,911.3,913.5,40901
1609819200,914.0,915.05,912.55,913.4,18109
1609819500,913.4,913.4,911.5,912.65,16218
1609819800,912.05,913.0,910.0,910.15,24297
1609820100,910.8,911.35,909.05,910.95,15105
1609820400,910.95,911.2,909.0,909.4,8003
1609820700,909.4,910.05,908.05,908.3,12656
1609821000,907.8,908.75,905.1,905.75,16666
1609821300,905.75,907.5,905.0,905.1,17493
1609821600,905.1,905.7,902.6,903.05,24350
1609821900,903.05,903.45,900.25,900.9,17082
1609822200,901.0,901.4,900.1,900.85,22931
1609822500,901.0,901.7,900.55,901.3,15582
1609822800,901.4,903.35,901.4,903.2,10391
1609823100,903.2,904.35,902.95,903.5,26071
1609823400,903.5,903.55,902.15,903.05,9615
1609823700,903.05,904.0,903.0,903.25,11858
1609824000,903.75,904.5,903.4,904.35,7222
1609824300,904.3,904.9,903.5,904.2,13340
1609824600,904.15,904.15,903.0,903.45,4583
1609824900,903.45,904.0,902.5,903.75,7479
1609825200,904.0,904.5,903.5,903.5,7113
1609825500,903.5,904.15,903.3,904.15,4485
1609825800,904.15,904.45,903.45,903.5,3241
1609826100,903.5,903.55,901.6,903.25,19079
1609826400,903.25,904.0,903.0,903.6,3075
1609826700,903.6,904.15,901.5,901.65,12084
1609827000,901.7,905.5,901.55,904.3,24766
1609827300,904.3,905.35,904.15,904.65,6187
1609827600,904.65,906.85,904.5,906.1,12645
1609827900,906.8,906.95,905.2,905.55,8314
1609828200,905.55,906.9,905.45,906.35,9473
1609828500,906.3,906.5,905.3,905.6,6857
1609828800,905.35,905.5,903.25,903.9,10043
1609829100,903.9,905.0,903.9,904.55,4499
1609829400,904.25,905.5,903.6,905.25,5080
1609829700,905.25,905.4,903.35,903.5,4864
1609830000,903.5,905.2,903.5,904.2,3735
1609830300,904.4,904.7,904.0,904.25,1650
1609830600,904.25,905.0,904.25,904.5,2138
1609830900,904.8,904.95,904.05,904.95,2657
1609831200,904.85,905.0,904.5,904.7,1736
1609831500,904.7,905.0,904.05,904.15,4511
1609831800,904.15,904.45,902.25,902.3,10640
1609832100,902.1,902.8,901.0,902.0,26175
1609832400,902.0,902.6,901.2,902.0,20326
1609832700,902.0,902.35,901.25,901.8,16342
1609833000,901.75,901.75,900.25,900.25,18431
1609833300,900.4,901.15,899.0,900.8,31093
1609833600,901.1,902.5,900.95,901.95,7023
1609833900,901.95,902.95,901.25,902.4,17088
1609834200,902.4,903.4,902.25,902.7,9629
1609834500,902.7,903.7,902.45,902.9,4852
1609834800,903.0,903.0,902.6,902.7,2212
1609835100,902.75,903.55,902.7,903.1,5633
1609835400,903.1,903.7,903.0,903.0,4097
1609835700,902.85,903.45,901.7,902.65,12282
1609836000,902.7,903.3,901.95,902.5,15672
1609836300,902.5,903.0,902.0,902.05,5588
1609836600,902.2,903.2,902.0,902.9,6749
1609836900,902.95,903.95,902.95,903.4,10625
1609837200,903.5,905.0,903.3,904.75,25235
1609837500,904.3,904.6,902.85,903.1,10665
1609837800,903.1,903.8,903.1,903.1,4811
1609838100,903.2,903.9,902.55,903.45,11881
1609838400,903.5,903.8,902.5,902.6,15568
1609838700,902.9,903.4,902.55,903.15,7187
1609839000,903.15,905.0,903.05,904.8,34423
1609839300,904.75,906.35,903.95,905.5,60491
1609839600,905.5,906.3,903.6,904.75,66457
1609839900,904.7,907.8,904.6,907.75,55689
1609840200,907.75,908.0,905.9,907.0,50430
1609840500,907.0,907.25,903.85,905.0,31904
1609904700,906.55,915.0,906.1,913.0,52455
1609905000,914.05,914.05,909.0,910.3,35104
1609905300,910.3,911.45,908.0,908.1,24816
1609905600,908.05,908.55,905.25,906.0,18797
1609905900,906.05,906.9,904.25,904.85,16459
1609906200,904.85,907.9,904.85,906.6,7646
1609906500,906.6,907.6,906.1,906.5,7504
1609906800,906.45,908.95,906.05,908.85,13551
1609907100,908.85,913.0,908.8,912.85,34898
1609907400,912.85,914.0,911.05,911.45,31014
1609907700,911.85,912.0,909.05,910.35,21383
1609908000,910.4,910.6,907.6,908.65,7956
1609908300,907.75,910.35,907.65,908.6,8874
1609908600,908.6,909.0,908.4,909.0,4507
1609908900,909.0,909.0,908.0,908.2,2856
1609909200,908.2,908.2,907.3,907.4,7141
1609909500,907.4,907.6,906.4,906.4,9517
1609909800,906.4,909.15,906.1,908.8,8975
1609910100,909.15,910.1,908.75,910.1,7602
1609910400,910.1,910.3,909.3,909.3,3578
1609910700,909.3,909.85,909.05,909.05,3221
1609911000,909.05,909.4,908.75,909.4,11393
1609911300,909.35,911.15,909.35,910.7,9615
1609911600,910.7,912.0,910.5,911.3,9676
1609911900,911.3,911.65,910.5,911.15,7593
1609912200,911.0,911.15,910.4,910.4,10714
1609912500,910.65,910.85,910.55,910.85,7614
1609912800,910.85,912.9,910.8,912.75,14341
1609913100,912.9,912.9,911.9,912.25,6390
1609913400,912.25,912.65,911.0,911.05,18349
1609913700,911.05,911.75,910.4,910.85,9727
1609914000,910.85,910.9,910.0,910.15,7369
1609914300,910.15,911.85,910.0,911.8,20351
1609914600,911.8,912.0,911.0,911.05,6488
1609914900,911.05,913.0,911.05,912.8,8881
1609915200,912.65,913.95,911.35,911.4,19248
1609915500,911.4,911.85,911.0,911.5,6411
1609915800,911.5,912.45,911.25,911.25,10298
1609916100,911.25,911.85,911.0,911.15,7778
1609916400,911.15,912.1,910.0,911.45,39932
1609916700,911.4,911.45,911.0,911.0,3668
1609917000,911.0,911.45,910.3,910.65,6009
1609917300,910.65,910.65,910.0,910.0,16923
1609917600,910.0,911.7,910.0,911.35,8445
1609917900,911.65,912.25,911.0,911.1,8904
1609918200,911.1,911.1,910.0,911.0,8286
1609918500,911.0,911.55,910.25,911.2,16829
1609918800,911.0,913.0,910.85,910.85,17334
1609919100,910.85,912.55,910.5,912.0,16562
1609919400,912.0,912.4,911.0,912.05,13271
1609919700,912.05,913.7,911.8,913.7,24930
1609920000,913.5,913.9,912.0,912.15,20391
1609920300,912.05,913.1,910.25,910.25,29585
1609920600,910.3,910.8,907.0,909.7,21284
1609920900,909.65,910.4,908.0,909.0,26413
1609921200,909.0,909.15,906.0,908.0,29069
1609921500,907.65,909.9,907.65,908.2,15211
1609921800,908.2,909.0,908.0,908.95,11718
1609922100,908.95,908.95,905.1,905.4,24433
1609922400,905.1,905.4,901.0,902.75,32760
1609922700,902.75,904.0,901.0,903.55,12058
1609923000,904.0,904.0,901.5,901.55,10122
1609923300,901.5,903.7,901.1,903.45,15021
1609923600,903.15,903.55,901.3,902.4,18570
1609923900,902.5,903.5,901.2,902.2,19132
1609924200,902.35,910.15,902.15,909.75,23467
1609924500,909.75,910.5,907.95,908.05,13597
1609924800,908.05,911.0,908.0,910.6,40399
1609925100,910.45,910.95,907.2,909.7,15180
1609925400,909.75,910.95,909.65,910.8,22907
1609925700,910.75,911.0,909.05,910.3,24649
1609926000,910.3,910.75,909.7,910.75,15220
1609926300,910.8,910.95,909.5,910.6,21288
1609926600,910.6,910.9,909.0,909.75,24734
1609926900,909.8,910.9,909.05,909.05,24635
1609991100,916.2,916.5,911.5,914.0,25199
1609991400,914.2,915.4,911.25,911.75,19405
1609991700,911.35,912.15,910.4,911.0,23224
1609992000,911.0,912.3,909.3,911.7,31084
1609992300,912.0,913.1,910.9,912.0,13718
1609992600,912.05,914.0,910.65,912.5,10299
1609992900,912.55,913.3,912.2,912.95,5993
1609993200,912.6,913.0,911.0,912.5,6089
1609993500,912.35,912.4,910.6,911.0,6343
1609993800,911.0,913.0,910.8,912.55,8443
1609994100,912.55,913.5,911.0,911.25,9081
1609994400,911.25,913.35,911.0,912.8,5898
1609994700,912.8,913.35,912.5,913.25,3575
1609995000,913.25,914.0,910.25,910.3,16312
1609995300,910.6,913.0,910.25,911.0,11045
1609995600,911.45,912.95,911.0,911.0,10376
1609995900,911.0,911.75,910.2,910.25,4824
1609996200,910.15,911.0,910.05,910.3,2572
1609996500,910.5,911.8,909.15,911.5,10041
1609996800,911.55,912.4,910.3,910.5,21527
1609997100,910.55,910.95,910.0,910.0,8259
1609997400,910.0,910.1,909.3,909.85,6800
1609997700,909.85,910.1,909.7,909.95,2410
1609998000,909.95,910.5,909.95,910.05,10728
1609998300,910.15,910.95,908.8,910.0,13383
1609998600,910.0,910.15,909.2,909.6,3385
1609998900,909.9,910.0,907.25,910.0,14023
1609999200,910.0,910.0,909.0,909.6,22884
1609999500,909.6,910.0,909.0,909.55,3298
1609999800,909.75,910.0,909.2,910.0,5048
1610000100,910.0,910.0,909.25,909.5,2089
1610000400,909.5,910.0,909.5,910.0,2782
1610000700,910.0,910.0,908.3,908.8,7886
1610001000,908.8,909.0,908.0,908.6,2356
1610001300,908.35,908.85,908.2,908.5,1603
1610001600,908.7,910.25,908.65,909.6,3193
1610001900,910.1,910.4,909.25,910.0,2644
1610002200,910.0,910.2,909.3,909.65,3096
1610002500,909.65,910.2,909.35,909.6,3129
1610002800,909.6,911.2,909.6,911.0,9516
1610003100,911.0,911.2,910.5,910.95,4591
1610003400,911.0,911.3,910.15,910.55,5145
1610003700,910.5,910.85,910.0,910.15,3386
1610004000,910.1,910.5,909.6,909.75,3803
1610004300,910.0,910.25,909.0,909.1,5234
1610004600,909.1,909.5,908.0,909.0,6009
1610004900,908.85,909.5,908.25,908.8,4377
1610005200,909.0,909.5,908.7,909.15,4480
1610005500,909.15,909.5,907.0,908.45,11565
1610005800,908.45,908.75,907.25,907.85,4839
1610006100,907.85,908.75,907.6,908.75,2064
1610006400,908.75,909.0,907.05,907.4,6171
1610006700,907.4,907.4,905.3,906.0,14088
1610007000,905.5,906.95,904.25,905.35,17001
1610007300,905.5,908.85,905.05,907.05,17258
1610007600,906.7,907.6,906.0,906.35,12762
1610007900,906.15,908.4,905.55,906.55,16919
1610008200,906.55,906.9,905.1,906.5,6223
1610008500,906.5,909.0,906.05,908.5,9434
1610008800,908.5,910.1,908.1,909.75,37304
1610009100,909.75,911.8,909.05,911.45,12198
1610009400,911.95,912.0,910.35,910.35,12802
1610009700,910.65,912.0,910.35,911.55,7958
1610010000,911.55,912.0,910.7,911.05,8485
1610010300,911.05,913.5,911.05,912.75,10876
1610010600,912.75,913.3,912.0,912.5,9191
1610010900,912.5,912.8,908.15,910.7,10413
1610011200,909.8,912.3,909.8,911.7,7506
1610011500,911.7,915.45,911.7,915.35,90659
1610011800,915.0,915.4,913.85,915.25,51071
1610012100,915.35,915.4,915.0,915.0,34527
1610012400,915.1,915.2,908.25,910.2,81150
1610012700,910.45,912.3,910.4,912.0,23797
1610013000,912.0,915.9,911.95,915.0,64167
1610013300,914.95,915.7,914.0,915.0,115063
1610077500,920.0,925.7,918.05,921.9,185205
1610077800,922.45,923.1,918.0,918.5,67089
1610078100,918.5,924.0,918.0,923.95,51770
1610078400,923.5,926.0,922.2,926.0,60349
1610078700,926.1,931.0,925.0,930.1,190753
1610079000,930.1,931.0,928.0,930.5,139773
1610079300,930.5,933.5,929.8,932.35,78422
1610079600,932.7,932.7,929.65,930.0,76896
1610079900,930.0,933.0,930.0,931.75,43916
1610080200,931.95,933.05,930.0,933.05,46608
1610080500,933.0,934.5,932.95,934.25,77977
1610080800,934.6,937.0,934.35,936.7,116075
1610081100,936.5,941.4,936.3,940.1,171396
1610081400,940.35,941.5,939.0,940.7,80829
1610081700,940.5,942.0,940.05,940.7,68929
1610082000,941.0,942.45,940.7,941.4,53721
1610082300,941.4,944.0,940.25,943.15,73671
1610082600,943.65,943.65,939.3,940.8,79217
1610082900,940.3,941.8,940.3,940.95,28269
1610083200,940.95,941.0,940.0,940.15,24881
1610083500,940.05,940.5,940.0,940.4,41506
1610083800,940.3,942.75,940.0,941.55,40896
1610084100,941.8,943.0,941.5,942.0,45069
1610084400,941.95,945.8,941.7,945.8,73191
1610084700,945.65,946.25,943.5,944.0,58910
1610085000,944.25,948.4,944.0,948.0,59427
1610085300,948.15,950.85,947.0,950.15,128902
1610085600,950.2,954.5,950.05,953.8,158488
1610085900,953.05,953.75,951.5,951.5,67087
1610086200,951.5,951.9,944.35,948.0,147052
1610086500,947.8,949.45,947.0,949.45,51138
1610086800,949.45,951.8,949.4,950.7,60822
1610087100,950.7,951.95,949.25,951.35,36941
1610087400,951.2,952.0,949.5,949.7,35079
1610087700,949.5,951.3,948.35,950.65,27218
1610088000,951.0,951.0,946.2,949.5,46289
1610088300,949.5,951.0,949.35,950.0,22514
1610088600,950.0,950.2,948.15,949.7,33908
1610088900,949.7,950.0,948.0,948.0,27853
1610089200,948.5,948.5,947.0,948.15,37174
1610089500,948.3,948.5,945.7,946.65,34377
1610089800,946.25,946.65,943.4,945.75,64639
1610090100,945.75,947.65,944.7,945.2,35057
1610090400,945.2,947.5,945.1,947.0,16051
1610090700,947.05,947.5,944.35,944.5,19915
1610091000,944.65,944.9,943.05,943.45,30616
1610091300,943.35,944.0,940.95,942.6,46876
1610091600,943.0,943.0,941.05,941.3,17178
1610091900,941.05,942.9,940.0,942.7,49314
1610092200,942.55,943.0,935.3,935.3,94265
1610092500,935.4,935.8,932.25,935.05,116762
1610092800,935.05,938.65,933.1,937.8,66505
1610093100,937.55,940.0,934.7,935.4,70968
1610093400,934.7,935.75,930.55,935.7,82682
1610093700,935.75,937.85,935.05,937.0,34609
1610094000,936.6,940.75,936.4,940.7,38616
1610094300,940.7,942.65,938.3,940.7,65292
1610094600,940.7,941.25,938.7,940.75,22450
1610094900,940.7,940.7,938.7,939.45,16468
1610095200,939.3,942.0,938.7,940.9,27282
1610095500,940.9,940.9,935.0,937.0,46727
1610095800,937.0,937.0,932.8,935.25,43295
1610096100,935.25,937.75,934.0,936.4,24510
1610096400,936.4,937.0,935.0,935.05,12165
1610096700,935.0,936.3,934.85,936.3,15781
1610097000,937.0,937.4,936.3,937.0,13910
1610097300,937.0,937.45,932.65,933.7,33172
1610097600,933.6,934.6,932.5,933.2,31506
1610097900,932.6,935.5,932.6,935.45,17417
1610098200,935.45,937.15,935.45,936.6,35755
1610098500,936.6,939.75,936.0,937.2,44911
1610098800,937.4,938.0,935.65,936.75,60676
1610099100,936.7,936.95,934.5,934.95,71028
1610099400,934.65,934.95,932.0,933.5,65674
1610099700,933.6,935.2,932.5,934.0,48630
1610336700,940.0,940.0,926.85,928.85,45252
1610337000,928.5,931.9,928.2,931.05,16059
1610337300,931.05,934.0,931.05,931.15,20974
1610337600,931.55,937.8,930.8,937.5,18393
1610337900,937.8,940.0,937.2,939.8,23129
1610338200,939.8,940.0,938.4,939.35,24800
1610338500,939.35,946.0,939.15,942.8,103162
1610338800,942.8,948.9,940.25,948.15,141072
1610339100,948.15,952.0,946.15,951.85,178589
1610339400,951.9,952.5,950.05,950.6,160187
1610339700,950.6,951.0,948.2,948.2,61966
1610340000,948.7,948.7,946.05,947.3,59175
1610340300,947.0,947.0,940.05,940.4,111379
1610340600,940.0,941.3,936.0,941.3,64988
1610340900,940.6,944.85,940.0,943.0,60903
1610341200,943.0,943.0,940.25,942.1,22475
1610341500,942.1,946.0,942.1,945.65,33382
1610341800,945.3,946.65,945.25,946.0,32668
1610342100,945.4,946.0,945.25,945.3,15921
1610342400,945.3,946.0,944.2,944.85,24215
1610342700,944.8,944.8,943.15,943.15,8025
1610343000,943.15,943.6,942.4,942.4,11828
1610343300,942.4,942.4,940.05,942.0,38627
1610343600,941.4,942.0,939.1,939.35,17595
1610343900,939.1,940.4,937.1,938.3,28041
1610344200,938.3,940.5,937.55,939.9,14369
1610344500,939.9,940.0,937.3,937.5,12485
1610344800,937.85,938.55,935.8,938.0,18290
1610345100,938.3,939.0,936.65,937.75,9962
1610345400,937.75,938.4,936.65,936.9,10427
1610345700,936.9,938.8,936.3,938.55,11385
1610346000,938.55,941.4,938.1,940.45,12352
1610346300,940.45,940.9,938.85,938.85,8045
1610346600,938.85,940.4,937.55,940.1,7609
1610346900,940.15,941.9,939.0,941.3,7726
1610347200,941.3,941.65,939.4,941.4,6745
1610347500,941.4,941.9,940.7,941.0,11570
1610347800,940.7,940.95,939.2,939.85,9888
1610348100,940.35,940.5,938.0,939.35,4804
1610348400,939.35,940.45,938.0,939.35,4988
1610348700,939.35,940.15,938.3,939.85,7120
1610349000,939.4,940.8,939.4,940.4,3876
1610349300,940.0,940.0,938.55,939.0,4325
1610349600,939.0,939.4,938.4,939.0,9218
1610349900,939.0,939.05,938.5,938.8,3186
1610350200,938.8,938.8,937.0,937.65,18604
1610350500,937.65,938.0,937.05,937.5,7480
1610350800,937.5,937.5,937.0,937.0,8732
1610351100,937.0,938.25,936.8,937.95,6869
1610351400,937.95,938.0,936.2,936.2,8666
1610351700,936.3,938.1,936.25,937.6,7498
1610352000,937.6,938.5,937.2,937.95,7080
1610352300,938.45,939.1,937.65,938.9,8320
1610352600,938.9,938.9,936.8,937.6,10675
1610352900,937.5,938.45,937.15,938.3,5309
1610353200,938.25,938.5,936.2,937.0,8575
1610353500,937.0,938.5,935.65,938.0,13513
1610353800,938.0,938.0,936.85,937.5,4514
1610354100,937.5,939.35,936.15,939.1,22312
1610354400,939.15,940.65,938.45,939.5,17020
1610354700,939.4,940.25,938.7,939.7,9839
1610355000,938.55,939.75,938.0,939.0,8068
1610355300,939.0,940.55,938.05,940.35,15187
1610355600,940.55,941.95,940.3,941.0,30282
1610355900,941.15,941.35,940.0,940.0,12320
1610356200,940.0,940.2,939.1,939.8,7939
1610356500,939.45,940.0,939.0,939.5,9687
1610356800,939.5,940.45,939.45,939.65,20906
1610357100,939.9,939.95,937.0,938.1,31156
1610357400,937.45,941.0,937.45,939.35,49906
1610357700,939.4,940.9,938.75,939.05,34443
1610358000,939.0,939.35,929.0,935.5,125034
1610358300,935.4,936.0,933.65,935.55,44689
1610358600,935.55,937.45,934.25,937.2,56040
1610358900,937.3,937.4,934.1,935.15,32259
1610423100,934.8,936.0,927.75,929.0,60245
1610423400,929.0,930.0,928.0,928.95,32625
1610423700,929.0,930.75,928.3,929.8,15908
1610424000,929.4,930.0,928.25,928.85,25000
1610424300,929.3,932.0,928.5,929.85,29947
1610424600,929.9,931.6,929.5,930.9,11744
1610424900,931.0,933.5,930.7,933.5,20920
1610425200,933.8,934.6,931.8,932.25,14964
1610425500,932.9,933.0,929.0,929.95,13381
1610425800,930.0,930.0,929.05,929.55,8232
1610426100,929.55,930.0,929.0,929.9,14483
1610426400,930.0,930.0,928.3,928.65,5183
1610426700,928.8,928.8,926.5,928.45,25794
1610427000,928.45,928.5,927.25,927.55,7934
1610427300,927.95,928.65,927.4,928.65,8301
1610427600,928.35,931.4,928.3,931.15,10834
1610427900,931.15,931.9,930.3,931.25,9728
1610428200,931.2,931.7,930.65,931.4,4692
1610428500,931.4,931.85,930.5,930.6,6017
1610428800,931.2,931.2,930.5,931.0,4990
1610429100,930.9,931.1,930.0,930.95,67185
1610429400,930.45,932.25,930.0,932.0,12949
1610429700,932.25,932.25,928.85,929.95,38675
1610430000,930.0,930.4,928.3,929.0,8801
1610430300,929.0,929.3,928.5,928.9,6738
1610430600,928.9,928.95,928.3,928.3,8055
1610430900,928.0,928.95,927.25,927.85,13050
1610431200,928.0,928.3,926.6,926.6,19490
1610431500,926.8,927.5,926.2,926.85,11248
1610431800,926.85,927.05,926.1,926.4,11992
1610432100,926.85,926.85,922.75,923.15,78660
1610432400,923.6,926.0,921.55,924.85,120368
1610432700,924.9,925.0,924.2,925.0,13058
1610433000,925.0,925.5,924.3,925.0,28935
1610433300,924.9,925.0,924.25,925.0,11988
1610433600,924.95,925.15,924.3,924.95,12375
1610433900,925.0,925.0,924.5,924.95,8519
1610434200,924.7,925.45,924.3,925.0,25487
1610434500,925.0,925.25,924.4,924.4,8749
1610434800,924.5,925.0,924.4,924.8,8952
1610435100,925.0,925.0,924.6,925.0,7858
1610435400,925.0,925.0,924.75,925.0,7845
1610435700,924.8,925.4,924.55,925.0,10765
1610436000,925.0,925.0,924.5,925.0,7424
1610436300,925.0,925.1,923.0,923.9,16116
1610436600,923.9,925.35,923.9,925.05,12644
1610436900,925.05,925.25,924.3,925.0,8978
1610437200,925.0,925.0,924.05,925.0,11994
1610437500,925.0,925.3,924.35,925.0,7568
1610437800,925.1,927.75,924.7,927.0,20164
1610438100,927.15,927.15,924.5,925.05,48317
1610438400,925.05,925.2,924.5,925.0,7581
1610438700,925.0,925.1,923.2,924.65,47205
1610439000,924.6,925.55,923.55,924.95,57671
1610439300,925.0,925.25,924.0,924.0,73146
1610439600,924.4,924.65,922.8,922.8,16661
1610439900,922.9,923.2,922.0,922.05,11159
1610440200,922.55,923.2,922.05,922.6,9463
1610440500,922.6,924.35,922.5,923.9,13160
1610440800,923.9,924.2,923.0,923.6,9562
1610441100,924.05,924.2,923.55,924.05,9479
1610441400,924.05,924.15,923.4,923.95,9904
1610441700,923.95,925.0,923.6,924.5,12535
1610442000,924.6,924.95,924.05,924.35,10200
1610442300,924.3,925.25,924.0,924.6,12574
1610442600,924.7,926.0,924.3,925.7,16455
1610442900,925.9,926.35,925.4,925.9,19860
1610443200,925.95,926.0,925.0,925.7,14212
1610443500,925.7,926.0,923.75,923.85,16667
1610443800,923.8,926.0,923.8,925.35,23630
1610444100,925.45,926.5,924.9,926.05,28129
1610444400,926.15,926.75,925.45,925.75,39095
1610444700,925.7,926.0,922.8,923.8,41432
1610445000,923.95,926.0,923.7,925.85,38942
1610445300,925.9,926.0,923.0,924.0,27080
1610509500,927.5,929.5,927.0,929.45,31909
1610509800,928.95,932.75,928.95,931.5,39594
1610510100,931.6,936.45,929.75,935.8,33286
1610510400,935.45,937.5,934.0,937.1,27439
1610510700,937.1,940.0,937.05,939.8,39727
1610511000,939.95,941.0,938.85,939.3,41742
1610511300,939.35,942.0,937.9,941.4,48710
1610511600,941.4,941.95,938.1,939.45,43757
1610511900,939.5,940.0,939.0,939.7,14894
1610512200,939.8,940.0,939.35,939.95,11036
1610512500,939.5,940.0,939.2,939.95,65831
1610512800,939.95,940.0,939.1,939.5,15097
1610513100,939.55,940.0,938.55,939.7,20130
1610513400,939.7,939.95,938.65,939.15,20497
1610513700,938.95,939.45,935.6,936.0,21663
1610514000,936.0,938.8,936.0,938.0,16348
1610514300,938.0,938.0,936.0,937.55,17043
1610514600,937.55,941.0,937.0,939.5,17821
1610514900,939.8,945.0,939.15,944.55,48382
1610515200,944.5,947.25,943.9,946.85,47094
1610515500,946.85,946.85,944.0,945.25,24500
1610515800,945.6,945.8,942.85,943.85,21983
1610516100,944.0,945.0,943.75,944.35,11415
1610516400,944.9,944.9,943.0,943.3,11629
1610516700,943.3,946.75,943.1,946.5,25578
1610517000,946.5,949.0,944.8,945.9,50115
1610517300,945.9,947.45,943.65,945.8,29979
1610517600,945.8,946.0,941.6,943.0,30461
1610517900,943.0,944.9,942.5,944.0,18228
1610518200,944.2,945.0,942.6,944.45,10264
1610518500,944.85,947.55,943.8,947.2,19100
1610518800,947.5,947.5,945.05,946.0,17247
1610519100,945.75,947.0,945.0,945.6,12498
1610519400,945.0,945.0,939.7,941.1,36656
1610519700,941.8,944.5,940.55,944.5,15912
1610520000,944.5,944.8,943.15,944.8,7356
1610520300,944.8,946.5,944.3,946.0,10074
1610520600,945.4,946.65,944.55,945.45,10488
1610520900,945.3,947.5,944.6,946.0,15058
1610521200,946.0,947.0,945.6,946.4,8621
1610521500,946.5,946.65,945.35,946.45,10086
1610521800,946.3,946.55,945.1,945.4,14900
1610522100,945.95,946.35,945.0,945.65,11756
1610522400,945.65,946.5,945.0,945.75,13448
1610522700,945.85,945.95,945.0,945.55,6995
1610523000,945.35,945.35,943.0,944.25,13016
1610523300,944.25,944.6,942.5,943.0,11336
1610523600,943.25,944.0,941.7,942.75,13672
1610523900,942.75,942.85,940.05,942.55,17368
1610524200,942.55,942.8,941.25,942.0,7296
1610524500,942.0,942.0,940.05,941.35,10647
1610524800,941.8,943.35,938.0,938.25,18343
1610525100,938.25,938.8,935.35,936.2,29100
1610525400,936.65,937.95,932.0,933.3,34521
1610525700,933.3,935.55,932.05,933.8,17120
1610526000,934.0,936.85,933.15,935.35,11801
1610526300,936.0,937.9,934.5,934.5,12435
1610526600,934.8,935.25,930.05,931.9,22381
1610526900,931.85,933.05,931.5,932.05,24739
1610527200,932.1,934.4,931.65,933.4,17300
1610527500,933.05,934.35,932.05,932.05,22114
1610527800,932.15,935.0,931.7,934.5,31172
1610528100,934.5,936.8,934.0,935.95,18457
1610528400,936.0,936.2,933.5,934.0,14042
1610528700,933.85,935.7,932.4,934.2,15158
1610529000,934.2,934.65,933.1,933.15,18204
1610529300,933.15,934.2,932.0,933.1,17862
1610529600,933.0,934.4,932.1,932.15,13318
1610529900,932.3,934.65,932.15,933.9,24440
1610530200,933.6,933.8,928.2,928.4,76801
1610530500,928.55,929.75,927.2,927.8,73854
1610530800,927.85,927.85,924.35,927.25,112216
1610531100,927.25,927.3,924.25,925.25,103847
1610531400,926.45,926.45,922.5,923.95,73628
1610531700,924.0,928.4,923.5,928.4,53731
1610595900,930.1,931.85,926.55,928.5,37596
1610596200,928.65,929.5,927.8,927.95,14010
1610596500,927.95,929.05,922.55,922.55,23061
1610596800,922.85,922.85,920.0,920.55,21216
1610597100,920.55,922.7,918.5,921.0,61887
1610597400,921.0,928.05,920.55,924.65,19786
1610597700,925.0,928.75,925.0,928.1,10849
1610598000,928.2,928.5,925.85,927.15,8285
1610598300,927.2,928.5,925.35,926.95,10010
1610598600,926.65,928.4,925.8,928.4,11198
1610598900,928.0,928.95,924.0,924.5,29988
1610599200,924.45,925.15,924.05,924.3,5096
1610599500,924.25,925.8,922.25,925.75,11892
1610599800,925.75,927.45,925.25,925.5,7677
1610600100,925.45,926.2,925.35,925.55,7442
1610600400,925.5,926.0,923.35,923.7,4294
1610600700,923.7,925.0,923.5,924.25,3856
1610601000,924.3,925.0,924.15,924.8,5076
1610601300,924.8,925.0,923.0,923.55,6112
1610601600,923.55,923.8,922.0,923.5,10630
1610601900,923.5,924.45,923.05,923.3,3697
1610602200,923.85,924.0,921.1,922.5,8090
1610602500,922.5,925.2,921.6,924.4,10331
1610602800,924.4,925.0,922.95,923.2,4938
1610603100,923.2,924.65,922.55,924.6,4129
1610603400,924.6,925.0,924.1,924.65,2494
1610603700,924.95,925.7,924.6,925.15,4868
1610604000,925.35,925.35,924.1,924.15,3206
1610604300,924.15,925.1,924.0,924.25,7982
1610604600,924.2,925.75,923.85,924.9,3630
1610604900,924.9,924.9,923.7,923.85,2812
1610605200,923.6,924.35,923.6,924.25,1382
1610605500,924.25,924.9,924.1,924.85,1671
1610605800,925.05,925.1,924.1,925.1,1202
1610606100,925.1,925.1,924.1,924.95,2310
1610606400,925.0,925.4,924.55,925.0,4570
1610606700,925.0,925.2,924.0,924.2,2036
1610607000,924.25,924.7,923.05,923.6,3921
1610607300,923.2,925.1,923.0,925.1,2273
1610607600,924.65,924.65,922.5,923.0,5327
1610607900,923.0,923.15,922.6,922.95,3795
1610608200,922.85,922.95,921.05,921.5,4882
1610608500,921.4,921.75,921.0,921.65,2770
1610608800,921.25,923.0,921.05,923.0,1254
1610609100,923.05,923.45,922.9,923.0,2488
1610609400,923.05,923.5,922.7,923.0,1403
1610609700,923.1,923.4,923.0,923.4,2493
1610610000,923.4,924.4,923.0,923.95,2019
1610610300,923.95,925.75,923.95,925.75,5641
1610610600,925.15,925.5,924.5,924.5,3389
1610610900,924.9,925.15,924.65,925.15,3701
1610611200,925.1,925.1,923.6,924.25,4251
1610611500,924.25,925.15,923.7,925.1,3610
1610611800,925.15,925.15,923.3,924.1,8197
1610612100,924.0,924.9,924.0,924.9,2052
1610612400,924.9,924.9,924.0,924.5,2110
1610612700,924.5,924.85,924.0,924.6,1242
1610613000,924.6,924.75,923.95,924.5,1758
1610613300,924.5,924.75,924.05,924.4,2428
1610613600,924.4,926.15,923.1,924.1,23399
1610613900,924.45,925.2,924.0,924.05,10983
1610614200,924.35,924.65,923.6,924.2,3909
1610614500,924.5,925.0,924.0,924.45,5264
1610614800,924.45,925.0,924.25,925.0,3817
1610615100,925.0,925.0,924.3,924.6,3086
1610615400,924.7,924.7,923.65,923.65,3517
1610615700,923.85,923.85,923.0,923.5,3767
1610616000,923.4,923.75,923.2,923.25,3440
1610616300,923.35,923.5,922.4,922.5,4345
1610616600,922.5,924.8,922.4,924.7,24064
1610616900,924.7,925.3,924.7,924.95,25534
1610617200,925.0,926.9,924.95,925.15,46666
1610617500,925.15,926.05,925.15,925.2,38491
1610617800,925.1,925.95,924.6,925.6,34844
1610618100,925.55,926.2,924.2,924.2,33662
1610618400,925.0,925.0,925.0,925.0,5
1610682300,925.15,929.8,925.15,928.9,13940
1610682600,928.9,929.45,926.8,928.0,15902
1610682900,927.85,929.65,927.3,927.5,17688
1610683200,926.75,926.75,923.25,925.0,15066
1610683500,925.0,928.45,924.35,927.75,9511
1610683800,927.9,927.95,921.3,922.0,17525
1610684100,921.5,921.75,915.8,917.6,29874
1610684400,917.65,920.85,917.65,920.0,10599
1610684700,920.0,922.6,919.35,922.25,8875
1610685000,921.85,922.95,921.55,922.0,35050
1610685300,922.0,922.0,919.1,919.15,7569
1610685600,919.5,922.25,919.2,920.85,9056
1610685900,921.6,922.35,920.25,921.5,4455
1610686200,921.2,922.35,921.0,921.95,4953
1610686500,921.95,922.0,921.2,921.3,5744
1610686800,921.8,922.45,918.2,918.5,10443
1610687100,918.5,919.4,918.0,918.6,3796
1610687400,918.6,920.05,918.4,920.05,3664
1610687700,920.05,921.35,918.65,919.05,6954
1610688000,919.0,919.5,918.5,918.5,4438
1610688300,918.5,918.75,918.5,918.55,2364
1610688600,918.55,921.0,918.5,920.0,3473
1610688900,920.2,920.2,917.8,917.8,7078
1610689200,917.5,918.1,916.45,918.1,8194
1610689500,918.1,918.1,916.8,917.0,4841
1610689800,916.0,916.15,914.0,915.1,18487
1610690100,915.1,915.7,912.0,913.6,18006
1610690400,913.6,915.95,912.8,913.2,7054
1610690700,913.2,916.15,912.4,914.9,7830
1610691000,914.9,916.0,913.95,915.65,4335
1610691300,916.2,916.4,915.25,916.1,4841
1610691600,916.1,916.9,915.35,916.4,5443
1610691900,916.4,916.45,915.25,915.6,1415
1610692200,915.6,916.6,915.6,916.0,1478
1610692500,916.0,916.3,915.5,916.0,1091
1610692800,916.0,916.5,915.3,916.5,1651
1610693100,916.5,918.55,915.55,917.05,5196
1610693400,916.85,916.85,915.45,916.4,3944
1610693700,916.4,918.8,916.35,918.3,2840
1610694000,918.0,918.55,917.4,917.85,6132
1610694300,917.85,918.2,916.8,916.8,3834
1610694600,916.8,918.0,916.45,918.0,2335
1610694900,918.0,918.05,917.0,917.05,1716
1610695200,917.5,918.0,917.25,917.65,1591
1610695500,917.65,918.3,915.75,916.4,2940
1610695800,916.3,917.8,916.0,916.6,2910
1610696100,916.6,916.65,914.95,915.1,3323
1610696400,914.65,915.3,914.6,914.95,3120
1610696700,914.95,916.0,914.1,916.0,1834
1610697000,916.55,916.6,915.3,915.9,1476
1610697300,915.5,915.8,914.75,915.0,1045
1610697600,915.15,916.25,914.45,914.8,2332
1610697900,914.8,916.5,914.75,916.4,2738
1610698200,916.4,916.4,913.85,914.5,23282
1610698500,914.5,914.5,913.4,913.6,4333
1610698800,913.6,914.8,910.6,910.9,15893
1610699100,910.9,910.9,909.0,909.9,16890
1610699400,909.9,912.4,909.6,911.75,11725
1610699700,911.85,911.9,909.5,910.2,7567
1610700000,910.2,911.45,908.35,908.35,12188
1610700300,908.35,908.65,903.4,904.15,18600
1610700600,904.15,907.8,903.45,906.85,18585
1610700900,906.85,909.6,906.3,909.6,8771
1610701200,909.6,911.7,909.35,911.55,17029
1610701500,911.55,912.45,910.25,911.3,13125
1610701800,911.8,912.0,911.5,911.8,8802
1610702100,911.8,912.9,911.65,912.9,6106
1610702400,912.95,913.75,912.5,913.65,9109
1610702700,913.7,913.9,912.55,913.8,7593
1610703000,913.8,913.8,910.85,910.85,10195
1610703300,911.5,912.0,907.0,909.9,27315
1610703600,909.9,912.5,909.8,910.65,30051
1610703900,910.65,911.5,909.35,910.05,35008
1610704200,910.25,910.65,909.1,910.2,23550
1610704500,910.15,910.2,908.2,909.75,24365
1610941500,899.0,907.2,891.0,897.55,92876
1610941800,897.6,905.2,897.6,903.6,28171
1610942100,903.6,905.95,896.45,899.0,25680
1610942400,898.85,899.45,893.8,893.8,38037
1610942700,893.8,896.3,891.15,892.4,19451
1610943000,892.45,896.85,892.45,894.05,13540
1610943300,894.05,899.9,894.05,897.8,36731
1610943600,897.8,899.15,896.0,896.4,9887
1610943900,896.2,896.2,890.1,890.9,21815
1610944200,890.9,892.6,890.0,891.4,13142
1610944500,891.65,892.95,890.25,891.55,10630
1610944800,891.1,892.5,891.1,892.0,5228
1610945100,892.0,892.0,887.2,888.0,25256
1610945400,888.6,890.4,887.95,889.6,14197
1610945700,889.6,889.65,886.7,888.0,16247
1610946000,887.15,888.0,884.6,886.6,21910
1610946300,886.6,886.6,883.2,884.8,13601
1610946600,884.85,886.0,884.65,886.0,13579
1610946900,886.0,888.0,886.0,887.45,4944
1610947200,888.0,889.2,886.5,889.2,8692
1610947500,889.2,890.4,888.85,889.55,10997
1610947800,889.55,891.9,889.0,891.7,4981
1610948100,891.15,893.85,891.1,893.8,10449
1610948400,893.8,894.7,892.5,894.7,6144
1610948700,894.7,895.8,893.0,894.05,10274
1610949000,893.7,893.7,891.5,892.0,4286
1610949300,892.0,892.5,890.0,891.5,4024
1610949600,891.5,892.4,890.1,891.65,5476
1610949900,891.9,892.1,889.95,890.05,3854
1610950200,890.05,890.95,888.5,888.6,2461
1610950500,888.6,892.25,888.5,891.85,5551
1610950800,891.85,892.5,891.0,891.45,4531
1610951100,891.45,891.9,890.75,891.25,3518
1610951400,891.05,893.4,890.75,892.55,5560
1610951700,892.55,892.85,891.45,892.25,2757
1610952000,891.9,892.75,891.5,891.5,2487
1610952300,891.5,894.9,891.45,894.0,4118
1610952600,894.0,894.35,892.5,893.35,1616
1610952900,893.35,893.9,892.5,893.15,3703
1610953200,893.0,894.4,892.85,894.3,3605
1610953500,894.5,895.8,893.45,895.8,6927
1610953800,895.8,895.95,894.55,895.6,5204
1610954100,895.6,895.6,894.2,894.5,1407
1610954400,894.5,894.9,892.5,892.75,2200
1610954700,892.75,893.4,892.55,893.25,1788
1610955000,893.25,895.9,892.0,895.85,12376
1610955300,895.85,898.0,895.25,896.05,14848
1610955600,896.05,897.0,894.7,896.5,3262
1610955900,896.5,896.95,895.65,896.0,1609
1610956200,895.4,896.0,895.0,895.8,3307
1610956500,895.9,895.9,894.0,894.6,4517
1610956800,894.6,894.7,890.8,893.9,10799
1610957100,893.9,897.65,893.5,896.4,4673
1610957400,896.45,897.6,896.0,896.8,3691
1610957700,896.8,898.45,896.0,898.2,5310
1610958000,897.65,898.5,897.0,898.25,2350
1610958300,898.5,899.05,898.0,899.05,4850
1610958600,899.05,899.4,897.3,897.95,4274
1610958900,897.95,899.2,897.5,898.65,4468
1610959200,898.65,901.0,898.35,900.7,16511
1610959500,900.7,901.3,899.4,901.2,8587
1610959800,901.2,903.1,900.65,902.5,27288
1610960100,902.6,903.0,902.0,902.7,34449
1610960400,902.7,902.7,900.15,900.7,14337
1610960700,900.75,900.75,897.0,897.0,6995
1610961000,897.0,897.95,896.0,897.55,8544
1610961300,897.55,897.6,893.0,893.65,6892
1610961600,893.65,895.45,892.1,894.0,8034
1610961900,894.0,894.0,892.55,893.0,7088
1610962200,892.75,898.8,892.5,898.55,23564
1610962500,898.8,900.0,897.25,897.5,18751
1610962800,897.25,897.6,894.55,894.65,12843
1610963100,894.45,894.55,890.0,890.0,33285
1610963400,890.0,893.0,889.0,893.0,51249
1610963700,893.0,893.5,890.0,892.9,20452
1611027900,890.5,908.0,890.5,908.0,97355
1611028200,907.7,910.7,904.75,909.7,47428
1611028500,909.45,910.45,906.6,909.15,64998
1611028800,909.05,910.0,905.0,905.0,24894
1611029100,905.0,906.1,902.15,905.6,23578
1611029400,905.5,906.6,905.5,906.0,10574
1611029700,905.9,908.0,905.2,907.95,13708
1611030000,907.95,913.0,907.5,912.65,41693
1611030300,912.55,917.0,910.25,916.65,84125
1611030600,916.65,918.0,915.0,915.9,89084
1611030900,915.5,916.2,915.0,915.5,19328
1611031200,915.2,916.5,915.0,915.0,26567
1611031500,915.0,915.15,911.05,911.5,44942
1611031800,911.5,912.0,911.0,911.5,21720
1611032100,911.2,913.35,911.2,912.0,19285
1611032400,912.0,912.85,911.4,912.8,11600
1611032700,912.65,912.85,910.55,910.55,18831
1611033000,910.55,913.85,910.55,913.35,14862
1611033300,913.35,914.7,913.05,913.25,16686
1611033600,913.25,914.0,911.3,911.4,13694
1611033900,911.4,913.0,911.35,912.15,6320
1611034200,912.15,914.0,912.05,913.6,8497
1611034500,913.6,914.25,913.35,913.4,12908
1611034800,913.4,914.0,913.3,913.5,10840
1611035100,913.5,914.0,912.0,912.1,9478
1611035400,912.5,914.0,912.1,913.6,5540
1611035700,914.0,914.95,911.55,911.9,24489
1611036000,911.9,912.55,911.0,911.4,10256
1611036300,911.4,911.7,909.95,910.05,19359
1611036600,910.05,911.15,908.0,908.0,12811
1611036900,908.0,910.0,907.35,910.0,12523
1611037200,909.85,911.95,909.85,911.65,14772
1611037500,911.65,913.5,911.1,911.1,17827
1611037800,911.1,912.7,909.9,910.5,9479
1611038100,910.5,911.45,909.5,910.0,5678
1611038400,910.0,910.75,909.6,909.6,12286
1611038700,909.6,910.0,908.6,909.4,7990
1611039000,909.4,910.0,908.35,908.65,6807
1611039300,908.65,909.65,908.6,908.75,4398
1611039600,908.75,909.2,908.1,908.55,7284
1611039900,908.55,909.0,908.15,908.5,7139
1611040200,908.5,909.05,908.0,908.15,9327
1611040500,908.15,908.45,907.85,908.1,5372
1611040800,908.1,910.75,908.1,910.0,9179
1611041100,910.4,910.5,909.55,910.15,3087
1611041400,910.15,910.15,909.3,909.6,3411
1611041700,909.6,910.0,909.0,909.0,4229
1611042000,909.0,910.0,908.65,909.5,3067
1611042300,909.75,911.0,908.75,910.75,9842
1611042600,910.35,912.25,910.05,910.7,16567
1611042900,910.15,910.85,909.1,910.35,6411
1611043200,910.4,910.9,909.7,910.7,4815
1611043500,910.7,912.5,910.1,912.0,15606
1611043800,912.0,912.45,910.75,912.0,5828
1611044100,911.95,911.95,910.0,910.55,5306
1611044400,910.55,912.0,910.55,911.7,5369
1611044700,911.65,911.7,910.55,911.3,2674
1611045000,911.3,911.8,910.0,911.55,10691
1611045300,911.55,911.55,910.5,910.55,3856
1611045600,910.55,911.5,910.0,910.35,5019
1611045900,910.35,910.5,908.1,909.15,12261
1611046200,909.15,909.6,908.0,908.2,9758
1611046500,908.2,909.0,907.6,908.95,13462
1611046800,908.85,910.9,907.75,910.35,12393
1611047100,910.35,911.2,909.65,910.4,13397
1611047400,910.3,910.45,908.95,909.55,5540
1611047700,909.55,909.8,908.4,909.35,6692
1611048000,909.35,909.45,908.0,908.5,8017
1611048300,908.5,908.9,907.8,908.3,11577
1611048600,908.3,909.3,907.6,907.85,24504
1611048900,908.35,908.8,907.1,907.1,29854
1611049200,907.2,907.5,905.0,905.05,55001
1611049500,905.2,905.5,903.55,904.3,35633
1611049800,904.5,904.5,900.0,902.0,82477
1611050100,902.0,903.0,900.05,903.0,29859
1611114300,905.1,906.95,897.05,902.35,35076
1611114600,903.0,905.9,901.15,902.2,27812
1611114900,902.15,902.6,898.0,899.9,24412
1611115200,899.9,904.45,899.75,900.3,19079
1611115500,900.45,901.65,899.25,899.55,17972
1611115800,899.5,902.4,899.1,902.4,9946
1611116100,902.05,903.5,901.35,902.65,13721
1611116400,902.95,904.0,902.75,903.1,11362
1611116700,903.35,904.0,903.15,903.85,9804
1611117000,903.95,904.0,903.4,903.65,8837
1611117300,903.65,903.65,902.0,903.0,9209
1611117600,903.0,903.45,902.15,902.55,7886
1611117900,902.55,904.15,902.5,903.55,6638
1611118200,903.55,907.2,903.5,906.0,18316
1611118500,905.8,909.15,905.8,908.0,27964
1611118800,908.0,908.55,906.6,907.4,16064
1611119100,907.45,909.5,907.05,908.9,14876
1611119400,908.75,910.7,908.5,910.65,22252
1611119700,910.45,910.9,908.75,909.1,12103
1611120000,909.1,910.65,909.1,909.85,9797
1611120300,910.15,910.15,909.2,909.85,7274
1611120600,909.85,909.9,908.55,908.9,9052
1611120900,908.95,909.45,908.6,908.6,6561
1611121200,908.8,909.05,908.15,908.8,5537
1611121500,908.8,909.85,908.7,909.65,8280
1611121800,909.7,909.85,909.2,909.7,6793
1611122100,909.7,910.3,909.05,909.85,6704
1611122400,909.9,910.05,909.15,909.85,8971
1611122700,910.05,910.05,907.55,908.6,13931
1611123000,908.7,909.1,904.0,905.05,24990
1611123300,905.05,906.05,904.2,905.5,10285
1611123600,905.5,906.4,905.35,905.4,7962
1611123900,905.45,905.9,903.0,903.0,15698
1611124200,903.05,903.2,902.0,902.55,22922
1611124500,902.7,903.1,901.0,902.25,23746
1611124800,902.15,904.45,902.0,904.15,12702
1611125100,904.3,904.7,903.25,904.0,9751
1611125400,904.05,904.55,904.0,904.2,5583
1611125700,904.35,905.0,904.0,904.5,11062
1611126000,904.5,904.95,901.0,901.2,17496
1611126300,901.6,903.25,901.5,901.85,6118
1611126600,902.35,903.0,901.5,902.55,7142
1611126900,902.75,903.95,902.3,903.4,5438
1611127200,903.05,903.05,902.8,902.95,6039
1611127500,903.0,903.0,901.5,902.25,18914
1611127800,902.45,903.0,902.2,902.4,7635
1611128100,902.35,903.0,902.35,902.65,5652
1611128400,902.65,902.85,901.1,901.55,7820
1611128700,901.6,902.0,901.55,901.85,4882
1611129000,901.85,901.85,900.0,900.0,13864
1611129300,900.2,900.2,899.2,899.75,14214
1611129600,899.85,900.0,899.5,900.0,8520
1611129900,899.95,900.0,899.65,900.0,11799
1611130200,900.0,900.0,899.0,899.9,12081
1611130500,899.9,900.0,899.5,899.95,8415
1611130800,900.0,900.0,899.75,899.85,9863
1611131100,899.75,900.0,899.75,899.95,8346
1611131400,899.95,901.8,899.9,900.6,21826
1611131700,900.6,900.95,899.05,899.15,17640
1611132000,899.3,900.0,899.1,899.15,8141
1611132300,899.2,900.4,899.05,900.15,9672
1611132600,900.15,901.2,900.15,900.65,8318
1611132900,900.65,900.7,899.2,899.4,8963
1611133200,899.55,900.9,899.4,900.2,8029
1611133500,900.1,900.65,899.5,899.8,11120
1611133800,899.85,899.85,898.6,899.5,20244
1611134100,899.65,899.8,895.0,896.2,53870
1611134400,896.3,896.95,895.25,896.15,25996
1611134700,896.25,897.85,896.15,896.9,14583
1611135000,896.9,897.5,896.05,896.8,28859
1611135300,896.85,897.5,896.0,896.2,30103
1611135600,896.3,897.3,895.9,896.45,42711
1611135900,896.4,897.4,895.75,897.2,41942
1611136200,897.1,897.5,896.1,897.15,40322
1611136500,897.2,898.0,896.4,898.0,37849
1611200700,907.8,907.8,900.2,901.7,48330
1611201000,901.5,902.8,900.55,902.25,19576
1611201300,902.25,903.0,900.7,901.15,18760
1611201600,901.5,901.55,900.25,900.4,14637
1611201900,900.65,900.8,899.4,899.85,17507
1611202200,899.85,900.0,896.75,897.2,24570
1611202500,897.5,898.45,897.25,897.9,23369
1611202800,897.9,898.7,897.25,898.45,24992
1611203100,898.45,898.7,893.05,893.95,61817
1611203400,893.95,896.6,893.25,896.6,11964
1611203700,896.15,896.4,895.0,895.25,11545
1611204000,895.25,895.95,895.05,895.05,8277
1611204300,895.05,895.5,894.35,894.8,10810
1611204600,894.8,895.7,894.5,895.0,7312
1611204900,894.95,895.4,894.2,894.2,11763
1611205200,894.3,894.85,894.0,894.3,8297
1611205500,894.3,894.7,894.0,894.05,6428
1611205800,894.05,895.05,894.0,895.0,9425
1611206100,895.0,895.25,894.3,894.7,7366
1611206400,894.7,895.35,894.3,895.1,9446
1611206700,895.1,896.3,895.1,895.95,20408
1611207000,895.85,895.9,894.3,894.3,22249
1611207300,894.3,894.35,892.0,892.25,25394
1611207600,892.7,892.8,891.05,892.0,19491
1611207900,892.0,892.6,891.5,892.0,11033
1611208200,892.0,892.45,891.55,891.55,13611
1611208500,891.55,892.2,890.5,891.85,26600
1611208800,891.85,892.0,890.5,890.5,11362
1611209100,890.5,891.6,890.1,890.8,21454
1611209400,890.8,890.95,889.05,889.9,29102
1611209700,889.9,890.0,889.4,890.0,13429
1611210000,890.0,890.85,888.5,889.85,24251
1611210300,889.9,890.0,889.4,889.5,5768
1611210600,889.9,890.0,888.9,889.0,9912
1611210900,889.45,890.15,889.1,889.6,8243
1611211200,889.6,890.65,889.25,889.8,17808
1611211500,889.8,890.0,889.15,889.45,7153
1611211800,889.85,890.0,889.05,889.95,6441
1611212100,889.95,889.95,889.0,889.5,22122
1611212400,889.5,889.5,888.5,889.0,11484
1611212700,889.0,889.6,888.5,888.65,13721
1611213000,888.65,889.05,888.65,889.0,10172
1611213300,889.0,889.65,887.95,888.7,38598
1611213600,888.75,889.1,886.65,886.65,26672
1611213900,886.65,887.35,885.3,886.05,23502
1611214200,886.05,887.0,884.5,886.0,96285
1611214500,886.0,887.65,885.7,887.0,51627
1611214800,886.95,887.4,886.45,887.05,34521
1611215100,886.65,887.25,885.9,886.9,32776
1611215400,886.35,887.05,886.2,886.25,5491
1611215700,886.25,886.6,885.4,886.5,10762
1611216000,886.5,886.9,884.05,884.8,81572
1611216300,884.75,885.9,884.25,885.85,7568
1611216600,885.6,886.0,885.5,885.95,5982
1611216900,885.95,886.4,885.25,885.5,12742
1611217200,885.3,885.45,884.3,884.95,15397
1611217500,884.95,885.0,884.5,884.95,19858
1611217800,884.95,885.5,884.7,884.95,10949
1611218100,884.95,884.95,883.7,883.9,14355
1611218400,884.0,884.0,881.55,881.55,34749
1611218700,881.6,883.7,878.9,883.45,95990
1611219000,883.45,884.9,883.25,884.05,37273
1611219300,884.05,885.2,882.7,884.15,61762
1611219600,883.8,886.4,883.15,886.3,62157
1611219900,886.35,886.6,884.6,885.0,23963
1611220200,884.6,886.4,883.45,884.95,18081
1611220500,884.6,884.95,882.05,882.75,11907
1611220800,882.75,884.55,880.25,882.95,14929
1611221100,882.55,882.55,877.0,881.7,48887
1611221400,881.45,882.2,880.2,880.5,30604
1611221700,880.5,880.7,876.1,876.1,34590
1611222000,876.6,879.6,876.05,876.15,51546
1611222300,876.1,878.3,875.3,876.5,82480
1611222600,876.05,881.0,875.0,880.0,58455
1611222900,880.45,886.95,879.05,886.0,44661
1611287100,885.5,885.7,876.2,879.85,76178
1611287400,879.6,880.45,878.0,879.95,35665
1611287700,879.95,880.1,867.05,867.9,97208
1611288000,867.9,871.35,866.0,869.15,44283
1611288300,869.1,874.2,868.5,871.7,49198
1611288600,871.7,874.5,871.5,871.6,27056
1611288900,871.65,878.65,869.15,878.3,73286
1611289200,877.9,878.5,874.0,875.75,51715
1611289500,875.5,877.65,874.5,877.3,65849
1611289800,877.3,880.15,872.65,874.15,41332
1611290100,874.15,874.9,872.05,872.1,23540
1611290400,872.1,875.3,871.6,875.25,20912
1611290700,875.3,876.05,874.9,875.2,16980
1611291000,875.15,876.5,872.9,872.9,23239
1611291300,872.8,873.8,871.8,873.1,16080
1611291600,873.1,874.85,872.35,873.7,11447
1611291900,873.9,874.55,872.7,873.65,12315
1611292200,873.65,874.7,873.5,874.15,10535
1611292500,874.15,874.35,873.1,873.9,12442
1611292800,873.8,876.45,873.8,875.65,15138
1611293100,875.65,876.7,872.8,872.8,18920
1611293400,872.8,873.95,870.15,870.8,31242
1611293700,870.8,871.45,870.0,870.05,17746
1611294000,870.0,870.05,868.0,868.95,45728
1611294300,869.25,869.65,867.35,867.35,17644
1611294600,867.05,867.85,863.25,866.55,42371
1611294900,866.8,866.8,865.05,866.65,25412
1611295200,866.25,867.75,864.0,867.75,24816
1611295500,867.45,869.7,866.6,868.15,25081
1611295800,868.25,868.25,866.05,866.55,17646
1611296100,866.55,867.85,865.5,867.8,10487
1611296400,867.8,870.6,867.8,870.6,15946
1611296700,870.3,871.75,869.2,871.35,17400
1611297000,871.3,871.4,869.0,870.45,13845
1611297300,870.5,870.85,869.3,870.25,12958
1611297600,870.3,870.3,867.9,869.0,18265
1611297900,868.95,869.0,866.3,867.3,8776
1611298200,867.3,869.1,866.1,869.05,9187
1611298500,869.05,869.55,867.9,867.9,8568
1611298800,868.1,869.5,868.0,868.45,8016
1611299100,868.45,868.45,866.0,866.0,11532
1611299400,866.0,866.5,865.2,865.95,11394
1611299700,865.4,865.95,864.5,864.5,17494
1611300000,864.55,865.05,863.7,864.35,15744
1611300300,864.25,864.7,862.95,863.3,14790
1611300600,863.25,863.5,862.4,862.75,9352
1611300900,862.45,866.0,862.45,865.25,15265
1611301200,865.25,865.25,862.0,862.5,12173
1611301500,862.15,865.8,862.0,865.8,14857
1611301800,865.55,866.4,863.0,863.4,18627
1611302100,863.45,865.1,862.85,864.7,13864
1611302400,864.7,865.0,862.5,864.15,14850
1611302700,863.55,864.0,862.0,862.95,19572
1611303000,862.95,864.2,861.0,862.9,24656
1611303300,863.45,864.6,860.3,860.4,22383
1611303600,860.3,861.95,860.0,860.15,23380
1611303900,860.1,860.2,856.7,858.9,49757
1611304200,859.0,860.85,857.95,859.9,21032
1611304500,860.45,863.1,859.25,861.6,26331
1611304800,861.6,862.2,840.6,842.4,210888
1611305100,841.45,863.65,838.0,859.6,535298
1611305400,859.25,865.3,855.55,859.9,187473
1611305700,859.55,869.45,854.0,864.8,151556
1611306000,865.35,873.8,864.7,870.0,147291
1611306300,869.75,870.25,864.25,867.0,87583
1611306600,867.2,869.0,865.05,866.5,35765
1611306900,866.5,875.9,865.75,867.75,98059
1611307200,867.05,871.05,866.0,867.9,30317
1611307500,867.7,867.9,865.1,866.7,29658
1611307800,866.7,867.0,857.1,864.0,88481
1611308100,864.25,866.65,864.0,865.0,79891
1611308400,865.15,867.6,864.55,867.4,43412
1611308700,867.0,868.0,858.9,862.65,96045
1611309000,862.45,862.7,857.95,860.55,65800
1611309300,860.55,860.85,857.05,857.65,57363
1611546300,865.9,882.75,865.0,878.35,71907
1611546600,878.0,879.0,870.25,872.95,44884
1611546900,873.0,874.6,870.5,872.15,24220
1611547200,871.8,873.55,867.4,868.95,28357
1611547500,869.0,869.6,858.0,859.0,66749
1611547800,859.0,862.1,855.65,857.55,34174
1611548100,856.85,859.45,853.0,859.45,30197
1611548400,859.0,865.35,859.0,859.75,30167
1611548700,859.35,860.0,856.5,859.3,19261
1611549000,859.3,862.75,858.2,862.7,21932
1611549300,863.0,866.9,861.05,861.7,26498
1611549600,861.7,866.45,861.7,865.45,16163
1611549900,865.6,878.0,865.6,875.0,121464
1611550200,875.0,876.2,873.55,875.5,34827
1611550500,875.5,875.5,873.05,873.9,29682
1611550800,873.9,875.9,872.45,874.5,38815
1611551100,874.3,875.9,873.0,873.0,28731
1611551400,871.5,873.3,870.95,871.65,38448
1611551700,871.8,875.9,870.8,874.05,45651
1611552000,874.05,875.5,874.05,875.0,31406
1611552300,874.9,875.4,872.5,873.6,20644
1611552600,874.0,874.85,873.2,874.85,10037
1611552900,874.85,875.9,872.0,875.45,355021
1611553200,875.5,875.8,874.15,875.0,20518
1611553500,874.95,875.3,874.15,875.15,26193
1611553800,875.3,875.8,874.15,874.8,24886
1611554100,874.8,875.55,874.15,874.9,20298
1611554400,874.9,875.4,874.15,875.0,20794
1611554700,874.85,876.0,874.7,875.4,21284
1611555000,875.05,875.7,874.15,874.5,17529
1611555300,874.5,874.9,874.05,874.4,24062
1611555600,874.4,875.45,874.05,875.0,71449
1611555900,875.0,876.0,872.0,872.2,58481
1611556200,872.2,872.65,871.4,872.0,17706
1611556500,872.0,872.3,869.0,870.4,35806
1611556800,870.35,872.0,868.65,871.0,21464
1611557100,871.0,872.0,870.15,871.35,8141
1611557400,871.15,871.4,868.75,869.3,333547
1611557700,869.3,869.9,868.0,868.05,11269
1611558000,868.5,868.5,866.15,866.75,12189
1611558300,866.75,867.55,866.7,867.0,5889
1611558600,867.25,867.9,866.6,867.35,11925
1611558900,867.35,867.35,865.85,866.0,17759
1611559200,866.3,867.4,865.85,866.8,10114
1611559500,866.8,867.7,866.35,866.65,9000
1611559800,866.65,867.05,865.0,866.6,15389
1611560100,867.15,867.15,864.35,864.6,10881
1611560400,865.0,865.25,863.2,863.2,9757
1611560700,863.5,865.0,863.1,865.0,13286
1611561000,865.0,865.55,864.0,864.3,7014
1611561300,864.3,865.35,863.95,865.0,6465
1611561600,865.0,865.15,863.75,864.15,6809
1611561900,864.15,865.15,863.8,864.3,4610
1611562200,864.3,864.95,863.0,863.5,7492
1611562500,863.5,864.2,862.05,862.4,13463
1611562800,862.4,862.45,860.05,860.05,17154
1611563100,860.05,864.5,860.0,863.75,25391
1611563400,864.1,866.0,862.9,862.9,18177
1611563700,862.9,863.05,860.25,861.6,17172
1611564000,861.6,862.0,858.5,861.7,28965
1611564300,862.15,862.9,860.0,861.8,35295
1611564600,861.8,862.75,860.15,860.15,13473
1611564900,860.55,861.7,860.05,860.6,16572
1611565200,860.6,862.5,860.05,860.65,22465
1611565500,860.7,863.95,860.7,862.6,16076
1611565800,862.65,864.0,862.6,863.4,18168
1611566100,863.4,864.0,863.05,863.45,10455
1611566400,863.45,863.95,862.5,863.8,11895
1611566700,863.8,863.9,861.3,861.95,16556
1611567000,861.95,862.75,860.05,860.85,21573
1611567300,861.0,864.9,861.0,864.0,32875
1611567600,864.0,864.9,862.15,862.15,37891
1611567900,862.15,864.3,862.15,864.05,37105
1611568200,864.0,864.0,861.2,862.95,39517
1611568500,862.9,864.85,860.45,860.45,25846
1611719100,865.3,873.05,865.3,868.0,72839
1611719400,868.0,868.25,865.5,866.7,34971
1611719700,866.8,866.8,864.3,865.55,28999
1611720000,865.55,866.0,861.0,862.75,42954
1611720300,862.7,863.2,861.4,861.9,23709
1611720600,861.9,862.35,860.0,860.2,42511
1611720900,860.3,864.0,859.1,863.95,53569
1611721200,863.75,867.55,863.75,866.45,53712
1611721500,866.0,871.7,866.0,870.5,65535
1611721800,870.5,871.5,870.0,871.2,30000
1611722100,871.2,871.5,870.15,871.25,28972
1611722400,871.1,873.4,870.35,872.95,58028
1611722700,872.95,877.0,872.6,874.9,96359
1611723000,875.3,875.3,870.9,871.55,50778
1611723300,871.55,872.05,871.0,871.0,21884
1611723600,871.15,872.0,871.0,871.95,11642
1611723900,871.7,874.7,871.7,874.3,18946
1611724200,874.5,876.0,873.05,874.0,27336
1611724500,874.0,874.75,872.6,873.1,11821
1611724800,873.1,874.2,872.9,873.6,14697
1611725100,873.6,873.75,871.5,872.55,13992
1611725400,872.55,874.0,871.4,873.75,17122
1611725700,873.5,874.0,873.05,873.7,14365
1611726000,873.7,875.8,873.65,875.75,22630
1611726300,875.75,877.0,874.05,874.1,24454
1611726600,874.15,875.85,873.8,875.8,12877
1611726900,875.65,876.55,875.25,876.5,19814
1611727200,876.3,876.6,874.3,874.3,18105
1611727500,874.3,875.3,873.85,873.85,10445
1611727800,873.8,874.0,871.0,872.15,22040
1611728100,872.15,872.8,871.3,871.8,15908
1611728400,871.8,872.6,871.0,872.2,15331
1611728700,872.2,875.15,872.05,874.9,27650
1611729000,874.9,875.35,874.1,875.0,14356
1611729300,875.0,875.2,873.5,875.2,18809
1611729600,875.2,875.2,873.85,874.3,12556
1611729900,874.2,875.0,872.0,874.7,21612
1611730200,874.7,874.9,873.6,874.05,12012
1611730500,874.05,876.35,874.05,875.95,22842
1611730800,875.95,876.0,874.05,874.2,12110
1611731100,874.05,874.6,872.35,874.45,13034
1611731400,874.45,874.55,872.95,873.7,7914
1611731700,873.65,874.05,872.3,873.1,11526
1611732000,873.15,874.4,872.75,873.65,7392
1611732300,873.65,876.55,873.35,875.9,40195
1611732600,876.5,876.8,875.65,876.8,22188
1611732900,876.85,879.9,876.85,879.1,108933
1611733200,879.1,883.35,878.0,882.75,89598
1611733500,882.6,885.0,880.3,883.7,72808
1611733800,883.7,884.0,882.6,882.6,31025
1611734100,882.6,884.3,882.0,883.75,46599
1611734400,883.75,883.85,881.0,881.05,55790
1611734700,881.55,882.75,880.15,881.65,32407
1611735000,881.65,882.5,880.2,881.0,19906
1611735300,880.95,881.9,878.55,881.85,48256
1611735600,881.85,883.4,881.85,883.0,32713
1611735900,883.0,883.0,881.1,882.4,28980
1611736200,881.6,882.7,881.5,882.35,17511
1611736500,882.35,882.5,881.5,882.5,14293
1611736800,882.5,883.0,879.95,880.4,53117
1611737100,880.4,881.0,875.05,880.6,76287
1611737400,880.6,881.0,878.0,878.0,31456
1611737700,878.0,879.4,877.85,878.45,19564
1611738000,878.45,879.0,877.0,877.8,23017
1611738300,877.75,878.0,876.9,877.15,20005
1611738600,877.1,878.0,875.3,875.35,40202
1611738900,875.35,879.5,875.3,879.5,31234
1611739200,879.5,882.9,879.35,882.75,43667
1611739500,882.9,884.95,881.2,882.0,55814
1611739800,881.9,884.95,881.55,882.15,79669
1611740100,882.35,884.6,882.35,883.85,59305
1611740400,883.85,884.0,882.5,882.6,88880
1611740700,882.65,882.65,879.4,880.2,100742
1611741000,880.15,880.9,879.7,880.2,120295
1611741300,880.25,883.15,879.75,883.0,60958
1611805500,883.0,884.35,877.5,878.5,117625
1611805800,878.0,878.15,868.85,875.65,121232
1611806100,875.7,875.7,872.05,873.65,47370
1611806400,873.9,875.7,873.2,874.0,42778
1611806700,874.0,874.7,872.15,872.15,38262
1611807000,872.0,873.3,870.45,872.4,42641
1611807300,872.4,876.8,871.9,876.8,42022
1611807600,876.35,876.6,873.0,873.35,22586
1611807900,873.35,876.3,873.0,875.9,24814
1611808200,875.9,879.9,875.5,879.05,42292
1611808500,879.05,879.85,877.0,877.95,24074
1611808800,877.8,878.95,876.05,876.2,18506
1611809100,876.45,879.0,876.15,878.8,21004
1611809400,878.75,880.65,878.2,879.1,28751
1611809700,879.05,879.45,878.55,878.65,21198
1611810000,878.6,883.4,878.55,883.3,37927
1611810300,882.85,882.85,877.2,877.5,38946
1611810600,877.55,877.9,873.5,874.0,49948
1611810900,874.15,874.75,873.3,874.25,23100
1611811200,874.25,877.5,873.5,876.65,22943
1611811500,876.25,876.25,874.75,875.0,17980
1611811800,874.8,875.4,874.25,875.0,30249
1611812100,874.85,876.4,874.6,876.4,12576
1611812400,876.2,876.6,874.15,875.4,19557
1611812700,875.5,876.9,875.0,876.4,30224
1611813000,876.0,876.5,875.25,876.1,22643
1611813300,876.0,876.95,875.6,876.2,11874
1611813600,876.2,876.75,875.6,875.65,12489
1611813900,875.6,875.65,873.8,874.45,20448
1611814200,874.25,874.9,873.35,874.85,9983
1611814500,874.45,879.6,874.3,876.85,52122
1611814800,876.5,877.75,875.9,876.05,8972
1611815100,876.0,876.45,875.75,875.95,5174
1611815400,876.0,877.45,875.45,876.55,7018
1611815700,876.5,877.6,875.0,876.15,8784
1611816000,876.15,876.9,875.0,875.0,7932
1611816300,875.1,877.35,875.0,876.2,9758
1611816600,875.8,877.15,875.2,875.8,10286
1611816900,875.4,875.95,874.5,874.5,15646
1611817200,874.5,875.0,874.25,874.7,8805
1611817500,874.6,875.0,874.0,874.5,8124
1611817800,874.45,874.65,872.1,872.2,24458
1611818100,872.1,874.95,871.75,874.5,19966
1611818400,874.1,874.8,872.5,873.05,7988
1611818700,872.95,873.05,871.0,871.45,12111
1611819000,871.6,872.2,870.6,871.0,9858
1611819300,871.05,871.85,870.2,870.5,13973
1611819600,870.6,870.95,869.4,870.15,35787
1611819900,870.15,872.3,870.0,870.35,14878
1611820200,870.3,872.3,870.1,871.45,7590
1611820500,871.65,873.3,870.5,872.65,10239
1611820800,872.65,874.6,870.5,871.45,19105
1611821100,871.45,872.95,870.4,870.5,12993
1611821400,870.7,871.45,869.5,871.05,20828
1611821700,871.05,871.35,869.65,870.55,16028
1611822000,870.4,872.25,870.3,872.25,21020
1611822300,871.8,873.45,871.8,873.3,11483
1611822600,873.05,873.4,872.9,873.0,9619
1611822900,873.0,875.0,871.25,871.8,17637
1611823200,871.8,872.5,871.4,872.0,7301
1611823500,871.8,873.0,871.6,872.35,13498
1611823800,872.75,873.0,872.05,872.6,8347
1611824100,872.55,872.9,870.6,871.1,13661
1611824400,870.6,873.1,869.8,871.6,28631
1611824700,871.05,872.6,870.3,871.2,13880
1611825000,871.65,872.3,870.7,871.05,11162
1611825300,870.55,871.4,870.35,871.2,11963
1611825600,871.0,871.45,870.0,871.0,11860
1611825900,870.9,872.75,870.0,872.75,32789
1611826200,872.5,873.8,869.45,871.25,67029
1611826500,871.15,872.35,870.1,871.95,31976
1611826800,871.85,874.1,871.05,873.45,32392
1611827100,873.45,876.35,872.65,876.05,48208
1611827400,876.05,876.25,872.6,872.85,32331
1611827700,872.85,875.0,872.2,875.0,38592
1611891900,876.55,882.6,875.05,881.05,53168
1611892200,881.05,883.05,877.05,879.95,41286
1611892500,880.0,881.75,877.4,881.2,32418
1611892800,881.3,883.0,879.5,879.9,25051
1611893100,879.55,880.95,877.55,879.0,60907
1611893400,879.0,880.85,878.2,879.8,23766
1611893700,879.8,880.3,877.5,877.8,12652
1611894000,877.8,880.95,877.8,879.8,16821
1611894300,879.8,879.8,876.5,878.8,17380
1611894600,878.8,878.8,876.6,876.75,12861
1611894900,876.65,879.65,876.5,879.0,12355
1611895200,879.0,879.2,876.5,877.45,14751
1611895500,877.65,879.0,876.5,877.8,10116
1611895800,877.25,879.0,876.65,876.7,11481
1611896100,876.7,877.7,876.0,876.15,16246
1611896400,876.15,881.1,874.5,879.05,62367
1611896700,878.8,881.95,877.6,880.6,37011
1611897000,880.6,881.2,879.85,880.75,17731
1611897300,880.75,882.0,879.6,881.1,33701
1611897600,881.1,883.0,881.0,882.95,19864
1611897900,882.95,882.95,879.8,881.0,14950
1611898200,881.0,881.5,880.1,880.95,8270
1611898500,880.95,880.95,879.8,880.1,10710
1611898800,880.1,880.7,878.1,878.6,25382
1611899100,878.6,879.0,878.05,878.9,9806
1611899400,878.9,880.05,878.5,879.6,10144
1611899700,879.6,880.9,879.15,880.45,8322
1611900000,879.95,880.45,877.5,877.6,11216
1611900300,877.6,878.95,877.5,878.2,8986
1611900600,877.85,878.1,877.0,877.8,13290
1611900900,877.8,878.6,877.0,877.75,14353
1611901200,877.4,878.0,877.0,877.25,8103
1611901500,877.15,877.7,877.0,877.0,7927
1611901800,877.0,877.4,876.5,876.6,9580
1611902100,876.5,878.0,875.25,877.9,22743
1611902400,877.6,878.15,876.05,876.7,14483
1611902700,876.7,879.55,876.5,879.4,16913
1611903000,878.55,881.0,876.65,877.35,66972
1611903300,877.35,877.9,876.0,876.5,7000
1611903600,876.5,877.75,876.5,876.5,8911
1611903900,876.75,877.0,876.0,876.1,9265
1611904200,876.0,876.15,873.3,873.65,26717
1611904500,873.65,873.8,870.0,871.55,33567
1611904800,871.55,872.0,870.0,870.8,20158
1611905100,870.85,872.8,870.65,871.55,26205
1611905400,871.5,873.1,870.95,871.05,68466
1611905700,871.25,872.8,871.0,872.2,14256
1611906000,872.2,873.2,871.05,871.3,11765
1611906300,871.45,873.1,871.0,871.9,13808
1611906600,871.85,874.4,871.65,872.75,21463
1611906900,872.75,873.85,872.6,873.35,11705
1611907200,873.35,875.05,873.25,874.65,16381
1611907500,874.65,875.3,873.05,873.8,17382
1611907800,873.7,873.85,871.5,871.65,24054
1611908100,871.7,874.5,871.2,874.0,20958
1611908400,874.1,875.25,871.9,874.15,22642
1611908700,874.05,875.5,872.6,875.1,26624
1611909000,875.2,875.5,873.5,873.8,13252
1611909300,873.85,875.25,873.0,874.85,15830
1611909600,874.9,875.25,873.9,874.35,16230
1611909900,874.2,874.9,872.0,873.3,25230
1611910200,873.3,874.65,872.45,873.9,22697
1611910500,874.1,875.6,873.05,875.6,22663
1611910800,875.65,876.25,873.5,873.5,31907
1611911100,873.55,875.4,873.0,873.55,28750
1611911400,873.6,874.85,872.0,872.0,31841
1611911700,872.0,872.05,870.05,871.2,74677
1611912000,871.25,872.3,870.0,870.1,24335
1611912300,870.05,871.75,868.8,870.75,42398
1611912600,870.75,871.75,870.0,870.65,97686
1611912900,870.5,871.5,869.95,870.05,131619
1611913200,870.0,870.0,863.6,863.65,103137
1611913500,863.8,863.85,858.55,860.0,149369
1611913800,859.85,863.15,858.05,860.0,174461
1611914100,860.0,866.4,859.9,865.0,63233
1612150500,875.0,875.0,875.0,875.0,3075
1612151100,875.45,875.45,865.0,868.0,45265
1612151400,867.2,867.6,861.25,862.1,25903
1612151700,862.1,862.4,856.5,857.0,32429
1612152000,857.15,857.55,853.0,856.0,34646
1612152300,855.45,858.15,852.05,852.3,30152
1612152600,852.1,853.95,852.1,853.7,13921
1612152900,853.5,855.0,852.3,855.0,11717
1612153200,855.05,860.3,855.05,858.05,23716
1612153500,858.1,858.65,855.65,856.25,11565
1612153800,856.15,858.0,855.45,857.85,11009
1612154100,857.0,859.2,856.5,858.95,14941
1612154400,859.0,860.0,857.4,858.6,10854
1612154700,858.6,861.55,858.1,859.4,13870
1612155000,859.3,860.55,858.05,859.9,17976
1612155300,859.9,860.55,858.4,858.4,14074
1612155600,858.35,861.9,858.35,860.0,29239
1612155900,860.15,861.4,859.7,861.15,14819
1612156200,861.0,861.95,859.7,860.2,18604
1612156500,860.0,861.45,859.6,860.3,14734
1612156800,860.0,861.15,859.6,860.4,12339
1612157100,860.7,864.65,860.3,864.45,23458
1612157400,864.25,865.85,864.05,864.15,23363
1612157700,864.1,864.1,859.8,860.85,31798
1612158000,860.75,862.2,860.25,862.15,23209
1612158300,862.0,862.4,861.2,861.5,9760
1612158600,861.55,864.7,861.5,864.35,13041
1612158900,864.15,866.45,864.15,865.55,16905
1612159200,865.5,865.7,861.2,861.6,13870
1612159500,862.0,863.15,860.35,861.9,8764
1612159800,861.4,862.4,861.15,862.1,7676
1612160100,861.65,897.0,861.6,891.6,490149
1612160400,892.25,893.8,881.7,883.3,135152
1612160700,883.3,884.0,873.5,876.8,109699
1612161000,876.8,885.0,876.8,883.4,65667
1612161300,883.1,889.9,883.05,889.0,136086
1612161600,889.0,890.85,883.7,884.45,111856
1612161900,883.7,887.75,876.45,876.45,78789
1612162200,876.9,881.05,876.45,878.8,30226
1612162500,878.8,882.0,878.4,881.2,16483
1612162800,881.0,881.9,878.25,878.9,12797
1612163100,878.9,881.0,877.0,877.0,15787
1612163400,877.0,878.0,876.1,876.3,9603
1612163700,876.15,877.9,875.05,877.5,13693
1612164000,877.4,888.85,877.4,884.75,46579
1612164300,884.4,890.95,884.25,890.15,65867
1612164600,890.5,895.05,889.65,894.0,60036
1612164900,894.0,895.4,893.0,893.45,92846
1612165200,893.0,894.0,892.0,893.1,100876
1612165500,893.0,896.0,891.25,891.55,79585
1612165800,891.0,891.95,886.45,888.5,17859
1612166100,888.1,889.0,886.0,888.2,15620
1612166400,888.05,889.45,884.2,884.2,19385
1612166700,884.25,885.2,882.9,883.45,12000
1612167000,883.2,886.4,882.8,883.45,17375
1612167300,883.4,884.1,872.45,878.0,77069
1612167600,877.8,882.05,877.6,881.15,22890
1612167900,880.45,884.55,879.45,884.4,22003
1612168200,884.3,884.4,879.7,880.55,15120
1612168500,879.85,880.2,876.05,878.25,13836
1612168800,879.15,879.6,875.2,876.15,19480
1612169100,877.05,879.0,875.5,878.0,18366
1612169400,877.5,878.5,876.15,878.3,10416
1612169700,878.25,878.4,876.4,876.7,9850
1612170000,876.7,878.2,876.4,876.6,17348
1612170300,876.6,877.0,875.0,875.1,34085
1612170600,875.0,875.1,873.25,874.3,28075
1612170900,874.05,874.7,871.5,874.25,30888
1612171200,874.05,876.4,872.25,872.25,71714
1612171500,872.2,874.8,872.0,872.5,26296
1612171800,872.75,874.35,872.05,873.35,32954
1612172100,873.3,875.6,873.0,874.4,42595
1612172400,874.7,875.6,872.0,872.8,94162
1612172700,872.65,876.4,872.65,876.0,51091
1612173000,876.0,877.35,874.5,877.0,42846
1612173300,877.2,879.0,875.15,877.0,63788
1612237500,888.0,889.4,878.05,889.3,100647
1612237800,889.55,890.0,879.8,882.4,65683
1612238100,882.6,888.2,882.2,887.7,23182
1612238400,887.7,888.55,884.2,885.0,18270
1612238700,885.0,886.25,879.8,879.95,133919
1612239000,879.95,881.2,879.4,880.0,66829
1612239300,880.0,880.8,879.4,880.2,24513
1612239600,880.15,881.05,879.5,880.25,16762
1612239900,880.4,881.8,880.05,881.15,23229
1612240200,881.1,883.8,878.75,880.0,56084
1612240500,880.0,880.4,877.8,877.95,23190
1612240800,877.95,878.65,876.05,877.85,48404
1612241100,877.7,879.4,873.0,873.45,84808
1612241400,873.4,876.4,873.0,875.3,16938
1612241700,875.3,875.9,874.45,875.0,36717
1612242000,875.0,875.35,870.1,871.7,135729
1612242300,871.7,874.7,870.2,871.25,23523
1612242600,871.2,872.0,868.9,870.3,29332
1612242900,870.1,871.5,869.0,870.0,17784
1612243200,869.95,870.2,867.8,870.0,24805
1612243500,869.75,870.7,868.35,870.05,18640
1612243800,870.05,871.45,868.5,868.95,22508
1612244100,869.0,869.0,868.0,868.3,11658
1612244400,868.25,868.4,867.25,867.45,21970
1612244700,867.8,869.0,867.2,868.05,19274
1612245000,868.05,868.4,866.5,867.05,15979
1612245300,867.05,868.0,867.0,867.0,9507
1612245600,867.25,867.25,862.2,863.7,49045
1612245900,863.5,863.5,859.0,860.0,57164
1612246200,860.0,863.75,858.4,861.95,40841
1612246500,861.95,863.0,861.3,862.75,13667
1612246800,862.75,863.3,861.15,861.8,15289
1612247100,861.8,865.7,861.5,865.7,227701
1612247400,865.7,865.7,863.0,864.55,10338
1612247700,864.55,864.55,863.3,863.8,9452
1612248000,864.05,865.95,863.5,865.75,16380
1612248300,865.75,865.95,865.0,865.05,36441
1612248600,865.0,865.45,863.15,863.65,21145
1612248900,863.7,863.8,862.0,862.3,6144
1612249200,862.3,862.45,862.0,862.4,12984
1612249500,862.4,863.45,862.0,863.45,6528
1612249800,863.45,865.3,863.0,865.0,26795
1612250100,865.0,866.0,864.2,865.35,35727
1612250400,865.35,870.55,865.0,870.0,39597
1612250700,870.05,871.0,868.0,868.4,21591
1612251000,868.4,868.7,866.65,867.85,7632
1612251300,867.85,868.0,867.45,867.75,8920
1612251600,867.95,868.1,866.0,866.55,17464
1612251900,866.55,868.1,865.65,867.95,41779
1612252200,867.95,868.1,865.55,866.0,6610
1612252500,866.0,867.4,865.6,866.95,8324
1612252800,866.95,867.7,865.6,866.15,8374
1612253100,866.15,866.2,865.2,865.6,9283
1612253400,865.6,868.2,865.35,867.85,34951
1612253700,867.85,869.1,867.2,867.85,13626
1612254000,868.2,868.75,866.65,866.65,10785
1612254300,866.65,867.3,864.5,865.15,198184
1612254600,865.6,866.6,864.25,864.4,34178
1612254900,864.4,865.45,863.5,865.2,15153
1612255200,865.2,866.0,865.0,865.3,9835
1612255500,865.3,867.15,865.0,865.55,19087
1612255800,865.55,867.0,865.0,867.0,61634
1612256100,866.3,868.0,865.6,865.7,21578
1612256400,865.7,867.95,865.0,866.85,57543
1612256700,866.85,868.0,865.8,867.9,18358
1612257000,867.8,867.9,866.7,867.4,10499
1612257300,867.4,867.4,865.15,865.8,14414
1612257600,865.5,865.85,857.95,865.2,147923
1612257900,865.6,865.85,863.5,865.25,30632
1612258200,865.25,866.65,864.55,865.0,26595
1612258500,865.0,865.95,863.2,865.2,29686
1612258800,865.2,865.4,865.0,865.1,58958
1612259100,865.45,866.75,865.1,866.4,32978
1612259400,866.5,866.9,865.0,866.6,36759
1612259700,866.5,867.7,865.0,866.4,48549
1612323900,870.0,870.55,863.1,863.65,38369
1612324200,863.25,864.1,861.05,861.85,22050
1612324500,862.0,863.9,862.0,863.15,18976
1612324800,863.2,863.5,860.05,861.6,21703
1612325100,861.35,861.75,858.35,860.5,38288
1612325400,860.75,866.0,860.75,865.25,33950
1612325700,865.25,867.85,865.2,867.45,32576
1612326000,867.45,870.85,867.25,870.8,20853
1612326300,871.0,875.65,870.0,875.2,147551
1612326600,875.2,875.95,873.45,874.25,51561
1612326900,874.25,874.9,873.45,873.7,24772
1612327200,873.7,874.95,873.0,874.1,24263
1612327500,874.1,874.9,873.0,874.9,15336
1612327800,874.9,874.9,873.0,873.4,9293
1612328100,873.1,874.25,872.15,873.75,13365
1612328400,873.75,873.75,873.0,873.25,9987
1612328700,873.25,875.35,872.75,875.0,41452
1612329000,875.0,875.4,874.5,874.6,14876
1612329300,874.6,875.8,874.35,875.8,19226
1612329600,875.8,875.8,874.15,874.5,9444
1612329900,874.5,874.9,873.0,873.05,12377
1612330200,873.0,875.55,873.0,875.55,19695
1612330500,875.55,876.75,875.0,876.45,33840
1612330800,876.45,876.45,873.35,873.85,14075
1612331100,873.85,875.0,873.5,873.9,12920
1612331400,873.9,874.5,873.5,874.45,8152
1612331700,874.45,874.5,873.45,874.0,6906
1612332000,874.0,876.0,873.8,875.25,9933
1612332300,875.35,876.25,874.5,875.1,13002
1612332600,875.1,875.75,873.8,875.45,15648
1612332900,875.45,875.8,875.0,875.05,24478
1612333200,875.05,875.05,875.0,875.05,11741
1612333500,875.05,875.05,875.0,875.05,8506
1612333800,875.0,875.05,875.0,875.05,9645
1612334100,875.0,875.65,875.0,875.0,21829
1612334400,875.0,875.55,875.0,875.0,8539
1612334700,875.0,876.0,875.0,875.45,6763
1612335000,875.45,875.45,875.0,875.05,7559
1612335300,875.0,875.55,874.8,875.4,14960
1612335600,875.4,878.45,875.05,877.7,21787
1612335900,877.35,877.7,876.0,876.45,19498
1612336200,876.45,879.15,876.45,878.0,68224
1612336500,878.0,879.95,878.0,879.1,55312
1612336800,879.4,879.4,876.05,876.05,12552
1612337100,876.1,876.9,874.55,875.55,18370
1612337400,875.4,875.55,868.0,871.0,69264
1612337700,871.05,874.15,870.05,873.45,33082
1612338000,873.4,874.0,872.05,872.7,11344
1612338300,872.15,873.0,872.05,872.8,9727
1612338600,872.85,873.0,872.0,872.35,7454
1612338900,872.35,872.95,871.5,872.95,8374
1612339200,872.85,873.0,872.0,872.2,12343
1612339500,872.2,873.85,872.0,873.3,13453
1612339800,873.3,873.8,872.25,872.95,12736
1612340100,872.95,875.7,872.7,875.0,26222
1612340400,875.0,875.45,875.0,875.05,13833
1612340700,875.0,875.2,874.75,874.8,13102
1612341000,874.75,875.5,874.5,874.85,9474
1612341300,874.85,875.45,874.5,875.2,8627
1612341600,875.0,875.35,872.05,872.3,20487
1612341900,872.3,872.3,870.0,870.55,22633
1612342200,870.5,872.45,870.5,870.8,10533
1612342500,870.8,871.9,868.75,870.8,15292
1612342800,870.65,870.85,868.3,868.55,17146
1612343100,868.85,869.7,866.35,867.15,18604
1612343400,867.15,868.0,866.6,867.25,9095
1612343700,867.25,867.5,866.0,866.5,18028
1612344000,866.5,867.6,865.0,866.25,34901
1612344300,866.2,866.2,864.05,865.0,29932
1612344600,865.0,866.5,864.65,866.3,56412
1612344900,866.3,869.6,865.2,866.4,73915
1612345200,866.1,867.35,865.2,866.45,66879
1612345500,866.45,866.45,865.25,865.95,68107
1612345800,865.9,866.9,865.15,866.2,71655
1612346100,866.15,867.5,866.15,867.3,34303
1612410300,866.15,867.6,861.0,867.35,62150
1612410600,867.5,870.7,865.6,868.8,63220
1612410900,868.3,868.65,863.1,863.5,39597
1612411200,863.5,863.55,861.2,862.6,35604
1612411500,862.35,862.5,860.0,861.3,50384
1612411800,861.3,863.1,860.7,862.75,42666
1612412100,862.75,864.85,862.25,862.65,19516
1612412400,862.6,864.0,862.5,863.15,13308
1612412700,863.0,863.15,862.55,862.55,21706
1612413000,862.55,863.3,861.5,862.6,18363
1612413300,862.6,863.2,861.85,862.95,12648
1612413600,862.45,863.4,862.0,863.15,15310
1612413900,863.15,863.5,862.5,863.05,14560
1612414200,863.05,863.5,862.45,863.4,14726
1612414500,863.5,863.9,862.2,862.3,13864
1612414800,862.3,862.95,862.0,862.4,11182
1612415100,862.4,863.35,862.0,862.45,11843
1612415400,862.1,863.5,862.05,863.0,10211
1612415700,863.0,863.5,862.35,863.0,11710
1612416000,863.0,863.05,862.65,863.0,11305
1612416300,863.0,864.0,862.9,863.1,15376
1612416600,863.1,865.2,863.0,864.15,18368
1612416900,864.15,865.7,864.1,864.65,14385
1612417200,864.65,865.8,864.0,865.0,12195
1612417500,865.05,865.25,865.0,865.05,7856
1612417800,865.0,865.15,864.1,864.1,14395
1612418100,864.1,864.7,864.0,864.4,13512
1612418400,864.4,865.25,864.2,864.35,7017
1612418700,864.5,865.5,864.4,865.05,8183
1612419000,865.0,866.95,864.55,866.95,13748
1612419300,866.65,867.4,865.4,866.0,17654
1612419600,866.0,866.0,865.0,865.1,9234
1612419900,865.1,865.1,864.65,864.65,24443
1612420200,864.65,864.75,864.05,864.05,32392
1612420500,864.1,864.75,863.7,864.45,60013
1612420800,864.45,865.3,864.25,865.0,168260
1612421100,865.0,865.55,864.45,864.55,17961
1612421400,864.45,865.0,863.8,864.5,27220
1612421700,864.3,864.9,864.1,864.1,9425
1612422000,864.2,864.5,864.0,864.5,15267
1612422300,864.35,865.5,864.35,864.45,7907
1612422600,864.4,864.55,864.3,864.35,11109
1612422900,864.35,864.35,864.2,864.25,7793
1612423200,864.2,865.45,864.2,864.95,22654
1612423500,864.85,864.9,864.3,864.35,21775
1612423800,864.35,864.35,862.85,863.0,35211
1612424100,863.0,863.0,861.3,861.35,30409
1612424400,861.5,862.35,860.1,862.0,60950
1612424700,861.95,862.45,861.3,861.65,8341
1612425000,861.45,862.0,859.0,859.05,202248
1612425300,859.05,861.25,859.0,861.2,25275
1612425600,861.0,862.15,860.0,862.0,188268
1612425900,862.1,862.45,861.85,862.05,9876
1612426200,862.0,862.95,861.95,862.05,12572
1612426500,862.0,862.05,862.0,862.05,7819
1612426800,862.0,862.75,862.0,862.0,8084
1612427100,862.0,862.6,862.0,862.2,4404
1612427400,862.15,863.4,862.0,863.4,14409
1612427700,862.9,864.0,862.8,863.0,12586
1612428000,862.8,863.7,862.1,863.6,11111
1612428300,863.4,863.5,862.0,862.05,7525
1612428600,862.0,862.7,861.5,862.3,16814
1612428900,862.3,862.75,862.05,862.1,9811
1612429200,862.05,862.7,862.0,862.05,21881
1612429500,862.05,862.8,861.95,862.15,28050
1612429800,862.3,864.9,862.0,864.7,21582
1612430100,864.3,864.95,863.3,863.45,15473
1612430400,863.45,863.95,862.6,862.6,11085
1612430700,862.5,863.25,862.0,862.7,15080
1612431000,863.2,863.6,862.25,863.2,27219
1612431300,863.15,864.2,862.3,863.7,36543
1612431600,863.7,864.4,863.7,864.1,37508
1612431900,864.05,865.0,863.55,864.65,46002
1612432200,864.65,864.95,864.0,864.1,46344
1612432500,864.3,865.0,864.0,864.5,47453
1612496700,866.75,870.0,863.05,864.55,75294
1612497000,864.0,865.0,861.1,864.4,35542
1612497300,864.3,865.65,862.0,863.3,25774
1612497600,863.35,864.9,861.5,861.85,29753
1612497900,861.85,862.0,859.2,861.7,40672
1612498200,861.7,862.2,860.0,860.15,16942
1612498500,860.15,861.25,858.2,859.2,25035
1612498800,858.7,859.85,858.0,858.8,26914
1612499100,858.8,860.0,858.3,859.45,8888
1612499400,859.45,863.95,859.0,862.9,26295
1612499700,863.2,863.75,861.6,862.7,24492
1612500000,862.65,862.65,860.0,860.05,22941
1612500300,860.35,860.8,858.15,858.3,22522
1612500600,858.65,859.5,858.2,859.2,30706
1612500900,859.2,859.9,858.2,859.25,15086
1612501200,859.15,859.8,858.55,859.0,17175
1612501500,859.0,859.4,858.5,858.55,18153
1612501800,859.1,859.4,858.5,858.95,16909
1612502100,858.95,859.8,858.5,858.7,25478
1612502400,858.95,859.3,854.35,854.8,54587
1612502700,854.5,855.0,853.65,855.0,84494
1612503000,855.0,857.3,854.2,854.25,49228
1612503300,854.25,855.0,854.0,854.9,25148
1612503600,854.9,855.2,854.05,854.75,13322
1612503900,854.5,855.0,854.2,855.0,24767
1612504200,855.0,855.5,854.55,854.95,29229
1612504500,854.95,856.8,854.55,856.75,78460
1612504800,856.75,860.75,856.5,859.95,39514
1612505100,859.9,859.9,858.2,859.4,9622
1612505400,859.15,860.0,859.0,859.8,13078
1612505700,859.8,860.45,859.2,859.95,13042
1612506000,859.95,860.15,859.25,859.85,8108
1612506300,859.85,862.05,859.35,861.9,16959
1612506600,861.9,862.7,861.6,862.35,15643
1612506900,862.25,862.85,860.9,862.15,24311
1612507200,862.15,863.9,861.75,863.7,14458
1612507500,863.7,863.7,861.95,863.0,9448
1612507800,863.0,864.25,862.8,864.1,9247
1612508100,863.95,863.95,862.3,862.85,12996
1612508400,862.85,863.25,862.1,862.5,8408
1612508700,862.5,863.25,862.0,863.2,5701
1612509000,863.1,863.25,862.5,863.0,6956
1612509300,863.1,864.7,863.1,864.4,20044
1612509600,864.05,864.7,862.35,862.95,11186
1612509900,862.95,863.65,860.0,863.0,31708
1612510200,863.0,864.35,862.05,863.95,15259
1612510500,863.95,865.9,863.4,864.7,22797
1612510800,864.7,865.35,862.95,864.85,13337
1612511100,864.85,865.15,864.0,865.0,10598
1612511400,864.95,865.3,864.05,864.65,6839
1612511700,864.65,865.5,864.05,865.5,11526
1612512000,865.5,865.5,863.5,863.7,14534
1612512300,863.4,865.5,862.4,864.8,14482
1612512600,865.0,865.0,863.4,863.9,8776
1612512900,863.9,864.0,861.35,864.0,15990
1612513200,864.0,865.0,863.7,864.6,7910
1612513500,864.6,865.7,864.0,864.8,9924
1612513800,865.0,865.35,863.95,864.0,4445
1612514100,864.0,865.0,863.55,864.95,7750
1612514400,865.0,865.5,864.5,864.65,7943
1612514700,864.95,865.0,862.65,864.25,7417
1612515000,864.1,864.7,863.0,863.7,7966
1612515300,863.7,864.45,862.0,862.5,7986
1612515600,862.5,864.35,862.5,863.75,7165
1612515900,863.75,864.4,863.0,863.0,10234
1612516200,863.0,864.45,860.1,864.0,72922
1612516500,863.8,864.2,862.2,863.8,10943
1612516800,864.0,865.45,864.0,865.0,18803
1612517100,864.8,865.35,862.25,863.5,14272
1612517400,863.5,865.45,863.1,865.35,33950
1612517700,865.35,865.7,864.25,865.1,32212
1612518000,865.05,865.1,863.2,864.05,67144
1612518300,864.0,864.6,863.55,864.5,68991
1612518600,864.65,864.9,864.0,864.05,65200
1612518900,864.0,865.1,864.0,864.7,32310
1612755900,865.0,871.0,864.45,868.9,60667
1612756200,868.9,869.4,866.25,867.95,21693
1612756500,867.95,870.0,866.6,870.0,16519
1612756800,870.0,871.7,869.0,869.4,22504
1612757100,869.75,870.4,868.5,869.4,11890
1612757400,869.4,869.45,867.0,867.25,44814
1612757700,867.5,868.5,865.3,868.0,167147
1612758000,868.2,869.9,867.4,869.35,16133
1612758300,869.5,869.8,867.75,868.0,8094
1612758600,867.75,869.4,867.15,868.0,13789
1612758900,868.0,870.15,868.0,870.0,84712
1612759200,870.25,870.95,868.55,868.6,11363
1612759500,868.95,869.0,868.05,868.3,9535
1612759800,868.3,868.75,867.45,868.05,13239
1612760100,868.05,869.0,867.4,868.15,24396
1612760400,868.15,868.7,865.6,866.6,52250
1612760700,866.25,866.65,864.0,864.65,20903
1612761000,864.05,865.9,863.5,864.3,39141
1612761300,864.0,865.45,863.5,864.7,18947
1612761600,864.7,865.25,864.0,864.25,24394
1612761900,864.65,864.8,862.55,863.2,32849
1612762200,863.2,863.9,863.0,863.85,9522
1612762500,863.9,864.5,863.1,863.25,21638
1612762800,863.7,863.95,863.0,863.95,15977
1612763100,863.95,864.8,862.7,863.0,45789
1612763400,863.45,863.75,863.0,863.05,16704
1612763700,863.35,863.85,863.0,863.1,10576
1612764000,863.1,863.75,863.0,863.05,7433
1612764300,863.5,863.5,862.75,863.1,11126
1612764600,863.1,863.7,862.55,862.55,13883
1612764900,862.55,862.95,861.1,861.6,39623
1612765200,861.95,862.45,860.0,860.6,53046
1612765500,860.85,861.0,860.5,860.75,31163
1612765800,860.75,862.5,860.4,860.7,35716
1612766100,860.7,861.0,859.25,859.7,32096
1612766400,859.7,861.0,859.25,859.8,18162
1612766700,859.45,860.25,859.1,859.8,14168
1612767000,859.4,860.2,859.3,859.7,9315
1612767300,859.95,860.0,857.65,858.95,124691
1612767600,858.85,859.3,858.25,859.0,35448
1612767900,859.0,859.5,858.7,858.95,20103
1612768200,859.0,860.55,858.95,860.55,34313
1612768500,860.6,860.95,859.95,860.4,33134
1612768800,860.4,860.4,859.6,860.1,8933
1612769100,860.05,860.4,859.6,860.0,7578
1612769400,860.2,860.2,859.55,860.2,11770
1612769700,859.6,860.2,859.6,860.1,31119
1612770000,860.1,860.35,859.7,860.05,7771
1612770300,860.05,860.85,859.7,860.05,8412
1612770600,860.05,860.85,860.0,860.2,4598
1612770900,860.2,860.85,860.0,860.3,8275
1612771200,860.3,860.3,859.7,860.25,11358
1612771500,860.2,860.7,859.85,860.3,5364
1612771800,860.3,860.7,859.5,859.5,32685
1612772100,859.7,860.45,859.5,860.0,39397
1612772400,860.0,860.65,859.7,860.1,5306
1612772700,860.1,860.85,860.0,860.5,6039
1612773000,860.5,860.8,860.05,860.45,6741
1612773300,860.05,860.45,860.0,860.05,6574
1612773600,860.15,860.45,859.8,860.0,7991
1612773900,860.3,860.3,859.55,860.05,6672
1612774200,860.05,860.5,859.6,860.0,10471
1612774500,860.05,860.45,859.55,860.0,9232
1612774800,860.0,860.3,859.9,860.25,5646
1612775100,860.3,860.3,859.85,860.2,10340
1612775400,860.05,860.4,859.6,860.1,11707
1612775700,860.1,860.2,859.6,860.05,7501
1612776000,860.2,861.9,859.9,861.5,21152
1612776300,861.3,861.55,860.25,861.0,12088
1612776600,860.95,860.95,860.2,860.2,24726
1612776900,860.2,860.4,859.0,860.0,41241
1612777200,860.0,860.2,859.4,860.0,37268
1612777500,860.0,860.2,858.6,858.75,43292
1612777800,858.7,859.2,857.0,858.2,66941
1612778100,858.2,859.65,858.0,859.0,29514
1612842300,869.0,869.0,863.0,868.7,90585
1612842600,868.25,869.0,864.45,865.25,54060
1612842900,865.15,872.55,865.05,872.55,88779
1612843200,872.55,874.5,872.15,873.95,98057
1612843500,873.9,874.9,872.55,874.5,74302
1612843800,874.55,877.45,872.25,872.45,135398
1612844100,872.45,875.9,872.3,874.0,51876
1612844400,874.45,875.0,873.9,874.0,36945
1612844700,873.75,874.95,873.35,874.25,20183
1612845000,874.5,876.75,874.15,876.45,67056
1612845300,876.5,880.0,876.2,879.35,96202
1612845600,879.3,879.7,876.4,876.4,57659
1612845900,876.3,877.6,875.0,875.75,34217
1612846200,876.0,876.5,875.05,876.0,33985
1612846500,876.25,878.4,875.75,877.3,47470
1612846800,877.3,878.3,876.55,877.25,26605
1612847100,876.7,879.95,876.7,879.75,32918
1612847400,880.0,880.6,879.15,879.4,64808
1612847700,879.4,879.8,879.0,879.25,18373
1612848000,878.9,881.35,878.9,881.35,44883
1612848300,881.4,883.45,881.0,883.1,82156
1612848600,883.0,883.45,881.5,882.05,44183
1612848900,882.25,883.2,881.8,883.15,28649
1612849200,883.3,885.0,882.05,885.0,88197
1612849500,885.0,886.8,884.7,886.65,68268
1612849800,886.65,887.35,885.15,885.15,74135
1612850100,885.75,886.85,885.7,886.85,52961
1612850400,886.85,887.0,886.05,886.2,42275
1612850700,886.2,888.6,886.1,887.95,61262
1612851000,888.0,888.35,887.05,887.05,23355
1612851300,887.05,887.8,886.0,886.6,42308
1612851600,886.6,886.7,881.65,882.35,61121
1612851900,882.4,884.75,879.1,884.3,83141
1612852200,884.3,885.1,883.0,883.6,27074
1612852500,883.9,886.9,883.6,885.2,60350
1612852800,885.15,885.9,884.1,885.5,35328
1612853100,885.5,888.5,885.1,888.5,51177
1612853400,888.5,891.6,887.7,891.0,129734
1612853700,890.75,894.95,890.7,891.35,144126
1612854000,890.55,894.6,890.55,894.45,74214
1612854300,894.45,894.75,891.75,892.0,70040
1612854600,891.6,892.0,890.7,890.8,65226
1612854900,890.85,891.85,889.1,889.25,46456
1612855200,889.15,890.8,889.0,890.0,37122
1612855500,889.9,891.2,889.25,891.1,41059
1612855800,890.75,894.0,890.75,893.95,60750
1612856100,893.9,894.9,893.5,894.5,84159
1612856400,894.8,895.0,891.0,891.1,88022
1612856700,891.6,894.0,891.2,892.0,44302
1612857000,892.0,893.0,891.8,892.5,13918
1612857300,892.2,893.0,890.0,891.85,43290
1612857600,892.0,892.0,890.0,891.0,23504
1612857900,891.0,892.0,890.8,892.0,29247
1612858200,892.0,892.6,891.45,891.85,29222
1612858500,891.9,894.5,891.55,893.15,26966
1612858800,893.5,894.0,892.7,893.45,28792
1612859100,893.5,893.5,892.0,892.65,26240
1612859400,892.65,892.95,891.3,892.85,20655
1612859700,892.8,893.0,892.2,892.7,16388
1612860000,892.8,893.45,892.2,892.4,26487
1612860300,892.4,892.4,890.0,891.1,49266
1612860600,891.0,891.0,888.0,888.2,55977
1612860900,888.45,889.5,885.25,887.0,82290
1612861200,887.35,894.0,887.05,894.0,94238
1612861500,894.0,894.5,889.95,889.95,85336
1612861800,890.6,890.6,888.05,889.3,34504
1612862100,889.0,890.05,885.75,885.9,73342
1612862400,885.9,888.1,884.15,887.9,69913
1612862700,887.9,888.9,885.0,885.5,44580
1612863000,885.1,885.5,882.05,882.05,71117
1612863300,882.5,887.3,882.5,887.2,62991
1612863600,887.2,891.9,887.2,891.8,93616
1612863900,891.7,891.8,888.9,890.0,73773
1612864200,889.8,893.0,889.05,892.35,73026
1612864500,892.5,894.0,891.0,893.0,70235
1612928700,898.0,905.05,894.0,902.0,311351
1612929000,901.7,903.75,900.0,900.1,138463
1612929300,900.2,903.3,896.0,903.3,179995
1612929600,903.3,910.2,902.5,910.2,315749
1612929900,910.2,914.7,910.0,913.65,270661
1612930200,914.05,914.45,907.4,907.8,239499
1612930500,907.4,915.0,906.35,913.45,246197
1612930800,913.45,914.0,911.5,912.25,93390
1612931100,912.25,912.9,910.0,911.85,104037
1612931400,911.5,912.3,910.0,910.45,52825
1612931700,910.3,911.15,907.2,907.6,95002
1612932000,907.8,910.9,907.25,908.7,58023
1612932300,908.7,908.7,904.35,906.1,147701
1612932600,906.0,906.5,902.95,906.5,94277
1612932900,905.95,908.0,905.0,905.8,57830
1612933200,905.85,910.2,904.35,908.2,88160
1612933500,908.2,909.6,906.8,907.2,44646
1612933800,906.7,908.15,906.0,907.95,43918
1612934100,907.9,909.8,907.3,909.0,34992
1612934400,908.75,909.0,906.15,907.1,27872
1612934700,907.1,910.0,907.0,909.75,34074
1612935000,909.75,912.65,909.1,909.9,77001
1612935300,909.85,910.0,907.0,908.45,29422
1612935600,908.45,909.95,908.2,909.75,20851
1612935900,909.9,911.0,909.7,910.0,24293
1612936200,910.0,912.0,910.0,910.85,51447
1612936500,911.0,911.0,909.2,909.75,31474
1612936800,909.75,910.75,907.0,907.4,42540
1612937100,907.35,910.0,907.0,909.45,23357
1612937400,909.1,910.8,908.0,908.0,26761
1612937700,908.0,910.0,908.0,909.15,13708
1612938000,909.15,909.9,909.05,909.45,11863
1612938300,909.45,909.95,909.0,909.3,17523
1612938600,909.85,910.9,908.0,908.1,35804
1612938900,908.5,909.7,907.3,907.3,22109
1612939200,907.25,908.3,906.65,907.2,32093
1612939500,907.1,908.5,907.1,908.2,22148
1612939800,908.2,910.0,908.2,909.5,20869
1612940100,909.5,910.0,909.2,909.4,15063
1612940400,910.0,910.0,909.2,909.75,21075
1612940700,909.75,911.7,908.65,911.0,42832
1612941000,911.2,912.0,910.5,911.4,66502
1612941300,911.5,911.6,909.3,910.4,22350
1612941600,910.4,911.0,910.0,910.05,23834
1612941900,910.05,910.05,909.0,909.65,13319
1612942200,909.65,909.65,908.3,908.85,21495
1612942500,908.35,909.9,908.0,909.5,13636
1612942800,909.05,910.0,908.0,908.95,25144
1612943100,909.5,909.5,908.0,908.2,25412
1612943400,908.2,908.75,907.75,908.2,15297
1612943700,908.2,908.5,907.5,908.0,19154
1612944000,908.05,908.5,902.55,902.9,95188
1612944300,902.7,904.75,900.9,903.2,76473
1612944600,903.2,903.45,900.2,901.0,68291
1612944900,901.1,904.9,900.25,902.55,52139
1612945200,902.55,903.8,902.0,903.0,20213
1612945500,903.0,906.55,902.6,906.55,42898
1612945800,906.55,907.4,903.3,904.0,25783
1612946100,903.85,906.15,903.5,905.5,12914
1612946400,905.5,908.0,905.5,907.3,42825
1612946700,907.35,908.15,906.0,907.15,42778
1612947000,907.6,908.5,906.5,907.7,33979
1612947300,907.7,908.0,906.5,907.85,23583
1612947600,907.85,909.7,907.55,908.8,48183
1612947900,908.8,910.0,907.05,908.15,71282
1612948200,908.4,911.0,908.1,911.0,69250
1612948500,910.95,911.4,904.95,905.45,73592
1612948800,905.45,909.0,905.25,908.35,31791
1612949100,908.0,908.55,905.05,905.65,28738
1612949400,906.15,908.9,905.7,908.75,39051
1612949700,908.7,909.0,907.0,907.95,54453
1612950000,907.9,908.5,905.8,908.15,72314
1612950300,908.0,913.95,907.9,913.0,217476
1612950600,913.0,915.25,911.35,912.55,169375
1612950900,912.7,914.0,911.1,913.0,65049
1613015100,909.8,919.15,908.05,918.0,119399
1613015400,918.55,919.0,917.1,917.2,94700
1613015700,917.45,921.5,916.15,921.0,187154
1613016000,921.0,921.9,918.5,919.6,91305
1613016300,919.6,919.6,916.05,918.15,57938
1613016600,918.0,919.3,916.6,918.65,49594
1613016900,918.65,920.3,918.25,919.15,34821
1613017200,919.15,919.55,916.85,917.95,34188
1613017500,917.65,919.0,916.65,917.55,37628
1613017800,918.4,919.4,917.25,918.95,20986
1613018100,918.95,920.0,918.7,919.55,25975
1613018400,920.0,920.0,918.15,918.4,22821
1613018700,918.4,920.0,918.0,919.45,32909
1613019000,919.45,919.9,915.0,916.0,42419
1613019300,916.0,916.15,913.5,913.9,35011
1613019600,914.05,914.85,910.2,910.8,44131
1613019900,911.25,913.0,909.9,912.4,41315
1613020200,912.9,913.7,912.45,913.3,15647
1613020500,913.3,913.75,911.75,913.1,16353
1613020800,913.2,914.75,912.7,912.75,22186
1613021100,912.75,913.0,912.0,912.5,12474
1613021400,912.45,912.45,908.2,908.8,50250
1613021700,908.8,909.95,908.25,908.95,20520
1613022000,908.95,909.2,906.0,907.15,34606
1613022300,907.1,908.5,905.55,906.4,40166
1613022600,906.4,908.15,906.3,907.75,11254
1613022900,907.6,908.2,906.65,908.15,12374
1613023200,908.05,909.0,908.0,908.45,18341
1613023500,908.8,911.8,908.45,910.85,26753
1613023800,910.85,911.3,909.75,911.0,12185
1613024100,910.9,911.3,908.1,908.2,27682
1613024400,908.4,909.15,907.05,908.8,12566
1613024700,908.5,908.95,907.5,907.95,10137
1613025000,907.65,908.7,907.4,908.0,7209
1613025300,908.2,909.9,908.0,909.2,17300
1613025600,908.65,908.85,908.0,908.3,13575
1613025900,908.3,908.55,906.25,906.25,22908
1613026200,906.3,907.3,906.15,906.75,22346
1613026500,906.8,910.0,906.75,908.35,19595
1613026800,908.35,909.9,907.8,908.65,13027
1613027100,908.65,909.0,907.4,908.5,13842
1613027400,908.8,909.95,908.5,909.2,14234
1613027700,909.2,911.0,909.0,910.95,25893
1613028000,910.9,911.0,908.0,908.0,16108
1613028300,908.0,908.6,906.9,907.9,16708
1613028600,907.95,908.0,907.5,907.95,12662
1613028900,907.95,908.0,907.65,907.9,11627
1613029200,908.0,908.0,907.3,908.0,13571
1613029500,908.0,908.9,907.05,908.0,20409
1613029800,907.95,908.0,907.5,908.0,11498
1613030100,908.0,908.9,907.9,908.0,13323
1613030400,908.0,910.5,907.95,910.2,14012
1613030700,910.3,911.9,909.1,909.55,42083
1613031000,909.55,910.8,909.15,909.9,12992
1613031300,910.1,911.75,910.05,911.7,20846
1613031600,911.7,911.7,908.15,908.45,18375
1613031900,908.45,909.15,906.7,908.0,31730
1613032200,908.0,910.0,908.0,908.7,10616
1613032500,908.75,909.65,908.5,909.0,13373
1613032800,909.0,909.0,908.0,908.5,12498
1613033100,908.8,909.0,907.6,909.0,20311
1613033400,909.0,910.5,908.9,910.3,13421
1613033700,910.3,911.2,909.0,909.9,17880
1613034000,909.9,910.0,909.0,909.0,12871
1613034300,909.0,909.65,908.2,908.75,18378
1613034600,908.75,908.95,907.6,907.9,20740
1613034900,908.0,909.2,907.85,909.2,18256
1613035200,908.8,909.0,907.8,907.95,16047
1613035500,907.95,908.0,906.8,907.25,22519
1613035800,906.3,908.3,906.3,907.45,22370
1613036100,907.75,908.1,906.8,908.1,35991
1613036400,908.15,908.25,906.45,906.45,38368
1613036700,907.0,908.0,906.2,907.7,51820
1613037000,907.9,907.9,905.65,907.45,58439
1613037300,907.45,908.0,906.95,907.95,33289
1613101500,908.0,913.5,908.0,910.6,31044
1613101800,910.95,911.55,910.0,910.5,13942
1613102100,910.5,910.5,908.35,908.9,15334
1613102400,908.6,909.15,908.1,908.25,10643
1613102700,908.75,910.55,908.2,910.55,9423
1613103000,909.95,911.0,909.0,909.4,10935
1613103300,909.75,912.0,909.25,912.0,9962
1613103600,911.35,911.95,909.1,909.15,11939
1613103900,909.15,909.5,904.0,904.2,26896
1613104200,905.0,908.25,903.3,908.05,27363
1613104500,908.05,910.6,908.0,910.4,20257
1613104800,910.4,910.4,909.45,909.55,5471
1613105100,910.0,910.45,909.75,910.0,5633
1613105400,910.0,910.65,909.25,910.1,11819
1613105700,910.1,910.85,910.0,910.45,3885
1613106000,910.45,912.0,909.75,911.0,14584
1613106300,911.0,913.0,911.0,912.25,10172
1613106600,912.25,913.0,912.0,912.6,7433
1613106900,912.6,912.6,910.8,911.5,5988
1613107200,911.5,911.7,910.0,910.3,3876
1613107500,910.3,910.45,910.05,910.05,3274
1613107800,910.4,910.45,910.0,910.45,3360
1613108100,910.1,911.7,910.05,911.7,11416
1613108400,911.4,911.85,911.0,911.4,2458
1613108700,911.05,911.5,909.9,910.9,6712
1613109000,910.9,911.0,909.75,911.0,2474
1613109300,911.0,911.2,909.85,910.0,7920
1613109600,910.2,910.35,909.55,910.0,14159
1613109900,910.0,910.1,909.4,910.0,27179
1613110200,910.0,910.3,909.2,910.0,19422
1613110500,910.0,910.35,909.5,910.0,16422
1613110800,909.95,910.5,909.45,910.0,5569
1613111100,910.0,910.05,907.15,908.4,106116
1613111400,908.4,908.9,905.2,905.2,42918
1613111700,905.25,906.25,904.2,905.4,16115
1613112000,905.4,905.4,901.3,903.35,37435
1613112300,903.25,905.6,902.95,904.5,22878
1613112600,904.5,905.0,902.0,903.0,21190
1613112900,903.0,904.95,903.0,904.75,5770
1613113200,904.75,905.0,903.7,903.8,5018
1613113500,903.8,903.8,902.05,902.9,19605
1613113800,902.9,904.45,902.9,903.65,6204
1613114100,903.65,904.7,903.5,904.6,7174
1613114400,904.6,904.6,902.1,903.7,18169
1613114700,903.7,904.5,903.55,904.3,6207
1613115000,903.8,904.45,903.35,903.9,4002
1613115300,904.0,904.5,903.45,904.2,4247
1613115600,904.2,904.5,903.35,903.45,5760
1613115900,903.4,904.5,903.1,904.1,4261
1613116200,904.1,904.7,903.6,903.8,5357
1613116500,904.2,904.35,903.4,903.4,2262
1613116800,903.4,904.0,903.3,903.85,1965
1613117100,903.85,904.0,902.7,902.8,4179
1613117400,902.55,902.85,900.15,901.7,16741
1613117700,901.7,902.6,901.2,902.4,4176
1613118000,902.1,902.35,898.1,899.0,23464
1613118300,899.0,899.15,896.0,897.65,18132
1613118600,897.65,897.65,893.45,895.0,30450
1613118900,895.0,897.9,894.35,897.55,7813
1613119200,897.55,898.35,896.0,896.55,9278
1613119500,897.05,897.95,896.05,897.0,2530
1613119800,897.0,897.5,895.7,897.2,10590
1613120100,897.4,898.8,897.0,897.4,6494
1613120400,897.4,898.7,896.1,897.85,4511
1613120700,897.8,898.45,897.0,897.65,4508
1613121000,897.65,898.0,897.1,897.5,3079
1613121300,897.5,897.95,897.0,897.9,3154
1613121600,897.9,897.9,896.5,897.45,3665
1613121900,897.45,898.0,896.55,896.7,8901
1613122200,897.25,898.4,896.5,897.9,13618
1613122500,897.5,898.6,897.5,898.05,7200
1613122800,898.15,898.4,896.25,897.3,10430
1613123100,897.1,897.6,894.5,895.35,27102
1613123400,895.3,897.95,894.85,897.85,32137
1613123700,897.45,899.0,897.3,899.0,10905
1613360700,898.0,901.15,895.0,895.3,43127
1613361000,895.25,896.1,893.0,894.55,33390
1613361300,894.55,894.65,890.5,891.0,32523
1613361600,891.0,891.9,889.1,889.5,30956
1613361900,889.65,889.75,886.85,888.55,26214
1613362200,888.45,892.25,888.2,890.9,19690
1613362500,891.1,891.15,887.05,888.25,17071
1613362800,888.25,889.6,887.05,887.7,13483
1613363100,887.35,888.3,887.0,887.2,17260
1613363400,887.2,887.85,886.0,886.5,18907
1613363700,886.5,888.35,886.15,887.2,30960
1613364000,887.2,890.2,886.7,890.15,27311
1613364300,890.15,890.3,888.0,888.05,11633
1613364600,888.05,888.05,887.0,887.4,12109
1613364900,887.3,888.45,887.25,887.55,10565
1613365200,887.85,887.85,886.2,886.4,17359
1613365500,886.4,886.9,886.3,886.9,14960
1613365800,886.95,888.75,886.55,888.2,8905
1613366100,888.55,888.6,887.15,887.65,12528
1613366400,887.65,887.65,886.4,886.5,10198
1613366700,886.5,886.9,886.3,886.75,40546
1613367000,886.75,887.7,886.3,887.0,8532
1613367300,887.0,887.1,886.5,886.75,9689
1613367600,886.75,887.45,886.6,887.05,9622
1613367900,887.05,887.45,886.0,886.1,16625
1613368200,886.4,887.0,886.0,886.6,13635
1613368500,886.6,887.0,886.05,886.45,6109
1613368800,886.45,888.0,886.4,887.15,15175
1613369100,887.15,887.25,886.6,887.0,8834
1613369400,887.0,887.7,886.5,887.3,7486
1613369700,887.3,887.6,886.9,887.1,10615
1613370000,887.1,887.25,886.5,886.75,9063
1613370300,886.75,888.0,886.55,887.95,8554
1613370600,887.85,888.0,886.05,886.15,27832
1613370900,886.55,887.25,885.0,886.2,34569
1613371200,886.2,886.3,885.05,885.45,17974
1613371500,885.45,885.5,885.0,885.0,19760
1613371800,885.05,885.35,883.85,884.1,31777
1613372100,884.1,884.5,883.1,883.55,19503
1613372400,883.55,885.45,883.5,885.45,19959
1613372700,885.45,885.45,883.7,884.2,12727
1613373000,884.6,884.6,883.25,883.25,15978
1613373300,883.25,883.9,881.1,882.05,43389
1613373600,882.05,882.5,881.5,881.95,17835
1613373900,881.65,882.2,880.25,880.4,22531
1613374200,880.4,881.9,880.35,880.9,21711
1613374500,880.9,881.7,880.6,880.7,16009
1613374800,880.7,881.75,880.6,881.15,16867
1613375100,881.15,881.5,880.35,880.5,13597
1613375400,880.5,881.35,880.05,880.45,15431
1613375700,880.45,881.2,880.3,880.6,14867
1613376000,880.9,881.75,880.5,881.6,15900
1613376300,881.6,882.2,881.0,881.15,20018
1613376600,881.05,881.4,880.5,881.2,19601
1613376900,881.0,881.75,880.5,880.65,15909
1613377200,880.65,881.0,880.1,880.2,24747
1613377500,880.25,880.3,877.0,877.0,59353
1613377800,877.0,878.85,876.5,878.2,36669
1613378100,878.15,879.95,877.15,879.1,29495
1613378400,879.3,879.8,878.15,878.65,22083
1613378700,878.65,878.75,877.4,877.55,20059
1613379000,878.05,879.8,877.0,878.65,24355
1613379300,878.65,879.2,877.5,878.65,19996
1613379600,878.6,879.8,878.5,879.0,15489
1613379900,879.0,879.5,877.55,877.65,22743
1613380200,877.65,878.75,877.0,877.85,28410
1613380500,877.7,878.5,876.6,876.95,32473
1613380800,876.75,877.8,876.6,877.5,32926
1613381100,877.1,877.1,875.0,876.85,54330
1613381400,876.7,877.95,875.6,876.9,43910
1613381700,876.9,877.5,876.0,877.5,31060
1613382000,877.45,879.05,876.65,878.75,52052
1613382300,879.0,879.25,877.9,877.9,41822
1613382600,878.05,878.75,875.0,877.45,55317
1613382900,877.4,877.95,875.0,876.5,37653
1613447100,877.25,883.0,877.25,882.55,62343
1613447400,882.6,884.0,881.5,884.0,29706
1613447700,883.95,886.95,883.6,886.35,38380
1613448000,885.8,886.35,882.6,883.2,23603
1613448300,883.2,884.0,881.8,882.5,22699
1613448600,882.5,882.75,879.5,880.0,20600
1613448900,880.4,880.9,879.55,879.9,15036
1613449200,879.55,880.0,877.25,878.5,17831
1613449500,878.6,880.7,878.25,880.0,10079
1613449800,880.0,880.2,879.15,880.0,11600
1613450100,880.0,881.6,879.85,881.5,10219
1613450400,881.0,883.55,880.8,883.55,17831
1613450700,883.5,884.8,883.05,883.05,14205
1613451000,883.05,884.0,882.15,883.8,9014
1613451300,883.8,884.8,883.15,884.8,8893
1613451600,884.55,885.0,883.6,884.2,7023
1613451900,884.0,885.0,883.55,883.75,8289
1613452200,883.65,884.7,883.1,884.7,4913
1613452500,884.7,885.0,884.05,884.25,4456
1613452800,884.25,884.6,883.0,884.5,10717
1613453100,884.5,886.8,884.0,886.0,22594
1613453400,886.0,888.3,885.05,887.75,46127
1613453700,887.4,888.0,886.7,887.9,17082
1613454000,887.95,887.95,885.0,885.15,16567
1613454300,885.2,885.2,881.0,881.1,34533
1613454600,881.65,882.0,880.3,880.6,75657
1613454900,880.6,881.05,875.8,876.35,45586
1613455200,876.7,878.75,875.5,878.75,24342
1613455500,878.75,882.85,878.5,882.5,22823
1613455800,882.2,884.5,881.8,883.5,22329
1613456100,883.5,884.0,878.6,879.25,26924
1613456400,879.2,879.25,876.05,876.55,22050
1613456700,877.0,878.5,876.05,877.6,17190
1613457000,877.6,879.25,877.55,879.25,13261
1613457300,879.15,879.6,878.25,878.95,14269
1613457600,878.95,878.95,878.1,878.25,7839
1613457900,878.25,879.15,877.05,878.7,11483
1613458200,878.85,879.1,878.1,878.25,8664
1613458500,878.25,878.6,878.1,878.2,4947
1613458800,878.2,880.45,878.0,880.0,17371
1613459100,879.5,880.2,878.0,878.4,7381
1613459400,878.25,878.95,876.0,876.0,11149
1613459700,876.0,876.4,875.1,876.0,24571
1613460000,876.0,876.2,875.25,875.85,13416
1613460300,875.35,875.95,875.0,875.45,10568
1613460600,875.45,875.45,870.1,871.0,82096
1613460900,871.05,871.95,870.0,870.05,27766
1613461200,870.05,871.0,869.0,870.55,24838
1613461500,870.55,870.7,869.0,869.7,23190
1613461800,869.7,872.0,869.65,871.05,17812
1613462100,871.05,875.65,871.05,875.3,48726
1613462400,874.5,876.9,874.5,875.05,29526
1613462700,875.0,875.65,875.0,875.0,23197
1613463000,875.0,876.0,875.0,875.05,16735
1613463300,875.0,875.4,875.0,875.0,18886
1613463600,875.0,875.95,874.8,875.05,27291
1613463900,875.05,875.3,872.0,872.1,21461
1613464200,872.15,872.15,871.0,871.2,13633
1613464500,871.55,872.55,870.65,871.25,12336
1613464800,871.25,872.5,870.5,872.3,15802
1613465100,872.3,872.5,871.2,871.8,14329
1613465400,871.8,872.0,870.6,871.15,13403
1613465700,871.5,871.85,870.5,871.35,15031
1613466000,871.35,875.6,871.25,873.7,46540
1613466300,874.0,874.25,871.5,872.3,21877
1613466600,872.05,872.8,871.5,872.65,12439
1613466900,872.65,873.35,870.5,871.85,16314
1613467200,871.8,872.4,870.55,870.8,13162
1613467500,870.5,871.5,870.1,870.55,16914
1613467800,870.45,873.1,870.45,872.8,26015
1613468100,872.8,873.05,870.7,871.7,25593
1613468400,871.7,873.25,871.5,873.0,22542
1613468700,872.7,873.35,871.65,871.95,45388
1613469000,871.95,873.05,870.45,872.4,41518
1613469300,872.35,872.9,872.0,872.7,11677
1613533500,870.0,875.85,870.0,874.35,36684
1613533800,875.0,878.45,874.4,877.45,32748
1613534100,877.9,878.1,877.0,878.0,19674
1613534400,877.95,878.0,875.8,875.85,40181
1613534700,875.85,875.95,872.0,873.5,23260
1613535000,873.5,875.9,873.0,875.8,15191
1613535300,875.7,878.0,875.25,877.2,20541
1613535600,877.35,877.7,875.55,877.65,15196
1613535900,877.35,877.7,875.75,877.55,14384
1613536200,877.55,879.9,876.7,879.5,74597
1613536500,879.5,882.2,879.0,882.15,72613
1613536800,882.15,882.55,881.0,882.3,55533
1613537100,882.25,883.15,880.65,880.7,37758
1613537400,880.7,882.2,880.3,881.05,20516
1613537700,881.05,881.05,878.4,878.7,24133
1613538000,878.7,879.25,876.0,876.7,33091
1613538300,876.7,879.25,876.35,878.4,13181
1613538600,878.35,879.2,878.0,878.4,16358
1613538900,878.4,878.5,877.45,877.45,16518
1613539200,877.4,877.7,877.05,877.5,8399
1613539500,877.5,878.5,877.1,878.45,7133
1613539800,878.45,881.7,878.45,881.7,33455
1613540100,881.45,882.3,880.65,881.5,12320
1613540400,881.5,881.6,879.95,880.35,8157
1613540700,880.35,881.5,879.9,881.0,11648
1613541000,881.0,881.5,880.35,880.8,8973
1613541300,880.8,881.2,880.15,880.65,6053
1613541600,880.65,880.65,879.95,880.0,10452
1613541900,880.0,880.45,880.0,880.2,6458
1613542200,880.2,880.7,880.0,880.7,6354
1613542500,880.7,880.95,880.1,880.75,8077
1613542800,880.75,880.75,880.0,880.3,7626
1613543100,880.3,880.8,880.0,880.25,10211
1613543400,880.25,880.7,880.0,880.05,8877
1613543700,880.05,880.3,880.0,880.1,4702
1613544000,880.1,880.5,880.0,880.3,14805
1613544300,880.3,880.7,880.0,880.05,6857
1613544600,880.3,880.5,880.0,880.45,8733
1613544900,880.45,880.45,880.0,880.05,7842
1613545200,880.3,882.0,880.0,881.75,21189
1613545500,881.8,882.0,881.15,881.15,6950
1613545800,881.5,881.5,880.0,880.05,17911
1613546100,880.0,880.75,879.95,880.05,14257
1613546400,880.0,880.45,879.95,880.1,53531
1613546700,880.05,880.05,877.0,877.05,56998
1613547000,876.6,877.2,875.9,876.5,24873
1613547300,876.5,879.25,876.5,877.15,12517
1613547600,877.0,878.5,877.0,877.7,16583
1613547900,877.95,880.0,877.15,879.6,18568
1613548200,879.6,880.3,878.2,878.7,11669
1613548500,878.7,878.7,875.5,875.85,13996
1613548800,875.85,876.85,873.95,873.95,21890
1613549100,873.8,875.0,873.05,874.2,18053
1613549400,874.2,875.65,873.5,875.2,10280
1613549700,875.2,875.8,874.0,874.8,8941
1613550000,874.8,876.5,874.5,876.2,9362
1613550300,875.9,876.15,875.2,875.65,6366
1613550600,875.35,875.65,874.5,875.0,8897
1613550900,875.05,876.0,874.5,875.0,7440
1613551200,875.0,875.5,874.5,874.5,7070
1613551500,874.65,875.6,874.0,874.6,9408
1613551800,874.65,878.0,874.6,877.8,22541
1613552100,877.7,879.05,877.0,877.0,26636
1613552400,877.6,878.5,876.8,878.4,10151
1613552700,878.4,878.4,877.6,878.1,7643
1613553000,878.25,878.6,877.0,877.5,28094
1613553300,877.5,877.95,875.5,877.7,17059
1613553600,877.7,879.0,877.0,878.95,14624
1613553900,879.0,879.0,878.15,878.65,15246
1613554200,878.65,879.8,878.25,878.25,32526
1613554500,878.25,879.05,877.6,877.8,26186
1613554800,877.8,878.5,875.0,877.65,46597
1613555100,877.65,878.5,875.95,876.25,33881
1613555400,876.25,877.35,875.0,876.7,30287
1613555700,876.15,876.75,875.0,876.0,26915
1613619900,880.1,883.5,878.7,882.2,59154
1613620200,882.4,882.9,881.3,881.45,24853
1613620500,881.45,882.0,880.05,881.65,14528
1613620800,881.8,884.5,881.45,883.75,47213
1613621100,883.7,886.0,883.3,884.25,77650
1613621400,884.25,886.0,883.1,885.55,22388
1613621700,885.55,890.85,884.55,888.9,147839
1613622000,889.65,892.4,888.8,891.45,84263
1613622300,891.45,894.0,891.3,893.3,72130
1613622600,893.3,894.0,892.0,892.7,72103
1613622900,892.2,893.0,891.25,892.95,33019
1613623200,893.0,893.9,892.95,893.9,23500
1613623500,893.9,897.0,893.7,896.55,98967
1613623800,896.55,898.85,896.4,897.7,84896
1613624100,897.75,897.75,895.25,897.35,65515
1613624400,897.35,897.6,895.65,896.3,24529
1613624700,896.25,896.25,894.1,895.0,40122
1613625000,895.0,895.95,894.8,895.85,26455
1613625300,895.75,896.0,895.0,895.45,18476
1613625600,895.05,895.45,894.25,894.75,34996
1613625900,895.15,896.5,894.85,895.85,18373
1613626200,895.85,896.0,894.7,895.6,14700
1613626500,895.5,895.55,894.95,895.25,13686
1613626800,895.25,895.25,893.0,893.5,31230
1613627100,893.5,896.3,893.0,893.15,38844
1613627400,893.45,893.6,891.3,892.0,23938
1613627700,892.0,893.55,890.25,893.55,36187
1613628000,893.55,893.55,890.4,891.1,20968
1613628300,891.5,891.5,888.05,888.1,53193
1613628600,888.5,888.5,886.0,887.5,37218
1613628900,887.5,890.1,887.2,889.55,16307
1613629200,889.55,890.5,888.3,888.45,18387
1613629500,888.75,889.2,886.1,887.0,22588
1613629800,887.0,888.85,886.35,888.85,11777
1613630100,888.85,889.0,887.2,887.55,11071
1613630400,887.0,888.0,886.5,887.8,11787
1613630700,887.9,888.1,885.3,886.35,18598
1613631000,886.35,886.45,885.0,885.2,17389
1613631300,885.2,889.7,885.0,889.4,26078
1613631600,889.4,889.4,886.75,886.95,23829
1613631900,886.95,887.35,885.75,886.55,17775
1613632200,886.6,888.0,885.95,886.8,13917
1613632500,887.05,887.65,886.5,887.35,11454
1613632800,887.25,889.0,887.25,889.0,11654
1613633100,888.85,889.0,887.5,888.7,14293
1613633400,888.7,890.5,888.35,890.4,20679
1613633700,890.4,893.0,890.2,892.0,25508
1613634000,892.45,893.45,891.1,893.45,20797
1613634300,893.45,893.45,889.4,890.7,29997
1613634600,890.65,891.0,890.0,890.45,16836
1613634900,890.45,891.95,890.0,890.0,17616
1613635200,890.1,892.0,889.85,892.0,12662
1613635500,892.0,893.0,891.0,891.1,17098
1613635800,891.1,891.1,889.85,890.0,13798
1613636100,889.95,891.7,889.5,890.55,19292
1613636400,890.35,892.4,890.0,891.9,15485
1613636700,891.9,891.9,890.2,891.05,9670
1613637000,891.2,893.0,890.5,892.4,31543
1613637300,892.05,893.0,892.0,892.75,21591
1613637600,892.75,893.0,891.05,891.3,19252
1613637900,891.3,892.6,891.3,892.4,11880
1613638200,892.4,895.0,892.3,894.1,44579
1613638500,894.1,894.25,892.3,893.4,18129
1613638800,893.0,894.0,892.95,894.0,17883
1613639100,894.0,894.4,891.65,892.35,18619
1613639400,892.35,893.9,892.25,893.05,15751
1613639700,893.4,893.45,892.0,892.25,19675
1613640000,892.65,892.9,892.15,892.55,20681
1613640300,892.65,892.8,890.7,892.0,31583
1613640600,892.2,894.0,891.85,893.2,38490
1613640900,893.25,894.0,892.55,893.0,36096
1613641200,893.05,894.3,892.8,894.1,51965
1613641500,894.15,894.25,893.0,893.0,57621
1613641800,893.1,894.45,893.0,894.35,61330
1613642100,894.4,894.5,892.7,893.95,42184
1613706300,898.4,898.95,890.0,897.45,74747
1613706600,896.5,896.75,893.0,894.15,34855
1613706900,894.15,894.4,891.05,891.3,17352
1613707200,891.05,893.25,890.0,892.6,22998
1613707500,892.6,893.0,891.9,892.55,8401
1613707800,892.2,892.6,891.0,892.55,9360
1613708100,892.55,895.0,892.45,894.55,16990
1613708400,894.55,899.15,894.15,898.7,30433
1613708700,898.95,899.05,895.35,897.35,34177
1613709000,897.35,897.35,894.0,894.0,16712
1613709300,894.4,897.35,893.55,897.0,12538
1613709600,897.0,898.5,897.0,897.5,18852
1613709900,897.5,897.5,894.0,894.1,12155
1613710200,894.1,895.55,891.75,893.0,17791
1613710500,892.45,894.45,892.45,894.45,5556
1613710800,894.75,896.1,893.85,895.0,8569
1613711100,895.0,895.45,894.0,894.75,2980
1613711400,894.75,894.75,892.5,892.7,13073
1613711700,892.7,893.35,891.7,891.7,9329
1613712000,892.0,892.1,890.1,891.4,8623
1613712300,891.4,891.95,890.15,890.2,6611
1613712600,890.55,890.55,888.0,888.6,25465
1613712900,888.6,889.9,888.0,888.65,10196
1613713200,889.3,890.0,888.65,890.0,4017
1613713500,890.1,890.15,888.0,888.05,8658
1613713800,888.1,889.9,888.05,889.9,4560
1613714100,889.95,889.95,886.05,887.5,18689
1613714400,887.5,889.2,887.0,888.5,6747
1613714700,888.5,888.75,887.5,888.35,2736
1613715000,888.35,888.4,887.0,887.6,5396
1613715300,887.6,889.05,887.5,887.9,7442
1613715600,887.9,888.85,887.5,888.6,2491
1613715900,888.55,888.8,887.0,887.8,4491
1613716200,887.8,887.8,886.5,886.75,16173
1613716500,887.0,887.7,886.75,887.4,4003
1613716800,887.05,887.35,884.15,884.3,13946
1613717100,885.0,885.55,884.25,885.4,7643
1613717400,885.4,886.0,885.0,886.0,2394
1613717700,886.0,886.0,885.0,885.7,4484
1613718000,885.7,885.8,884.9,885.4,4587
1613718300,885.4,885.9,885.0,885.45,4906
1613718600,885.45,886.5,885.0,886.5,4054
1613718900,886.5,887.5,886.4,887.5,7021
1613719200,887.5,887.5,886.0,886.5,6253
1613719500,886.35,886.7,886.0,886.6,3283
1613719800,886.6,886.6,884.5,885.25,9753
1613720100,885.25,886.25,884.55,885.25,9172
1613720400,885.25,885.95,884.6,885.3,2559
1613720700,885.3,885.85,885.0,885.65,1790
1613721000,885.65,886.0,885.25,885.8,2420
1613721300,885.15,885.6,880.0,881.55,39489
1613721600,882.0,882.75,881.0,882.45,6681
1613721900,882.45,883.1,882.0,882.9,4306
1613722200,881.0,881.6,880.3,881.3,14273
1613722500,881.3,882.05,880.3,882.0,16268
1613722800,882.0,883.0,881.35,882.7,4898
1613723100,882.2,882.2,880.9,880.9,7454
1613723400,881.0,881.0,878.0,878.1,16644
1613723700,878.6,879.75,875.05,876.5,27038
1613724000,876.0,879.9,876.0,878.0,26161
1613724300,878.0,881.8,877.95,879.65,9959
1613724600,879.65,881.0,878.15,879.2,7541
1613724900,879.2,881.0,878.8,880.75,5161
1613725200,880.75,881.0,879.2,880.0,7753
1613725500,880.6,880.7,877.0,878.0,11634
1613725800,878.0,878.45,875.25,875.65,9829
1613726100,875.65,878.65,874.25,878.05,35497
1613726400,878.9,880.85,878.9,880.75,43333
1613726700,880.65,881.95,878.9,879.75,29657
1613727000,879.25,881.8,879.25,881.75,34899
1613727300,881.75,881.95,880.85,881.5,38445
1613727600,881.5,882.9,880.6,882.9,36813
1613727900,882.75,883.0,881.0,881.8,34385
1613728200,881.85,883.0,879.4,882.9,38517
1613728500,882.95,884.85,879.0,882.95,22906
1613965500,880.0,884.9,875.0,882.65,32663
1613965800,882.9,885.0,879.05,882.0,27344
1613966100,882.25,883.95,881.85,883.05,9430
1613966400,883.6,884.0,878.4,881.4,23204
1613966700,881.35,881.95,877.2,877.9,33675
1613967000,877.5,877.5,875.05,875.8,22113
1613967300,875.8,875.9,872.25,872.5,30023
1613967600,872.5,873.45,872.1,873.45,29830
1613967900,873.3,873.85,870.2,870.8,33687
1613968200,870.55,873.0,870.0,871.55,18832
1613968500,871.5,871.7,867.2,867.55,30614
1613968800,867.55,868.75,865.0,865.3,60602
1613969100,865.85,869.75,864.25,868.9,34018
1613969400,868.9,869.15,862.5,866.8,51907
1613969700,866.8,866.85,863.5,865.15,16291
1613970000,865.15,867.0,864.0,866.2,14884
1613970300,866.8,867.05,864.7,865.55,38434
1613970600,865.2,866.5,865.2,866.05,8288
1613970900,865.7,867.9,865.5,867.1,11519
1613971200,867.1,870.05,866.65,868.25,10228
1613971500,868.25,868.45,864.75,865.0,19081
1613971800,864.9,865.0,863.5,863.7,20029
1613972100,864.0,865.0,863.8,865.0,6595
1613972400,865.0,865.0,862.25,862.25,16751
1613972700,862.25,865.0,860.5,860.6,39446
1613973000,860.6,862.15,860.05,862.15,19234
1613973300,862.15,862.25,860.45,860.65,9343
1613973600,860.6,862.45,860.5,860.55,28858
1613973900,860.05,860.35,859.05,859.55,35079
1613974200,859.45,859.8,859.0,859.2,8402
1613974500,859.45,859.8,858.4,859.05,9937
1613974800,859.05,859.5,857.6,857.75,16668
1613975100,857.5,858.0,853.65,853.75,113792
1613975400,853.25,854.0,852.7,853.0,62431
1613975700,853.0,853.5,849.4,851.85,104456
1613976000,851.85,852.5,851.25,852.15,28264
1613976300,852.15,852.4,851.3,851.4,13360
1613976600,851.8,852.45,851.35,851.95,9532
1613976900,851.95,855.3,851.95,853.95,35064
1613977200,853.95,854.0,852.5,853.5,24301
1613977500,853.15,853.95,851.0,852.0,16811
1613977800,852.3,854.5,851.95,854.5,26297
1613978100,854.5,855.0,853.25,853.25,12274
1613978400,853.5,854.0,852.75,852.95,10345
1613978700,853.2,854.5,851.35,853.15,11264
1613979000,853.15,854.0,852.55,853.55,9604
1613979300,853.5,854.35,853.1,853.5,7503
1613979600,853.5,854.0,853.0,853.0,7089
1613979900,853.8,854.9,853.0,854.45,5960
1613980200,854.8,854.9,853.45,853.45,9513
1613980500,853.35,854.75,853.25,854.75,5579
1613980800,854.75,854.75,852.9,853.1,38154
1613981100,853.1,853.2,852.45,852.45,8812
1613981400,852.9,853.3,851.5,851.95,8388
1613981700,851.95,852.4,851.05,851.25,10620
1613982000,851.35,851.8,850.0,850.25,32087
1613982300,850.3,852.9,850.0,852.1,10814
1613982600,852.55,854.0,852.0,852.95,12673
1613982900,852.95,854.9,852.0,853.95,16496
1613983200,853.95,854.35,852.9,854.0,37424
1613983500,854.05,854.5,853.15,853.4,25640
1613983800,854.0,854.1,851.0,851.65,25091
1613984100,851.65,852.7,851.0,852.2,10731
1613984400,852.2,854.1,852.0,853.6,17022
1613984700,853.6,854.05,852.05,854.05,6653
1613985000,854.05,854.35,852.3,853.85,8435
1613985300,853.85,855.0,853.0,854.35,14868
1613985600,854.35,854.9,853.55,853.8,7999
1613985900,853.8,853.8,852.15,852.5,14952
1613986200,852.7,852.7,851.1,851.35,20216
1613986500,851.65,852.4,850.95,851.5,30083
1613986800,851.45,852.0,849.0,849.5,42489
1613987100,849.3,849.9,847.05,848.3,44480
1613987400,848.4,848.4,845.1,847.8,58551
1613987700,847.95,848.0,846.0,847.95,24252
1614051900,853.0,860.0,852.05,857.9,62167
1614052200,857.05,862.65,857.05,861.65,40844
1614052500,861.5,861.85,853.75,854.8,42924
1614052800,854.8,855.45,850.9,853.45,48098
1614053100,853.6,857.85,853.2,856.75,17719
1614053400,856.65,857.05,850.55,851.15,25350
1614053700,851.4,854.45,850.0,851.85,21751
1614054000,851.85,852.9,849.0,852.8,29768
1614054300,852.75,853.05,850.9,852.5,15599
1614054600,852.4,856.85,852.4,856.2,18856
1614054900,856.15,858.7,855.95,858.65,26371
1614055200,858.15,859.7,855.05,857.2,27082
1614055500,857.05,859.75,857.05,859.7,18818
1614055800,859.7,861.0,858.35,859.45,19259
1614056100,859.45,860.9,858.5,860.6,15060
1614056400,860.6,861.0,860.0,860.8,14582
1614056700,860.7,861.0,859.0,859.85,9018
1614057000,859.85,861.75,859.85,861.25,9715
1614057300,861.25,861.5,860.0,860.2,5251
1614057600,860.2,862.0,860.05,861.45,8211
1614057900,861.45,864.9,860.95,863.95,27501
1614058200,864.0,864.0,862.0,862.55,12032
1614058500,862.1,863.5,861.35,863.3,11488
1614058800,863.25,863.85,863.0,863.0,3248
1614059100,863.0,864.95,863.0,864.7,12084
1614059400,864.7,864.8,863.25,864.35,6098
1614059700,864.35,864.65,863.25,863.25,10066
1614060000,863.5,864.4,862.9,863.4,7778
1614060300,863.4,864.5,862.1,862.15,8875
1614060600,862.1,864.0,860.8,860.95,10327
1614060900,861.05,861.55,859.8,859.85,21112
1614061200,859.85,863.3,859.85,861.7,14279
1614061500,861.65,867.25,861.65,866.85,43701
1614061800,866.35,866.65,865.0,865.85,8687
1614062100,865.85,866.35,865.0,865.05,7475
1614062400,865.2,865.85,865.0,865.4,13841
1614062700,865.4,866.0,865.2,865.2,4066
1614063000,865.25,867.0,865.0,867.0,16532
1614063300,866.8,867.55,866.2,866.35,6964
1614063600,866.35,866.85,864.8,866.0,8392
1614063900,866.0,866.25,864.65,865.2,12246
1614064200,865.2,867.05,864.6,866.4,32420
1614064500,866.4,868.65,866.2,867.95,21530
1614064800,867.95,869.0,867.55,869.0,10555
1614065100,869.0,869.0,867.75,868.5,13191
1614065400,868.5,869.7,868.5,869.7,17049
1614065700,869.65,871.5,869.35,871.4,48622
1614066000,871.4,872.2,870.4,871.65,27220
1614066300,871.65,872.45,871.05,872.3,18390
1614066600,872.3,872.75,871.5,872.55,17839
1614066900,872.75,873.2,871.6,873.0,25348
1614067200,873.0,874.4,872.8,873.15,23850
1614067500,873.15,873.15,870.0,870.35,30952
1614067800,870.35,871.45,870.15,871.0,11487
1614068100,871.2,873.0,871.05,871.8,13272
1614068400,871.8,872.7,871.45,871.45,12690
1614068700,871.6,871.9,870.8,871.05,10617
1614069000,871.3,871.3,870.1,870.65,6958
1614069300,870.65,870.65,868.0,870.2,16552
1614069600,870.15,870.9,869.4,870.35,74688
1614069900,870.35,871.3,870.0,870.2,5745
1614070200,870.2,870.85,869.7,870.75,5080
1614070500,870.75,871.45,870.1,871.1,34442
1614070800,871.1,872.55,870.95,871.65,15187
1614071100,871.35,871.9,871.05,871.05,5889
1614071400,871.05,872.05,869.65,870.0,19941
1614071700,869.95,870.7,868.55,869.0,14925
1614072000,869.0,871.0,869.0,870.9,10491
1614072300,870.9,871.0,870.05,870.95,8725
1614072600,870.85,871.0,867.8,868.05,29536
1614072900,868.05,868.85,866.9,868.6,29580
1614073200,868.6,871.4,868.6,871.3,26861
1614073500,871.35,871.35,869.0,870.45,25844
1614073800,870.5,870.9,869.55,870.35,45611
1614074100,870.35,870.5,867.6,869.0,23271
1614138300,870.1,875.0,870.0,873.3,45397
1614138600,873.6,874.95,871.8,874.6,22231
1614138900,874.95,875.9,872.8,873.0,24818
1614139200,873.0,873.0,871.25,872.8,13431
1614139500,873.15,874.15,872.5,873.0,13538
1614139800,871.8,872.15,869.05,869.8,17416
1614140100,869.85,869.85,865.65,866.05,26804
1614140400,866.1,868.8,866.1,868.0,11418
1614140700,868.15,868.65,865.2,865.8,14739
1614141000,865.7,866.0,863.25,865.45,28081
1614141300,865.15,867.0,864.5,865.6,16928
1614141600,865.8,866.7,865.0,866.4,17205
1614141900,866.95,867.0,866.05,866.2,5895
1614142200,866.2,867.0,866.1,866.3,7363
1614142500,866.7,866.75,866.0,866.05,6029
1614142800,866.0,866.05,865.25,865.3,12636
1614143100,865.3,865.3,864.3,864.85,6200
1614143400,864.5,865.35,862.2,862.85,19700
1614143700,862.85,864.8,862.85,864.4,5701
1614144000,864.5,866.7,864.4,866.0,8983
1614144300,866.0,866.6,865.55,866.4,5220
1614144600,866.4,866.95,866.2,866.95,8202
1614144900,866.95,868.7,866.95,868.55,19528
1614145200,868.7,868.7,866.25,866.4,12804
1614145500,867.0,867.0,864.0,866.1,17058
1614145800,866.05,866.9,865.0,866.9,15019
1614146100,866.9,867.0,866.0,866.05,11342
1614146400,866.0,867.0,865.2,865.55,10488
1614146700,865.55,865.55,863.25,863.5,12826
1614147000,863.5,864.7,862.8,862.8,8675
1614161700,862.8,866.9,852.7,862.25,10301
1614162000,864.0,865.0,862.2,862.95,8094
1614162300,862.95,863.0,861.15,862.05,41496
1614162600,862.05,866.0,862.0,865.9,19410
1614162900,865.9,866.8,864.7,866.45,12420
1614163200,866.45,866.9,864.1,866.85,13735
1614163500,866.7,869.5,866.0,869.5,14165
1614163800,869.5,870.85,869.0,870.45,10064
1614164100,870.4,870.8,868.9,870.3,27174
1614164400,870.0,872.0,870.0,871.0,16128
1614164700,871.0,872.5,870.25,872.0,10712
1614165000,872.45,872.85,872.0,872.0,10115
1614165300,872.1,872.1,872.0,872.1,11651
1614165600,872.05,872.35,869.1,872.0,8563
1614165900,872.2,872.8,870.35,872.8,23465
1614224700,873.2,877.8,873.0,876.9,33533
1614225000,876.9,879.9,876.35,879.55,54527
1614225300,879.6,882.0,878.5,879.0,43398
1614225600,879.0,882.25,875.2,881.65,59832
1614225900,881.65,881.8,879.75,881.25,30920
1614226200,881.25,882.9,880.05,880.9,33157
1614226500,880.45,880.75,880.05,880.4,113846
1614226800,880.0,881.15,879.3,881.0,30803
1614227100,881.15,881.4,879.4,880.75,18601
1614227400,880.75,881.25,880.2,881.15,15688
1614227700,881.15,881.55,880.0,881.2,18803
1614228000,881.2,881.2,878.7,879.55,33669
1614228300,879.7,880.05,879.25,879.25,51664
1614228600,879.25,880.0,879.1,879.7,31678
1614228900,879.7,880.05,879.35,879.55,25457
1614229200,879.55,880.1,879.2,879.9,42135
1614229500,879.9,880.15,879.6,880.0,23734
1614229800,880.0,880.2,879.6,880.05,13935
1614230100,880.05,880.05,878.7,879.7,12033
1614230400,879.7,880.25,879.2,879.65,8918
1614230700,879.65,880.1,879.55,879.85,7230
1614231000,879.55,880.0,879.3,880.0,15883
1614231300,880.0,880.0,879.7,879.85,20220
1614231600,879.85,880.2,879.7,880.2,24044
1614231900,880.15,880.2,879.4,879.4,20974
1614232200,879.4,880.0,879.4,879.55,12677
1614232500,879.55,880.05,879.45,879.85,8895
1614232800,879.85,880.05,879.5,879.95,9718
1614233100,879.85,880.0,879.05,879.7,20784
1614233400,879.7,880.0,879.2,880.0,14320
1614233700,880.0,880.0,879.4,880.0,15654
1614234000,879.95,880.0,879.55,879.6,11798
1614234300,879.6,880.4,879.55,879.75,35024
1614234600,879.75,880.0,879.7,879.7,12770
1614234900,879.7,879.95,879.35,879.75,7311
1614235200,879.75,880.0,879.5,879.7,12954
1614235500,879.7,879.7,876.6,877.25,21102
1614235800,877.45,877.55,876.35,876.8,6509
1614236100,876.8,877.0,874.4,875.7,28820
1614236400,875.7,877.25,875.3,876.45,9323
1614236700,876.45,876.5,875.5,876.3,6208
1614237000,876.3,876.7,875.85,876.2,10210
1614237300,876.2,876.55,873.75,874.2,21733
1614237600,874.6,874.95,874.1,874.8,11571
1614237900,874.8,875.55,874.6,874.6,10240
1614238200,875.05,875.05,872.95,873.2,20758
1614238500,873.2,873.2,872.95,872.95,10196
1614238800,873.0,873.0,872.05,872.65,11472
1614239100,872.65,875.4,872.45,875.15,11067
1614239400,875.2,875.25,874.0,874.2,9800
1614239700,874.2,875.0,873.45,875.0,7555
1614240000,875.0,875.3,874.2,874.2,5791
1614240300,874.5,875.7,874.2,875.7,7197
1614240600,875.7,877.2,875.55,877.2,15559
1614240900,877.2,878.45,876.95,878.45,14736
1614241200,878.45,878.45,874.1,874.75,63030
1614241500,874.75,875.0,871.8,871.8,14624
1614241800,871.6,874.35,870.45,874.0,22914
1614242100,873.95,874.25,872.5,873.75,15800
1614242400,873.75,873.95,872.4,873.05,12370
1614242700,872.9,873.5,871.1,871.1,10903
1614243000,871.1,876.0,871.1,875.9,27199
1614243300,876.3,877.65,876.05,877.0,27576
1614243600,877.0,877.0,876.5,876.65,19593
1614243900,876.6,876.6,875.5,875.7,21645
1614244200,875.7,877.25,875.55,876.55,34707
1614244500,876.55,877.95,875.65,876.0,26402
1614244800,876.1,877.1,875.6,876.8,22647
1614245100,876.8,876.8,874.0,874.4,38432
1614245400,874.45,876.95,870.35,871.0,97376
1614245700,871.0,871.15,869.7,870.7,54823
1614246000,870.65,872.2,870.25,871.1,43337
1614246300,871.1,872.95,871.1,872.3,45888
1614246600,872.2,875.0,872.2,873.35,59413
1614246900,873.45,875.9,872.95,875.0,37857
1614311100,860.0,868.9,859.9,868.7,49607
1614311400,867.0,868.75,866.05,867.2,39878
1614311700,867.3,874.8,867.3,872.75,34712
1614312000,872.75,873.0,867.6,869.95,79100
1614312300,869.55,870.25,868.7,868.85,22763
1614312600,869.0,870.45,868.75,870.4,24022
1614312900,870.4,874.0,870.0,873.9,24635
1614313200,874.2,875.0,871.75,872.35,27604
1614313500,872.35,874.8,871.3,874.25,18913
1614313800,873.2,874.35,873.0,873.65,19578
1614314100,872.85,873.95,872.65,872.95,17281
1614314400,872.95,873.3,871.0,873.25,20195
1614314700,873.2,873.25,867.4,869.95,23086
1614315000,870.3,870.3,868.0,868.6,13118
1614315300,868.6,868.7,865.5,866.0,15815
1614315600,865.95,867.55,865.0,865.25,16989
1614315900,865.25,866.4,864.6,865.4,25863
1614316200,865.4,865.4,862.75,863.05,10857
1614316500,863.05,865.65,862.0,865.65,17246
1614316800,865.5,867.7,865.0,866.85,12383
1614317100,866.85,868.05,865.0,867.4,24269
1614317400,867.45,867.45,863.1,865.2,18533
1614317700,865.15,866.7,864.55,866.0,22973
1614318000,866.15,868.6,865.9,868.3,12698
1614318300,868.3,868.3,863.5,865.2,20979
1614318600,865.2,866.8,864.0,864.3,25981
1614318900,864.3,864.3,863.15,863.5,16549
1614319200,863.45,864.4,862.05,862.3,43490
1614319500,862.75,866.6,861.05,865.65,56094
1614319800,865.65,865.95,862.0,862.7,10401
1614320100,863.0,863.35,861.35,861.8,10769
1614320400,861.8,864.65,860.95,864.0,15883
1614320700,864.0,864.85,861.65,862.6,16309
1614321000,862.6,863.0,860.2,860.35,19152
1614321300,860.4,861.05,858.05,858.5,38066
1614321600,858.5,860.85,858.35,860.0,18738
1614321900,859.95,860.55,859.15,860.25,25397
1614322200,860.25,861.95,860.25,861.65,37423
1614322500,861.7,861.7,861.0,861.15,25154
1614322800,861.15,862.7,861.0,861.7,24236
1614323100,861.55,862.45,861.0,862.2,41191
1614323400,862.2,862.9,861.0,862.6,22034
1614323700,862.65,865.75,862.2,863.3,40225
1614324000,863.45,866.0,863.45,865.9,20167
1614324300,865.9,866.7,865.0,865.5,27747
1614324600,865.5,865.7,865.0,865.4,30150
1614324900,865.4,865.9,864.85,865.3,46506
1614325200,865.3,867.35,865.0,867.3,26068
1614325500,867.3,867.35,865.0,865.0,14326
1614325800,865.0,870.0,865.0,867.25,31859
1614326100,867.25,868.75,866.5,866.6,11086
1614326400,866.15,867.15,865.05,865.35,17383
1614326700,865.35,866.0,865.15,865.8,15338
1614327000,865.75,867.05,865.55,865.85,10951
1614327300,865.85,866.5,865.05,866.4,37636
1614327600,866.0,866.8,865.2,865.8,7954
1614327900,865.85,866.45,865.5,865.85,8836
1614328200,865.85,866.65,865.5,866.6,15311
1614328500,866.35,866.85,865.5,865.95,20134
1614328800,865.85,868.2,865.5,867.55,16385
1614329100,867.25,867.6,866.0,866.3,22715
1614329400,866.35,866.6,866.0,866.45,13471
1614329700,866.45,866.8,865.5,865.85,15636
1614330000,865.7,867.95,865.5,867.7,18799
1614330300,867.2,872.0,867.0,871.3,33621
1614330600,871.3,872.95,870.45,872.35,27406
1614330900,872.35,872.95,871.65,872.45,26479
1614331200,872.5,877.0,872.0,876.8,44689
1614331500,876.8,878.95,875.35,878.45,91530
1614331800,878.45,878.45,863.9,863.9,201762
1614332100,863.9,867.4,863.65,866.9,137390
1614332400,866.95,871.95,866.9,871.65,109209
1614332700,871.7,871.7,865.1,867.6,149938
1614333000,867.65,869.05,860.1,864.3,138194
1614333300,864.35,866.0,860.0,864.0,142500
1614570300,860.0,867.45,860.0,866.65,88680
1614570600,866.65,871.35,865.6,869.45,46025
1614570900,869.05,871.45,866.4,867.4,33301
1614571200,866.4,868.05,865.35,866.65,62794
1614571500,866.65,870.55,865.0,870.05,59172
1614571800,869.85,870.95,866.75,869.0,41086
1614572100,869.0,869.4,865.0,867.55,97842
1614572400,867.35,868.65,854.4,861.75,200954
1614572700,861.6,862.0,858.5,860.0,83853
1614573000,859.8,859.8,858.0,858.75,37126
1614573300,858.75,859.0,857.0,857.85,62580
1614573600,857.85,859.0,857.75,858.7,34334
1614573900,858.7,861.4,858.65,859.95,45844
1614574200,859.95,861.95,858.55,858.55,74548
1614574500,858.7,859.0,857.7,857.9,60834
1614574800,857.9,858.25,857.3,857.3,23355
1614575100,857.8,859.5,857.65,858.75,46719
1614575400,858.7,859.0,854.3,854.8,77348
1614575700,854.8,855.0,854.6,855.0,88189
1614576000,854.95,855.0,852.2,854.5,136915
1614576300,854.5,857.4,854.5,857.4,54262
1614576600,857.4,858.75,857.35,858.0,22377
1614576900,858.25,859.0,857.65,858.8,21343
1614577200,858.8,860.8,858.8,860.1,32937
1614577500,860.15,860.45,858.35,858.65,12347
1614577800,859.1,859.1,857.2,858.45,13279
1614578100,858.45,860.0,858.0,859.15,11344
1614578400,859.1,859.6,857.7,857.7,13121
1614578700,857.7,858.0,857.5,858.0,15922
1614579000,857.7,858.0,854.85,857.2,44083
1614579300,857.2,858.0,856.8,857.55,15791
1614579600,857.0,859.4,857.0,858.45,14071
1614579900,858.15,859.5,858.0,858.95,10947
1614580200,858.9,858.9,855.75,855.85,8367
1614580500,855.8,856.35,855.4,855.55,9005
1614580800,855.55,856.25,854.35,854.85,23201
1614581100,854.5,857.95,854.5,857.45,17270
1614581400,857.5,859.5,857.0,857.4,39346
1614581700,857.4,858.65,856.0,856.85,9790
1614582000,856.85,857.05,856.05,856.05,5283
1614582300,856.35,856.45,855.1,855.1,8843
1614582600,855.1,857.0,855.1,857.0,11563
1614582900,857.0,859.5,857.0,858.55,25027
1614583200,858.55,859.0,858.0,858.2,8012
1614583500,858.2,858.65,857.5,857.5,4122
1614583800,857.5,859.0,857.5,858.15,7652
1614584100,858.15,860.6,858.15,860.05,40069
1614584400,860.45,861.2,860.0,861.2,20382
1614584700,861.15,862.45,861.0,861.4,33261
1614585000,861.45,863.5,860.9,863.4,35920
1614585300,863.45,864.15,862.4,863.2,20782
1614585600,863.5,864.1,862.1,862.25,16306
1614585900,862.2,862.85,862.1,862.75,5960
1614586200,862.7,862.8,862.3,862.65,6231
1614586500,862.65,862.75,862.3,862.45,5827
1614586800,862.45,863.6,862.0,863.35,14124
1614587100,863.35,863.35,861.65,862.0,12953
1614587400,862.15,865.0,862.0,864.6,28958
1614587700,864.7,866.3,864.0,864.15,28417
1614588000,864.0,865.25,863.5,863.8,18695
1614588300,863.8,865.2,862.9,863.85,37672
1614588600,863.95,865.05,863.5,865.0,30650
1614588900,865.0,867.25,864.65,865.2,39181
1614589200,865.45,869.75,865.2,868.2,32138
1614589500,867.6,871.0,867.6,870.55,29374
1614589800,870.55,872.75,870.55,871.0,32653
1614590100,871.0,871.0,869.15,869.5,23745
1614590400,869.65,872.45,869.65,871.55,17971
1614590700,871.55,874.5,871.55,873.6,30151
1614591000,874.05,875.45,872.0,874.9,41267
1614591300,874.95,877.9,874.9,876.2,43716
1614591600,876.25,877.0,873.5,874.5,31011
1614591900,874.65,878.0,874.5,877.6,33501
1614592200,877.85,879.0,876.65,876.65,51678
1614592500,876.7,877.0,875.0,875.5,20731
1614656700,876.75,879.0,872.2,875.9,42010
1614657000,875.9,879.75,875.75,879.55,21375
1614657300,879.6,882.95,877.0,879.45,28728
1614657600,880.05,881.95,877.55,879.7,18742
1614657900,879.7,880.95,879.0,879.0,13250
1614658200,879.0,880.1,878.25,879.55,17623
1614658500,879.4,882.3,878.25,881.35,31950
1614658800,881.35,883.9,880.0,880.5,61788
1614659100,880.1,880.85,878.3,879.3,34920
1614659400,879.3,879.85,878.35,878.75,9011
1614659700,878.75,879.95,877.05,879.05,31399
1614660000,879.5,880.0,879.05,880.0,22114
1614660300,880.0,882.8,879.3,879.75,44536
1614660600,879.45,884.6,879.45,884.0,58196
1614660900,884.0,884.0,879.8,881.8,48180
1614661200,881.4,882.4,879.8,880.0,25195
1614661500,880.0,880.1,876.05,877.6,36069
1614661800,877.6,877.6,876.05,877.0,14861
1614662100,877.0,877.0,875.0,875.05,30978
1614662400,875.05,875.25,873.4,874.6,11112
1614662700,874.6,875.0,872.9,874.85,7737
1614663000,874.85,875.2,873.05,874.05,4595
1614663300,874.05,874.3,871.05,871.75,11240
1614663600,871.75,873.45,870.5,872.25,11079
1614663900,872.25,874.7,871.25,873.15,21385
1614664200,873.2,874.65,872.5,874.25,8910
1614664500,874.0,876.5,873.7,876.0,9838
1614664800,876.0,877.7,876.0,877.5,8304
1614665100,877.5,880.5,877.5,879.3,17277
1614665400,879.5,880.0,878.4,879.9,6277
1614665700,879.9,880.0,879.0,879.4,10259
1614666000,879.4,879.95,878.2,879.85,8364
1614666300,879.95,880.0,878.15,878.75,8573
1614666600,878.75,878.75,876.8,876.8,7983
1614666900,876.8,877.2,876.55,877.0,6098
1614667200,876.7,878.95,876.0,878.65,16539
1614667500,878.6,879.0,877.65,877.9,6260
1614667800,877.9,878.8,877.1,878.25,9295
1614668100,878.25,879.0,877.6,877.8,11226
1614668400,877.8,878.8,877.5,878.8,6618
1614668700,878.8,878.9,877.45,878.35,7100
1614669000,878.0,878.6,877.4,877.6,7442
1614669300,877.9,878.25,877.25,877.7,11127
1614669600,877.65,877.9,877.0,877.6,15724
1614669900,877.15,877.95,877.0,877.75,8222
1614670200,877.25,878.0,877.1,877.75,8650
1614670500,877.6,877.9,877.0,877.65,9805
1614670800,877.1,877.95,876.75,877.65,11973
1614671100,877.65,878.4,876.3,878.0,22355
1614671400,878.0,878.4,877.0,877.1,11943
1614671700,877.6,878.4,875.9,877.6,35729
1614672000,877.6,878.0,876.8,877.6,12038
1614672300,877.6,877.9,876.7,877.2,7862
1614672600,877.2,878.45,876.05,877.8,11017
1614672900,877.2,879.45,877.2,878.0,11488
1614673200,878.0,878.65,876.8,876.8,11356
1614673500,876.75,877.5,874.05,874.35,28989
1614673800,874.8,879.0,874.25,878.65,11048
1614674100,878.65,879.0,878.15,878.25,5060
1614674400,878.6,878.6,877.35,877.9,4992
1614674700,877.9,878.5,877.0,877.85,4786
1614675000,877.85,878.15,877.4,877.8,4485
1614675300,877.8,878.0,876.65,877.75,12575
1614675600,877.75,878.3,877.3,877.95,6788
1614675900,878.0,878.7,877.3,878.2,14209
1614676200,878.2,878.2,876.9,877.55,95185
1614676500,877.55,877.55,876.0,876.7,19716
1614676800,876.7,877.0,875.3,875.85,9161
1614677100,875.85,875.95,874.6,875.0,10182
1614677400,875.0,875.5,874.95,875.0,47178
1614677700,874.95,877.0,874.95,876.6,32847
1614678000,876.6,878.55,876.3,877.9,45252
1614678300,877.85,878.3,876.45,877.25,49961
1614678600,877.25,878.25,877.1,877.7,41170
1614678900,877.75,886.0,877.7,885.0,132900
1614743100,888.0,891.5,883.5,887.4,72045
1614743400,887.35,892.85,887.15,890.0,69863
1614743700,889.55,894.0,889.2,892.0,43259
1614744000,892.0,895.0,892.0,894.55,67209
1614744300,894.6,895.8,889.0,890.95,81835
1614744600,890.95,892.0,890.65,891.5,48938
1614744900,891.6,893.1,891.1,892.55,58183
1614745200,892.75,895.2,892.75,894.85,28602
1614745500,894.8,895.1,894.1,895.1,18691
1614745800,895.0,895.4,894.3,895.0,28475
1614746100,895.05,895.25,894.9,895.1,27634
1614746400,895.1,895.45,894.8,895.2,46826
1614746700,895.2,895.6,895.0,895.05,14188
1614747000,895.2,895.25,895.0,895.15,26324
1614747300,895.15,895.3,895.0,895.1,24955
1614747600,895.25,895.75,895.0,895.0,30268
1614747900,895.2,895.6,895.0,895.5,11027
1614748200,895.55,897.75,895.0,895.0,41130
1614748500,895.6,895.6,893.35,895.0,84591
1614748800,895.0,897.6,895.0,896.4,22006
1614749100,896.3,896.3,895.0,895.3,14847
1614749400,895.3,895.3,895.0,895.25,11298
1614749700,895.3,895.95,895.1,895.6,7693
1614750000,895.55,895.55,895.0,895.25,22272
1614750300,895.25,895.4,895.0,895.3,4492
1614750600,895.3,895.45,895.0,895.25,7340
1614750900,895.3,895.5,895.0,895.3,6908
1614751200,895.3,896.55,895.0,896.3,20178
1614751500,896.3,898.0,896.3,897.35,18056
1614751800,897.05,897.85,896.55,897.6,11292
1614752100,897.3,898.2,897.1,897.3,16589
1614752400,897.4,899.0,897.2,897.4,19758
1614752700,897.95,899.0,897.95,898.6,12046
1614753000,898.6,899.0,897.45,898.5,10730
1614753300,898.25,898.95,898.1,898.95,6725
1614753600,898.95,898.95,898.0,898.0,8012
1614753900,898.35,898.85,897.95,898.75,9898
1614754200,898.5,902.1,898.3,902.1,83241
1614754500,902.45,904.7,902.1,903.95,58303
1614754800,903.95,903.95,900.95,901.5,27669
1614755100,901.5,901.95,899.8,900.15,27375
1614755400,900.15,901.0,898.1,901.0,17174
1614755700,901.45,901.45,900.0,900.5,4667
1614756000,900.5,900.5,899.0,899.4,4430
1614756300,899.4,900.7,898.9,900.0,10526
1614756600,900.0,900.5,899.2,900.3,6082
1614756900,900.3,900.4,899.55,900.0,7498
1614757200,900.0,900.6,900.0,900.6,7837
1614757500,900.7,900.95,899.65,900.0,10495
1614757800,900.3,900.5,900.0,900.5,6052
1614758100,900.1,901.65,900.0,900.95,8162
1614758400,900.4,900.95,900.0,900.1,4996
1614758700,900.1,900.45,900.0,900.05,3456
1614759000,900.3,900.35,899.85,900.1,5492
1614759300,900.1,901.0,900.1,900.9,7697
1614759600,900.9,900.9,900.0,900.45,14588
1614759900,900.2,902.8,900.05,902.8,14989
1614760200,902.8,903.65,902.15,902.15,20849
1614760500,902.15,903.2,902.15,902.85,9719
1614760800,902.85,903.85,902.8,903.65,18307
1614761100,903.65,904.0,902.65,903.6,12535
1614761400,903.6,904.15,903.05,904.1,16917
1614761700,904.1,905.3,902.05,902.6,75803
1614762000,903.0,904.0,902.55,903.75,12475
1614762300,903.8,905.0,903.05,903.75,13430
1614762600,903.85,903.95,902.0,903.05,18461
1614762900,903.05,904.0,900.0,901.15,48907
1614763200,901.15,903.0,900.0,903.0,17202
1614763500,903.6,903.7,901.25,902.3,19396
1614763800,902.25,904.5,902.25,904.1,72758
1614764100,904.15,905.95,904.0,905.55,64785
1614764400,905.5,906.0,905.0,905.9,74174
1614764700,905.9,908.8,905.9,908.45,86662
1614765000,908.6,910.0,907.65,908.5,105172
1614765300,908.4,908.5,903.75,905.5,50465
1614829500,899.7,901.9,895.2,896.25,66258
1614829800,896.25,898.4,892.4,898.4,54388
1614830100,898.3,903.0,898.3,901.4,45055
1614830400,901.6,902.2,900.0,900.95,23553
1614830700,900.95,902.05,900.0,902.05,21632
1614831000,902.35,905.7,901.95,903.1,22699
1614831300,903.0,903.55,900.0,901.8,27869
1614831600,901.8,902.5,900.2,900.8,13422
1614831900,900.55,911.4,900.55,909.2,81477
1614832200,909.5,916.45,909.05,915.05,99384
1614832500,915.0,922.0,915.0,921.85,97334
1614832800,921.5,924.8,919.45,919.9,180914
1614833100,920.45,921.0,917.0,917.9,103653
1614833400,917.9,919.7,915.65,919.2,68383
1614833700,919.0,919.55,917.15,918.85,47754
1614834000,918.85,920.0,917.25,917.6,31199
1614834300,917.6,918.0,913.85,914.9,52428
1614834600,915.0,915.45,914.0,915.0,36049
1614834900,914.65,918.8,914.45,914.7,41888
1614835200,914.5,917.5,913.1,917.45,33705
1614835500,917.45,917.5,915.25,917.25,9800
1614835800,917.25,919.25,916.8,917.0,29638
1614836100,917.0,918.9,916.4,918.9,17973
1614836400,919.45,921.5,919.0,920.0,204622
1614836700,920.0,920.35,917.3,918.15,26799
1614837000,918.45,918.65,917.5,917.9,10553
1614837300,917.9,918.0,917.0,917.5,10498
1614837600,917.5,919.55,917.2,919.55,19820
1614837900,918.55,920.0,917.0,920.0,19802
1614838200,920.0,920.0,918.5,919.2,14632
1614838500,919.2,920.0,918.15,919.0,13965
1614838800,918.65,920.0,918.65,919.0,15673
1614839100,919.0,921.1,918.9,919.95,34064
1614839400,919.95,922.0,919.75,921.3,632974
1614839700,921.45,921.7,920.0,921.05,17512
1614840000,921.3,921.3,919.75,920.2,19352
1614840300,920.2,920.45,920.0,920.15,19311
1614840600,920.15,921.0,920.0,920.75,15088
1614840900,920.9,921.75,920.55,921.1,32943
1614841200,921.15,921.4,920.2,920.5,13529
1614841500,920.5,921.0,920.2,921.0,13888
1614841800,921.0,921.95,920.8,921.65,9470
1614842100,921.65,922.0,921.0,921.6,18494
1614842400,921.6,921.6,920.2,920.6,11962
1614842700,921.35,921.55,920.25,920.75,13130
1614843000,920.75,921.35,920.25,920.5,9582
1614843300,920.5,920.5,920.2,920.2,12627
1614843600,920.25,921.0,920.15,920.6,9430
1614843900,920.3,920.75,920.15,920.3,11261
1614844200,920.2,920.5,920.05,920.1,14854
1614844500,920.15,920.7,919.3,920.4,39915
1614844800,920.4,922.0,920.4,921.25,24343
1614845100,921.35,921.35,920.2,920.65,8052
1614845400,920.65,921.3,920.3,920.4,5718
1614845700,920.4,921.5,920.05,920.85,20446
1614846000,920.85,920.95,920.15,920.2,8243
1614846300,920.2,920.9,919.15,920.0,41777
1614846600,920.1,920.1,916.0,917.75,38548
1614846900,917.8,919.95,917.55,918.7,15380
1614847200,918.7,918.95,918.05,918.5,8078
1614847500,918.65,919.45,915.7,916.0,36458
1614847800,916.0,917.0,915.8,916.5,12339
1614848100,916.85,917.45,915.4,915.5,20194
1614848400,915.65,916.85,915.65,915.8,10921
1614848700,915.7,918.6,915.0,918.3,30048
1614849000,918.5,918.5,915.2,916.2,13043
1614849300,916.6,917.1,916.05,916.6,12447
1614849600,916.6,918.9,916.6,918.7,16893
1614849900,918.65,918.65,916.3,918.5,17531
1614850200,918.8,921.9,918.5,918.5,47713
1614850500,918.6,918.6,915.75,917.0,38835
1614850800,917.0,917.45,915.5,916.2,44154
1614851100,916.2,916.85,915.5,916.1,57291
1614851400,916.1,916.2,910.6,912.6,81093
1614851700,912.6,916.0,911.2,915.0,32887
1614915900,910.0,915.0,905.0,911.65,47622
1614916200,911.65,912.05,906.4,907.7,25037
1614916500,907.7,910.0,906.1,906.85,16807
1614916800,906.5,907.0,902.5,902.5,23562
1614917100,902.3,904.95,901.55,904.5,13317
1614917400,904.9,909.8,904.9,909.25,18782
1614917700,910.0,911.55,909.0,910.0,24023
1614918000,910.0,911.8,908.75,910.95,10604
1614918300,911.1,911.9,909.7,910.05,9398
1614918600,910.5,910.95,907.15,907.35,8830
1614918900,907.35,910.85,907.35,910.85,5435
1614919200,910.5,910.85,907.15,909.25,9585
1614919500,909.2,909.85,908.3,908.7,5162
1614919800,908.7,909.85,906.2,906.9,8122
1614920100,906.9,908.1,905.0,905.65,18913
1614920400,905.65,907.95,905.0,906.05,12441
1614920700,906.2,909.0,906.15,908.0,7954
1614921000,908.1,910.75,907.3,909.6,11146
1614921300,909.6,910.75,908.0,909.55,9154
1614921600,909.55,910.45,903.15,903.8,39084
1614921900,904.05,904.95,902.15,902.55,26614
1614922200,902.55,902.55,894.95,899.0,65671
1614922500,898.75,900.0,897.8,898.75,17836
1614922800,898.85,900.75,896.95,898.0,24009
1614923100,898.0,899.6,895.0,899.2,28146
1614923400,899.2,900.35,898.0,900.15,16517
1614923700,900.15,900.15,897.0,899.25,22207
1614924000,899.25,901.25,897.8,900.7,19358
1614924300,900.75,902.05,900.15,900.95,11085
1614924600,900.95,901.85,900.05,901.2,10671
1614924900,901.2,904.4,900.5,903.5,15399
1614925200,903.3,904.75,901.35,902.05,10480
1614925500,901.65,904.3,901.1,903.0,11085
1614925800,903.0,904.15,902.4,903.95,8152
1614926100,903.95,904.15,902.2,903.7,7160
1614926400,903.75,905.0,902.35,904.85,19472
1614926700,904.85,905.0,904.25,905.0,11188
1614927000,904.95,906.95,904.95,906.95,15078
1614927300,907.0,908.0,906.35,906.8,11957
1614927600,907.15,908.4,906.65,908.4,11455
1614927900,908.4,908.4,904.75,906.75,12393
1614928200,906.85,908.0,906.0,907.0,9441
1614928500,907.0,908.0,906.95,907.5,9878
1614928800,907.5,907.55,903.75,904.75,11098
1614929100,904.75,905.4,904.1,904.1,7755
1614929400,904.5,904.5,901.45,902.8,18858
1614929700,902.7,903.85,901.05,902.35,11860
1614930000,902.35,904.55,901.75,903.1,10073
1614930300,903.1,904.9,902.05,904.9,10948
1614930600,904.9,906.3,902.75,905.5,17107
1614930900,905.6,906.25,904.0,904.85,11449
1614931200,904.15,905.75,902.6,904.3,9192
1614931500,904.75,905.95,901.7,902.85,15903
1614931800,902.85,904.75,901.75,904.05,9911
1614932100,904.5,905.05,901.9,902.25,17216
1614932400,902.25,905.0,900.05,901.35,11750
1614932700,901.35,903.0,900.0,903.0,19078
1614933000,902.85,903.2,901.0,901.8,11827
1614933300,901.8,902.0,900.0,900.25,14599
1614933600,900.25,901.1,896.85,901.1,29216
1614933900,901.55,901.7,898.0,900.65,9037
1614934200,900.65,902.4,900.35,901.5,11364
1614934500,901.8,905.0,901.65,903.6,14671
1614934800,903.75,905.0,902.25,905.0,9042
1614935100,905.0,906.35,904.35,905.95,8569
1614935400,906.0,906.0,901.3,901.7,17192
1614935700,902.2,902.35,900.0,901.05,11197
1614936000,901.3,904.7,900.2,903.7,12032
1614936300,903.7,904.0,901.75,903.45,20167
1614936600,903.35,903.45,901.0,902.6,23138
1614936900,902.6,905.75,902.6,905.3,31920
1614937200,905.3,905.3,903.1,904.7,28340
1614937500,904.85,904.85,903.05,903.5,44988
1614937800,903.5,904.65,903.4,903.85,33678
1614938100,903.85,903.85,901.4,903.85,33086
1615175100,903.6,908.0,901.7,908.0,38998
1615175400,907.05,907.9,904.35,907.05,13576
1615175700,907.5,910.5,907.2,910.5,17632
1615176000,910.5,910.9,908.3,908.5,13902
1615176300,908.5,910.55,907.7,909.6,10638
1615176600,909.75,910.9,909.3,910.2,6739
1615176900,910.2,910.8,909.55,910.0,3608
1615177200,910.9,910.9,909.8,910.0,11963
1615177500,910.0,910.7,909.45,910.7,4213
1615177800,910.7,910.9,909.85,910.0,6563
1615178100,910.0,910.9,909.65,910.9,5864
1615178400,910.9,910.9,909.5,909.5,3234
1615178700,909.5,913.95,908.6,913.5,22262
1615179000,913.5,915.0,912.6,915.0,20154
1615179300,915.0,915.0,912.5,913.1,14357
1615179600,913.1,913.1,910.8,911.35,10264
1615179900,911.35,911.9,910.85,911.8,5512
1615180200,911.6,911.8,905.65,905.65,27875
1615180500,905.45,906.0,903.0,905.95,18605
1615180800,905.7,906.75,904.8,906.4,10179
1615181100,906.4,908.5,906.35,908.0,3194
1615181400,908.0,908.15,905.45,906.4,5944
1615181700,906.4,906.4,905.0,906.05,11698
1615182000,905.8,907.7,905.75,907.1,4879
1615182300,907.1,908.0,906.6,907.5,4717
1615182600,907.5,909.0,907.5,908.6,8514
1615182900,909.0,909.0,907.9,908.3,4228
1615183200,907.8,911.0,907.8,910.25,11404
1615183500,910.1,910.55,909.0,909.0,4130
1615183800,909.05,909.05,908.0,908.05,4813
1615184100,908.05,908.75,908.0,908.35,2984
1615184400,908.2,910.5,907.5,910.05,7163
1615184700,910.1,910.55,909.6,910.1,4732
1615185000,909.7,911.0,909.7,910.4,3188
1615185300,910.4,910.9,910.0,910.4,18091
1615185600,910.4,911.0,910.4,910.5,3146
1615185900,910.55,912.2,910.5,912.2,9588
1615186200,912.2,913.0,911.9,912.95,7842
1615186500,912.5,914.55,912.5,912.65,12093
1615186800,912.65,914.0,912.0,913.0,7712
1615187100,913.0,915.75,912.8,915.0,20611
1615187400,914.9,916.9,914.0,914.0,21777
1615187700,913.55,915.0,911.75,914.0,13581
1615188000,914.25,916.0,912.0,913.05,13048
1615188300,913.05,919.7,912.5,918.8,43040
1615188600,918.8,920.0,917.45,919.2,40539
1615188900,919.3,921.0,918.25,918.5,34811
1615189200,918.45,920.0,918.0,919.95,9890
1615189500,919.85,920.7,916.4,917.0,27276
1615189800,917.0,917.35,914.75,915.0,18729
1615190100,915.4,915.4,913.0,914.95,16575
1615190400,914.95,915.75,913.8,913.8,8915
1615190700,913.8,914.5,912.5,913.35,9311
1615191000,913.35,913.35,908.65,908.9,23478
1615191300,908.9,910.15,908.1,909.9,8305
1615191600,909.9,911.85,909.8,911.8,5535
1615191900,911.5,913.7,911.0,913.4,10144
1615192200,913.4,913.8,911.4,912.35,5185
1615192500,912.35,912.65,911.65,912.1,1010
1615192800,912.1,913.45,910.2,911.5,11321
1615193100,911.5,914.2,911.5,914.1,53688
1615193400,914.1,914.9,913.6,914.9,5883
1615193700,914.9,915.0,913.8,914.6,10312
1615194000,914.6,915.7,913.8,915.3,3926
1615194300,915.3,917.75,914.45,916.5,23541
1615194600,916.5,919.9,916.5,918.3,18539
1615194900,918.3,918.9,917.0,917.15,8137
1615195200,917.15,918.9,916.5,918.0,19181
1615195500,918.0,918.0,916.0,917.9,27687
1615195800,917.9,921.0,917.75,920.7,67107
1615196100,920.45,923.0,919.5,922.95,80646
1615196400,923.0,924.0,920.4,920.85,59584
1615196700,920.85,924.9,920.55,924.85,74361
1615197000,924.9,928.6,924.45,928.0,109451
1615197300,928.4,930.65,926.15,929.0,82665
1615261500,950.0,955.0,939.0,952.4,562278
1615261800,952.0,959.0,952.0,958.95,465235
1615262100,959.0,959.0,955.75,957.0,296887
1615262400,957.3,964.8,957.25,962.2,337504
1615262700,962.0,962.7,956.55,959.5,198119
1615263000,959.1,963.0,959.1,962.9,199619
1615263300,962.8,963.0,959.25,959.8,148741
1615263600,959.4,960.0,957.5,957.6,93151
1615263900,957.85,957.95,955.45,956.9,212143
1615264200,956.55,959.0,955.05,958.7,143923
1615264500,958.7,960.0,957.0,957.95,91840
1615264800,957.95,957.95,953.0,955.0,110887
1615265100,954.95,957.0,953.6,954.95,86546
1615265400,954.6,955.75,954.15,955.0,45847
1615265700,954.85,955.45,954.3,955.15,49912
1615266000,955.15,956.0,954.95,955.3,59416
1615266300,955.25,959.9,955.0,958.6,88025
1615266600,958.55,959.0,957.7,958.65,44513
1615266900,958.65,959.0,955.1,957.35,83541
1615267200,957.25,958.5,956.05,956.6,49366
1615267500,957.0,958.4,956.6,957.65,37362
1615267800,957.6,958.8,957.0,957.1,58341
1615268100,957.65,957.95,956.3,956.55,32826
1615268400,956.55,957.1,956.3,956.45,23807
1615268700,956.4,959.9,956.4,959.7,62007
1615269000,959.7,959.75,958.6,958.7,62361
1615269300,958.7,959.35,957.65,958.6,36574
1615269600,958.2,958.95,957.1,958.65,49056
1615269900,958.65,958.65,957.4,958.1,40581
1615270200,958.55,959.0,957.8,958.9,29118
1615270500,958.9,959.3,958.5,959.15,34612
1615270800,959.1,959.75,958.75,959.4,40607
1615271100,959.75,968.0,959.75,966.95,431817
1615271400,966.95,972.0,966.7,969.35,447216
1615271700,969.0,974.75,968.5,974.3,314179
1615272000,974.5,979.85,974.05,975.4,446213
1615272300,975.4,976.0,971.1,972.0,226916
1615272600,972.0,974.6,971.6,973.45,106302
1615272900,973.45,975.0,972.15,973.4,85168
1615273200,973.05,976.0,972.8,973.9,153749
1615273500,974.1,983.75,973.9,983.6,381956
1615273800,983.0,983.55,980.2,980.6,207820
1615274100,980.6,981.0,976.0,978.4,178375
1615274400,978.9,980.0,977.1,978.35,98821
1615274700,978.95,982.0,978.9,980.7,150766
1615275000,980.65,981.0,976.7,978.95,142839
1615275300,978.25,980.95,978.0,980.25,91615
1615275600,980.25,980.65,974.5,974.8,177606
1615275900,974.8,975.6,974.0,974.1,191889
1615276200,974.2,974.8,970.3,973.6,242396
1615276500,973.05,974.9,970.6,974.7,119497
1615276800,974.8,977.6,974.3,975.1,146942
1615277100,975.0,975.35,972.05,974.35,76320
1615277400,974.8,975.0,972.1,972.5,53149
1615277700,972.1,972.65,971.0,971.5,112838
1615278000,971.5,974.0,968.4,973.0,185636
1615278300,973.0,975.0,972.15,974.0,93999
1615278600,974.2,974.9,971.6,971.8,76200
1615278900,972.1,972.1,969.0,969.5,69212
1615279200,969.65,972.9,969.1,971.6,116801
1615279500,971.6,972.5,969.35,972.5,43063
1615279800,972.45,973.9,972.05,972.5,54624
1615280100,972.5,973.75,971.2,973.25,42636
1615280400,973.5,974.8,972.1,972.5,88514
1615280700,972.3,973.0,971.1,971.85,63198
1615281000,971.8,972.1,969.5,970.0,148015
1615281300,969.85,971.05,969.6,971.05,285582
1615281600,971.45,973.0,971.0,971.4,81476
1615281900,971.25,972.1,970.6,970.8,58647
1615282200,971.0,972.0,970.6,971.8,118773
1615282500,971.85,978.0,971.75,972.7,218374
1615282800,973.0,975.8,972.05,972.05,171240
1615283100,971.1,973.15,970.1,972.4,210929
1615283400,972.4,973.15,964.4,965.6,223710
1615283700,965.5,970.35,962.3,969.75,169449
1615347900,973.7,974.0,960.25,962.55,141305
1615348200,962.0,966.25,960.5,964.4,74695
1615348500,964.0,965.05,958.2,958.25,67305
1615348800,958.75,961.7,957.55,961.45,60103
1615349100,961.5,961.6,958.5,960.4,36180
1615349400,960.35,961.7,958.5,960.6,26190
1615349700,960.55,960.95,958.0,959.0,39490
1615350000,959.0,959.4,955.55,955.8,52240
1615350300,955.8,958.0,955.6,956.65,26416
1615350600,956.65,958.95,956.15,957.55,25306
1615350900,957.55,960.95,957.45,960.5,22902
1615351200,960.5,962.4,958.3,958.6,39194
1615351500,958.6,958.6,956.5,956.7,23045
1615351800,956.7,957.45,956.4,956.4,25110
1615352100,956.1,956.25,953.25,954.65,51121
1615352400,954.65,954.7,953.0,953.15,33915
1615352700,953.15,955.55,953.15,953.4,27083
1615353000,953.4,953.85,950.4,950.85,34567
1615353300,950.8,952.5,950.65,951.35,17501
1615353600,951.35,952.5,951.0,952.5,12590
1615353900,952.5,953.25,952.45,952.7,10845
1615354200,952.7,953.75,950.1,950.55,25779
1615354500,950.1,951.3,950.0,951.0,20086
1615354800,951.0,952.25,950.15,951.15,18672
1615355100,951.15,952.05,950.05,951.5,16026
1615355400,951.5,953.95,951.5,953.3,20911
1615355700,953.8,954.95,950.9,951.05,138080
1615356000,951.2,952.1,950.55,951.15,25044
1615356300,951.15,952.4,951.15,952.35,10404
1615356600,952.35,952.45,951.5,951.6,9147
1615356900,951.55,952.0,951.5,951.65,6451
1615357200,951.65,952.45,951.5,952.0,8630
1615357500,952.0,954.5,951.85,953.0,15181
1615357800,952.95,953.5,950.55,950.9,13676
1615358100,950.9,951.7,950.0,950.15,21341
1615358400,950.3,950.7,947.15,949.1,48599
1615358700,948.8,949.3,946.5,946.55,31936
1615359000,946.5,949.55,946.4,948.75,23655
1615359300,948.7,950.5,947.55,947.55,27230
1615359600,947.55,948.35,946.0,947.35,23033
1615359900,947.55,948.25,947.0,947.05,13869
1615360200,947.05,947.95,946.6,947.8,16987
1615360500,947.75,949.2,947.5,948.1,14326
1615360800,948.2,950.0,948.05,949.95,19936
1615361100,949.95,950.0,948.25,948.4,9177
1615361400,948.4,949.0,947.25,947.55,25074
1615361700,947.55,948.7,947.5,948.5,10973
1615362000,948.5,948.95,948.0,948.25,8553
1615362300,948.45,949.75,948.25,948.5,10549
1615362600,948.45,948.5,948.0,948.05,16920
1615362900,948.05,948.5,948.0,948.05,10874
1615363200,948.4,948.45,948.0,948.05,7583
1615363500,948.05,948.05,946.2,946.85,16163
1615363800,947.0,948.7,946.9,948.5,10622
1615364100,948.5,948.5,947.05,947.2,9370
1615364400,947.25,948.45,947.15,947.65,8683
1615364700,947.65,947.65,947.0,947.4,13602
1615365000,947.4,947.45,946.4,946.8,14909
1615365300,946.75,950.0,946.65,948.6,26452
1615365600,949.0,951.4,948.55,949.4,45638
1615365900,949.55,949.55,949.0,949.3,10679
1615366200,949.3,949.35,948.5,948.65,11699
1615366500,948.6,949.0,948.0,948.25,12317
1615366800,948.25,948.9,947.2,947.45,11622
1615367100,947.75,948.35,946.0,947.8,20130
1615367400,947.75,948.3,947.6,947.85,12757
1615367700,947.8,949.5,947.65,948.5,22800
1615368000,948.6,949.5,948.0,948.5,15397
1615368300,948.5,948.5,946.0,946.3,34007
1615368600,946.75,946.8,941.5,941.5,79783
1615368900,941.95,943.65,939.4,941.0,105386
1615369200,940.95,943.15,940.6,942.0,55833
1615369500,941.4,943.25,939.15,940.2,97146
1615369800,939.85,941.0,937.05,938.6,123507
1615370100,938.6,939.55,936.0,937.9,74397
1615520700,905.05,933.95,905.0,923.0,2739601
1615521000,922.35,927.2,917.35,918.65,1032722
1615521300,918.0,925.0,915.95,918.55,492597
1615521600,918.3,919.45,905.0,916.7,7618679
1615521900,916.95,921.6,914.75,918.0,1852151
1615522200,918.15,919.8,915.05,915.65,436359
1615522500,915.65,917.9,915.0,916.95,474890
1615522800,916.95,918.4,915.0,917.5,427826
1615523100,917.55,919.3,917.0,918.0,244446
1615523400,918.0,918.75,916.1,916.5,86172
1615523700,916.6,918.45,915.85,918.3,240694
1615524000,918.15,921.4,918.15,920.25,480367
1615524300,920.25,923.7,919.6,923.45,487298
1615524600,923.55,923.95,920.6,923.4,274418
1615524900,923.4,925.3,922.5,922.75,438453
1615525200,922.75,923.85,920.6,923.75,209120
1615525500,923.75,925.7,922.9,924.6,340811
1615525800,924.4,925.35,922.2,923.4,190136
1615526100,923.45,926.4,922.5,926.3,356727
1615526400,926.1,928.2,925.0,927.8,369748
1615526700,927.55,931.45,927.55,930.75,845082
1615527000,930.9,932.3,930.0,931.25,364907
1615527300,931.1,934.25,931.0,933.8,333272
1615527600,933.6,933.75,931.0,931.5,257072
1615527900,931.05,934.25,930.5,934.15,270583
1615528200,934.25,936.3,933.7,933.75,293818
1615528500,933.35,933.95,930.05,930.6,165607
1615528800,930.55,932.9,930.55,932.45,66954
1615529100,932.45,932.45,925.1,926.6,366297
1615529400,926.0,927.75,925.3,927.1,170437
1615529700,927.2,927.95,925.0,926.3,159223
1615530000,926.4,927.45,925.0,927.2,91426
1615530300,927.0,928.5,927.0,927.55,107215
1615530600,927.7,928.9,927.55,928.65,72381
1615530900,928.65,928.65,927.0,927.6,51049
1615531200,927.55,927.55,925.25,925.55,69688
1615531500,925.65,925.9,925.0,925.35,147705
1615531800,925.35,925.6,923.1,923.75,279831
1615532100,923.7,924.5,921.1,923.35,194681
1615532400,923.3,925.3,923.15,924.3,59062
1615532700,924.3,924.35,922.3,923.1,66612
1615533000,923.05,923.85,922.45,923.05,63880
1615533300,923.15,926.15,923.0,925.55,131729
1615533600,925.5,926.55,924.95,925.35,82421
1615533900,925.35,926.0,924.55,924.9,80604
1615534200,924.6,926.15,924.45,926.15,84771
1615534500,926.15,926.35,924.95,925.25,58512
1615534800,925.25,925.25,922.1,922.3,99621
1615535100,922.1,923.85,922.1,922.5,44559
1615535400,922.5,922.9,921.4,922.9,94613
1615535700,922.9,923.9,918.75,919.4,175066
1615536000,919.5,920.9,916.3,917.4,246900
1615536300,917.4,921.25,916.2,920.45,156846
1615536600,920.45,920.5,915.0,917.95,185593
1615536900,917.95,920.45,915.8,918.95,178764
1615537200,919.05,921.5,918.75,920.4,116247
1615537500,920.35,920.45,917.0,919.75,131989
1615537800,919.75,920.0,916.3,917.2,86758
1615538100,917.2,918.45,915.5,915.7,121300
1615538400,915.6,917.0,915.25,916.2,223766
1615538700,916.15,919.9,915.0,919.6,222525
1615539000,919.45,919.5,915.2,915.95,145779
1615539300,915.75,917.95,915.75,916.65,123488
1615539600,916.7,918.5,916.0,918.0,126923
1615539900,918.15,918.25,915.0,915.55,255099
1615540200,915.4,917.2,915.0,916.15,153366
1615540500,915.8,916.7,915.8,916.35,71856
1615540800,916.15,916.9,915.0,915.85,236867
1615541100,915.7,916.0,915.05,915.3,65654
1615541400,915.3,916.9,915.1,915.6,141090
1615541700,915.7,915.95,912.2,913.85,314101
1615542000,913.85,914.85,912.1,913.9,201965
1615542300,913.35,914.9,913.0,914.9,197448
1615542600,914.35,915.0,913.0,914.85,260978
1615542900,914.75,916.5,914.35,915.7,216533
1615779900,921.0,923.3,915.25,917.5,323809
1615780200,917.5,918.25,908.0,911.0,217668
1615780500,911.1,913.0,909.0,909.15,96386
1615780800,909.05,909.2,903.1,904.45,165920
1615781100,904.75,908.0,902.0,906.95,159079
1615781400,906.95,906.95,904.0,906.5,67981
1615781700,906.0,909.0,905.0,907.55,86138
1615782000,907.65,911.0,907.25,910.8,58515
1615782300,910.8,913.1,909.95,912.5,63886
1615782600,912.5,912.85,910.55,911.5,65225
1615782900,911.45,912.95,911.0,912.5,88262
1615783200,912.5,916.0,912.05,915.2,53276
1615783500,915.2,917.0,914.0,916.55,64844
1615783800,916.65,918.1,915.2,918.0,57351
1615784100,918.5,918.6,917.05,918.15,150158
1615784400,918.4,921.15,918.0,919.3,113026
1615784700,919.0,920.0,918.7,919.25,63768
1615785000,919.0,919.5,917.55,917.55,131181
1615785300,917.65,917.65,914.4,915.1,76156
1615785600,915.1,915.95,913.0,914.7,72617
1615785900,914.65,917.3,913.7,915.4,31903
1615786200,915.4,915.4,912.55,912.55,48048
1615786500,912.55,914.7,912.05,914.35,28888
1615786800,914.5,917.55,914.3,915.0,45363
1615787100,914.95,915.5,913.0,914.05,33867
1615787400,914.1,915.0,912.8,914.9,46507
1615787700,915.0,917.5,914.55,917.0,32264
1615788000,916.65,917.45,915.95,916.55,22447
1615788300,916.55,917.3,915.1,917.15,13888
1615788600,917.35,918.95,915.9,916.2,43890
1615788900,916.25,916.9,914.85,915.35,27335
1615789200,915.15,915.95,914.95,915.5,14881
1615789500,915.5,916.8,914.9,915.8,14610
1615789800,915.8,916.9,914.2,915.5,25804
1615790100,915.5,916.6,915.2,916.4,10548
1615790400,916.4,916.5,915.3,915.95,8829
1615790700,915.75,915.95,914.5,914.8,10195
1615791000,914.8,915.0,913.55,914.3,19407
1615791300,913.9,915.7,913.9,915.7,25794
1615791600,915.7,915.7,914.05,914.65,11276
1615791900,914.65,915.0,912.0,912.75,46917
1615792200,912.3,914.4,910.75,914.4,57285
1615792500,914.2,915.7,912.75,915.6,30323
1615792800,915.6,916.0,915.1,915.35,14195
1615793100,915.35,916.0,915.05,915.95,20477
1615793400,915.95,916.0,914.8,916.0,40866
1615793700,915.75,917.0,914.65,915.15,28532
1615794000,915.15,915.85,915.15,915.25,10311
1615794300,915.25,915.85,914.35,914.5,14252
1615794600,914.7,917.7,913.0,917.7,32116
1615794900,917.5,918.5,915.1,916.45,26587
1615795200,916.3,917.0,915.0,915.4,9252
1615795500,915.25,919.5,915.25,918.95,43493
1615795800,918.75,919.0,916.5,918.35,19233
1615796100,918.35,919.6,917.85,918.3,31688
1615796400,918.25,921.0,918.25,920.8,53521
1615796700,920.65,921.0,918.35,918.85,46377
1615797000,919.0,921.0,918.0,918.6,27397
1615797300,918.8,919.55,917.0,917.9,22892
1615797600,918.6,920.65,918.1,919.65,27864
1615797900,919.65,920.7,919.5,919.9,26061
1615798200,919.8,926.75,919.8,923.95,209232
1615798500,923.95,925.0,921.05,921.15,57256
1615798800,921.2,925.0,920.65,923.35,242247
1615799100,923.3,926.0,922.5,923.6,91646
1615799400,923.5,925.15,921.45,922.4,66934
1615799700,922.25,922.75,920.0,921.7,52206
1615800000,921.4,922.0,920.5,921.65,30983
1615800300,921.85,922.65,918.1,918.95,83655
1615800600,918.9,920.5,918.1,919.75,40775
1615800900,919.45,922.7,919.0,922.7,59076
1615801200,922.45,922.7,920.1,921.85,51748
1615801500,921.8,922.45,918.4,919.05,104285
1615801800,919.2,922.65,918.3,918.4,101709
1615802100,918.5,919.7,917.1,919.7,63290
1615866300,918.45,923.9,916.35,918.6,84881
1615866600,918.15,920.2,917.0,917.85,41033
1615866900,918.05,920.75,915.0,915.8,43261
1615867200,915.0,917.0,915.0,917.0,22977
1615867500,916.75,917.0,914.2,914.5,30752
1615867800,914.5,915.4,912.25,914.5,38451
1615868100,914.0,915.4,914.0,914.3,23793
1615868400,914.2,914.25,912.0,912.9,39269
1615868700,913.0,915.95,912.35,914.9,30556
1615869000,914.9,918.9,914.65,915.65,79358
1615869300,914.8,915.9,914.8,915.05,16342
1615869600,915.05,917.45,914.75,916.8,15121
1615869900,916.7,917.05,915.0,915.25,7758
1615870200,915.5,917.5,915.25,917.3,12529
1615870500,917.1,917.15,916.2,916.7,4706
1615870800,916.75,918.1,916.75,917.75,18898
1615871100,917.75,918.9,917.3,918.4,22347
1615871400,918.4,919.25,917.75,918.95,19543
1615871700,918.95,919.5,918.3,918.9,23421
1615872000,918.9,919.0,917.6,918.25,15125
1615872300,918.25,918.3,916.15,916.6,7081
1615872600,916.6,916.65,915.5,916.2,13472
1615872900,916.35,918.25,915.55,918.25,11380
1615873200,918.75,919.0,916.8,918.05,12024
1615873500,918.05,918.4,916.05,916.7,9819
1615873800,916.7,917.3,916.05,916.75,7527
1615874100,916.75,917.0,916.05,916.1,4663
1615874400,916.1,916.25,915.05,915.9,10994
1615874700,915.9,916.85,915.45,916.75,8073
1615875000,916.55,916.55,915.5,916.0,15061
1615875300,916.0,916.5,915.55,916.45,6981
1615875600,916.45,918.3,916.45,918.3,15904
1615875900,918.3,918.7,917.15,917.15,38054
1615876200,917.15,920.5,916.15,919.05,34670
1615876500,919.05,919.8,918.05,918.3,9836
1615876800,918.3,918.85,916.65,917.3,13031
1615877100,917.3,919.9,917.0,919.9,10626
1615877400,919.5,920.5,919.0,919.1,12280
1615877700,919.1,919.1,917.6,917.85,8939
1615878000,917.85,918.65,917.15,917.5,9411
1615878300,917.4,918.55,917.4,917.65,3762
1615878600,917.65,918.05,916.1,916.4,7323
1615878900,916.4,916.95,915.55,916.5,16419
1615879200,916.5,916.95,916.0,916.5,5119
1615879500,916.5,916.95,916.05,916.9,4467
1615879800,916.9,916.9,916.5,916.65,4176
1615880100,916.65,919.75,916.55,916.75,15616
1615880400,916.75,916.8,914.7,915.6,38867
1615880700,915.6,916.75,914.95,916.0,21095
1615881000,915.95,916.4,915.2,915.3,6234
1615881300,915.55,916.1,915.0,915.5,9573
1615881600,915.5,916.0,915.0,915.75,7668
1615881900,915.6,916.0,914.65,915.5,40696
1615882200,915.5,916.95,915.5,916.3,12046
1615882500,916.0,917.0,915.55,915.55,6049
1615882800,915.55,916.65,915.45,915.9,4898
1615883100,915.9,917.0,915.9,916.7,5560
1615883400,916.4,918.35,916.1,917.05,15907
1615883700,916.5,917.95,915.2,915.2,14917
1615884000,915.15,916.5,914.0,915.75,17650
1615884300,915.75,917.5,915.6,915.75,7205
1615884600,915.65,916.4,915.65,915.75,3124
1615884900,915.6,916.25,915.6,916.0,3905
1615885200,916.4,916.45,915.15,915.65,12187
1615885500,915.65,915.95,915.4,915.95,5384
1615885800,915.95,916.0,915.2,915.3,9654
1615886100,915.3,915.95,915.3,915.95,6364
1615886400,915.95,916.9,914.75,914.95,24125
1615886700,915.0,915.65,914.55,914.95,29275
1615887000,915.0,915.3,914.15,914.85,24800
1615887300,914.95,914.95,913.8,914.4,39175
1615887600,914.4,914.65,914.05,914.45,25567
1615887900,914.45,914.45,913.15,913.85,42363
1615888200,913.75,914.5,911.0,914.45,54082
1615888500,914.4,914.4,914.0,914.0,18906
1615952700,923.9,923.9,914.05,917.7,116887
1615953000,916.9,919.4,914.6,918.95,70285
1615953300,918.75,919.45,914.0,914.25,72968
1615953600,914.7,915.8,910.4,912.0,68858
1615953900,912.0,912.25,908.0,908.65,66984
1615954200,908.7,910.9,908.35,909.6,34755
1615954500,909.6,910.6,909.15,910.3,38300
1615954800,910.3,910.5,909.5,910.0,33305
1615955100,910.25,910.6,909.75,910.0,46379
1615955400,910.3,910.3,909.25,910.05,59500
1615955700,910.05,912.25,910.05,911.75,38052
1615956000,911.75,911.95,910.0,910.25,27063
1615956300,910.05,910.2,909.75,910.0,37836
1615956600,910.05,910.45,910.0,910.45,14607
1615956900,910.45,910.45,910.0,910.45,24803
1615957200,910.4,911.75,910.0,910.2,31690
1615957500,910.15,910.7,910.0,910.25,22351
1615957800,910.7,911.35,909.5,910.05,47321
1615958100,910.05,910.95,910.0,910.6,26290
1615958400,910.6,912.0,910.0,911.65,30718
1615958700,911.65,911.65,910.0,910.25,13030
1615959000,910.25,911.0,910.0,910.2,16635
1615959300,910.1,910.8,910.0,910.0,16120
1615959600,910.0,910.4,910.0,910.4,21865
1615959900,910.4,910.4,908.0,908.75,56953
1615960200,908.1,909.35,907.1,907.5,30825
1615960500,907.05,907.45,905.0,906.7,40072
1615960800,906.45,909.0,906.3,908.3,32324
1615961100,908.3,908.3,907.0,907.4,20321
1615961400,907.1,908.0,907.0,907.1,21603
1615961700,907.15,908.0,905.75,906.1,27818
1615962000,906.1,906.5,903.5,903.6,41512
1615962300,903.2,905.15,903.0,903.25,37527
1615962600,903.25,903.9,902.6,902.75,25095
1615962900,902.75,903.0,899.0,899.9,93229
1615963200,899.95,900.7,899.0,899.65,42635
1615963500,899.65,900.65,898.5,899.3,52639
1615963800,899.35,901.55,899.2,900.35,35443
1615964100,900.85,901.95,900.35,901.55,25418
1615964400,901.25,902.5,901.0,901.2,31353
1615964700,901.2,901.75,899.0,899.4,42359
1615965000,899.7,900.2,899.0,899.95,35000
1615965300,899.6,900.05,899.0,899.1,32055
1615965600,899.1,899.75,896.1,896.65,61449
1615965900,896.65,899.0,894.0,894.0,68907
1615966200,894.15,894.95,891.1,893.15,75259
1615966500,893.0,895.0,891.55,893.3,37316
1615966800,893.8,894.4,891.55,892.0,36725
1615967100,892.1,894.2,892.1,893.0,145483
1615967400,893.0,895.9,892.5,895.45,49972
1615967700,895.45,895.75,892.55,892.85,25005
1615968000,892.5,894.9,892.5,893.9,30807
1615968300,893.7,894.7,893.1,894.5,26813
1615968600,894.15,895.5,893.0,893.25,34834
1615968900,893.25,893.9,892.5,892.55,26090
1615969200,892.55,892.9,891.0,891.75,37075
1615969500,891.75,893.85,891.0,892.6,41331
1615969800,892.65,894.6,892.6,893.9,30275
1615970100,893.75,895.0,893.0,893.1,41959
1615970400,893.35,894.95,892.95,894.85,23940
1615970700,894.45,897.9,892.7,897.6,281950
1615971000,897.45,898.45,894.0,894.55,42256
1615971300,894.55,897.4,894.2,895.15,28653
1615971600,895.15,895.4,893.5,894.95,29869
1615971900,894.95,896.2,892.3,892.9,36842
1615972200,892.5,894.4,892.3,893.3,27668
1615972500,893.25,895.8,892.0,893.0,39912
1615972800,893.2,893.8,891.6,892.7,43472
1615973100,892.75,894.1,891.25,892.15,38379
1615973400,892.15,893.1,890.45,890.8,67864
1615973700,890.75,892.5,887.5,888.1,140643
1615974000,888.0,890.6,885.2,888.2,112137
1615974300,887.8,891.8,887.8,888.05,101537
1615974600,888.1,890.5,885.3,888.15,211041
1615974900,888.0,889.7,886.55,887.3,99764
1616039100,895.0,898.0,892.3,895.25,78413
1616039400,895.25,897.5,892.0,892.25,54421
1616039700,892.0,895.0,891.05,892.55,25979
1616040000,893.2,894.85,893.0,893.15,9966
1616040300,893.05,894.4,891.3,894.35,15299
1616040600,894.35,896.6,893.7,896.2,26340
1616040900,896.2,897.3,894.8,895.5,42565
1616041200,895.5,895.5,894.2,895.0,20436
1616041500,895.0,896.15,894.1,894.8,28506
1616041800,894.8,894.9,893.0,893.15,17355
1616042100,893.15,893.75,892.15,892.35,21715
1616042400,892.35,892.7,890.0,890.0,32516
1616042700,890.1,890.95,890.0,890.35,31954
1616043000,890.35,891.4,890.05,890.5,15312
1616043300,890.5,890.5,888.6,889.45,32801
1616043600,888.85,889.45,886.55,887.3,28787
1616043900,887.1,888.9,886.45,887.8,26052
1616044200,887.8,889.2,886.45,888.65,25332
1616044500,888.65,891.45,888.45,890.45,21480
1616044800,890.6,892.95,889.4,889.6,21508
1616045100,889.6,889.95,888.0,889.3,24948
1616045400,889.3,891.4,888.4,889.85,19808
1616045700,889.85,890.3,889.4,890.1,14779
1616046000,890.1,890.95,889.7,890.55,14736
1616046300,890.55,891.25,889.6,891.25,16769
1616046600,891.25,892.75,890.0,892.7,22085
1616046900,892.7,894.0,891.1,891.8,30110
1616047200,891.8,892.5,890.2,891.2,19159
1616047500,891.15,891.2,888.75,888.85,21503
1616047800,889.2,889.8,888.05,889.15,19575
1616048100,889.15,891.8,889.0,891.55,17837
1616048400,891.55,893.0,890.45,891.8,24074
1616048700,891.8,892.35,890.05,891.7,28379
1616049000,891.7,892.45,891.3,892.05,14975
1616049300,892.05,894.5,892.0,894.0,35939
1616049600,894.0,895.35,893.95,894.9,29116
1616049900,894.9,895.35,893.0,893.3,22895
1616050200,893.3,893.3,892.05,892.55,24755
1616050500,892.55,894.0,892.2,893.65,21046
1616050800,893.65,893.85,892.5,892.9,18575
1616051100,892.5,894.3,892.5,893.35,24582
1616051400,893.35,895.25,893.0,893.25,32669
1616051700,893.25,893.7,892.6,893.25,13957
1616052000,893.25,893.9,892.8,893.1,13398
1616052300,893.1,893.3,892.05,892.1,26522
1616052600,892.1,893.4,892.05,892.15,13695
1616052900,892.15,892.85,890.1,891.15,30357
1616053200,890.45,890.65,889.05,889.3,26114
1616053500,889.3,891.1,888.55,888.55,24975
1616053800,888.55,890.95,885.0,889.2,142257
1616054100,889.25,889.55,888.05,889.25,57187
1616054400,889.25,889.4,883.75,886.25,108447
1616054700,886.25,887.25,884.85,885.1,64073
1616055000,885.0,889.7,885.0,888.0,48633
1616055300,888.0,890.9,888.0,888.75,78328
1616055600,888.75,890.45,886.35,888.6,51450
1616055900,888.45,890.1,888.0,888.0,44547
1616056200,888.0,888.55,885.0,886.9,42917
1616056500,887.1,888.3,884.75,886.25,42230
1616056800,886.15,887.35,883.95,883.95,45065
1616057100,883.95,885.65,882.3,882.55,58661
1616057400,883.0,886.85,882.5,882.65,71562
1616057700,882.65,887.0,882.6,886.4,44249
1616058000,886.45,890.9,886.3,890.45,46673
1616058300,890.5,890.7,888.0,890.2,35008
1616058600,890.35,890.7,886.05,889.65,41042
1616058900,889.75,890.35,886.7,890.35,34406
1616059200,890.5,891.45,888.55,890.45,36210
1616059500,890.45,893.65,890.45,890.45,46209
1616059800,890.45,890.9,887.7,889.3,61017
1616060100,889.3,891.65,888.2,890.4,43469
1616060400,890.85,892.7,890.45,891.25,48613
1616060700,891.25,892.6,890.0,890.75,48905
1616061000,890.75,891.0,889.35,890.45,57702
1616061300,891.0,892.0,890.05,891.95,32653
1616125500,887.95,897.55,883.8,885.7,179729
1616125800,886.55,894.15,886.55,892.45,58888
1616126100,892.45,892.85,885.5,885.85,44622
1616126400,885.85,890.85,882.3,890.2,80420
1616126700,889.25,891.55,886.5,890.8,37200
1616127000,890.8,893.6,890.5,890.5,39303
1616127300,890.45,893.9,889.35,892.45,35143
1616127600,892.1,893.2,891.2,892.3,23551
1616127900,892.3,893.0,889.9,891.1,32440
1616128200,891.5,892.0,888.0,888.4,45217
1616128500,888.4,889.5,886.2,889.3,21277
1616128800,889.5,890.0,888.25,889.3,18610
1616129100,889.35,890.35,887.3,887.6,19294
1616129400,887.6,887.65,883.2,886.2,45602
1616129700,886.2,886.55,884.0,886.25,20175
1616130000,886.25,887.4,884.05,885.85,16346
1616130300,885.85,886.0,884.3,885.05,19634
1616130600,885.05,886.0,885.05,886.0,13616
1616130900,886.0,889.0,885.15,887.75,22174
1616131200,887.75,888.45,886.6,888.45,17662
1616131500,888.45,890.0,888.0,890.0,26747
1616131800,890.0,891.35,889.45,890.2,23207
1616132100,890.2,892.0,889.05,889.6,31007
1616132400,889.6,891.0,889.6,890.95,20650
1616132700,890.95,891.5,887.45,888.4,29079
1616133000,888.5,890.6,887.9,890.55,12487
1616133300,890.6,890.9,888.6,890.8,14884
1616133600,890.8,891.5,889.9,890.1,27287
1616133900,890.1,891.5,890.1,891.3,24607
1616134200,891.15,891.5,889.3,889.35,14942
1616134500,889.35,890.5,888.55,890.1,11957
1616134800,890.05,890.7,889.3,890.5,7210
1616135100,890.1,892.5,890.0,892.5,16951
1616135400,892.3,892.5,890.9,892.1,17461
1616135700,892.1,893.0,890.95,891.9,30321
1616136000,891.9,892.6,891.0,892.5,18743
1616136300,892.25,892.9,891.15,892.7,16560
1616136600,892.6,894.0,892.6,893.75,25695
1616136900,893.75,895.8,893.45,894.55,33668
1616137200,894.6,895.8,894.4,895.6,15824
1616137500,895.6,897.4,895.5,897.4,25390
1616137800,897.25,897.4,893.65,893.85,36210
1616138100,894.3,896.35,893.2,896.35,19412
1616138400,896.4,897.35,896.0,897.05,12099
1616138700,897.05,897.35,895.5,896.1,14915
1616139000,896.1,899.0,895.7,898.85,30055
1616139300,898.3,899.0,896.6,897.15,27156
1616139600,897.15,901.0,897.0,900.75,36809
1616139900,900.75,900.75,898.75,899.85,23060
1616140200,899.5,900.0,898.85,898.85,27366
1616140500,898.85,899.7,898.65,898.8,17516
1616140800,898.75,899.85,896.9,899.85,39784
1616141100,899.85,900.95,898.65,899.3,26590
1616141400,899.3,900.6,898.35,900.15,19983
1616141700,900.15,900.2,898.85,900.15,22660
1616142000,900.1,902.45,899.75,899.9,51456
1616142300,899.9,902.5,899.0,902.25,24569
1616142600,902.7,903.0,900.05,901.2,24076
1616142900,901.2,903.0,900.3,902.95,36048
1616143200,902.95,903.65,901.0,901.35,34313
1616143500,901.15,903.5,899.25,900.95,34774
1616143800,900.55,902.15,900.05,901.45,22436
1616144100,901.45,902.0,900.5,902.0,22479
1616144400,901.95,904.45,901.95,904.0,25828
1616144700,904.0,904.45,903.0,903.2,17108
1616145000,903.2,903.6,902.4,902.95,14600
1616145300,902.95,903.85,901.8,903.25,15201
1616145600,903.2,903.85,902.7,903.15,19226
1616145900,903.35,904.0,902.3,902.9,19649
1616146200,902.9,905.5,902.9,902.9,140767
1616146500,902.9,908.75,902.9,906.7,201672
1616146800,906.7,908.3,905.2,908.1,130524
1616147100,908.1,909.9,907.2,907.8,157617
1616147400,907.8,909.15,904.6,909.0,151508
1616147700,909.0,909.95,902.75,905.85,111790
1616384700,905.0,909.25,901.2,903.6,54799
1616385000,903.6,908.0,903.0,903.25,23070
1616385300,903.2,904.6,900.25,903.9,28904
1616385600,903.9,905.7,902.3,903.2,13862
1616385900,903.2,905.5,902.0,904.95,12067
1616386200,904.95,906.0,904.4,905.2,10245
1616386500,905.5,907.7,905.5,907.55,14115
1616386800,907.85,909.1,905.6,906.15,16698
1616387100,906.0,906.3,902.9,903.3,24916
1616387400,903.3,906.05,902.3,905.25,32318
1616387700,905.25,905.9,904.0,904.35,7569
1616388000,904.35,904.9,903.7,904.0,8477
1616388300,904.0,905.2,903.7,905.2,10906
1616388600,905.2,905.2,902.7,904.5,15532
1616388900,904.5,905.0,902.8,903.5,27178
1616389200,903.05,903.4,902.85,902.85,13107
1616389500,902.7,903.7,902.6,903.25,12519
1616389800,903.25,903.5,902.25,902.7,9971
1616390100,902.2,902.7,900.0,900.55,32973
1616390400,900.5,901.25,900.1,901.0,15586
1616390700,901.0,901.0,897.55,898.75,24708
1616391000,898.4,898.4,895.45,896.0,30961
1616391300,896.0,897.7,895.35,897.2,20321
1616391600,897.4,897.9,896.9,897.35,16104
1616391900,897.35,899.9,897.35,899.25,26850
1616392200,899.75,900.5,898.6,899.45,22251
1616392500,899.5,900.15,898.9,899.25,11701
1616392800,899.25,899.7,898.3,899.7,13089
1616393100,899.7,900.7,899.15,900.1,16602
1616393400,900.1,901.0,899.5,900.6,11637
1616393700,900.6,901.0,899.4,900.65,18534
1616394000,900.65,901.0,900.0,900.8,14902
1616394300,900.8,901.0,899.55,900.25,14535
1616394600,900.25,900.75,899.4,899.7,13610
1616394900,899.7,900.95,899.7,900.9,11405
1616395200,900.9,901.45,900.35,900.7,25874
1616395500,900.7,901.0,899.55,899.9,13066
1616395800,899.9,901.0,899.4,900.4,16172
1616396100,900.4,901.15,899.5,900.15,20706
1616396400,900.15,901.05,899.35,899.9,17226
1616396700,899.85,900.0,898.1,898.55,22122
1616397000,898.4,898.75,897.6,898.3,12073
1616397300,898.05,899.45,897.65,898.8,19923
1616397600,898.8,899.6,898.4,899.4,14812
1616397900,899.4,900.0,898.55,899.5,10130
1616398200,899.65,900.0,898.65,899.2,14035
1616398500,899.2,900.25,898.1,898.5,21841
1616398800,898.5,899.05,898.45,898.8,13750
1616399100,898.8,899.0,898.2,898.2,16021
1616399400,898.15,899.0,897.35,898.3,13907
1616399700,898.45,899.0,898.05,898.1,16436
1616400000,898.1,899.0,898.0,898.95,10785
1616400300,898.95,899.9,898.55,899.45,18758
1616400600,899.45,899.75,898.0,898.25,20891
1616400900,898.55,899.2,898.05,898.3,25299
1616401200,898.3,900.45,898.3,898.85,40262
1616401500,898.4,899.0,896.6,898.8,32550
1616401800,898.8,899.5,897.1,898.3,20691
1616402100,898.3,899.0,897.95,898.4,20669
1616402400,898.25,899.0,898.0,898.4,15728
1616402700,898.2,900.0,897.0,897.0,27917
1616403000,896.45,899.0,896.2,898.6,16309
1616403300,898.6,899.0,898.2,898.85,17551
1616403600,898.85,899.7,898.05,899.5,26742
1616403900,899.5,899.6,897.0,897.05,27514
1616404200,897.05,898.95,896.6,897.8,23608
1616404500,897.8,898.4,897.15,898.05,17497
1616404800,898.05,900.0,898.05,899.55,28780
1616405100,899.55,901.3,899.55,900.25,29795
1616405400,900.5,901.95,900.25,901.1,59596
1616405700,901.15,901.65,899.5,900.8,55487
1616406000,901.1,901.25,899.5,900.0,38150
1616406300,900.0,901.0,899.6,900.8,62594
1616406600,900.8,900.95,897.85,897.85,54644
1616406900,897.95,900.55,897.5,897.55,46383
1616471100,904.8,910.4,902.05,906.6,72032
1616471400,906.65,910.45,906.65,908.5,56737
1616471700,908.5,910.35,907.65,908.9,29642
1616472000,908.95,910.85,908.2,909.4,29335
1616472300,909.4,909.55,903.85,905.35,104943
1616472600,905.35,906.1,902.8,905.25,36150
1616472900,905.25,905.25,903.4,904.15,13051
1616473200,904.15,905.65,903.85,904.75,22755
1616473500,904.55,906.0,904.5,905.0,16802
1616473800,905.35,905.8,904.5,905.5,17148
1616474100,905.5,905.85,902.4,904.1,18341
1616474400,904.1,904.1,900.6,901.55,19415
1616474700,901.7,902.5,900.75,901.0,13143
1616475000,901.4,902.7,900.6,901.7,12457
1616475300,901.7,901.85,900.2,900.65,11296
1616475600,900.65,900.9,898.9,899.95,22453
1616475900,899.95,902.6,899.95,902.35,16358
1616476200,902.35,903.7,900.0,900.0,13834
1616476500,900.0,902.2,899.8,900.5,13832
1616476800,900.45,903.0,900.0,901.25,20088
1616477100,901.25,902.85,900.0,901.05,16212
1616477400,901.05,902.0,900.4,901.0,12464
1616477700,901.3,901.3,899.35,900.45,17353
1616478000,900.45,900.95,899.5,899.9,13712
1616478300,900.0,900.75,899.05,899.8,15907
1616478600,899.85,900.9,899.55,900.15,15419
1616478900,900.15,901.35,899.15,899.75,17914
1616479200,899.7,899.8,896.25,897.2,28842
1616479500,897.2,899.65,896.45,898.95,25937
1616479800,898.95,900.7,898.4,899.65,23870
1616480100,899.65,900.45,897.5,897.9,18419
1616480400,897.9,900.6,897.5,900.15,18889
1616480700,900.0,901.3,899.05,899.85,25558
1616481000,899.8,900.75,899.05,899.85,19061
1616481300,899.9,900.2,898.0,899.0,20640
1616481600,899.0,899.55,898.0,898.95,15918
1616481900,898.95,900.25,898.15,900.0,16404
1616482200,900.0,900.0,898.0,898.05,18478
1616482500,898.05,899.5,897.8,898.95,16505
1616482800,898.95,900.65,898.7,899.75,12205
1616483100,899.7,900.7,899.6,899.85,17353
1616483400,900.1,900.2,899.2,899.25,17068
1616483700,899.25,900.65,899.0,899.6,20135
1616484000,899.6,900.6,899.05,900.4,16879
1616484300,900.4,900.55,899.0,900.0,13721
1616484600,899.95,900.9,899.35,899.85,13576
1616484900,899.9,900.5,899.3,900.0,10913
1616485200,899.8,900.6,899.55,900.0,11356
1616485500,900.05,901.75,899.85,900.9,14667
1616485800,901.05,901.35,899.7,900.4,14633
1616486100,900.4,901.95,899.8,900.15,15416
1616486400,900.15,901.7,899.5,899.65,15335
1616486700,899.85,899.95,898.0,899.5,20018
1616487000,899.6,900.3,898.65,900.1,13028
1616487300,900.1,900.4,899.1,900.0,12381
1616487600,900.0,900.75,899.55,900.0,12073
1616487900,900.45,901.1,899.45,900.65,13151
1616488200,900.65,901.15,899.65,899.65,14082
1616488500,899.7,900.9,899.5,900.3,11917
1616488800,900.3,901.0,900.2,900.45,11183
1616489100,900.45,901.7,900.0,900.8,17507
1616489400,901.0,902.2,900.0,900.0,24328
1616489700,900.05,900.95,899.65,900.0,11115
1616490000,900.1,901.3,899.05,900.15,18087
1616490300,900.3,901.05,899.75,899.85,15830
1616490600,899.85,900.75,899.6,900.0,15092
1616490900,900.0,900.75,899.1,899.55,14717
1616491200,899.65,899.65,898.1,898.6,26092
1616491500,898.65,898.9,897.4,898.05,24516
1616491800,898.4,899.8,898.05,899.4,26526
1616492100,899.4,900.55,898.8,898.85,41963
1616492400,898.85,900.55,897.5,900.05,43795
1616492700,900.0,900.2,898.05,898.55,43041
1616493000,898.5,899.2,897.25,898.35,52893
1616493300,899.0,899.45,895.0,897.5,43967
1616557500,893.0,895.0,890.0,892.25,79505
1616557800,892.3,893.0,891.9,892.35,35073
1616558100,892.35,892.75,890.6,891.35,23674
1616558400,891.35,892.9,890.05,891.25,20804
1616558700,891.25,891.8,889.0,889.45,28796
1616559000,889.45,889.45,886.05,886.6,26209
1616559300,886.25,889.0,886.25,887.65,20980
1616559600,887.65,889.4,887.0,887.5,19622
1616559900,887.7,888.55,887.0,887.25,14744
1616560200,887.25,887.65,886.4,886.85,11548
1616560500,886.5,887.3,885.5,886.85,22582
1616560800,886.85,887.95,886.2,886.5,12040
1616561100,886.5,886.7,885.05,885.4,36221
1616561400,885.15,888.2,885.0,886.35,26173
1616561700,886.35,886.6,884.9,885.0,22753
1616562000,885.0,885.0,882.1,882.25,31407
1616562300,882.05,884.25,880.45,883.15,36429
1616562600,883.15,883.9,880.45,880.6,39750
1616562900,880.6,882.35,880.0,882.3,63888
1616563200,882.35,883.45,881.6,881.75,18307
1616563500,881.75,883.15,881.75,883.0,9476
1616563800,882.7,883.05,881.05,881.65,13072
1616564100,881.65,881.65,880.65,881.0,10737
1616564400,880.9,882.5,880.25,881.5,14158
1616564700,881.2,881.95,880.5,881.2,11322
1616565000,881.4,881.75,880.7,881.4,11576
1616565300,881.1,881.45,880.1,880.65,12710
1616565600,880.45,880.95,879.2,880.2,20144
1616565900,879.6,880.95,879.15,880.85,15730
1616566200,880.85,880.95,879.65,880.95,13136
1616566500,880.65,881.6,879.45,880.95,24150
1616566800,880.85,881.3,880.05,881.0,21796
1616567100,881.0,882.0,880.1,882.0,18374
1616567400,882.0,883.5,881.15,883.05,29445
1616567700,883.05,883.35,882.2,883.0,21325
1616568000,883.0,883.1,880.3,881.0,28959
1616568300,881.0,881.75,880.0,880.95,9717
1616568600,880.85,881.05,879.65,881.05,27074
1616568900,881.05,881.3,880.0,880.05,14235
1616569200,880.55,881.75,879.05,881.05,25604
1616569500,881.0,885.2,880.5,883.45,52218
1616569800,883.35,883.35,881.05,882.1,18044
1616570100,881.4,881.95,880.15,881.0,22105
1616570400,881.0,881.4,880.65,880.85,12639
1616570700,880.75,881.55,880.4,881.0,12563
1616571000,881.0,881.35,880.45,881.35,11627
1616571300,881.0,881.25,879.85,880.0,20645
1616571600,880.0,880.6,879.85,880.0,17638
1616571900,880.0,880.65,879.95,880.0,13835
1616572200,880.0,880.55,875.25,877.6,78927
1616572500,877.6,878.7,876.5,877.9,48264
1616572800,877.9,879.0,877.0,877.4,22586
1616573100,877.4,877.8,875.05,876.75,28035
1616573400,876.7,877.7,876.5,877.0,19110
1616573700,877.35,878.3,876.65,877.5,41002
1616574000,877.5,878.1,876.7,877.0,20293
1616574300,877.0,879.25,877.0,877.3,30939
1616574600,877.2,878.45,877.1,877.25,23026
1616574900,877.25,878.0,877.2,877.3,20209
1616575200,877.3,877.75,877.0,877.15,14924
1616575500,877.1,877.6,877.05,877.25,16993
1616575800,877.3,877.7,877.1,877.2,18846
1616576100,877.5,878.0,877.05,877.25,23614
1616576400,877.25,878.2,877.2,878.05,20776
1616576700,878.05,880.15,878.0,879.2,47017
1616577000,879.0,879.8,878.05,879.15,20804
1616577300,879.45,879.85,877.95,878.15,28001
1616577600,878.15,879.0,877.95,878.45,20276
1616577900,878.45,880.9,878.35,880.45,24223
1616578200,880.05,881.0,879.45,879.75,35349
1616578500,879.75,880.2,878.55,879.5,33318
1616578800,879.25,881.5,879.25,881.4,33114
1616579100,881.4,881.45,880.7,881.0,35607
1616579400,881.0,881.8,880.55,881.8,38862
1616579700,881.8,882.3,878.3,880.45,28985
1616643900,875.1,884.3,875.05,875.55,73975
1616644200,875.55,876.25,874.0,875.8,41487
1616644500,875.65,878.45,875.65,877.8,21341
1616644800,877.8,878.0,875.45,875.45,16290
1616645100,875.3,877.5,875.0,875.3,16859
1616645400,875.15,877.8,875.15,877.75,15821
1616645700,877.75,878.6,875.5,878.6,29426
1616646000,878.55,880.0,878.55,879.3,18674
1616646300,879.3,882.9,878.75,881.4,316820
1616646600,881.4,883.0,881.4,881.8,37197
1616646900,881.8,882.95,881.5,882.7,15034
1616647200,882.7,882.75,878.75,879.85,20890
1616647500,879.85,879.85,877.2,877.35,19063
1616647800,877.2,877.8,877.0,877.45,20061
1616648100,877.4,879.05,877.0,877.1,13960
1616648400,877.1,878.5,877.1,878.15,13738
1616648700,878.15,878.15,875.35,875.45,17362
1616649000,875.75,879.75,875.6,878.35,232949
1616649300,878.4,878.4,876.2,876.8,13519
1616649600,876.8,877.5,874.7,874.7,20106
1616649900,874.75,876.5,874.35,876.5,13878
1616650200,877.0,877.45,875.55,876.3,28063
1616650500,876.3,876.3,874.55,874.8,9761
1616650800,874.85,875.1,874.35,875.1,12158
1616651100,875.1,875.95,873.05,874.65,23209
1616651400,874.65,877.1,874.65,875.45,10378
1616651700,875.45,875.5,875.1,875.1,11089
1616652000,875.1,875.6,874.4,875.1,113838
1616652300,875.1,876.5,875.1,876.25,9235
1616652600,876.25,876.5,875.55,875.8,6614
1616652900,875.8,875.95,872.85,873.5,20586
1616653200,873.45,874.0,872.0,872.5,14769
1616653500,872.5,872.55,870.95,871.35,19693
1616653800,871.4,872.45,871.25,872.45,15473
1616654100,872.45,872.45,868.7,869.3,24447
1616654400,869.25,871.3,868.85,869.95,20353
1616654700,869.65,870.25,869.1,869.55,13345
1616655000,869.6,869.6,867.3,867.85,18629
1616655300,867.85,870.5,867.0,870.0,36915
1616655600,870.0,870.15,868.0,868.05,21257
1616655900,868.05,868.7,866.65,867.95,26841
1616656200,867.95,868.1,866.95,867.65,17677
1616656500,867.65,868.0,865.55,866.15,20212
1616656800,866.0,867.4,865.85,866.0,55544
1616657100,866.0,866.05,861.1,864.8,72834
1616657400,864.8,865.0,862.95,863.3,16606
1616657700,863.25,864.45,862.7,863.75,12602
1616658000,863.7,865.85,863.7,865.4,14906
1616658300,865.35,866.4,864.9,865.45,17561
1616658600,865.45,865.6,864.15,864.7,12003
1616658900,864.7,865.85,863.95,865.85,16842
1616659200,865.85,868.75,865.55,867.15,48735
1616659500,867.15,869.75,866.85,869.7,18715
1616659800,869.7,872.45,869.2,870.05,38406
1616660100,870.15,873.95,869.45,869.85,40525
1616660400,870.2,873.6,870.2,872.9,28657
1616660700,873.0,873.7,870.0,870.45,63633
1616661000,871.2,873.2,870.0,872.65,57128
1616661300,872.95,876.15,872.05,875.75,44524
1616661600,875.95,876.15,872.5,873.0,15878
1616661900,873.05,874.0,872.4,872.4,15259
1616662200,872.4,874.0,870.95,873.2,23470
1616662500,873.2,873.35,872.15,872.9,22700
1616662800,872.55,874.25,872.55,873.2,17910
1616663100,873.2,874.1,872.3,873.2,19195
1616663400,873.3,874.3,872.45,874.0,17616
1616663700,874.1,875.3,872.8,875.15,19565
1616664000,874.4,878.35,873.65,876.95,42847
1616664300,877.0,877.3,875.25,876.1,57245
1616664600,876.05,876.05,865.25,865.25,78618
1616664900,865.35,867.0,863.4,863.5,56806
1616665200,863.55,863.85,861.0,861.8,67023
1616665500,862.1,862.7,861.0,862.0,67513
1616665800,862.0,863.7,862.0,863.1,78137
1616666100,862.8,874.4,862.7,868.6,68993
1616730300,870.0,876.9,870.0,874.15,52731
1616730600,874.15,875.0,869.4,869.45,63279
1616730900,868.5,871.1,868.1,869.0,33723
1616731200,869.0,871.3,869.0,870.5,28814
1616731500,870.5,871.7,869.1,871.65,15365
1616731800,871.4,875.75,871.4,872.9,41325
1616732100,873.35,873.5,871.3,871.9,13194
1616732400,871.35,871.5,869.05,869.3,17233
1616732700,869.25,870.45,868.55,870.2,10447
1616733000,869.9,871.5,869.45,871.5,42018
1616733300,871.5,873.0,871.0,871.6,10623
1616733600,871.2,872.05,871.0,871.95,6889
1616733900,871.95,872.35,870.1,871.75,14273
1616734200,871.75,872.6,871.15,871.95,12587
1616734500,872.0,872.0,870.6,870.6,8570
1616734800,870.6,871.75,869.15,869.5,13343
1616735100,869.5,869.95,869.0,869.9,12389
1616735400,869.95,871.6,869.95,870.25,9695
1616735700,870.25,870.75,869.25,869.8,13391
1616736000,870.0,870.5,869.25,870.5,8324
1616736300,870.5,870.5,869.25,869.25,5388
1616736600,869.5,870.45,869.35,869.9,35935
1616736900,869.9,870.45,869.25,869.85,5614
1616737200,869.5,870.0,869.25,869.6,8556
1616737500,869.45,870.35,869.25,870.35,5729
1616737800,870.1,870.45,869.25,870.3,9447
1616738100,870.3,871.0,869.7,870.05,13242
1616738400,870.45,871.45,870.05,871.45,5885
1616738700,871.5,874.2,871.45,873.85,23483
1616739000,873.85,874.15,872.55,873.65,11524
1616739300,873.65,873.75,872.25,872.4,16327
1616739600,872.4,872.9,871.5,872.9,7523
1616739900,873.05,873.2,872.15,873.1,23361
1616740200,873.1,873.5,872.5,873.2,9424
1616740500,873.2,873.2,870.85,871.55,20288
1616740800,871.55,872.65,871.15,872.15,7217
1616741100,872.15,872.5,871.6,872.0,5869
1616741400,872.2,872.35,870.55,870.65,12431
1616741700,870.95,871.95,870.05,871.9,7278
1616742000,871.85,872.05,870.6,871.45,5991
1616742300,871.45,872.4,870.7,871.65,7154
1616742600,871.65,873.6,871.4,872.1,22980
1616742900,872.1,872.95,871.15,872.4,5578
1616743200,872.4,873.0,871.2,871.85,10044
1616743500,871.85,872.5,871.15,871.5,5319
1616743800,871.5,873.0,871.0,871.6,8428
1616744100,871.6,872.5,871.25,872.0,4822
1616744400,872.15,872.15,871.0,871.0,7097
1616744700,871.15,871.6,870.4,871.1,8602
1616745000,871.5,871.75,870.5,871.4,4650
1616745300,871.45,871.65,870.55,871.0,6038
1616745600,871.0,871.05,869.8,870.4,9802
1616745900,870.4,872.4,870.3,872.0,10525
1616746200,872.0,873.3,871.05,872.7,15619
1616746500,872.75,872.95,871.05,872.4,6847
1616746800,872.65,873.3,871.7,872.85,14402
1616747100,872.65,875.5,871.9,875.45,25143
1616747400,875.35,876.4,873.1,875.05,25159
1616747700,875.5,875.7,874.5,875.2,17788
1616748000,875.2,875.2,873.5,874.5,9579
1616748300,874.5,874.5,873.45,873.8,9968
1616748600,873.8,873.8,870.85,872.35,28262
1616748900,873.0,874.2,871.5,872.0,12695
1616749200,872.0,873.4,871.5,872.7,13051
1616749500,872.7,872.95,871.5,871.9,7195
1616749800,871.5,871.8,871.0,871.75,9529
1616750100,871.75,874.45,871.05,873.2,12736
1616750400,873.2,873.8,871.7,871.7,6593
1616750700,871.7,874.35,871.6,874.35,12706
1616751000,874.35,876.25,872.9,876.15,28677
1616751300,876.0,876.05,874.1,875.0,32289
1616751600,875.0,875.9,874.4,874.9,30704
1616751900,874.6,874.8,873.35,873.8,33943
1616752200,873.8,874.0,872.35,873.65,32438
1616752500,873.6,873.6,870.0,870.4,26192
1617075900,876.0,877.0,869.65,874.9,44328
1617076200,875.05,876.0,873.9,875.55,26146
1617076500,875.45,877.95,873.95,877.95,18988
1617076800,877.5,880.0,877.5,879.8,70004
1617077100,879.85,880.0,878.25,878.65,22772
1617077400,878.65,880.0,878.0,878.0,43281
1617077700,877.5,879.5,877.5,879.0,30533
1617078000,879.0,879.7,879.0,879.55,11992
1617078300,879.5,879.6,878.25,878.5,14036
1617078600,878.6,879.5,878.6,879.35,12015
1617078900,879.35,879.45,878.9,878.9,14398
1617079200,878.95,879.15,878.35,878.85,10377
1617079500,878.6,880.0,878.6,880.0,20843
1617079800,879.9,880.0,878.75,879.4,13938
1617080100,879.4,881.0,878.75,880.05,20841
1617080400,880.0,880.15,879.2,879.3,9234
1617080700,879.3,879.3,878.05,878.7,11579
1617081000,878.7,878.7,874.9,875.0,24991
1617081300,875.0,875.4,873.2,873.45,25415
1617081600,873.45,876.0,873.4,874.25,19259
1617081900,874.25,874.5,873.0,873.0,9551
1617082200,873.05,873.05,872.1,872.45,13513
1617082500,872.6,872.75,871.85,871.95,8720
1617082800,871.95,872.3,871.3,872.3,13128
1617083100,872.3,873.85,872.1,873.5,11737
1617083400,873.5,874.45,873.0,874.2,9054
1617083700,874.2,874.2,872.4,872.7,11213
1617084000,872.7,873.45,872.4,873.45,7439
1617084300,873.45,873.45,872.5,873.25,7029
1617084600,873.05,873.25,873.05,873.2,6558
1617084900,873.2,873.25,872.4,872.4,16116
1617085200,872.4,873.0,872.25,872.9,9926
1617085500,872.95,872.95,872.25,872.4,5533
1617085800,872.4,872.65,871.4,871.75,7298
1617086100,871.4,871.75,868.55,870.05,25415
1617086400,870.05,871.15,869.35,870.0,9840
1617086700,870.0,871.55,870.0,871.05,9627
1617087000,871.05,871.9,870.55,871.15,7242
1617087300,871.15,871.35,869.3,869.85,9721
1617087600,870.2,870.9,869.4,870.4,6816
1617087900,870.55,870.75,869.75,870.35,11577
1617088200,870.35,870.45,869.75,869.8,6139
1617088500,869.75,870.35,869.7,870.35,6412
1617088800,870.35,870.7,869.7,870.25,12370
1617089100,870.25,870.25,868.05,869.0,14738
1617089400,869.0,869.0,868.0,868.9,11526
1617089700,868.8,868.9,868.05,868.9,5027
1617090000,868.5,871.0,868.45,870.4,14053
1617090300,870.4,872.0,870.4,871.95,10870
1617090600,872.0,872.4,871.2,871.55,13232
1617090900,871.3,872.4,871.1,871.9,8537
1617091200,871.65,871.7,870.55,870.95,5775
1617091500,870.6,871.1,870.45,870.75,6651
1617091800,870.8,871.15,870.0,870.4,7205
1617092100,870.4,870.4,869.2,870.0,8301
1617092400,869.7,870.4,869.5,870.15,6465
1617092700,870.15,871.95,869.5,871.95,9469
1617093000,872.1,873.5,871.95,873.5,21090
1617093300,873.5,874.5,871.7,874.0,21521
1617093600,873.9,874.1,873.0,873.2,14434
1617093900,873.6,873.9,871.1,873.0,15989
1617094200,872.65,873.0,871.8,873.0,13102
1617094500,873.0,873.2,871.0,871.7,10821
1617094800,871.7,872.25,870.85,872.25,10113
1617095100,872.4,872.55,871.25,872.1,9359
1617095400,871.65,872.2,871.35,871.8,9739
1617095700,871.65,872.0,870.9,871.05,13017
1617096000,871.05,872.9,870.7,872.85,19468
1617096300,872.85,874.0,871.15,871.3,18906
1617096600,871.45,871.45,870.05,870.8,33536
1617096900,870.8,873.4,869.95,872.15,60310
1617097200,872.1,873.0,870.9,871.9,41971
1617097500,871.9,873.6,870.9,873.5,43858
1617097800,873.25,873.95,873.0,873.15,37438
1617098100,873.2,877.0,872.45,877.0,49533
1617162300,876.0,877.5,870.95,875.6,44674
1617162600,875.6,879.2,873.9,878.2,35232
1617162900,878.2,878.4,876.2,876.4,18583
1617163200,876.3,877.95,876.3,877.65,16477
1617163500,877.95,880.45,877.8,879.5,27606
1617163800,879.4,882.0,879.1,880.5,47240
1617164100,880.5,885.8,880.25,884.0,46787
1617164400,884.0,884.0,882.55,883.0,20765
1617164700,883.25,883.25,880.0,880.1,28001
1617165000,880.1,880.1,877.9,878.25,23313
1617165300,878.25,879.95,878.25,878.45,20678
1617165600,878.35,880.0,877.65,880.0,15293
1617165900,880.0,880.6,879.4,879.85,18769
1617166200,879.55,879.85,878.8,879.45,11766
1617166500,879.45,880.0,878.8,880.0,14270
1617166800,879.95,880.3,878.8,879.15,11717
1617167100,879.15,879.95,878.0,879.4,11182
1617167400,879.4,879.5,878.15,879.25,17319
1617167700,879.35,880.45,879.35,880.0,13592
1617168000,880.0,883.6,880.0,883.4,17737
1617168300,883.0,885.7,882.85,884.75,25281
1617168600,884.75,886.0,884.4,885.3,17819
1617168900,885.3,887.9,885.25,886.75,26843
1617169200,886.65,886.95,885.3,886.6,16798
1617169500,886.6,886.75,884.75,884.95,18723
1617169800,884.9,886.75,884.65,885.9,24846
1617170100,886.0,886.0,884.6,885.35,11843
1617170400,885.3,886.0,885.15,885.95,10973
1617170700,885.95,886.45,885.6,886.0,12326
1617171000,886.0,886.25,884.6,885.8,18293
1617171300,885.8,886.35,885.15,885.95,11803
1617171600,885.7,886.0,885.0,885.5,18352
1617171900,885.5,886.95,885.5,886.95,14120
1617172200,886.95,887.0,884.0,884.4,22861
1617172500,884.4,884.85,883.3,884.2,15148
1617172800,884.4,885.9,884.15,884.95,12398
1617173100,884.95,886.5,884.95,886.4,12032
1617173400,886.4,888.0,886.35,887.7,22826
1617173700,887.7,887.7,885.85,886.95,12186
1617174000,886.95,887.95,885.85,886.75,16609
1617174300,886.75,886.85,885.4,885.5,14077
1617174600,885.5,885.85,883.5,883.7,22799
1617174900,883.7,884.85,881.0,882.55,34553
1617175200,882.8,884.75,882.5,884.75,22671
1617175500,884.3,885.1,881.5,885.05,33604
1617175800,885.05,885.5,883.0,885.25,33261
1617176100,885.2,885.85,884.15,885.55,19900
1617176400,885.5,887.0,885.1,886.35,27503
1617176700,886.35,887.95,884.5,885.0,38581
1617177000,884.95,885.4,883.05,885.05,23016
1617177300,885.0,885.8,882.0,882.0,19369
1617177600,882.2,885.5,882.2,884.65,15701
1617177900,884.65,886.0,884.65,885.85,12995
1617178200,885.85,886.9,885.25,886.7,21403
1617178500,886.75,886.9,886.0,886.05,12192
1617178800,886.05,889.0,885.45,888.0,25640
1617179100,887.8,889.35,886.05,887.95,28464
1617179400,888.0,889.0,887.65,889.0,18838
1617179700,889.25,889.45,888.5,889.4,23863
1617180000,889.4,890.0,888.75,889.4,32809
1617180300,889.35,890.9,886.55,887.25,44366
1617180600,887.25,888.55,887.25,887.55,19770
1617180900,887.8,888.55,887.05,887.05,23298
1617181200,887.05,887.45,886.45,886.65,24968
1617181500,887.0,888.95,886.65,888.0,22440
1617181800,887.7,889.4,887.0,887.9,27394
1617182100,888.0,888.5,887.15,887.15,15635
1617182400,887.25,887.25,883.45,883.45,38599
1617182700,883.25,884.65,880.2,881.15,64279
1617183000,881.15,881.85,879.65,880.3,86265
1617183300,880.3,884.05,879.45,881.95,75810
1617183600,882.0,882.0,880.9,881.15,43089
1617183900,881.2,883.0,881.15,881.7,52337
1617184200,881.7,881.7,879.8,880.05,67952
1617184500,880.05,880.05,877.65,878.65,36511
1617248700,881.6,885.9,880.85,881.25,40244
1617249000,881.25,885.9,881.2,885.3,18294
1617249300,885.3,885.3,882.95,884.95,21646
1617249600,884.95,885.6,884.05,884.55,14592
1617249900,884.2,885.2,880.15,881.0,21127
1617250200,880.8,881.15,879.0,881.15,24243
1617250500,881.15,881.6,879.35,881.0,16193
1617250800,881.0,882.0,880.2,880.2,14955
1617251100,880.2,882.2,880.0,882.2,9484
1617251400,882.4,882.4,879.8,879.9,25859
1617251700,879.9,883.1,879.8,882.6,21073
1617252000,882.45,882.95,882.15,882.85,6330
1617252300,882.8,884.25,882.8,883.3,17943
1617252600,883.15,884.5,883.15,883.55,8772
1617252900,883.8,884.25,883.3,883.35,7043
1617253200,883.35,883.6,882.0,882.9,9182
1617253500,882.85,882.9,882.2,882.7,7114
1617253800,882.7,882.8,882.6,882.8,6658
1617254100,882.8,883.85,880.55,881.25,16563
1617254400,881.2,882.7,881.2,881.45,9712
1617254700,881.45,881.45,878.25,878.7,24785
1617255000,878.7,878.95,876.5,877.85,25520
1617255300,877.85,877.85,877.05,877.45,10837
1617255600,877.7,879.2,877.45,878.8,9931
1617255900,878.85,879.9,878.8,879.3,10168
1617256200,879.3,879.6,879.0,879.2,5242
1617256500,879.2,879.25,878.2,878.45,7822
1617256800,878.45,879.9,878.45,879.6,12959
1617257100,879.65,879.7,878.55,879.0,6415
1617257400,879.0,879.7,878.65,878.75,6450
1617257700,878.75,879.7,878.7,879.3,6489
1617258000,879.4,881.0,879.3,880.65,9738
1617258300,880.85,881.0,880.25,880.3,12352
1617258600,880.25,880.55,880.1,880.45,7107
1617258900,880.55,881.0,880.45,880.9,9062
1617259200,881.0,883.0,881.0,882.2,17954
1617259500,882.3,882.75,882.1,882.75,8933
1617259800,882.75,882.75,881.3,882.0,7280
1617260100,882.0,882.6,881.8,882.3,7889
1617260400,882.45,884.0,882.3,883.9,10284
1617260700,883.9,884.0,882.5,883.9,7180
1617261000,883.75,883.95,883.1,883.5,8906
1617261300,883.8,883.8,882.25,883.55,9682
1617261600,883.7,883.85,882.9,883.45,8193
1617261900,883.45,884.5,883.3,884.4,9209
1617262200,884.45,884.45,884.05,884.25,8560
1617262500,884.25,885.0,884.15,885.0,9762
1617262800,884.95,886.55,884.45,886.1,22485
1617263100,886.4,887.2,885.4,885.7,15946
1617263400,885.7,886.65,885.4,886.15,11049
1617263700,886.15,887.05,886.05,887.0,9373
1617264000,887.05,887.1,885.35,886.8,15927
1617264300,886.8,887.8,886.6,887.75,6914
1617264600,887.75,888.0,887.6,887.6,10134
1617264900,887.6,888.45,887.5,888.0,13017
1617265200,888.0,888.0,885.0,886.75,14970
1617265500,887.0,888.0,886.75,887.7,12368
1617265800,887.8,888.0,887.7,888.0,7107
1617266100,887.95,888.0,887.55,887.95,7905
1617266400,888.0,890.05,888.0,889.75,41987
1617266700,889.7,889.75,885.85,886.05,15658
1617267000,886.05,887.7,886.05,887.65,8223
1617267300,887.65,887.95,887.35,887.8,7544
1617267600,887.75,887.8,884.25,885.0,25913
1617267900,884.55,885.0,882.15,882.85,27527
1617268200,883.0,883.35,882.0,882.25,24516
1617268500,882.25,884.15,882.0,883.1,32587
1617268800,883.1,884.5,883.1,883.85,18718
1617269100,883.85,883.85,883.0,883.75,20847
1617269400,883.6,883.8,883.0,883.3,22572
1617269700,883.3,884.6,882.9,883.2,33281
1617270000,883.2,883.8,882.0,883.0,41136
1617270300,882.5,884.4,882.0,884.05,38132
1617270600,883.9,884.55,883.0,883.4,50248
1617270900,883.65,888.0,883.25,887.9,39783
1617594300,885.0,887.0,880.05,883.0,58614
1617594600,883.0,884.9,881.25,883.45,26097
1617594900,883.45,885.95,881.35,885.4,17588
1617595200,884.55,884.55,881.5,881.6,12161
1617595500,882.0,882.65,880.0,880.0,16114
1617595800,879.95,880.85,878.6,879.15,20671
1617596100,879.15,879.55,878.0,878.05,7079
1617596400,878.05,880.75,877.0,878.0,12846
1617596700,878.25,878.25,875.0,875.9,20863
1617597000,875.0,875.0,871.5,874.3,24055
1617597300,873.7,875.0,870.55,871.25,15918
1617597600,871.7,871.8,869.0,869.9,26831
1617597900,869.3,869.75,866.75,867.3,16605
1617598200,867.25,870.35,867.1,869.05,9722
1617598500,870.0,870.6,867.75,868.4,10120
1617598800,868.15,870.2,868.0,868.7,7530
1617599100,869.35,870.35,868.3,868.3,7365
1617599400,868.8,869.9,867.8,869.05,8339
1617599700,868.7,869.9,868.25,869.4,4914
1617600000,869.85,869.9,868.05,869.55,5434
1617600300,869.2,869.6,868.05,868.05,6107
1617600600,868.05,868.05,865.7,866.3,17295
1617600900,866.2,867.0,865.5,866.1,14469
1617601200,866.1,866.5,865.1,865.7,6047
1617601500,865.5,866.75,865.05,866.1,8449
1617601800,866.05,867.0,865.85,866.7,8037
1617602100,866.5,868.15,866.3,867.2,14976
1617602400,867.2,867.4,866.0,866.95,24814
1617602700,866.95,869.8,866.4,868.5,25082
1617603000,868.9,869.8,866.45,866.45,9676
1617603300,866.4,867.4,866.15,867.25,9210
1617603600,867.25,867.4,866.3,866.8,5039
1617603900,866.7,867.25,866.3,866.6,7172
1617604200,866.6,867.6,866.3,866.85,9034
1617604500,866.8,867.15,866.3,867.05,5441
1617604800,867.0,868.5,866.3,868.0,9505
1617605100,867.9,869.45,867.9,868.15,6719
1617605400,868.15,869.0,868.05,868.4,4137
1617605700,868.3,869.8,868.3,869.1,6122
1617606000,869.05,869.9,869.0,869.35,3719
1617606300,869.35,870.25,869.35,869.95,11021
1617606600,870.0,870.05,869.4,869.9,10263
1617606900,869.85,870.05,868.35,868.7,6889
1617607200,868.7,868.75,867.9,868.2,14326
1617607500,868.2,868.8,864.8,867.4,84460
1617607800,867.4,869.35,866.5,869.0,10562
1617608100,869.3,870.35,868.0,869.55,3022
1617608400,869.55,869.9,867.0,867.75,25027
1617608700,867.75,869.3,867.75,868.0,137059
1617609000,868.0,870.35,867.9,869.0,10167
1617609300,869.0,869.5,868.7,869.0,6248
1617609600,869.0,869.0,868.0,869.0,6260
1617609900,869.0,869.0,867.75,868.6,5172
1617610200,868.6,871.0,868.5,869.6,10376
1617610500,869.6,872.25,869.35,871.3,16351
1617610800,871.3,871.95,870.2,871.55,7209
1617611100,871.55,871.8,870.4,870.7,4743
1617611400,870.65,870.9,868.75,870.3,6286
1617611700,870.75,873.7,870.3,872.7,14340
1617612000,872.7,874.65,871.0,874.65,12868
1617612300,874.65,874.95,872.85,874.0,7328
1617612600,874.0,874.55,873.5,874.55,7597
1617612900,874.55,874.55,873.5,874.4,5544
1617613200,874.4,876.25,874.0,874.4,11316
1617613500,874.4,874.5,873.15,873.45,3914
1617613800,873.75,874.0,872.25,873.5,4317
1617614100,873.35,874.5,873.0,873.95,7067
1617614400,873.95,875.0,873.5,874.65,4917
1617614700,874.65,875.0,874.05,874.8,6972
1617615000,874.3,874.7,872.0,872.45,9336
1617615300,872.45,872.45,871.3,871.65,8455
1617615600,871.65,873.25,870.35,872.3,15930
1617615900,872.3,872.95,871.2,872.8,17965
1617616200,873.0,873.7,872.05,873.5,29400
1617616500,873.3,876.0,872.25,874.0,14096
1617680700,872.8,872.8,867.45,867.5,33061
1617681000,867.5,869.55,865.95,869.4,28904
1617681300,869.0,877.25,868.6,874.3,42950
1617681600,874.9,876.4,873.5,875.25,13891
1617681900,875.25,878.9,874.8,877.2,11211
1617682200,877.8,878.0,876.0,876.5,7242
1617682500,876.8,878.5,875.25,878.0,10816
1617682800,878.0,883.8,876.9,881.6,98829
1617683100,881.2,882.95,879.45,882.4,28340
1617683400,882.3,882.3,879.5,880.3,8902
1617683700,880.3,882.9,879.6,882.35,10134
1617684000,882.35,882.5,881.05,881.9,6924
1617684300,881.85,882.0,879.25,881.4,8808
1617684600,881.45,882.5,880.45,881.35,14637
1617684900,881.5,883.6,880.55,883.0,20195
1617685200,883.0,884.55,883.0,884.35,18541
1617685500,884.35,886.5,883.7,886.25,39361
1617685800,886.25,888.0,885.5,885.9,44983
1617686100,885.35,886.4,884.25,885.15,17008
1617686400,885.15,885.4,884.25,884.4,10232
1617686700,884.4,885.05,884.05,884.6,3120
1617687000,884.05,884.8,883.05,884.05,7392
1617687300,884.05,884.5,882.65,882.9,4356
1617687600,882.9,884.0,882.9,883.2,4885
1617687900,883.2,883.95,882.8,883.65,5408
1617688200,883.65,884.0,882.8,883.0,4155
1617688500,883.0,883.65,882.8,883.45,3149
1617688800,883.45,883.5,882.5,882.9,7304
1617689100,882.9,883.2,882.45,883.0,2131
1617689400,883.0,883.0,881.0,881.3,3830
1617689700,881.05,881.3,880.5,880.75,7248
1617690000,880.75,882.2,880.6,882.1,5931
1617690300,882.1,884.2,881.65,883.55,6347
1617690600,883.55,883.75,881.8,882.35,1990
1617690900,882.35,883.4,881.3,883.4,3052
1617691200,883.4,883.4,882.7,883.2,2399
1617691500,883.2,883.8,882.9,883.1,3521
1617691800,883.1,883.65,883.0,883.4,1249
1617692100,883.4,883.8,883.0,883.35,10093
1617692400,883.35,887.35,883.15,887.0,36472
1617692700,887.0,887.5,883.1,883.55,23948
1617693000,884.2,885.55,883.0,883.25,20779
1617693300,883.0,885.85,883.0,885.85,17825
1617693600,885.85,885.85,884.55,884.75,9233
1617693900,884.85,885.0,884.65,885.0,4847
1617694200,884.95,884.95,882.75,882.75,17914
1617694500,883.3,886.75,883.3,886.25,25601
1617694800,886.25,887.0,885.6,886.5,17088
1617695100,886.5,886.9,884.6,885.55,11001
1617695400,885.55,887.35,885.35,886.75,23303
1617695700,885.95,886.55,884.85,886.45,10466
1617696000,886.4,887.25,885.4,885.55,13536
1617696300,885.55,886.5,885.55,886.15,4996
1617696600,885.9,886.15,884.15,885.0,9644
1617696900,885.0,885.45,883.75,885.25,9343
1617697200,885.25,885.45,884.15,884.75,7540
1617697500,884.75,885.35,883.8,884.4,11705
1617697800,884.25,886.0,884.25,885.95,9262
1617698100,885.95,886.7,885.0,886.45,7129
1617698400,886.35,887.0,885.35,886.7,7692
1617698700,887.0,888.4,886.25,887.9,15744
1617699000,887.9,889.8,886.25,889.6,29781
1617699300,889.9,893.0,889.9,891.25,40764
1617699600,891.0,892.75,889.45,892.3,18806
1617699900,892.3,893.8,892.3,893.05,34688
1617700200,893.05,893.7,892.0,892.0,16235
1617700500,892.0,893.35,890.0,890.8,27324
1617700800,890.2,893.0,890.1,892.4,9877
1617701100,892.4,893.0,891.25,892.8,21281
1617701400,893.0,893.2,892.3,892.95,15339
1617701700,893.0,896.1,892.65,895.3,34131
1617702000,895.3,897.0,893.1,895.35,49630
1617702300,895.95,900.0,895.35,899.05,52696
1617702600,899.1,899.9,897.55,898.5,33123
1617702900,898.5,903.0,896.0,901.0,88049
1617767100,901.0,904.25,898.25,899.9,120795
1617767400,900.0,902.95,898.65,902.6,53237
1617767700,902.6,907.5,902.6,905.7,90022
1617768000,905.5,906.45,904.55,905.8,70518
1617768300,905.8,906.9,904.3,905.0,61484
1617768600,905.0,905.4,903.0,903.75,37657
1617768900,903.95,906.5,903.0,904.05,59648
1617769200,904.05,909.8,904.05,909.8,41906
1617769500,909.8,910.75,908.9,910.45,80146
1617769800,910.5,912.7,908.9,908.95,70528
1617770100,909.0,911.0,908.0,910.55,23671
1617770400,910.8,911.0,909.9,910.05,27838
1617770700,910.1,912.65,909.05,912.55,47434
1617771000,912.5,915.6,911.8,914.75,109167
1617771300,914.8,919.0,914.8,916.6,102014
1617771600,916.25,919.3,916.25,917.8,99685
1617771900,917.5,917.75,915.05,915.8,38848
1617772200,916.0,917.9,915.55,917.75,42725
1617772500,917.75,920.0,917.3,918.0,90941
1617772800,918.3,918.4,913.55,916.35,55223
1617773100,916.35,917.4,916.15,917.0,19738
1617773400,917.0,919.65,916.85,919.05,36047
1617773700,919.05,919.75,918.05,918.8,26301
1617774000,918.8,919.75,917.0,919.75,31186
1617774300,919.3,921.0,918.25,919.5,83996
1617774600,919.7,920.95,919.0,919.3,26287
1617774900,919.25,919.5,918.0,918.8,27480
1617775200,918.9,919.5,918.0,919.25,26131
1617775500,919.2,919.5,916.5,916.95,61839
1617775800,917.9,920.45,917.3,920.05,42316
1617776100,920.35,920.9,918.2,918.85,61298
1617776400,918.85,919.25,917.0,918.2,20154
1617776700,918.5,920.0,918.1,919.1,24224
1617777000,919.25,919.3,915.5,916.7,36413
1617777300,916.6,917.3,916.2,916.7,17992
1617777600,916.9,917.0,915.0,915.6,22342
1617777900,915.6,916.8,915.05,916.2,16317
1617778200,916.2,916.4,915.5,916.25,15276
1617778500,916.2,916.75,915.15,916.6,28310
1617778800,916.7,917.0,915.85,917.0,20965
1617779100,916.65,917.85,916.55,917.8,22521
1617779400,917.9,919.0,917.75,918.85,51450
1617779700,918.9,919.0,918.8,919.0,65441
1617780000,919.0,919.0,918.1,918.4,21429
1617780300,918.55,919.0,916.0,919.0,26511
1617780600,919.0,919.0,917.9,918.7,24350
1617780900,918.7,919.0,918.15,918.5,19015
1617781200,918.5,919.0,918.0,918.75,23739
1617781500,918.8,919.0,916.0,917.9,45710
1617781800,917.8,918.8,917.5,917.8,40805
1617782100,917.8,918.85,917.0,918.4,19647
1617782400,918.4,919.0,918.0,918.8,21024
1617782700,918.8,919.0,917.2,917.6,40501
1617783000,917.6,917.85,915.35,916.1,27901
1617783300,916.1,918.8,915.75,918.3,15842
1617783600,918.7,918.9,917.25,918.4,17435
1617783900,918.4,918.6,917.5,918.6,12518
1617784200,918.6,919.0,917.95,918.85,14799
1617784500,918.9,918.9,918.05,918.45,9394
1617784800,918.45,918.75,917.6,917.65,11209
1617785100,917.65,918.8,917.65,918.55,8053
1617785400,918.55,918.8,916.05,918.0,11886
1617785700,917.7,919.0,917.6,918.2,16185
1617786000,918.2,919.0,918.0,918.65,7312
1617786300,918.65,918.95,918.0,918.4,9995
1617786600,918.4,918.7,916.0,916.35,21851
1617786900,916.35,917.35,916.0,916.6,20654
1617787200,916.55,917.7,916.5,916.5,12788
1617787500,916.5,917.4,916.15,916.6,14544
1617787800,916.7,918.4,916.5,917.25,25987
1617788100,917.4,920.65,917.25,919.9,46390
1617788400,919.75,920.1,918.05,919.0,42784
1617788700,918.6,919.5,917.4,917.85,40885
1617789000,918.0,919.5,917.0,917.0,46041
1617789300,917.0,918.0,916.2,916.5,30302
1617853500,921.4,921.4,916.9,918.15,59601
1617853800,918.65,919.95,918.35,918.35,26977
1617854100,918.75,918.95,916.5,916.5,25533
1617854400,916.5,917.55,916.3,917.1,27277
1617854700,917.15,918.65,917.05,917.95,18432
1617855000,918.1,918.1,913.1,913.15,38465
1617855300,913.5,914.5,912.6,913.95,24923
1617855600,913.95,915.4,913.2,915.05,22304
1617855900,915.15,915.6,913.4,913.85,26516
1617856200,913.9,915.9,913.9,915.25,15613
1617856500,915.3,916.45,914.5,914.95,20295
1617856800,914.8,915.75,914.8,914.8,9889
1617857100,914.95,914.95,913.5,914.4,17142
1617857400,914.85,915.95,914.6,914.7,11697
1617857700,914.75,915.85,913.6,915.5,14045
1617858000,915.4,917.0,914.35,915.3,17107
1617858300,915.5,915.55,915.25,915.3,12943
1617858600,915.3,915.45,914.1,915.1,11682
1617858900,915.1,915.8,915.0,915.45,9100
1617859200,915.55,916.75,915.4,916.5,12492
1617859500,916.5,918.0,915.0,917.0,44552
1617859800,917.0,917.0,915.25,915.5,9741
1617860100,915.9,916.25,915.0,915.05,9110
1617860400,915.05,915.3,915.0,915.05,13251
1617860700,915.05,915.05,911.7,914.2,36555
1617861000,914.2,914.35,912.0,913.8,13328
1617861300,914.0,914.0,913.05,913.45,7776
1617861600,913.5,913.5,912.55,913.1,20154
1617861900,913.4,914.25,913.1,913.75,11690
1617862200,913.7,913.7,910.6,911.05,24520
1617862500,911.0,912.0,909.25,911.65,41551
1617862800,911.7,914.0,911.65,912.35,19790
1617863100,912.3,912.7,910.6,911.3,7906
1617863400,911.5,912.4,911.25,911.8,9548
1617863700,911.85,912.0,911.7,911.7,7995
1617864000,911.7,911.7,909.6,910.8,15695
1617864300,910.9,912.9,910.0,912.85,13523
1617864600,912.75,913.2,911.4,911.95,13737
1617864900,912.0,912.45,911.5,912.0,10097
1617865200,912.35,913.2,911.9,912.95,10551
1617865500,912.85,913.95,912.1,913.5,6493
1617865800,914.0,914.0,913.75,913.85,11794
1617866100,913.8,913.95,913.0,913.6,10795
1617866400,913.6,913.6,913.25,913.25,4901
1617866700,913.3,913.95,913.25,913.85,5168
1617867000,913.95,914.55,913.75,914.0,22308
1617867300,914.2,914.8,914.0,914.45,8659
1617867600,914.5,914.5,914.35,914.4,5016
1617867900,914.4,914.6,914.3,914.3,5804
1617868200,914.8,914.95,914.7,914.8,6225
1617868500,914.8,915.0,914.8,914.85,3795
1617868800,914.9,914.9,914.8,914.8,6048
1617869100,914.8,917.7,914.75,916.85,25019
1617869400,917.0,918.0,916.8,917.75,12375
1617869700,917.75,917.75,916.45,916.45,12884
1617870000,916.45,916.55,915.0,916.1,7290
1617870300,916.1,916.55,915.4,915.5,7654
1617870600,915.85,916.65,915.55,916.1,6084
1617870900,915.85,915.95,913.6,913.6,11383
1617871200,913.7,914.05,913.15,913.15,11328
1617871500,913.25,913.25,911.45,911.7,15202
1617871800,911.7,912.65,911.7,912.2,9495
1617872100,912.2,912.35,909.5,909.8,21244
1617872400,909.8,910.35,909.5,909.9,21061
1617872700,909.7,910.0,908.15,908.55,36173
1617873000,908.55,910.35,908.55,909.9,13028
1617873300,910.0,910.4,908.5,908.7,13468
1617873600,908.7,908.7,907.0,907.25,24468
1617873900,907.3,907.9,905.0,905.35,27389
1617874200,905.35,908.9,905.05,908.05,29487
1617874500,907.95,910.35,907.65,908.25,31034
1617874800,908.25,908.65,907.5,907.65,24310
1617875100,907.65,910.05,907.55,909.05,31237
1617875400,909.15,909.75,907.8,908.6,59440
1617875700,908.6,909.75,907.55,909.2,28276
1617939900,904.6,912.0,900.2,902.65,118674
1617940200,902.6,904.6,901.6,903.5,41480
1617940500,903.1,905.6,902.0,902.05,33071
1617940800,902.05,903.7,901.0,901.15,28052
1617941100,901.15,904.0,901.15,903.1,21155
1617941400,903.0,906.4,902.05,902.05,25494
1617941700,902.3,903.85,902.0,902.55,14079
1617942000,902.8,906.7,902.6,906.55,25285
1617942300,906.2,906.7,904.25,906.1,34182
1617942600,906.1,907.0,904.0,905.95,18837
1617942900,905.95,915.0,905.25,913.55,52972
1617943200,913.7,915.95,911.8,914.0,34233
1617943500,914.0,915.0,910.5,910.5,16044
1617943800,910.85,912.85,909.4,912.2,17231
1617944100,912.2,912.45,909.0,909.15,11445
1617944400,909.15,912.0,909.0,910.6,13212
1617944700,910.9,912.4,909.45,911.8,11755
1617945000,911.8,911.8,910.0,910.05,6565
1617945300,910.05,911.3,909.25,910.35,12372
1617945600,910.8,910.8,909.55,910.0,10336
1617945900,910.0,912.8,910.0,911.55,9911
1617946200,911.55,911.75,910.0,910.0,7784
1617946500,910.0,911.4,909.45,910.05,17922
1617946800,910.05,911.7,910.0,911.4,7144
1617947100,911.4,913.6,911.3,911.3,15944
1617947400,911.3,913.95,911.0,913.5,13646
1617947700,913.5,913.5,912.0,912.3,6169
1617948000,912.3,912.3,910.95,911.1,10325
1617948300,911.1,912.0,910.4,911.0,13258
1617948600,910.85,912.85,910.85,911.5,17878
1617948900,911.5,912.75,910.85,910.85,7470
1617949200,910.85,910.9,910.0,910.25,7561
1617949500,910.25,911.0,909.45,910.25,12011
1617949800,910.25,910.65,909.7,910.0,6928
1617950100,910.0,910.95,910.0,910.05,7212
1617950400,910.45,910.65,910.05,910.4,5547
1617950700,910.4,912.75,910.1,911.45,21701
1617951000,911.45,912.0,910.65,910.9,4466
1617951300,910.9,912.0,910.55,910.7,6752
1617951600,911.2,911.2,910.6,910.75,4957
1617951900,910.75,912.5,910.7,911.35,13094
1617952200,911.45,911.45,910.75,911.05,7073
1617952500,911.05,911.5,910.75,911.05,10442
1617952800,911.05,911.15,910.6,911.0,5152
1617953100,911.0,911.2,910.45,911.0,16713
1617953400,911.0,911.2,910.65,911.0,8283
1617953700,911.0,912.15,910.45,911.8,6406
1617954000,911.8,911.8,910.4,910.9,12556
1617954300,911.0,911.2,910.75,911.2,8917
1617954600,911.0,911.3,910.6,910.9,14624
1617954900,910.9,910.9,909.65,910.0,43807
1617955200,910.0,910.7,909.85,910.2,9460
1617955500,910.2,910.45,909.0,909.7,15484
1617955800,909.7,910.0,907.75,907.95,21485
1617956100,907.95,907.95,905.6,905.6,19064
1617956400,905.6,907.8,905.6,907.8,10309
1617956700,907.8,908.25,906.0,906.55,10168
1617957000,906.55,907.8,905.3,907.8,10483
1617957300,907.8,908.5,906.85,907.05,10608
1617957600,907.05,907.85,906.45,907.45,9598
1617957900,907.45,908.15,906.65,907.4,8676
1617958200,907.4,908.4,904.65,905.4,32858
1617958500,905.4,907.8,904.35,906.45,25979
1617958800,906.45,906.85,905.15,905.5,11035
1617959100,905.5,906.85,905.1,906.7,6666
1617959400,906.7,907.5,904.55,906.5,16190
1617959700,906.5,907.5,906.25,906.45,7618
1617960000,906.45,908.9,906.05,907.2,15752
1617960300,907.2,908.9,907.2,907.75,13004
1617960600,907.75,908.9,906.8,907.7,23604
1617960900,907.7,908.55,906.95,908.25,24639
1617961200,908.25,909.1,907.4,909.0,24812
1617961500,909.0,910.75,908.3,909.65,25663
1617961800,909.65,913.35,909.5,911.8,57101
1617962100,911.8,913.0,910.0,910.8,32592
1618199100,900.65,905.4,891.35,892.25,60567
1618199400,891.4,896.0,890.0,891.3,41274
1618199700,889.15,890.75,881.0,883.0,61339
1618200000,883.6,883.6,879.6,879.8,23538
1618200300,879.85,883.05,876.25,879.0,26019
1618200600,878.8,881.1,878.5,879.4,40581
1618200900,879.35,880.3,878.65,879.45,18089
1618201200,879.85,881.45,879.35,881.0,23297
1618201500,881.05,881.5,879.0,879.85,51700
1618201800,879.4,880.3,878.6,878.75,11375
1618202100,879.25,880.7,879.0,879.9,15068
1618202400,879.55,880.45,878.4,879.8,8997
1618202700,879.8,879.8,877.0,878.45,20691
1618203000,878.4,879.85,876.9,878.55,10071
1618203300,878.55,880.0,877.4,879.05,10743
1618203600,879.05,879.2,877.8,878.5,6809
1618203900,878.5,878.5,875.55,876.8,16086
1618204200,876.9,878.85,875.3,877.3,6874
1618204500,876.8,879.9,876.8,879.9,12401
1618204800,880.0,881.75,878.7,881.15,12028
1618205100,881.15,882.0,880.3,881.4,5165
1618205400,881.4,883.1,881.0,882.25,8148
1618205700,882.25,882.65,882.0,882.0,3097
1618206000,882.1,883.4,882.0,882.8,4310
1618206300,882.4,882.9,882.0,882.5,5621
1618206600,882.5,882.5,882.0,882.25,10067
1618206900,882.5,882.5,880.55,881.9,29783
1618207200,881.95,882.35,879.8,881.15,52325
1618207500,881.35,883.0,879.85,880.05,32292
1618207800,880.05,882.5,879.55,881.7,19020
1618208100,881.7,882.3,880.75,882.05,18032
1618208400,882.0,882.4,881.1,881.2,8649
1618208700,881.2,882.0,881.1,881.9,7857
1618209000,881.9,882.8,881.0,881.25,11852
1618209300,881.3,881.85,881.1,881.55,8473
1618209600,881.1,882.15,881.0,881.5,8189
1618209900,882.0,885.85,881.1,884.85,21724
1618210200,884.85,885.7,882.65,883.0,20404
1618210500,883.0,884.15,881.8,882.0,6719
1618210800,882.25,882.25,880.9,881.2,14062
1618211100,881.25,881.25,880.0,880.4,74120
1618211400,880.45,880.9,879.5,880.25,11002
1618211700,880.9,881.15,878.45,879.05,21950
1618212000,879.15,879.15,875.55,877.5,17556
1618212300,877.5,878.0,875.0,877.3,20699
1618212600,877.3,878.9,877.0,878.6,27762
1618212900,878.2,878.5,877.25,877.25,20628
1618213200,877.25,878.0,876.8,877.95,15158
1618213500,877.95,878.0,877.1,877.75,14202
1618213800,878.0,878.0,877.25,877.4,7952
1618214100,877.4,877.7,874.15,877.05,43802
1618214400,877.0,878.45,877.0,877.25,6392
1618214700,877.25,877.75,877.0,877.25,10793
1618215000,877.25,877.7,877.0,877.25,10889
1618215300,877.25,877.9,877.25,877.25,9988
1618215600,877.25,877.5,877.05,877.35,13612
1618215900,877.35,877.65,876.8,877.25,8628
1618216200,877.3,878.25,876.85,878.25,9710
1618216500,878.15,878.35,877.5,877.7,4932
1618216800,877.95,878.45,877.25,877.3,14040
1618217100,877.4,878.6,877.25,877.5,6987
1618217400,877.5,878.15,877.25,877.4,7208
1618217700,877.7,878.2,877.25,877.6,11645
1618218000,877.25,878.55,876.0,876.4,22166
1618218300,876.4,876.4,872.05,873.5,34365
1618218600,873.6,874.8,868.5,869.05,85392
1618218900,869.0,871.45,868.6,869.2,25750
1618219200,869.5,871.4,869.5,870.35,10133
1618219500,870.35,871.2,870.0,870.85,8836
1618219800,870.85,872.95,870.65,872.25,13703
1618220100,872.5,872.6,871.0,871.05,10305
1618220400,871.15,872.45,870.1,871.6,23818
1618220700,871.75,873.45,871.0,872.1,28408
1618221000,872.5,873.0,870.9,873.0,34654
1618221300,873.05,880.0,873.05,876.1,19564
1618285500,881.45,883.65,877.2,877.8,27906
1618285800,876.5,882.0,875.5,881.6,33348
1618286100,880.6,881.4,878.15,879.0,10515
1618286400,879.0,879.75,878.1,879.5,9899
1618286700,879.5,880.0,877.3,877.7,27118
1618287000,877.4,877.4,874.75,876.45,23090
1618287300,876.25,879.2,876.2,878.05,14341
1618287600,877.8,879.8,877.35,879.2,13494
1618287900,879.5,881.25,878.0,878.75,46136
1618288200,878.75,880.5,877.2,880.4,12153
1618288500,881.0,881.0,879.25,880.7,17315
1618288800,880.8,881.25,879.5,880.25,18924
1618289100,880.25,882.3,878.3,879.0,26689
1618289400,879.25,879.75,878.5,878.55,12250
1618289700,878.55,878.85,878.0,878.5,7774
1618290000,878.1,878.5,877.4,877.65,7277
1618290300,877.35,879.0,877.35,878.45,7141
1618290600,878.45,880.0,878.45,880.0,9254
1618290900,880.0,880.15,879.3,879.6,4773
1618291200,879.55,880.0,878.85,879.95,8115
1618291500,879.65,880.2,878.8,879.55,4512
1618291800,879.55,880.7,879.15,880.0,7317
1618292100,880.05,882.95,879.7,880.25,21351
1618292400,881.45,882.4,880.0,880.4,10838
1618292700,880.65,881.0,879.85,879.95,34938
1618293000,879.8,880.95,879.75,880.1,15266
1618293300,880.4,880.7,880.0,880.2,3243
1618293600,880.5,880.6,878.95,879.35,4972
1618293900,879.35,882.15,878.5,878.95,69163
1618294200,879.25,879.85,879.0,879.85,9286
1618294500,880.7,882.5,880.25,881.05,14092
1618294800,881.25,882.05,880.0,881.25,7331
1618295100,881.35,881.75,880.75,881.0,5180
1618295400,881.0,881.25,880.3,880.9,5054
1618295700,881.0,882.6,880.7,881.0,5182
1618296000,881.25,881.8,880.5,881.5,4973
1618296300,881.3,882.6,881.05,882.05,4640
1618296600,882.05,882.55,880.9,882.0,25120
1618296900,882.0,883.95,881.15,883.7,18562
1618297200,883.7,886.4,883.7,885.55,26792
1618297500,885.55,885.95,884.7,885.7,11359
1618297800,885.7,887.8,885.5,886.3,20751
1618298100,886.3,890.6,886.0,890.4,23556
1618298400,890.4,891.15,887.4,887.4,14948
1618298700,887.5,890.0,887.4,889.9,10315
1618299000,890.0,890.6,888.35,888.85,10233
1618299300,888.85,889.0,887.55,888.45,14015
1618299600,888.45,890.15,887.3,888.0,12657
1618299900,888.0,888.0,886.0,886.2,8120
1618300200,886.6,886.6,885.85,886.6,4627
1618300500,886.5,886.5,885.0,885.5,11937
1618300800,885.5,888.0,885.0,887.2,11348
1618301100,887.25,888.85,887.05,888.5,21412
1618301400,888.8,889.95,888.55,889.9,9569
1618301700,889.9,890.15,889.1,890.0,9413
1618302000,890.15,890.15,888.3,888.55,8627
1618302300,888.5,890.0,888.05,888.4,9854
1618302600,889.0,890.6,888.75,890.6,8816
1618302900,890.45,892.55,890.4,892.55,15009
1618303200,892.45,893.0,891.1,891.9,28304
1618303500,892.5,892.75,891.0,892.75,11220
1618303800,892.75,893.0,890.4,891.25,19471
1618304100,891.25,892.6,891.25,891.9,12718
1618304400,892.0,892.85,891.6,891.95,14714
1618304700,891.95,893.0,891.1,892.9,12139
1618305000,892.9,894.3,892.75,893.65,15865
1618305300,893.75,895.0,893.7,894.0,12588
1618305600,894.0,894.4,892.1,892.3,13890
1618305900,892.3,893.95,892.3,893.95,15422
1618306200,893.95,894.8,893.75,894.45,18616
1618306500,894.45,897.35,894.35,897.0,22648
1618306800,897.3,899.6,896.75,899.0,36406
1618307100,899.0,899.9,898.1,899.55,21671
1618307400,899.5,900.75,899.0,899.1,26934
1618307700,899.15,899.15,896.25,897.15,17243
1618458300,895.0,904.85,892.1,903.2,40217
1618458600,903.6,905.0,901.3,904.0,16866
1618458900,904.0,906.3,899.05,899.05,24988
1618459200,899.0,899.0,891.85,893.0,28935
1618459500,892.45,896.0,891.9,895.5,12090
1618459800,895.65,897.45,894.45,897.1,16481
1618460100,897.1,898.0,892.3,892.5,19919
1618460400,892.5,893.0,890.05,890.45,12397
1618460700,890.45,893.65,890.0,892.95,19919
1618461000,892.85,894.85,891.45,894.85,14966
1618461300,894.85,900.4,894.45,900.0,130594
1618461600,900.3,900.3,894.0,895.35,39816
1618461900,895.2,895.65,893.35,894.35,23391
1618462200,894.35,894.5,890.55,892.15,33414
1618462500,892.15,893.9,892.0,893.25,15773
1618462800,893.25,893.25,892.05,892.8,15897
1618463100,892.5,896.85,892.5,894.25,15734
1618463400,894.25,894.25,891.65,892.0,6948
1618463700,892.0,893.0,891.2,891.95,4288
1618464000,891.95,892.3,891.55,891.55,3021
1618464300,891.55,892.0,891.45,891.55,9088
1618464600,891.9,892.45,891.15,892.0,11223
1618464900,892.0,892.8,891.9,892.05,11231
1618465200,892.0,892.3,891.0,891.25,11200
1618465500,891.5,892.25,890.25,892.05,8195
1618465800,892.05,892.25,891.75,892.0,5653
1618466100,892.05,892.25,892.0,892.2,5058
1618466400,892.4,892.95,892.0,892.05,5220
1618466700,892.05,893.75,891.6,892.8,10636
1618467000,892.8,895.4,892.6,895.05,11160
1618467300,895.05,895.5,893.5,895.25,6443
1618467600,895.1,897.55,894.0,895.2,25108
1618467900,895.4,895.5,892.55,892.6,4165
1618468200,892.6,894.05,892.3,894.05,4630
1618468500,894.05,896.4,893.05,893.9,6295
1618468800,893.9,895.2,893.25,893.45,6369
1618469100,893.45,894.35,893.0,893.85,107751
1618469400,893.85,894.65,893.2,893.7,2060
1618469700,893.7,894.65,893.35,894.05,1310
1618470000,894.3,900.2,893.9,900.0,178219
1618470300,899.9,900.0,895.0,896.55,14218
1618470600,896.55,896.95,894.3,894.55,3628
1618470900,894.55,895.75,893.85,894.75,3633
1618471200,894.75,894.75,893.8,894.1,5230
1618471500,894.1,896.2,894.05,894.5,5551
1618471800,894.5,895.85,894.05,894.1,4190
1618472100,894.1,894.1,893.05,893.8,6680
1618472400,893.8,894.2,893.05,893.4,2363
1618472700,893.4,894.85,893.35,894.65,4949
1618473000,894.65,895.45,894.4,895.0,2543
1618473300,894.6,895.3,890.95,891.7,33112
1618473600,891.7,893.95,891.25,893.9,8446
1618473900,893.9,900.95,893.6,899.85,41530
1618474200,899.85,902.6,898.05,902.0,31799
1618474500,902.0,902.8,900.35,900.6,11753
1618474800,900.6,900.65,898.85,899.0,6206
1618475100,898.65,901.6,898.6,899.25,10968
1618475400,899.25,902.5,899.15,902.0,7849
1618475700,902.0,903.2,901.25,902.65,9488
1618476000,902.65,902.9,899.3,900.3,8171
1618476300,900.3,900.3,897.65,899.0,10886
1618476600,899.0,899.0,896.2,896.2,5078
1618476900,896.2,897.25,895.75,896.4,12443
1618477200,896.4,898.15,896.4,897.05,4320
1618477500,897.05,897.5,895.6,896.05,4305
1618477800,896.05,897.3,896.05,896.95,1805
1618478100,896.95,897.45,896.4,896.4,4587
1618478400,896.4,897.5,896.4,897.5,1867
1618478700,897.5,902.7,897.0,902.7,19016
1618479000,902.7,906.0,902.65,905.85,45706
1618479300,905.85,908.0,905.65,907.95,32467
1618479600,907.95,909.0,907.55,908.45,39071
1618479900,908.45,911.75,908.45,910.9,57569
1618480200,911.45,911.5,910.15,910.25,33302
1618480500,910.25,912.0,909.0,911.0,40805
1618544700,917.0,917.45,910.1,912.9,99578
1618545000,913.95,918.4,912.25,914.2,93323
1618545300,914.25,917.0,913.7,916.45,29408
1618545600,916.5,916.5,915.0,915.95,28556
1618545900,915.95,915.95,912.55,913.0,18150
1618546200,913.0,913.8,912.5,913.55,16320
1618546500,913.55,916.5,913.55,916.3,32475
1618546800,916.3,917.95,914.95,915.1,59000
1618547100,915.1,916.5,914.3,915.85,29391
1618547400,915.4,917.05,915.25,915.5,21418
1618547700,915.5,916.1,914.6,915.7,23785
1618548000,915.7,916.5,914.5,915.6,11700
1618548300,915.6,916.5,915.45,916.3,15422
1618548600,916.3,916.3,914.55,915.65,13059
1618548900,916.0,916.0,911.65,915.45,28090
1618549200,915.45,916.25,914.6,915.5,10704
1618549500,915.5,916.35,915.0,916.35,7340
1618549800,915.75,916.7,914.75,915.55,13627
1618550100,915.55,919.0,914.75,918.5,27910
1618550400,918.45,919.55,916.65,917.8,29681
1618550700,917.8,917.9,916.75,917.45,8849
1618551000,917.4,919.0,917.4,918.9,11484
1618551300,918.9,918.9,917.6,917.7,12486
1618551600,918.0,918.0,916.05,916.4,16167
1618551900,916.8,917.5,916.1,917.25,6639
1618552200,917.25,918.0,916.2,916.2,10588
1618552500,916.25,917.0,916.25,917.0,3617
1618552800,917.0,917.35,916.35,916.85,5010
1618553100,916.85,917.2,916.4,917.2,4735
1618553400,917.2,917.85,916.4,916.5,5332
1618553700,916.8,917.2,916.6,917.1,8487
1618554000,917.05,917.05,916.4,916.5,8453
1618554300,916.5,917.8,916.35,917.8,11158
1618554600,917.8,918.0,913.7,914.05,17731
1618554900,914.05,915.0,911.6,912.65,29210
1618555200,912.65,915.6,911.7,915.2,23273
1618555500,915.3,915.6,914.75,915.6,6506
1618555800,915.6,916.25,915.1,915.2,9479
1618556100,915.2,916.65,915.15,916.65,5149
1618556400,916.4,917.5,915.9,917.15,8630
1618556700,917.15,917.55,917.0,917.0,6805
1618557000,917.0,917.5,916.0,916.6,6272
1618557300,916.6,917.45,916.2,917.0,4438
1618557600,917.0,917.55,916.45,917.0,8487
1618557900,917.0,917.95,916.5,917.25,7910
1618558200,917.25,918.0,917.1,918.0,7650
1618558500,918.0,918.0,916.65,916.95,5235
1618558800,916.95,917.5,916.6,917.3,5795
1618559100,917.35,917.35,916.05,916.4,4318
1618559400,916.35,917.5,916.0,917.4,5475
1618559700,917.35,917.6,917.25,917.5,3017
1618560000,917.5,917.5,916.15,916.95,5048
1618560300,916.95,917.4,916.3,917.25,4852
1618560600,917.25,917.25,916.0,916.95,7366
1618560900,916.95,917.45,916.7,917.2,4991
1618561200,917.2,917.65,916.5,917.5,9162
1618561500,917.5,917.5,915.65,915.95,16580
1618561800,916.45,916.6,911.45,913.05,47613
1618562100,913.0,913.0,905.6,909.3,47807
1618562400,909.3,911.8,907.3,911.65,17432
1618562700,911.55,913.85,911.05,912.95,18358
1618563000,912.95,914.65,912.2,913.0,15112
1618563300,913.0,914.45,913.0,913.6,9844
1618563600,913.6,914.25,912.6,913.3,8546
1618563900,913.3,914.0,913.0,914.0,7707
1618564200,913.95,915.0,913.3,915.0,9060
1618564500,915.0,915.8,914.05,915.05,7238
1618564800,915.2,915.2,912.55,914.45,11090
1618565100,914.75,915.0,913.7,914.8,10048
1618565400,914.3,914.8,913.3,914.05,24090
1618565700,914.35,915.0,912.95,914.05,24742
1618566000,914.05,915.0,911.9,915.0,25415
1618566300,914.95,915.0,913.15,914.9,29609
1618566600,914.9,914.95,913.85,914.8,33570
1618566900,914.75,915.65,913.3,913.3,25866
1618803900,897.2,905.95,893.1,899.25,91806
1618804200,898.15,898.65,890.5,892.6,44581
1618804500,893.0,896.0,891.55,896.0,40337
1618804800,896.05,896.2,890.0,890.65,16768
1618805100,890.65,894.0,890.6,891.0,11969
1618805400,891.0,892.85,889.15,891.15,16165
1618805700,890.75,892.0,890.1,890.6,11596
1618806000,890.55,893.9,890.25,892.6,21214
1618806300,892.6,893.5,889.05,890.9,14120
1618806600,890.35,892.2,888.5,891.65,21388
1618806900,891.65,894.75,890.2,893.75,15693
1618807200,893.75,896.55,893.3,895.5,15747
1618807500,895.5,895.5,893.7,894.45,9279
1618807800,894.4,896.0,893.0,893.15,14950
1618808100,893.15,895.15,892.9,893.0,222428
1618808400,893.0,897.45,892.95,897.0,8858
1618808700,897.0,900.95,896.85,900.65,48783
1618809000,900.7,901.0,900.0,900.85,7621
1618809300,901.25,901.85,900.0,900.5,11474
1618809600,900.8,902.8,900.0,902.65,12510
1618809900,902.65,903.0,900.0,900.95,8185
1618810200,901.2,901.35,899.95,900.0,8781
1618810500,900.0,900.9,899.95,900.15,9631
1618810800,900.15,900.8,900.0,900.1,7680
1618811100,900.1,900.55,900.0,900.05,10953
1618811400,900.05,900.4,900.0,900.05,15888
1618811700,900.05,900.55,900.0,900.0,11892
1618812000,900.05,900.35,900.0,900.1,19086
1618812300,900.2,900.4,900.0,900.05,9972
1618812600,900.0,901.25,900.0,900.65,12664
1618812900,900.65,900.7,900.0,900.7,9093
1618813200,900.7,901.25,900.0,901.05,19241
1618813500,901.05,901.25,901.0,901.05,9778
1618813800,901.0,901.4,900.65,901.0,23168
1618814100,901.0,901.8,901.0,901.5,5975
1618814400,901.4,901.55,901.0,901.3,7988
1618814700,901.05,902.5,900.0,901.55,32945
1618815000,901.55,902.35,901.1,902.3,7142
1618815300,902.3,902.3,901.0,901.0,4658
1618815600,901.0,902.5,901.0,902.0,5252
1618815900,902.0,902.85,901.95,902.2,4681
1618816200,902.2,902.75,901.25,902.15,112363
1618816500,902.15,902.4,901.3,902.2,6777
1618816800,902.2,902.5,901.0,902.45,70854
1618817100,902.5,906.7,902.4,905.0,34987
1618817400,905.0,907.05,904.6,905.5,19222
1618817700,905.7,905.75,904.2,905.35,5972
1618818000,905.35,906.65,904.55,906.15,7568
1618818300,906.1,906.4,905.45,905.55,8204
1618818600,905.55,906.65,905.25,905.8,6919
1618818900,906.0,906.0,903.4,904.25,8934
1618819200,904.2,907.8,904.15,907.35,20449
1618819500,907.45,907.85,906.4,906.5,10572
1618819800,906.5,907.9,906.1,907.8,14053
1618820100,907.8,907.95,906.9,907.6,21096
1618820400,907.5,907.8,905.8,906.2,18337
1618820700,905.8,907.45,905.3,906.9,9521
1618821000,906.9,908.0,906.8,907.45,11420
1618821300,907.75,908.0,906.55,907.75,11866
1618821600,907.75,908.0,906.05,906.1,13500
1618821900,906.25,906.95,905.35,906.4,11550
1618822200,905.8,907.95,905.8,907.9,9890
1618822500,907.8,908.0,906.5,907.9,8919
1618822800,907.9,909.15,906.0,907.05,27306
1618823100,907.0,907.1,902.5,902.5,17468
1618823400,902.5,903.45,901.2,901.55,17938
1618823700,901.55,902.7,900.9,901.4,16786
1618824000,901.4,904.95,901.35,904.5,8583
1618824300,904.5,905.8,904.15,905.8,8826
1618824600,905.8,907.65,905.45,906.65,17438
1618824900,906.15,907.35,903.7,905.6,21879
1618825200,906.2,909.8,905.05,909.1,27446
1618825500,909.1,909.9,905.05,906.0,26383
1618825800,906.65,906.65,902.7,903.0,22560
1618826100,903.0,907.55,902.45,905.9,18127
1618890300,917.0,918.1,907.0,917.7,208678
1618890600,917.6,931.1,917.6,927.25,277627
1618890900,927.65,927.75,922.05,923.95,86749
1618891200,924.0,926.0,922.25,922.6,61948
1618891500,922.6,924.7,922.4,924.5,38869
1618891800,924.1,925.0,920.0,923.3,59064
1618892100,923.3,928.6,923.3,926.05,74461
1618892400,926.0,926.35,924.05,925.7,35808
1618892700,925.7,926.5,924.5,925.4,34340
1618893000,925.4,925.4,923.2,925.0,46935
1618893300,925.0,925.3,923.7,924.25,34028
1618893600,924.4,927.65,924.4,927.1,70353
1618893900,927.15,927.9,924.5,924.95,57671
1618894200,924.95,926.5,924.7,926.4,26433
1618894500,926.55,927.5,925.6,926.5,55858
1618894800,926.5,926.95,924.7,926.05,40710
1618895100,926.05,929.8,926.05,928.15,123165
1618895400,928.15,928.5,924.75,926.0,77119
1618895700,926.45,927.85,925.05,925.25,42376
1618896000,925.25,926.35,922.95,925.55,55257
1618896300,925.55,926.2,923.8,924.95,29692
1618896600,924.95,925.8,922.9,923.3,23261
1618896900,923.3,923.5,921.25,922.8,38531
1618897200,922.8,925.2,922.05,923.05,20927
1618897500,923.0,923.3,921.25,922.0,26735
1618897800,922.7,924.5,922.05,923.85,21972
1618898100,923.8,923.8,919.7,921.6,64116
1618898400,921.6,922.9,919.4,919.4,41151
1618898700,919.25,920.9,918.4,919.05,35540
1618899000,919.05,919.75,919.0,919.35,19581
1618899300,919.1,920.25,918.3,919.2,23405
1618899600,919.2,919.2,915.5,916.45,62649
1618899900,916.4,917.35,914.15,916.25,41760
1618900200,916.25,918.6,916.25,918.6,26188
1618900500,918.45,919.5,917.6,918.05,21635
1618900800,918.0,918.65,916.25,916.45,14217
1618901100,916.45,916.5,913.05,915.3,40457
1618901400,915.5,915.6,914.0,914.05,17784
1618901700,914.1,916.0,913.2,914.65,32712
1618902000,914.55,915.55,912.6,913.8,25461
1618902300,913.8,914.25,912.1,913.65,28949
1618902600,913.75,913.75,911.5,911.7,18485
1618902900,911.65,912.15,908.8,912.0,69798
1618903200,912.0,913.45,911.1,911.4,23737
1618903500,911.4,913.4,910.5,910.6,29681
1618903800,910.65,911.55,910.05,910.45,28659
1618904100,910.45,910.45,909.0,910.3,24505
1618904400,910.3,910.95,909.05,910.15,20999
1618904700,910.1,913.05,910.0,911.65,26685
1618905000,911.6,911.65,910.0,910.9,17992
1618905300,910.9,911.25,910.0,910.85,16164
1618905600,910.85,911.0,909.0,909.75,25396
1618905900,909.7,909.7,907.0,907.3,30577
1618906200,907.35,908.0,905.55,907.3,33833
1618906500,907.3,907.6,905.4,905.6,14139
1618906800,905.6,907.2,904.2,904.85,28642
1618907100,905.0,908.5,905.0,908.5,30987
1618907400,908.5,915.35,908.5,913.65,86429
1618907700,913.75,914.05,912.0,912.15,30519
1618908000,912.1,913.2,910.3,910.7,28169
1618908300,910.75,913.25,909.55,911.8,29097
1618908600,911.8,912.1,907.0,907.0,40445
1618908900,907.0,908.6,905.6,906.7,32698
1618909200,906.7,906.95,905.0,905.0,29105
1618909500,904.95,906.1,900.3,901.0,53568
1618909800,900.9,903.8,900.25,900.6,44449
1618910100,900.6,900.8,896.65,897.65,37100
1618910400,897.65,899.55,896.25,897.0,46839
1618910700,897.0,898.65,895.35,898.35,27372
1618911000,898.5,898.65,896.1,898.65,68152
1618911300,898.5,902.25,898.5,901.0,81406
1618911600,901.0,901.1,898.7,899.5,76402
1618911900,899.5,899.95,897.05,898.0,79314
1618912200,898.0,898.65,897.0,898.65,90682
1618912500,898.65,900.95,898.0,900.95,102269
1619063100,900.0,906.6,895.05,903.45,62330
1619063400,903.45,909.0,903.0,908.8,43912
1619063700,908.35,910.5,907.6,908.8,22711
1619064000,908.4,908.75,905.0,905.0,13589
1619064300,905.0,905.5,902.6,902.6,11713
1619064600,902.55,906.45,902.25,904.9,20388
1619064900,904.55,905.6,903.65,904.75,8677
1619065200,904.75,905.75,903.7,904.45,9683
1619065500,904.45,906.8,904.0,906.25,13865
1619065800,906.25,911.95,904.05,911.75,118251
1619066100,911.6,915.0,910.05,914.3,50090
1619066400,914.3,917.2,913.5,915.4,60937
1619066700,915.4,915.5,912.9,914.4,15656
1619067000,914.45,917.35,914.2,917.25,46610
1619067300,917.25,918.0,916.5,917.1,52523
1619067600,917.1,918.65,916.9,917.95,32620
1619067900,917.9,917.95,915.0,916.9,21957
1619068200,916.8,917.5,915.0,915.0,16326
1619068500,915.15,916.6,915.0,916.15,14505
1619068800,916.15,917.0,915.45,915.45,17505
1619069100,915.65,916.5,915.0,915.3,8699
1619069400,915.3,916.05,915.0,916.0,84404
1619069700,916.0,916.9,915.0,915.55,25216
1619070000,915.75,917.6,915.75,916.6,17717
1619070300,916.7,916.7,915.9,916.3,5550
1619070600,916.3,916.3,915.35,915.85,8685
1619070900,915.85,916.2,915.6,916.2,7337
1619071200,916.05,917.0,915.85,917.0,47692
1619071500,917.0,917.5,915.6,917.35,42381
1619071800,917.35,920.65,917.0,920.4,52957
1619072100,920.1,920.45,918.35,919.45,15672
1619072400,919.45,919.55,918.0,918.4,8412
1619072700,919.1,919.25,917.0,917.0,7064
1619073000,917.0,917.35,916.15,916.5,16583
1619073300,916.5,917.6,916.2,917.6,10120
1619073600,917.1,918.1,917.0,917.95,7202
1619073900,917.35,917.7,916.5,917.35,10531
1619074200,917.35,917.5,916.95,917.35,6877
1619074500,917.35,917.35,916.55,917.05,10028
1619074800,917.2,917.5,915.5,917.05,39533
1619075100,917.05,917.85,916.95,916.95,5956
1619075400,916.95,917.5,916.95,917.2,2187
1619075700,917.25,917.45,916.9,916.95,3956
1619076000,916.95,918.0,916.95,917.45,6431
1619076300,917.65,917.8,916.95,917.6,3510
1619076600,917.65,917.65,916.4,917.4,7899
1619076900,917.4,918.0,916.95,917.0,6453
1619077200,917.0,917.6,916.65,916.65,6593
1619077500,916.85,917.45,916.65,917.3,6960
1619077800,917.3,917.45,916.5,917.2,5654
1619078100,917.2,917.25,915.8,915.8,9764
1619078400,915.5,916.0,912.6,914.85,33679
1619078700,914.85,916.0,914.5,915.95,8445
1619079000,915.95,916.0,913.5,914.65,33454
1619079300,914.65,916.0,914.65,915.3,6415
1619079600,915.55,915.55,913.6,914.15,9871
1619079900,914.2,914.45,913.0,914.25,362387
1619080200,914.05,915.9,914.0,914.5,37235
1619080500,914.85,915.0,913.95,914.95,11251
1619080800,914.95,915.15,913.8,915.0,11643
1619081100,915.0,915.05,913.15,913.9,9191
1619081400,913.9,915.0,913.4,914.95,8294
1619081700,914.9,915.25,913.5,914.45,18272
1619082000,914.45,915.45,914.45,915.0,15770
1619082300,914.8,915.1,914.0,914.95,10102
1619082600,915.0,915.05,913.55,914.5,12171
1619082900,913.9,916.3,913.9,915.0,46543
1619083200,915.0,915.65,914.3,914.9,15305
1619083500,914.9,915.1,913.9,913.9,15200
1619083800,913.9,915.9,913.9,914.8,32646
1619084100,914.85,915.0,914.0,914.2,13874
1619084400,914.2,914.45,913.5,914.05,17260
1619084700,914.15,914.9,913.85,914.7,25416
1619085000,914.7,915.0,914.25,914.5,38913
1619085300,914.35,914.5,913.05,914.0,38986
1619149500,896.35,926.75,896.35,926.05,145211
1619149800,925.75,935.4,925.75,930.0,343212
1619150100,930.0,939.55,930.0,937.4,237080
1619150400,937.5,941.9,937.5,939.0,196895
1619150700,939.0,939.85,933.25,933.95,227405
1619151000,934.1,937.6,934.0,936.8,70484
1619151300,936.5,936.8,934.0,934.05,56366
1619151600,934.0,934.5,930.0,933.85,118675
1619151900,933.85,937.0,933.35,937.0,71888
1619152200,937.0,937.4,932.55,933.7,69496
1619152500,934.3,934.3,932.0,934.0,29344
1619152800,933.55,934.7,933.0,933.15,29902
1619153100,933.65,935.0,933.0,933.1,282508
1619153400,933.55,933.85,932.85,933.0,15799
1619153700,932.65,933.4,932.5,932.65,19392
1619154000,932.65,932.9,930.0,930.4,107479
1619154300,930.2,932.3,930.0,932.1,57507
1619154600,932.1,934.0,932.1,933.1,78265
1619154900,933.1,933.75,932.3,932.6,12862
1619155200,932.6,933.0,930.65,930.8,17677
1619155500,930.7,931.55,929.0,929.0,45917
1619155800,929.0,931.45,928.9,929.5,37419
1619156100,929.95,930.7,929.5,930.0,27751
1619156400,930.0,930.95,929.8,930.5,23617
1619156700,930.15,930.7,929.15,929.95,22874
1619157000,929.95,930.25,929.35,929.9,17064
1619157300,929.65,930.75,929.65,930.05,13361
1619157600,930.0,931.35,929.05,930.7,36248
1619157900,930.7,931.85,930.7,931.8,14735
1619158200,931.6,932.0,930.0,931.2,23748
1619158500,931.2,931.8,930.0,930.3,11051
1619158800,930.3,930.5,929.7,930.0,12271
1619159100,930.0,930.35,928.55,930.0,40233
1619159400,930.0,931.1,930.0,930.05,9378
1619159700,930.05,930.8,929.5,930.0,8084
1619160000,930.0,930.4,929.15,930.0,11446
1619160300,930.0,930.35,929.0,929.7,14604
1619160600,929.75,929.8,926.55,927.55,59779
1619160900,927.15,932.0,927.1,931.15,44542
1619161200,931.15,931.65,929.45,930.0,16305
1619161500,929.65,930.0,929.05,929.9,8411
1619161800,929.9,931.95,929.55,931.65,30795
1619162100,931.25,931.7,929.2,929.7,13748
1619162400,929.7,930.5,929.6,929.95,19346
1619162700,929.65,930.15,929.0,930.0,14413
1619163000,929.5,930.5,929.5,930.0,14824
1619163300,930.2,930.5,929.0,929.95,13564
1619163600,929.4,930.4,929.0,930.0,9135
1619163900,930.0,930.5,929.5,930.05,7384
1619164200,930.05,930.5,929.9,930.0,5600
1619164500,930.0,930.05,928.8,928.8,11549
1619164800,928.9,929.7,928.4,929.5,16032
1619165100,929.65,930.0,926.95,927.7,28986
1619165400,927.8,929.45,927.0,929.0,23027
1619165700,929.0,929.75,927.8,929.3,9168
1619166000,929.0,929.4,928.1,929.4,9620
1619166300,929.45,930.05,928.8,929.35,13321
1619166600,929.35,929.65,928.6,929.3,8599
1619166900,929.3,929.5,928.5,928.95,9346
1619167200,928.95,929.3,928.1,928.4,17030
1619167500,928.4,929.65,928.2,929.35,12048
1619167800,929.25,929.9,928.0,929.9,23190
1619168100,929.9,929.9,928.15,928.15,25175
1619168400,928.5,928.65,925.75,926.65,49144
1619168700,926.65,926.65,922.55,926.0,48574
1619169000,926.1,926.1,921.2,921.5,41376
1619169300,921.5,928.0,921.5,927.0,44247
1619169600,927.0,927.4,922.95,926.15,31563
1619169900,926.15,927.0,922.0,923.9,47501
1619170200,923.45,925.65,922.5,924.95,35054
1619170500,924.65,925.3,923.15,925.0,41559
1619170800,925.0,925.6,924.0,925.0,54689
1619171100,924.6,925.0,921.85,922.65,72131
1619171400,922.65,923.0,919.25,919.9,67708
1619171700,920.0,921.0,918.8,920.8,35549
1619408700,919.15,922.6,916.0,921.6,56992
1619409000,922.05,928.0,921.25,925.2,53089
1619409300,925.2,928.15,924.15,925.0,45051
1619409600,925.5,929.8,925.05,929.35,29307
1619409900,929.35,930.6,928.0,929.95,58186
1619410200,930.0,930.75,928.15,929.7,37635
1619410500,929.7,930.85,927.1,929.5,31219
1619410800,929.5,934.0,929.5,934.0,47065
1619411100,934.0,934.4,931.8,933.0,34913
1619411400,933.4,933.55,930.7,930.8,25177
1619411700,930.8,931.45,929.9,930.0,16697
1619412000,930.4,930.4,928.1,929.4,17940
1619412300,929.5,931.4,929.0,931.2,10463
1619412600,931.3,932.8,930.75,931.25,17725
1619412900,931.25,931.85,929.85,930.15,8566
1619413200,930.15,932.5,929.9,931.45,16172
1619413500,931.45,932.95,930.95,932.15,7804
1619413800,932.15,932.95,931.6,931.9,11025
1619414100,931.9,933.8,931.9,933.0,12149
1619414400,933.0,933.6,932.25,932.3,7475
1619414700,932.3,932.5,930.9,931.1,11648
1619415000,931.15,933.0,930.8,932.05,15496
1619415300,932.05,932.85,931.0,931.0,9173
1619415600,931.0,932.0,930.15,930.85,12067
1619415900,930.85,933.5,930.85,932.9,15282
1619416200,932.9,932.9,932.0,932.3,5024
1619416500,932.3,932.7,932.3,932.6,3951
1619416800,932.6,933.5,932.6,933.3,9220
1619417100,933.3,933.85,932.2,933.05,13265
1619417400,933.05,933.7,932.95,933.35,5920
1619417700,933.35,933.7,932.25,932.3,8634
1619418000,932.3,933.2,932.2,932.5,6994
1619418300,932.5,933.3,932.5,932.75,11025
1619418600,932.5,932.75,932.0,932.0,8408
1619418900,932.0,932.6,931.6,932.45,6395
1619419200,932.15,932.95,932.1,932.8,2909
1619419500,932.8,932.95,931.4,931.8,5388
1619419800,931.8,931.8,930.5,931.25,8322
1619420100,931.25,931.7,930.95,931.3,6119
1619420400,931.3,933.0,931.3,932.6,9609
1619420700,932.6,934.6,932.6,934.6,37267
1619421000,934.5,936.0,933.1,933.35,49230
1619421300,933.35,935.8,933.35,933.95,9045
1619421600,933.95,934.3,933.35,934.3,7981
1619421900,934.3,935.8,934.3,935.65,8478
1619422200,935.6,935.8,934.1,935.25,11860
1619422500,935.05,935.65,933.7,933.75,5689
1619422800,933.75,933.75,932.6,933.0,12112
1619423100,933.0,933.9,932.85,933.35,6163
1619423400,933.35,933.4,932.4,932.65,7900
1619423700,932.65,933.65,932.65,933.35,6849
1619424000,933.45,934.0,932.55,932.75,7061
1619424300,932.75,933.5,932.65,932.65,18888
1619424600,932.65,933.05,932.65,933.0,12609
1619424900,932.95,933.0,932.9,933.0,9966
1619425200,933.0,933.85,932.4,933.0,56838
1619425500,933.0,933.1,932.5,932.9,11688
1619425800,932.9,933.7,932.7,932.95,21973
1619426100,933.0,933.0,932.95,932.95,17057
1619426400,933.15,938.55,932.95,938.25,69721
1619426700,938.4,942.35,938.25,942.0,155747
1619427000,942.25,945.0,942.25,943.3,138130
1619427300,943.5,944.65,941.55,943.1,53254
1619427600,943.1,944.0,941.4,941.4,46271
1619427900,941.4,943.95,941.25,942.75,43813
1619428200,942.8,943.0,942.0,942.05,38775
1619428500,942.05,944.45,942.0,944.45,42300
1619428800,944.4,946.9,943.0,943.3,80559
1619429100,943.0,943.9,942.7,943.15,37591
1619429400,944.0,946.0,939.6,941.95,331609
1619429700,941.75,942.85,940.35,942.4,299399
1619430000,942.4,944.0,942.1,943.0,302302
1619430300,943.05,946.15,940.45,940.6,370142
1619430600,940.6,943.25,938.15,940.55,385513
1619430900,940.45,942.15,938.0,939.7,311485
1619495100,946.0,946.8,933.0,936.85,101617
1619495400,936.65,940.0,935.5,937.1,64971
1619495700,937.15,937.15,930.2,933.7,63365
1619496000,932.85,933.0,930.5,930.8,32088
1619496300,930.95,931.85,930.0,930.0,46553
1619496600,929.3,929.8,926.95,927.0,66667
1619496900,927.25,927.85,925.0,925.5,45158
1619497200,925.5,928.8,925.0,928.1,51589
1619497500,928.0,929.0,926.6,927.45,28954
1619497800,927.45,928.5,926.6,927.5,16195
1619498100,927.5,928.35,925.25,927.0,22904
1619498400,927.0,928.65,926.1,928.0,60986
1619498700,928.0,928.55,927.05,928.0,25215
1619499000,928.8,929.65,927.55,928.05,36399
1619499300,928.5,929.5,927.8,929.0,26415
1619499600,929.0,929.5,928.85,929.1,18792
1619499900,929.1,929.5,928.85,929.0,16817
1619500200,929.0,929.95,927.3,928.95,25697
1619500500,928.95,930.0,928.0,929.0,21520
1619500800,929.0,930.0,928.7,928.8,20411
1619501100,928.8,929.9,928.35,929.9,15967
1619501400,929.9,930.05,929.6,929.95,16864
1619501700,929.95,930.05,929.85,930.0,19790
1619502000,930.0,930.5,929.7,930.0,16652
1619502300,930.0,930.7,929.55,930.65,15407
1619502600,930.6,930.6,928.65,929.8,19220
1619502900,929.8,929.9,928.0,928.95,18019
1619503200,928.95,929.5,928.3,929.3,19174
1619503500,928.9,930.0,928.6,929.7,18558
1619503800,929.7,930.15,928.95,929.0,20590
1619504100,929.0,930.4,928.85,930.0,14194
1619504400,930.0,930.95,929.5,929.95,15350
1619504700,929.95,930.05,929.55,929.95,18964
1619505000,929.9,930.4,929.55,930.0,17504
1619505300,930.0,930.0,929.05,929.85,16190
1619505600,929.5,929.7,928.7,929.25,127020
1619505900,929.25,929.5,928.9,929.5,10993
1619506200,929.45,929.5,928.2,929.1,12877
1619506500,929.1,929.5,928.55,929.0,16654
1619506800,929.0,929.75,928.75,928.9,11583
1619507100,929.0,929.95,928.9,928.95,21371
1619507400,929.0,930.0,928.8,928.9,16412
1619507700,928.9,929.25,928.5,929.0,11404
1619508000,929.0,929.5,928.9,929.0,12706
1619508300,929.0,929.0,928.05,928.5,18541
1619508600,928.5,928.5,927.35,927.9,19050
1619508900,927.9,928.0,926.7,927.3,16635
1619509200,927.35,927.5,926.65,927.5,16457
1619509500,927.5,927.5,926.8,927.0,14786
1619509800,927.0,928.0,926.95,928.0,20154
1619510100,928.0,928.95,927.15,928.9,17408
1619510400,928.95,929.65,928.05,929.5,13583
1619510700,929.5,929.5,927.75,928.95,14766
1619511000,928.95,929.95,928.15,929.0,17251
1619511300,929.0,930.0,928.55,929.0,24496
1619511600,929.0,929.7,928.9,929.7,12112
1619511900,929.75,929.95,927.25,928.0,17763
1619512200,928.35,929.65,928.3,928.95,13900
1619512500,929.0,930.0,928.65,930.0,14764
1619512800,930.0,930.0,928.9,929.5,17259
1619513100,929.45,930.0,928.15,928.5,18283
1619513400,928.5,928.5,927.25,927.5,19296
1619513700,927.5,927.65,927.25,927.45,17471
1619514000,927.5,929.45,927.45,929.0,16504
1619514300,928.95,929.5,928.8,928.95,16172
1619514600,929.1,929.65,928.5,928.9,14254
1619514900,928.9,929.9,928.7,929.75,14181
1619515200,929.85,929.9,928.7,928.95,14675
1619515500,928.95,929.75,928.5,929.4,15839
1619515800,929.5,929.5,928.9,929.0,19329
1619516100,929.0,929.5,928.8,929.5,32450
1619516400,929.45,930.0,928.95,929.95,33490
1619516700,930.0,930.0,928.25,929.4,43358
1619517000,929.4,929.5,926.6,928.25,56455
1619517300,928.25,929.0,927.0,927.5,24857
1619581500,934.0,934.0,925.15,926.5,50665
1619581800,926.55,926.9,922.4,922.4,52902
1619582100,922.4,923.6,922.4,922.9,38310
1619582400,922.9,923.4,922.4,923.4,22870
1619582700,923.4,923.4,920.0,920.1,39658
1619583000,920.0,921.3,920.0,920.6,26613
1619583300,920.75,920.75,919.0,919.25,27761
1619583600,919.1,919.9,919.05,919.9,11665
1619583900,919.9,919.9,918.0,918.0,23487
1619584200,918.0,919.0,917.1,918.6,23862
1619584500,918.85,919.5,918.5,919.3,10606
1619584800,919.3,920.85,919.3,920.55,14875
1619585100,920.5,921.5,920.0,920.9,14253
1619585400,920.9,921.45,920.5,920.6,7872
1619585700,920.6,920.7,919.05,920.0,28714
1619586000,919.95,921.0,919.8,920.6,10783
1619586300,920.6,921.65,920.3,921.45,10704
1619586600,921.45,922.4,921.1,921.55,24598
1619586900,921.55,922.2,920.15,920.55,51913
1619587200,920.5,920.65,919.0,919.4,16900
1619587500,919.4,919.45,918.0,918.3,9617
1619587800,918.35,918.9,918.0,918.5,13496
1619588100,918.5,920.35,918.5,920.2,10220
1619588400,920.0,920.5,919.4,919.45,5892
1619588700,919.45,919.65,919.2,919.65,5889
1619589000,919.65,919.9,919.4,919.7,3485
1619589300,919.7,920.25,919.55,919.55,6258
1619589600,919.55,919.9,918.0,918.0,11826
1619589900,918.0,918.25,916.0,916.0,21799
1619590200,915.8,918.25,914.15,917.1,38078
1619590500,917.1,919.05,916.35,918.05,29713
1619590800,918.05,919.15,916.35,917.65,38823
1619591100,917.65,918.75,917.4,917.4,13182
1619591400,917.5,918.45,917.05,918.0,6069
1619591700,918.4,919.1,917.55,919.1,54962
1619592000,919.1,921.5,918.4,921.45,61568
1619592300,921.15,922.05,919.7,922.0,30236
1619592600,922.0,925.55,922.0,924.5,82602
1619592900,924.5,925.5,924.25,924.3,28332
1619593200,924.3,924.65,923.3,923.35,10930
1619593500,923.35,923.4,923.0,923.05,9401
1619593800,923.05,924.2,923.05,923.15,12791
1619594100,923.15,924.0,923.15,923.45,6704
1619594400,923.4,923.65,922.65,923.45,8425
1619594700,923.45,924.1,923.1,923.65,8239
1619595000,923.65,923.7,922.15,922.15,4955
1619595300,922.15,923.5,921.8,922.65,7614
1619595600,922.65,923.75,922.65,923.4,9218
1619595900,923.4,924.6,923.4,924.25,9249
1619596200,924.55,925.0,924.1,924.55,8281
1619596500,924.55,924.55,922.0,922.3,8546
1619596800,922.35,923.2,921.65,923.0,9941
1619597100,923.0,923.35,922.3,923.0,5830
1619597400,923.0,923.0,921.65,922.4,6008
1619597700,922.4,922.45,920.85,921.45,19758
1619598000,921.45,922.55,920.0,921.95,16450
1619598300,921.95,922.5,921.2,922.3,8527
1619598600,922.3,922.3,921.35,921.7,5797
1619598900,921.7,921.75,921.15,921.65,4267
1619599200,921.7,927.5,921.65,927.35,46295
1619599500,927.35,929.45,927.0,927.35,32773
1619599800,927.35,928.2,925.0,925.15,13694
1619600100,925.1,926.5,925.0,926.15,15186
1619600400,926.45,926.5,925.05,925.55,8370
1619600700,926.0,926.1,925.3,926.0,5750
1619601000,926.0,926.95,926.0,926.8,5911
1619601300,926.8,927.4,925.15,927.4,14140
1619601600,927.4,928.9,927.0,928.5,26322
1619601900,928.5,929.0,927.0,928.85,31826
1619602200,928.85,932.9,928.85,931.25,52463
1619602500,931.25,931.5,929.35,930.0,50457
1619602800,930.0,930.9,928.5,930.35,134996
1619603100,930.35,932.0,930.0,930.2,91794
1619603400,930.0,931.45,930.0,930.75,135660
1619603700,930.75,931.7,928.2,931.3,75053
1619667900,930.4,934.9,928.55,934.5,41667
1619668200,934.0,935.0,931.5,931.5,25063
1619668500,932.0,932.35,926.15,927.15,16736
1619668800,927.6,929.95,927.6,929.15,14680
1619669100,929.15,932.2,929.05,931.85,14346
1619669400,932.25,934.5,931.4,931.5,17672
1619669700,931.5,932.2,924.2,924.4,37890
1619670000,924.4,927.0,924.4,926.0,9661
1619670300,926.0,927.45,922.3,927.35,18054
1619670600,927.35,928.85,926.0,928.85,11723
1619670900,928.85,929.85,927.2,927.7,15066
1619671200,927.7,929.35,926.5,926.95,15181
1619671500,926.95,927.0,925.5,926.6,7569
1619671800,926.6,927.8,926.4,927.45,7032
1619672100,927.45,927.85,926.5,926.65,2662
1619672400,926.65,926.75,926.0,926.1,2353
1619672700,926.15,926.6,925.0,925.0,7018
1619673000,925.0,926.4,924.65,925.6,7974
1619673300,925.6,925.6,923.35,923.8,8250
1619673600,924.0,924.0,922.85,922.95,6188
1619673900,922.95,924.5,922.9,924.25,7837
1619674200,924.25,924.35,923.4,923.5,4042
1619674500,923.5,924.3,923.4,923.55,4965
1619674800,923.55,925.4,923.55,924.5,5661
1619675100,924.5,926.6,924.5,926.5,6673
1619675400,926.4,927.9,926.05,927.25,10185
1619675700,927.25,928.55,926.6,927.4,5439
1619676000,927.4,927.4,923.65,924.5,9541
1619676300,924.35,926.0,924.35,925.05,3301
1619676600,925.05,925.2,924.5,925.1,3034
1619676900,925.1,925.95,924.75,925.55,2834
1619677200,925.55,926.5,925.25,925.45,1799
1619677500,925.45,925.9,921.3,921.6,6995
1619677800,922.2,923.2,921.7,923.0,9870
1619678100,922.8,925.0,922.2,924.65,9699
1619678400,924.65,925.3,924.0,924.85,5701
1619678700,924.85,928.35,924.65,927.4,25621
1619679000,927.4,927.4,925.55,926.25,4718
1619679300,926.3,926.3,925.65,925.9,3914
1619679600,926.15,926.15,925.15,925.3,4057
1619679900,925.3,926.3,923.5,923.9,4808
1619680200,923.9,925.8,923.85,924.85,4870
1619680500,925.05,925.05,924.25,924.7,2040
1619680800,924.75,925.95,924.5,925.75,3689
1619681100,925.7,925.9,925.0,925.35,6098
1619681400,925.9,926.85,925.2,926.85,5059
1619681700,926.85,928.15,926.35,928.15,7436
1619682000,928.1,928.1,925.0,925.9,8961
1619682300,926.25,927.9,926.0,927.85,7882
1619682600,927.85,928.3,927.0,927.45,6966
1619682900,927.45,928.15,926.75,926.9,3520
1619683200,926.9,927.85,926.9,927.45,5475
1619683500,927.6,929.2,927.4,928.5,9476
1619683800,928.5,930.5,928.05,928.6,23056
1619684100,928.65,928.85,927.55,928.5,7710
1619684400,928.75,929.8,928.4,928.75,7506
1619684700,929.0,929.8,927.7,927.8,9853
1619685000,928.0,928.7,927.05,927.5,3427
1619685300,927.5,927.5,927.0,927.0,2552
1619685600,927.0,928.05,927.0,927.45,13155
1619685900,927.4,927.45,924.95,926.95,15012
1619686200,926.95,927.0,925.3,926.1,5273
1619686500,926.1,926.7,925.45,926.55,3766
1619686800,926.65,926.7,924.35,925.95,9476
1619687100,926.0,926.95,925.05,926.4,5762
1619687400,926.4,927.4,926.1,927.4,6463
1619687700,926.6,927.4,926.25,927.0,7448
1619688000,927.0,928.05,926.55,927.25,11587
1619688300,927.25,927.65,924.5,926.6,18711
1619688600,926.6,927.95,925.75,927.6,14162
1619688900,927.6,927.8,926.0,927.35,21479
1619689200,927.75,930.4,927.35,928.3,47999
1619689500,928.3,929.0,927.4,928.35,24644
1619689800,928.8,929.6,926.95,927.65,27019
1619690100,927.9,929.25,926.55,928.5,43896
1619754300,928.0,928.15,919.8,927.1,38695
1619754600,925.65,934.1,925.35,931.0,29803
1619754900,930.6,930.85,928.0,929.0,19895
1619755200,929.0,930.85,928.6,930.85,8703
1619755500,930.85,931.45,929.05,930.0,10360
1619755800,930.0,930.85,926.4,928.1,26014
1619756100,928.0,929.0,926.8,927.45,22217
1619756400,927.45,927.45,925.1,925.1,9845
1619756700,925.1,927.55,925.1,927.0,7637
1619757000,927.45,927.85,926.55,926.9,7693
1619757300,926.9,927.0,924.7,925.35,31757
1619757600,925.2,928.7,925.15,928.7,12952
1619757900,928.7,931.1,928.65,929.9,12858
1619758200,929.9,930.9,929.4,929.8,5090
1619758500,930.0,930.45,929.5,930.1,5432
1619758800,929.75,932.95,929.75,932.5,11784
1619759100,932.5,932.9,930.75,931.5,12759
1619759400,931.5,932.6,930.8,931.25,14134
1619759700,931.25,932.6,931.0,931.65,8718
1619760000,931.65,932.4,931.0,932.4,7825
1619760300,931.85,933.7,931.85,933.35,16015
1619760600,933.3,933.8,932.8,933.65,8911
1619760900,933.7,934.5,933.1,934.45,16854
1619761200,934.45,935.0,934.05,934.5,17416
1619761500,934.5,936.75,934.5,935.85,32607
1619761800,935.65,935.85,934.25,934.85,9183
1619762100,934.85,934.85,932.8,933.0,12975
1619762400,932.95,934.8,932.95,933.75,10445
1619762700,933.75,933.85,932.8,932.95,19354
1619763000,932.9,933.25,932.25,932.45,13489
1619763300,932.45,933.0,932.4,932.95,5430
1619763600,932.95,934.15,932.8,933.5,10712
1619763900,933.4,935.2,933.1,934.65,10889
1619764200,934.65,934.8,934.2,934.75,7742
1619764500,934.7,934.95,934.55,934.65,5850
1619764800,934.65,934.65,933.7,933.7,8223
1619765100,933.85,935.25,933.55,935.25,8036
1619765400,935.15,936.6,935.0,936.35,12982
1619765700,936.35,937.5,936.35,937.0,20813
1619766000,937.0,939.15,936.85,938.5,28394
1619766300,938.5,939.15,937.2,938.7,20743
1619766600,938.7,940.5,938.6,939.2,50391
1619766900,939.8,940.5,937.5,937.9,34684
1619767200,937.9,938.2,935.9,937.7,19676
1619767500,937.7,939.4,937.65,938.15,20367
1619767800,938.25,938.85,937.5,937.95,12023
1619768100,937.95,938.5,937.5,937.6,11647
1619768400,937.6,937.6,935.5,935.5,19016
1619768700,935.95,936.05,935.2,935.9,14938
1619769000,936.0,936.0,934.15,934.7,18741
1619769300,934.7,935.3,933.3,933.65,17564
1619769600,933.65,934.6,933.45,934.2,7753
1619769900,934.2,935.25,934.0,934.65,7519
1619770200,934.75,935.0,932.7,932.8,14815
1619770500,932.85,932.95,930.65,932.15,18260
1619770800,932.15,933.45,931.7,933.2,12518
1619771100,933.2,935.0,933.15,934.45,12902
1619771400,934.45,934.45,931.0,931.35,15139
1619771700,931.35,933.0,930.3,931.4,15971
1619772000,931.4,933.25,931.35,932.0,11442
1619772300,931.95,932.1,929.45,929.95,30492
1619772600,929.95,930.55,929.45,930.3,16269
1619772900,930.3,931.0,930.05,930.5,7985
1619773200,930.5,930.6,929.1,930.4,10685
1619773500,930.4,931.1,929.35,929.75,6994
1619773800,929.75,930.45,929.6,930.4,7993
1619774100,930.05,930.6,929.7,929.8,9602
1619774400,929.8,930.55,929.35,930.05,8420
1619774700,930.05,931.3,929.85,931.3,13148
1619775000,931.25,931.25,928.4,928.7,34753
1619775300,928.9,930.4,928.1,929.0,55251
1619775600,929.25,929.7,927.8,928.65,43013
1619775900,928.65,928.9,927.55,928.65,43422
1619776200,928.65,929.6,927.65,927.9,54966
1619776500,928.1,929.8,927.65,929.0,43749
1620013500,921.95,924.8,916.05,919.35,45631
1620013800,919.2,928.6,918.55,927.5,44111
1620014100,927.45,929.25,924.65,928.85,21180
1620014400,928.85,933.3,928.85,932.4,28773
1620014700,932.9,935.0,930.0,932.8,29621
1620015000,932.8,938.2,932.4,936.45,19787
1620015300,936.0,936.0,932.65,933.9,14432
1620015600,933.9,944.1,933.1,942.4,73505
1620015900,943.0,949.0,939.05,948.65,127865
1620016200,948.5,955.95,946.15,950.25,181738
1620016500,951.35,956.75,951.0,955.9,123132
1620016800,955.6,956.0,951.0,951.45,57824
1620017100,951.1,954.05,951.0,951.75,39084
1620017400,951.55,953.1,947.25,951.55,76545
1620017700,951.7,953.9,950.35,953.7,34212
1620018000,953.7,958.9,953.4,958.0,129279
1620018300,957.85,960.0,957.55,958.85,87899
1620018600,959.0,959.0,956.2,958.55,86025
1620018900,958.6,959.7,954.9,955.65,59654
1620019200,956.0,956.7,954.25,956.45,44593
1620019500,956.45,956.45,953.1,953.65,35974
1620019800,953.1,953.55,951.0,952.15,49076
1620020100,952.5,952.55,950.5,951.3,32982
1620020400,951.65,955.0,951.25,953.95,30638
1620020700,953.85,954.15,952.35,954.15,22439
1620021000,954.55,958.0,954.45,957.1,54125
1620021300,957.1,957.9,956.45,957.35,31023
1620021600,957.35,957.9,954.5,954.75,42417
1620021900,954.75,955.0,953.15,954.05,30731
1620022200,954.05,956.0,953.55,954.0,20466
1620022500,954.0,956.1,953.6,956.0,21496
1620022800,956.0,956.75,955.0,956.2,18396
1620023100,956.25,963.5,955.5,962.85,145851
1620023400,962.65,964.9,960.2,960.2,84303
1620023700,960.2,961.3,957.45,957.95,58658
1620024000,957.9,957.95,956.5,957.95,37240
1620024300,957.45,958.3,954.3,956.5,39810
1620024600,956.05,957.25,955.5,955.55,22687
1620024900,956.05,956.1,954.5,955.0,21011
1620025200,955.0,955.65,954.5,955.1,19119
1620025500,955.0,955.65,950.0,951.45,84523
1620025800,951.5,952.95,951.05,952.35,25888
1620026100,952.35,954.5,948.15,950.0,83580
1620026400,949.75,950.15,947.2,948.85,50960
1620026700,949.25,950.85,948.5,949.8,39148
1620027000,949.8,950.25,948.9,949.0,21585
1620027300,949.45,950.05,948.25,949.3,13986
1620027600,949.3,951.2,949.2,950.4,48455
1620027900,949.85,950.6,947.5,949.4,43243
1620028200,949.4,952.5,948.6,952.25,27910
1620028500,952.05,954.1,950.45,951.0,23423
1620028800,950.55,951.0,948.35,949.5,19269
1620029100,949.05,951.75,949.0,951.5,18372
1620029400,951.5,953.9,950.7,953.3,26175
1620029700,953.35,953.7,949.05,950.2,23568
1620030000,950.0,950.35,947.95,948.7,37765
1620030300,948.7,948.8,943.1,947.45,77715
1620030600,947.5,948.2,944.55,945.8,76070
1620030900,945.0,945.5,944.05,944.9,31881
1620031200,944.9,946.25,943.6,944.1,38471
1620031500,944.1,949.9,944.1,949.7,57408
1620031800,949.65,950.0,947.3,949.05,70246
1620032100,949.7,951.2,948.15,950.6,39078
1620032400,950.6,952.85,950.0,952.15,26852
1620032700,952.1,953.0,949.25,949.25,53102
1620033000,949.6,953.5,949.25,952.5,36278
1620033300,952.5,953.2,949.85,949.85,21999
1620033600,949.85,951.6,947.85,948.55,59389
1620033900,947.9,957.75,946.55,950.15,620198
1620034200,949.5,952.8,947.2,949.0,176262
1620034500,949.0,955.0,946.0,954.0,201948
1620034800,953.8,956.95,953.05,953.6,304253
1620035100,953.5,959.8,952.05,959.8,302219
1620035400,959.7,968.0,959.7,967.55,218449
1620035700,967.45,980.0,966.7,979.1,276405
1620099900,998.0,1005.0,979.1,994.75,1393909
1620100200,995.15,995.15,974.1,974.1,597806
1620100500,974.1,986.15,972.5,979.95,441243
1620100800,979.95,979.95,968.2,971.05,311688
1620101100,971.3,971.3,962.0,962.85,277426
1620101400,962.85,962.85,942.55,956.75,650946
1620101700,956.75,961.8,952.7,961.65,200338
1620102000,962.45,969.15,961.0,968.95,309346
1620102300,969.25,971.95,964.65,964.8,283150
1620102600,964.3,969.0,960.0,962.2,160237
1620102900,962.15,965.45,961.0,964.4,67505
1620103200,964.25,969.45,964.2,966.9,87928
1620103500,966.9,970.55,965.85,970.0,69712
1620103800,970.0,972.0,969.55,970.1,95290
1620104100,970.8,973.0,970.0,971.75,86354
1620104400,971.7,971.9,967.75,968.15,67714
1620104700,968.4,974.3,966.7,972.65,73462
1620105000,972.15,972.8,970.8,970.85,28856
1620105300,970.85,978.65,970.3,977.45,127341
1620105600,977.75,981.0,976.2,980.0,146428
1620105900,980.3,980.3,976.7,980.0,81623
1620106200,980.0,986.85,979.95,985.25,212561
1620106500,985.25,989.45,985.0,986.5,176551
1620106800,986.4,987.0,983.1,986.8,107481
1620107100,986.75,987.0,984.65,985.6,47418
1620107400,985.6,991.45,985.5,989.9,147734
1620107700,989.9,994.0,989.55,992.0,151499
1620108000,992.15,992.15,988.5,989.25,110325
1620108300,989.25,990.5,989.15,989.85,56986
1620108600,989.9,990.75,985.35,986.1,114080
1620108900,986.1,986.95,983.65,984.7,124553
1620109200,984.7,989.3,984.55,987.0,108946
1620109500,987.3,989.25,985.6,988.55,51864
1620109800,988.55,989.9,987.5,989.9,48241
1620110100,989.85,989.9,988.05,989.4,56120
1620110400,989.7,992.0,988.3,988.5,105400
1620110700,988.5,989.2,986.5,988.95,61662
1620111000,989.45,990.0,987.8,987.8,55489
1620111300,987.8,987.8,986.5,987.0,24679
1620111600,987.0,988.8,986.75,987.35,26351
1620111900,987.35,987.55,984.6,984.75,42677
1620112200,984.8,985.45,981.05,981.5,80272
1620112500,981.5,982.6,980.0,982.5,88174
1620112800,982.45,983.95,981.3,983.0,40345
1620113100,983.3,984.55,980.2,982.4,49943
1620113400,982.4,983.0,980.5,980.55,38596
1620113700,980.75,980.75,975.05,978.95,91308
1620114000,978.95,979.3,969.85,974.0,99282
1620114300,973.6,977.9,968.4,977.85,132021
1620114600,977.85,979.8,974.25,978.2,61576
1620114900,978.2,983.5,977.1,982.5,88354
1620115200,982.0,988.15,981.85,987.0,124886
1620115500,987.3,989.9,985.05,985.8,85919
1620115800,985.75,987.5,984.0,986.7,48050
1620116100,986.1,988.5,986.1,987.3,72296
1620116400,988.05,989.9,987.4,989.2,86046
1620116700,989.5,989.6,986.0,987.35,52892
1620117000,987.35,988.5,986.55,986.9,38510
1620117300,986.9,986.9,985.05,986.35,61520
1620117600,986.35,989.8,986.0,989.0,55621
1620117900,989.0,991.55,988.55,990.6,131097
1620118200,990.45,996.0,990.45,992.55,242594
1620118500,992.2,994.4,992.2,992.9,94382
1620118800,992.8,994.9,988.65,989.05,162524
1620119100,989.0,989.7,984.0,984.9,134885
1620119400,984.85,987.95,982.4,985.9,87535
1620119700,985.85,985.85,983.1,984.5,64365
1620120000,984.7,986.4,980.1,981.05,81647
1620120300,980.6,982.8,977.25,979.55,97648
1620120600,979.6,982.0,979.2,979.95,63276
1620120900,979.95,981.05,978.15,980.3,71587
1620121200,980.25,985.95,979.35,985.65,129446
1620121500,985.55,986.15,984.25,985.0,102326
1620121800,984.95,985.85,982.2,983.3,134029
1620122100,983.2,985.0,981.05,984.0,72473
1620186300,989.95,994.25,984.0,993.8,161373
1620186600,993.6,998.0,988.15,997.15,173597
1620186900,997.15,1001.4,993.15,999.35,168114
1620187200,999.45,1018.9,998.75,1017.6,553872
1620187500,1017.3,1019.8,1006.0,1010.75,417095
1620187800,1010.2,1011.0,1001.0,1003.15,208060
1620188100,1003.65,1007.8,1001.5,1003.1,121919
1620188400,1003.6,1006.2,1001.0,1002.0,72106
1620188700,1002.5,1002.8,996.45,998.9,141676
1620189000,998.25,999.5,991.1,992.55,146809
1620189300,992.25,997.9,992.25,997.9,98904
1620189600,998.0,999.0,993.7,994.5,56164
1620189900,994.5,994.9,989.0,989.65,90108
1620190200,989.9,990.95,978.0,987.55,286683
1620190500,987.1,992.1,986.15,991.15,90268
1620190800,991.2,993.15,981.05,982.9,168045
1620191100,983.3,988.95,983.3,988.2,53335
1620191400,988.15,989.0,983.0,984.45,38368
1620191700,984.45,987.8,978.5,982.5,93436
1620192000,983.0,984.0,977.35,982.7,106809
1620192300,982.7,985.75,981.85,985.0,45134
1620192600,985.0,988.8,982.95,986.05,46176
1620192900,985.55,986.95,983.3,984.45,24466
1620193200,984.75,984.95,982.0,984.0,19109
1620193500,984.0,985.35,980.4,980.9,38101
1620193800,980.9,981.5,973.0,973.6,169343
1620194100,973.65,976.45,971.25,975.65,82085
1620194400,975.25,978.55,974.95,975.9,51638
1620194700,975.9,975.9,972.0,974.3,41885
1620195000,974.3,975.25,972.15,973.35,35435
1620195300,973.3,976.95,973.15,975.3,41759
1620195600,975.1,978.5,974.5,978.45,24764
1620195900,978.45,980.0,974.5,978.25,42326
1620196200,978.6,979.1,976.15,978.55,24751
1620196500,978.9,979.7,977.45,979.45,32113
1620196800,979.4,982.8,979.15,980.35,48778
1620197100,980.35,982.0,980.0,980.55,21519
1620197400,980.85,981.0,980.0,980.15,18456
1620197700,980.15,980.15,976.0,976.55,28538
1620198000,977.3,978.0,976.25,976.25,12926
1620198300,976.85,977.0,976.0,976.8,13082
1620198600,977.0,980.0,976.85,977.7,10376
1620198900,977.65,978.1,976.0,976.05,8712
1620199200,976.05,978.85,975.5,976.4,26774
1620199500,976.35,977.45,975.4,975.5,23867
1620199800,975.5,976.0,972.5,974.7,35487
1620200100,974.7,976.5,974.7,975.5,14986
1620200400,975.55,975.9,973.0,973.05,21416
1620200700,973.25,977.45,973.0,977.45,35307
1620201000,977.45,977.5,975.2,975.8,18656
1620201300,975.85,976.9,973.5,976.45,24362
1620201600,976.4,976.9,975.05,975.45,22380
1620201900,975.45,976.75,974.5,976.55,32503
1620202200,976.55,976.75,975.45,976.2,12710
1620202500,976.2,978.75,975.2,978.45,49134
1620202800,978.45,978.45,976.35,976.45,16798
1620203100,976.4,976.4,975.0,975.75,18009
1620203400,975.5,977.0,975.2,977.0,11083
1620203700,977.0,977.0,975.5,975.5,17161
1620204000,975.7,976.05,973.0,973.45,41911
1620204300,973.1,974.85,972.55,974.5,22765
1620204600,974.45,975.7,974.05,974.85,14336
1620204900,974.85,976.7,974.4,975.05,28319
1620205200,975.05,977.3,974.65,975.2,31465
1620205500,975.2,976.5,975.0,975.85,19511
1620205800,975.85,976.5,974.7,975.85,24555
1620206100,975.8,976.5,973.1,974.05,36447
1620206400,974.1,974.95,972.0,972.8,39725
1620206700,972.8,972.8,967.1,972.25,114849
1620207000,972.25,977.2,972.05,976.6,80361
1620207300,976.6,976.75,973.3,975.95,62959
1620207600,975.95,976.1,972.95,974.9,82175
1620207900,974.85,976.35,972.45,973.4,105229
1620208200,973.3,973.85,967.8,972.3,181226
1620208500,973.05,973.5,965.0,969.95,70582
1620272700,977.3,981.9,974.15,977.6,122427
1620273000,980.55,982.65,978.0,982.65,51134
1620273300,982.85,983.45,976.0,976.45,30456
1620273600,976.45,977.25,972.15,974.7,73136
1620273900,974.25,975.6,971.1,971.1,51920
1620274200,971.55,972.4,968.05,971.15,66686
1620274500,971.15,973.0,969.0,969.7,28112
1620274800,969.95,971.35,967.55,968.7,27665
1620275100,969.05,969.7,965.95,966.9,37878
1620275400,966.2,971.9,964.0,970.05,70598
1620275700,970.05,970.05,965.0,967.55,37069
1620276000,967.9,968.35,963.3,964.95,43663
1620276300,964.55,965.95,961.2,965.05,44251
1620276600,964.75,968.6,963.85,967.65,27907
1620276900,967.7,968.9,967.05,967.95,16353
1620277200,967.95,968.35,965.6,966.5,7015
1620277500,966.45,968.4,965.5,965.55,17423
1620277800,965.5,966.75,964.3,965.4,12834
1620278100,965.35,966.45,964.05,964.5,14783
1620278400,964.5,965.0,963.55,964.0,10108
1620278700,964.0,965.0,964.0,964.85,8629
1620279000,963.9,965.0,963.0,964.8,14839
1620279300,964.8,965.0,963.05,963.65,21106
1620279600,963.65,964.9,962.8,964.5,23140
1620279900,964.5,965.0,963.0,964.35,10740
1620280200,964.35,965.3,963.25,964.0,30751
1620280500,964.0,965.0,963.3,965.0,7558
1620280800,965.0,965.7,964.05,964.4,12295
1620281100,964.4,965.3,963.8,965.15,7024
1620281400,965.15,967.7,965.0,967.45,22019
1620281700,967.45,969.85,967.35,968.3,17462
1620282000,968.4,970.35,968.4,970.35,11926
1620282300,970.3,970.4,969.15,969.5,8345
1620282600,969.5,970.0,968.25,969.7,14707
1620282900,969.75,970.4,968.05,968.85,11044
1620283200,968.85,968.85,965.75,967.2,11541
1620283500,967.2,968.4,966.5,968.4,11312
1620283800,968.4,969.0,967.9,967.95,11766
1620284100,968.3,969.7,967.65,968.85,6776
1620284400,968.85,972.45,968.85,971.9,21137
1620284700,972.0,973.8,970.7,973.15,36059
1620285000,973.45,974.0,971.4,972.65,16421
1620285300,972.65,973.0,971.1,971.9,9012
1620285600,971.9,972.6,971.5,972.6,7777
1620285900,972.3,972.95,971.5,972.1,8423
1620286200,972.1,972.5,968.35,969.45,14281
1620286500,969.4,969.4,965.3,967.8,34213
1620286800,967.8,968.0,965.0,967.35,11949
1620287100,967.35,968.0,965.5,966.7,8159
1620287400,966.75,967.35,965.75,966.4,9949
1620287700,966.4,967.25,965.55,967.25,7301
1620288000,967.25,967.7,966.65,967.0,8483
1620288300,967.0,967.75,966.5,967.0,5844
1620288600,966.95,967.5,966.25,967.1,5354
1620288900,967.1,967.5,966.2,966.2,5871
1620289200,966.2,966.5,965.2,965.9,6345
1620289500,965.5,967.5,965.1,967.45,20031
1620289800,967.45,967.45,965.6,966.6,7692
1620290100,966.6,966.7,965.1,966.0,9334
1620290400,966.0,966.95,965.0,965.9,14981
1620290700,965.9,966.8,965.55,966.4,8407
1620291000,966.3,967.1,966.0,967.1,12596
1620291300,967.0,968.95,966.1,968.95,15385
1620291600,968.95,968.95,967.0,968.45,15063
1620291900,968.4,968.65,966.85,968.0,12931
1620292200,968.0,968.0,966.0,967.0,26768
1620292500,967.0,967.95,966.3,967.3,10777
1620292800,967.3,968.15,967.0,967.7,14542
1620293100,967.5,968.5,965.9,967.8,53284
1620293400,967.8,970.0,967.2,969.35,50333
1620293700,969.4,971.25,968.95,970.1,40348
1620294000,970.1,972.0,970.0,971.0,35904
1620294300,971.1,971.85,967.25,967.8,93818
1620294600,967.8,969.95,966.2,969.95,59277
1620294900,970.25,970.5,966.0,967.15,27835
1620359100,1030.0,1044.7,1003.0,1014.35,2137423
1620359400,1014.6,1014.6,1006.25,1010.1,398768
1620359700,1010.8,1012.55,1006.5,1007.55,285154
1620360000,1007.0,1008.05,995.0,995.1,589769
1620360300,995.65,1006.95,995.15,1003.75,324296
1620360600,1002.9,1005.85,999.0,1001.0,261656
1620360900,1000.05,1000.7,985.5,989.7,509982
1620361200,989.7,992.9,983.0,983.5,321237
1620361500,983.5,988.15,983.4,986.5,220715
1620361800,986.0,990.0,985.25,986.1,158855
1620362100,986.4,988.8,981.1,983.0,203106
1620362400,982.4,983.65,981.0,982.85,149675
1620362700,982.5,984.95,981.0,983.5,97870
1620363000,983.5,983.5,976.8,979.75,190881
1620363300,979.75,982.0,979.5,982.0,85219
1620363600,981.6,984.0,979.55,983.85,120208
1620363900,983.85,984.1,980.65,981.0,70082
1620364200,981.0,981.75,977.0,979.0,158459
1620364500,979.0,979.7,974.4,978.95,145472
1620364800,979.45,980.9,978.95,980.8,69067
1620365100,980.8,984.0,980.5,982.6,79930
1620365400,982.6,984.0,982.15,983.4,45594
1620365700,983.35,986.5,983.0,986.05,91560
1620366000,986.05,989.95,984.15,989.1,188870
1620366300,989.15,991.65,987.1,991.2,127979
1620366600,991.2,996.0,990.0,995.0,265601
1620366900,995.0,996.0,992.25,993.45,130462
1620367200,993.1,1002.95,990.5,1001.4,382455
1620367500,1001.3,1002.0,996.0,996.0,179579
1620367800,996.0,998.0,994.0,995.05,94929
1620368100,995.25,998.8,992.8,996.55,128209
1620368400,996.1,998.0,996.0,996.3,48838
1620368700,995.55,998.4,995.0,996.5,84692
1620369000,996.5,998.0,996.5,996.95,34444
1620369300,996.95,997.1,993.6,995.9,44387
1620369600,995.6,995.6,991.3,994.7,78656
1620369900,994.7,996.1,993.0,994.3,49725
1620370200,994.1,994.3,992.5,992.5,47053
1620370500,992.5,997.2,992.5,996.5,73899
1620370800,996.5,999.0,994.0,998.35,155197
1620371100,998.35,999.0,995.0,998.45,63917
1620371400,998.5,1000.0,998.2,998.8,78118
1620371700,998.8,1000.0,996.9,999.9,45906
1620372000,999.9,1005.0,999.45,1004.85,165491
1620372300,1004.5,1004.85,1001.1,1001.3,94102
1620372600,1001.3,1004.0,1001.3,1002.45,41339
1620372900,1003.0,1003.6,1001.35,1001.55,33645
1620373200,1001.85,1001.95,996.4,996.95,69986
1620373500,997.0,998.45,995.0,998.3,59752
1620373800,998.3,1000.8,997.85,1000.4,27417
1620374100,1000.2,1002.5,998.5,999.0,35104
1620374400,999.0,1000.5,998.85,999.45,20805
1620374700,999.45,1001.75,999.45,999.6,22429
1620375000,999.75,999.75,997.0,999.3,42745
1620375300,999.25,1000.85,999.05,999.9,24053
1620375600,1000.4,1000.45,998.45,998.45,28480
1620375900,998.45,998.9,998.0,998.85,18697
1620376200,998.85,999.5,995.15,996.25,51504
1620376500,996.45,998.65,996.3,997.55,15966
1620376800,997.55,999.0,997.5,998.6,32160
1620377100,998.6,999.0,997.0,997.35,20000
1620377400,997.8,997.8,995.6,996.4,32663
1620377700,996.4,996.55,995.5,996.05,23222
1620378000,996.05,996.05,993.2,994.05,57415
1620378300,994.05,994.5,991.3,992.2,73894
1620378600,991.75,996.6,991.75,995.2,37903
1620378900,995.85,999.3,995.2,999.3,40007
1620379200,999.0,999.95,996.3,997.4,42994
1620379500,997.0,997.7,996.0,997.0,35225
1620379800,997.0,997.45,995.35,995.8,38566
1620380100,995.85,996.65,994.0,996.25,85084
1620380400,996.3,1003.0,996.3,1002.6,141552
1620380700,1002.55,1003.0,1001.25,1002.45,156925
1620381000,1002.5,1004.5,999.4,1002.8,178112
1620381300,1003.0,1003.0,998.25,998.3,64650
1620618300,1009.3,1009.3,999.1,1002.9,165945
1620618600,1001.9,1004.9,998.1,998.2,83085
1620618900,998.2,998.65,995.0,997.3,72287
1620619200,997.3,999.35,995.65,997.6,40001
1620619500,997.6,1002.85,997.35,1001.9,50263
1620619800,1001.95,1001.95,996.25,998.0,51195
1620620100,997.95,1001.4,996.95,999.95,25310
1620620400,999.5,1001.5,998.45,998.6,15975
1620620700,998.85,999.4,998.3,998.3,9940
1620621000,998.3,999.1,997.0,997.5,23070
1620621300,997.7,999.5,997.25,999.3,11663
1620621600,999.05,999.35,998.05,998.95,11248
1620621900,998.95,999.15,998.25,998.95,7706
1620622200,998.7,999.0,997.4,998.05,16850
1620622500,998.05,998.05,997.1,997.5,11072
1620622800,997.7,999.3,997.7,998.85,10860
1620623100,998.85,1004.0,998.45,1003.75,65722
1620623400,1003.7,1003.75,1000.7,1001.7,16863
1620623700,1001.7,1002.0,1001.05,1001.5,10349
1620624000,1001.5,1001.75,999.45,999.85,15894
1620624300,999.85,1000.25,998.3,998.3,16078
1620624600,998.3,999.05,997.1,998.8,20780
1620624900,998.8,999.45,998.05,999.45,7110
1620625200,999.45,1000.95,999.0,999.8,14014
1620625500,999.8,1000.0,999.1,999.5,4552
1620625800,999.5,999.5,998.5,998.75,5880
1620626100,998.5,999.1,998.0,998.35,8704
1620626400,998.35,998.8,998.0,998.3,5234
1620626700,998.15,999.0,998.15,998.95,5898
1620627000,998.95,999.0,997.25,998.1,15253
1620627300,998.1,998.5,997.4,998.25,6209
1620627600,998.25,998.25,997.05,997.3,7245
1620627900,997.3,997.85,997.0,997.85,10796
1620628200,997.85,998.9,997.2,998.45,9610
1620628500,998.7,998.75,997.8,998.25,5269
1620628800,998.25,998.3,998.0,998.2,3132
1620629100,998.15,998.95,997.5,998.85,9175
1620629400,998.85,1001.5,998.45,1001.0,28465
1620629700,1001.0,1003.85,1000.8,1003.8,45596
1620630000,1003.8,1004.9,1002.0,1002.45,39268
1620630300,1002.5,1003.45,1002.5,1003.35,15124
1620630600,1003.35,1003.7,1001.0,1003.7,20211
1620630900,1003.7,1006.5,1003.7,1006.5,53500
1620631200,1006.5,1006.5,1005.5,1005.5,20542
1620631500,1005.5,1014.8,1005.5,1013.35,169857
1620631800,1013.5,1016.75,1010.6,1011.0,148766
1620632100,1011.0,1014.7,1011.0,1012.8,36067
1620632400,1013.0,1013.15,1010.0,1011.4,33144
1620632700,1011.9,1011.9,1008.85,1009.3,37676
1620633000,1009.3,1011.95,1009.0,1011.45,41474
1620633300,1011.45,1015.0,1011.45,1014.0,52421
1620633600,1014.0,1017.5,1013.3,1016.3,87186
1620633900,1016.5,1016.5,1013.4,1014.0,40124
1620634200,1014.0,1015.5,1013.6,1014.8,16786
1620634500,1014.75,1014.95,1011.5,1013.25,29106
1620634800,1013.5,1014.0,1011.65,1012.0,13342
1620635100,1012.0,1012.25,1010.55,1010.95,24094
1620635400,1010.95,1013.0,1010.95,1012.1,13575
1620635700,1012.1,1012.1,1011.0,1011.95,6714
1620636000,1011.95,1013.0,1011.7,1012.45,10438
1620636300,1012.4,1012.45,1009.2,1011.0,30349
1620636600,1010.95,1010.95,1008.85,1009.35,17660
1620636900,1009.45,1009.45,1006.9,1008.5,27818
1620637200,1008.9,1010.0,1006.4,1006.65,22187
1620637500,1006.65,1007.0,1006.0,1006.05,19950
1620637800,1006.05,1011.35,1006.0,1011.0,22134
1620638100,1010.95,1011.0,1007.25,1007.85,17988
1620638400,1007.65,1008.45,1007.1,1008.05,13597
1620638700,1008.05,1008.5,1001.25,1002.85,59902
1620639000,1002.65,1005.0,1002.25,1003.9,46263
1620639300,1003.9,1004.65,1002.0,1003.5,30271
1620639600,1003.5,1005.95,1003.0,1005.45,54522
1620639900,1005.2,1006.75,1004.55,1006.5,53455
1620640200,1006.95,1007.55,1005.55,1006.9,59956
1620640500,1006.85,1007.0,1004.5,1006.0,31669
1620704700,998.0,1004.5,990.5,1003.5,81162
1620705000,1003.6,1006.4,1000.95,1003.2,66065
1620705300,1003.0,1005.0,999.0,1005.0,36456
1620705600,1004.45,1004.9,1001.85,1001.9,17383
1620705900,1001.9,1002.5,1000.0,1000.45,17850
1620706200,1000.9,1002.95,1000.4,1000.7,14086
1620706500,1001.0,1002.25,1000.75,1001.45,9398
1620706800,1001.45,1004.0,1001.45,1004.0,17593
1620707100,1004.45,1007.6,1004.45,1006.7,27741
1620707400,1006.5,1010.0,1006.5,1010.0,25820
1620707700,1009.85,1012.8,1008.2,1009.8,55465
1620708000,1009.8,1014.7,1009.8,1013.9,82987
1620708300,1014.0,1015.0,1009.4,1011.55,40321
1620708600,1011.55,1011.65,1007.8,1008.0,25236
1620708900,1008.0,1009.7,1007.1,1007.85,16219
1620709200,1007.85,1009.4,1007.85,1008.55,8135
1620709500,1008.55,1010.0,1008.5,1009.3,5078
1620709800,1009.3,1010.0,1008.3,1008.3,6404
1620710100,1008.4,1008.4,1004.6,1008.2,28785
1620710400,1008.2,1009.45,1006.5,1007.25,14349
1620710700,1006.8,1008.5,1006.8,1007.4,13695
1620711000,1007.4,1008.0,1005.8,1005.8,11337
1620711300,1005.8,1008.0,1004.9,1008.0,7554
1620711600,1009.4,1009.8,1007.45,1009.6,11323
1620711900,1009.55,1009.9,1008.9,1009.75,9409
1620712200,1009.75,1009.75,1008.0,1009.75,11747
1620712500,1009.7,1011.8,1009.5,1011.2,14486
1620712800,1010.7,1011.65,1010.2,1011.15,7015
1620713100,1011.15,1011.35,1008.95,1009.4,7074
1620713400,1009.4,1010.35,1009.1,1009.95,3873
1620713700,1009.95,1011.0,1009.0,1010.55,4878
1620714000,1009.7,1010.15,1008.55,1008.55,3696
1620714300,1008.55,1010.95,1007.0,1010.05,13472
1620714600,1010.05,1012.25,1009.45,1010.55,13630
1620714900,1010.55,1011.0,1008.15,1009.0,4088
1620715200,1009.0,1009.7,1008.25,1008.25,3423
1620715500,1008.75,1009.65,1008.35,1008.8,2261
1620715800,1008.8,1010.4,1008.75,1009.45,8975
1620716100,1009.45,1010.0,1009.2,1009.75,2252
1620716400,1009.75,1009.9,1008.0,1009.3,6818
1620716700,1009.25,1010.0,1008.4,1009.3,3813
1620717000,1009.3,1009.5,1008.55,1008.7,1868
1620717300,1008.55,1009.0,1005.85,1006.95,14660
1620717600,1006.95,1007.0,1006.0,1006.75,7873
1620717900,1006.95,1008.15,1006.55,1007.4,3503
1620718200,1007.35,1007.8,1006.65,1007.65,4869
1620718500,1007.7,1008.25,1006.4,1006.9,4315
1620718800,1006.9,1007.3,1006.1,1006.8,5593
1620719100,1006.8,1006.9,1004.0,1004.5,12076
1620719400,1004.65,1004.65,1001.1,1001.85,33979
1620719700,1001.85,1002.5,1001.15,1002.5,9661
1620720000,1002.5,1003.7,1002.0,1002.5,10072
1620720300,1002.95,1003.6,1002.5,1003.5,11818
1620720600,1003.55,1003.55,1002.8,1003.35,8253
1620720900,1003.3,1003.8,1002.5,1003.35,4298
1620721200,1003.35,1005.8,1002.6,1004.75,16775
1620721500,1004.75,1005.0,1004.0,1004.95,2848
1620721800,1004.95,1005.0,1002.0,1002.85,11773
1620722100,1002.85,1002.85,1001.0,1001.55,5926
1620722400,1001.55,1002.45,1001.0,1002.25,3737
1620722700,1002.4,1003.5,1001.65,1003.15,2980
1620723000,1003.15,1004.5,1003.0,1004.25,3514
1620723300,1004.2,1004.3,1002.95,1003.9,3757
1620723600,1003.95,1004.9,1002.25,1004.1,6063
1620723900,1004.1,1004.85,1002.2,1002.25,4524
1620724200,1002.35,1003.35,1001.35,1001.5,14867
1620724500,1001.5,1002.2,999.4,1000.0,39994
1620724800,1000.0,1000.85,1000.0,1000.0,28318
1620725100,1000.0,1000.65,1000.0,1000.65,32406
1620725400,1000.95,1002.45,1000.0,1000.5,36939
1620725700,1000.5,1001.0,999.95,1000.5,38536
1620726000,1000.5,1001.7,1000.15,1001.3,35036
1620726300,1001.25,1002.35,1000.6,1001.55,46386
1620726600,1001.55,1002.5,1001.0,1001.2,43442
1620726900,1001.55,1001.55,1000.0,1000.8,22034
1620791100,995.55,1000.9,993.05,996.5,55517
1620791400,996.15,997.3,993.0,994.45,75641
1620791700,994.45,994.45,991.0,992.65,49429
1620792000,992.75,992.75,990.0,990.1,46883
1620792300,990.1,990.3,987.2,988.85,50945
1620792600,988.85,992.8,988.85,990.95,48569
1620792900,990.95,992.05,989.0,990.3,29648
1620793200,990.05,991.15,989.5,989.5,25672
1620793500,989.5,989.75,988.05,989.0,19591
1620793800,988.65,989.0,988.45,988.55,19516
1620794100,988.55,988.55,988.0,988.05,26561
1620794400,988.0,988.05,984.2,984.2,52045
1620794700,984.75,986.5,984.1,985.65,49879
1620795000,985.8,986.9,985.5,985.5,16861
1620795300,985.5,987.2,985.0,986.45,21139
1620795600,986.45,986.45,984.6,985.1,25580
1620795900,985.1,985.1,983.0,983.25,35656
1620796200,983.65,983.75,983.0,983.0,33450
1620796500,983.0,985.45,983.0,983.7,41230
1620796800,983.7,983.95,982.0,982.15,23859
1620797100,982.45,982.85,981.0,981.5,37460
1620797400,981.5,981.85,978.75,979.95,41271
1620797700,979.95,980.95,979.2,979.55,27191
1620798000,979.55,980.0,977.5,977.95,26561
1620798300,977.95,977.95,975.65,977.2,42305
1620798600,977.2,978.45,976.05,977.95,26587
1620798900,977.95,980.3,977.9,978.6,29156
1620799200,978.6,978.6,977.3,978.15,20258
1620799500,978.2,980.0,978.0,978.4,18079
1620799800,978.05,978.1,976.25,976.9,28923
1620800100,976.6,978.4,974.0,978.15,50550
1620800400,978.15,979.25,975.95,976.05,36506
1620800700,976.2,976.95,974.45,974.8,61547
1620801000,974.5,977.55,974.5,975.15,40728
1620801300,975.15,977.0,974.85,976.45,49266
1620801600,976.1,976.45,971.6,972.0,122553
1620801900,972.3,972.7,970.0,971.5,92688
1620802200,971.95,972.4,970.25,971.25,48650
1620802500,971.25,974.6,970.55,974.0,49631
1620802800,974.35,974.35,971.4,971.55,44832
1620803100,971.05,973.8,971.0,972.5,33385
1620803400,972.05,972.45,970.5,970.55,44771
1620803700,970.85,971.95,970.5,970.55,28646
1620804000,970.85,972.0,970.5,971.95,30110
1620804300,972.0,973.05,970.55,970.95,32813
1620804600,970.8,975.5,970.55,973.4,98306
1620804900,973.4,975.75,972.45,974.3,45477
1620805200,974.3,974.5,972.5,973.5,31467
1620805500,973.3,974.9,973.3,973.3,17448
1620805800,973.3,973.5,972.55,973.35,24707
1620806100,973.25,974.1,973.1,974.05,13989
1620806400,974.1,974.1,973.05,973.55,30469
1620806700,973.6,973.85,971.9,971.9,206298
1620807000,971.9,972.35,971.0,972.2,27415
1620807300,972.35,973.4,972.0,973.0,27310
1620807600,973.0,976.3,972.35,976.3,60226
1620807900,976.0,976.7,974.55,975.65,45888
1620808200,975.7,978.5,975.7,978.35,58012
1620808500,978.0,980.0,975.6,977.5,120796
1620808800,977.5,977.5,975.95,976.35,28156
1620809100,976.3,977.95,975.2,977.6,40895
1620809400,977.6,977.6,976.05,976.15,17086
1620809700,976.15,977.2,976.0,977.0,37365
1620810000,977.7,978.2,975.5,975.55,31138
1620810300,975.55,976.95,975.0,976.6,51849
1620810600,976.6,977.45,975.8,976.05,18572
1620810900,976.1,976.6,975.3,975.4,33868
1620811200,975.4,975.8,974.9,975.2,50504
1620811500,975.2,975.35,970.5,970.85,77476
1620811800,970.5,974.8,970.5,974.35,52622
1620812100,974.35,976.6,971.6,974.35,71339
1620812400,974.4,975.6,972.85,975.55,74052
1620812700,975.7,975.9,972.5,973.55,76850
1620813000,973.7,974.4,970.25,972.9,103988
1620813300,972.95,972.95,970.0,971.7,124299
1620963900,972.95,982.0,972.15,980.1,102162
1620964200,979.4,979.6,968.6,968.75,58663
1620964500,969.85,975.0,968.0,974.8,20149
1620964800,974.8,974.85,969.15,971.0,12564
1620965100,971.0,978.5,970.0,977.55,21083
1620965400,977.55,977.8,975.55,975.95,15845
1620965700,975.95,978.55,974.0,978.1,15957
1620966000,977.35,979.75,976.5,976.5,19713
1620966300,976.5,977.5,973.45,977.0,10992
1620966600,977.15,977.5,975.95,975.95,7011
1620966900,976.0,976.8,975.0,975.45,6428
1620967200,975.45,976.65,975.0,975.55,12101
1620967500,975.9,978.65,975.0,977.5,9648
1620967800,977.5,977.95,976.45,976.9,6975
1620968100,977.0,977.85,975.75,976.6,8702
1620968400,976.6,977.2,975.0,976.45,5848
1620968700,976.45,979.0,976.45,978.25,18089
1620969000,978.25,978.65,975.9,976.6,9888
1620969300,976.6,976.6,975.0,976.5,7882
1620969600,976.5,977.1,975.9,976.0,6159
1620969900,976.2,977.0,975.45,976.6,4019
1620970200,976.6,976.9,971.1,971.2,29842
1620970500,971.85,971.95,968.0,968.6,64296
1620970800,968.6,973.3,968.25,971.8,27989
1620971100,971.8,976.8,971.8,974.5,25979
1620971400,974.3,974.3,973.4,973.9,5482
1620971700,973.6,975.25,972.15,972.6,7067
1620972000,972.6,974.5,972.25,973.1,6051
1620972300,973.25,973.3,972.0,972.95,6050
1620972600,972.9,972.9,970.55,970.55,8840
1620972900,970.55,971.3,968.8,970.4,10853
1620973200,970.3,972.0,970.15,970.15,10893
1620973500,970.15,971.2,969.1,970.55,11971
1620973800,969.45,970.2,966.0,966.0,31032
1620974100,965.65,969.65,965.0,967.05,19859
1620974400,967.05,968.0,966.0,967.4,9429
1620974700,967.6,970.45,967.4,969.55,10403
1620975000,969.55,969.55,968.4,968.5,5380
1620975300,968.5,968.85,966.6,967.4,4530
1620975600,967.4,967.85,966.5,966.7,6418
1620975900,966.7,967.8,966.5,967.05,7268
1620976200,967.3,968.45,966.5,967.7,4567
1620976500,967.5,967.7,966.5,967.3,6774
1620976800,967.3,968.2,966.75,967.3,6856
1620977100,966.95,968.7,966.95,968.35,6532
1620977400,967.7,969.0,967.7,968.8,5031
1620977700,968.8,970.0,968.1,970.0,7851
1620978000,969.95,971.25,969.05,969.45,15926
1620978300,968.6,968.8,966.7,967.75,9026
1620978600,967.75,970.85,967.5,970.35,10191
1620978900,970.7,971.45,969.75,971.4,6258
1620979200,971.4,971.4,969.7,971.1,8123
1620979500,971.25,971.5,969.0,970.2,6358
1620979800,970.2,970.7,968.0,970.0,8194
1620980100,970.0,971.0,969.45,970.55,6178
1620980400,970.55,971.35,970.0,970.75,6174
1620980700,970.75,970.8,967.4,968.4,10077
1620981000,968.6,969.95,967.0,967.3,4734
1620981300,967.15,969.15,967.15,968.55,9371
1620981600,968.55,968.55,967.0,967.65,3929
1620981900,967.65,968.55,967.0,967.35,8316
1620982200,967.35,968.75,967.35,967.35,6013
1620982500,967.75,968.3,966.0,967.7,11473
1620982800,967.8,968.5,967.2,968.2,6627
1620983100,968.2,972.0,968.0,971.5,20434
1620983400,971.95,971.95,970.35,971.55,12087
1620983700,971.55,973.8,971.55,972.7,17661
1620984000,972.7,976.6,972.0,974.9,33409
1620984300,975.35,978.0,974.65,975.8,26578
1620984600,975.4,976.0,974.0,974.45,53170
1620984900,974.45,978.4,974.45,976.8,49457
1620985200,977.0,980.1,977.0,980.0,73049
1620985500,980.0,980.2,977.6,980.15,76841
1620985800,980.15,980.65,979.85,980.0,67926
1620986100,980.15,980.15,975.05,978.0,32496
1621223100,978.4,981.65,973.35,976.4,46983
1621223400,976.4,980.35,973.55,978.9,28179
1621223700,978.9,984.85,978.85,981.0,64162
1621224000,981.0,983.05,977.0,980.65,39543
1621224300,980.65,984.5,980.1,983.95,56594
1621224600,983.95,988.8,983.95,986.5,60277
1621224900,985.75,986.5,978.8,979.75,61140
1621225200,979.7,981.45,977.05,979.6,42876
1621225500,979.6,979.6,975.1,978.2,40857
1621225800,978.2,979.15,977.0,977.05,20416
1621226100,977.05,977.8,973.2,974.05,42219
1621226400,974.05,975.45,970.1,972.4,49544
1621226700,973.85,974.0,968.0,973.6,51805
1621227000,972.9,973.15,968.65,969.25,32782
1621227300,969.25,970.25,968.5,969.55,24887
1621227600,969.55,969.55,966.4,967.65,39153
1621227900,967.25,967.8,966.5,966.75,20164
1621228200,966.6,967.3,965.5,966.1,27533
1621228500,966.75,969.05,966.75,968.6,26370
1621228800,968.45,969.0,966.4,966.95,31681
1621229100,966.95,968.15,966.8,966.9,22744
1621229400,966.85,967.75,965.7,965.75,17338
1621229700,966.0,968.0,966.0,967.3,23619
1621230000,967.25,967.35,965.6,965.9,21493
1621230300,965.9,965.9,962.25,964.25,50021
1621230600,964.25,964.45,961.5,963.45,29922
1621230900,963.45,964.4,961.2,964.2,49007
1621231200,964.2,965.6,961.65,964.9,25378
1621231500,964.9,965.2,963.2,963.6,17262
1621231800,963.6,965.5,963.6,965.5,17783
1621232100,965.5,966.95,965.15,966.9,28143
1621232400,966.9,966.9,963.9,966.4,23101
1621232700,966.45,966.45,964.5,964.95,17482
1621233000,965.3,967.25,964.75,966.75,15448
1621233300,966.75,967.0,966.15,966.7,11647
1621233600,966.45,966.6,964.75,965.85,14155
1621233900,965.85,966.1,964.0,966.05,25518
1621234200,966.05,966.5,964.0,966.0,15992
1621234500,966.0,966.85,964.6,965.95,17607
1621234800,965.95,966.85,965.25,965.65,13342
1621235100,965.6,965.7,964.0,964.3,14212
1621235400,964.3,964.35,962.5,963.95,26189
1621235700,963.95,965.05,963.5,963.85,14078
1621236000,963.85,964.9,963.8,963.9,15039
1621236300,963.9,964.7,963.55,964.0,12474
1621236600,963.95,964.85,963.65,964.6,15493
1621236900,964.85,966.0,964.1,964.8,18312
1621237200,964.8,965.25,963.85,964.0,31220
1621237500,964.05,965.0,963.65,964.05,26782
1621237800,964.05,964.1,964.0,964.0,22159
1621238100,964.05,965.5,964.0,964.85,31804
1621238400,964.7,965.9,964.0,964.05,29265
1621238700,964.0,964.05,963.75,964.05,22923
1621239000,964.05,965.55,964.0,964.65,14825
1621239300,964.65,965.15,964.35,964.95,9886
1621239600,964.95,964.95,963.9,964.25,14987
1621239900,964.25,964.95,964.0,964.55,19858
1621240200,964.6,964.95,964.35,964.95,12875
1621240500,964.95,966.0,964.9,965.7,13963
1621240800,965.9,965.9,964.45,964.8,19700
1621241100,964.9,965.35,964.5,965.2,14843
1621241400,965.2,965.85,964.5,965.2,16899
1621241700,965.55,965.8,965.0,965.45,11406
1621242000,965.45,965.45,964.6,965.0,12125
1621242300,964.6,965.4,964.5,965.3,18302
1621242600,965.35,965.35,964.0,964.05,28600
1621242900,964.05,965.0,964.0,964.7,13252
1621243200,964.7,964.7,964.0,964.0,14978
1621243500,964.3,964.3,964.0,964.05,16964
1621243800,964.05,964.15,963.95,964.0,30430
1621244100,964.05,964.1,963.75,964.0,38069
1621244400,964.05,964.75,963.35,964.75,48111
1621244700,964.5,964.5,963.6,964.0,103716
1621245000,964.0,965.15,961.25,965.1,116097
1621245300,965.1,965.1,963.15,964.7,44734
1621309500,965.9,972.6,965.9,969.0,65702
1621309800,969.05,975.25,968.55,975.0,59252
1621310100,975.85,976.0,968.55,971.05,47335
1621310400,971.05,971.1,968.0,968.65,29603
1621310700,968.65,969.95,966.5,968.45,25618
1621311000,968.15,970.05,967.4,969.2,31814
1621311300,968.9,971.9,968.9,970.25,18977
1621311600,970.25,973.0,968.0,972.1,27121
1621311900,971.8,971.85,969.0,969.15,17177
1621312200,969.0,970.75,967.5,968.25,32788
1621312500,968.75,972.65,968.75,972.4,18835
1621312800,972.4,974.2,971.05,972.95,53832
1621313100,972.95,973.25,971.25,972.75,13933
1621313400,972.75,972.95,971.4,971.45,15849
1621313700,971.45,972.5,968.3,969.75,40522
1621314000,969.8,970.5,969.0,969.95,11821
1621314300,969.95,969.95,968.0,968.0,15305
1621314600,968.0,968.7,968.0,968.55,11533
1621314900,968.55,968.55,967.3,968.3,13458
1621315200,968.3,969.15,967.0,967.6,13930
1621315500,967.65,968.65,967.1,967.1,11816
1621315800,967.1,967.4,964.2,965.5,36479
1621316100,965.95,967.65,965.65,966.8,12537
1621316400,966.15,967.45,966.0,966.5,13194
1621316700,966.5,967.45,966.25,967.35,9417
1621317000,967.35,967.45,965.8,966.2,14557
1621317300,966.2,966.95,965.9,966.9,8151
1621317600,966.9,967.0,965.8,966.0,10066
1621317900,966.0,966.8,965.8,966.8,8951
1621318200,967.0,967.3,966.0,966.0,6710
1621318500,966.0,966.75,965.8,965.8,7376
1621318800,965.8,966.75,965.8,966.05,7918
1621319100,966.3,966.3,966.0,966.2,7438
1621319400,966.2,967.0,965.25,966.0,17442
1621319700,966.0,967.0,965.55,966.35,15023
1621320000,966.35,967.0,966.0,966.7,7689
1621320300,966.7,966.9,965.8,966.0,8612
1621320600,966.05,966.8,965.7,966.55,11729
1621320900,966.65,967.0,966.0,966.05,7219
1621321200,966.05,967.5,966.0,967.5,18234
1621321500,967.5,967.6,966.25,966.85,24904
1621321800,966.85,966.85,966.0,966.5,11579
1621322100,966.0,966.7,966.0,966.1,9135
1621322400,966.2,967.4,966.15,966.8,5747
1621322700,966.7,967.0,966.05,966.7,8577
1621323000,966.25,967.0,966.05,966.5,8220
1621323300,966.05,967.0,966.05,966.8,8025
1621323600,967.15,967.15,966.15,966.15,8559
1621323900,966.6,966.9,966.15,966.6,8152
1621324200,966.6,966.8,966.15,966.8,9428
1621324500,966.8,967.9,966.05,966.75,9854
1621324800,966.75,967.15,966.0,966.65,6848
1621325100,966.65,967.9,966.45,967.9,10259
1621325400,967.85,968.5,966.8,968.5,15012
1621325700,968.45,968.8,967.0,968.25,12251
1621326000,968.4,968.55,966.45,966.65,9878
1621326300,966.65,967.45,966.15,966.5,8336
1621326600,966.5,967.0,966.0,966.5,14808
1621326900,966.5,966.65,966.05,966.55,7700
1621327200,966.55,967.7,965.85,966.0,12725
1621327500,966.0,966.25,965.8,966.0,8869
1621327800,966.25,966.5,965.35,966.0,9493
1621328100,966.05,970.5,965.75,969.05,74774
1621328400,969.05,969.9,967.85,968.1,21294
1621328700,968.5,968.65,967.55,968.0,8178
1621329000,968.0,968.25,966.8,966.8,4315
1621329300,966.95,968.25,966.95,967.9,11867
1621329600,967.85,968.25,966.65,966.65,9754
1621329900,967.0,968.0,966.5,967.95,12404
1621330200,967.95,969.1,967.95,968.95,30332
1621330500,969.0,969.5,968.5,969.25,23394
1621330800,969.25,969.7,967.35,967.45,26795
1621331100,967.85,969.7,967.25,968.0,30168
1621331400,968.0,968.15,966.15,967.9,28210
1621331700,967.85,969.05,966.95,967.1,24889
1621395900,968.45,974.25,967.1,973.7,42944
1621396200,973.2,973.25,969.0,969.95,27968
1621396500,969.95,971.7,969.95,971.45,14689
1621396800,971.45,972.2,970.25,971.85,15041
1621397100,972.0,972.15,970.5,970.95,12243
1621397400,970.95,972.4,970.7,971.65,13189
1621397700,971.65,972.2,970.4,970.8,12409
1621398000,970.0,972.0,970.0,971.65,12089
1621398300,971.65,972.4,970.25,970.35,13270
1621398600,970.7,970.85,968.55,969.0,17078
1621398900,969.0,970.65,968.2,969.7,14464
1621399200,969.7,969.9,965.8,965.85,16666
1621399500,966.05,967.75,965.0,965.45,22678
1621399800,965.45,967.0,965.45,967.0,5894
1621400100,967.0,967.6,965.8,966.45,9999
1621400400,966.45,966.95,965.75,965.8,6399
1621400700,965.75,968.45,965.45,967.5,7789
1621401000,967.75,967.75,967.05,967.7,4967
1621401300,967.65,968.0,966.35,967.5,8223
1621401600,967.5,967.85,966.4,967.0,7842
1621401900,967.0,967.05,963.0,964.45,23303
1621402200,964.45,965.7,963.35,965.1,21017
1621402500,965.1,965.4,964.45,964.45,6583
1621402800,964.45,964.55,963.0,964.15,13252
1621403100,964.15,965.8,964.0,965.55,10143
1621403400,965.55,966.5,965.1,965.45,9509
1621403700,965.45,965.65,965.45,965.5,8586
1621404000,965.5,965.95,965.5,965.5,7746
1621404300,965.5,966.3,965.5,966.15,13159
1621404600,966.15,967.1,966.0,966.55,10947
1621404900,966.55,966.9,965.5,965.65,5155
1621405200,965.5,966.5,965.5,966.25,8723
1621405500,966.3,966.9,966.0,966.7,4480
1621405800,966.75,966.75,965.75,966.6,5003
1621406100,966.7,966.7,965.5,965.6,5230
1621406400,965.6,966.7,965.6,966.7,6581
1621406700,966.7,967.0,966.0,966.45,7436
1621407000,966.75,967.95,966.5,967.9,7060
1621407300,967.9,967.9,966.85,966.85,10961
1621407600,966.9,966.9,966.0,966.15,7036
1621407900,966.3,966.4,965.3,966.0,7230
1621408200,966.1,967.4,965.9,965.95,7222
1621408500,966.35,966.7,965.65,966.3,4191
1621408800,966.3,966.3,965.9,966.0,3220
1621409100,966.05,967.2,965.6,965.65,7912
1621409400,965.65,966.6,965.6,966.3,3723
1621409700,966.4,966.4,965.5,965.5,12938
1621410000,965.55,967.5,965.5,967.2,12565
1621410300,967.0,969.7,967.0,969.05,16968
1621410600,969.15,969.4,967.9,968.2,10185
1621410900,968.2,969.0,967.0,968.55,15061
1621411200,968.6,970.0,968.05,969.8,19893
1621411500,969.85,969.85,969.0,969.15,15772
1621411800,969.15,970.8,968.7,970.0,13965
1621412100,969.55,969.9,968.75,968.75,5723
1621412400,968.9,970.0,968.45,969.75,9551
1621412700,970.3,970.3,969.65,969.8,10074
1621413000,970.1,975.6,969.55,975.0,45535
1621413300,975.0,979.15,974.35,975.85,70609
1621413600,975.1,975.75,972.9,973.35,20796
1621413900,973.35,974.45,973.25,974.25,5170
1621414200,974.25,974.4,973.5,973.9,8620
1621414500,973.9,974.25,973.05,973.4,9837
1621414800,973.9,973.9,972.0,972.3,22832
1621415100,972.85,974.05,969.0,971.35,28248
1621415400,971.6,973.5,971.1,973.25,9592
1621415700,973.6,975.0,972.8,975.0,17323
1621416000,974.9,975.0,973.25,973.9,15792
1621416300,974.3,974.95,973.9,974.05,12631
1621416600,974.25,978.65,974.25,977.5,43578
1621416900,977.45,979.9,977.15,979.0,38757
1621417200,979.0,979.3,977.4,978.8,24131
1621417500,978.8,979.0,978.0,978.5,22135
1621417800,978.55,979.5,978.5,979.0,25091
1621418100,978.85,979.0,976.75,977.0,23853
1621482300,981.45,984.45,975.1,976.1,58462
1621482600,976.0,976.0,972.85,973.85,29613
1621482900,973.85,975.0,968.0,969.3,32199
1621483200,969.95,974.45,968.0,968.95,25558
1621483500,968.95,973.15,965.8,972.85,24011
1621483800,972.9,973.7,971.5,973.3,14670
1621484100,973.3,981.85,973.25,979.55,70118
1621484400,979.6,979.75,976.6,978.8,32382
1621484700,979.5,983.35,978.9,982.8,56701
1621485000,983.25,983.25,977.5,979.5,55471
1621485300,979.5,982.8,979.45,981.7,24078
1621485600,981.7,982.2,980.4,982.2,19337
1621485900,982.2,983.25,979.0,981.0,39361
1621486200,981.0,981.0,978.4,979.0,17696
1621486500,979.0,982.0,978.7,982.0,16533
1621486800,981.8,981.9,980.0,980.0,9177
1621487100,980.3,980.3,979.0,979.05,9433
1621487400,979.1,979.15,979.0,979.0,7097
1621487700,979.0,979.1,977.1,978.3,20197
1621488000,978.5,980.0,978.3,979.85,6987
1621488300,979.9,980.6,979.5,980.45,15091
1621488600,980.15,981.05,979.5,980.55,12247
1621488900,980.25,980.8,979.3,979.35,15105
1621489200,979.35,981.0,978.05,979.6,12785
1621489500,979.6,979.8,978.2,978.9,7076
1621489800,978.9,979.65,978.5,979.4,9859
1621490100,979.4,980.5,979.0,979.65,8615
1621490400,979.65,980.25,979.15,979.9,9754
1621490700,979.9,980.8,979.9,980.65,9940
1621491000,980.65,980.95,979.0,979.35,12734
1621491300,979.75,980.0,979.45,979.8,4249
1621491600,979.8,980.0,979.35,979.6,4302
1621491900,979.6,980.55,979.25,979.8,7811
1621492200,979.8,979.9,979.4,979.9,4216
1621492500,979.9,980.35,979.5,979.85,7360
1621492800,979.85,979.85,979.55,979.55,3990
1621493100,979.55,979.65,979.05,979.15,5123
1621493400,979.3,979.35,979.0,979.25,7183
1621493700,979.25,979.3,976.6,976.65,13206
1621494000,976.65,976.65,974.3,975.1,38369
1621494300,975.3,978.1,974.45,975.7,27384
1621494600,975.4,975.85,975.25,975.8,9655
1621494900,975.8,976.5,975.35,976.5,7532
1621495200,976.55,976.65,974.5,974.5,11708
1621495500,974.5,975.6,972.95,973.25,25972
1621495800,973.55,975.9,973.15,975.7,8725
1621496100,975.7,976.7,975.0,976.35,7950
1621496400,976.35,976.45,975.0,975.0,10474
1621496700,975.0,975.1,972.1,972.2,12033
1621497000,972.2,973.1,971.15,973.0,24177
1621497300,972.8,973.0,970.15,972.05,29130
1621497600,972.05,972.75,970.4,972.4,14934
1621497900,972.8,974.55,972.5,973.4,11822
1621498200,973.4,974.6,973.25,973.45,10827
1621498500,973.45,974.95,973.45,974.7,7926
1621498800,974.7,976.5,974.0,976.25,14732
1621499100,976.25,976.45,973.75,974.25,14956
1621499400,974.3,975.5,973.0,973.15,12346
1621499700,973.15,973.8,972.2,973.2,13572
1621500000,973.05,973.85,972.5,973.35,9207
1621500300,973.15,973.3,970.3,970.5,12521
1621500600,971.05,973.0,970.6,971.7,14975
1621500900,971.7,971.9,970.3,970.7,10513
1621501200,970.7,971.8,970.4,971.1,7902
1621501500,971.15,973.75,971.05,973.5,10500
1621501800,973.4,973.55,972.5,973.0,11115
1621502100,973.0,973.25,971.0,972.05,10739
1621502400,972.05,972.5,971.0,971.05,7840
1621502700,971.15,972.2,970.3,970.9,13632
1621503000,972.1,972.5,969.0,969.3,44050
1621503300,969.3,970.1,966.85,966.85,68221
1621503600,966.85,970.2,966.7,968.45,50410
1621503900,968.6,970.4,968.45,970.0,50688
1621504200,969.4,971.75,969.0,970.05,47324
1621504500,970.2,972.45,969.05,969.6,36759
1621568700,968.1,975.7,965.25,967.6,68410
1621569000,967.5,969.5,967.0,968.0,20812
1621569300,968.2,971.35,967.35,970.85,37050
1621569600,970.2,973.5,969.3,971.55,26187
1621569900,971.55,973.0,971.05,972.75,9439
1621570200,972.75,973.35,971.0,971.75,12577
1621570500,971.75,971.75,969.5,971.6,18908
1621570800,971.9,972.1,967.85,971.0,21823
1621571100,971.0,971.3,970.0,971.3,16470
1621571400,971.0,971.4,968.5,970.9,22624
1621571700,971.1,971.35,969.0,969.0,8573
1621572000,969.45,969.45,968.15,968.65,10881
1621572300,968.65,969.8,967.15,969.25,21068
1621572600,969.4,969.45,967.6,968.0,16973
1621572900,968.0,969.65,967.7,969.65,11556
1621573200,969.65,970.5,968.8,970.45,18978
1621573500,970.45,970.5,969.55,970.25,14275
1621573800,970.25,971.9,970.25,970.65,16659
1621574100,970.65,971.9,970.0,971.8,14371
1621574400,971.8,971.85,970.0,970.5,8701
1621574700,970.5,971.2,970.1,970.25,11702
1621575000,970.25,971.0,969.55,971.0,18040
1621575300,971.0,971.9,970.15,970.15,13320
1621575600,970.2,970.9,969.45,970.1,12294
1621575900,970.2,971.65,970.05,971.15,12771
1621576200,971.15,971.85,971.0,971.05,35055
1621576500,971.05,971.05,970.1,970.1,11562
1621576800,970.1,972.85,970.0,972.8,18404
1621577100,972.75,973.6,970.15,970.2,20946
1621577400,970.15,970.35,970.0,970.3,15671
1621577700,970.3,970.3,969.85,969.85,6458
1621578000,969.85,971.0,968.7,969.85,23085
1621578300,969.85,971.0,969.85,970.8,9482
1621578600,970.8,970.8,969.55,969.55,11849
1621578900,969.55,970.05,968.7,970.05,24467
1621579200,970.05,970.4,970.05,970.25,4539
1621579500,970.25,970.25,968.7,969.6,14622
1621579800,969.6,969.65,969.05,969.65,14839
1621580100,969.65,971.35,969.65,970.3,13204
1621580400,970.3,970.3,968.5,968.6,14589
1621580700,968.6,968.6,968.45,968.45,11930
1621581000,968.45,968.8,968.25,968.35,16215
1621581300,968.45,969.9,968.45,969.9,13877
1621581600,969.9,970.5,969.2,970.2,11145
1621581900,970.2,970.2,969.0,969.3,7591
1621582200,969.3,970.4,969.1,970.4,17495
1621582500,970.4,971.4,970.05,971.3,5307
1621582800,971.3,971.3,970.0,970.2,7882
1621583100,970.2,971.0,970.0,970.5,14462
1621583400,970.5,970.5,970.25,970.5,4606
1621583700,970.5,970.5,969.15,969.2,7840
1621584000,969.2,971.25,969.2,971.05,13589
1621584300,971.05,971.05,969.8,970.2,7998
1621584600,970.2,970.2,970.05,970.1,4398
1621584900,970.1,971.1,969.3,971.0,14709
1621585200,970.75,970.8,969.35,970.35,8155
1621585500,970.35,971.7,970.15,971.2,20225
1621585800,971.2,971.2,970.3,970.8,7183
1621586100,970.8,970.8,970.05,970.25,9602
1621586400,970.25,971.65,970.25,971.0,9495
1621586700,971.25,971.65,970.0,970.2,8643
1621587000,970.2,970.8,970.05,970.6,10632
1621587300,970.6,970.8,969.0,970.4,18539
1621587600,970.4,971.6,970.25,971.4,11152
1621587900,971.45,972.0,971.0,971.3,9706
1621588200,971.3,972.0,971.3,971.95,8021
1621588500,971.95,971.95,970.05,970.7,11444
1621588800,970.7,971.0,969.7,970.45,13714
1621589100,970.45,970.6,969.7,970.25,11887
1621589400,970.1,970.1,967.6,968.75,32516
1621589700,969.2,969.2,967.6,968.65,27082
1621590000,968.6,970.2,968.35,970.2,32930
1621590300,970.3,970.9,968.5,969.05,28374
1621590600,969.0,971.35,967.95,970.15,50832
1621590900,970.4,970.8,968.05,970.45,52476
1621827900,967.35,971.95,965.15,969.0,51537
1621828200,969.05,971.45,968.3,969.85,37072
1621828500,969.8,969.8,965.1,965.5,23203
1621828800,965.15,965.5,962.1,963.5,41234
1621829100,963.4,965.0,962.4,963.4,31257
1621829400,963.4,966.9,963.1,966.05,37167
1621829700,966.05,967.2,964.85,967.2,34901
1621830000,966.8,966.8,964.1,966.05,27393
1621830300,966.05,967.25,966.0,966.0,12794
1621830600,966.3,966.3,964.0,965.5,25027
1621830900,965.2,965.45,963.9,963.9,12604
1621831200,964.15,964.95,964.0,964.3,24062
1621831500,964.05,965.45,964.0,964.0,6294
1621831800,964.0,965.0,964.0,964.45,16658
1621832100,964.3,965.0,964.15,964.65,10014
1621832400,964.65,965.85,964.6,965.0,18774
1621832700,965.0,965.35,964.0,964.15,14668
1621833000,964.15,964.5,964.0,964.0,19264
1621833300,964.0,965.5,964.0,964.85,13478
1621833600,964.9,966.2,964.65,966.2,15825
1621833900,966.45,966.8,965.05,965.3,13557
1621834200,965.8,966.45,964.5,964.8,13218
1621834500,964.85,965.45,964.4,964.6,13204
1621834800,964.6,965.05,964.15,964.65,9203
1621835100,964.85,965.1,964.15,964.25,10139
1621835400,964.15,965.0,963.95,964.3,19212
1621835700,964.35,964.95,964.05,964.5,21093
1621836000,964.2,964.5,964.0,964.4,17122
1621836300,964.4,964.7,964.1,964.35,21112
1621836600,964.35,964.95,964.1,964.25,11233
1621836900,964.3,964.95,964.25,964.35,13868
1621837200,964.3,964.35,963.6,964.15,28375
1621837500,964.2,964.75,964.0,964.75,25906
1621837800,964.4,964.75,964.0,964.6,11657
1621838100,964.55,964.65,964.0,964.0,16318
1621838400,964.0,964.55,964.0,964.35,11774
1621838700,964.45,965.5,964.0,964.05,10436
1621839000,964.05,965.5,964.0,964.6,24300
1621839300,964.45,966.7,964.0,965.0,29794
1621839600,965.0,966.25,964.0,964.5,21931
1621839900,964.5,964.9,964.0,964.0,22655
1621840200,964.0,964.1,964.0,964.0,17459
1621840500,964.0,964.2,964.0,964.1,31950
1621840800,964.05,964.25,963.95,964.15,23656
1621841100,964.1,964.9,964.0,964.3,29699
1621841400,964.25,964.7,963.65,964.05,52759
1621841700,964.05,964.1,964.0,964.0,20751
1621842000,964.0,964.25,963.75,964.0,40015
1621842300,964.0,964.05,964.0,964.0,13284
1621842600,964.0,964.1,962.3,964.0,55762
1621842900,964.0,964.05,963.15,964.05,22949
1621843200,964.0,964.05,963.5,964.0,20280
1621843500,964.0,964.05,963.8,964.0,17864
1621843800,964.0,964.05,963.65,964.05,15146
1621844100,964.05,965.0,963.75,964.0,24277
1621844400,964.0,964.05,962.95,962.95,11393
1621844700,963.35,966.3,962.5,965.65,43045
1621845000,965.65,965.9,964.45,965.0,16419
1621845300,965.1,966.2,964.0,964.7,20575
1621845600,964.85,966.85,964.2,965.25,25111
1621845900,965.25,965.3,964.25,964.5,18237
1621846200,964.5,965.0,963.65,964.8,21920
1621846500,965.0,965.2,963.1,964.35,21418
1621846800,964.35,964.6,963.25,964.4,16301
1621847100,964.4,966.0,964.0,966.0,28625
1621847400,965.45,966.7,965.0,965.85,27397
1621847700,965.9,966.0,964.35,964.35,19513
1621848000,964.65,965.7,964.0,964.7,25635
1621848300,964.6,964.6,963.55,963.6,28626
1621848600,963.6,964.85,963.05,963.05,34760
1621848900,963.05,963.9,963.0,963.35,49240
1621849200,963.05,963.9,962.35,962.95,52250
1621849500,963.05,963.05,961.55,962.45,48721
1621849800,962.45,962.6,960.65,962.4,69734
1621850100,962.0,962.5,961.0,962.0,34616
1621914300,967.0,968.9,964.2,967.65,63008
1621914600,967.65,970.8,967.6,970.45,37398
1621914900,970.5,972.6,968.3,969.2,48300
1621915200,969.2,969.2,966.8,967.4,18870
1621915500,967.35,968.25,967.25,968.1,12521
1621915800,967.75,968.0,964.25,965.65,36910
1621916100,965.8,966.25,963.5,966.25,24721
1621916400,966.4,967.7,965.7,965.7,16987
1621916700,966.1,966.35,965.45,965.5,7101
1621917000,965.5,967.25,965.0,966.1,12972
1621917300,966.15,966.3,965.0,965.0,11292
1621917600,965.0,965.1,964.8,964.95,16446
1621917900,964.95,965.25,964.95,965.0,10459
1621918200,965.0,965.05,963.15,963.25,10111
1621918500,963.25,966.0,963.25,965.3,17370
1621918800,965.0,965.9,964.9,965.0,6968
1621919100,965.0,965.1,964.1,964.1,5907
1621919400,964.0,965.6,964.0,965.15,6005
1621919700,965.6,965.65,964.35,965.2,19472
1621920000,965.05,965.8,964.75,965.4,12009
1621920300,965.35,965.35,964.55,965.0,17354
1621920600,965.0,966.5,964.75,965.45,24983
1621920900,965.45,965.95,965.0,965.45,9036
1621921200,965.45,966.9,965.1,966.0,34242
1621921500,966.0,966.2,964.7,965.3,17014
1621921800,965.05,965.7,964.55,965.7,7628
1621922100,965.5,966.0,964.55,964.95,7292
1621922400,964.95,965.8,964.3,964.65,13674
1621922700,964.65,965.65,964.35,965.0,7065
1621923000,965.0,966.25,964.55,965.5,12680
1621923300,965.5,965.9,964.75,965.0,4992
1621923600,964.95,965.85,964.55,965.6,5527
1621923900,965.15,965.55,964.75,965.0,10873
1621924200,965.0,965.35,964.75,965.0,7113
1621924500,965.0,965.75,964.35,964.85,4885
1621924800,964.8,966.0,964.4,964.9,10448
1621925100,965.25,965.7,964.6,965.2,7787
1621925400,965.2,965.5,964.3,965.35,8010
1621925700,965.0,965.95,964.05,965.8,8817
1621926000,965.4,965.8,964.5,964.95,8305
1621926300,964.95,965.05,964.2,964.8,8706
1621926600,964.8,965.9,964.5,964.95,7895
1621926900,964.95,965.45,964.55,964.85,6006
1621927200,964.55,964.8,963.85,964.45,4921
1621927500,964.15,966.35,964.1,964.85,16128
1621927800,964.85,965.75,964.7,965.2,8074
1621928100,965.45,966.0,964.75,965.05,7252
1621928400,965.05,966.4,965.0,965.4,12930
1621928700,965.4,965.95,964.7,965.25,9277
1621929000,965.0,965.75,964.8,965.1,13364
1621929300,965.0,965.1,964.7,965.0,22917
1621929600,965.0,965.05,964.65,965.05,37081
1621929900,965.0,965.3,964.65,965.0,15145
1621930200,965.0,965.5,964.3,964.35,6244
1621930500,964.35,965.7,963.85,964.8,11214
1621930800,964.8,965.25,964.45,965.0,5564
1621931100,965.2,965.2,964.2,964.7,6408
1621931400,964.95,965.35,963.95,964.6,9885
1621931700,964.65,965.3,964.55,965.0,10355
1621932000,964.75,965.5,964.6,965.0,10081
1621932300,965.0,965.5,964.4,964.6,10267
1621932600,964.85,965.75,964.55,965.0,13340
1621932900,965.3,965.5,964.6,965.05,7171
1621933200,965.05,965.45,964.6,965.0,10528
1621933500,964.7,966.35,963.7,965.45,34267
1621933800,965.4,966.5,964.9,965.25,24067
1621934100,965.3,966.2,964.45,965.0,11050
1621934400,964.65,965.95,964.05,965.0,11343
1621934700,964.95,965.85,964.2,964.85,10946
1621935000,965.05,965.8,964.85,965.55,17401
1621935300,965.75,966.0,964.5,965.45,14729
1621935600,965.3,966.15,964.95,965.6,26362
1621935900,965.6,966.05,964.75,965.2,37511
1621936200,965.2,966.55,964.4,964.4,87464
1621936500,964.4,966.5,964.0,966.4,64664
1622000700,969.0,974.25,969.0,973.8,61456
1622001000,974.0,977.8,973.0,976.95,91629
1622001300,976.5,980.0,976.5,978.1,91575
1622001600,978.5,979.2,975.75,978.5,76915
1622001900,978.5,978.9,977.15,978.5,32485
1622002200,978.5,978.65,977.6,978.35,32597
1622002500,978.35,978.5,977.0,978.45,79583
1622002800,978.35,978.85,977.85,977.9,28326
1622003100,977.85,979.7,977.85,979.0,56963
1622003400,979.6,979.6,979.1,979.5,26402
1622003700,979.25,979.6,977.5,977.8,28479
1622004000,977.8,979.0,977.5,977.8,17750
1622004300,977.8,978.8,976.0,977.45,41761
1622004600,978.2,979.0,977.35,978.95,26048
1622004900,978.95,979.0,978.05,978.95,13156
1622005200,979.0,979.1,976.5,976.6,26563
1622005500,976.95,977.8,976.6,977.0,27983
1622005800,977.0,977.5,974.6,976.1,40993
1622006100,975.95,977.0,974.6,975.0,28774
1622006400,975.0,976.7,975.0,976.6,17789
1622006700,976.65,978.45,975.05,975.3,26519
1622007000,975.3,976.3,974.3,975.2,35469
1622007300,975.2,976.0,975.0,975.2,14771
1622007600,975.2,976.5,975.05,976.1,10212
1622007900,976.1,976.5,975.4,975.95,9276
1622008200,976.5,976.9,975.45,976.75,7879
1622008500,976.35,976.8,976.05,976.45,7977
1622008800,976.5,976.65,976.0,976.15,7545
1622009100,976.15,976.5,975.4,975.7,7577
1622009400,975.75,975.85,974.65,974.65,15700
1622009700,974.7,975.0,974.5,974.95,12050
1622010000,975.0,975.25,973.15,973.15,26004
1622010300,973.1,973.75,971.8,971.95,29049
1622010600,971.95,972.15,971.45,972.0,13473
1622010900,972.0,973.1,971.6,972.65,13485
1622011200,972.5,972.8,971.5,972.05,10319
1622011500,972.0,972.25,971.5,972.0,7466
1622011800,972.0,972.35,971.5,971.55,6590
1622012100,971.55,972.1,971.5,971.9,6207
1622012400,971.9,972.05,971.5,971.85,7244
1622012700,971.65,972.25,970.75,970.85,16366
1622013000,970.8,970.95,969.35,970.5,27988
1622013300,970.85,970.9,969.5,970.0,12174
1622013600,969.85,970.55,969.6,970.4,11783
1622013900,970.35,970.85,970.1,970.8,10978
1622014200,970.55,970.8,970.0,970.35,12472
1622014500,970.05,970.6,970.0,970.15,8340
1622014800,970.15,970.65,970.1,970.15,9134
1622015100,970.15,970.9,970.0,970.1,15652
1622015400,970.1,970.7,970.05,970.7,7808
1622015700,970.5,971.85,970.5,971.5,13520
1622016000,971.5,973.7,971.5,971.75,14867
1622016300,971.75,972.15,971.05,971.35,7986
1622016600,971.25,972.3,970.0,970.0,16522
1622016900,970.2,971.15,970.0,971.05,8891
1622017200,971.0,971.3,970.75,971.0,17245
1622017500,971.0,971.7,970.55,970.8,15726
1622017800,970.8,971.4,970.15,970.5,16188
1622018100,970.45,971.5,970.2,970.2,17105
1622018400,970.2,970.8,970.2,970.5,9027
1622018700,970.5,971.0,970.4,970.7,8044
1622019000,970.75,971.15,970.65,970.95,22918
1622019300,970.95,971.15,970.15,970.35,12684
1622019600,970.35,971.35,970.35,970.55,11314
1622019900,970.6,971.4,970.25,971.0,16287
1622020200,971.0,971.3,970.55,970.85,8687
1622020500,970.7,971.0,970.25,970.9,9733
1622020800,970.8,971.0,970.7,970.75,9545
1622021100,970.75,971.15,970.35,970.65,9262
1622021400,971.35,972.7,971.0,972.7,19620
1622021700,972.35,972.5,970.95,971.5,20173
1622022000,971.65,972.0,970.25,971.55,27960
1622022300,971.55,973.0,971.25,971.85,55949
1622022600,971.55,972.75,971.4,971.65,63763
1622022900,972.2,972.6,970.0,971.0,30875
1622087100,976.5,976.5,969.0,971.0,35301
1622087400,971.25,971.25,969.0,969.6,21727
1622087700,969.6,970.0,967.5,968.9,24142
1622088000,968.9,968.9,966.8,968.4,27458
1622088300,968.4,973.0,968.4,972.0,27919
1622088600,972.25,973.9,971.5,972.0,27273
1622088900,972.15,972.3,968.15,968.85,32765
1622089200,968.85,968.9,965.55,967.4,32904
1622089500,967.4,968.9,967.1,968.15,13336
1622089800,968.45,969.8,968.15,969.25,8444
1622090100,969.3,970.05,969.3,969.3,15538
1622090400,969.3,969.35,967.55,968.1,10912
1622090700,968.05,968.9,968.05,968.6,9268
1622091000,968.25,968.25,967.3,967.3,12311
1622091300,967.3,968.0,967.0,967.1,9313
1622091600,967.1,967.65,966.3,967.15,13069
1622091900,967.15,968.9,967.05,968.05,29738
1622092200,967.55,968.05,967.5,968.0,8762
1622092500,968.0,968.15,967.25,968.0,9397
1622092800,968.0,968.35,967.75,968.3,10195
1622093100,968.3,968.6,967.95,968.0,12153
1622093400,968.0,968.2,967.75,968.0,14802
1622093700,967.8,970.9,967.8,969.85,11464
1622094000,969.85,970.35,968.0,968.0,10782
1622094300,968.0,969.35,968.0,968.45,4572
1622094600,968.4,968.4,966.95,967.0,23673
1622094900,967.3,969.1,967.1,968.1,14229
1622095200,968.1,968.15,967.05,967.45,11413
1622095500,967.45,968.05,967.0,967.05,15852
1622095800,967.05,968.4,966.85,967.3,14983
1622096100,967.85,968.0,967.0,967.15,7916
1622096400,967.15,968.8,967.15,967.8,7964
1622096700,967.75,968.55,967.75,968.5,7933
1622097000,968.5,968.8,968.05,968.8,13760
1622097300,968.9,969.75,968.25,969.0,16830
1622097600,969.3,969.3,968.7,969.0,14741
1622097900,969.05,969.5,968.1,969.5,24378
1622098200,969.25,969.95,969.2,969.4,9655
1622098500,969.4,969.75,968.7,969.1,10542
1622098800,969.05,969.25,968.85,969.0,23156
1622099100,969.0,969.25,967.7,967.9,37901
1622099400,968.35,969.2,967.85,968.3,33887
1622099700,968.3,969.0,968.05,968.95,21894
1622100000,968.95,971.75,968.45,969.7,37213
1622100300,969.75,970.1,969.75,969.85,17338
1622100600,969.85,970.5,969.7,969.95,7925
1622100900,969.95,970.0,968.4,968.8,15026
1622101200,968.85,969.75,968.0,968.2,15293
1622101500,968.2,968.25,966.8,967.15,15472
1622101800,967.2,969.3,966.85,969.0,13009
1622102100,968.95,969.45,968.0,969.0,9869
1622102400,969.0,969.5,968.75,969.35,12742
1622102700,969.0,969.3,967.5,967.6,13434
1622103000,967.6,968.95,967.55,968.45,17649
1622103300,968.45,968.95,968.2,968.5,13332
1622103600,968.5,968.8,967.55,968.3,12239
1622103900,968.3,968.45,967.55,967.8,13163
1622104200,967.8,968.05,967.35,967.35,12435
1622104500,967.35,968.4,967.05,967.55,16474
1622104800,967.5,967.8,966.9,966.95,16826
1622105100,966.95,966.95,966.4,966.55,11639
1622105400,966.55,967.6,966.5,966.85,17584
1622105700,966.95,967.25,965.75,966.65,16137
1622106000,966.7,967.25,965.75,967.05,15468
1622106300,967.05,967.05,966.0,966.05,9898
1622106600,966.05,966.95,965.95,966.7,12876
1622106900,966.65,968.35,966.6,966.85,22648
1622107200,966.85,970.0,966.5,969.8,53968
1622107500,970.15,971.0,969.05,970.7,25812
1622107800,970.4,979.2,969.65,979.05,200386
1622108100,979.1,983.65,979.05,983.3,267298
1622108400,983.3,984.9,982.0,982.15,196225
1622108700,982.15,986.0,981.75,984.25,216868
1622109000,984.75,986.0,984.65,984.7,231083
1622109300,984.7,984.9,982.0,982.5,125147
1622173500,986.0,987.0,977.4,978.15,53251
1622173800,978.2,980.0,975.15,976.0,44688
1622174100,976.05,977.25,972.85,977.15,23562
1622174400,977.0,979.35,975.8,976.1,30512
1622174700,976.0,977.35,974.2,974.25,14258
1622175000,974.05,977.5,974.05,977.25,20160
1622175300,977.15,983.9,976.5,983.0,53940
1622175600,983.2,983.2,978.8,979.35,38190
1622175900,979.45,982.45,979.3,980.0,32349
1622176200,980.0,983.5,979.6,982.45,23291
1622176500,982.45,982.45,981.0,982.15,14833
1622176800,982.15,982.2,980.15,980.35,9110
1622177100,980.35,981.8,979.5,979.5,17228
1622177400,979.95,980.45,978.8,979.65,12616
1622177700,979.25,979.9,979.1,979.1,11225
1622178000,979.35,980.9,978.35,979.35,10277
1622178300,979.0,981.9,979.0,980.9,12852
1622178600,980.9,981.4,979.55,980.5,8256
1622178900,980.5,981.7,980.3,981.0,9377
1622179200,981.0,981.9,980.3,981.5,8929
1622179500,981.5,983.8,981.3,982.25,14125
1622179800,982.0,982.3,979.4,979.95,18142
1622180100,980.3,980.45,979.1,979.95,14579
1622180400,979.95,980.05,979.15,979.35,5539
1622180700,979.35,981.7,978.25,981.1,20062
1622181000,980.6,982.75,980.6,982.05,11537
1622181300,982.6,983.1,981.4,982.8,10761
1622181600,982.85,983.35,981.75,982.25,7029
1622181900,982.25,982.5,981.6,981.6,6395
1622182200,981.6,982.0,980.05,981.85,9892
1622182500,981.85,982.35,980.5,980.8,4861
1622182800,980.95,982.6,980.85,982.35,11403
1622183100,982.35,983.9,982.35,983.2,13980
1622183400,983.2,983.25,982.5,982.8,5408
1622183700,982.8,982.95,982.1,982.8,7963
1622184000,982.75,982.75,981.5,981.9,7389
1622184300,981.9,982.0,981.1,981.5,4640
1622184600,981.45,982.0,980.65,981.85,8978
1622184900,981.85,982.8,981.55,981.55,9683
1622185200,981.55,981.7,980.5,980.75,5452
1622185500,980.75,981.15,979.65,980.55,13367
1622185800,980.55,980.65,980.0,980.15,3752
1622186100,980.15,981.2,979.6,981.2,10488
1622186400,981.2,981.5,980.8,981.25,6836
1622186700,981.25,981.25,980.5,981.05,10712
1622187000,981.0,981.05,980.65,981.05,12934
1622187300,980.8,981.5,980.8,981.0,9298
1622187600,981.1,981.1,980.95,981.05,6214
1622187900,981.0,981.05,980.4,981.05,13066
1622188200,980.95,981.5,980.7,981.4,11777
1622188500,981.65,981.7,980.45,981.05,11181
1622188800,981.05,981.05,980.75,981.0,8760
1622189100,980.75,981.55,980.7,981.05,6858
1622189400,981.05,981.35,980.9,981.25,6201
1622189700,981.15,983.9,981.15,983.05,13293
1622190000,983.05,983.45,981.85,982.1,9602
1622190300,982.05,982.15,981.35,981.9,8892
1622190600,981.85,981.85,980.0,980.4,13590
1622190900,980.0,980.0,977.5,978.35,27239
1622191200,978.3,978.3,975.15,975.2,10136
1622191500,975.2,976.65,975.15,975.55,11964
1622191800,975.65,976.75,975.15,976.35,8307
1622192100,976.35,977.25,976.0,976.4,12572
1622192400,976.25,976.65,976.25,976.55,5266
1622192700,976.6,976.6,975.5,975.75,6785
1622193000,975.75,976.05,975.7,976.0,6687
1622193300,975.95,975.95,974.5,974.75,12942
1622193600,974.7,975.0,973.6,973.8,9229
1622193900,973.65,974.65,973.65,974.1,13468
1622194200,974.2,975.1,974.2,974.9,20613
1622194500,974.9,975.3,972.0,972.35,24145
1622194800,973.4,977.0,972.45,977.0,37786
1622195100,977.05,979.6,977.05,978.0,42981
1622195400,978.2,979.7,977.5,979.7,38508
1622195700,979.2,981.6,978.55,980.0,23062
1622432700,977.0,980.9,974.2,976.05,31642
1622433000,975.25,979.0,974.95,979.0,37994
1622433300,979.0,982.8,979.0,980.95,59986
1622433600,980.9,980.9,977.1,977.1,19633
1622433900,977.35,977.35,972.3,973.9,50880
1622434200,974.5,975.85,974.15,974.7,16043
1622434500,974.7,975.0,973.45,973.45,20040
1622434800,973.9,974.55,973.8,973.95,8134
1622435100,974.0,974.0,972.0,973.15,11402
1622435400,973.2,973.7,972.2,972.5,12463
1622435700,972.5,974.65,971.35,973.5,19229
1622436000,973.5,975.55,972.1,972.3,11135
1622436300,972.1,973.0,971.1,971.85,12208
1622436600,972.0,972.0,971.05,971.95,8944
1622436900,972.0,972.8,971.2,972.8,11086
1622437200,972.8,972.8,971.3,972.2,6166
1622437500,972.1,972.75,972.0,972.1,3072
1622437800,972.1,972.1,971.1,971.35,5951
1622438100,971.35,972.4,971.15,971.55,9871
1622438400,971.5,972.45,970.65,972.3,35227
1622438700,972.3,973.0,971.6,973.0,9281
1622439000,973.0,973.7,972.6,973.1,4193
1622439300,973.1,974.35,972.95,973.6,5533
1622439600,973.65,973.75,973.0,973.0,2913
1622439900,973.3,973.55,973.0,973.15,6069
1622440200,973.15,973.45,972.35,972.7,4335
1622440500,972.7,974.0,972.55,973.6,1337
1622440800,973.4,974.3,973.2,973.6,2549
1622441100,973.6,974.2,973.4,973.7,1645
1622441400,973.6,973.6,972.05,972.35,5479
1622441700,972.35,972.35,971.2,971.65,7732
1622442000,971.65,971.95,971.6,971.85,3223
1622442300,971.85,972.65,971.55,972.4,2325
1622442600,971.9,972.6,971.8,972.45,4377
1622442900,972.45,972.8,971.8,972.0,3512
1622443200,972.0,973.7,972.0,972.95,5776
1622443500,972.95,973.45,972.9,972.9,1480
1622443800,973.4,973.95,972.95,972.95,2692
1622444100,972.95,974.1,972.95,974.1,4494
1622444400,974.05,974.65,973.55,974.6,6521
1622444700,974.7,974.95,973.55,974.5,9771
1622445000,974.5,974.5,973.0,973.75,9587
1622445300,974.2,974.2,973.5,974.15,4347
1622445600,974.2,974.2,973.5,974.1,3591
1622445900,974.1,974.95,974.1,974.9,22695
1622446200,974.9,974.9,974.6,974.75,2314
1622446500,974.75,975.5,974.55,974.85,5684
1622446800,975.0,975.3,974.0,974.9,5896
1622447100,975.0,975.3,974.7,975.0,2925
1622447400,975.0,975.3,974.85,974.85,3957
1622447700,974.85,975.25,974.2,974.55,7144
1622448000,974.55,974.95,974.4,974.75,1745
1622448300,974.85,974.95,974.0,974.45,3019
1622448600,974.35,974.75,973.8,974.2,5263
1622448900,974.2,974.85,973.7,974.25,3020
1622449200,974.65,974.65,973.0,973.3,4137
1622449500,973.3,973.55,971.7,972.95,11389
1622449800,973.0,974.8,973.0,974.75,2918
1622450100,974.75,975.0,973.5,974.8,7755
1622450400,974.8,974.95,973.8,974.6,2917
1622450700,974.6,974.65,973.8,974.3,2639
1622451000,974.3,974.9,973.35,974.35,3215
1622451300,974.35,974.75,973.9,974.05,2323
1622451600,974.45,975.0,974.05,974.85,2951
1622451900,974.8,975.0,974.2,974.55,9376
1622452200,974.55,975.75,974.0,975.35,7594
1622452500,975.35,976.25,975.0,975.0,20950
1622452800,975.0,975.0,973.0,973.6,10736
1622453100,973.45,974.65,973.45,974.15,7538
1622453400,974.65,976.3,974.4,975.5,11161
1622453700,975.85,976.1,974.95,975.55,11023
1622454000,975.55,977.4,974.65,976.95,35843
1622454300,976.95,976.95,975.0,975.0,17766
1622454600,975.15,976.0,974.6,975.75,23765
1622454900,975.95,975.95,974.65,975.2,19003
1622519100,978.4,982.0,975.65,978.05,46177
1622519400,978.15,979.75,978.0,978.4,19270
1622519700,978.4,979.3,976.0,977.25,20223
1622520000,977.6,979.8,977.1,977.55,25679
1622520300,977.55,977.95,976.0,977.15,21546
1622520600,977.25,977.95,976.55,977.0,13712
1622520900,977.1,977.1,974.2,975.45,31079
1622521200,975.45,975.8,974.3,974.75,16822
1622521500,975.0,976.25,973.35,973.9,18216
1622521800,973.8,974.0,973.0,973.0,14733
1622522100,973.25,973.8,971.5,971.95,15153
1622522400,972.2,973.0,971.0,971.65,13952
1622522700,971.65,971.65,970.0,970.7,19628
1622523000,970.5,970.55,969.3,970.5,26475
1622523300,970.5,972.75,970.5,972.75,10603
1622523600,972.7,972.7,970.85,971.9,11824
1622523900,971.75,973.0,970.85,971.75,9516
1622524200,971.75,973.4,971.0,972.7,8470
1622524500,973.25,974.5,972.4,973.05,11450
1622524800,973.25,973.85,972.05,972.05,9397
1622525100,972.65,973.85,971.7,973.0,7858
1622525400,973.0,973.75,972.3,972.75,4699
1622525700,972.95,972.95,970.7,970.7,8225
1622526000,970.7,971.25,968.0,968.6,19347
1622526300,968.4,969.75,968.0,968.7,8114
1622526600,968.7,968.95,968.0,968.95,6717
1622526900,969.0,969.85,968.0,969.85,6610
1622527200,970.0,971.0,968.15,968.75,10647
1622527500,969.15,969.15,968.0,968.5,8496
1622527800,968.5,968.5,965.9,966.5,73446
1622528100,966.0,966.4,961.9,963.25,29259
1622528400,963.95,964.0,962.15,963.1,16209
1622528700,963.1,963.85,962.5,962.5,15586
1622529000,963.5,963.85,962.65,963.0,12427
1622529300,962.65,963.9,960.1,961.05,40084
1622529600,961.05,963.45,960.75,961.7,34614
1622529900,961.5,964.8,961.5,963.35,22372
1622530200,963.9,963.9,962.2,963.15,11551
1622530500,963.0,964.45,963.0,963.5,13858
1622530800,963.5,964.25,963.05,963.95,9598
1622531100,963.95,965.95,963.05,965.5,13075
1622531400,965.45,966.4,964.5,966.35,17245
1622531700,965.65,967.5,965.6,966.55,21208
1622532000,966.6,967.4,965.6,966.8,16982
1622532300,966.85,969.35,966.4,968.9,18401
1622532600,968.95,969.15,967.6,968.5,12251
1622532900,968.5,968.6,967.5,968.45,6106
1622533200,968.5,969.0,967.95,967.95,5232
1622533500,968.55,969.95,967.65,968.95,7984
1622533800,968.8,969.45,967.65,968.0,7832
1622534100,968.3,969.5,968.1,969.1,14563
1622534400,969.0,969.1,966.3,967.2,33321
1622534700,966.5,969.45,966.5,968.3,18885
1622535000,968.0,968.85,967.6,968.5,3349
1622535300,968.5,969.2,967.5,968.8,9082
1622535600,968.5,969.1,967.45,968.8,7248
1622535900,968.2,969.15,967.5,967.8,4489
1622536200,967.7,968.0,966.0,966.6,13067
1622536500,966.6,968.3,966.0,967.2,11086
1622536800,967.2,967.8,965.85,966.1,12612
1622537100,966.1,966.75,965.9,966.15,18643
1622537400,966.35,966.7,965.4,966.0,20801
1622537700,966.0,966.5,964.0,964.15,22698
1622538000,964.15,967.7,964.0,965.4,22954
1622538300,965.15,966.75,964.6,966.0,19885
1622538600,965.95,966.45,964.9,965.8,24343
1622538900,965.85,966.75,964.55,965.7,22410
1622539200,965.8,966.3,964.5,964.65,17065
1622539500,964.5,966.8,964.5,965.1,25399
1622539800,965.65,967.4,964.75,967.2,35621
1622540100,967.4,967.9,965.4,966.9,46323
1622540400,966.85,968.25,966.0,968.0,52619
1622540700,967.9,968.35,965.4,966.1,47022
1622541000,966.1,967.4,965.0,965.45,34997
1622541300,965.45,966.05,965.0,965.65,30855
1622605500,965.0,969.8,963.4,969.0,40168
1622605800,969.0,971.65,969.0,969.0,23016
1622606100,969.1,973.9,969.1,970.7,40527
1622606400,970.5,973.6,970.5,972.5,24091
1622606700,972.5,972.85,971.15,972.85,10279
1622607000,972.85,972.95,972.05,972.9,8630
1622607300,972.9,976.5,972.5,976.0,42210
1622607600,976.0,977.9,975.5,977.1,31607
1622607900,977.5,978.0,975.4,977.45,53996
1622608200,977.15,977.2,974.3,975.1,24099
1622608500,975.1,977.2,975.05,976.9,26617
1622608800,977.0,978.0,976.15,976.8,15706
1622609100,976.8,977.1,974.15,974.5,17681
1622609400,974.25,974.35,972.4,973.55,17927
1622609700,973.55,973.6,973.0,973.3,5216
1622610000,973.35,973.75,973.0,973.65,11524
1622610300,973.65,977.15,973.65,976.85,19322
1622610600,977.1,977.15,975.65,976.25,8522
1622610900,976.25,978.0,976.05,977.6,32273
1622611200,977.6,978.0,977.05,977.7,23419
1622611500,977.7,979.0,977.05,978.95,32550
1622611800,978.8,979.1,978.25,979.0,19335
1622612100,979.55,982.2,979.35,982.2,65856
1622612400,982.2,984.0,981.0,982.4,54590
1622612700,982.4,983.6,979.85,982.75,47589
1622613000,982.9,984.0,982.2,983.25,29173
1622613300,983.25,983.5,981.7,982.9,15981
1622613600,982.9,983.05,981.05,981.9,19224
1622613900,981.9,983.95,981.0,982.05,25870
1622614200,982.3,982.85,981.45,981.9,13515
1622614500,981.9,982.55,981.0,981.05,13291
1622614800,981.0,981.8,979.75,980.8,36134
1622615100,980.55,981.65,980.05,981.65,15637
1622615400,981.25,987.0,981.05,987.0,75114
1622615700,987.2,990.1,986.3,989.05,127945
1622616000,989.6,989.8,988.0,988.7,39903
1622616300,989.0,993.45,987.15,992.1,94128
1622616600,992.25,993.2,989.7,990.6,52606
1622616900,990.6,990.6,988.15,988.25,28926
1622617200,988.25,989.0,987.5,988.25,19986
1622617500,988.4,988.75,985.55,986.0,45218
1622617800,985.55,987.5,985.0,985.15,27525
1622618100,985.5,986.85,985.15,986.85,16617
1622618400,986.85,987.5,986.0,986.25,11669
1622618700,986.25,986.25,984.1,984.6,19644
1622619000,984.55,984.65,983.1,983.3,23001
1622619300,983.3,983.3,978.85,982.0,82334
1622619600,981.85,982.15,980.0,980.8,34870
1622619900,980.8,981.0,978.75,980.2,28541
1622620200,980.2,982.5,980.05,982.05,11997
1622620500,982.05,982.05,979.4,980.0,13959
1622620800,980.0,981.6,979.7,981.6,10917
1622621100,981.25,982.1,979.5,980.95,131271
1622621400,980.95,982.5,980.95,982.0,15691
1622621700,981.95,982.05,981.5,981.8,8732
1622622000,981.8,982.0,981.0,981.4,11157
1622622300,981.6,981.75,980.5,981.6,7721
1622622600,981.6,982.0,981.2,981.5,8195
1622622900,981.5,981.5,979.8,980.8,15443
1622623200,980.75,982.0,980.25,981.85,8660
1622623500,981.35,982.15,981.35,981.7,12426
1622623800,981.7,982.7,981.0,982.0,75979
1622624100,982.0,983.85,981.05,982.15,32206
1622624400,982.15,983.7,981.8,982.7,18198
1622624700,982.65,983.5,981.85,982.35,22188
1622625000,982.4,982.5,981.4,982.0,15844
1622625300,982.0,984.45,981.65,982.75,38603
1622625600,982.45,983.05,981.65,982.0,33339
1622625900,982.0,984.0,980.95,981.05,30261
1622626200,981.55,985.9,981.55,985.0,63633
1622626500,985.5,985.7,984.0,984.85,53547
1622626800,984.85,986.6,983.6,983.6,57445
1622627100,984.15,984.15,981.0,983.2,66619
1622627400,983.2,985.8,982.75,984.7,79968
1622627700,984.65,985.85,982.6,984.95,48914
1622691900,986.5,989.0,982.1,986.05,73328
1622692200,986.05,986.85,983.55,985.0,50823
1622692500,985.3,985.4,983.3,984.65,19282
1622692800,984.55,987.8,983.0,987.55,39235
1622693100,985.95,990.85,985.95,989.4,91178
1622693400,989.45,990.0,987.8,988.15,40870
1622693700,988.5,988.5,986.15,987.1,24044
1622694000,987.1,989.0,986.65,988.75,12980
1622694300,988.8,989.4,986.25,988.0,25545
1622694600,988.0,988.0,985.25,987.8,37042
1622694900,987.35,987.85,984.25,984.9,15771
1622695200,984.9,987.8,984.85,987.7,10108
1622695500,987.8,988.45,986.2,987.6,11917
1622695800,987.6,987.85,985.2,985.9,10179
1622696100,985.2,986.5,984.0,985.6,11434
1622696400,985.6,987.15,985.5,986.85,8575
1622696700,986.55,986.95,985.0,986.0,6352
1622697000,986.2,987.7,986.0,986.5,5251
1622697300,987.0,987.15,984.85,985.0,11668
1622697600,985.0,985.0,984.0,984.5,12516
1622697900,984.05,985.7,983.55,984.4,22959
1622698200,984.4,985.25,983.15,984.65,13524
1622698500,984.65,984.65,984.15,984.65,3932
1622698800,984.65,985.5,984.3,984.6,12482
1622699100,984.6,985.9,984.6,985.5,9987
1622699400,985.5,985.5,984.9,985.05,5787
1622699700,985.1,985.15,984.25,984.25,21402
1622700000,984.35,984.85,982.2,983.15,17183
1622700300,983.15,984.75,982.5,984.0,12030
1622700600,984.0,984.6,983.8,984.2,2240
1622700900,984.0,984.75,983.9,984.75,3286
1622701200,984.75,985.4,984.55,985.0,7899
1622701500,984.75,985.3,984.55,984.8,4583
1622701800,984.8,985.05,984.55,985.0,2254
1622702100,985.0,985.0,984.6,985.0,11999
1622702400,985.0,985.05,984.85,984.95,6430
1622702700,984.8,984.95,984.2,984.45,2781
1622703000,984.45,984.45,983.0,983.4,4218
1622703300,983.0,984.2,983.0,983.95,4912
1622703600,983.95,984.8,983.1,983.95,29093
1622703900,983.55,984.7,983.3,984.45,12869
1622704200,984.45,985.0,984.0,984.0,7029
1622704500,984.0,984.1,983.05,983.3,6019
1622704800,983.3,984.4,983.3,984.25,4249
1622705100,984.55,985.65,984.05,984.7,4374
1622705400,984.7,985.0,984.5,984.85,11902
1622705700,984.85,985.0,984.5,984.8,17104
1622706000,984.8,985.15,984.4,984.45,8093
1622706300,984.45,984.5,983.5,983.75,8320
1622706600,983.95,983.95,982.45,982.45,6605
1622706900,982.55,982.55,981.5,982.3,15140
1622707200,982.45,983.1,982.0,983.0,2859
1622707500,983.0,985.4,983.0,984.6,15153
1622707800,984.6,986.0,984.5,985.7,10086
1622708100,985.7,986.1,984.45,985.5,8042
1622708400,985.5,986.0,984.75,984.75,8991
1622708700,984.75,985.2,984.0,984.75,64234
1622709000,984.75,986.3,984.1,986.0,10011
1622709300,986.0,986.2,985.2,985.4,9819
1622709600,985.4,986.7,985.4,986.05,62907
1622709900,985.85,986.3,985.0,985.9,32240
1622710200,986.15,987.5,985.4,986.95,72075
1622710500,987.0,987.0,986.5,986.8,17991
1622710800,986.8,987.2,986.5,986.9,18985
1622711100,986.9,987.05,985.25,986.1,45811
1622711400,985.95,986.15,985.2,985.2,24448
1622711700,985.2,987.0,984.8,985.7,47546
1622712000,985.7,986.05,985.0,985.65,17522
1622712300,985.65,986.4,985.3,986.35,17893
1622712600,986.35,988.65,986.3,988.3,112936
1622712900,988.3,989.0,986.15,986.6,98995
1622713200,986.55,987.8,986.2,986.85,56501
1622713500,986.8,987.0,985.55,986.05,58317
1622713800,986.1,986.5,985.3,986.0,49811
1622714100,986.05,986.9,985.5,986.5,40753
1622778300,994.95,994.95,988.15,989.95,77504
1622778600,989.55,990.95,989.1,990.65,25861
1622778900,990.35,992.7,989.3,990.05,51067
1622779200,990.15,990.6,985.0,987.8,56667
1622779500,987.8,990.7,987.5,990.05,21311
1622779800,990.05,990.7,989.05,989.4,14459
1622780100,989.4,990.5,989.25,989.3,15638
1622780400,989.35,991.95,989.3,989.75,29770
1622780700,989.75,991.0,989.4,990.5,12970
1622781000,990.5,991.0,990.05,990.9,16316
1622781300,990.85,991.0,990.1,990.3,12426
1622781600,990.3,991.9,989.2,989.2,22189
1622781900,989.4,990.15,988.25,988.7,15873
1622782200,988.7,989.05,986.2,988.45,29317
1622782500,988.45,989.9,988.15,988.4,7805
1622782800,988.4,989.0,988.0,988.0,9702
1622783100,988.0,988.05,984.0,984.0,27640
1622783400,984.65,986.9,984.05,986.55,10413
1622783700,986.55,987.35,986.2,986.55,10584
1622784000,986.65,987.65,986.55,987.65,4602
1622784300,987.65,987.9,987.0,987.55,5554
1622784600,987.55,988.0,987.0,987.6,6979
1622784900,987.6,988.5,987.15,988.0,5336
1622785200,988.0,988.5,987.0,987.5,7971
1622785500,987.5,987.7,987.0,987.05,6532
1622785800,987.05,988.2,986.4,988.15,26594
1622786100,988.15,989.4,987.6,988.7,11929
1622786400,988.65,989.0,987.9,988.75,9374
1622786700,988.65,989.25,988.2,988.75,7230
1622787000,988.55,989.3,988.45,988.7,5665
1622787300,988.7,989.75,988.55,989.6,10829
1622787600,989.6,990.0,989.45,989.8,11605
1622787900,989.95,990.0,989.3,989.5,13714
1622788200,989.5,990.05,988.75,989.45,5325
1622788500,989.5,989.6,987.45,987.9,10292
1622788800,987.45,988.5,987.15,988.5,6047
1622789100,988.5,988.9,987.55,987.9,9256
1622789400,987.8,989.0,987.8,988.7,4633
1622789700,988.7,989.45,988.5,988.65,3521
1622790000,989.1,989.5,988.7,989.2,6300
1622790300,989.2,989.5,988.55,989.1,4093
1622790600,989.1,989.1,987.75,988.6,8406
1622790900,988.55,989.0,987.7,988.7,14007
1622791200,988.95,989.5,988.0,988.45,12392
1622791500,988.9,988.9,988.0,988.4,4665
1622791800,988.4,988.4,987.35,988.0,4222
1622792100,987.85,989.35,987.7,989.25,8370
1622792400,989.25,989.95,988.2,989.4,5778
1622792700,989.45,990.0,989.1,989.4,8165
1622793000,989.4,989.65,988.5,989.15,5691
1622793300,989.2,990.1,988.75,989.0,11092
1622793600,989.0,989.6,988.75,989.15,3073
1622793900,989.15,989.95,988.85,989.65,4743
1622794200,989.8,989.85,988.1,988.6,4541
1622794500,988.55,988.8,987.8,988.8,7181
1622794800,988.85,989.0,988.15,988.45,3635
1622795100,988.8,989.85,988.5,989.6,4942
1622795400,989.6,989.8,988.55,989.45,5265
1622795700,989.0,989.85,988.8,989.4,4833
1622796000,989.35,990.95,989.05,989.85,8548
1622796300,989.85,990.75,988.85,989.2,8475
1622796600,989.25,990.0,989.0,989.85,7346
1622796900,989.8,990.0,989.45,989.6,4387
1622797200,989.6,990.1,989.45,989.85,6517
1622797500,989.85,989.9,986.2,986.8,11192
1622797800,986.8,988.3,986.6,987.5,4678
1622798100,987.5,988.2,986.5,988.2,7846
1622798400,988.2,989.7,987.7,988.45,9895
1622798700,988.65,989.5,988.4,989.35,8513
1622799000,989.1,989.5,988.4,989.1,13727
1622799300,989.0,990.7,988.05,990.0,31857
1622799600,990.0,990.2,989.1,989.85,17288
1622799900,989.85,990.4,988.3,989.5,28660
1622800200,989.5,989.9,987.6,988.25,29989
1622800500,988.25,989.2,987.35,987.35,18876
1623037500,995.0,997.95,988.8,989.5,35637
1623037800,990.0,993.2,989.5,991.95,18773
1623038100,992.65,993.2,990.0,990.85,28313
1623038400,990.85,992.9,990.7,991.9,10497
1623038700,991.9,993.95,991.4,993.9,18426
1623039000,993.85,993.85,992.0,993.0,13960
1623039300,992.95,992.95,992.0,992.75,7752
1623039600,992.7,992.7,990.55,991.75,10129
1623039900,991.9,992.7,991.4,992.3,5491
1623040200,992.5,992.75,992.0,992.25,5173
1623040500,992.25,993.0,992.05,992.5,3681
1623040800,992.5,992.85,991.05,992.0,10367
1623041100,992.0,992.85,991.25,992.45,8071
1623041400,992.35,992.55,991.55,991.95,5423
1623041700,991.7,992.4,991.55,992.25,4294
1623042000,992.0,992.4,991.35,991.6,3827
1623042300,991.35,991.8,991.25,991.75,4149
1623042600,991.75,991.75,991.05,991.5,2977
1623042900,991.2,991.5,991.2,991.25,1736
1623043200,991.4,991.4,990.8,991.2,3675
1623043500,991.2,991.4,988.0,988.25,14845
1623043800,988.6,989.2,988.2,988.65,6101
1623044100,988.65,989.1,988.65,989.0,7009
1623044400,989.0,989.8,989.0,989.35,3486
1623044700,989.8,990.3,989.2,989.9,10653
1623045000,989.65,990.65,989.55,990.45,6631
1623045300,990.45,990.9,989.65,990.35,8997
1623045600,990.4,991.0,990.05,990.8,4168
1623045900,990.95,991.0,990.6,990.8,4816
1623046200,990.65,991.0,990.6,990.8,5149
1623046500,990.95,990.95,990.15,990.2,4174
1623046800,990.2,990.5,990.0,990.05,4755
1623047100,990.0,990.0,988.7,989.3,8978
1623047400,989.5,989.5,988.5,988.8,4825
1623047700,989.0,989.4,988.85,989.4,3795
1623048000,989.4,989.4,988.85,989.3,4564
1623048300,989.05,990.55,989.05,990.0,5527
1623048600,990.0,991.0,989.8,991.0,6779
1623048900,991.0,991.2,990.6,990.6,5296
1623049200,990.6,991.25,990.6,991.2,9584
1623049500,991.1,991.75,990.7,990.75,6887
1623049800,990.6,991.15,990.1,990.7,4956
1623050100,991.1,991.1,989.0,989.05,8052
1623050400,989.0,989.65,987.55,988.0,12614
1623050700,987.6,989.0,987.25,989.0,13174
1623051000,989.0,989.0,988.25,988.3,4994
1623051300,988.3,990.55,987.55,990.4,19182
1623051600,990.45,990.45,989.25,989.9,7148
1623051900,989.9,990.0,989.45,989.9,3234
1623052200,989.9,989.9,989.25,989.5,4055
1623052500,989.5,989.75,989.25,989.75,7610
1623052800,989.75,990.5,989.65,990.35,10864
1623053100,990.3,991.8,990.05,991.8,25004
1623053400,991.8,992.0,989.5,990.0,17414
1623053700,989.65,990.45,989.05,989.2,5704
1623054000,989.2,990.2,989.15,989.85,4824
1623054300,990.05,990.75,989.2,990.2,3592
1623054600,990.2,991.45,990.1,991.0,5856
1623054900,991.0,991.45,990.2,990.8,6056
1623055200,990.35,991.0,990.05,990.95,3821
1623055500,990.95,991.0,990.15,990.75,4709
1623055800,990.3,991.0,990.3,990.7,4123
1623056100,990.7,991.0,990.2,990.95,4052
1623056400,990.95,991.0,989.45,989.45,5770
1623056700,989.45,990.4,989.0,989.25,7601
1623057000,989.35,990.0,988.2,989.7,9950
1623057300,989.9,990.05,989.4,990.0,6795
1623057600,990.0,990.35,989.3,989.95,9861
1623057900,989.95,990.0,989.0,989.0,6703
1623058200,989.1,990.0,988.5,990.0,12875
1623058500,989.85,990.0,989.5,989.8,13889
1623058800,989.55,989.8,988.35,988.95,21638
1623059100,988.75,988.75,987.45,988.1,31379
1623059400,988.35,988.35,987.0,988.05,27210
1623059700,988.05,988.5,987.6,988.2,13607
1623123900,988.0,988.0,963.0,972.9,187650
1623124200,973.55,973.6,971.0,971.2,142837
1623124500,971.0,974.45,970.2,973.3,124391
1623124800,973.3,973.95,972.25,973.2,54225
1623125100,973.2,976.3,972.75,973.5,80549
1623125400,973.5,974.35,972.75,973.75,28660
1623125700,974.1,974.1,971.6,971.95,53511
1623126000,972.0,972.8,971.55,972.25,57750
1623126300,972.25,973.9,971.9,973.25,38588
1623126600,973.25,973.6,972.3,973.4,23801
1623126900,973.0,975.0,972.5,973.7,31646
1623127200,973.7,975.55,973.5,974.75,26183
1623127500,975.0,975.0,972.95,973.4,27089
1623127800,973.4,975.2,972.95,975.05,42787
1623128100,975.05,975.15,973.75,974.85,13137
1623128400,974.85,975.6,974.45,975.0,25579
1623128700,974.5,976.8,974.5,976.0,27709
1623129000,976.2,976.5,975.25,976.4,11170
1623129300,976.45,976.5,975.5,975.7,17932
1623129600,975.7,977.05,975.5,976.45,46226
1623129900,976.05,977.2,975.55,976.05,26335
1623130200,976.1,976.75,975.35,976.0,44310
1623130500,975.7,976.5,975.45,976.1,20253
1623130800,976.1,976.7,975.45,976.25,12532
1623131100,976.25,977.4,974.2,975.3,60865
1623131400,975.65,976.0,973.65,974.8,42568
1623131700,974.8,977.4,974.45,975.7,57703
1623132000,975.25,977.3,974.55,977.0,11953
1623132300,976.85,978.2,976.6,977.3,20735
1623132600,977.3,978.0,977.05,977.65,13268
1623132900,977.8,977.9,976.45,977.05,9741
1623133200,976.55,977.25,976.55,977.2,9188
1623133500,976.95,978.3,976.65,977.55,14860
1623133800,977.95,978.1,977.0,977.45,30896
1623134100,977.9,978.2,976.8,977.6,36182
1623134400,977.7,977.8,975.05,977.15,274414
1623134700,977.2,978.75,976.0,978.0,163204
1623135000,978.0,978.5,977.75,978.35,22863
1623135300,978.35,978.55,977.0,977.6,21836
1623135600,977.45,980.35,977.45,979.35,59505
1623135900,979.45,979.8,978.85,979.6,24141
1623136200,979.6,979.6,978.35,979.5,21168
1623136500,978.9,980.0,978.75,979.4,39420
1623136800,979.4,980.1,979.0,979.95,37930
1623137100,979.95,980.1,979.0,979.5,18786
1623137400,979.5,980.3,979.0,980.05,18522
1623137700,980.05,980.3,979.0,979.55,14772
1623138000,979.55,980.3,978.45,979.8,30540
1623138300,979.95,980.05,978.55,979.3,35764
1623138600,979.3,980.0,978.65,979.45,16933
1623138900,979.45,981.0,978.65,979.8,28006
1623139200,979.85,980.3,979.0,980.0,17913
1623139500,980.0,980.3,978.85,980.0,21771
1623139800,980.0,980.25,979.05,980.25,28197
1623140100,980.1,980.65,980.0,980.0,10739
1623140400,980.2,980.4,979.0,980.0,10789
1623140700,980.0,980.25,979.25,980.05,14477
1623141000,980.25,980.9,979.75,980.3,12258
1623141300,980.3,981.2,980.0,980.8,15497
1623141600,980.8,981.45,980.0,980.6,13917
1623141900,980.6,980.6,979.75,980.0,39248
1623142200,980.5,980.6,979.25,979.65,59887
1623142500,980.0,980.0,976.35,977.0,39447
1623142800,977.0,978.1,974.2,978.1,136086
1623143100,978.1,978.65,974.95,976.05,72893
1623143400,976.25,977.5,975.6,976.4,16677
1623143700,976.4,977.85,975.0,977.85,90580
1623144000,977.45,979.45,977.45,979.0,16349
1623144300,978.95,979.65,975.55,979.65,67624
1623144600,979.8,980.4,978.1,980.0,28453
1623144900,980.0,981.5,979.05,979.8,48115
1623145200,979.7,980.5,977.5,977.75,57500
1623145500,979.3,980.5,978.7,979.6,46846
1623145800,979.95,980.65,979.45,980.0,66204
1623146100,980.0,981.2,978.55,980.75,27785
1623210300,978.15,988.35,978.15,987.8,64341
1623210600,987.65,991.2,983.45,986.0,82763
1623210900,985.9,989.5,985.9,989.2,47159
1623211200,989.05,989.8,983.25,986.4,90105
1623211500,986.5,991.3,985.35,990.5,89243
1623211800,991.2,991.45,987.9,988.35,57263
1623212100,988.7,988.8,985.95,988.6,33964
1623212400,988.6,991.4,988.35,991.25,37860
1623212700,990.9,992.8,989.5,992.7,51083
1623213000,992.1,995.0,992.05,994.1,116009
1623213300,994.1,998.0,993.45,996.2,138320
1623213600,996.3,1000.0,996.2,997.2,157532
1623213900,997.2,1001.0,997.2,998.5,72387
1623214200,998.5,999.5,997.0,998.6,54070
1623214500,998.55,999.15,996.0,996.0,42012
1623214800,996.3,998.0,996.25,996.7,27060
1623215100,996.7,999.85,996.7,999.75,26380
1623215400,999.85,999.95,998.2,999.1,35661
1623215700,999.1,1001.95,998.95,999.2,75537
1623216000,999.2,999.45,997.5,999.25,29933
1623216300,999.3,999.8,998.05,999.55,26942
1623216600,999.9,999.9,998.3,999.8,30504
1623216900,999.9,1001.0,999.7,1000.35,46706
1623217200,1000.35,1003.9,1000.35,1002.9,80445
1623217500,1003.0,1004.5,1002.0,1002.8,76108
1623217800,1002.8,1004.5,1002.75,1003.95,46197
1623218100,1003.95,1006.4,1003.95,1006.0,100051
1623218400,1006.0,1006.3,999.4,1000.0,97697
1623218700,1000.1,1003.45,1000.1,1003.0,38134
1623219000,1003.1,1004.0,1003.05,1003.9,23109
1623219300,1003.9,1005.0,1003.9,1004.7,42067
1623219600,1004.7,1007.0,1004.45,1005.1,50458
1623219900,1005.1,1006.5,1005.0,1005.15,32976
1623220200,1005.2,1005.35,1003.2,1004.55,25161
1623220500,1004.5,1006.35,1004.0,1005.9,26507
1623220800,1005.95,1006.3,1004.8,1005.15,23664
1623221100,1005.15,1007.0,1004.8,1005.7,35888
1623221400,1005.5,1005.55,1003.75,1004.0,22460
1623221700,1004.0,1005.55,1004.0,1004.5,12888
1623222000,1004.5,1004.8,1001.8,1002.75,28871
1623222300,1002.75,1002.9,1000.5,1001.65,28587
1623222600,1001.65,1003.65,1001.65,1002.6,14271
1623222900,1002.5,1004.9,1002.5,1004.0,25487
1623223200,1003.9,1005.3,1003.0,1004.85,21770
1623223500,1004.75,1005.7,1004.7,1005.25,16410
1623223800,1005.1,1006.9,1005.0,1005.7,38925
1623224100,1005.25,1005.95,1001.2,1001.7,40622
1623224400,1001.05,1001.75,998.0,998.2,79756
1623224700,998.25,1001.45,996.0,1000.55,82597
1623225000,1000.55,1000.95,997.45,999.85,32216
1623225300,999.85,1003.5,999.75,1003.5,32044
1623225600,1003.4,1003.7,1000.4,1001.75,20147
1623225900,1001.75,1006.0,1001.55,1004.55,45319
1623226200,1005.0,1005.0,999.95,999.95,64998
1623226500,999.85,1000.5,999.0,1000.45,43894
1623226800,1000.35,1001.5,999.65,1000.55,18526
1623227100,1000.55,1002.95,1000.4,1001.4,19530
1623227400,1001.35,1001.4,1000.2,1000.2,11143
1623227700,1000.2,1000.3,998.5,999.4,23758
1623228000,999.4,1000.25,998.25,999.7,26790
1623228300,999.75,1001.8,998.0,1000.85,42545
1623228600,1000.8,1001.5,999.9,1000.0,25293
1623228900,1000.0,1000.7,999.85,999.85,33037
1623229200,1000.1,1000.45,998.05,998.05,120727
1623229500,998.4,998.4,996.2,996.25,47872
1623229800,996.35,1000.0,996.2,997.15,53612
1623230100,997.0,999.6,995.9,999.6,54617
1623230400,999.65,1000.0,998.25,998.4,28928
1623230700,998.35,1000.0,998.2,999.55,47355
1623231000,999.55,1000.05,998.65,998.75,56471
1623231300,998.75,1000.0,997.0,998.65,74245
1623231600,998.35,1000.5,996.85,999.95,74893
1623231900,1000.0,1000.45,998.9,999.65,76977
1623232200,999.7,999.75,995.1,995.55,94897
1623232500,995.85,999.15,994.05,997.0,93546
1623296700,1005.0,1005.0,998.0,999.4,44797
1623297000,999.4,1000.0,992.05,994.8,42583
1623297300,994.8,997.05,992.3,996.35,33654
1623297600,996.3,998.05,995.85,995.9,21187
1623297900,995.9,1004.65,995.8,1002.25,59329
1623298200,1001.8,1004.25,1001.8,1003.25,37537
1623298500,1003.25,1004.85,1002.0,1002.85,38743
1623298800,1003.4,1004.4,1000.5,1000.7,54980
1623299100,1000.5,1001.65,998.15,999.4,39209
1623299400,999.4,999.55,996.15,996.9,29847
1623299700,996.9,998.5,995.25,998.35,16527
1623300000,998.5,999.45,997.0,999.3,10268
1623300300,999.3,999.4,997.05,997.3,10789
1623300600,997.5,997.85,996.0,996.05,13233
1623300900,996.7,999.6,996.3,998.45,6623
1623301200,998.45,999.75,998.05,999.25,10972
1623301500,999.25,999.45,998.15,998.5,12897
1623301800,998.5,1000.8,998.5,1000.6,9450
1623302100,1000.75,1001.0,1000.05,1000.1,9121
1623302400,1000.0,1000.95,999.5,999.5,8024
1623302700,999.4,999.4,998.15,999.0,4665
1623303000,998.7,1000.95,998.7,1000.15,10401
1623303300,1000.5,1000.65,998.3,998.3,9775
1623303600,998.15,998.15,996.3,997.05,10186
1623303900,997.05,997.7,996.45,996.75,8920
1623304200,996.7,998.45,996.6,997.8,4894
1623304500,997.65,999.25,997.15,998.0,7473
1623304800,998.0,998.45,997.65,997.85,3471
1623305100,997.85,999.3,997.45,998.15,6413
1623305400,997.85,998.7,997.5,997.5,3877
1623305700,997.5,998.0,997.0,997.25,6210
1623306000,997.05,998.1,996.85,997.6,4576
1623306300,997.6,998.0,997.15,997.35,3518
1623306600,997.2,998.8,997.15,998.35,9980
1623306900,998.6,999.8,998.15,999.15,9591
1623307200,999.15,1000.0,999.15,999.45,6072
1623307500,999.45,999.7,998.15,998.75,6303
1623307800,998.35,999.05,998.25,998.3,4219
1623308100,998.3,998.95,997.5,997.65,3543
1623308400,997.65,998.5,997.5,998.1,4676
1623308700,998.1,999.5,998.1,999.15,3840
1623309000,999.15,999.5,997.5,997.5,7460
1623309300,997.5,997.5,996.0,997.1,9805
1623309600,996.75,997.95,996.45,996.55,6274
1623309900,996.4,997.75,996.35,996.75,4888
1623310200,997.1,998.5,996.6,998.5,4258
1623310500,998.5,998.5,997.5,998.05,5050
1623310800,998.05,998.65,997.75,998.2,4129
1623311100,998.15,999.3,998.0,999.3,7555
1623311400,998.95,999.5,998.65,998.9,5820
1623311700,998.9,999.0,997.2,997.85,11558
1623312000,997.9,998.0,996.65,996.95,5772
1623312300,997.4,997.7,996.95,997.4,3863
1623312600,997.35,997.75,996.0,996.1,9676
1623312900,996.1,997.8,995.0,996.05,13607
1623313200,996.0,996.85,996.0,996.3,3919
1623313500,996.3,996.3,995.75,996.05,4611
1623313800,996.25,997.0,996.0,996.2,3662
1623314100,996.2,997.2,996.1,996.95,4996
1623314400,996.95,997.4,996.6,997.35,7627
1623314700,997.4,998.5,997.05,998.05,6575
1623315000,998.0,998.4,997.85,998.15,5311
1623315300,998.15,999.0,996.65,997.5,9877
1623315600,997.5,998.0,997.3,998.0,3934
1623315900,998.15,999.0,998.0,998.05,10761
1623316200,998.05,999.0,997.2,997.2,8768
1623316500,997.4,999.0,997.4,997.9,11558
1623316800,997.9,998.6,996.55,997.35,15005
1623317100,997.6,997.8,997.0,997.0,7160
1623317400,997.0,998.35,997.0,998.0,20668
1623317700,998.0,999.0,996.8,998.95,29100
1623318000,998.95,998.95,996.6,997.25,36088
1623318300,997.35,998.0,996.85,997.1,36196
1623318600,997.1,998.3,996.65,997.65,43467
1623318900,997.65,998.0,996.4,998.0,26325
1623383100,998.9,1002.5,998.0,1001.25,50146
1623383400,1000.95,1001.45,997.0,998.2,34736
1623383700,998.8,1000.95,997.75,999.2,28009
1623384000,999.4,1000.5,998.25,999.0,9657
1623384300,999.0,999.95,998.05,998.2,10075
1623384600,997.8,997.8,995.5,997.0,19963
1623384900,996.25,997.95,996.25,997.55,10181
1623385200,997.15,998.0,997.0,997.0,3607
1623385500,996.95,997.5,996.5,997.4,5011
1623385800,996.6,996.7,994.25,994.25,10343
1623386100,994.15,997.4,993.45,997.15,12723
1623386400,997.4,997.5,996.4,997.4,6513
1623386700,997.35,997.5,996.7,996.9,5508
1623387000,996.85,997.75,995.8,995.85,6101
1623387300,995.85,996.35,994.65,994.65,5978
1623387600,994.5,995.0,993.0,994.45,18578
1623387900,994.5,994.5,991.3,992.6,25317
1623388200,992.25,994.05,991.4,993.25,12942
1623388500,993.25,993.25,992.0,992.75,7012
1623388800,992.5,993.0,991.7,992.0,9688
1623389100,992.05,993.2,992.0,993.05,6688
1623389400,993.35,994.35,993.05,993.5,5957
1623389700,993.15,993.15,991.0,991.4,11845
1623390000,991.65,991.95,990.1,991.0,9244
1623390300,990.9,990.9,988.0,988.55,21045
1623390600,988.2,989.0,988.0,988.15,11074
1623390900,988.15,988.95,988.0,988.45,6142
1623391200,988.35,988.75,988.0,988.2,5091
1623391500,988.2,989.8,988.0,989.45,7235
1623391800,989.4,990.1,988.6,988.6,5723
1623392100,988.6,989.35,988.5,989.05,4409
1623392400,989.05,989.25,988.0,988.4,13229
1623392700,988.4,988.4,986.25,987.05,33537
1623393000,987.0,988.0,987.0,987.8,5355
1623393300,987.8,988.0,986.1,987.4,19843
1623393600,987.5,987.55,984.0,984.65,19698
1623393900,984.65,986.4,984.4,986.4,8027
1623394200,986.4,986.7,985.65,986.5,5772
1623394500,986.2,986.45,985.0,985.15,4794
1623394800,985.15,985.9,985.0,985.35,5875
1623395100,985.35,986.0,985.0,985.75,6479
1623395400,985.5,986.8,985.5,986.45,6884
1623395700,986.35,987.2,986.15,986.85,4755
1623396000,986.85,986.85,985.35,985.75,4345
1623396300,985.35,986.9,985.0,986.05,10033
1623396600,986.05,986.9,986.0,986.65,4519
1623396900,986.65,986.9,986.0,986.4,3242
1623397200,986.4,987.0,986.05,986.3,4698
1623397500,986.3,987.2,986.3,986.85,4319
1623397800,986.85,987.5,985.65,986.0,8435
1623398100,986.0,986.5,985.65,986.25,3842
1623398400,986.15,986.9,985.25,986.8,6068
1623398700,986.8,986.85,986.15,986.3,3937
1623399000,986.4,986.6,985.75,985.75,2954
1623399300,985.7,985.9,985.0,985.75,4833
1623399600,985.55,986.2,985.15,985.8,6309
1623399900,985.65,985.8,985.0,985.35,5530
1623400200,985.35,986.15,985.2,985.85,7142
1623400500,985.85,987.6,985.7,987.05,8433
1623400800,987.2,987.8,987.0,987.6,7171
1623401100,987.35,988.9,987.35,988.75,6995
1623401400,988.9,989.5,988.0,989.15,6250
1623401700,988.85,989.3,988.85,989.25,4462
1623402000,989.25,989.25,988.05,988.6,3983
1623402300,988.6,988.6,988.05,988.2,5830
1623402600,988.5,988.6,988.2,988.6,5214
1623402900,988.6,988.6,988.0,988.2,8993
1623403200,988.05,989.2,988.0,989.1,17837
1623403500,989.1,989.2,988.0,988.25,6093
1623403800,988.5,989.0,988.0,988.75,12151
1623404100,989.15,989.2,987.4,988.75,20275
1623404400,988.75,989.2,988.4,988.95,26481
1623404700,988.85,989.0,986.55,986.8,24173
1623405000,986.75,988.2,986.75,987.15,28637
1623405300,987.05,990.2,987.05,990.0,27831
1623642300,988.1,988.1,980.3,982.1,27873
1623642600,981.75,982.4,975.55,978.0,23471
1623642900,978.0,978.9,975.55,976.35,14871
1623643200,976.35,978.45,973.0,973.95,17962
1623643500,973.6,978.5,971.35,976.8,17473
1623643800,976.6,979.9,976.6,978.15,12097
1623644100,978.5,979.5,978.0,978.2,6390
1623644400,978.3,979.0,977.0,978.4,5629
1623644700,978.25,979.0,977.0,978.55,7921
1623645000,978.05,978.7,977.0,977.05,6878
1623645300,977.0,979.1,976.9,978.0,6112
1623645600,978.15,981.0,978.15,980.6,11374
1623645900,980.15,980.95,979.95,979.95,2475
1623646200,980.0,980.8,979.0,980.35,5714
1623646500,980.35,980.75,979.4,980.0,4063
1623646800,980.0,980.7,979.0,979.55,3693
1623647100,979.3,980.2,979.0,979.75,2943
1623647400,979.9,981.0,979.3,980.25,2906
1623647700,980.25,980.9,979.75,980.55,2415
1623648000,980.4,980.55,979.0,979.2,4034
1623648300,979.0,980.4,979.0,980.3,4188
1623648600,980.25,980.3,979.0,979.3,7271
1623648900,979.0,979.3,979.0,979.0,10912
1623649200,979.05,979.25,979.0,979.2,2371
1623649500,979.2,981.95,979.1,981.75,7054
1623649800,981.65,981.85,981.15,981.5,3891
1623650100,981.35,983.0,981.25,982.7,8358
1623650400,982.5,983.2,981.45,982.65,2576
1623650700,982.25,982.65,981.95,982.3,1896
1623651000,982.3,983.0,982.15,982.9,2843
1623651300,982.65,983.3,981.95,981.95,4943
1623651600,981.25,982.6,981.25,982.4,1954
1623651900,982.1,983.25,982.0,982.55,2736
1623652200,982.55,982.9,982.0,982.0,3203
1623652500,982.0,983.0,981.25,982.5,3258
1623652800,982.5,983.0,982.35,982.55,1979
1623653100,982.55,982.8,982.1,982.7,1605
1623653400,982.55,983.3,982.05,982.9,1774
1623653700,983.25,984.0,982.7,983.4,4902
1623654000,983.45,984.0,983.1,983.7,1837
1623654300,983.5,983.7,982.05,982.5,2788
1623654600,982.05,982.95,982.05,982.85,2694
1623654900,982.85,984.0,982.55,983.85,3782
1623655200,983.75,984.85,983.1,983.1,4866
1623655500,982.65,983.25,982.2,982.6,1907
1623655800,982.6,992.75,982.2,989.5,41413
1623656100,989.5,989.95,986.85,986.95,8765
1623656400,987.6,987.6,984.15,984.9,5371
1623656700,984.9,985.95,984.5,985.95,3787
1623657000,985.95,989.55,985.5,988.9,9356
1623657300,988.6,988.85,985.25,985.65,5306
1623657600,986.0,988.2,985.8,985.85,2606
1623657900,985.9,986.75,985.0,986.75,2785
1623658200,986.6,986.8,985.55,986.05,1497
1623658500,986.05,986.5,985.65,986.5,3151
1623658800,986.5,986.5,985.65,985.8,3164
1623659100,985.8,986.5,984.5,985.9,5507
1623659400,985.9,988.0,985.85,987.8,3101
1623659700,987.8,989.55,987.2,989.55,3213
1623660000,989.55,989.8,988.2,988.75,4847
1623660300,988.75,990.0,988.7,989.3,4055
1623660600,988.85,989.3,987.15,987.55,3475
1623660900,987.55,988.6,987.15,987.15,3272
1623661200,987.65,988.85,986.85,986.85,5183
1623661500,986.8,990.0,986.8,988.7,8949
1623661800,989.05,990.15,989.05,989.6,5244
1623662100,989.8,989.8,988.05,988.6,9075
1623662400,988.6,988.6,985.35,987.0,11501
1623662700,987.0,987.85,986.0,986.0,6754
1623663000,986.1,988.65,986.1,987.5,9350
1623663300,987.5,987.95,985.05,985.45,10281
1623663600,985.75,986.95,985.35,986.8,11201
1623663900,986.55,987.25,985.8,985.9,11559
1623664200,986.0,986.25,985.0,985.9,16357
1623664500,985.9,985.9,984.95,985.0,11086
1623728700,991.8,991.8,983.05,983.05,21933
1623729000,981.7,984.6,980.85,983.9,26926
1623729300,983.9,985.3,983.0,985.0,10622
1623729600,985.1,987.45,984.05,985.7,11629
1623729900,986.2,988.0,985.55,985.65,12818
1623730200,986.5,989.0,986.0,988.75,8716
1623730500,989.0,989.0,987.5,988.0,7574
1623730800,988.4,988.85,988.0,988.0,4987
1623731100,988.0,989.5,988.0,989.5,5222
1623731400,989.4,990.9,988.05,988.85,11717
1623731700,988.55,994.0,988.55,991.45,32862
1623732000,991.45,992.5,990.45,991.7,4980
1623732300,991.6,991.9,990.2,990.8,8992
1623732600,990.3,990.85,988.8,988.8,4564
1623732900,989.4,989.9,988.5,988.8,2591
1623733200,988.6,989.95,988.5,989.3,3783
1623733500,989.8,990.4,989.0,990.3,5891
1623733800,989.85,990.2,989.05,989.35,3052
1623734100,989.25,989.85,988.0,988.0,2975
1623734400,988.0,989.25,988.0,989.05,2251
1623734700,989.05,989.85,988.4,989.75,2656
1623735000,989.45,990.0,989.25,990.0,1658
1623735300,989.6,990.0,988.5,989.15,2233
1623735600,988.65,989.5,988.0,988.65,2588
1623735900,988.25,989.35,988.0,988.75,2877
1623736200,988.25,988.95,988.0,988.2,1810
1623736500,988.85,988.85,988.0,988.2,4255
1623736800,988.0,989.1,988.0,988.95,1731
1623737100,988.75,989.5,988.7,989.4,2236
1623737400,989.0,989.7,988.0,988.15,4918
1623737700,988.15,988.5,988.0,988.3,5808
1623738000,988.0,989.8,988.0,989.55,2459
1623738300,989.1,989.95,989.05,989.95,2806
1623738600,989.55,990.85,989.55,990.4,4459
1623738900,990.0,992.45,990.0,991.6,9404
1623739200,991.15,991.9,990.85,991.4,2610
1623739500,991.4,992.4,990.9,991.6,4579
1623739800,991.6,992.1,991.1,991.6,2498
1623740100,991.6,992.4,991.5,992.1,5449
1623740400,992.1,993.0,992.1,992.65,10414
1623740700,992.5,993.9,992.45,993.5,9019
1623741000,993.55,994.7,993.2,994.0,19686
1623741300,994.0,994.4,993.65,994.0,8115
1623741600,994.0,994.1,993.6,993.6,7608
1623741900,994.0,994.65,993.55,994.0,8185
1623742200,994.0,994.8,993.5,994.0,10618
1623742500,994.0,994.65,991.15,992.0,13427
1623742800,992.0,994.95,992.0,994.95,12028
1623743100,994.95,995.0,993.4,993.55,9781
1623743400,993.55,994.9,993.1,994.55,8752
1623743700,994.05,994.6,993.45,994.0,3183
1623744000,994.0,994.45,993.5,994.4,4083
1623744300,994.05,994.65,993.45,994.1,12667
1623744600,994.1,994.9,994.0,994.85,8130
1623744900,994.4,994.9,994.4,994.5,4737
1623745200,994.55,997.2,994.55,996.05,27328
1623745500,996.05,997.9,995.25,997.15,16244
1623745800,997.05,999.75,997.05,998.45,50966
1623746100,998.35,999.5,997.15,999.5,29846
1623746400,999.5,1003.75,998.5,1001.85,87783
1623746700,1001.75,1003.0,1000.15,1001.25,31303
1623747000,1001.0,1001.25,998.45,998.9,34185
1623747300,998.9,1002.0,998.9,1001.35,22723
1623747600,1001.7,1002.85,1001.3,1002.85,18170
1623747900,1002.85,1002.95,1001.05,1001.5,18165
1623748200,1001.5,1002.8,1001.0,1001.9,17464
1623748500,1001.8,1002.9,1001.8,1002.4,18212
1623748800,1002.35,1002.4,998.1,998.25,100230
1623749100,998.25,1000.7,997.6,1000.0,23244
1623749400,999.6,1000.4,995.0,995.0,36974
1623749700,995.2,998.3,995.05,996.35,19067
1623750000,996.15,996.5,995.2,995.75,19342
1623750300,995.75,996.3,994.1,994.2,96927
1623750600,994.4,995.75,993.05,995.75,23636
1623750900,995.75,997.85,994.9,997.0,32630
1623815100,999.95,1003.85,996.0,996.15,48876
1623815400,996.15,998.8,993.15,997.6,37491
1623815700,997.9,997.9,994.3,995.15,19817
1623816000,995.0,997.2,994.35,996.9,7946
1623816300,996.55,997.2,995.85,997.0,9954
1623816600,997.1,997.15,994.9,994.9,10609
1623816900,995.35,996.55,993.6,993.6,12932
1623817200,993.5,994.6,991.1,994.05,23197
1623817500,994.05,995.0,993.4,993.4,5599
1623817800,993.4,993.95,991.5,991.95,6888
1623818100,991.55,992.55,988.35,990.5,24935
1623818400,990.5,992.3,990.1,992.1,6027
1623818700,992.0,993.9,991.85,993.55,13576
1623819000,993.7,994.4,992.55,993.35,5626
1623819300,993.0,993.8,992.4,993.0,8711
1623819600,992.85,995.85,992.55,995.3,8492
1623819900,995.3,996.45,995.05,996.4,10325
1623820200,996.45,998.5,995.6,998.45,19033
1623820500,998.45,1001.0,997.7,999.0,47793
1623820800,999.0,999.0,997.2,997.4,7704
1623821100,997.3,997.3,994.55,995.05,13475
1623821400,995.05,996.85,995.0,996.85,10358
1623821700,996.9,998.2,996.35,997.4,7387
1623822000,997.4,999.0,997.3,998.0,7227
1623822300,998.0,998.0,996.25,996.9,7398
1623822600,996.7,998.5,996.55,998.5,3706
1623822900,998.25,998.95,997.55,998.5,6658
1623823200,998.3,998.9,997.85,998.75,10104
1623823500,998.75,1000.5,998.0,999.75,29546
1623823800,999.75,1000.0,998.55,999.0,9404
1623824100,999.0,999.1,998.1,998.45,5769
1623824400,998.45,998.5,996.0,996.45,10167
1623824700,996.55,998.7,996.2,998.2,4336
1623825000,998.3,998.7,997.5,997.8,4134
1623825300,997.8,998.5,996.55,997.95,8269
1623825600,997.4,999.8,997.4,999.55,10178
1623825900,999.55,1000.95,999.45,1000.95,11662
1623826200,1000.95,1001.6,1000.05,1000.65,9626
1623826500,1000.65,1001.15,998.75,999.1,6937
1623826800,999.1,1000.0,999.0,999.9,4019
1623827100,999.9,1000.8,999.0,999.0,7784
1623827400,999.2,999.2,994.8,996.75,17353
1623827700,996.75,997.75,996.3,997.2,4641
1623828000,997.25,998.05,997.1,997.4,3226
1623828300,997.4,997.7,997.1,997.65,3006
1623828600,997.6,999.9,997.2,999.7,4135
1623828900,1000.0,1000.0,998.0,998.9,8127
1623829200,998.9,999.5,997.25,998.8,4926
1623829500,998.8,999.5,998.25,999.5,4105
1623829800,999.45,999.85,998.15,999.75,3467
1623830100,999.6,999.8,998.75,999.25,3551
1623830400,999.25,999.5,997.2,997.8,6897
1623830700,997.8,998.35,997.55,997.85,2883
1623831000,997.85,998.25,997.85,998.15,3351
1623831300,998.15,999.0,998.0,999.0,5881
1623831600,999.0,999.35,998.35,998.95,16701
1623831900,998.95,999.25,998.35,998.55,6464
1623832200,998.15,999.0,997.55,998.4,4730
1623832500,998.5,998.95,998.1,998.5,3878
1623832800,998.7,999.0,998.05,998.4,3247
1623833100,998.4,998.7,997.4,997.8,7238
1623833400,998.0,998.65,997.75,998.15,2403
1623833700,998.25,999.0,997.7,999.0,3464
1623834000,999.0,999.0,998.4,998.45,5250
1623834300,998.4,998.4,997.55,997.55,4815
1623834600,997.85,998.0,997.7,998.0,4490
1623834900,998.0,998.7,997.5,998.35,14435
1623835200,998.35,998.85,997.5,997.7,7391
1623835500,997.7,998.0,997.3,997.55,6310
1623835800,997.75,997.75,992.1,992.15,22956
1623836100,992.0,993.0,991.1,992.7,23154
1623836400,993.45,993.5,990.2,990.55,17320
1623836700,990.35,991.15,990.05,990.1,21081
1623837000,990.1,991.95,990.0,990.65,31873
1623837300,990.65,992.25,990.0,991.35,25475
1623901500,983.0,992.7,982.2,988.45,30271
1623901800,988.2,990.6,987.05,990.2,9573
1623902100,990.2,991.0,989.4,990.15,7676
1623902400,990.1,990.95,990.0,990.5,8692
1623902700,990.0,990.75,990.0,990.5,7001
1623903000,990.4,990.5,987.45,988.85,17563
1623903300,988.85,989.0,988.1,988.25,6765
1623903600,988.25,988.65,986.1,987.0,18510
1623903900,986.7,989.65,986.7,989.6,13271
1623904200,990.3,991.65,987.75,988.95,19953
1623904500,988.95,990.3,988.0,989.5,8061
1623904800,989.5,990.15,988.7,989.1,6510
1623905100,989.1,990.35,988.25,989.9,12022
1623905400,989.9,989.9,988.05,988.7,8224
1623905700,988.7,989.4,988.0,989.25,4796
1623906000,989.25,991.05,988.65,990.05,10016
1623906300,990.05,991.1,990.05,990.9,3168
1623906600,990.9,990.95,989.55,989.6,4295
1623906900,989.6,990.75,989.5,990.5,4113
1623907200,990.75,991.1,990.1,990.25,3542
1623907500,990.7,991.0,988.45,989.0,14127
1623907800,989.0,989.0,988.55,989.0,4440
1623908100,989.0,990.75,986.7,989.95,30314
1623908400,989.95,990.75,988.2,989.4,29694
1623908700,989.4,991.05,988.5,988.55,16311
1623909000,988.5,989.4,987.65,987.7,7688
1623909300,987.7,988.35,986.85,988.0,8966
1623909600,988.0,988.5,987.3,988.0,5459
1623909900,988.0,988.0,986.7,987.6,3683
1623910200,987.65,988.2,987.0,988.0,3410
1623910500,988.0,988.25,987.35,988.0,2504
1623910800,988.0,988.45,987.6,988.25,3739
1623911100,987.6,988.65,987.6,988.1,6027
1623911400,988.05,988.6,987.4,987.95,11179
1623911700,988.05,988.5,987.6,988.1,13604
1623912000,988.1,988.35,987.55,988.0,7409
1623912300,988.0,988.4,987.45,988.0,8709
1623912600,988.0,988.3,987.6,987.9,3318
1623912900,987.9,988.9,987.75,988.9,3661
1623913200,988.15,989.7,987.95,988.8,6147
1623913500,988.8,988.95,987.8,988.05,4822
1623913800,988.05,990.0,987.75,989.3,10604
1623914100,989.25,990.3,988.55,989.95,23176
1623914400,990.0,990.3,989.1,989.95,14882
1623914700,989.5,990.0,989.2,989.6,3834
1623915000,989.6,989.6,987.45,988.45,9341
1623915300,988.0,989.8,988.0,988.7,6015
1623915600,988.65,989.25,987.55,987.7,8951
1623915900,987.7,988.95,987.4,987.4,10240
1623916200,987.4,988.0,986.45,988.0,7889
1623916500,988.0,988.6,987.5,987.95,7369
1623916800,987.6,988.75,987.6,988.0,4394
1623917100,988.0,988.65,987.7,988.0,9726
1623917400,988.0,988.55,987.65,988.0,7364
1623917700,988.0,989.0,987.0,988.0,9944
1623918000,988.0,988.6,987.05,987.75,3421
1623918300,987.75,988.4,987.6,987.7,4434
1623918600,987.7,988.4,987.65,988.1,4579
1623918900,988.1,988.1,985.25,986.45,7079
1623919200,986.05,986.4,983.2,983.5,13624
1623919500,982.5,983.2,981.6,982.85,11575
1623919800,982.85,983.05,979.05,979.55,19721
1623920100,979.45,980.5,977.0,979.55,13621
1623920400,979.25,980.5,979.2,979.85,17136
1623920700,980.15,980.4,979.35,979.55,9608
1623921000,979.55,980.4,979.05,980.0,4773
1623921300,980.0,981.7,979.6,981.2,16406
1623921600,981.2,983.25,979.0,979.25,44530
1623921900,979.25,980.0,979.25,979.65,10789
1623922200,979.85,985.95,978.4,984.6,38054
1623922500,984.7,986.75,982.75,983.9,32200
1623922800,983.85,985.45,983.65,985.45,17129
1623923100,984.95,985.35,982.05,983.6,23356
1623923400,982.95,984.75,982.1,983.7,24067
1623923700,983.7,983.7,981.75,983.0,18687
1623987900,1000.7,1000.7,985.9,988.2,83518
1623988200,985.7,987.0,983.8,986.5,53878
1623988500,986.35,989.2,984.0,985.5,35734
1623988800,984.45,984.95,982.25,983.15,25062
1623989100,982.65,983.15,978.25,980.0,32782
1623989400,979.25,979.5,971.95,972.3,51950
1623989700,971.8,974.85,970.6,974.55,32359
1623990000,973.9,975.75,968.0,969.55,29565
1623990300,969.55,971.55,967.5,970.9,25036
1623990600,970.9,971.75,968.1,970.8,24366
1623990900,970.8,971.9,966.05,967.55,24448
1623991200,967.55,969.75,965.05,969.75,20462
1623991500,969.3,970.0,967.2,967.45,8098
1623991800,967.5,968.25,967.3,967.5,13313
1623992100,967.5,967.5,965.0,965.45,29313
1623992400,965.6,965.95,964.05,964.6,11443
1623992700,964.6,966.75,964.5,965.4,9180
1623993000,965.2,966.9,965.05,965.4,8925
1623993300,965.9,967.25,962.05,963.45,21086
1623993600,963.85,964.25,960.7,962.8,13888
1623993900,962.85,962.9,956.75,958.0,28291
1623994200,957.15,962.6,957.15,960.0,22353
1623994500,960.55,964.6,958.4,964.0,15403
1623994800,964.0,966.3,964.0,965.45,15002
1623995100,965.45,966.35,965.0,965.0,21347
1623995400,965.35,966.7,965.0,966.35,5856
1623995700,966.6,966.8,965.95,966.65,4136
1623996000,966.65,967.4,966.15,966.6,14082
1623996300,966.6,967.5,965.2,965.25,9778
1623996600,965.0,966.65,965.0,966.3,7850
1623996900,966.3,966.3,965.55,966.3,3084
1623997200,966.3,966.3,964.5,965.0,8195
1623997500,965.2,966.3,965.0,966.15,8528
1623997800,966.75,967.45,966.0,966.2,5732
1623998100,966.55,967.2,965.55,966.0,6174
1623998400,966.0,968.2,965.5,968.2,7219
1623998700,968.2,968.5,967.25,967.95,2791
1623999000,967.95,968.3,967.35,967.9,2672
1623999300,967.35,967.9,967.0,967.35,5361
1623999600,967.35,967.95,966.35,967.55,7875
1623999900,967.55,971.0,966.65,970.5,33513
1624000200,970.5,972.0,970.0,971.6,14048
1624000500,971.8,971.95,969.95,970.15,12113
1624000800,970.15,970.85,970.0,970.65,7057
1624001100,970.65,970.65,970.0,970.45,8230
1624001400,970.35,970.35,970.0,970.0,22343
1624001700,970.15,970.7,970.0,970.0,15944
1624002000,970.2,971.7,969.25,970.7,20498
1624002300,969.65,970.55,969.65,970.0,4234
1624002600,970.2,970.8,970.0,970.0,10382
1624002900,970.0,970.5,969.9,970.15,9988
1624003200,970.15,970.45,970.0,970.1,9952
1624003500,970.1,971.35,970.0,971.35,10865
1624003800,971.0,973.1,970.2,972.95,16301
1624004100,972.95,974.65,972.1,973.95,14913
1624004400,973.95,975.35,973.1,973.9,18756
1624004700,974.0,975.9,973.9,975.9,10509
1624005000,975.35,976.0,975.0,975.9,6651
1624005300,975.45,975.9,975.05,975.8,18151
1624005600,975.8,976.0,975.2,975.8,6426
1624005900,975.95,977.8,975.5,977.05,15823
1624006200,977.05,980.75,976.4,980.5,37156
1624006500,980.0,982.9,978.5,982.75,26635
1624006800,982.75,982.95,980.6,982.0,22626
1624007100,982.0,982.75,980.0,982.0,26721
1624007400,982.0,982.8,980.0,981.55,24469
1624007700,981.55,982.0,980.0,980.85,14037
1624008000,980.85,982.5,980.45,982.35,33872
1624008300,982.2,982.8,981.65,982.45,13029
1624008600,982.45,984.9,980.75,984.35,160524
1624008900,984.35,984.85,981.4,982.0,124563
1624009200,982.2,984.95,981.6,983.15,93057
1624009500,983.05,983.05,981.5,982.0,98440
1624009800,982.05,982.4,981.1,982.0,90325
1624010100,982.1,984.0,979.8,983.35,70946
1624247100,973.0,981.7,972.65,976.7,22640
1624247400,977.4,979.95,975.45,978.05,14880
1624247700,978.05,981.0,977.55,980.35,12232
1624248000,980.3,980.65,978.3,979.85,7292
1624248300,979.9,979.9,976.5,977.45,12192
1624248600,977.0,977.7,975.1,975.7,14392
1624248900,975.85,976.3,974.85,976.05,14232
1624249200,976.05,976.05,971.0,971.75,17482
1624249500,971.75,973.0,971.75,972.6,9539
1624249800,972.6,972.6,971.35,971.8,11127
1624250100,971.8,974.0,971.2,974.0,6181
1624250400,974.0,974.35,972.4,973.25,8537
1624250700,973.25,973.75,971.4,971.4,22894
1624251000,971.4,973.3,971.2,971.65,14887
1624251300,971.2,973.0,970.2,972.55,24743
1624251600,971.55,972.6,971.5,972.0,7566
1624251900,972.0,972.2,968.35,970.3,37014
1624252200,970.3,971.45,969.5,970.0,21652
1624252500,970.05,971.15,970.0,970.7,11541
1624252800,970.7,971.6,970.05,971.45,6820
1624253100,971.45,972.4,971.1,971.6,8253
1624253400,971.6,973.0,970.75,972.85,7217
1624253700,972.85,972.85,971.6,972.2,5556
1624254000,972.2,972.6,970.8,971.0,5102
1624254300,971.0,971.4,970.7,971.0,8678
1624254600,971.0,971.2,970.55,971.0,3089
1624254900,971.0,971.65,970.55,970.55,7437
1624255200,970.55,971.35,970.3,970.4,7414
1624255500,970.4,971.6,970.4,970.5,5004
1624255800,970.5,971.05,970.3,970.7,5167
1624256100,971.4,971.5,970.55,971.0,4128
1624256400,971.0,971.2,970.55,971.0,4733
1624256700,970.85,971.2,970.3,970.35,9757
1624257000,970.35,970.75,969.2,969.25,19220
1624257300,969.25,969.75,969.0,969.65,11037
1624257600,969.4,970.9,969.2,970.65,14919
1624257900,970.65,971.1,970.0,971.05,5979
1624258200,971.05,971.05,970.55,970.6,6391
1624258500,970.6,971.25,970.5,970.6,5280
1624258800,970.55,971.25,970.05,970.95,7284
1624259100,970.95,971.25,970.25,971.0,7737
1624259400,971.0,975.85,970.5,975.0,68965
1624259700,975.0,976.35,975.0,975.6,14346
1624260000,975.6,975.65,975.0,975.15,6779
1624260300,975.15,976.0,975.0,975.0,6628
1624260600,975.35,975.35,975.0,975.15,5785
1624260900,975.25,977.7,975.0,975.65,14109
1624261200,975.75,978.55,975.7,978.5,19405
1624261500,978.5,979.9,978.0,978.7,14462
1624261800,978.7,978.7,978.0,978.1,4624
1624262100,978.0,980.1,975.65,980.1,27854
1624262400,980.1,980.1,979.2,979.45,21151
1624262700,979.2,979.9,978.7,979.1,8691
1624263000,979.35,980.05,979.05,979.9,6563
1624263300,979.9,979.95,978.0,978.5,7458
1624263600,978.5,979.1,977.0,978.7,13017
1624263900,978.7,978.75,977.45,977.6,6040
1624264200,978.05,979.0,977.75,978.3,8263
1624264500,978.3,979.5,978.0,979.05,5974
1624264800,979.4,980.05,978.8,980.0,7143
1624265100,980.05,980.05,978.85,979.55,7215
1624265400,979.0,980.0,978.6,979.95,6504
1624265700,979.95,979.95,978.45,979.45,5923
1624266000,979.5,980.8,978.95,980.0,6939
1624266300,980.0,980.15,978.85,979.3,7460
1624266600,978.45,980.15,978.15,980.0,6295
1624266900,980.05,980.05,977.45,977.8,13267
1624267200,977.8,979.7,977.7,979.0,8776
1624267500,978.95,979.55,977.5,978.1,7705
1624267800,978.9,980.55,978.15,980.55,12978
1624268100,980.35,980.35,978.55,979.85,8984
1624268400,979.85,980.0,978.7,980.0,13674
1624268700,980.0,982.35,979.2,981.95,20410
1624269000,982.25,983.5,981.8,983.45,13792
1624269300,983.0,990.4,980.65,980.65,20688
1624333500,982.0,986.95,980.05,985.05,30846
1624333800,985.0,986.05,983.25,985.3,16641
1624334100,985.2,989.3,985.2,986.8,17295
1624334400,986.4,987.15,985.0,987.15,8940
1624334700,987.15,987.5,985.85,986.95,5607
1624335000,986.95,987.05,985.6,985.6,6182
1624335300,985.6,986.1,983.5,986.0,6501
1624335600,985.25,986.55,985.2,986.35,8873
1624335900,986.6,987.0,985.5,985.5,8012
1624336200,985.9,985.9,983.25,984.4,14952
1624336500,984.4,985.4,983.45,984.0,7476
1624336800,984.0,984.7,983.25,984.3,4443
1624337100,984.0,985.25,983.8,983.85,3044
1624337400,983.75,985.2,983.5,984.45,8211
1624337700,984.2,984.95,984.1,984.15,3058
1624338000,984.15,984.6,984.0,984.25,6574
1624338300,984.25,984.6,983.25,983.25,9225
1624338600,983.25,983.5,982.5,982.5,4759
1624338900,983.0,983.05,982.05,982.4,2572
1624339200,982.4,982.5,982.2,982.5,5040
1624339500,982.5,985.0,981.8,984.5,65572
1624339800,984.5,987.65,984.3,987.3,132383
1624340100,987.3,995.3,986.65,992.75,94165
1624340400,993.25,995.6,991.7,994.85,23430
1624340700,994.7,996.15,993.4,994.6,311564
1624341000,994.6,997.8,994.5,996.7,31341
1624341300,996.7,999.0,996.7,998.0,48039
1624341600,997.55,1002.0,997.4,1000.05,67357
1624341900,1000.2,1006.8,1000.15,1003.05,208896
1624342200,1003.05,1005.0,1002.55,1002.8,34712
1624342500,1003.2,1004.4,1002.05,1004.0,38868
1624342800,1003.6,1006.4,1002.7,1006.4,35011
1624343100,1006.5,1006.5,1004.1,1004.25,31472
1624343400,1004.15,1005.0,1003.1,1003.15,16591
1624343700,1003.5,1003.6,1002.15,1003.5,16451
1624344000,1003.3,1005.7,1003.3,1005.6,21189
1624344300,1005.65,1005.7,1004.0,1004.3,14687
1624344600,1004.35,1004.55,1000.6,1001.45,38082
1624344900,1001.75,1002.0,1001.0,1001.05,15775
1624345200,1001.05,1001.75,999.95,1000.9,48469
1624345500,1000.9,1001.85,1000.45,1001.45,16134
1624345800,1001.05,1002.0,999.2,1001.9,34939
1624346100,1001.8,1001.85,1000.15,1001.8,5597
1624346400,1001.9,1002.0,1000.7,1001.35,14981
1624346700,1001.0,1001.8,1001.0,1001.0,10308
1624347000,1001.0,1001.45,1000.55,1001.3,6277
1624347300,1001.3,1001.4,1000.6,1001.0,5080
1624347600,1001.0,1001.5,1000.15,1000.3,8127
1624347900,1000.05,1000.5,997.9,998.0,17453
1624348200,998.1,999.5,998.1,999.0,10983
1624348500,998.85,1000.3,998.4,1000.0,9940
1624348800,1000.0,1001.3,1000.0,1000.85,5713
1624349100,1000.4,1001.05,1000.1,1000.65,2823
1624349400,1000.25,1000.5,998.8,999.8,9187
1624349700,999.15,1001.5,998.65,1000.1,11315
1624350000,1000.4,1001.25,1000.0,1000.75,5259
1624350300,1000.8,1000.8,999.65,999.65,8776
1624350600,1000.0,1000.8,999.65,1000.5,5647
1624350900,1000.05,1000.7,999.5,1000.65,8039
1624351200,1000.25,1000.65,1000.0,1000.0,3108
1624351500,1000.0,1001.4,1000.0,1001.05,10540
1624351800,1001.05,1003.65,1000.65,1002.4,32310
1624352100,1002.45,1005.8,1002.35,1005.3,34536
1624352400,1005.5,1006.0,1005.0,1006.0,18387
1624352700,1005.3,1011.0,1005.05,1010.25,96420
1624353000,1010.25,1010.55,1007.35,1007.8,126585
1624353300,1007.8,1008.6,1004.0,1006.8,34776
1624353600,1006.25,1008.5,1005.9,1007.05,19974
1624353900,1007.05,1009.5,1006.25,1009.05,28377
1624354200,1009.05,1009.45,1007.25,1008.2,26727
1624354500,1008.25,1008.95,1007.15,1007.8,25253
1624354800,1007.8,1008.5,1006.35,1007.65,41102
1624355100,1007.65,1007.65,1006.1,1006.5,33511
1624355400,1006.5,1007.55,1005.05,1006.5,41449
1624355700,1006.5,1007.1,1004.0,1005.0,43206
1624419900,1010.5,1012.85,1007.0,1011.5,131232
1624420200,1011.65,1015.05,1008.0,1010.0,238414
1624420500,1010.0,1010.75,1008.0,1008.25,40623
1624420800,1008.25,1008.8,1001.05,1002.85,122123
1624421100,1002.85,1008.45,1002.5,1008.45,34690
1624421400,1008.35,1008.8,1005.8,1006.45,22705
1624421700,1006.0,1006.65,1004.5,1004.7,15093
1624422000,1004.7,1005.5,1004.5,1004.5,7707
1624422300,1004.6,1004.9,1002.8,1004.4,15040
1624422600,1004.4,1004.4,1003.0,1003.3,8917
1624422900,1003.5,1004.0,1003.0,1003.5,6150
1624423200,1003.5,1005.65,1003.5,1004.0,13658
1624423500,1003.5,1003.5,1001.2,1002.55,21930
1624423800,1002.55,1003.6,1002.05,1002.9,5469
1624424100,1002.9,1003.35,1001.8,1003.0,8507
1624424400,1003.0,1005.8,1002.15,1005.8,13272
1624424700,1005.8,1009.25,1005.55,1008.05,38112
1624425000,1008.0,1008.55,1006.25,1006.95,10238
1624425300,1006.95,1007.95,1005.95,1006.7,12277
1624425600,1006.7,1008.0,1006.6,1007.5,5802
1624425900,1007.5,1008.0,1007.2,1007.2,5038
1624426200,1007.2,1007.6,1006.25,1007.05,7777
1624426500,1006.4,1007.0,1006.3,1006.55,4126
1624426800,1006.55,1006.8,1005.6,1006.2,5343
1624427100,1006.55,1006.95,1005.7,1005.9,4451
1624427400,1006.0,1006.0,1005.0,1006.0,5557
1624427700,1006.0,1006.0,1005.05,1005.6,4192
1624428000,1005.6,1006.0,1004.85,1005.3,7211
1624428300,1005.3,1006.0,1005.05,1005.8,3073
1624428600,1005.8,1011.0,1005.8,1009.5,39782
1624428900,1009.5,1009.7,1007.25,1007.7,18993
1624429200,1007.65,1008.0,1006.5,1006.55,5738
1624429500,1006.5,1007.45,1004.55,1005.0,10649
1624429800,1005.05,1007.0,1004.7,1006.0,5777
1624430100,1006.0,1006.35,1005.25,1006.15,3339
1624430400,1006.15,1006.5,1005.35,1005.85,2444
1624430700,1005.85,1006.65,1005.5,1005.85,2329
1624431000,1005.85,1006.5,1004.2,1005.65,5660
1624431300,1005.65,1006.25,1005.25,1005.25,2261
1624431600,1005.25,1005.85,1005.0,1005.05,2320
1624431900,1005.25,1006.25,1005.2,1006.25,3651
1624432200,1006.15,1006.45,1005.4,1005.75,5840
1624432500,1005.5,1006.25,1005.0,1005.35,4541
1624432800,1005.8,1006.45,1005.2,1005.7,3468
1624433100,1006.0,1006.5,1005.5,1006.25,3325
1624433400,1006.25,1008.0,1006.25,1007.45,7449
1624433700,1007.45,1008.0,1006.3,1006.65,5452
1624434000,1006.65,1007.0,1005.0,1005.05,4432
1624434300,1005.05,1005.05,1002.6,1005.0,24078
1624434600,1005.0,1006.65,1004.7,1005.95,3133
1624434900,1005.95,1006.35,1005.1,1005.75,2461
1624435200,1005.85,1006.0,1004.5,1004.85,8576
1624435500,1004.85,1005.4,1003.75,1004.1,7415
1624435800,1004.1,1004.95,1003.7,1003.9,6264
1624436100,1004.3,1005.0,1004.1,1004.35,4683
1624436400,1004.35,1005.3,1004.0,1004.3,6000
1624436700,1004.3,1005.1,1004.0,1004.5,4470
1624437000,1004.6,1005.45,1004.0,1004.6,6956
1624437300,1005.25,1008.4,1004.75,1007.65,147821
1624437600,1007.95,1008.15,1005.7,1005.7,21185
1624437900,1005.95,1006.0,1004.2,1004.7,22413
1624438200,1005.2,1005.35,1004.0,1004.05,5520
1624438500,1004.05,1004.65,1003.05,1003.15,14999
1624438800,1003.2,1004.15,1002.25,1002.45,36306
1624439100,1002.2,1002.45,999.05,1000.0,171702
1624439400,1000.0,1003.15,999.25,1003.1,33955
1624439700,1002.55,1003.9,1001.95,1002.9,22152
1624440000,1003.4,1004.45,1002.85,1003.65,24226
1624440300,1004.2,1004.25,999.55,1000.0,44503
1624440600,999.75,1003.45,999.65,1002.05,42546
1624440900,1003.5,1003.5,1001.1,1001.25,30668
1624441200,1001.25,1001.7,999.35,1000.2,41409
1624441500,1000.2,1001.05,999.5,999.8,37336
1624441800,1000.0,1000.55,999.0,999.8,42004
1624442100,999.8,1000.0,999.05,999.4,27609
1624506300,1000.1,1001.95,997.05,998.25,27695
1624506600,998.65,998.65,996.4,996.8,26792
1624506900,996.8,999.45,996.0,998.25,13859
1624507200,998.25,999.75,997.45,998.9,9697
1624507500,999.0,999.0,997.45,998.15,12921
1624507800,998.2,999.5,997.65,997.85,8144
1624508100,998.3,999.3,997.15,998.0,7572
1624508400,997.75,998.0,996.3,997.0,7942
1624508700,996.95,997.9,996.5,997.3,4146
1624509000,997.3,1000.95,997.25,999.25,13854
1624509300,999.1,1000.0,997.45,997.45,10374
1624509600,997.3,998.7,996.25,996.8,42830
1624509900,996.55,998.8,995.0,996.0,168448
1624510200,996.0,999.45,995.5,998.75,20019
1624510500,998.75,999.9,997.55,998.5,12992
1624510800,998.5,1001.8,998.5,999.15,16722
1624511100,999.3,1000.1,998.9,999.4,8274
1624511400,999.4,999.85,998.0,998.3,4020
1624511700,998.3,1000.0,998.3,998.6,5201
1624512000,998.6,999.5,998.3,998.35,3670
1624512300,998.35,999.0,998.2,998.6,2681
1624512600,998.6,999.2,998.4,998.45,4481
1624512900,998.45,999.95,998.25,999.45,3599
1624513200,999.45,1000.0,998.1,998.1,3372
1624513500,998.1,999.3,998.1,998.45,3788
1624513800,998.45,999.65,998.2,998.9,2230
1624514100,998.9,1000.75,998.9,999.85,12432
1624514400,999.85,1003.7,999.85,1002.05,26681
1624514700,1002.05,1002.7,1000.55,1001.0,18005
1624515000,1000.6,1003.25,1000.5,1002.4,17837
1624515300,1002.95,1005.45,1002.0,1004.65,70931
1624515600,1004.8,1005.0,1003.0,1004.4,16053
1624515900,1004.4,1005.3,1003.2,1003.25,10938
1624516200,1003.25,1004.05,1001.5,1002.5,7508
1624516500,1001.95,1002.55,1001.3,1001.85,5724
1624516800,1001.85,1003.85,1001.5,1002.45,5957
1624517100,1002.9,1003.65,1002.0,1003.65,5912
1624517400,1003.65,1003.7,1002.0,1002.45,4872
1624517700,1002.45,1002.55,1001.1,1001.6,6227
1624518000,1001.7,1002.3,1001.35,1001.65,3867
1624518300,1001.65,1002.8,1001.45,1001.55,3313
1624518600,1001.55,1002.25,1000.2,1000.25,4677
1624518900,1000.25,1000.85,1000.25,1000.3,4447
1624519200,1000.6,1001.45,1000.25,1001.05,4243
1624519500,1001.55,1001.55,1000.05,1000.05,3960
1624519800,1000.15,1001.7,1000.15,1001.0,7718
1624520100,1000.65,1001.3,1000.4,1000.9,5296
1624520400,1001.25,1001.5,1000.2,1000.55,2694
1624520700,1001.1,1001.45,1000.05,1000.35,7356
1624521000,1000.35,1000.8,998.9,999.25,10060
1624521300,999.25,1000.95,998.7,1000.15,7580
1624521600,1000.2,1001.1,998.7,998.75,6524
1624521900,999.3,999.75,998.85,999.05,2736
1624522200,999.05,1000.0,999.05,999.05,6406
1624522500,999.05,999.6,998.0,998.4,9093
1624522800,998.8,1000.1,998.4,999.05,7344
1624523100,999.05,1000.15,998.5,998.7,4588
1624523400,998.7,999.35,998.15,998.6,4349
1624523700,999.05,999.3,998.3,998.6,3510
1624524000,998.6,999.1,997.05,997.35,3862
1624524300,997.4,998.75,996.65,997.65,7396
1624524600,997.65,999.0,997.5,997.9,5104
1624524900,997.9,1000.0,997.65,999.55,6610
1624525200,999.4,1002.25,999.4,1000.1,13178
1624525500,1000.1,1001.85,1000.1,1001.2,4095
1624525800,1001.7,1002.0,1000.0,1001.25,7656
1624526100,1001.1,1001.35,1000.45,1000.85,4826
1624526400,1000.85,1001.4,1000.0,1000.45,7111
1624526700,1000.45,1001.55,1000.35,1000.55,5291
1624527000,1000.55,1002.15,998.95,1001.5,20248
1624527300,1001.5,1002.5,1000.65,1001.4,14826
1624527600,1001.4,1002.55,1001.05,1001.85,13038
1624527900,1001.3,1004.0,1001.3,1003.95,22717
1624528200,1003.95,1003.95,1002.35,1003.0,18466
1624528500,1003.3,1004.0,1001.1,1001.4,12981
1624592700,997.0,1001.35,995.45,997.25,37034
1624593000,997.25,1000.25,991.4,999.4,37592
1624593300,999.4,999.45,995.7,998.1,11552
1624593600,998.1,999.15,996.5,999.0,6528
1624593900,999.0,1000.5,998.3,998.6,8942
1624594200,998.45,998.45,996.0,997.5,4051
1624594500,997.5,998.85,995.15,995.55,11470
1624594800,995.55,996.3,993.55,996.3,13636
1624595100,996.3,996.3,993.8,995.1,7117
1624595400,995.0,1002.9,993.65,998.65,26632
1624595700,998.65,1002.35,998.65,1002.35,10822
1624596000,1002.35,1002.4,1000.0,1000.0,14911
1624596300,1000.0,1001.0,999.0,999.95,6753
1624596600,999.95,1000.45,998.7,1000.0,4318
1624596900,1000.0,1000.7,999.05,1000.3,13410
1624597200,1000.0,1001.5,1000.0,1000.0,6756
1624597500,1000.0,1000.5,999.85,1000.0,8594
1624597800,1000.0,1001.0,1000.0,1000.2,5112
1624598100,1000.2,1003.0,1000.0,1001.4,7346
1624598400,1001.4,1005.75,1001.15,1005.0,19293
1624598700,1005.0,1005.0,1003.6,1004.3,9285
1624599000,1004.85,1004.85,1003.2,1004.0,7205
1624599300,1004.0,1006.7,1003.75,1006.55,10303
1624599600,1006.55,1009.0,1005.75,1008.1,21308
1624599900,1008.7,1011.35,1007.55,1010.75,25808
1624600200,1010.35,1012.9,1009.15,1010.0,32762
1624600500,1010.4,1015.15,1009.95,1015.0,69431
1624600800,1015.05,1015.15,1012.05,1012.05,33816
1624601100,1012.5,1012.5,1009.0,1009.0,19952
1624601400,1009.0,1012.05,1007.4,1010.95,12584
1624601700,1010.95,1012.65,1010.2,1011.3,7415
1624602000,1010.8,1012.7,1010.8,1011.75,11183
1624602300,1011.75,1014.75,1010.55,1014.1,20998
1624602600,1014.6,1017.55,1012.8,1013.65,45785
1624602900,1013.65,1014.0,1011.0,1011.45,13595
1624603200,1011.45,1012.85,1011.1,1011.5,7106
1624603500,1011.5,1012.5,1011.5,1011.9,5128
1624603800,1012.4,1012.4,1011.0,1011.0,7096
1624604100,1011.0,1011.95,1010.0,1010.2,7880
1624604400,1010.2,1010.9,1009.6,1010.1,6844
1624604700,1010.25,1012.4,1010.1,1011.85,5378
1624605000,1011.85,1012.35,1011.3,1011.5,4150
1624605300,1011.6,1012.4,1010.75,1011.35,4271
1624605600,1011.7,1011.75,1010.2,1011.5,4664
1624605900,1011.75,1016.85,1011.6,1015.45,24031
1624606200,1015.9,1017.2,1014.7,1016.5,18109
1624606500,1016.5,1017.0,1013.0,1013.75,12041
1624606800,1014.3,1014.45,1013.3,1013.35,5327
1624607100,1013.5,1017.0,1012.5,1015.0,20719
1624607400,1015.5,1016.1,1013.65,1013.65,7316
1624607700,1013.65,1015.0,1013.65,1014.5,6881
1624608000,1014.95,1015.0,1013.6,1014.05,4821
1624608300,1014.5,1014.5,1011.2,1012.5,12442
1624608600,1013.0,1013.0,1011.6,1012.0,4839
1624608900,1012.0,1013.75,1011.2,1013.0,5199
1624609200,1013.0,1014.15,1012.1,1012.1,13691
1624609500,1012.1,1012.9,1010.7,1011.1,9650
1624609800,1011.3,1013.0,1010.3,1012.1,16613
1624610100,1012.1,1013.2,1012.05,1012.75,5021
1624610400,1012.7,1013.3,1012.5,1012.6,3993
1624610700,1012.95,1013.0,1012.0,1012.1,10362
1624611000,1012.1,1012.35,1010.25,1010.25,5636
1624611300,1010.25,1011.4,1010.25,1010.5,4632
1624611600,1010.5,1011.4,1010.5,1011.15,3390
1624611900,1011.15,1011.2,1008.55,1008.55,13741
1624612200,1008.1,1009.5,1007.7,1008.75,11825
1624612500,1008.75,1009.9,1007.5,1008.0,6699
1624612800,1008.0,1008.4,1005.35,1006.2,9364
1624613100,1006.3,1006.95,1005.05,1006.2,6712
1624613400,1006.1,1007.25,1005.55,1006.9,9552
1624613700,1006.5,1007.0,1005.85,1006.7,6897
1624614000,1006.75,1008.65,1006.25,1007.7,13137
1624614300,1007.2,1008.7,1007.05,1008.3,12408
1624614600,1007.8,1008.7,1007.3,1007.95,16972
1624614900,1007.95,1008.0,1005.3,1007.05,21536
1624851900,1010.5,1016.1,1008.5,1013.75,39097
1624852200,1013.75,1014.95,1008.4,1009.65,19984
1624852500,1009.6,1013.0,1009.15,1011.7,13349
1624852800,1011.7,1012.1,1009.65,1010.2,14833
1624853100,1010.2,1011.05,1009.05,1009.75,14153
1624853400,1009.7,1012.8,1008.65,1012.2,10283
1624853700,1012.2,1017.2,1012.0,1016.0,49667
1624854000,1016.0,1017.4,1014.4,1017.0,42730
1624854300,1017.5,1019.7,1016.45,1017.25,39692
1624854600,1017.25,1017.45,1012.25,1014.25,45209
1624854900,1014.25,1015.6,1012.7,1015.0,7816
1624855200,1015.0,1015.15,1012.55,1012.55,5277
1624855500,1012.55,1016.1,1011.75,1016.1,16805
1624855800,1016.5,1016.5,1012.2,1013.0,12050
1624856100,1013.0,1013.5,1010.35,1010.45,21702
1624856400,1010.45,1010.8,1008.35,1009.9,10035
1624856700,1009.9,1011.75,1009.5,1010.2,6373
1624857000,1010.5,1010.95,1010.1,1010.85,3792
1624857300,1010.55,1011.6,1009.0,1011.25,7503
1624857600,1011.0,1011.5,1009.5,1010.0,6426
1624857900,1010.35,1011.2,1007.3,1008.85,12867
1624858200,1008.4,1010.8,1008.4,1010.45,6794
1624858500,1010.05,1010.9,1010.0,1010.05,4901
1624858800,1010.05,1010.7,1008.85,1009.35,5106
1624859100,1009.35,1010.05,1008.5,1009.65,2491
1624859400,1009.65,1010.35,1008.85,1009.65,3440
1624859700,1009.65,1010.0,1008.9,1009.45,6500
1624860000,1009.45,1011.2,1008.85,1010.15,8201
1624860300,1010.1,1010.65,1009.1,1009.7,4694
1624860600,1009.7,1010.5,1009.15,1009.9,3828
1624860900,1010.45,1014.05,1009.95,1013.1,12433
1624861200,1013.1,1014.15,1012.3,1014.05,13991
1624861500,1014.0,1014.5,1012.7,1014.5,5861
1624861800,1014.4,1014.75,1012.35,1013.8,12404
1624862100,1013.8,1014.5,1012.4,1012.75,5334
1624862400,1012.75,1014.0,1009.9,1009.9,41089
1624862700,1010.0,1010.25,1009.0,1010.0,29893
1624863000,1010.0,1010.1,1007.7,1008.25,14924
1624863300,1008.45,1010.0,1007.2,1009.15,15308
1624863600,1009.45,1009.5,1005.85,1006.9,45227
1624863900,1006.9,1007.7,1006.85,1007.3,19246
1624864200,1007.3,1008.85,1006.8,1008.4,13291
1624864500,1008.45,1009.7,1008.35,1009.45,6483
1624864800,1009.15,1009.45,1007.65,1009.45,4268
1624865100,1009.4,1010.1,1008.75,1009.75,5920
1624865400,1010.1,1010.5,1008.35,1008.35,6464
1624865700,1007.85,1010.5,1006.65,1010.1,8576
1624866000,1010.1,1011.0,1009.75,1010.7,6032
1624866300,1011.0,1011.0,1008.4,1009.75,4332
1624866600,1009.75,1010.75,1009.55,1009.65,3864
1624866900,1009.65,1009.9,1006.65,1007.5,8157
1624867200,1007.5,1009.0,1006.8,1007.7,7145
1624867500,1007.7,1008.3,1005.0,1007.4,11086
1624867800,1007.05,1007.6,1006.1,1006.6,6936
1624868100,1006.7,1007.25,1005.0,1006.45,5512
1624868400,1007.0,1007.1,1005.6,1006.4,6043
1624868700,1006.65,1008.0,1005.65,1006.7,19809
1624869000,1006.45,1006.95,1005.5,1006.5,9048
1624869300,1006.55,1007.0,1005.8,1006.6,4706
1624869600,1006.6,1006.95,1005.65,1006.55,6556
1624869900,1006.55,1007.15,1005.45,1007.05,10213
1624870200,1007.1,1007.7,1006.75,1007.1,19252
1624870500,1007.1,1007.7,1006.85,1007.0,14686
1624870800,1007.3,1007.5,1006.25,1006.7,12260
1624871100,1006.7,1007.05,1005.25,1006.45,11309
1624871400,1006.65,1007.3,1005.95,1006.35,15583
1624871700,1007.0,1007.15,1002.6,1003.0,24876
1624872000,1003.7,1005.95,1002.0,1005.45,39683
1624872300,1005.45,1005.6,1003.4,1003.95,16066
1624872600,1004.05,1004.05,998.0,1000.65,33027
1624872900,1000.65,1003.35,999.0,1002.7,24702
1624873200,1002.95,1004.0,1001.9,1003.15,22629
1624873500,1003.15,1004.25,1001.95,1002.75,20263
1624873800,1002.8,1003.45,1001.15,1003.1,21904
1624874100,1003.25,1004.0,1001.3,1003.0,13653
1624938300,1000.1,1006.4,999.7,1004.1,18094
1624938600,1004.5,1005.6,1003.85,1004.7,10366
1624938900,1004.7,1008.75,1004.1,1005.7,11845
1624939200,1005.7,1009.1,1004.05,1008.5,13552
1624939500,1008.5,1011.0,1008.5,1009.7,10463
1624939800,1009.7,1011.8,1009.2,1011.5,10982
1624940100,1011.15,1014.7,1010.7,1013.95,34828
1624940400,1014.0,1015.0,1011.9,1013.15,59768
1624940700,1013.15,1017.3,1013.15,1016.75,64142
1624941000,1016.55,1016.55,1010.6,1012.25,68893
1624941300,1012.15,1012.9,1010.45,1012.8,28326
1624941600,1012.7,1015.0,1011.9,1012.85,17160
1624941900,1012.85,1012.85,1011.0,1011.65,15503
1624942200,1012.0,1012.5,1009.5,1010.55,16269
1624942500,1010.55,1011.75,1009.6,1010.05,19972
1624942800,1010.5,1010.5,1007.1,1007.85,29872
1624943100,1007.85,1008.85,1006.0,1006.2,16293
1624943400,1005.7,1006.7,1005.2,1006.6,11870
1624943700,1006.6,1006.95,1003.1,1005.5,15015
1624944000,1005.5,1006.3,1004.3,1004.4,6983
1624944300,1004.9,1004.9,1000.35,1000.35,24907
1624944600,1000.3,1002.15,999.0,999.95,25750
1624944900,999.95,1001.5,998.95,999.75,9348
1624945200,999.75,1000.9,997.9,1000.0,16081
1624945500,1000.05,1001.4,998.75,1000.5,16261
1624945800,1000.5,1000.75,999.8,1000.25,8033
1624946100,1000.25,1002.1,1000.0,1000.75,10808
1624946400,1001.15,1002.0,999.5,1000.5,21214
1624946700,1000.5,1001.35,999.1,1001.1,8793
1624947000,1001.1,1001.1,999.5,1000.0,5850
1624947300,1000.0,1000.95,999.0,1000.05,11987
1624947600,1000.05,1001.4,999.6,1000.5,7593
1624947900,1000.25,1000.45,999.65,1000.0,15931
1624948200,1000.0,1000.5,999.5,1000.0,12516
1624948500,1000.0,1000.45,999.05,1000.0,14695
1624948800,1000.0,1001.05,996.05,996.9,54226
1624949100,996.9,998.75,996.9,997.5,10175
1624949400,997.45,997.85,995.8,997.65,8782
1624949700,997.65,999.65,997.2,999.35,4320
1624950000,999.2,1000.0,999.0,999.95,3774
1624950300,999.95,1000.4,999.4,1000.0,6195
1624950600,1000.0,1000.15,999.0,999.65,3466
1624950900,999.75,1000.5,999.7,1000.0,6628
1624951200,1000.0,1000.5,999.75,999.85,6455
1624951500,999.85,1000.5,999.7,1000.0,4572
1624951800,999.95,1000.0,999.0,999.75,4848
1624952100,999.75,1000.05,999.25,1000.0,6215
1624952400,1000.0,1000.2,999.5,999.65,3320
1624952700,999.65,1000.15,999.2,999.6,3881
1624953000,1000.0,1000.0,999.0,999.0,2404
1624953300,999.55,1000.0,998.7,999.95,7339
1624953600,999.95,1000.45,999.35,999.55,9706
1624953900,999.75,1000.2,999.0,999.95,7356
1624954200,999.95,1000.0,998.6,999.0,20210
1624954500,999.0,1000.4,999.0,999.95,12870
1624954800,999.95,1000.55,999.55,1000.0,13747
1624955100,1000.0,1000.35,999.1,999.75,7538
1624955400,999.75,1000.0,997.35,999.9,11465
1624955700,999.9,1000.05,999.3,999.95,8442
1624956000,999.95,1000.4,999.4,999.7,12035
1624956300,999.7,999.7,999.4,999.4,6301
1624956600,999.5,1000.5,999.4,1000.0,9005
1624956900,1000.0,1000.5,999.1,999.2,6497
1624957200,999.2,1000.25,999.1,1000.0,9743
1624957500,1000.0,1000.0,998.2,998.9,12922
1624957800,999.5,1000.45,998.0,999.95,17146
1624958100,999.95,1000.35,999.05,1000.0,24206
1624958400,1000.0,1000.5,999.25,999.95,25796
1624958700,999.95,1000.6,998.2,999.65,13811
1624959000,999.65,1001.0,997.7,998.45,229779
1624959300,998.45,1000.3,998.45,999.75,232259
1624959600,999.95,1000.25,995.25,997.85,252163
1624959900,997.9,1000.3,996.55,999.35,251614
1624960200,999.55,1000.15,998.1,999.7,290297
1624960500,999.7,1002.25,998.0,998.0,174467
1625024700,1002.4,1002.7,998.45,1000.9,27669
1625025000,1000.9,1005.25,1000.3,1004.2,18986
1625025300,1004.2,1006.05,1002.55,1003.0,17453
1625025600,1002.95,1003.75,1001.25,1003.4,9631
1625025900,1003.4,1003.55,1002.05,1002.1,4716
1625026200,1002.1,1004.5,1001.85,1002.7,6563
1625026500,1002.7,1007.25,1002.55,1006.95,19589
1625026800,1007.0,1008.3,1006.35,1008.0,10061
1625027100,1008.0,1010.6,1008.0,1009.55,32517
1625027400,1009.45,1010.45,1007.5,1008.0,35312
1625027700,1007.6,1008.5,1007.2,1007.4,25564
1625028000,1007.95,1007.95,1006.25,1007.0,14176
1625028300,1006.65,1009.5,1006.65,1009.0,9470
1625028600,1009.0,1009.0,1007.95,1008.5,5209
1625028900,1008.5,1009.5,1008.0,1008.95,5522
1625029200,1008.95,1010.0,1008.95,1009.15,8792
1625029500,1009.45,1009.9,1008.05,1008.15,4939
1625029800,1008.15,1009.85,1007.45,1008.35,7302
1625030100,1008.35,1009.65,1008.35,1008.7,5055
1625030400,1008.35,1008.6,1006.5,1006.9,9952
1625030700,1006.9,1007.4,1004.75,1007.1,19705
1625031000,1007.1,1008.35,1006.75,1008.3,1668
1625031300,1008.3,1008.55,1007.3,1008.5,4298
1625031600,1008.7,1008.7,1007.1,1007.35,3787
1625031900,1007.35,1007.75,1007.1,1007.75,2579
1625032200,1007.75,1007.75,1007.2,1007.65,1518
1625032500,1007.65,1007.65,1006.7,1007.05,3807
1625032800,1007.05,1007.3,1005.45,1005.9,6454
1625033100,1005.9,1006.35,1005.7,1006.0,2549
1625033400,1006.0,1006.9,1005.75,1006.55,1496
1625033700,1006.55,1007.95,1006.5,1007.5,3367
1625034000,1007.5,1007.6,1006.6,1006.6,1901
1625034300,1006.6,1006.9,1006.0,1006.3,2467
1625034600,1006.3,1007.0,1006.2,1006.95,1955
1625034900,1006.75,1007.0,1006.4,1006.7,1551
1625035200,1006.7,1007.5,1006.55,1007.35,5048
1625035500,1007.35,1008.5,1007.3,1008.15,3154
1625035800,1008.25,1008.5,1007.8,1008.5,13581
1625036100,1008.5,1009.45,1007.55,1008.3,5090
1625036400,1009.3,1010.0,1008.75,1009.7,15786
1625036700,1009.7,1011.75,1009.7,1010.05,15563
1625037000,1010.45,1010.5,1008.45,1008.85,16913
1625037300,1008.65,1009.0,1007.0,1007.6,3965
1625037600,1007.6,1007.8,1007.0,1007.25,1650
1625037900,1007.25,1009.0,1006.5,1006.85,15871
1625038200,1006.85,1008.4,1006.5,1007.95,9804
1625038500,1007.95,1009.6,1007.6,1009.0,2688
1625038800,1008.65,1009.3,1008.2,1008.8,1208
1625039100,1008.8,1008.8,1007.3,1008.6,2845
1625039400,1008.6,1008.7,1007.15,1007.15,2060
1625039700,1007.15,1007.45,1007.05,1007.4,1587
1625040000,1007.4,1007.75,1006.2,1007.4,2703
1625040300,1007.4,1007.75,1006.65,1006.65,1520
1625040600,1006.65,1006.75,1005.1,1005.1,4833
1625040900,1005.5,1006.45,1005.15,1006.35,3313
1625041200,1006.35,1006.7,1005.9,1006.15,1975
1625041500,1006.55,1007.55,1006.05,1007.55,2884
1625041800,1007.55,1007.55,1005.4,1006.6,4962
1625042100,1006.6,1007.3,1006.1,1007.0,3059
1625042400,1007.0,1008.6,1007.0,1008.0,4097
1625042700,1008.0,1008.2,1006.25,1008.15,13324
1625043000,1008.15,1008.2,1006.65,1007.25,6773
1625043300,1007.25,1007.5,1006.2,1006.2,4816
1625043600,1006.65,1007.05,1006.0,1006.05,4632
1625043900,1006.25,1006.4,1005.15,1005.75,8421
1625044200,1005.75,1006.0,1003.85,1004.3,8269
1625044500,1004.5,1005.9,1004.25,1005.35,5384
1625044800,1005.8,1005.8,1005.0,1005.4,5578
1625045100,1005.4,1005.85,1004.75,1005.55,5434
1625045400,1005.8,1008.7,1005.7,1008.15,31098
1625045700,1008.5,1009.9,1007.55,1009.7,34639
1625046000,1009.7,1010.0,1007.75,1008.35,42958
1625046300,1008.3,1009.5,1007.3,1007.65,40656
1625046600,1008.05,1008.5,1006.55,1006.95,49793
1625046900,1006.8,1008.85,1003.05,1007.15,31434
1625111100,1009.0,1014.0,1009.0,1012.3,25258
1625111400,1012.3,1015.0,1010.45,1014.3,42373
1625111700,1013.85,1014.55,1010.65,1012.15,48240
1625112000,1012.15,1015.8,1012.0,1015.6,31695
1625112300,1015.5,1017.4,1015.0,1015.95,31423
1625112600,1016.0,1016.5,1014.75,1015.5,12110
1625112900,1015.5,1016.2,1015.25,1016.0,10127
1625113200,1016.0,1016.7,1015.5,1015.85,11631
1625113500,1015.9,1016.85,1015.75,1016.7,20100
1625113800,1016.7,1016.7,1013.0,1015.0,22279
1625114100,1015.0,1015.5,1014.65,1014.9,8670
1625114400,1015.0,1015.3,1013.55,1013.6,8426
1625114700,1013.6,1014.8,1013.1,1013.7,5633
1625115000,1013.7,1014.55,1013.7,1014.05,2964
1625115300,1014.1,1014.4,1012.35,1013.0,6592
1625115600,1012.55,1012.85,1011.25,1012.4,6341
1625115900,1012.1,1013.0,1012.05,1012.95,5694
1625116200,1012.85,1013.0,1011.0,1011.9,6465
1625116500,1011.9,1011.9,1011.5,1011.75,1807
1625116800,1011.75,1011.75,1008.15,1009.5,24315
1625117100,1009.5,1010.25,1009.45,1009.45,4962
1625117400,1009.45,1011.0,1009.45,1011.0,4934
1625117700,1011.0,1011.35,1009.55,1009.55,5886
1625118000,1009.55,1009.75,1008.75,1009.2,3172
1625118300,1009.2,1009.25,1008.65,1009.15,2791
1625118600,1009.15,1009.25,1008.55,1008.8,2457
1625118900,1008.8,1009.2,1007.0,1008.0,8895
1625119200,1008.0,1008.25,1006.4,1007.05,4333
1625119500,1007.05,1007.2,1003.55,1004.0,13267
1625119800,1004.2,1006.8,1004.1,1006.8,6531
1625120100,1006.8,1007.15,1005.75,1005.75,3295
1625120400,1005.75,1007.0,1005.75,1006.8,1898
1625120700,1006.7,1006.95,1006.7,1006.8,1433
1625121000,1006.95,1006.95,1006.8,1006.85,1715
1625121300,1006.85,1007.55,1005.5,1005.5,3856
1625121600,1005.5,1005.5,1004.5,1004.6,3123
1625121900,1004.6,1005.8,1004.5,1005.65,2490
1625122200,1005.65,1005.95,1004.95,1005.0,1293
1625122500,1005.0,1005.0,1003.1,1003.45,4125
1625122800,1003.45,1003.75,1002.6,1003.3,4322
1625123100,1003.55,1004.55,1003.2,1003.9,4178
1625123400,1003.85,1004.95,1003.5,1003.9,8052
1625123700,1003.9,1003.9,1003.0,1003.9,2050
1625124000,1003.45,1005.25,1003.45,1004.2,5921
1625124300,1004.2,1004.65,1003.55,1003.55,2499
1625124600,1003.85,1003.85,1003.0,1003.0,1672
1625124900,1003.1,1004.8,1003.0,1004.05,1952
1625125200,1004.05,1005.8,1003.9,1005.05,5589
1625125500,1005.05,1008.45,1005.0,1007.2,109956
1625125800,1007.65,1007.95,1005.35,1005.35,6411
1625126100,1005.35,1007.85,1005.35,1007.2,8903
1625126400,1007.25,1008.0,1006.95,1007.9,3678
1625126700,1007.9,1010.05,1007.2,1009.3,12672
1625127000,1009.3,1011.7,1009.3,1011.0,6169
1625127300,1011.0,1011.0,1010.0,1010.0,10479
1625127600,1010.1,1010.5,1010.0,1010.0,25280
1625127900,1010.0,1010.8,1010.0,1010.45,5918
1625128200,1010.45,1010.5,1009.85,1010.1,7445
1625128500,1010.05,1012.3,1009.45,1011.65,9176
1625128800,1011.65,1011.65,1010.4,1010.55,3162
1625129100,1010.55,1010.55,1008.2,1009.65,6748
1625129400,1009.65,1010.95,1007.75,1010.3,13907
1625129700,1010.3,1010.6,1009.55,1010.3,6033
1625130000,1010.3,1010.4,1008.8,1009.7,5494
1625130300,1009.7,1010.25,1008.55,1009.35,5474
1625130600,1009.45,1009.45,1007.7,1009.2,14338
1625130900,1009.2,1009.5,1007.2,1007.9,9714
1625131200,1007.85,1007.9,1006.65,1007.5,8025
1625131500,1007.6,1008.05,1006.25,1007.85,7359
1625131800,1007.85,1008.1,1006.15,1006.75,9306
1625132100,1007.0,1007.2,1006.05,1007.2,11825
1625132400,1007.2,1007.75,1006.2,1006.9,29307
1625132700,1007.15,1007.15,1005.65,1006.45,17293
1625133000,1006.45,1007.45,1005.7,1006.95,16135
1625133300,1007.25,1008.4,1005.2,1007.0,13906
1625197500,1010.9,1010.9,1003.0,1004.65,15421
1625197800,1004.0,1005.0,1001.8,1003.9,10458
1625198100,1003.9,1004.95,1001.55,1004.25,6558
1625198400,1004.15,1004.4,1002.0,1002.0,5766
1625198700,1002.0,1002.65,1000.05,1000.45,6372
1625199000,1000.4,1002.05,1000.4,1001.6,3222
1625199300,1001.6,1002.4,1001.2,1001.2,4601
1625199600,1001.05,1001.05,999.3,999.5,8321
1625199900,999.4,1000.2,997.8,1000.05,12440
1625200200,999.9,1000.25,999.3,999.55,3144
1625200500,1000.0,1000.5,1000.0,1000.25,2797
1625200800,1000.3,1000.5,1000.0,1000.45,2626
1625201100,1000.45,1001.3,1000.0,1001.0,2375
1625201400,1000.9,1001.35,1000.0,1000.45,3010
1625201700,1000.45,1001.85,999.6,1001.15,9531
1625202000,1001.15,1001.55,1000.05,1000.05,3524
1625202300,1000.0,1000.5,1000.0,1000.0,915
1625202600,1000.0,1000.15,998.0,998.1,18242
1625202900,998.45,998.55,996.3,996.65,114878
1625203200,996.65,998.35,996.05,996.7,11589
1625203500,996.65,999.2,996.6,999.2,7721
1625203800,999.2,1001.7,999.2,1001.7,4818
1625204100,1001.7,1001.7,1000.4,1001.2,3696
1625204400,1001.0,1001.55,1000.25,1001.5,4877
1625204700,1001.5,1002.35,1000.1,1002.25,3583
1625205000,1002.25,1003.6,1002.15,1003.15,4831
1625205300,1003.15,1003.3,1002.2,1003.0,2427
1625205600,1002.95,1002.95,1002.05,1002.35,3885
1625205900,1002.8,1003.65,1002.0,1002.3,4081
1625206200,1002.3,1002.65,1000.6,1001.8,3113
1625206500,1001.7,1006.1,1001.65,1005.05,18457
1625206800,1004.55,1006.4,1004.5,1006.4,3643
1625207100,1006.4,1007.55,1004.8,1005.75,3718
1625207400,1005.75,1007.95,1005.15,1007.95,6142
1625207700,1008.0,1008.55,1006.1,1006.75,6853
1625208000,1006.65,1006.7,1005.25,1006.5,2950
1625208300,1006.5,1008.0,1006.35,1007.75,4065
1625208600,1007.6,1007.8,1005.35,1005.65,1531
1625208900,1006.0,1007.45,1005.45,1006.85,7157
1625209200,1006.9,1007.4,1006.2,1007.0,5668
1625209500,1007.35,1007.4,1005.45,1005.6,2518
1625209800,1005.6,1006.65,1005.5,1005.9,1554
1625210100,1005.85,1006.5,1005.55,1005.95,2969
1625210400,1005.95,1006.5,1004.8,1005.3,5612
1625210700,1005.25,1006.45,1003.3,1005.4,9329
1625211000,1005.4,1005.8,1003.6,1004.9,6029
1625211300,1004.9,1005.85,1004.25,1004.7,1385
1625211600,1004.7,1005.0,1004.0,1004.4,2010
1625211900,1004.15,1004.75,1003.6,1004.3,1722
1625212200,1004.3,1005.2,1003.85,1004.9,4673
1625212500,1004.9,1005.0,1004.2,1004.8,3556
1625212800,1004.8,1005.0,1004.05,1004.7,2696
1625213100,1004.7,1005.55,1004.1,1004.65,2397
1625213400,1004.65,1005.2,1004.35,1005.0,3402
1625213700,1005.05,1005.05,1003.3,1003.95,2977
1625214000,1003.95,1004.7,1003.8,1004.35,2483
1625214300,1004.35,1004.35,1003.1,1003.3,3454
1625214600,1003.25,1003.25,1002.2,1002.75,3859
1625214900,1002.55,1005.4,1002.5,1005.0,13580
1625215200,1005.3,1005.4,1004.45,1004.5,2748
1625215500,1004.45,1004.7,1003.0,1003.4,8662
1625215800,1003.4,1004.5,1003.4,1004.35,4644
1625216100,1004.35,1004.5,1004.0,1004.35,5256
1625216400,1004.35,1005.0,1004.05,1004.95,4739
1625216700,1004.85,1005.15,1004.75,1004.8,3820
1625217000,1004.8,1005.05,1004.4,1004.8,4058
1625217300,1004.75,1005.1,1004.55,1005.0,3758
1625217600,1004.85,1005.8,1004.25,1005.0,6268
1625217900,1005.35,1005.4,1004.35,1004.45,8454
1625218200,1004.65,1007.25,1004.6,1006.8,16615
1625218500,1006.75,1007.1,1005.25,1006.45,18690
1625218800,1006.9,1007.2,1005.5,1006.4,15599
1625219100,1006.6,1008.0,1006.55,1007.45,21620
1625219400,1007.65,1008.9,1007.55,1008.65,14974
1625219700,1008.9,1010.0,1004.15,1006.1,15172
1625456700,1014.0,1014.95,1008.9,1010.05,18866
1625457000,1010.1,1012.7,1009.05,1012.0,9007
1625457300,1012.4,1012.4,1009.85,1011.45,6453
1625457600,1011.4,1011.4,1008.5,1008.7,5110
1625457900,1009.25,1010.25,1007.15,1009.15,5813
1625458200,1009.65,1010.3,1008.9,1009.55,2652
1625458500,1009.55,1010.0,1008.65,1009.8,4942
1625458800,1008.7,1009.3,1007.85,1008.2,5816
1625459100,1008.2,1009.2,1008.2,1008.6,3444
1625459400,1008.6,1009.25,1008.2,1008.7,2377
1625459700,1008.7,1010.0,1008.7,1009.45,4568
1625460000,1009.5,1012.3,1009.0,1011.45,5130
1625460300,1011.45,1012.5,1010.05,1010.05,4147
1625460600,1010.05,1010.65,1010.0,1010.65,1035
1625460900,1010.65,1011.7,1010.1,1010.6,2241
1625461200,1011.45,1011.85,1007.6,1007.9,23321
1625461500,1008.5,1009.4,1007.65,1008.85,3264
1625461800,1008.85,1009.45,1008.4,1009.45,1668
1625462100,1009.25,1010.0,1008.75,1009.95,1259
1625462400,1009.55,1009.9,1008.15,1009.1,1615
1625462700,1009.1,1010.45,1008.2,1010.4,4175
1625463000,1010.35,1011.0,1009.5,1011.0,5033
1625463300,1011.4,1011.9,1010.9,1010.9,3303
1625463600,1010.9,1012.0,1009.65,1011.45,1981
1625463900,1011.45,1013.5,1010.35,1012.25,12250
1625464200,1012.25,1013.7,1010.95,1013.0,7499
1625464500,1013.0,1013.75,1012.5,1013.75,9510
1625464800,1013.75,1014.4,1013.45,1014.3,5212
1625465100,1014.3,1014.3,1011.45,1011.45,18839
1625465400,1011.45,1013.7,1011.25,1012.4,20001
1625465700,1012.4,1013.5,1012.3,1013.05,55984
1625466000,1013.05,1013.5,1011.8,1013.5,4475
1625466300,1013.6,1014.3,1012.8,1013.15,4239
1625466600,1012.9,1014.0,1012.9,1013.15,2765
1625466900,1013.15,1014.0,1013.0,1013.35,3729
1625467200,1013.35,1014.0,1013.05,1013.35,2714
1625467500,1013.0,1013.8,1011.55,1011.55,5763
1625467800,1012.0,1012.0,1011.0,1011.55,3018
1625468100,1011.0,1011.45,1010.2,1010.9,3027
1625468400,1010.95,1012.2,1010.65,1012.0,3859
1625468700,1012.0,1013.0,1011.0,1011.4,1554
1625469000,1011.4,1012.3,1010.6,1010.75,2045
1625469300,1010.75,1012.5,1010.75,1012.15,2115
1625469600,1012.15,1012.15,1011.0,1011.1,2672
1625469900,1011.1,1012.3,1011.1,1012.25,1838
1625470200,1012.25,1013.0,1011.7,1012.2,2313
1625470500,1012.2,1012.2,1011.1,1011.35,2671
1625470800,1011.45,1012.0,1011.0,1011.95,2098
1625471100,1011.95,1013.0,1011.35,1011.65,3871
1625471400,1011.65,1012.5,1011.4,1012.45,2171
1625471700,1012.45,1012.85,1011.6,1011.8,1751
1625472000,1012.45,1012.55,1011.7,1012.1,1784
1625472300,1012.1,1012.3,1011.2,1012.15,2711
1625472600,1012.3,1012.9,1011.8,1012.45,2413
1625472900,1012.45,1012.5,1011.65,1012.15,2255
1625473200,1012.15,1012.45,1011.65,1012.2,3188
1625473500,1012.25,1012.25,1010.4,1010.55,5641
1625473800,1011.0,1011.5,1010.5,1010.9,5238
1625474100,1010.9,1011.95,1010.75,1011.95,2310
1625474400,1011.95,1011.95,1010.6,1010.85,2867
1625474700,1010.85,1011.65,1010.75,1011.05,4135
1625475000,1011.05,1011.5,1010.8,1011.3,2728
1625475300,1011.3,1011.45,1010.25,1011.3,2313
1625475600,1010.65,1011.3,1010.5,1010.7,2400
1625475900,1010.65,1011.3,1010.5,1011.2,3072
1625476200,1011.2,1011.6,1010.85,1011.35,2015
1625476500,1011.35,1012.5,1011.35,1012.0,3078
1625476800,1012.0,1012.35,1010.75,1011.55,3929
1625477100,1011.55,1011.75,1010.55,1011.1,5139
1625477400,1011.2,1012.0,1010.85,1012.0,6025
1625477700,1012.0,1012.0,1010.6,1011.2,6735
1625478000,1011.2,1011.5,1010.55,1010.95,6781
1625478300,1010.95,1011.0,1009.3,1009.4,10849
1625478600,1009.05,1010.45,1009.05,1009.25,12588
1625478900,1009.25,1009.6,1005.8,1009.0,15294
1625543100,1010.95,1012.0,1006.1,1008.65,13697
1625543400,1008.2,1012.65,1008.2,1012.65,12524
1625543700,1012.0,1017.35,1012.0,1015.8,42431
1625544000,1015.85,1019.0,1015.6,1019.0,31380
1625544300,1018.55,1023.85,1018.5,1021.9,99045
1625544600,1020.7,1024.7,1019.15,1023.5,69027
1625544900,1023.5,1027.7,1021.05,1026.55,88372
1625545200,1026.55,1029.0,1023.35,1027.2,217533
1625545500,1027.2,1027.85,1024.0,1026.3,33184
1625545800,1026.05,1026.4,1022.65,1024.2,25848
1625546100,1024.0,1025.5,1023.3,1024.0,19505
1625546400,1024.05,1025.45,1024.0,1024.2,12562
1625546700,1024.75,1025.65,1023.55,1025.1,12563
1625547000,1025.1,1025.4,1023.5,1023.7,8064
1625547300,1023.5,1024.0,1022.9,1022.9,7058
1625547600,1023.2,1026.4,1022.2,1025.75,33099
1625547900,1025.8,1027.6,1025.1,1026.15,23119
1625548200,1026.1,1026.6,1024.45,1025.0,17570
1625548500,1025.0,1025.0,1024.35,1024.5,6009
1625548800,1024.85,1025.5,1024.15,1024.65,8487
1625549100,1024.65,1024.75,1024.0,1024.55,7829
1625549400,1024.6,1024.7,1023.4,1024.7,10566
1625549700,1024.5,1025.6,1024.15,1025.6,9597
1625550000,1025.8,1026.5,1024.9,1026.2,8584
1625550300,1026.3,1027.45,1025.85,1027.0,12143
1625550600,1027.0,1027.9,1026.65,1027.0,13798
1625550900,1027.0,1027.65,1026.8,1027.3,8500
1625551200,1026.9,1027.5,1026.3,1026.9,11125
1625551500,1027.45,1027.5,1027.0,1027.4,6303
1625551800,1027.4,1027.5,1025.6,1026.0,11096
1625552100,1026.0,1028.0,1026.0,1027.3,12932
1625552400,1027.35,1029.9,1027.1,1029.8,38444
1625552700,1029.6,1029.9,1028.5,1029.85,26267
1625553000,1029.85,1031.0,1028.65,1030.5,56133
1625553300,1030.5,1032.65,1030.4,1031.9,47935
1625553600,1031.9,1032.9,1030.2,1031.35,36285
1625553900,1031.35,1031.9,1029.3,1031.9,20795
1625554200,1031.9,1032.45,1029.9,1029.9,18960
1625554500,1029.9,1031.5,1029.75,1031.0,7898
1625554800,1031.0,1031.3,1030.0,1030.45,9695
1625555100,1030.55,1030.6,1028.65,1030.0,23629
1625555400,1030.0,1030.5,1029.15,1029.65,6148
1625555700,1029.7,1031.2,1027.5,1031.2,23466
1625556000,1031.35,1031.75,1030.0,1030.3,9194
1625556300,1030.35,1030.95,1030.0,1030.3,5877
1625556600,1030.4,1031.4,1030.1,1031.0,5507
1625556900,1031.0,1031.5,1030.25,1030.25,11397
1625557200,1030.25,1030.6,1028.85,1029.05,9411
1625557500,1029.05,1029.9,1028.8,1028.95,5906
1625557800,1028.95,1029.9,1028.8,1029.3,5053
1625558100,1029.35,1029.95,1029.0,1029.2,5538
1625558400,1029.3,1029.35,1028.1,1028.9,7915
1625558700,1028.85,1029.3,1025.95,1027.65,18460
1625559000,1027.65,1029.15,1027.5,1029.0,7053
1625559300,1028.95,1029.5,1028.0,1029.3,7791
1625559600,1029.3,1029.6,1028.1,1028.3,9751
1625559900,1028.3,1029.05,1026.35,1026.5,7777
1625560200,1026.5,1028.9,1026.5,1027.9,5416
1625560500,1027.95,1028.25,1026.55,1026.65,10050
1625560800,1027.0,1027.15,1023.65,1024.95,21043
1625561100,1024.9,1026.0,1024.0,1025.45,9717
1625561400,1025.5,1025.5,1023.0,1023.0,23158
1625561700,1023.55,1024.1,1021.35,1021.5,27113
1625562000,1021.45,1021.7,1017.5,1019.4,46770
1625562300,1019.4,1021.95,1019.0,1020.85,18584
1625562600,1021.0,1023.6,1020.45,1023.3,15469
1625562900,1023.65,1024.8,1022.0,1023.15,19931
1625563200,1023.4,1027.6,1022.5,1027.6,27464
1625563500,1027.5,1027.7,1025.6,1026.7,15973
1625563800,1026.7,1026.7,1022.4,1022.85,20942
1625564100,1023.3,1023.7,1022.05,1022.3,21047
1625564400,1022.35,1022.6,1020.0,1022.2,22567
1625564700,1022.2,1024.25,1021.75,1023.65,21428
1625565000,1023.95,1025.2,1022.35,1025.05,24931
1625565300,1024.95,1025.0,1023.75,1025.0,15129
1625629500,1023.5,1027.0,1021.4,1026.15,44846
1625629800,1025.05,1025.05,1021.5,1022.25,22653
1625630100,1022.25,1022.25,1018.65,1019.5,14340
1625630400,1018.85,1022.85,1018.85,1022.85,10844
1625630700,1023.0,1023.4,1021.2,1022.4,7481
1625631000,1022.4,1022.45,1020.6,1020.6,3448
1625631300,1020.55,1020.6,1019.65,1019.9,7948
1625631600,1019.9,1021.0,1019.0,1019.9,11746
1625631900,1019.6,1021.0,1019.55,1021.0,4109
1625632200,1021.05,1021.05,1019.95,1020.2,5953
1625632500,1020.2,1020.85,1020.0,1020.25,15466
1625632800,1020.25,1021.3,1019.6,1020.5,4800
1625633100,1020.5,1021.85,1020.45,1020.75,6550
1625633400,1021.0,1021.0,1019.0,1021.0,8629
1625633700,1021.0,1021.7,1020.6,1021.2,1868
1625634000,1021.2,1021.95,1021.2,1021.35,1766
1625634300,1021.35,1022.5,1020.0,1022.5,24866
1625634600,1022.5,1022.5,1021.55,1022.0,8436
1625634900,1022.0,1022.3,1021.95,1022.0,4390
1625635200,1022.0,1022.95,1021.95,1022.75,20180
1625635500,1022.75,1022.75,1021.7,1022.1,10615
1625635800,1022.1,1023.0,1021.65,1022.0,7186
1625636100,1022.0,1024.0,1022.0,1023.0,6983
1625636400,1023.0,1024.3,1023.0,1023.95,5778
1625636700,1023.95,1023.95,1022.65,1023.0,5808
1625637000,1023.0,1023.0,1022.0,1022.45,6797
1625637300,1022.2,1022.55,1020.1,1020.2,9594
1625637600,1020.2,1022.5,1020.2,1022.3,12688
1625637900,1022.3,1022.5,1021.75,1021.9,21653
1625638200,1021.95,1022.5,1021.0,1021.95,54388
1625638500,1022.0,1022.5,1021.1,1022.0,25266
1625638800,1022.0,1022.25,1019.3,1019.95,47601
1625639100,1019.95,1020.25,1018.0,1018.0,9342
1625639400,1018.0,1019.35,1015.2,1015.3,16412
1625639700,1015.65,1018.55,1014.1,1017.2,12878
1625640000,1017.2,1019.0,1016.4,1016.8,10511
1625640300,1016.8,1018.0,1014.6,1018.0,3885
1625640600,1018.0,1019.0,1017.1,1017.55,2049
1625640900,1017.6,1018.75,1017.6,1018.5,1477
1625641200,1018.6,1019.7,1018.2,1018.65,4033
1625641500,1019.0,1019.3,1017.8,1017.9,1627
1625641800,1017.6,1018.0,1017.15,1017.7,1598
1625642100,1017.7,1018.35,1017.6,1017.9,799
1625642400,1018.2,1018.2,1016.25,1017.0,3927
1625642700,1016.45,1017.7,1016.45,1017.4,2071
1625643000,1017.4,1020.0,1017.0,1018.45,120913
1625643300,1018.45,1019.0,1017.0,1018.15,11897
1625643600,1018.15,1019.0,1017.7,1018.8,3951
1625643900,1018.8,1018.8,1017.65,1018.05,3977
1625644200,1018.05,1018.4,1017.0,1017.25,8292
1625644500,1017.1,1018.2,1017.0,1018.2,5260
1625644800,1018.2,1018.75,1016.9,1017.05,6026
1625645100,1017.45,1017.65,1016.9,1017.0,3720
1625645400,1017.0,1017.65,1016.45,1017.5,4698
1625645700,1017.5,1018.35,1017.2,1018.35,3748
1625646000,1017.65,1018.85,1017.65,1018.75,4995
1625646300,1018.75,1018.8,1017.0,1017.3,4172
1625646600,1017.95,1018.15,1016.7,1017.0,2258
1625646900,1017.0,1017.5,1016.8,1017.3,3149
1625647200,1017.3,1017.3,1016.7,1017.0,1676
1625647500,1017.0,1017.0,1016.7,1016.75,1376
1625647800,1017.0,1017.0,1016.3,1016.8,2384
1625648100,1016.8,1016.95,1016.2,1016.75,1950
1625648400,1016.75,1016.75,1015.65,1016.15,6166
1625648700,1015.8,1016.6,1015.55,1016.25,5830
1625649000,1016.75,1016.95,1016.0,1016.9,3637
1625649300,1016.55,1016.85,1015.75,1016.3,3228
1625649600,1016.3,1016.85,1015.2,1015.45,3489
1625649900,1015.75,1015.9,1013.65,1015.55,6769
1625650200,1016.0,1017.0,1015.25,1015.3,11983
1625650500,1015.2,1015.95,1014.5,1015.0,15260
1625650800,1014.95,1015.0,1014.0,1014.5,17968
1625651100,1014.75,1014.75,1013.3,1014.1,31639
1625651400,1014.2,1014.45,1012.55,1014.15,32451
1625651700,1014.35,1015.65,1014.0,1015.0,36838
1625715900,1010.75,1017.45,1010.75,1017.05,18117
1625716200,1017.05,1018.2,1011.95,1011.95,19286
1625716500,1011.0,1014.45,1011.0,1013.65,11814
1625716800,1013.65,1014.7,1013.35,1014.1,6817
1625717100,1013.7,1014.45,1012.9,1014.05,5807
1625717400,1014.05,1014.75,1013.1,1014.4,6526
1625717700,1014.4,1014.4,1012.5,1012.7,2955
1625718000,1012.7,1013.65,1012.1,1012.5,4004
1625718300,1012.5,1012.85,1011.2,1012.5,7843
1625718600,1012.8,1013.3,1011.65,1013.0,6921
1625718900,1013.0,1013.8,1011.05,1011.5,5551
1625719200,1011.65,1013.45,1011.35,1012.0,5644
1625719500,1012.0,1013.65,1010.15,1013.05,9752
1625719800,1013.05,1013.1,1011.55,1012.45,5387
1625720100,1012.45,1013.1,1011.6,1012.45,3714
1625720400,1012.4,1013.5,1011.55,1013.2,4921
1625720700,1013.4,1018.5,1012.6,1016.4,24852
1625721000,1016.05,1016.75,1014.65,1015.95,11201
1625721300,1015.95,1016.55,1015.4,1015.4,6703
1625721600,1015.3,1017.2,1015.1,1016.3,7954
1625721900,1016.15,1017.5,1016.1,1017.0,6149
1625722200,1016.95,1017.5,1015.5,1015.75,5906
1625722500,1015.75,1016.5,1015.0,1016.5,10970
1625722800,1016.5,1016.85,1015.0,1016.15,5455
1625723100,1016.7,1016.7,1015.35,1016.0,3918
1625723400,1016.0,1017.35,1015.35,1016.3,3894
1625723700,1016.3,1016.65,1014.75,1015.1,5419
1625724000,1015.1,1015.4,1014.4,1014.7,2516
1625724300,1014.7,1015.95,1014.6,1015.3,4369
1625724600,1015.3,1015.75,1013.55,1013.8,4038
1625724900,1013.8,1014.5,1013.2,1014.15,5428
1625725200,1014.15,1015.8,1013.55,1014.4,4579
1625725500,1014.4,1016.9,1014.25,1016.3,6683
1625725800,1016.3,1016.6,1014.75,1015.4,6044
1625726100,1015.4,1016.3,1014.7,1015.95,5786
1625726400,1015.45,1016.05,1013.8,1013.85,7112
1625726700,1013.85,1014.1,1012.7,1013.05,9340
1625727000,1013.05,1014.35,1012.65,1013.5,5151
1625727300,1013.5,1013.7,1012.6,1012.9,3750
1625727600,1012.9,1013.0,1011.5,1011.95,4648
1625727900,1011.95,1012.2,1010.45,1011.5,5982
1625728200,1011.5,1013.9,1011.2,1013.5,6573
1625728500,1013.5,1013.5,1010.5,1010.7,4744
1625728800,1010.7,1011.55,1010.0,1010.45,4583
1625729100,1010.45,1011.9,1010.45,1011.45,4317
1625729400,1011.45,1011.65,1010.0,1010.4,4955
1625729700,1010.0,1010.8,1009.05,1010.8,8140
1625730000,1010.8,1011.5,1009.35,1009.4,3497
1625730300,1009.4,1009.45,1007.7,1008.4,8175
1625730600,1008.4,1009.45,1007.6,1009.15,3716
1625730900,1009.15,1009.25,1007.9,1008.8,3456
1625731200,1008.8,1009.1,1008.15,1008.15,2684
1625731500,1008.15,1008.5,1007.5,1008.25,7507
1625731800,1008.25,1010.5,1007.75,1010.5,3829
1625732100,1010.5,1010.55,1008.45,1008.45,2814
1625732400,1008.45,1008.45,1007.0,1007.05,5817
1625732700,1006.9,1007.05,1004.0,1004.45,6808
1625733000,1004.15,1004.4,1002.1,1003.7,6809
1625733300,1003.7,1005.65,1003.0,1004.6,4027
1625733600,1004.6,1005.1,1003.95,1004.6,3593
1625733900,1004.6,1006.7,1003.65,1004.15,9814
1625734200,1004.15,1007.45,1004.05,1006.55,14297
1625734500,1006.55,1012.2,1006.3,1009.8,24039
1625734800,1010.75,1011.55,1008.95,1010.0,10673
1625735100,1010.0,1011.0,1009.5,1011.0,10271
1625735400,1011.0,1012.0,1009.75,1010.65,17426
1625735700,1011.15,1014.0,1011.05,1013.3,10057
1625736000,1013.3,1013.7,1012.0,1012.55,7043
1625736300,1012.0,1012.8,1012.0,1012.0,6881
1625736600,1012.5,1017.0,1012.0,1016.6,34619
1625736900,1016.95,1020.95,1015.95,1020.85,65854
1625737200,1020.95,1024.8,1020.8,1024.75,63734
1625737500,1024.75,1026.0,1021.5,1023.5,74149
1625737800,1023.85,1023.95,1020.65,1023.65,59620
1625738100,1023.65,1024.0,1021.75,1023.45,70103
1625802300,1014.1,1028.0,1014.1,1025.75,57387
1625802600,1025.45,1025.45,1012.55,1017.2,99252
1625802900,1017.0,1017.35,1013.1,1013.65,28980
1625803200,1013.75,1019.0,1013.6,1018.1,28001
1625803500,1018.2,1018.25,1016.25,1017.0,10795
1625803800,1017.0,1022.0,1017.0,1019.95,21371
1625804100,1019.9,1019.9,1016.0,1017.3,13247
1625804400,1017.3,1019.0,1016.95,1019.0,7719
1625804700,1019.0,1021.7,1019.0,1021.7,13814
1625805000,1021.7,1022.4,1019.8,1020.45,11762
1625805300,1020.45,1021.9,1020.05,1021.7,6706
1625805600,1021.9,1022.45,1021.3,1022.4,9906
1625805900,1022.4,1024.0,1022.0,1022.95,14931
1625806200,1023.2,1023.65,1022.2,1023.3,8372
1625806500,1023.3,1024.0,1023.3,1023.8,5650
1625806800,1023.8,1023.8,1021.65,1023.35,11294
1625807100,1023.4,1024.0,1022.2,1022.7,7508
1625807400,1022.7,1023.15,1020.55,1020.75,9659
1625807700,1020.75,1021.55,1020.2,1020.2,6202
1625808000,1020.2,1020.5,1019.25,1020.5,10027
1625808300,1020.15,1021.1,1019.0,1019.8,7409
1625808600,1019.1,1019.1,1017.95,1018.35,7051
1625808900,1018.35,1018.75,1017.1,1018.5,5105
1625809200,1018.5,1019.95,1018.5,1019.3,6610
1625809500,1019.3,1019.65,1017.6,1018.35,3780
1625809800,1018.35,1019.05,1017.35,1019.05,7286
1625810100,1019.05,1019.95,1018.35,1019.95,4631
1625810400,1020.0,1020.0,1016.05,1017.4,7031
1625810700,1017.4,1019.85,1017.4,1019.25,5320
1625811000,1019.25,1020.9,1018.9,1020.65,4732
1625811300,1020.65,1021.1,1020.4,1020.9,6277
1625811600,1020.9,1022.0,1020.3,1021.5,6212
1625811900,1021.5,1021.5,1020.0,1020.4,6478
1625812200,1020.4,1021.25,1020.25,1021.0,7528
1625812500,1021.0,1021.5,1020.3,1020.45,6731
1625812800,1020.45,1021.0,1020.0,1020.25,5399
1625813100,1020.25,1020.3,1016.8,1017.25,13570
1625813400,1017.25,1019.0,1017.25,1017.85,6461
1625813700,1017.85,1018.15,1016.05,1016.35,4893
1625814000,1016.35,1019.2,1016.35,1017.85,10574
1625814300,1017.85,1021.0,1017.7,1020.35,6818
1625814600,1020.35,1020.5,1019.5,1019.6,5885
1625814900,1019.6,1021.95,1018.55,1021.9,9096
1625815200,1021.9,1022.25,1021.3,1021.7,11688
1625815500,1021.7,1021.8,1019.8,1019.8,8746
1625815800,1019.8,1020.75,1019.25,1019.85,9709
1625816100,1019.85,1020.7,1018.55,1020.4,12063
1625816400,1020.4,1021.7,1019.9,1020.65,6451
1625816700,1020.65,1020.65,1018.85,1019.15,4865
1625817000,1019.1,1021.15,1019.05,1019.6,9406
1625817300,1019.7,1021.05,1019.65,1020.2,8123
1625817600,1020.2,1021.8,1019.8,1020.55,5572
1625817900,1020.4,1020.95,1019.35,1019.6,6431
1625818200,1019.6,1020.5,1019.6,1020.4,3345
1625818500,1020.4,1020.5,1017.8,1019.65,7301
1625818800,1019.65,1020.3,1019.15,1019.95,6724
1625819100,1019.95,1020.3,1019.95,1020.25,4718
1625819400,1020.2,1021.0,1019.85,1019.85,7699
1625819700,1019.85,1020.7,1019.05,1020.25,5595
1625820000,1020.25,1021.0,1019.1,1019.1,8673
1625820300,1019.1,1019.7,1018.95,1019.6,4362
1625820600,1019.6,1020.75,1019.45,1020.6,4654
1625820900,1020.85,1020.95,1019.7,1019.9,7691
1625821200,1019.9,1019.9,1017.0,1018.0,15338
1625821500,1018.0,1020.0,1017.9,1019.75,7655
1625821800,1019.75,1020.95,1019.6,1020.5,7712
1625822100,1020.5,1021.2,1020.3,1020.75,13493
1625822400,1020.75,1021.5,1018.05,1019.25,22027
1625822700,1019.25,1019.35,1017.1,1018.3,10800
1625823000,1018.3,1018.6,1017.0,1018.1,15144
1625823300,1018.1,1018.7,1017.2,1018.25,18234
1625823600,1018.35,1020.75,1014.8,1020.55,39286
1625823900,1020.5,1022.0,1019.1,1021.1,44338
1625824200,1021.1,1021.65,1020.1,1021.65,39703
1625824500,1020.85,1021.4,1016.2,1019.7,12730
1626061500,1019.7,1024.55,1019.65,1024.1,16999
1626061800,1024.1,1024.7,1021.55,1022.05,11077
1626062100,1022.7,1022.7,1020.0,1021.5,6243
1626062400,1021.35,1022.0,1020.55,1020.55,6370
1626062700,1020.3,1020.95,1020.0,1020.6,4935
1626063000,1020.6,1021.05,1018.95,1019.5,4883
1626063300,1019.8,1020.55,1019.5,1019.5,4685
1626063600,1019.35,1020.5,1019.35,1019.85,2909
1626063900,1019.85,1024.5,1019.55,1024.15,7215
1626064200,1023.2,1024.65,1022.8,1024.3,28149
1626064500,1023.95,1027.0,1023.75,1025.75,43748
1626064800,1025.75,1027.0,1024.25,1027.0,12339
1626065100,1027.0,1027.85,1025.0,1025.15,10486
1626065400,1025.15,1025.55,1022.85,1023.45,10139
1626065700,1023.45,1025.75,1022.7,1025.75,6744
1626066000,1025.75,1030.4,1025.7,1030.0,39365
1626066300,1029.75,1030.55,1028.0,1028.55,15842
1626066600,1028.15,1029.65,1027.6,1029.5,6064
1626066900,1029.5,1030.0,1027.4,1027.6,8514
1626067200,1027.8,1029.35,1027.6,1029.15,6354
1626067500,1029.15,1031.0,1028.15,1028.9,10929
1626067800,1028.9,1029.65,1028.4,1028.5,4518
1626068100,1028.5,1029.0,1027.9,1028.95,6632
1626068400,1028.95,1028.95,1027.95,1028.5,2669
1626068700,1028.5,1028.7,1027.65,1028.2,3979
1626069000,1027.85,1029.25,1027.85,1029.0,5191
1626069300,1029.0,1029.05,1028.15,1028.8,5066
1626069600,1028.8,1029.25,1028.0,1028.95,3990
1626069900,1029.05,1029.65,1028.4,1029.65,6497
1626070200,1029.65,1029.75,1028.05,1028.65,8626
1626070500,1028.7,1028.7,1025.1,1026.95,16335
1626070800,1027.05,1029.3,1026.75,1027.15,5036
1626071100,1027.15,1027.85,1026.45,1027.05,4308
1626071400,1027.05,1028.5,1027.05,1028.0,3538
1626071700,1028.0,1030.0,1028.0,1029.95,9041
1626072000,1029.95,1030.7,1028.6,1030.7,8018
1626072300,1030.7,1031.0,1028.9,1030.35,12097
1626072600,1030.35,1030.35,1028.85,1029.85,4539
1626072900,1029.85,1029.9,1028.9,1029.7,4212
1626073200,1029.55,1030.5,1027.6,1028.0,11668
1626073500,1028.0,1029.0,1027.7,1028.45,5833
1626073800,1028.35,1028.9,1028.0,1028.05,2969
1626074100,1028.05,1029.0,1028.0,1028.05,2958
1626074400,1028.05,1029.55,1028.05,1029.05,2785
1626074700,1029.0,1029.3,1028.0,1028.0,3461
1626075000,1028.0,1028.3,1026.95,1027.25,4675
1626075300,1027.25,1027.25,1026.2,1026.4,4978
1626075600,1026.0,1026.2,1023.45,1023.65,15685
1626075900,1023.0,1025.65,1022.2,1025.65,12435
1626076200,1025.15,1025.85,1023.0,1023.0,7131
1626076500,1022.95,1026.9,1022.25,1026.9,11412
1626076800,1026.75,1027.0,1024.85,1026.25,13964
1626077100,1026.25,1026.85,1025.0,1025.45,3739
1626077400,1025.45,1026.45,1025.1,1025.8,2793
1626077700,1025.85,1027.0,1025.1,1025.1,4821
1626078000,1025.1,1025.75,1024.8,1024.8,4202
1626078300,1024.9,1025.3,1024.0,1024.85,4569
1626078600,1024.8,1029.0,1024.3,1028.2,9375
1626078900,1028.05,1029.0,1026.95,1028.0,7249
1626079200,1028.0,1028.1,1026.6,1027.3,5410
1626079500,1027.3,1028.95,1025.1,1028.35,6798
1626079800,1028.35,1031.45,1027.65,1030.8,26801
1626080100,1030.8,1034.0,1030.65,1031.4,31870
1626080400,1031.4,1035.0,1031.4,1034.5,47773
1626080700,1034.5,1035.9,1028.95,1033.95,299720
1626081000,1033.95,1035.25,1033.0,1034.65,31004
1626081300,1034.6,1036.0,1033.8,1035.8,32947
1626081600,1035.8,1035.95,1034.0,1034.4,28716
1626081900,1034.4,1035.1,1033.0,1034.25,30684
1626082200,1034.4,1036.0,1034.05,1035.35,32603
1626082500,1035.35,1035.35,1033.35,1034.05,31514
1626082800,1034.05,1035.6,1032.35,1033.1,54828
1626083100,1033.1,1034.1,1030.85,1031.95,41576
1626083400,1032.0,1034.6,1030.9,1034.2,56030
1626083700,1034.2,1035.7,1033.9,1035.35,22854
1626147900,1040.0,1042.1,1036.55,1038.75,100918
1626148200,1038.15,1039.6,1036.05,1038.8,33246
1626148500,1038.8,1039.6,1036.6,1038.2,15671
1626148800,1038.2,1038.85,1037.0,1037.25,19672
1626149100,1037.25,1041.0,1036.8,1040.65,34051
1626149400,1040.85,1045.0,1040.5,1043.25,97290
1626149700,1043.85,1048.0,1043.0,1044.9,109199
1626150000,1044.9,1046.75,1043.4,1043.9,41209
1626150300,1043.9,1045.05,1042.95,1044.9,38053
1626150600,1044.55,1045.0,1042.7,1044.7,34424
1626150900,1044.4,1045.0,1043.9,1044.6,32922
1626151200,1044.35,1045.95,1043.4,1045.5,19951
1626151500,1045.3,1045.95,1044.5,1045.0,49187
1626151800,1045.0,1046.9,1044.7,1045.9,40102
1626152100,1045.45,1049.9,1045.25,1049.9,89794
1626152400,1049.95,1050.0,1046.2,1047.25,62183
1626152700,1047.5,1047.9,1045.25,1046.45,27021
1626153000,1046.45,1046.5,1045.5,1045.5,13747
1626153300,1045.6,1045.75,1041.5,1042.2,30066
1626153600,1042.2,1043.8,1042.2,1043.05,12084
1626153900,1043.05,1043.25,1042.35,1042.9,6768
1626154200,1042.9,1044.55,1041.5,1044.55,10751
1626154500,1044.55,1046.35,1044.45,1045.5,20546
1626154800,1045.05,1045.55,1044.0,1044.95,13507
1626155100,1044.95,1046.0,1044.9,1045.6,22152
1626155400,1046.0,1046.0,1045.25,1045.85,8406
1626155700,1045.85,1046.0,1045.2,1045.9,11216
1626156000,1045.95,1046.55,1045.7,1046.15,20202
1626156300,1046.25,1047.0,1045.65,1046.8,20335
1626156600,1046.8,1047.45,1046.05,1047.25,20133
1626156900,1047.3,1047.35,1045.75,1046.15,14157
1626157200,1046.15,1046.55,1045.1,1046.35,10326
1626157500,1046.35,1046.95,1046.1,1046.9,11662
1626157800,1046.9,1047.9,1046.5,1047.0,23834
1626158100,1047.0,1047.9,1046.3,1046.5,122200
1626158400,1046.45,1047.0,1045.0,1046.75,13548
1626158700,1046.75,1046.75,1045.25,1045.85,6779
1626159000,1045.85,1046.0,1044.25,1044.8,9430
1626159300,1044.8,1046.0,1043.05,1046.0,13571
1626159600,1046.0,1046.0,1043.65,1045.55,14519
1626159900,1045.9,1046.0,1045.0,1045.55,6163
1626160200,1045.6,1045.95,1045.0,1045.95,7367
1626160500,1045.95,1047.1,1045.05,1046.85,16232
1626160800,1046.5,1047.7,1045.75,1047.3,12449
1626161100,1047.3,1047.45,1046.05,1046.95,9061
1626161400,1046.95,1047.5,1046.0,1047.5,12565
1626161700,1047.5,1047.5,1046.15,1047.0,10886
1626162000,1047.0,1047.6,1046.5,1047.25,8396
1626162300,1047.25,1047.35,1046.0,1046.0,12538
1626162600,1046.15,1046.5,1044.0,1045.25,23287
1626162900,1045.25,1046.5,1044.6,1046.5,15743
1626163200,1046.5,1046.95,1045.15,1046.95,20003
1626163500,1046.95,1048.65,1046.8,1047.95,28443
1626163800,1047.95,1048.4,1046.4,1047.35,23486
1626164100,1047.35,1048.5,1046.3,1047.6,24216
1626164400,1047.6,1049.05,1047.2,1048.95,24125
1626164700,1048.95,1049.5,1046.55,1048.8,25380
1626165000,1048.8,1049.4,1048.05,1048.85,23327
1626165300,1048.85,1049.3,1047.3,1047.7,25627
1626165600,1047.8,1049.0,1047.25,1048.05,22599
1626165900,1048.05,1049.5,1047.45,1048.95,29118
1626166200,1048.95,1052.5,1048.8,1051.2,104527
1626166500,1051.25,1053.0,1051.0,1051.75,64132
1626166800,1051.75,1051.9,1050.0,1050.7,42403
1626167100,1050.7,1053.9,1049.5,1052.8,62400
1626167400,1052.85,1054.0,1051.4,1052.75,60489
1626167700,1052.75,1053.75,1052.15,1052.75,40580
1626168000,1052.75,1052.75,1050.2,1050.25,35829
1626168300,1050.2,1050.35,1048.1,1048.55,39024
1626168600,1048.65,1050.05,1048.65,1049.9,27824
1626168900,1049.9,1051.75,1049.5,1051.45,51542
1626169200,1051.4,1053.25,1050.8,1053.0,57434
1626169500,1053.15,1053.7,1052.1,1052.8,65330
1626169800,1052.8,1053.8,1052.45,1053.0,73541
1626170100,1053.15,1056.5,1052.1,1055.0,118457
1626234300,1050.0,1054.65,1049.65,1052.85,42483
1626234600,1052.85,1052.9,1049.1,1049.3,33900
1626234900,1049.65,1050.5,1047.9,1048.2,15119
1626235200,1048.2,1049.0,1047.0,1047.9,9507
1626235500,1047.9,1048.9,1047.5,1048.25,7330
1626235800,1048.25,1048.9,1048.15,1048.75,4733
1626236100,1048.75,1050.3,1047.85,1050.3,7538
1626236400,1050.3,1051.7,1050.0,1050.75,10128
1626236700,1051.25,1051.25,1047.5,1047.5,6849
1626237000,1047.6,1049.85,1047.6,1049.65,3651
1626237300,1049.65,1050.95,1049.0,1050.7,7152
1626237600,1050.9,1055.6,1050.75,1055.55,33285
1626237900,1055.55,1055.85,1054.05,1054.8,17854
1626238200,1054.8,1055.65,1053.0,1055.45,20874
1626238500,1055.15,1055.7,1053.65,1055.0,20378
1626238800,1055.0,1055.25,1054.5,1054.9,15099
1626239100,1054.9,1055.7,1053.6,1054.45,12295
1626239400,1054.5,1055.2,1054.35,1054.5,8570
1626239700,1054.5,1055.4,1053.6,1054.15,14987
1626240000,1054.15,1055.35,1054.15,1055.0,9049
1626240300,1055.0,1055.25,1054.25,1054.55,9350
1626240600,1054.55,1055.25,1054.4,1055.0,8875
1626240900,1055.0,1055.3,1054.9,1055.1,4509
1626241200,1055.1,1055.5,1054.65,1055.4,7440
1626241500,1055.4,1055.4,1054.4,1054.7,10477
1626241800,1054.7,1055.0,1054.55,1054.8,7585
1626242100,1054.8,1055.4,1054.35,1054.9,10445
1626242400,1054.9,1055.25,1054.5,1054.8,8744
1626242700,1054.8,1055.0,1054.0,1054.85,10013
1626243000,1054.85,1055.1,1054.4,1055.0,8803
1626243300,1054.85,1055.95,1054.0,1055.45,13528
1626243600,1055.5,1057.85,1054.75,1057.35,33581
1626243900,1057.05,1057.35,1056.0,1056.3,11836
1626244200,1056.3,1056.6,1055.0,1056.05,14820
1626244500,1056.05,1056.8,1055.65,1056.8,5548
1626244800,1056.8,1057.4,1056.1,1057.25,31173
1626245100,1057.25,1057.65,1056.3,1056.95,19553
1626245400,1056.95,1058.5,1056.7,1058.35,18313
1626245700,1058.45,1058.45,1057.1,1057.3,12731
1626246000,1057.3,1058.45,1056.45,1057.65,22362
1626246300,1057.7,1059.0,1057.0,1058.55,20090
1626246600,1058.55,1059.7,1058.15,1059.15,29240
1626246900,1059.15,1059.3,1057.3,1058.6,24056
1626247200,1058.6,1060.0,1058.0,1059.75,24853
1626247500,1059.8,1059.9,1059.1,1059.55,23126
1626247800,1059.55,1060.85,1058.4,1059.45,39494
1626248100,1059.45,1060.25,1058.7,1060.2,17928
1626248400,1060.25,1060.25,1059.2,1060.2,11763
1626248700,1060.2,1060.4,1058.3,1060.0,23865
1626249000,1060.0,1060.0,1058.25,1058.5,17619
1626249300,1058.6,1060.1,1058.5,1059.75,19020
1626249600,1059.75,1060.55,1058.4,1060.2,14470
1626249900,1060.2,1060.25,1058.8,1059.85,27115
1626250200,1059.5,1060.25,1058.6,1059.1,25137
1626250500,1059.1,1060.05,1058.55,1059.55,23350
1626250800,1059.9,1060.25,1058.65,1059.65,23867
1626251100,1059.65,1060.5,1058.65,1059.65,19666
1626251400,1059.05,1060.3,1059.05,1059.95,17158
1626251700,1059.95,1060.2,1059.0,1060.2,19495
1626252000,1060.2,1060.2,1058.4,1060.15,20589
1626252300,1060.15,1060.15,1060.0,1060.1,10030
1626252600,1060.1,1060.1,1054.5,1054.85,127902
1626252900,1054.85,1055.45,1053.0,1053.75,28672
1626253200,1054.2,1055.05,1053.6,1054.95,25451
1626253500,1054.95,1055.0,1053.55,1054.9,19349
1626253800,1054.95,1055.2,1054.0,1055.0,20649
1626254100,1055.0,1055.1,1054.7,1055.0,23391
1626254400,1055.0,1056.45,1054.0,1054.1,37590
1626254700,1054.0,1055.0,1053.2,1053.5,33863
1626255000,1053.7,1054.0,1051.4,1051.4,35082
1626255300,1051.4,1053.5,1050.85,1051.75,46496
1626255600,1051.7,1053.0,1051.25,1052.9,39290
1626255900,1052.85,1053.0,1051.75,1052.75,50506
1626256200,1052.75,1052.9,1050.35,1050.45,43270
1626256500,1050.5,1054.85,1050.3,1053.0,35968
1626320700,1053.5,1064.95,1053.1,1057.6,37034
1626321000,1057.0,1058.6,1056.05,1057.75,14059
1626321300,1057.75,1057.8,1054.35,1056.85,20747
1626321600,1057.0,1059.8,1056.25,1058.5,12804
1626321900,1058.5,1059.7,1057.3,1057.65,8439
1626322200,1057.65,1057.8,1055.75,1056.0,7414
1626322500,1056.0,1056.0,1054.5,1054.7,9275
1626322800,1054.7,1055.6,1054.15,1055.0,5440
1626323100,1054.15,1055.1,1054.15,1054.6,6638
1626323400,1055.0,1055.55,1054.1,1055.0,7328
1626323700,1054.55,1055.0,1054.2,1054.6,5011
1626324000,1054.6,1055.4,1053.95,1054.25,42851
1626324300,1054.25,1055.0,1053.45,1054.0,23015
1626324600,1054.0,1055.0,1053.35,1053.5,2266
1626324900,1053.35,1054.15,1053.1,1053.95,4821
1626325200,1053.95,1054.0,1053.25,1053.75,3419
1626325500,1053.75,1055.0,1053.6,1054.6,10554
1626325800,1054.6,1055.0,1054.05,1055.0,4089
1626326100,1054.9,1055.05,1054.25,1054.25,3328
1626326400,1054.25,1055.95,1054.15,1054.45,8508
1626326700,1054.45,1055.3,1054.15,1054.15,8265
1626327000,1054.05,1054.75,1054.0,1054.75,2153
1626327300,1054.75,1055.0,1054.05,1054.2,1953
1626327600,1054.05,1054.35,1052.4,1052.5,8720
1626327900,1052.5,1052.5,1051.45,1051.95,4763
1626328200,1051.95,1051.95,1050.8,1051.3,3696
1626328500,1051.15,1051.9,1050.1,1050.95,16232
1626328800,1050.65,1050.95,1050.25,1050.3,4128
1626329100,1050.3,1052.5,1049.35,1052.1,11114
1626329400,1052.1,1053.5,1052.0,1053.35,6369
1626329700,1053.35,1054.1,1053.0,1053.95,10252
1626330000,1053.95,1054.5,1053.4,1054.1,8755
1626330300,1054.1,1054.5,1054.0,1054.45,6849
1626330600,1054.45,1056.0,1054.2,1055.0,6614
1626330900,1055.0,1055.1,1054.05,1054.25,2531
1626331200,1054.2,1055.0,1053.55,1055.0,6192
1626331500,1055.0,1055.0,1054.0,1054.95,6886
1626331800,1054.95,1055.0,1054.0,1054.75,5034
1626332100,1054.3,1054.9,1054.0,1054.45,1172
1626332400,1054.1,1055.0,1054.0,1054.55,2989
1626332700,1054.45,1054.55,1054.0,1054.25,6241
1626333000,1054.25,1054.3,1054.0,1054.15,7340
1626333300,1054.0,1054.15,1053.8,1054.05,3674
1626333600,1054.0,1054.35,1053.05,1054.2,29135
1626333900,1054.2,1054.6,1054.0,1054.05,5969
1626334200,1054.0,1054.55,1054.0,1054.5,5474
1626334500,1054.5,1054.9,1054.0,1054.15,3767
1626334800,1054.0,1054.55,1054.0,1054.45,2098
1626335100,1054.45,1054.45,1054.0,1054.25,1711
1626335400,1054.0,1055.0,1054.0,1054.75,5471
1626335700,1054.75,1055.0,1054.0,1054.45,6474
1626336000,1054.45,1054.5,1054.05,1054.2,3732
1626336300,1054.0,1054.95,1054.0,1054.55,3225
1626336600,1054.5,1054.9,1054.0,1054.3,3853
1626336900,1054.0,1054.9,1054.0,1054.65,5648
1626337200,1054.65,1054.8,1054.0,1054.45,4300
1626337500,1054.05,1054.5,1054.0,1054.05,3781
1626337800,1054.0,1054.05,1053.0,1054.05,8689
1626338100,1054.05,1054.5,1053.9,1054.5,26192
1626338400,1054.5,1054.95,1053.35,1054.0,4983
1626338700,1054.0,1054.0,1053.2,1053.5,2128
1626339000,1053.25,1053.9,1053.15,1053.9,1783
1626339300,1053.5,1054.0,1053.05,1053.8,4081
1626339600,1053.5,1054.0,1053.5,1053.7,1469
1626339900,1053.7,1053.85,1053.45,1053.7,3412
1626340200,1053.8,1053.95,1053.0,1053.55,3081
1626340500,1053.55,1053.55,1050.9,1052.0,33711
1626340800,1052.0,1053.4,1052.0,1053.3,8786
1626341100,1053.3,1053.5,1052.3,1053.15,16701
1626341400,1053.15,1054.2,1052.2,1053.15,18925
1626341700,1053.15,1053.85,1053.0,1053.0,13219
1626342000,1053.05,1053.4,1052.8,1053.05,67983
1626342300,1053.15,1053.25,1052.6,1053.05,25437
1626342600,1053.05,1053.1,1052.35,1053.1,61026
1626342900,1053.15,1054.2,1052.2,1053.0,30289
1626407100,1054.0,1056.75,1049.35,1050.15,19302
1626407400,1050.0,1053.25,1048.0,1050.3,19768
1626407700,1050.85,1054.35,1050.2,1053.7,6547
1626408000,1053.7,1056.0,1053.15,1053.55,11280
1626408300,1053.85,1054.8,1053.55,1054.35,2773
1626408600,1053.85,1055.9,1053.85,1055.3,6880
1626408900,1055.25,1055.7,1055.0,1055.65,2118
1626409200,1055.65,1056.0,1054.5,1055.95,4401
1626409500,1055.95,1057.85,1054.8,1055.0,16022
1626409800,1055.0,1055.5,1053.2,1053.7,9075
1626410100,1053.7,1055.6,1052.65,1055.05,5219
1626410400,1055.05,1055.95,1053.9,1055.25,5661
1626410700,1055.25,1055.3,1053.65,1053.95,2094
1626411000,1053.95,1054.0,1051.3,1051.6,7542
1626411300,1052.6,1052.6,1051.1,1051.95,12758
1626411600,1052.0,1052.95,1051.65,1051.75,15467
1626411900,1052.0,1052.4,1051.65,1051.95,10003
1626412200,1052.0,1052.85,1051.0,1051.1,21657
1626412500,1051.1,1052.1,1050.4,1051.65,9067
1626412800,1051.65,1052.35,1051.1,1051.5,4081
1626413100,1051.5,1052.0,1051.15,1052.0,1873
1626413400,1052.0,1052.35,1051.6,1052.0,4154
1626413700,1052.0,1052.0,1051.7,1051.8,7654
1626414000,1051.8,1052.0,1051.55,1052.0,7861
1626414300,1052.0,1052.0,1051.8,1051.9,9309
1626414600,1051.9,1052.25,1051.0,1051.1,15622
1626414900,1051.1,1051.9,1051.1,1051.55,2052
1626415200,1051.55,1052.0,1051.45,1051.5,1957
1626415500,1051.5,1051.75,1051.2,1051.25,1723
1626415800,1051.25,1051.8,1051.0,1051.1,2135
1626416100,1051.2,1051.3,1050.35,1050.65,4912
1626416400,1050.65,1050.65,1048.8,1049.05,13389
1626416700,1049.05,1049.65,1047.2,1047.3,11587
1626417000,1047.3,1048.65,1047.1,1047.95,7038
1626417300,1047.95,1049.65,1047.6,1048.1,6614
1626417600,1048.1,1049.55,1048.1,1049.0,4723
1626417900,1049.0,1049.1,1047.7,1047.8,15210
1626418200,1047.8,1048.4,1047.45,1047.7,6063
1626418500,1047.7,1048.45,1047.65,1047.65,2893
1626418800,1047.65,1048.0,1047.65,1048.0,11933
1626419100,1048.0,1051.7,1047.8,1049.85,21135
1626419400,1049.85,1050.65,1049.55,1050.0,8736
1626419700,1050.0,1050.7,1049.55,1050.0,7370
1626420000,1050.0,1050.3,1049.65,1050.0,3164
1626420300,1050.0,1050.7,1049.1,1049.5,19604
1626420600,1049.5,1050.4,1048.85,1049.1,5761
1626420900,1049.1,1050.5,1048.75,1050.0,5367
1626421200,1050.5,1050.6,1049.0,1049.45,9404
1626421500,1049.45,1050.1,1049.05,1049.75,5809
1626421800,1049.75,1050.0,1048.7,1049.35,3580
1626422100,1049.35,1050.15,1048.1,1050.15,2841
1626422400,1050.0,1050.5,1049.7,1050.0,2539
1626422700,1050.0,1050.0,1048.9,1048.9,3245
1626423000,1048.9,1049.95,1048.65,1049.5,4803
1626423300,1049.5,1050.0,1048.1,1048.1,12759
1626423600,1048.5,1050.0,1048.5,1049.55,7666
1626423900,1049.55,1050.4,1048.25,1048.9,9693
1626424200,1048.9,1050.1,1048.15,1049.5,7606
1626424500,1049.5,1050.0,1049.0,1049.0,6983
1626424800,1049.0,1050.0,1049.0,1049.55,7324
1626425100,1049.9,1050.0,1049.35,1049.9,10102
1626425400,1049.9,1050.2,1048.5,1049.1,5982
1626425700,1049.1,1050.2,1048.75,1050.0,12349
1626426000,1050.0,1050.0,1049.55,1049.9,13403
1626426300,1049.4,1050.0,1049.1,1049.95,11779
1626426600,1049.95,1050.0,1048.8,1048.8,7246
1626426900,1049.2,1050.0,1049.0,1049.05,8527
1626427200,1049.05,1050.0,1048.85,1049.55,6230
1626427500,1049.55,1049.75,1048.0,1049.0,8107
1626427800,1049.1,1050.0,1049.05,1050.0,14685
1626428100,1050.0,1050.0,1049.55,1050.0,12736
1626428400,1050.0,1052.8,1049.3,1049.8,36310
1626428700,1049.65,1050.6,1049.6,1050.0,22448
1626429000,1050.0,1050.4,1049.85,1050.0,23452
1626429300,1050.0,1050.95,1049.3,1050.0,19246
1626666300,1044.9,1050.25,1037.5,1044.85,22412
1626666600,1044.85,1046.95,1043.55,1045.8,11986
1626666900,1045.8,1047.0,1043.9,1044.65,10225
1626667200,1044.8,1046.75,1043.9,1044.5,8335
1626667500,1044.75,1046.5,1044.1,1046.35,4089
1626667800,1046.0,1046.35,1045.9,1046.0,2002
1626668100,1045.8,1048.4,1045.65,1048.4,6316
1626668400,1048.0,1048.35,1046.65,1047.0,3511
1626668700,1046.9,1048.0,1046.75,1047.35,4902
1626669000,1047.35,1047.35,1045.8,1046.55,2663
1626669300,1046.55,1047.2,1046.55,1046.8,3322
1626669600,1046.85,1046.85,1046.0,1046.45,1771
1626669900,1046.35,1048.4,1045.95,1046.85,6502
1626670200,1046.25,1047.0,1046.2,1046.85,1366
1626670500,1047.3,1047.3,1046.25,1046.7,2684
1626670800,1046.7,1046.9,1045.5,1046.9,1553
1626671100,1046.9,1046.9,1045.8,1045.9,1600
1626671400,1045.9,1046.2,1045.6,1046.2,1365
1626671700,1046.2,1046.2,1045.5,1045.8,1426
1626672000,1045.8,1046.75,1045.8,1046.35,530
1626672300,1046.35,1046.45,1045.7,1046.05,1801
1626672600,1045.95,1046.8,1045.65,1046.8,1338
1626672900,1046.8,1046.95,1046.35,1046.35,2089
1626673200,1046.4,1046.95,1046.35,1046.6,1391
1626673500,1046.6,1047.35,1046.55,1047.0,1192
1626673800,1047.0,1048.4,1046.8,1047.0,5803
1626674100,1047.0,1047.2,1045.35,1045.4,2524
1626674400,1045.9,1046.0,1045.2,1045.5,1732
1626674700,1045.5,1046.95,1045.5,1046.8,2170
1626675000,1046.85,1047.65,1046.8,1047.6,872
1626675300,1047.6,1047.65,1046.25,1046.35,3081
1626675600,1046.35,1047.45,1046.35,1047.15,457
1626675900,1047.15,1047.45,1045.6,1046.05,3456
1626676200,1046.45,1046.6,1045.6,1045.75,1505
1626676500,1045.75,1047.25,1045.7,1046.9,2990
1626676800,1046.9,1047.05,1045.8,1046.15,3589
1626677100,1046.15,1046.7,1045.7,1046.7,618
1626677400,1046.05,1047.9,1046.05,1047.75,4051
1626677700,1047.75,1049.6,1047.35,1048.9,5020
1626678000,1048.9,1049.7,1048.15,1048.6,3863
1626678300,1049.0,1049.0,1047.25,1047.8,3989
1626678600,1047.9,1048.8,1047.6,1048.3,3338
1626678900,1048.35,1048.75,1047.7,1048.1,2822
1626679200,1047.7,1047.7,1045.0,1045.1,9974
1626679500,1045.55,1046.45,1045.0,1045.9,4673
1626679800,1045.95,1046.0,1045.0,1045.15,3449
1626680100,1045.15,1047.0,1044.45,1045.2,5933
1626680400,1045.2,1046.35,1044.15,1046.35,6088
1626680700,1046.35,1046.45,1045.1,1046.05,3734
1626681000,1046.0,1046.9,1045.55,1046.6,5769
1626681300,1046.5,1046.5,1044.8,1045.25,2909
1626681600,1045.2,1045.7,1044.4,1045.2,3899
1626681900,1045.4,1046.1,1044.8,1044.8,6961
1626682200,1044.9,1046.2,1044.2,1046.2,2569
1626682500,1045.6,1046.55,1045.0,1045.75,4916
1626682800,1046.0,1046.7,1045.4,1045.9,4453
1626683100,1046.05,1046.6,1045.25,1045.85,7596
1626683400,1045.85,1046.25,1045.25,1045.8,2410
1626683700,1045.8,1045.85,1044.6,1044.9,2804
1626684000,1044.9,1044.9,1044.05,1044.3,2161
1626684300,1044.25,1044.25,1040.4,1040.4,8836
1626684600,1040.6,1041.8,1038.25,1041.8,25701
1626684900,1041.6,1041.95,1039.15,1039.95,8801
1626685200,1039.95,1040.35,1038.05,1039.1,7093
1626685500,1038.7,1039.85,1038.55,1038.6,7403
1626685800,1038.6,1039.05,1037.65,1038.1,8430
1626686100,1038.1,1038.3,1034.3,1034.3,22307
1626686400,1034.35,1034.35,1027.3,1028.5,47140
1626686700,1028.5,1030.9,1028.5,1029.75,18052
1626687000,1030.45,1035.45,1029.65,1035.25,33070
1626687300,1035.25,1036.5,1033.3,1035.0,24270
1626687600,1035.0,1037.15,1032.2,1037.15,34803
1626687900,1037.35,1039.8,1037.0,1038.9,38858
1626688200,1038.9,1040.3,1035.75,1039.15,38856
1626688500,1039.15,1043.25,1037.2,1037.2,78948
1626752700,1037.25,1041.2,1029.8,1030.0,50398
1626753000,1030.0,1031.8,1028.85,1029.85,25581
1626753300,1029.85,1035.1,1029.85,1034.95,13482
1626753600,1034.8,1034.8,1032.35,1032.85,7647
1626753900,1032.6,1036.55,1031.1,1036.55,6451
1626754200,1036.15,1038.55,1036.15,1037.6,23421
1626754500,1037.45,1037.95,1036.6,1037.95,6432
1626754800,1037.95,1037.95,1034.3,1037.25,5913
1626755100,1037.25,1039.65,1037.1,1038.3,6841
1626755400,1038.1,1039.35,1038.1,1038.9,3506
1626755700,1038.9,1039.0,1037.55,1039.0,8843
1626756000,1038.05,1039.0,1037.3,1038.8,8052
1626756300,1038.8,1038.95,1037.15,1037.7,2392
1626756600,1037.7,1037.7,1034.55,1035.0,5229
1626756900,1035.0,1035.8,1033.7,1034.75,6405
1626757200,1034.75,1037.15,1034.3,1036.2,3751
1626757500,1036.2,1036.4,1033.6,1034.0,6380
1626757800,1034.0,1035.5,1033.15,1033.6,8774
1626758100,1033.6,1033.7,1030.5,1030.75,6262
1626758400,1030.75,1031.3,1030.0,1030.5,7738
1626758700,1030.5,1031.6,1029.75,1030.3,6578
1626759000,1030.45,1030.65,1026.95,1028.0,9337
1626759300,1027.95,1027.95,1026.0,1027.3,7448
1626759600,1027.0,1027.3,1024.0,1025.6,8964
1626759900,1025.6,1025.7,1023.65,1024.8,7571
1626760200,1024.9,1024.9,1021.2,1023.15,13613
1626760500,1023.15,1023.35,1020.0,1021.55,13429
1626760800,1021.8,1022.8,1020.5,1022.0,7566
1626761100,1022.0,1022.95,1020.25,1020.45,3297
1626761400,1020.6,1021.75,1020.3,1021.25,10628
1626761700,1021.0,1023.35,1020.55,1022.55,5660
1626762000,1022.55,1023.6,1022.0,1022.4,4817
1626762300,1022.4,1022.4,1020.3,1020.9,6976
1626762600,1020.5,1021.7,1020.45,1020.55,7877
1626762900,1020.45,1020.5,1018.7,1020.25,10487
1626763200,1020.25,1021.7,1018.5,1019.3,6381
1626763500,1018.9,1020.8,1018.55,1019.0,4364
1626763800,1019.0,1020.65,1018.6,1020.25,8117
1626764100,1020.25,1020.85,1019.2,1020.6,3725
1626764400,1020.6,1023.1,1019.25,1021.05,8702
1626764700,1021.05,1023.1,1021.05,1022.0,4347
1626765000,1021.95,1023.1,1021.8,1022.6,6490
1626765300,1022.6,1023.0,1021.6,1022.45,5084
1626765600,1022.45,1022.45,1021.1,1021.6,5624
1626765900,1021.6,1022.9,1021.25,1022.6,6923
1626766200,1022.6,1022.9,1021.5,1022.45,5776
1626766500,1022.2,1022.8,1021.25,1021.9,6472
1626766800,1021.9,1022.65,1020.9,1022.2,5735
1626767100,1022.2,1022.2,1020.0,1020.15,5863
1626767400,1020.15,1021.1,1020.05,1020.25,6162
1626767700,1020.15,1020.4,1019.15,1019.65,7720
1626768000,1019.5,1020.65,1018.6,1019.8,7151
1626768300,1019.8,1020.55,1018.2,1018.85,7736
1626768600,1018.85,1019.0,1016.05,1017.8,11926
1626768900,1017.8,1019.2,1016.75,1017.45,7078
1626769200,1017.45,1018.25,1017.0,1017.9,7905
1626769500,1017.9,1019.3,1016.95,1019.1,10102
1626769800,1019.05,1020.3,1018.5,1019.05,8113
1626770100,1019.05,1019.65,1017.55,1018.0,7758
1626770400,1018.0,1019.55,1018.0,1019.1,5977
1626770700,1019.1,1019.4,1016.35,1016.95,7776
1626771000,1016.95,1017.7,1015.7,1017.45,8949
1626771300,1017.0,1017.7,1016.05,1016.15,10031
1626771600,1016.15,1017.0,1015.15,1015.4,6039
1626771900,1015.4,1016.6,1014.65,1015.65,13267
1626772200,1015.65,1016.1,1015.0,1015.45,4850
1626772500,1015.25,1016.85,1014.7,1016.85,11256
1626772800,1016.55,1018.2,1015.05,1015.05,27168
1626773100,1015.8,1017.75,1014.9,1015.75,9677
1626773400,1015.75,1016.35,1015.1,1016.35,12649
1626773700,1016.35,1016.35,1015.5,1015.65,9729
1626774000,1015.65,1016.2,1014.95,1015.45,12800
1626774300,1015.85,1016.25,1014.5,1015.0,11329
1626774600,1015.0,1015.0,1012.8,1013.85,28399
1626774900,1013.8,1016.0,1013.75,1015.4,9578
1626925500,1017.0,1025.8,1017.0,1024.75,22399
1626925800,1025.85,1026.2,1018.55,1021.85,20035
1626926100,1021.85,1023.6,1020.45,1021.95,10013
1626926400,1021.95,1025.0,1020.9,1024.7,18990
1626926700,1024.25,1026.65,1024.2,1026.65,10971
1626927000,1026.5,1029.35,1026.2,1028.6,12094
1626927300,1028.6,1029.95,1027.0,1027.85,16622
1626927600,1027.85,1028.6,1025.6,1027.9,11248
1626927900,1027.9,1031.65,1026.9,1030.85,32647
1626928200,1030.85,1032.65,1030.75,1031.85,12202
1626928500,1031.85,1032.0,1030.5,1031.25,7348
1626928800,1031.4,1031.8,1030.1,1031.55,4890
1626929100,1031.7,1032.0,1028.6,1029.35,7686
1626929400,1029.35,1029.35,1027.5,1028.75,6905
1626929700,1028.75,1029.85,1028.65,1029.8,2460
1626930000,1029.8,1030.0,1028.05,1028.35,2763
1626930300,1028.35,1029.0,1027.95,1028.0,3448
1626930600,1028.0,1029.25,1027.4,1028.75,3561
1626930900,1028.75,1030.1,1028.5,1030.1,2804
1626931200,1030.1,1031.25,1029.55,1030.8,2673
1626931500,1030.2,1031.45,1029.95,1031.35,2159
1626931800,1031.35,1031.65,1030.05,1030.6,2898
1626932100,1030.6,1030.8,1029.45,1030.75,787
1626932400,1030.75,1030.8,1029.6,1029.6,1413
1626932700,1029.7,1030.35,1029.6,1030.2,384
1626933000,1030.2,1030.35,1029.4,1029.55,1942
1626933300,1030.0,1032.8,1029.55,1031.5,6757
1626933600,1031.8,1032.95,1031.05,1031.65,5215
1626933900,1031.65,1032.6,1030.3,1031.1,12241
1626934200,1031.1,1031.5,1029.15,1029.45,14988
1626934500,1029.45,1029.85,1028.0,1028.7,8579
1626934800,1028.7,1032.5,1028.7,1030.0,11012
1626935100,1030.0,1038.1,1029.75,1037.45,84341
1626935400,1037.1,1038.5,1036.6,1037.95,28603
1626935700,1038.0,1038.0,1035.3,1036.8,18585
1626936000,1036.8,1037.0,1035.55,1036.4,5114
1626936300,1036.5,1037.5,1036.3,1037.0,10534
1626936600,1037.0,1037.9,1036.55,1037.9,9758
1626936900,1037.65,1038.8,1032.0,1033.45,69313
1626937200,1034.0,1034.85,1031.55,1034.1,22578
1626937500,1034.1,1034.5,1032.0,1032.45,8840
1626937800,1032.45,1033.45,1029.0,1030.0,19478
1626938100,1030.0,1032.0,1027.25,1028.15,20840
1626938400,1028.45,1029.6,1026.9,1029.1,55431
1626938700,1029.1,1032.35,1029.1,1032.05,7384
1626939000,1032.4,1032.5,1030.15,1031.6,6222
1626939300,1031.6,1033.85,1031.6,1031.7,12259
1626939600,1031.7,1033.05,1031.55,1033.05,2193
1626939900,1033.1,1033.2,1031.2,1032.8,4573
1626940200,1032.8,1033.1,1031.45,1032.0,4754
1626940500,1031.95,1032.75,1031.6,1032.05,2280
1626940800,1032.05,1032.9,1031.4,1031.9,4535
1626941100,1031.9,1034.0,1031.6,1032.4,2726
1626941400,1032.4,1033.65,1030.75,1031.55,3639
1626941700,1031.55,1033.65,1031.4,1032.5,4605
1626942000,1032.5,1033.25,1032.25,1032.5,1846
1626942300,1032.5,1033.1,1031.65,1032.45,3072
1626942600,1032.45,1033.3,1030.35,1032.9,22619
1626942900,1032.9,1033.45,1032.1,1033.3,2504
1626943200,1033.3,1033.45,1032.05,1032.05,2992
1626943500,1032.65,1033.45,1032.05,1032.35,3253
1626943800,1032.35,1033.4,1031.05,1032.1,14534
1626944100,1032.1,1032.65,1031.05,1032.15,6236
1626944400,1032.15,1032.15,1031.0,1031.1,1495
1626944700,1031.1,1031.75,1025.45,1026.65,27976
1626945000,1026.65,1029.35,1025.6,1026.4,10293
1626945300,1026.4,1028.6,1026.4,1027.2,5254
1626945600,1027.2,1027.8,1025.6,1026.3,4535
1626945900,1026.3,1027.6,1026.1,1026.3,5900
1626946200,1026.3,1028.6,1026.3,1027.85,11578
1626946500,1027.85,1028.0,1026.2,1026.95,21799
1626946800,1026.95,1027.2,1026.0,1026.15,13834
1626947100,1026.25,1026.95,1025.35,1025.95,16312
1626947400,1026.0,1026.0,1023.55,1025.45,25899
1626947700,1025.4,1028.55,1023.9,1028.0,22529
1627011900,1025.5,1033.2,1023.55,1032.95,22186
1627012200,1032.95,1037.1,1032.5,1036.9,21418
1627012500,1036.9,1036.9,1035.0,1035.4,6225
1627012800,1035.4,1036.3,1032.0,1033.65,23158
1627013100,1033.8,1037.4,1032.5,1037.2,15583
1627013400,1037.45,1043.0,1037.45,1042.6,64621
1627013700,1042.6,1044.0,1041.15,1044.0,47554
1627014000,1044.0,1047.0,1043.6,1045.75,53743
1627014300,1045.75,1045.8,1043.0,1043.95,33839
1627014600,1043.95,1045.0,1043.5,1044.65,19139
1627014900,1044.5,1047.0,1044.0,1046.5,15503
1627015200,1047.0,1048.35,1045.4,1046.55,30003
1627015500,1046.95,1046.95,1044.2,1044.9,17569
1627015800,1044.9,1046.9,1044.55,1046.0,14883
1627016100,1046.0,1046.0,1043.45,1043.9,13206
1627016400,1043.9,1044.0,1041.45,1043.4,18408
1627016700,1043.4,1043.9,1038.2,1038.95,19758
1627017000,1039.5,1042.2,1039.35,1042.0,12598
1627017300,1042.0,1042.9,1041.15,1042.0,7793
1627017600,1041.85,1043.0,1041.7,1042.9,12266
1627017900,1043.0,1045.95,1043.0,1045.9,15076
1627018200,1045.85,1048.0,1045.05,1045.6,28861
1627018500,1045.9,1046.0,1045.0,1046.0,6436
1627018800,1046.0,1046.6,1045.55,1046.4,6076
1627019100,1045.95,1046.2,1045.0,1046.05,10600
1627019400,1046.05,1048.0,1045.3,1047.95,13682
1627019700,1047.95,1048.0,1046.8,1046.8,9711
1627020000,1047.0,1047.8,1046.55,1047.0,5884
1627020300,1047.0,1051.5,1046.85,1049.95,49614
1627020600,1049.7,1050.25,1049.0,1049.65,19894
1627020900,1049.2,1050.25,1049.2,1049.6,12071
1627021200,1049.6,1050.2,1048.1,1048.95,16932
1627021500,1048.95,1050.0,1046.5,1046.55,22484
1627021800,1046.55,1047.65,1046.55,1047.4,9636
1627022100,1047.4,1048.75,1047.0,1048.3,12118
1627022400,1048.5,1049.05,1047.25,1048.5,4673
1627022700,1048.5,1049.5,1048.5,1049.15,4150
1627023000,1048.95,1050.0,1048.6,1049.25,8844
1627023300,1049.25,1049.25,1047.0,1047.5,7315
1627023600,1047.5,1048.25,1047.05,1048.1,7303
1627023900,1048.1,1048.75,1047.5,1048.25,1637
1627024200,1048.85,1048.95,1047.8,1048.25,4286
1627024500,1048.25,1049.9,1048.1,1048.95,8775
1627024800,1049.4,1049.55,1048.1,1048.5,2931
1627025100,1048.5,1048.8,1047.05,1048.4,3506
1627025400,1048.4,1049.0,1047.35,1048.2,5154
1627025700,1047.85,1049.3,1047.6,1048.75,3304
1627026000,1048.85,1051.15,1048.85,1050.85,31135
1627026300,1051.0,1052.3,1049.95,1051.2,38549
1627026600,1051.2,1051.6,1050.5,1051.0,8331
1627026900,1051.0,1051.0,1048.75,1048.9,27650
1627027200,1048.9,1050.0,1048.15,1049.95,5319
1627027500,1049.95,1050.0,1049.35,1049.95,5520
1627027800,1049.95,1050.0,1048.65,1049.35,3836
1627028100,1049.35,1049.4,1046.5,1049.0,10934
1627028400,1048.1,1051.0,1048.1,1050.45,13465
1627028700,1050.95,1053.95,1050.45,1053.0,23151
1627029000,1052.95,1053.0,1051.2,1051.5,9392
1627029300,1052.0,1052.0,1049.3,1050.3,11532
1627029600,1050.3,1050.5,1049.8,1050.45,3628
1627029900,1050.4,1051.0,1047.0,1048.15,19519
1627030200,1048.15,1050.0,1048.15,1049.95,3087
1627030500,1049.95,1050.0,1049.05,1049.8,4643
1627030800,1049.8,1050.0,1048.5,1049.9,4796
1627031100,1049.9,1051.5,1049.3,1051.5,7648
1627031400,1051.45,1052.0,1050.3,1050.95,9727
1627031700,1050.95,1051.6,1050.25,1050.95,8308
1627032000,1050.65,1050.95,1048.5,1048.6,12258
1627032300,1049.0,1050.45,1048.5,1050.45,12997
1627032600,1050.0,1053.0,1049.5,1051.25,20784
1627032900,1051.25,1052.6,1049.2,1049.9,27802
1627033200,1049.9,1051.9,1048.0,1051.5,47949
1627033500,1051.5,1053.85,1049.35,1050.0,46261
1627033800,1050.0,1050.85,1047.8,1050.05,62340
1627034100,1050.0,1051.95,1048.95,1048.95,38901
1627011900,1025.5,1033.2,1023.55,1032.95,22186
1627012200,1032.95,1037.1,1032.5,1036.9,21418
1627012500,1036.9,1036.9,1035.0,1035.4,6225
1627012800,1035.4,1036.3,1032.0,1033.65,23158
1627013100,1033.8,1037.4,1032.5,1037.2,15583
1627013400,1037.45,1043.0,1037.45,1042.6,64621
1627013700,1042.6,1044.0,1041.15,1044.0,47554
1627014000,1044.0,1047.0,1043.6,1045.75,53743
1627014300,1045.75,1045.8,1043.0,1043.95,33839
1627014600,1043.95,1045.0,1043.5,1044.65,19139
1627014900,1044.5,1047.0,1044.0,1046.5,15503
1627015200,1047.0,1048.35,1045.4,1046.55,30003
1627015500,1046.95,1046.95,1044.2,1044.9,17569
1627015800,1044.9,1046.9,1044.55,1046.0,14883
1627016100,1046.0,1046.0,1043.45,1043.9,13206
1627016400,1043.9,1044.0,1041.45,1043.4,18408
1627016700,1043.4,1043.9,1038.2,1038.95,19758
1627017000,1039.5,1042.2,1039.35,1042.0,12598
1627017300,1042.0,1042.9,1041.15,1042.0,7793
1627017600,1041.85,1043.0,1041.7,1042.9,12266
1627017900,1043.0,1045.95,1043.0,1045.9,15076
1627018200,1045.85,1048.0,1045.05,1045.6,28861
1627018500,1045.9,1046.0,1045.0,1046.0,6436
1627018800,1046.0,1046.6,1045.55,1046.4,6076
1627019100,1045.95,1046.2,1045.0,1046.05,10600
1627019400,1046.05,1048.0,1045.3,1047.95,13682
1627019700,1047.95,1048.0,1046.8,1046.8,9711
1627020000,1047.0,1047.8,1046.55,1047.0,5884
1627020300,1047.0,1051.5,1046.85,1049.95,49614
1627020600,1049.7,1050.25,1049.0,1049.65,19894
1627020900,1049.2,1050.25,1049.2,1049.6,12071
1627021200,1049.6,1050.2,1048.1,1048.95,16932
1627021500,1048.95,1050.0,1046.5,1046.55,22484
1627021800,1046.55,1047.65,1046.55,1047.4,9636
1627022100,1047.4,1048.75,1047.0,1048.3,12118
1627022400,1048.5,1049.05,1047.25,1048.5,4673
1627022700,1048.5,1049.5,1048.5,1049.15,4150
1627023000,1048.95,1050.0,1048.6,1049.25,8844
1627023300,1049.25,1049.25,1047.0,1047.5,7315
1627023600,1047.5,1048.25,1047.05,1048.1,7303
1627023900,1048.1,1048.75,1047.5,1048.25,1637
1627024200,1048.85,1048.95,1047.8,1048.25,4286
1627024500,1048.25,1049.9,1048.1,1048.95,8775
1627024800,1049.4,1049.55,1048.1,1048.5,2931
1627025100,1048.5,1048.8,1047.05,1048.4,3506
1627025400,1048.4,1049.0,1047.35,1048.2,5154
1627025700,1047.85,1049.3,1047.6,1048.75,3304
1627026000,1048.85,1051.15,1048.85,1050.85,31135
1627026300,1051.0,1052.3,1049.95,1051.2,38549
1627026600,1051.2,1051.6,1050.5,1051.0,8331
1627026900,1051.0,1051.0,1048.75,1048.9,27650
1627027200,1048.9,1050.0,1048.15,1049.95,5319
1627027500,1049.95,1050.0,1049.35,1049.95,5520
1627027800,1049.95,1050.0,1048.65,1049.35,3836
1627028100,1049.35,1049.4,1046.5,1049.0,10934
1627028400,1048.1,1051.0,1048.1,1050.45,13465
1627028700,1050.95,1053.95,1050.45,1053.0,23151
1627029000,1052.95,1053.0,1051.2,1051.5,9392
1627029300,1052.0,1052.0,1049.3,1050.3,11532
1627029600,1050.3,1050.5,1049.8,1050.45,3628
1627029900,1050.4,1051.0,1047.0,1048.15,19519
1627030200,1048.15,1050.0,1048.15,1049.95,3087
1627030500,1049.95,1050.0,1049.05,1049.8,4643
1627030800,1049.8,1050.0,1048.5,1049.9,4796
1627031100,1049.9,1051.5,1049.3,1051.5,7648
1627031400,1051.45,1052.0,1050.3,1050.95,9727
1627031700,1050.95,1051.6,1050.25,1050.95,8308
1627032000,1050.65,1050.95,1048.5,1048.6,12258
1627032300,1049.0,1050.45,1048.5,1050.45,12997
1627032600,1050.0,1053.0,1049.5,1051.25,20784
1627032900,1051.25,1052.6,1049.2,1049.9,27802
1627033200,1049.9,1051.9,1048.0,1051.5,47949
1627033500,1051.5,1053.85,1049.35,1050.0,46261
1627033800,1050.0,1050.85,1047.8,1050.05,62340
1627034100,1050.0,1051.95,1048.95,1048.95,38901
1627271100,1048.0,1051.6,1043.3,1051.1,31424
1627271400,1051.4,1055.4,1051.0,1051.0,55322
1627271700,1051.0,1052.0,1048.0,1051.75,26956
1627272000,1051.75,1052.0,1046.85,1048.7,24693
1627272300,1048.7,1050.0,1048.35,1050.0,9703
1627272600,1050.0,1052.5,1048.9,1052.0,8838
1627272900,1051.6,1052.4,1051.05,1052.4,8312
1627273200,1052.1,1052.1,1047.65,1049.4,10752
1627273500,1049.4,1050.65,1047.75,1048.15,7546
1627273800,1048.15,1049.8,1047.3,1047.9,4184
1627274100,1047.9,1047.9,1046.6,1047.25,4830
1627274400,1047.25,1048.0,1046.05,1047.9,7868
1627274700,1047.9,1049.75,1047.15,1047.35,9958
1627275000,1047.35,1047.85,1046.4,1047.35,5757
1627275300,1047.35,1047.85,1040.1,1043.55,29062
1627275600,1043.5,1046.4,1042.85,1044.45,14910
1627275900,1044.45,1045.9,1043.1,1044.85,4522
1627276200,1044.85,1045.7,1044.45,1044.5,3643
1627276500,1044.45,1045.75,1044.35,1045.0,4472
1627276800,1045.1,1046.25,1043.7,1046.0,5500
1627277100,1046.15,1046.15,1043.9,1045.0,6951
1627277400,1044.75,1045.75,1043.7,1045.0,6417
1627277700,1045.0,1047.0,1044.75,1047.0,5558
1627278000,1047.0,1047.55,1045.0,1045.05,3931
1627278300,1045.0,1046.35,1045.0,1045.75,1750
1627278600,1045.75,1046.8,1045.1,1046.15,1705
1627278900,1046.15,1047.15,1045.5,1045.65,4000
1627279200,1045.65,1046.35,1045.0,1045.9,2650
1627279500,1045.9,1046.65,1045.0,1046.25,2618
1627279800,1046.25,1049.35,1046.25,1048.3,5356
1627280100,1048.1,1050.8,1048.05,1049.5,12066
1627280400,1049.5,1050.0,1048.5,1049.15,4516
1627280700,1049.2,1050.45,1048.6,1049.95,12273
1627281000,1049.95,1050.0,1049.05,1049.05,1956
1627281300,1049.05,1049.85,1047.45,1047.6,4567
1627281600,1047.6,1049.0,1046.0,1046.9,3601
1627281900,1046.9,1047.3,1046.0,1046.1,3107
1627282200,1046.35,1046.8,1045.05,1045.5,5039
1627282500,1045.5,1047.7,1045.5,1047.45,2983
1627282800,1047.45,1048.4,1047.35,1047.4,2551
1627283100,1047.4,1048.0,1045.75,1046.35,7961
1627283400,1046.35,1050.0,1046.35,1048.85,8669
1627283700,1048.8,1049.45,1047.35,1048.45,5618
1627284000,1048.5,1051.55,1048.5,1050.0,7376
1627284300,1050.0,1050.05,1048.0,1048.4,3485
1627284600,1048.45,1049.35,1048.15,1048.75,3465
1627284900,1048.8,1049.55,1048.0,1048.5,2086
1627285200,1048.55,1051.15,1048.5,1051.0,24364
1627285500,1051.1,1052.35,1050.75,1051.6,7046
1627285800,1052.0,1052.0,1050.5,1050.85,4494
1627286100,1050.9,1052.0,1050.75,1051.45,5885
1627286400,1051.5,1052.35,1051.3,1051.45,4346
1627286700,1051.45,1052.0,1051.05,1051.35,6061
1627287000,1051.2,1052.2,1051.15,1051.45,7292
1627287300,1051.15,1057.0,1051.1,1057.0,38432
1627287600,1057.0,1063.35,1056.95,1061.15,63112
1627287900,1061.65,1062.8,1057.35,1059.3,33457
1627288200,1059.35,1067.1,1057.7,1064.85,80799
1627288500,1064.45,1068.55,1064.45,1067.55,56774
1627288800,1067.5,1067.85,1065.3,1065.9,25105
1627289100,1065.9,1065.9,1061.2,1062.8,42006
1627289400,1062.6,1066.0,1062.5,1065.85,22055
1627289700,1065.75,1066.0,1062.1,1062.4,19471
1627290000,1062.45,1063.5,1062.0,1062.25,17450
1627290300,1062.25,1063.0,1060.65,1062.65,22904
1627290600,1062.65,1064.3,1061.8,1063.65,15404
1627290900,1063.85,1064.45,1058.65,1060.0,30054
1627291200,1060.2,1060.8,1058.75,1060.25,22665
1627291500,1060.25,1063.0,1059.8,1062.25,17101
1627291800,1062.75,1069.2,1062.2,1068.8,40077
1627292100,1068.1,1070.0,1062.0,1062.15,31686
1627292400,1062.85,1063.3,1058.2,1059.95,33070
1627292700,1059.55,1069.8,1050.4,1062.05,281203
1627293000,1062.7,1104.9,1058.0,1091.7,580743
1627293300,1090.4,1096.35,1081.0,1094.0,205479
1627357500,1098.0,1103.4,1077.35,1087.9,433037
1627357800,1088.7,1094.4,1087.0,1089.2,159007
1627358100,1088.2,1101.2,1088.0,1098.35,213560
1627358400,1098.45,1102.0,1094.45,1097.0,185065
1627358700,1097.0,1097.55,1076.75,1081.6,229556
1627359000,1081.6,1084.15,1078.9,1078.9,132743
1627359300,1079.5,1079.5,1063.0,1072.35,233815
1627359600,1073.2,1076.6,1068.55,1074.55,145443
1627359900,1074.55,1083.0,1074.0,1081.95,123070
1627360200,1082.05,1090.0,1080.45,1089.0,186509
1627360500,1089.5,1092.75,1086.8,1090.5,264213
1627360800,1090.45,1092.5,1085.55,1092.45,145518
1627361100,1092.0,1095.65,1091.6,1094.8,115979
1627361400,1094.7,1097.35,1093.45,1096.65,92750
1627361700,1097.1,1104.0,1096.7,1101.7,201469
1627362000,1101.55,1102.4,1093.4,1097.65,119494
1627362300,1097.65,1098.25,1094.45,1095.65,84790
1627362600,1095.8,1096.7,1094.45,1096.1,55593
1627362900,1096.1,1099.4,1095.6,1098.75,56239
1627363200,1098.55,1101.05,1098.25,1100.25,52330
1627363500,1100.0,1106.2,1098.3,1099.5,116652
1627363800,1099.55,1102.3,1099.25,1101.5,29055
1627364100,1101.5,1102.7,1100.0,1100.8,50199
1627364400,1100.8,1101.25,1099.1,1099.4,44043
1627364700,1099.4,1100.5,1095.1,1097.0,65959
1627365000,1097.0,1098.45,1096.5,1097.2,36148
1627365300,1097.7,1097.9,1095.0,1096.6,38721
1627365600,1096.6,1099.75,1095.65,1099.0,29640
1627365900,1099.0,1099.5,1097.0,1099.0,27489
1627366200,1099.0,1099.5,1097.75,1098.65,25838
1627366500,1099.1,1099.5,1097.7,1098.0,23702
1627366800,1098.0,1098.85,1097.45,1098.5,20409
1627367100,1098.95,1099.5,1097.65,1097.95,27065
1627367400,1097.7,1098.85,1094.55,1096.75,47101
1627367700,1096.75,1098.5,1096.3,1098.0,22027
1627368000,1098.0,1099.65,1097.25,1098.75,48932
1627368300,1098.2,1099.7,1097.5,1098.95,30041
1627368600,1098.95,1099.5,1096.6,1098.45,42654
1627368900,1098.45,1098.95,1095.4,1098.75,39805
1627369200,1098.45,1098.55,1095.0,1095.2,29859
1627369500,1095.5,1096.6,1094.55,1095.7,33304
1627369800,1095.45,1096.0,1094.5,1095.15,41241
1627370100,1095.15,1098.05,1094.35,1095.4,47876
1627370400,1096.25,1097.8,1095.0,1095.45,35773
1627370700,1095.75,1096.0,1094.35,1095.65,45365
1627371000,1095.65,1096.45,1090.7,1093.95,84320
1627371300,1094.1,1094.1,1090.2,1092.65,60533
1627371600,1092.65,1094.0,1090.8,1091.7,39610
1627371900,1091.7,1094.55,1091.5,1094.0,38716
1627372200,1093.9,1094.9,1093.05,1093.65,37399
1627372500,1093.65,1097.0,1092.2,1096.65,57341
1627372800,1096.4,1100.5,1095.75,1099.9,100296
1627373100,1099.25,1100.25,1095.95,1096.45,50032
1627373400,1096.75,1100.4,1095.2,1098.55,55490
1627373700,1099.0,1101.0,1097.7,1098.65,50739
1627374000,1098.65,1098.95,1094.9,1095.9,77926
1627374300,1095.9,1096.2,1094.0,1094.6,32050
1627374600,1095.0,1097.4,1094.6,1095.85,24710
1627374900,1096.25,1097.6,1095.35,1096.85,28610
1627375200,1096.55,1097.0,1095.0,1095.8,26159
1627375500,1095.8,1097.0,1094.55,1095.2,40875
1627375800,1095.5,1096.95,1094.6,1094.95,43405
1627376100,1095.0,1097.9,1095.0,1095.65,40934
1627376400,1096.0,1097.8,1095.25,1097.25,33108
1627376700,1097.3,1099.3,1095.35,1098.45,54847
1627377000,1098.5,1102.25,1098.5,1101.7,134057
1627377300,1102.0,1102.65,1100.7,1102.5,33899
1627377600,1102.5,1102.5,1100.55,1102.5,41684
1627377900,1102.5,1102.8,1101.8,1102.5,40860
1627378200,1102.5,1102.7,1099.0,1100.9,84991
1627378500,1101.1,1102.0,1099.9,1101.05,86938
1627378800,1100.9,1103.45,1100.8,1103.45,74215
1627379100,1103.45,1107.8,1103.2,1106.25,155157
1627379400,1106.4,1111.85,1106.05,1110.65,128673
1627379700,1110.65,1113.75,1109.2,1112.0,94491
1627443900,1115.0,1119.05,1100.15,1102.5,256356
1627444200,1102.45,1109.65,1101.75,1108.15,71718
1627444500,1107.55,1108.2,1106.0,1106.4,41021
1627444800,1106.9,1108.9,1101.55,1104.8,58446
1627445100,1104.2,1106.75,1104.0,1105.5,26957
1627445400,1105.5,1105.5,1102.0,1102.95,35924
1627445700,1102.95,1103.55,1093.0,1093.5,96774
1627446000,1093.3,1103.0,1093.3,1100.95,47254
1627446300,1101.0,1102.35,1096.2,1100.95,37669
1627446600,1100.95,1108.2,1100.65,1108.0,62728
1627446900,1108.0,1113.5,1108.0,1110.0,86898
1627447200,1110.5,1114.8,1110.5,1112.95,47844
1627447500,1112.9,1112.95,1108.0,1110.05,36471
1627447800,1110.05,1112.2,1110.05,1111.65,31226
1627448100,1111.65,1112.2,1106.3,1108.15,31791
1627448400,1108.25,1108.4,1104.35,1105.4,46541
1627448700,1105.4,1108.5,1104.7,1107.45,29227
1627449000,1107.45,1107.7,1104.5,1105.3,26966
1627449300,1105.2,1106.4,1100.45,1105.95,56569
1627449600,1106.35,1107.95,1105.35,1107.05,24776
1627449900,1107.05,1107.55,1102.5,1102.5,18037
1627450200,1102.5,1103.95,1102.0,1103.75,18381
1627450500,1103.65,1103.8,1097.05,1099.95,45730
1627450800,1099.95,1109.0,1099.9,1108.8,28114
1627451100,1108.8,1120.0,1108.8,1115.0,95345
1627451400,1115.0,1118.55,1112.9,1116.8,52958
1627451700,1116.8,1125.0,1116.8,1122.5,122488
1627452000,1123.0,1123.5,1119.2,1122.6,65173
1627452300,1122.2,1122.65,1118.15,1121.0,53809
1627452600,1121.0,1121.0,1118.8,1119.6,25739
1627452900,1119.6,1120.0,1115.4,1116.25,35182
1627453200,1115.4,1116.8,1115.4,1115.8,39398
1627453500,1115.8,1116.75,1115.4,1116.0,54704
1627453800,1116.0,1120.8,1115.7,1120.0,39056
1627454100,1119.9,1129.85,1119.1,1126.0,201998
1627454400,1125.95,1137.75,1124.25,1133.0,184532
1627454700,1132.45,1133.75,1127.2,1128.9,92224
1627455000,1128.25,1132.65,1128.15,1131.0,50628
1627455300,1131.0,1131.65,1127.0,1128.9,39284
1627455600,1128.9,1132.3,1123.95,1131.75,75466
1627455900,1131.75,1135.3,1123.95,1130.65,175583
1627456200,1130.8,1136.55,1128.5,1129.5,118998
1627456500,1129.5,1131.75,1128.15,1129.3,37216
1627456800,1129.2,1130.0,1125.3,1127.1,44142
1627457100,1127.1,1127.8,1125.25,1126.5,18737
1627457400,1126.85,1127.8,1125.0,1125.0,31818
1627457700,1125.0,1126.8,1125.0,1125.3,25252
1627458000,1125.3,1125.95,1124.6,1125.5,30365
1627458300,1125.2,1126.15,1120.9,1124.75,59335
1627458600,1124.0,1125.4,1124.0,1124.55,20435
1627458900,1124.9,1130.85,1124.3,1129.35,65902
1627459200,1129.4,1130.85,1128.7,1129.2,51800
1627459500,1129.15,1129.85,1124.0,1125.75,51135
1627459800,1125.45,1127.6,1125.0,1125.35,33534
1627460100,1125.25,1125.65,1122.8,1125.4,26066
1627460400,1125.0,1125.5,1124.6,1125.0,29393
1627460700,1125.3,1125.45,1124.05,1125.05,29695
1627461000,1125.05,1125.75,1124.25,1125.05,27852
1627461300,1125.05,1125.45,1123.25,1123.35,13691
1627461600,1123.95,1125.45,1123.05,1125.0,26193
1627461900,1125.0,1125.7,1125.0,1125.1,95170
1627462200,1125.1,1125.45,1121.85,1122.95,56913
1627462500,1122.95,1123.35,1122.2,1122.6,12307
1627462800,1122.6,1123.5,1122.2,1123.5,34136
1627463100,1123.7,1125.0,1122.5,1124.05,38246
1627463400,1124.05,1124.6,1120.7,1121.7,43021
1627463700,1122.0,1123.55,1121.5,1122.0,43818
1627464000,1122.0,1136.75,1121.6,1126.85,193710
1627464300,1126.85,1129.55,1123.75,1128.7,104966
1627464600,1127.95,1131.65,1127.2,1131.5,42120
1627464900,1131.65,1133.95,1130.2,1133.1,57450
1627465200,1133.2,1136.0,1133.1,1134.05,67726
1627465500,1133.2,1138.8,1132.45,1132.75,87409
1627465800,1132.75,1135.5,1132.05,1134.9,72516
1627466100,1134.9,1134.9,1128.3,1129.0,42763
1627530300,1133.0,1135.6,1125.0,1132.8,73588
1627530600,1132.3,1135.65,1131.0,1133.45,30962
1627530900,1133.45,1134.95,1127.3,1127.3,24075
1627531200,1128.1,1130.2,1126.5,1127.1,15201
1627531500,1127.05,1129.0,1126.7,1128.15,9999
1627531800,1128.15,1133.5,1127.25,1131.0,20343
1627532100,1131.0,1131.0,1129.0,1129.05,7549
1627532400,1129.05,1133.3,1127.95,1133.0,18062
1627532700,1132.55,1132.75,1130.0,1130.95,9996
1627533000,1130.55,1133.15,1130.5,1132.35,10947
1627533300,1132.4,1134.9,1132.4,1134.0,12368
1627533600,1134.0,1135.0,1132.8,1133.95,15300
1627533900,1133.95,1137.2,1132.0,1136.3,21068
1627534200,1136.75,1139.85,1135.5,1139.0,30132
1627534500,1139.5,1140.3,1137.35,1137.9,46423
1627534800,1137.9,1139.25,1137.35,1139.0,16065
1627535100,1139.0,1143.3,1138.3,1142.05,51607
1627535400,1142.05,1146.9,1141.5,1146.05,40110
1627535700,1146.05,1146.45,1141.4,1142.6,25974
1627536000,1142.6,1143.95,1140.0,1142.5,16940
1627536300,1142.5,1142.95,1141.25,1142.15,10229
1627536600,1142.15,1143.0,1141.7,1142.6,6380
1627536900,1142.65,1144.55,1142.0,1144.5,7842
1627537200,1143.35,1144.3,1143.35,1143.65,6535
1627537500,1143.7,1148.0,1143.7,1146.0,27830
1627537800,1146.25,1147.6,1144.8,1146.35,24418
1627538100,1146.35,1146.75,1143.25,1145.05,25884
1627538400,1145.05,1146.25,1144.65,1145.85,10299
1627538700,1145.85,1147.5,1144.8,1146.95,15636
1627539000,1146.95,1146.95,1145.4,1146.3,19110
1627539300,1146.75,1146.8,1145.3,1146.0,14017
1627539600,1146.0,1148.0,1143.65,1144.65,25644
1627539900,1144.65,1146.85,1144.55,1146.7,9289
1627540200,1146.7,1147.25,1145.25,1146.9,17652
1627540500,1146.9,1146.9,1145.05,1145.1,8454
1627540800,1145.55,1145.55,1142.05,1142.45,18825
1627541100,1143.0,1144.8,1141.0,1144.8,47795
1627541400,1144.8,1146.25,1144.3,1146.2,74357
1627541700,1146.2,1146.5,1145.3,1146.15,13795
1627542000,1146.05,1146.3,1142.4,1142.6,24646
1627542300,1143.0,1144.5,1141.25,1143.7,15752
1627542600,1143.7,1144.25,1142.3,1142.75,13784
1627542900,1143.0,1143.65,1142.55,1143.25,10139
1627543200,1143.25,1144.25,1142.55,1143.3,12400
1627543500,1143.3,1144.75,1143.25,1144.65,11849
1627543800,1144.65,1144.65,1142.5,1142.9,16029
1627544100,1142.9,1144.65,1142.75,1144.0,11234
1627544400,1143.9,1144.6,1142.7,1143.3,9610
1627544700,1143.3,1144.55,1143.0,1144.4,10520
1627545000,1144.35,1144.5,1143.0,1144.45,10080
1627545300,1144.45,1144.5,1140.0,1142.45,17913
1627545600,1142.45,1142.45,1140.0,1141.0,15373
1627545900,1141.0,1142.05,1140.0,1141.15,14793
1627546200,1141.15,1141.65,1140.05,1140.8,10687
1627546500,1141.0,1141.35,1140.35,1140.9,8680
1627546800,1140.95,1141.3,1140.0,1141.0,9423
1627547100,1140.8,1141.2,1140.0,1140.2,12217
1627547400,1140.2,1140.5,1137.25,1137.9,19958
1627547700,1137.9,1138.55,1137.15,1137.85,12221
1627548000,1137.9,1139.2,1137.7,1138.0,10554
1627548300,1137.8,1138.8,1136.55,1137.9,11827
1627548600,1137.35,1138.0,1136.0,1136.9,12451
1627548900,1136.9,1138.0,1135.5,1137.45,11888
1627549200,1137.45,1137.45,1130.85,1134.0,31522
1627549500,1134.6,1137.35,1131.1,1131.9,22312
1627549800,1131.9,1132.95,1128.0,1128.55,30774
1627550100,1128.55,1130.35,1127.6,1128.95,25244
1627550400,1128.95,1130.35,1128.95,1129.55,16672
1627550700,1129.55,1132.7,1128.65,1129.65,20851
1627551000,1129.65,1132.4,1125.9,1129.05,40932
1627551300,1129.05,1129.7,1126.0,1126.35,29061
1627551600,1126.55,1132.05,1125.45,1132.05,37139
1627551900,1132.95,1132.95,1128.65,1128.8,34856
1627552200,1128.8,1132.3,1127.2,1127.55,43226
1627552500,1127.6,1130.0,1124.05,1124.05,25370
1627616700,1123.0,1123.0,1110.75,1115.35,63779
1627617000,1115.35,1115.7,1108.05,1113.2,59257
1627617300,1113.2,1115.1,1109.0,1113.65,38492
1627617600,1114.15,1120.8,1112.75,1114.0,45430
1627617900,1114.0,1115.35,1111.4,1111.65,14875
1627618200,1111.95,1112.95,1109.45,1111.35,13060
1627618500,1111.35,1111.55,1109.0,1110.2,9480
1627618800,1110.2,1111.9,1109.85,1110.0,15769
1627619100,1110.0,1110.4,1109.0,1109.95,6776
1627619400,1110.1,1110.45,1109.45,1110.2,5781
1627619700,1110.2,1110.3,1109.2,1109.95,7085
1627620000,1109.95,1111.95,1109.6,1111.7,7579
1627620300,1111.0,1111.75,1109.5,1110.55,5181
1627620600,1110.55,1111.05,1109.0,1109.25,11263
1627620900,1109.25,1109.25,1106.15,1107.6,19372
1627621200,1107.6,1108.7,1107.05,1107.05,9872
1627621500,1107.1,1107.5,1106.0,1107.4,9499
1627621800,1107.4,1107.65,1103.8,1104.7,17379
1627622100,1104.7,1105.85,1103.95,1105.15,5716
1627622400,1105.15,1105.8,1104.3,1104.65,11905
1627622700,1104.65,1105.0,1104.0,1104.45,5770
1627623000,1104.45,1107.7,1104.45,1107.0,21736
1627623300,1107.0,1107.5,1105.65,1105.65,14923
1627623600,1105.1,1106.0,1104.45,1105.7,4299
1627623900,1105.7,1105.95,1104.45,1104.75,8363
1627624200,1104.7,1105.2,1104.0,1104.75,7084
1627624500,1104.75,1105.25,1104.1,1104.1,7458
1627624800,1104.1,1105.0,1103.0,1103.05,8881
1627625100,1103.05,1104.7,1102.8,1103.3,4561
1627625400,1103.3,1103.7,1102.55,1103.4,6720
1627625700,1103.45,1104.8,1103.0,1104.55,4772
1627626000,1104.5,1105.75,1103.85,1105.0,35685
1627626300,1105.0,1105.05,1104.0,1104.0,8674
1627626600,1104.0,1104.2,1102.25,1102.5,10377
1627626900,1102.5,1103.0,1102.0,1102.5,10557
1627627200,1102.5,1105.6,1102.1,1105.45,9903
1627627500,1105.45,1107.75,1104.15,1107.55,13072
1627627800,1107.55,1108.7,1105.85,1107.95,11656
1627628100,1107.95,1108.65,1107.0,1108.05,12001
1627628400,1108.2,1108.45,1107.6,1108.35,3544
1627628700,1108.35,1108.4,1106.0,1106.45,3139
1627629000,1106.45,1107.2,1105.75,1107.15,4878
1627629300,1107.15,1107.45,1106.5,1107.05,2876
1627629600,1107.05,1107.25,1106.65,1107.05,4010
1627629900,1107.2,1107.5,1105.35,1105.8,5958
1627630200,1105.25,1105.8,1104.0,1104.9,4677
1627630500,1104.9,1105.4,1104.05,1104.55,6083
1627630800,1104.6,1105.0,1103.85,1105.0,5150
1627631100,1104.8,1105.3,1104.55,1105.0,4605
1627631400,1105.0,1105.5,1104.6,1105.0,2166
1627631700,1105.0,1105.2,1104.35,1105.1,1854
1627632000,1105.1,1105.35,1104.55,1105.25,3452
1627632300,1105.25,1105.85,1104.65,1105.7,2901
1627632600,1105.7,1110.0,1105.5,1109.0,20619
1627632900,1109.0,1109.25,1106.6,1107.9,7620
1627633200,1107.05,1108.75,1107.0,1108.3,8284
1627633500,1108.3,1108.35,1107.45,1108.0,3036
1627633800,1108.0,1108.0,1105.85,1106.1,7840
1627634100,1105.7,1106.9,1105.0,1105.9,14571
1627634400,1106.0,1106.25,1104.0,1104.3,8364
1627634700,1104.3,1106.85,1104.0,1106.45,12344
1627635000,1106.55,1107.15,1105.7,1106.85,8430
1627635300,1106.85,1106.85,1105.55,1106.35,3678
1627635600,1106.35,1106.35,1105.0,1105.2,13483
1627635900,1105.2,1105.2,1103.4,1103.65,19261
1627636200,1103.5,1103.65,1102.3,1102.9,22522
1627636500,1102.9,1104.35,1102.9,1103.3,17332
1627636800,1103.3,1103.3,1098.45,1100.55,42700
1627637100,1100.55,1100.6,1098.0,1098.25,26523
1627637400,1098.3,1099.85,1096.6,1099.7,45588
1627637700,1099.7,1099.7,1093.65,1095.0,60127
1627638000,1095.0,1095.0,1092.0,1092.55,59469
1627638300,1092.55,1094.95,1092.55,1094.05,50067
1627638600,1094.45,1104.1,1094.45,1103.75,78502
1627638900,1103.75,1113.75,1103.7,1110.5,66471
1627875900,1111.05,1115.0,1105.8,1111.9,25571
1627876200,1111.9,1119.3,1111.15,1119.3,59603
1627876500,1118.7,1121.85,1117.5,1119.8,59058
1627876800,1119.8,1128.5,1119.35,1125.0,97871
1627877100,1125.35,1126.5,1120.9,1123.0,55082
1627877400,1123.05,1124.0,1120.0,1122.0,32827
1627877700,1122.0,1122.0,1117.1,1118.05,38073
1627878000,1118.1,1119.75,1118.0,1119.0,8347
1627878300,1119.4,1119.4,1117.5,1118.15,13363
1627878600,1118.1,1119.0,1117.7,1118.1,7714
1627878900,1118.45,1120.9,1118.0,1120.85,12069
1627879200,1120.85,1125.0,1120.2,1124.25,22927
1627879500,1124.25,1124.25,1120.05,1122.85,17842
1627879800,1122.85,1123.15,1120.8,1121.35,6818
1627880100,1121.1,1121.55,1118.0,1118.75,13847
1627880400,1118.55,1119.6,1117.5,1118.8,10799
1627880700,1118.8,1118.8,1117.6,1118.5,8792
1627881000,1118.5,1119.0,1114.4,1115.5,33903
1627881300,1115.65,1116.9,1114.05,1116.9,18947
1627881600,1116.9,1118.85,1116.25,1118.2,7484
1627881900,1116.4,1118.85,1116.4,1118.75,11881
1627882200,1118.75,1119.0,1117.15,1117.85,10064
1627882500,1117.85,1119.5,1116.85,1118.55,13857
1627882800,1118.55,1118.7,1117.25,1118.7,6923
1627883100,1117.65,1118.2,1115.0,1116.9,15867
1627883400,1116.9,1117.45,1114.8,1116.4,37146
1627883700,1116.4,1116.75,1113.95,1115.95,26707
1627884000,1115.95,1116.5,1114.8,1116.0,12675
1627884300,1116.0,1116.5,1115.8,1116.0,4134
1627884600,1116.0,1116.0,1114.3,1115.7,9709
1627884900,1115.7,1116.3,1112.9,1115.45,21731
1627885200,1115.7,1116.45,1115.0,1116.3,8954
1627885500,1116.3,1116.3,1113.4,1114.7,11587
1627885800,1114.7,1115.0,1113.15,1114.0,7277
1627886100,1114.0,1114.85,1108.3,1109.5,27983
1627886400,1109.9,1110.9,1109.25,1109.85,6740
1627886700,1109.85,1110.0,1108.95,1109.55,5918
1627887000,1109.8,1110.45,1109.35,1110.4,4369
1627887300,1110.5,1110.5,1108.4,1108.6,7171
1627887600,1108.8,1108.8,1101.95,1103.45,39704
1627887900,1103.9,1105.0,1102.6,1104.8,22861
1627888200,1104.8,1105.4,1104.4,1104.8,32843
1627888500,1104.8,1105.0,1103.8,1104.5,25150
1627888800,1104.5,1104.95,1103.45,1104.5,15562
1627889100,1104.5,1104.6,1103.8,1104.45,7115
1627889400,1104.45,1104.85,1104.15,1104.55,17831
1627889700,1104.75,1107.0,1104.15,1106.2,42468
1627890000,1106.2,1106.8,1104.25,1106.8,29792
1627890300,1106.35,1109.05,1106.1,1107.25,20631
1627890600,1107.25,1107.25,1105.0,1105.05,42479
1627890900,1105.05,1106.6,1103.05,1106.05,38945
1627891200,1106.0,1107.5,1105.15,1105.65,19178
1627891500,1105.65,1106.15,1103.45,1105.6,52908
1627891800,1105.6,1105.85,1104.25,1104.6,13691
1627892100,1104.6,1105.95,1103.95,1104.7,13653
1627892400,1104.35,1107.0,1104.05,1106.0,17141
1627892700,1106.2,1106.45,1105.0,1105.0,7175
1627893000,1105.0,1105.4,1104.2,1105.2,10497
1627893300,1105.2,1106.0,1104.45,1106.0,9136
1627893600,1106.0,1106.2,1104.75,1105.45,9466
1627893900,1105.3,1105.7,1104.2,1105.55,12288
1627894200,1105.55,1105.65,1104.4,1105.05,10217
1627894500,1105.45,1106.5,1104.5,1105.45,14281
1627894800,1105.45,1106.2,1104.5,1105.65,12940
1627895100,1106.4,1106.4,1104.7,1105.5,19176
1627895400,1105.5,1105.9,1104.7,1105.35,12542
1627895700,1105.35,1105.5,1104.8,1105.2,13407
1627896000,1105.2,1106.0,1104.9,1105.95,13554
1627896300,1105.95,1106.0,1104.8,1105.6,19515
1627896600,1105.45,1107.6,1105.45,1107.3,19472
1627896900,1107.3,1107.5,1106.4,1107.3,47346
1627897200,1107.35,1110.0,1106.9,1109.15,23646
1627897500,1109.15,1109.2,1107.85,1108.25,24334
1627897800,1108.25,1108.25,1104.15,1106.35,32346
1627898100,1106.35,1110.0,1104.65,1105.25,16366
1627962300,1105.25,1105.75,1097.05,1097.25,43466
1627962600,1097.6,1110.0,1094.8,1105.55,45133
1627962900,1104.95,1107.05,1104.2,1104.6,15562
1627963200,1104.6,1105.4,1102.6,1104.0,7709
1627963500,1104.0,1105.8,1103.6,1104.2,7885
1627963800,1104.2,1104.45,1102.6,1103.75,3713
1627964100,1103.65,1104.95,1103.25,1104.25,2476
1627964400,1103.65,1105.45,1102.65,1104.95,8931
1627964700,1104.9,1115.65,1104.0,1115.0,35994
1627965000,1114.35,1114.5,1106.6,1108.25,14995
1627965300,1108.25,1108.7,1107.5,1108.3,2076
1627965600,1108.3,1109.7,1107.7,1109.55,7012
1627965900,1108.95,1110.7,1108.95,1109.7,4017
1627966200,1109.15,1110.6,1108.0,1109.7,7477
1627966500,1109.55,1109.7,1105.2,1107.15,12450
1627966800,1107.65,1108.25,1106.4,1106.85,6403
1627967100,1106.85,1107.3,1105.0,1106.05,4427
1627967400,1105.5,1107.65,1105.05,1106.95,14367
1627967700,1106.5,1107.45,1105.6,1106.6,2547
1627968000,1106.6,1107.7,1106.05,1107.2,2027
1627968300,1106.55,1107.3,1105.6,1105.6,1215
1627968600,1105.6,1106.25,1104.3,1104.3,3750
1627968900,1104.3,1105.7,1104.3,1105.15,3582
1627969200,1105.1,1105.6,1104.65,1105.4,1310
1627969500,1104.85,1105.5,1104.7,1104.95,848
1627969800,1104.95,1105.35,1104.3,1104.6,1263
1627970100,1104.6,1108.45,1103.1,1108.45,10491
1627970400,1107.7,1108.05,1106.6,1107.75,3112
1627970700,1107.75,1107.75,1105.6,1106.65,3286
1627971000,1106.65,1106.65,1105.8,1106.55,2162
1627971300,1106.2,1109.1,1105.0,1106.0,9600
1627971600,1107.0,1107.95,1105.45,1106.5,3570
1627971900,1106.5,1108.15,1105.7,1107.15,11462
1627972200,1107.15,1107.15,1105.0,1105.65,738
1627972500,1105.65,1106.25,1104.6,1105.7,1637
1627972800,1105.25,1105.7,1104.4,1105.5,1746
1627973100,1105.6,1105.65,1104.0,1105.25,3400
1627973400,1104.75,1106.4,1104.55,1105.15,2023
1627973700,1105.15,1105.85,1104.5,1105.3,5239
1627974000,1105.45,1105.45,1104.5,1104.55,892
1627974300,1104.55,1104.9,1102.9,1103.3,7577
1627974600,1103.3,1104.1,1103.0,1103.7,1324
1627974900,1103.7,1106.5,1103.3,1105.25,5323
1627975200,1105.25,1109.3,1105.0,1107.55,34085
1627975500,1107.5,1109.0,1107.5,1108.0,11011
1627975800,1108.0,1109.0,1107.3,1108.5,20449
1627976100,1108.5,1110.0,1108.0,1110.0,2795
1627976400,1110.0,1110.65,1108.85,1110.65,13080
1627976700,1110.7,1112.8,1110.15,1112.8,13974
1627977000,1111.9,1115.0,1111.9,1114.35,27672
1627977300,1114.35,1118.95,1114.35,1116.65,26428
1627977600,1116.65,1119.0,1116.65,1116.95,22289
1627977900,1117.75,1123.0,1116.4,1119.85,31695
1627978200,1119.85,1122.0,1119.2,1121.75,19294
1627978500,1121.75,1127.0,1121.1,1124.35,35207
1627978800,1124.85,1125.75,1123.5,1124.2,15620
1627979100,1124.2,1130.75,1123.5,1129.85,40552
1627979400,1129.4,1131.2,1126.6,1129.0,32398
1627979700,1128.95,1129.35,1126.0,1126.85,21772
1627980000,1126.85,1128.3,1123.1,1124.6,17799
1627980300,1125.0,1125.35,1122.8,1123.4,22165
1627980600,1123.4,1130.7,1123.1,1130.5,23168
1627980900,1130.45,1134.75,1127.4,1128.2,43016
1627981200,1128.85,1132.8,1128.45,1131.15,23690
1627981500,1131.15,1131.95,1129.4,1130.0,10782
1627981800,1130.0,1131.0,1128.45,1129.45,19892
1627982100,1130.05,1130.95,1129.0,1130.65,9365
1627982400,1130.5,1131.85,1129.3,1131.0,20192
1627982700,1131.0,1131.25,1129.05,1129.3,7744
1627983000,1129.3,1133.55,1129.3,1132.7,19240
1627983300,1132.75,1134.9,1131.4,1133.1,20542
1627983600,1133.25,1133.25,1130.2,1131.1,19981
1627983900,1131.3,1133.9,1130.95,1131.0,26380
1627984200,1131.1,1132.05,1129.8,1130.0,23404
1627984500,1129.95,1132.75,1128.0,1128.25,21072
1628048700,1130.0,1137.15,1126.65,1137.05,82755
1628049000,1137.65,1139.4,1130.0,1130.0,110038
1628049300,1130.0,1138.0,1125.0,1137.0,60208
1628049600,1137.0,1138.0,1135.0,1135.5,32788
1628049900,1135.5,1135.5,1134.45,1135.35,25716
1628050200,1135.35,1137.0,1134.75,1135.05,29324
1628050500,1135.0,1137.5,1130.35,1135.15,32885
1628050800,1135.15,1137.75,1134.05,1136.8,21490
1628051100,1136.8,1137.5,1136.0,1136.85,9439
1628051400,1136.85,1142.65,1136.25,1142.35,44904
1628051700,1142.65,1143.0,1138.15,1140.75,31802
1628052000,1140.75,1144.65,1140.0,1142.5,53401
1628052300,1141.95,1143.7,1140.0,1140.9,48001
1628052600,1140.85,1140.85,1136.0,1136.8,55460
1628052900,1136.8,1138.1,1136.0,1136.5,9155
1628053200,1136.5,1137.25,1136.0,1136.9,19673
1628053500,1136.55,1136.55,1135.0,1135.1,36547
1628053800,1135.0,1135.85,1135.0,1135.15,18421
1628054100,1135.15,1136.6,1134.65,1135.4,29140
1628054400,1135.4,1136.8,1134.3,1135.0,21040
1628054700,1134.65,1135.75,1133.35,1135.0,18206
1628055000,1135.0,1135.45,1134.55,1135.15,4998
1628055300,1135.15,1135.4,1131.0,1132.55,26571
1628055600,1131.95,1135.0,1131.25,1132.5,33088
1628055900,1132.5,1133.6,1132.0,1133.35,12969
1628056200,1133.35,1138.9,1132.7,1135.5,43837
1628056500,1135.5,1136.05,1134.6,1135.9,8904
1628056800,1135.85,1136.6,1135.6,1136.35,6570
1628057100,1136.35,1136.35,1135.0,1135.1,5267
1628057400,1135.1,1135.1,1135.0,1135.0,7380
1628057700,1135.0,1135.45,1134.95,1135.15,18276
1628058000,1135.15,1136.25,1134.7,1135.05,10604
1628058300,1135.05,1135.9,1134.6,1135.65,6701
1628058600,1135.25,1136.0,1134.85,1136.0,5840
1628058900,1136.0,1136.55,1135.1,1135.65,4585
1628059200,1135.65,1136.95,1134.9,1136.85,7978
1628059500,1136.85,1138.0,1136.45,1137.9,17795
1628059800,1137.5,1138.5,1136.75,1137.05,10611
1628060100,1137.05,1137.05,1136.25,1136.75,12428
1628060400,1136.35,1137.6,1136.35,1137.25,10235
1628060700,1137.4,1137.65,1136.5,1136.95,5401
1628061000,1136.95,1137.5,1136.6,1137.45,4948
1628061300,1137.45,1137.5,1136.5,1137.45,6586
1628061600,1137.45,1137.45,1136.7,1137.2,5953
1628061900,1137.2,1137.85,1136.2,1137.0,19235
1628062200,1136.65,1137.0,1134.5,1136.0,55395
1628062500,1136.0,1136.3,1135.0,1136.0,30610
1628062800,1136.0,1136.2,1134.4,1135.85,48739
1628063100,1135.85,1136.15,1134.75,1136.15,16177
1628063400,1136.15,1137.55,1135.0,1136.5,16610
1628063700,1136.5,1136.5,1135.05,1136.3,5603
1628064000,1136.35,1136.95,1135.2,1136.25,5854
1628064300,1135.95,1138.45,1135.95,1138.45,35023
1628064600,1138.65,1139.6,1137.1,1139.55,18394
1628064900,1139.1,1139.3,1135.75,1136.75,12926
1628065200,1137.0,1137.5,1135.6,1136.0,7075
1628065500,1135.05,1136.95,1133.55,1134.75,36893
1628065800,1134.75,1135.65,1133.4,1134.25,19485
1628066100,1133.65,1135.0,1132.0,1134.75,28006
1628066400,1134.75,1136.45,1133.7,1135.9,9639
1628066700,1135.85,1136.4,1133.4,1135.55,20125
1628067000,1134.6,1136.5,1133.5,1135.9,26943
1628067300,1135.9,1138.0,1135.2,1136.1,15610
1628067600,1136.05,1137.2,1135.0,1136.7,16240
1628067900,1137.15,1138.25,1134.55,1134.75,23424
1628068200,1134.75,1136.7,1132.95,1135.4,35955
1628068500,1135.4,1136.75,1134.55,1136.5,11542
1628068800,1136.05,1137.95,1136.0,1137.25,21851
1628069100,1137.75,1141.0,1137.3,1140.65,27398
1628069400,1140.7,1140.8,1137.7,1138.7,24306
1628069700,1138.8,1139.1,1136.5,1137.1,24001
1628070000,1137.25,1138.15,1135.55,1135.6,28846
1628070300,1135.6,1136.1,1134.4,1135.0,48092
1628070600,1135.0,1136.45,1135.0,1136.25,34612
1628070900,1136.25,1140.0,1135.0,1137.0,42875
1628135100,1170.2,1175.7,1142.1,1143.95,828537
1628135400,1143.45,1154.9,1143.45,1147.0,224156
1628135700,1147.7,1151.85,1144.6,1144.6,133254
1628136000,1144.7,1146.5,1126.45,1128.55,512661
1628136300,1128.25,1137.05,1128.25,1134.45,167711
1628136600,1134.45,1138.2,1134.45,1135.85,99335
1628136900,1135.95,1140.75,1135.45,1140.0,105272
1628137200,1140.05,1142.0,1137.3,1138.9,116932
1628137500,1139.65,1142.0,1138.75,1141.0,67844
1628137800,1140.95,1140.95,1138.0,1140.5,158959
1628138100,1140.0,1140.55,1132.85,1132.9,155476
1628138400,1133.35,1139.45,1133.3,1139.0,64209
1628138700,1138.5,1141.0,1137.55,1138.15,72402
1628139000,1138.15,1140.65,1137.55,1140.0,71187
1628139300,1140.0,1140.9,1138.95,1139.0,105454
1628139600,1139.0,1139.0,1134.8,1135.2,45122
1628139900,1135.85,1140.45,1135.0,1138.95,56674
1628140200,1138.4,1143.0,1138.4,1142.45,60678
1628140500,1142.45,1151.0,1141.8,1150.05,178861
1628140800,1150.0,1150.95,1145.0,1150.2,116172
1628141100,1150.0,1151.95,1147.6,1150.0,170064
1628141400,1150.5,1151.2,1144.5,1144.5,107875
1628141700,1145.55,1148.95,1144.3,1148.8,45947
1628142000,1147.9,1149.0,1146.0,1147.5,32161
1628142300,1147.45,1149.25,1146.5,1149.0,39084
1628142600,1149.0,1151.55,1148.0,1151.2,57703
1628142900,1151.4,1155.0,1148.4,1150.65,198477
1628143200,1151.6,1154.0,1150.0,1150.2,62397
1628143500,1150.0,1150.85,1149.05,1150.0,37899
1628143800,1150.0,1150.65,1149.0,1149.8,49378
1628144100,1149.8,1150.0,1147.75,1148.3,45676
1628144400,1148.35,1148.35,1146.1,1147.95,46227
1628144700,1147.95,1150.55,1146.55,1150.0,60820
1628145000,1150.0,1150.55,1149.55,1150.0,45926
1628145300,1150.2,1150.3,1147.7,1149.2,38947
1628145600,1149.1,1151.65,1148.35,1150.3,82073
1628145900,1150.3,1151.0,1149.4,1150.3,63612
1628146200,1150.3,1151.5,1149.55,1150.45,64372
1628146500,1150.05,1150.45,1147.5,1148.25,53841
1628146800,1148.25,1150.5,1148.0,1150.05,49099
1628147100,1150.25,1150.95,1149.9,1150.4,23606
1628147400,1150.7,1151.45,1149.85,1150.0,27548
1628147700,1150.0,1150.4,1149.5,1150.0,45291
1628148000,1150.15,1150.9,1149.15,1149.6,46833
1628148300,1149.6,1149.95,1146.55,1148.0,78802
1628148600,1147.3,1148.95,1146.7,1147.3,49830
1628148900,1147.2,1147.5,1144.0,1144.55,75042
1628149200,1144.55,1144.55,1140.0,1140.8,57713
1628149500,1140.8,1144.9,1140.2,1143.55,56890
1628149800,1143.55,1143.9,1132.3,1135.65,108357
1628150100,1135.1,1142.0,1134.65,1140.75,87513
1628150400,1141.3,1141.85,1139.0,1140.1,16084
1628150700,1140.1,1140.1,1130.0,1130.3,52727
1628151000,1130.0,1131.3,1125.0,1130.25,89901
1628151300,1130.7,1135.75,1130.55,1134.9,61284
1628151600,1134.9,1136.0,1133.1,1134.0,26639
1628151900,1134.55,1135.0,1133.65,1133.95,13904
1628152200,1134.45,1134.45,1131.3,1133.8,26050
1628152500,1134.0,1134.35,1131.6,1134.15,23828
1628152800,1134.15,1134.15,1132.05,1132.55,11098
1628153100,1132.5,1133.95,1132.0,1132.5,18356
1628153400,1133.0,1133.0,1130.4,1131.05,53334
1628153700,1131.1,1132.0,1128.75,1129.55,27601
1628154000,1129.9,1132.5,1129.9,1132.25,276625
1628154300,1132.5,1132.5,1131.0,1132.1,27631
1628154600,1132.1,1133.65,1131.0,1132.6,20036
1628154900,1132.6,1133.0,1130.75,1132.8,26247
1628155200,1132.8,1132.8,1130.1,1130.85,22157
1628155500,1131.2,1133.95,1130.3,1133.75,61363
1628155800,1134.9,1135.95,1132.3,1135.0,54593
1628156100,1135.0,1137.1,1133.5,1136.1,91313
1628156400,1136.1,1138.05,1132.35,1135.0,77240
1628156700,1135.15,1136.6,1131.8,1132.55,97850
1628157000,1132.55,1136.0,1131.25,1135.0,109694
1628157300,1135.0,1140.0,1133.5,1140.0,52137
1628157600,1138.25,1138.25,1138.25,1138.25,78
1628221500,1140.0,1146.95,1133.8,1138.25,58492
1628221800,1138.25,1138.25,1129.1,1130.05,30669
1628222100,1130.05,1133.45,1128.55,1133.0,28289
1628222400,1133.0,1135.35,1132.0,1132.1,18219
1628222700,1132.1,1132.95,1127.45,1131.85,12374
1628223000,1131.85,1139.3,1131.1,1135.05,20235
1628223300,1135.55,1135.55,1130.2,1130.8,8146
1628223600,1130.8,1131.85,1130.5,1131.5,3835
1628223900,1131.2,1133.85,1131.0,1132.7,6874
1628224200,1132.7,1135.55,1132.7,1134.15,6681
1628224500,1133.8,1134.65,1133.0,1134.3,3778
1628224800,1134.15,1138.15,1133.65,1137.25,10397
1628225100,1137.25,1138.7,1135.2,1137.0,8375
1628225400,1137.0,1137.4,1135.5,1137.0,5681
1628225700,1137.0,1138.35,1136.2,1137.9,262194
1628226000,1137.9,1141.0,1137.0,1137.0,15551
1628226300,1137.05,1137.55,1131.05,1132.7,18660
1628226600,1132.7,1134.95,1132.5,1133.6,5770
1628226900,1133.6,1136.2,1133.6,1135.45,2226
1628227200,1135.45,1135.65,1134.1,1135.0,2267
1628227500,1134.7,1135.65,1134.0,1134.4,3703
1628227800,1134.4,1137.65,1134.4,1136.95,2877
1628228100,1136.9,1139.3,1136.5,1138.45,5185
1628228400,1138.45,1138.55,1136.15,1137.0,4078
1628228700,1137.0,1138.0,1136.5,1137.65,3203
1628229000,1137.65,1142.25,1136.5,1142.25,18203
1628229300,1141.95,1148.4,1141.95,1148.0,109605
1628229600,1148.05,1148.7,1141.15,1143.45,51077
1628229900,1143.25,1144.0,1141.05,1141.25,28014
1628230200,1141.25,1141.9,1138.6,1139.35,16701
1628230500,1139.35,1143.7,1138.7,1143.0,10236
1628230800,1143.0,1143.0,1140.65,1141.4,3899
1628231100,1141.4,1142.6,1140.6,1142.55,3273
1628231400,1142.55,1143.95,1142.2,1143.85,4758
1628231700,1143.6,1143.95,1141.65,1142.85,4148
1628232000,1142.85,1143.65,1142.2,1142.95,3094
1628232300,1142.95,1143.35,1142.3,1143.1,1677
1628232600,1143.1,1143.7,1142.15,1142.95,1890
1628232900,1142.95,1143.4,1140.0,1140.85,4684
1628233200,1140.0,1140.95,1140.0,1140.95,18720
1628233500,1140.75,1140.75,1139.0,1140.0,8200
1628233800,1140.65,1141.05,1140.0,1140.05,6240
1628234100,1140.05,1141.4,1139.8,1141.4,5705
1628234400,1141.4,1141.4,1138.0,1138.9,10683
1628234700,1139.3,1139.45,1138.0,1138.1,13685
1628235000,1138.1,1139.3,1138.0,1138.3,10058
1628235300,1138.15,1139.05,1138.0,1138.4,7708
1628235600,1138.4,1138.85,1137.6,1138.05,11333
1628235900,1138.05,1138.95,1137.0,1137.0,9150
1628236200,1137.7,1137.7,1134.0,1134.7,14267
1628236500,1134.8,1136.15,1134.1,1135.0,12468
1628236800,1135.0,1140.0,1135.0,1140.0,8509
1628237100,1140.0,1140.6,1139.55,1140.45,4767
1628237400,1140.45,1142.75,1139.65,1142.2,10712
1628237700,1142.25,1143.65,1141.65,1143.6,6936
1628238000,1143.25,1143.6,1139.7,1140.6,6977
1628238300,1140.6,1141.8,1140.1,1140.6,3279
1628238600,1140.6,1143.95,1140.15,1141.9,6681
1628238900,1141.95,1144.4,1141.95,1143.5,6869
1628239200,1143.65,1143.65,1141.85,1142.7,2480
1628239500,1142.7,1142.75,1141.1,1141.4,2155
1628239800,1141.15,1142.85,1140.65,1142.05,15549
1628240100,1142.2,1144.55,1141.4,1144.1,16795
1628240400,1144.1,1154.25,1144.1,1153.1,202202
1628240700,1153.1,1153.1,1149.0,1151.5,63670
1628241000,1150.95,1153.25,1146.6,1147.5,37985
1628241300,1147.5,1148.45,1144.0,1146.95,21251
1628241600,1146.85,1152.8,1146.0,1152.8,34486
1628241900,1152.8,1153.0,1150.0,1151.95,30752
1628242200,1151.9,1152.6,1150.0,1151.85,30221
1628242500,1151.85,1152.75,1150.0,1151.75,36666
1628242800,1151.7,1153.0,1148.6,1149.35,48519
1628243100,1149.2,1151.65,1148.5,1150.0,55219
1628243400,1150.0,1151.55,1148.5,1151.1,43780
1628243700,1151.1,1152.0,1150.0,1151.25,19166
1628480700,1151.25,1154.0,1143.7,1147.6,27002
1628481000,1148.4,1149.85,1145.0,1148.05,12353
1628481300,1148.05,1149.55,1145.5,1148.05,7301
1628481600,1148.05,1155.0,1148.0,1154.65,23728
1628481900,1154.25,1155.0,1149.1,1151.0,36536
1628482200,1151.0,1151.9,1150.3,1151.05,9653
1628482500,1151.05,1153.0,1150.0,1152.4,9042
1628482800,1153.0,1156.0,1152.55,1154.8,13354
1628483100,1154.8,1155.95,1152.2,1153.2,14197
1628483400,1153.0,1153.75,1152.4,1152.85,2914
1628483700,1152.85,1152.95,1151.0,1152.5,7702
1628484000,1152.45,1152.95,1151.05,1152.5,4650
1628484300,1151.0,1152.0,1151.0,1151.5,6335
1628484600,1151.5,1151.55,1149.9,1150.5,109284
1628484900,1150.5,1151.9,1150.5,1151.5,9213
1628485200,1151.5,1153.0,1151.0,1152.9,5129
1628485500,1152.55,1153.7,1150.45,1150.45,40073
1628485800,1150.45,1154.8,1150.4,1154.2,91702
1628486100,1154.0,1155.0,1152.6,1153.35,7774
1628486400,1153.35,1154.25,1152.1,1153.5,3593
1628486700,1154.0,1154.95,1151.75,1152.6,5627
1628487000,1152.65,1153.3,1151.55,1151.7,2721
1628487300,1151.45,1152.1,1146.35,1147.45,27462
1628487600,1147.55,1149.0,1147.1,1148.15,3266
1628487900,1148.2,1149.0,1148.0,1148.75,3145
1628488200,1149.0,1153.0,1148.65,1152.35,7615
1628488500,1152.35,1153.45,1152.0,1152.4,2714
1628488800,1152.0,1152.4,1150.5,1151.95,5166
1628489100,1152.1,1153.5,1150.5,1151.75,8776
1628489400,1151.05,1153.0,1151.0,1151.3,2654
1628489700,1151.3,1151.75,1149.45,1151.3,57476
1628490000,1151.3,1151.3,1138.65,1139.9,142794
1628490300,1139.2,1139.9,1135.0,1138.9,27735
1628490600,1138.5,1140.2,1135.25,1137.25,13300
1628490900,1137.25,1139.95,1136.6,1138.8,5182
1628491200,1138.8,1143.6,1138.0,1143.6,7052
1628491500,1143.2,1143.2,1132.8,1135.1,27760
1628491800,1135.95,1136.0,1131.5,1135.6,12858
1628492100,1135.5,1139.75,1134.55,1137.65,25903
1628492400,1138.35,1141.9,1138.2,1140.95,18919
1628492700,1140.95,1142.7,1140.7,1141.5,11584
1628493000,1141.5,1145.95,1138.55,1143.35,81395
1628493300,1143.5,1145.0,1141.5,1142.65,6760
1628493600,1142.65,1143.85,1141.85,1142.2,13788
1628493900,1142.2,1142.25,1140.8,1141.05,5638
1628494200,1141.05,1143.7,1140.5,1143.6,7626
1628494500,1143.6,1146.2,1143.3,1145.35,8939
1628494800,1145.35,1145.4,1142.75,1143.95,9485
1628495100,1143.95,1144.0,1141.9,1143.0,5897
1628495400,1142.45,1143.0,1140.4,1141.65,15580
1628495700,1141.65,1141.65,1139.4,1140.35,15640
1628496000,1140.35,1140.85,1132.65,1134.75,58432
1628496300,1134.75,1134.75,1128.85,1131.95,21619
1628496600,1131.95,1134.35,1130.15,1133.95,8001
1628496900,1133.95,1133.95,1130.2,1131.45,8033
1628497200,1130.95,1133.75,1130.95,1133.0,4874
1628497500,1132.2,1134.0,1132.15,1132.75,5041
1628497800,1132.75,1134.2,1132.6,1134.2,2573
1628498100,1133.4,1135.65,1133.4,1134.9,5864
1628498400,1134.9,1136.55,1133.2,1135.55,11847
1628498700,1135.5,1136.4,1134.25,1136.4,3936
1628499000,1136.4,1136.45,1133.45,1134.05,4040
1628499300,1134.1,1135.4,1132.45,1135.4,4970
1628499600,1135.4,1137.6,1134.1,1137.2,15232
1628499900,1137.2,1138.75,1135.7,1137.5,18134
1628500200,1138.3,1140.5,1135.75,1136.8,43643
1628500500,1136.75,1138.55,1136.45,1137.95,22889
1628500800,1137.95,1137.95,1135.4,1136.7,17314
1628501100,1136.7,1137.25,1135.05,1136.8,20496
1628501400,1136.65,1138.8,1136.65,1137.7,23645
1628501700,1137.9,1138.7,1135.8,1138.45,27840
1628502000,1138.05,1138.55,1135.85,1138.3,21422
1628502300,1138.35,1140.05,1136.5,1139.6,26822
1628502600,1139.6,1139.6,1130.45,1135.45,59529
1628502900,1135.65,1138.0,1130.0,1132.0,21046
1628567100,1142.75,1142.75,1135.0,1137.0,60262
1628567400,1137.0,1139.6,1136.25,1139.5,24709
1628567700,1139.4,1144.0,1136.15,1143.35,35419
1628568000,1144.9,1146.0,1140.0,1140.75,43312
1628568300,1140.7,1143.95,1137.3,1138.05,22892
1628568600,1138.0,1140.2,1138.0,1139.0,23125
1628568900,1137.9,1140.0,1137.6,1139.25,43733
1628569200,1139.2,1139.7,1138.0,1139.3,10052
1628569500,1138.85,1139.3,1133.35,1135.05,38806
1628569800,1135.05,1135.05,1130.45,1132.05,28854
1628570100,1132.05,1134.35,1131.2,1133.15,15431
1628570400,1133.15,1133.9,1129.25,1133.0,30853
1628570700,1133.0,1134.0,1131.45,1134.0,8664
1628571000,1134.0,1134.0,1131.35,1131.45,3768
1628571300,1131.95,1132.0,1131.15,1131.3,7561
1628571600,1130.65,1132.3,1128.8,1129.7,18632
1628571900,1128.95,1130.5,1127.8,1128.4,12673
1628572200,1128.4,1129.85,1128.35,1129.0,11730
1628572500,1128.95,1129.0,1127.95,1128.9,11943
1628572800,1128.9,1130.8,1128.5,1130.5,11967
1628573100,1130.8,1132.9,1129.05,1130.25,15295
1628573400,1130.4,1130.45,1128.65,1129.0,9922
1628573700,1129.0,1130.8,1128.55,1129.45,12284
1628574000,1129.35,1130.35,1128.65,1130.0,30085
1628574300,1130.0,1132.0,1129.65,1130.0,12927
1628574600,1130.15,1134.7,1129.55,1134.2,25412
1628574900,1133.65,1137.25,1132.75,1136.0,25483
1628575200,1136.0,1140.55,1136.0,1139.35,26107
1628575500,1139.35,1141.3,1137.85,1138.7,30705
1628575800,1138.7,1139.95,1137.45,1139.5,19063
1628576100,1139.5,1140.95,1138.8,1140.0,31426
1628576400,1140.15,1141.0,1139.5,1140.45,15035
1628576700,1140.45,1143.4,1140.0,1142.3,25634
1628577000,1142.3,1142.8,1141.5,1142.05,17169
1628577300,1142.05,1142.7,1141.5,1142.5,22477
1628577600,1142.5,1143.95,1141.1,1142.2,33418
1628577900,1142.25,1142.4,1139.0,1139.0,26379
1628578200,1139.0,1140.75,1139.0,1140.35,10711
1628578500,1140.35,1141.9,1139.85,1141.9,5381
1628578800,1141.95,1142.8,1140.6,1142.1,14949
1628579100,1142.1,1142.55,1142.0,1142.3,5648
1628579400,1142.3,1142.3,1139.35,1139.9,12560
1628579700,1139.9,1140.5,1139.35,1139.75,7605
1628580000,1139.75,1139.75,1137.55,1138.05,11420
1628580300,1138.0,1139.4,1137.4,1138.25,19819
1628580600,1138.2,1138.95,1137.25,1138.9,36977
1628580900,1138.9,1139.05,1137.5,1138.3,13316
1628581200,1138.3,1138.6,1137.5,1137.85,16052
1628581500,1138.05,1139.7,1137.1,1138.35,19101
1628581800,1138.4,1138.4,1137.05,1138.3,11512
1628582100,1138.3,1138.6,1137.4,1138.0,13560
1628582400,1138.3,1138.95,1137.5,1138.6,9708
1628582700,1138.6,1138.75,1133.1,1134.3,22920
1628583000,1134.45,1137.0,1131.0,1135.85,38215
1628583300,1135.35,1135.6,1132.6,1134.45,7856
1628583600,1134.45,1134.45,1130.75,1130.75,12803
1628583900,1131.05,1133.15,1129.5,1130.1,14803
1628584200,1130.7,1132.5,1130.05,1132.25,8476
1628584500,1132.25,1132.5,1129.95,1130.1,22510
1628584800,1130.7,1131.15,1126.9,1128.0,32942
1628585100,1127.95,1130.0,1127.8,1128.75,29143
1628585400,1128.95,1130.0,1128.95,1129.95,19747
1628585700,1129.95,1130.0,1129.15,1130.0,15919
1628586000,1130.0,1130.0,1129.05,1129.1,18290
1628586300,1129.15,1130.0,1129.05,1129.65,22315
1628586600,1129.65,1129.9,1128.5,1128.55,13407
1628586900,1128.55,1129.25,1126.25,1126.6,18773
1628587200,1126.6,1128.45,1124.35,1124.95,101625
1628587500,1125.95,1125.95,1121.85,1124.5,43495
1628587800,1124.5,1131.6,1123.95,1131.3,78429
1628588100,1131.0,1131.0,1126.3,1127.55,43304
1628588400,1126.9,1132.35,1126.5,1128.55,82865
1628588700,1128.55,1129.85,1126.8,1128.95,64829
1628589000,1128.95,1130.0,1125.0,1125.7,56754
1628589300,1125.7,1127.7,1120.15,1124.25,86150
1628653500,1130.0,1130.0,1122.25,1129.4,32124
1628653800,1129.0,1130.0,1120.4,1121.1,41342
1628654100,1121.15,1132.9,1121.0,1128.25,128380
1628654400,1128.25,1130.0,1125.8,1128.0,19689
1628654700,1128.05,1128.05,1125.9,1126.05,27753
1628655000,1126.65,1129.5,1125.25,1129.25,21565
1628655300,1129.0,1130.0,1125.8,1125.8,18070
1628655600,1126.45,1128.05,1125.0,1125.85,12204
1628655900,1125.85,1126.35,1123.4,1124.9,16375
1628656200,1124.85,1125.0,1121.3,1122.0,13397
1628656500,1121.95,1121.95,1116.85,1117.3,27081
1628656800,1117.75,1123.3,1117.75,1120.9,21005
1628657100,1120.9,1120.9,1113.1,1118.95,29106
1628657400,1116.8,1121.9,1116.8,1119.95,10979
1628657700,1120.0,1124.3,1120.0,1124.3,10879
1628658000,1124.1,1124.8,1122.75,1124.45,12719
1628658300,1124.55,1127.6,1124.15,1126.4,13761
1628658600,1126.4,1126.4,1124.3,1125.45,10237
1628658900,1125.45,1126.95,1123.3,1123.3,9523
1628659200,1123.85,1127.05,1123.85,1126.75,10979
1628659500,1126.8,1128.75,1125.6,1126.0,19489
1628659800,1126.4,1126.5,1123.7,1124.5,12583
1628660100,1124.4,1126.05,1123.85,1125.5,8979
1628660400,1125.0,1125.25,1123.5,1123.5,9747
1628660700,1123.65,1124.3,1119.45,1121.6,14955
1628661000,1121.35,1123.8,1119.55,1122.95,18645
1628661300,1123.5,1123.85,1122.15,1122.3,11292
1628661600,1122.3,1129.55,1122.0,1127.3,23403
1628661900,1127.3,1127.6,1125.05,1126.4,15852
1628662200,1126.4,1128.0,1124.9,1127.55,13676
1628662500,1127.55,1128.0,1127.0,1127.25,8114
1628662800,1127.9,1130.0,1127.0,1128.1,28370
1628663100,1128.1,1128.5,1125.9,1128.45,15133
1628663400,1128.3,1128.4,1126.3,1126.7,8080
1628663700,1126.8,1129.55,1126.05,1128.8,18995
1628664000,1129.05,1130.0,1127.9,1129.8,8637
1628664300,1129.4,1130.25,1128.5,1129.65,30274
1628664600,1129.7,1130.25,1129.25,1130.25,16327
1628664900,1130.2,1130.5,1129.85,1130.3,16379
1628665200,1130.2,1130.5,1129.85,1130.0,15334
1628665500,1130.0,1130.45,1129.05,1130.05,14034
1628665800,1130.05,1130.5,1128.85,1129.85,14133
1628666100,1129.85,1131.3,1126.0,1126.35,56497
1628666400,1126.4,1132.0,1126.4,1131.3,16950
1628666700,1131.25,1133.1,1128.15,1129.95,31823
1628667000,1129.95,1130.5,1128.9,1129.1,17460
1628667300,1129.1,1130.4,1128.8,1129.55,10253
1628667600,1129.6,1130.15,1129.05,1129.4,14294
1628667900,1129.45,1130.9,1129.4,1130.9,13584
1628668200,1130.9,1131.7,1130.5,1131.5,21471
1628668500,1131.5,1134.0,1131.4,1133.95,17619
1628668800,1134.0,1138.0,1133.6,1137.95,27586
1628669100,1137.5,1140.5,1137.5,1138.35,31008
1628669400,1138.35,1142.1,1137.75,1140.45,61483
1628669700,1140.3,1141.0,1138.5,1138.5,15656
1628670000,1139.25,1139.9,1137.15,1139.4,13353
1628670300,1139.1,1139.3,1137.25,1138.4,11605
1628670600,1137.8,1138.2,1133.1,1134.35,17680
1628670900,1134.35,1135.75,1133.05,1135.75,10491
1628671200,1135.75,1136.9,1133.0,1134.35,11779
1628671500,1134.35,1135.5,1133.6,1134.7,10504
1628671800,1134.75,1135.9,1133.85,1134.3,12124
1628672100,1134.3,1135.5,1132.35,1133.0,11614
1628672400,1133.05,1134.05,1131.7,1132.8,11798
1628672700,1132.8,1135.6,1132.8,1134.9,9753
1628673000,1134.9,1136.95,1134.9,1136.6,9153
1628673300,1136.8,1138.2,1135.95,1137.75,16714
1628673600,1137.75,1137.95,1134.2,1137.25,15952
1628673900,1137.25,1137.95,1136.0,1136.5,12204
1628674200,1136.9,1138.8,1136.9,1137.8,16268
1628674500,1137.75,1138.55,1136.95,1138.55,10064
1628674800,1138.55,1139.2,1136.0,1136.0,14436
1628675100,1136.2,1136.35,1133.6,1134.0,22046
1628675400,1134.0,1134.6,1132.6,1134.05,24939
1628675700,1134.0,1135.0,1131.85,1131.85,27955
1628739900,1136.3,1136.3,1129.65,1132.5,19187
1628740200,1132.5,1133.55,1129.25,1130.4,13763
1628740500,1130.4,1131.0,1128.55,1130.0,9878
1628740800,1130.0,1133.2,1130.0,1131.35,11679
1628741100,1131.35,1135.2,1131.0,1133.0,23614
1628741400,1133.0,1134.3,1131.8,1131.8,3497
1628741700,1131.7,1137.55,1131.2,1135.75,20682
1628742000,1135.75,1136.55,1135.0,1136.55,5789
1628742300,1136.5,1140.0,1136.5,1138.1,13911
1628742600,1138.1,1143.6,1138.1,1138.95,14721
1628742900,1139.1,1139.95,1139.05,1139.15,3456
1628743200,1139.15,1139.9,1136.25,1139.9,16926
1628743500,1139.9,1141.6,1139.35,1140.0,6224
1628743800,1139.7,1140.3,1139.0,1139.65,2775
1628744100,1139.65,1141.5,1139.05,1141.5,2733
1628744400,1141.5,1144.1,1140.3,1143.7,11955
1628744700,1142.65,1145.55,1142.65,1145.0,39972
1628745000,1145.0,1146.0,1144.3,1145.55,31545
1628745300,1145.5,1145.5,1144.65,1145.2,19974
1628745600,1145.2,1150.95,1145.0,1149.15,29422
1628745900,1150.0,1150.0,1145.35,1146.25,18920
1628746200,1146.25,1147.3,1145.0,1146.3,6625
1628746500,1146.95,1148.95,1146.4,1148.4,14703
1628746800,1148.4,1148.75,1147.0,1147.6,6362
1628747100,1147.6,1147.7,1146.05,1146.5,4478
1628747400,1146.5,1146.5,1145.0,1145.0,8030
1628747700,1145.2,1145.75,1145.0,1145.0,11461
1628748000,1145.05,1145.05,1145.0,1145.0,7233
1628748300,1145.05,1145.4,1144.45,1145.3,11474
1628748600,1145.3,1145.3,1145.0,1145.0,4404
1628748900,1145.05,1146.25,1145.0,1145.3,10013
1628749200,1145.3,1146.75,1145.0,1145.5,7441
1628749500,1145.5,1146.0,1145.0,1145.1,2027
1628749800,1145.1,1145.85,1145.0,1145.8,3070
1628750100,1145.8,1145.8,1145.0,1145.0,18153
1628750400,1145.15,1145.15,1141.5,1142.05,13097
1628750700,1142.6,1142.6,1140.2,1140.95,6748
1628751000,1140.95,1141.5,1140.25,1140.4,2744
1628751300,1141.0,1141.0,1138.65,1138.95,12047
1628751600,1139.75,1140.0,1138.45,1139.6,4644
1628751900,1139.6,1139.6,1138.15,1139.0,4155
1628752200,1139.0,1139.0,1138.25,1138.95,1967
1628752500,1139.0,1139.35,1137.8,1138.25,6292
1628752800,1138.25,1139.0,1137.75,1138.05,7824
1628753100,1138.05,1138.65,1137.1,1137.65,5180
1628753400,1137.5,1137.5,1132.8,1133.85,18320
1628753700,1133.75,1133.75,1131.2,1131.75,19224
1628754000,1131.7,1133.75,1131.25,1132.3,19560
1628754300,1132.3,1133.45,1132.0,1132.8,12174
1628754600,1133.15,1133.45,1131.9,1132.15,12788
1628754900,1132.15,1133.45,1131.85,1133.45,14883
1628755200,1133.0,1135.75,1133.0,1133.85,23389
1628755500,1133.85,1134.5,1132.0,1132.2,12888
1628755800,1132.2,1133.45,1132.2,1132.65,10516
1628756100,1132.65,1132.65,1131.5,1132.0,14150
1628756400,1131.95,1132.6,1131.65,1132.1,10983
1628756700,1132.1,1133.8,1131.55,1133.35,13902
1628757000,1133.35,1135.5,1133.3,1135.25,25037
1628757300,1134.9,1135.55,1132.3,1132.35,15534
1628757600,1132.35,1132.85,1131.5,1131.6,12370
1628757900,1131.8,1132.7,1131.25,1131.7,13062
1628758200,1131.7,1132.65,1131.25,1131.65,11274
1628758500,1131.65,1132.55,1131.3,1131.65,11448
1628758800,1131.65,1132.3,1131.3,1131.8,10486
1628759100,1131.7,1133.25,1131.5,1132.05,13913
1628759400,1132.05,1132.2,1131.3,1131.4,11715
1628759700,1131.4,1132.95,1130.3,1130.65,14429
1628760000,1130.65,1131.45,1130.2,1130.85,15590
1628760300,1130.55,1131.8,1129.8,1130.85,17995
1628760600,1131.1,1132.5,1130.55,1131.55,14449
1628760900,1131.45,1132.95,1131.15,1132.25,16943
1628761200,1132.4,1133.95,1131.95,1133.15,18183
1628761500,1133.35,1135.7,1132.65,1134.5,45247
1628761800,1134.8,1136.6,1133.3,1133.5,60815
1628762100,1133.95,1137.2,1133.4,1135.0,41656
1628826300,1132.0,1138.8,1131.05,1136.8,19382
1628826600,1137.05,1139.6,1132.3,1133.15,53838
1628826900,1133.85,1136.0,1133.0,1136.0,12844
1628827200,1136.0,1139.4,1135.5,1137.5,8877
1628827500,1137.5,1140.0,1137.2,1139.45,6726
1628827800,1139.45,1139.9,1138.0,1139.3,4357
1628828100,1139.4,1139.5,1138.05,1138.05,6072
1628828400,1138.05,1140.5,1137.2,1139.45,8942
1628828700,1139.35,1141.95,1139.35,1141.25,9361
1628829000,1141.25,1142.5,1139.5,1139.7,19963
1628829300,1139.7,1141.2,1138.65,1138.95,4154
1628829600,1138.95,1142.0,1138.7,1141.95,12192
1628829900,1141.95,1142.0,1140.25,1140.65,4795
1628830200,1141.0,1141.55,1137.3,1137.9,4914
1628830500,1137.9,1139.0,1137.3,1138.85,3406
1628830800,1138.85,1139.45,1137.5,1138.4,14068
1628831100,1138.4,1139.9,1138.0,1138.6,2674
1628831400,1138.6,1139.7,1138.0,1139.7,3730
1628831700,1139.7,1139.95,1138.2,1138.5,4625
1628832000,1138.5,1139.45,1138.0,1139.3,3227
1628832300,1139.3,1139.85,1137.25,1138.7,4285
1628832600,1138.7,1139.0,1137.6,1138.5,4311
1628832900,1138.5,1138.95,1137.5,1138.2,4326
1628833200,1138.2,1139.0,1137.3,1139.0,2983
1628833500,1138.85,1138.85,1136.1,1136.75,6488
1628833800,1136.75,1140.0,1136.6,1138.85,7234
1628834100,1138.85,1138.9,1136.4,1137.8,4824
1628834400,1137.8,1138.0,1137.15,1138.0,3266
1628834700,1138.0,1141.5,1137.25,1141.0,25094
1628835000,1140.95,1142.0,1139.95,1141.55,9890
1628835300,1141.55,1141.9,1140.2,1141.0,4223
1628835600,1141.0,1141.9,1140.0,1141.6,8551
1628835900,1140.9,1141.8,1140.8,1140.95,3453
1628836200,1140.95,1141.45,1139.4,1141.0,5352
1628836500,1141.0,1141.0,1139.65,1140.45,3811
1628836800,1140.45,1140.9,1139.45,1140.3,10689
1628837100,1140.3,1140.9,1139.3,1140.35,7455
1628837400,1140.35,1141.45,1139.85,1139.85,4645
1628837700,1139.85,1141.2,1139.85,1140.35,3836
1628838000,1140.35,1140.8,1139.6,1140.25,3634
1628838300,1140.25,1140.5,1139.6,1139.65,7120
1628838600,1139.65,1140.15,1138.55,1139.2,15945
1628838900,1139.2,1140.05,1138.55,1139.7,5762
1628839200,1139.15,1140.4,1138.9,1138.9,8018
1628839500,1139.25,1139.25,1138.0,1138.45,7164
1628839800,1138.45,1138.45,1136.0,1137.05,6455
1628840100,1137.05,1137.15,1136.0,1136.85,3061
1628840400,1136.85,1137.9,1136.5,1137.7,2524
1628840700,1137.6,1137.6,1136.0,1136.0,2359
1628841000,1136.0,1136.0,1134.0,1134.4,8043
1628841300,1134.4,1135.8,1134.05,1135.7,3029
1628841600,1135.45,1136.85,1134.7,1136.65,8695
1628841900,1136.65,1136.8,1136.0,1136.0,3910
1628842200,1136.0,1137.5,1135.8,1136.4,5452
1628842500,1136.5,1137.75,1136.25,1137.75,1322
1628842800,1137.75,1137.9,1136.0,1136.3,3876
1628843100,1136.15,1136.6,1136.0,1136.15,4742
1628843400,1136.15,1136.5,1136.0,1136.4,5877
1628843700,1136.4,1137.35,1136.0,1137.25,4810
1628844000,1137.25,1138.0,1136.4,1138.0,5961
1628844300,1138.0,1138.0,1136.05,1136.45,3793
1628844600,1136.35,1136.6,1136.0,1136.25,2696
1628844900,1136.25,1136.25,1136.0,1136.25,5117
1628845200,1136.25,1136.25,1136.0,1136.0,3947
1628845500,1136.1,1136.85,1135.95,1136.45,11934
1628845800,1136.45,1139.0,1136.15,1138.35,18097
1628846100,1138.35,1138.8,1137.25,1138.2,17954
1628846400,1138.35,1139.5,1138.2,1138.95,20562
1628846700,1138.95,1139.75,1138.05,1139.75,30609
1628847000,1139.75,1140.4,1138.65,1140.0,24844
1628847300,1140.0,1140.45,1139.55,1139.95,21503
1628847600,1139.95,1140.85,1139.05,1139.95,16060
1628847900,1140.2,1140.2,1137.6,1137.95,18138
1628848200,1138.2,1138.45,1136.0,1136.2,32878
1628848500,1136.2,1140.0,1136.0,1136.05,33172
1629085500,1132.0,1141.45,1128.35,1139.95,28999
1629085800,1138.75,1139.2,1133.75,1134.35,17509
1629086100,1135.05,1137.45,1134.0,1134.0,7375
1629086400,1134.9,1135.1,1130.45,1132.85,12522
1629086700,1132.85,1136.05,1132.5,1135.15,3866
1629087000,1135.4,1138.6,1134.25,1136.1,5772
1629087300,1137.0,1137.6,1135.75,1137.4,5723
1629087600,1137.4,1137.55,1135.3,1136.1,2267
1629087900,1136.0,1141.35,1135.4,1141.35,8996
1629088200,1140.3,1143.45,1139.1,1139.85,14587
1629088500,1139.7,1140.9,1138.85,1140.7,3862
1629088800,1140.2,1141.85,1140.2,1141.25,5638
1629089100,1141.25,1144.5,1141.25,1143.95,9974
1629089400,1143.5,1144.0,1141.35,1142.1,4155
1629089700,1142.0,1143.9,1141.5,1143.35,5401
1629090000,1143.35,1143.65,1141.15,1141.15,7899
1629090300,1141.15,1141.9,1138.55,1140.5,9877
1629090600,1140.5,1141.0,1139.0,1139.05,1609
1629090900,1139.4,1141.1,1139.05,1140.95,5645
1629091200,1140.95,1142.0,1139.2,1141.25,10978
1629091500,1141.25,1141.95,1138.0,1138.95,22201
1629091800,1138.95,1139.8,1138.25,1139.2,2738
1629092100,1139.2,1142.5,1139.2,1141.0,10765
1629092400,1141.3,1142.3,1140.45,1141.15,5841
1629092700,1141.15,1142.75,1140.15,1141.15,9540
1629093000,1140.55,1141.65,1140.4,1140.6,2539
1629093300,1140.6,1142.2,1140.6,1141.45,2195
1629093600,1141.45,1141.95,1140.25,1141.9,3217
1629093900,1141.95,1142.2,1139.75,1140.1,3038
1629094200,1140.1,1140.9,1139.45,1140.3,4650
1629094500,1140.35,1140.65,1139.55,1139.6,4051
1629094800,1139.6,1140.45,1138.45,1138.7,3562
1629095100,1138.7,1139.8,1138.25,1138.85,2607
1629095400,1138.75,1139.85,1138.4,1139.8,1908
1629095700,1139.8,1140.0,1137.75,1138.55,5805
1629096000,1137.9,1139.0,1137.1,1139.0,3604
1629096300,1139.7,1139.7,1135.45,1138.05,10373
1629096600,1137.6,1138.45,1136.5,1138.25,2272
1629096900,1137.3,1138.6,1137.05,1138.3,2494
1629097200,1138.3,1138.3,1137.1,1137.3,3256
1629097500,1137.3,1138.0,1136.35,1136.35,3108
1629097800,1135.6,1138.0,1135.6,1137.95,2798
1629098100,1137.95,1138.8,1137.4,1138.0,3835
1629098400,1138.0,1138.1,1137.3,1137.55,3064
1629098700,1137.25,1138.1,1137.15,1137.95,3650
1629099000,1137.95,1138.1,1137.35,1137.35,2188
1629099300,1137.35,1138.4,1136.3,1138.1,7355
1629099600,1137.15,1138.65,1136.6,1137.7,2944
1629099900,1137.75,1139.0,1137.6,1139.0,2185
1629100200,1139.0,1139.5,1138.15,1139.4,5815
1629100500,1139.4,1139.85,1138.9,1139.85,4037
1629100800,1139.8,1141.15,1138.95,1141.15,5340
1629101100,1141.15,1141.3,1140.0,1140.5,3628
1629101400,1140.5,1140.95,1139.85,1139.85,4570
1629101700,1140.3,1140.8,1139.55,1140.2,3541
1629102000,1140.3,1140.95,1139.6,1140.4,3369
1629102300,1140.4,1141.0,1139.05,1140.35,5261
1629102600,1140.35,1141.45,1140.0,1140.55,4353
1629102900,1140.55,1141.2,1140.0,1140.7,5502
1629103200,1140.5,1141.2,1139.55,1139.55,4904
1629103500,1139.6,1140.2,1139.15,1140.0,4737
1629103800,1140.0,1140.3,1139.35,1139.9,4759
1629104100,1139.9,1141.15,1139.45,1140.6,5835
1629104400,1140.7,1141.2,1139.75,1140.85,5274
1629104700,1141.0,1141.0,1140.5,1141.0,2030
1629105000,1141.0,1141.2,1140.55,1141.0,5100
1629105300,1141.0,1141.2,1140.9,1141.2,3169
1629105600,1141.2,1142.0,1141.0,1141.2,5170
1629105900,1141.65,1143.0,1141.1,1141.75,10181
1629106200,1141.9,1142.4,1141.2,1141.75,6915
1629106500,1141.75,1142.55,1140.9,1141.8,8554
1629106800,1141.8,1141.95,1141.0,1141.9,6625
1629107100,1141.9,1141.95,1137.1,1137.9,21059
1629107400,1137.9,1138.05,1137.05,1137.85,9945
1629107700,1137.85,1137.85,1135.45,1135.8,17805
1629171900,1138.0,1143.5,1132.1,1142.5,16720
1629172200,1142.15,1143.95,1139.7,1141.9,16366
1629172500,1141.9,1143.4,1139.5,1139.5,11187
1629172800,1139.5,1141.5,1138.45,1140.6,7453
1629173100,1140.6,1142.4,1140.0,1140.2,8168
1629173400,1140.2,1144.4,1140.0,1143.7,14734
1629173700,1143.7,1144.0,1142.65,1142.9,10017
1629174000,1142.9,1143.1,1141.0,1142.0,9638
1629174300,1142.0,1142.85,1141.55,1142.05,7702
1629174600,1142.05,1142.5,1140.25,1140.9,14918
1629174900,1140.9,1140.9,1139.15,1139.3,17730
1629175200,1139.3,1140.65,1139.0,1139.65,14810
1629175500,1139.65,1140.65,1138.4,1139.5,15528
1629175800,1139.5,1146.3,1139.5,1144.1,56891
1629176100,1144.45,1147.2,1142.9,1143.15,52770
1629176400,1142.65,1146.0,1142.65,1144.0,24828
1629176700,1144.0,1145.8,1142.6,1143.85,29947
1629177000,1143.85,1145.0,1143.0,1144.85,24689
1629177300,1144.85,1146.5,1143.3,1146.0,30759
1629177600,1146.0,1149.35,1145.15,1148.55,37412
1629177900,1148.55,1149.6,1147.65,1148.55,43276
1629178200,1148.55,1150.0,1147.3,1149.7,33392
1629178500,1149.7,1150.95,1148.35,1150.4,36812
1629178800,1150.4,1151.8,1150.0,1150.65,24661
1629179100,1150.75,1150.95,1150.0,1150.15,18145
1629179400,1150.15,1150.55,1146.0,1146.3,16900
1629179700,1146.3,1147.8,1145.4,1145.45,7461
1629180000,1145.4,1145.5,1143.35,1144.7,18471
1629180300,1144.7,1145.45,1143.0,1144.6,21439
1629180600,1144.65,1146.0,1144.4,1145.6,19257
1629180900,1145.6,1146.35,1141.0,1141.45,31912
1629181200,1141.45,1142.4,1140.3,1141.05,11091
1629181500,1141.05,1141.5,1138.1,1140.05,22550
1629181800,1140.05,1140.65,1136.95,1137.0,9984
1629182100,1136.5,1139.25,1136.5,1138.3,11240
1629182400,1137.9,1139.5,1137.0,1138.55,15424
1629182700,1138.6,1139.1,1137.4,1139.1,6195
1629183000,1139.1,1139.25,1136.45,1137.5,15977
1629183300,1138.0,1141.95,1137.9,1140.35,75713
1629183600,1140.25,1140.4,1136.2,1137.15,62294
1629183900,1137.4,1137.8,1134.25,1135.7,74296
1629184200,1135.7,1139.0,1135.1,1137.3,85954
1629184500,1138.1,1138.8,1134.55,1135.95,44711
1629184800,1135.9,1136.35,1133.0,1133.9,12323
1629185100,1134.0,1134.0,1133.0,1133.4,12238
1629185400,1133.55,1134.6,1130.2,1133.3,17988
1629185700,1134.0,1134.35,1131.15,1132.0,17989
1629186000,1132.0,1132.0,1130.05,1130.6,14699
1629186300,1131.2,1131.5,1130.45,1131.25,9080
1629186600,1131.45,1131.5,1130.0,1130.0,12328
1629186900,1130.45,1130.45,1125.0,1126.95,30189
1629187200,1127.35,1129.2,1126.0,1129.15,17711
1629187500,1128.75,1129.35,1127.3,1127.3,21689
1629187800,1128.1,1128.8,1124.55,1124.55,22802
1629188100,1124.65,1127.0,1123.9,1126.1,24458
1629188400,1126.1,1129.45,1125.3,1127.75,22714
1629188700,1127.75,1128.95,1126.15,1127.05,23383
1629189000,1127.05,1130.0,1126.75,1129.4,24093
1629189300,1129.1,1130.0,1128.35,1129.65,21394
1629189600,1130.0,1130.75,1129.1,1129.55,21871
1629189900,1129.55,1129.8,1126.35,1127.1,22656
1629190200,1127.1,1128.5,1123.55,1127.5,36833
1629190500,1127.45,1129.55,1126.45,1127.9,25194
1629190800,1127.9,1129.6,1127.4,1128.7,23681
1629191100,1129.2,1129.55,1126.65,1128.65,25735
1629191400,1128.65,1130.75,1127.75,1129.8,27408
1629191700,1129.8,1130.8,1129.35,1130.2,19580
1629192000,1130.2,1130.8,1128.65,1130.65,28172
1629192300,1130.65,1131.0,1129.85,1131.0,19307
1629192600,1130.35,1132.8,1129.85,1131.95,35381
1629192900,1131.95,1134.2,1131.65,1134.2,38153
1629193200,1134.2,1135.7,1133.75,1135.35,46724
1629193500,1135.35,1137.05,1134.55,1136.8,59957
1629193800,1136.8,1137.5,1133.65,1135.2,71571
1629194100,1134.95,1137.6,1132.75,1135.0,54750
1629258300,1135.0,1145.5,1135.0,1144.7,72210
1629258600,1144.4,1146.4,1141.0,1144.5,41890
1629258900,1144.8,1146.0,1142.55,1145.1,45529
1629259200,1145.1,1145.6,1142.0,1142.9,24562
1629259500,1142.9,1142.9,1141.0,1141.75,22071
1629259800,1141.95,1143.3,1141.05,1143.25,18702
1629260100,1143.2,1144.5,1141.8,1143.4,23998
1629260400,1143.4,1144.2,1141.7,1142.75,17899
1629260700,1142.65,1144.5,1141.3,1143.5,23421
1629261000,1143.35,1143.85,1141.9,1142.95,15226
1629261300,1143.0,1143.0,1142.05,1142.75,12063
1629261600,1142.75,1143.4,1142.1,1142.8,12365
1629261900,1142.8,1143.3,1141.0,1142.6,18532
1629262200,1142.6,1142.95,1141.25,1142.05,8998
1629262500,1142.4,1142.55,1141.6,1142.0,6848
1629262800,1142.0,1142.3,1141.15,1141.2,6063
1629263100,1141.2,1142.9,1141.0,1141.3,13087
1629263400,1141.3,1141.5,1140.0,1140.5,11784
1629263700,1140.5,1140.7,1133.2,1134.2,61573
1629264000,1134.2,1134.2,1131.05,1132.6,38809
1629264300,1132.6,1132.7,1129.0,1130.0,38636
1629264600,1130.0,1130.0,1129.0,1129.65,15466
1629264900,1129.65,1130.0,1127.6,1128.05,55202
1629265200,1128.05,1130.9,1127.7,1130.25,28455
1629265500,1130.25,1133.05,1130.2,1133.0,16510
1629265800,1132.95,1134.5,1131.8,1134.0,43846
1629266100,1134.0,1134.0,1133.0,1133.3,15735
1629266400,1133.3,1133.8,1133.05,1133.7,13985
1629266700,1133.7,1133.75,1133.0,1133.05,5775
1629267000,1133.05,1134.0,1133.0,1133.95,25704
1629267300,1133.9,1135.0,1133.8,1135.0,22374
1629267600,1135.0,1135.0,1134.35,1134.75,12681
1629267900,1134.7,1134.9,1133.9,1134.4,15326
1629268200,1134.3,1134.5,1133.7,1133.9,13752
1629268500,1133.9,1133.9,1132.2,1133.0,13968
1629268800,1133.0,1133.1,1132.3,1132.4,6551
1629269100,1132.4,1133.2,1131.0,1133.2,8983
1629269400,1133.0,1135.5,1132.1,1135.5,24687
1629269700,1135.45,1136.5,1133.8,1136.5,58305
1629270000,1136.5,1138.3,1136.0,1137.05,27691
1629270300,1137.05,1137.7,1135.45,1136.1,6138
1629270600,1136.15,1136.15,1128.6,1128.85,150259
1629270900,1128.0,1128.55,1125.0,1125.75,38792
1629271200,1125.75,1126.95,1110.8,1111.85,88045
1629271500,1112.0,1115.5,1111.05,1111.9,72551
1629271800,1112.0,1112.6,1100.2,1107.5,727062
1629272100,1108.0,1116.75,1107.9,1114.0,86652
1629272400,1113.6,1114.0,1108.6,1109.6,134973
1629272700,1109.6,1113.95,1109.6,1113.05,106853
1629273000,1113.05,1117.4,1106.0,1110.7,294503
1629273300,1111.05,1132.55,1111.05,1124.4,170065
1629273600,1124.3,1124.8,1120.5,1124.55,53020
1629273900,1125.65,1125.65,1124.35,1125.15,22953
1629274200,1124.95,1126.15,1120.5,1121.35,17656
1629274500,1121.3,1122.1,1119.7,1121.85,9431
1629274800,1122.1,1122.1,1119.0,1120.15,12532
1629275100,1120.15,1120.25,1118.1,1120.0,9673
1629275400,1120.0,1122.4,1118.55,1118.9,33909
1629275700,1118.9,1119.7,1117.5,1118.45,7042
1629276000,1118.45,1118.5,1116.1,1116.15,8658
1629276300,1116.15,1116.45,1113.95,1113.95,12105
1629276600,1113.95,1115.1,1113.1,1114.6,16545
1629276900,1114.3,1114.6,1111.0,1112.0,11822
1629277200,1112.0,1113.55,1111.55,1112.3,10352
1629277500,1112.3,1113.9,1111.75,1113.15,15563
1629277800,1113.15,1115.0,1112.15,1112.65,28043
1629278100,1112.65,1113.6,1111.0,1111.05,20552
1629278400,1111.05,1114.0,1110.8,1112.25,20788
1629278700,1112.25,1112.35,1110.0,1110.7,8611
1629279000,1110.7,1114.9,1110.65,1112.35,25728
1629279300,1112.35,1112.45,1111.6,1112.05,16070
1629279600,1112.0,1113.1,1111.1,1112.05,34556
1629279900,1112.0,1113.2,1111.8,1112.25,34919
1629280200,1112.15,1119.35,1112.1,1119.3,127933
1629280500,1119.35,1120.0,1113.3,1114.0,32622
1629431100,1114.05,1117.6,1102.75,1115.75,139243
1629431400,1115.75,1122.5,1114.05,1119.0,51614
1629431700,1118.95,1125.8,1118.35,1123.15,64451
1629432000,1123.0,1130.7,1121.8,1129.7,74921
1629432300,1130.2,1133.5,1127.75,1131.5,107183
1629432600,1132.25,1132.25,1123.15,1123.3,84268
1629432900,1124.1,1124.1,1119.1,1123.4,54036
1629433200,1123.1,1123.9,1121.25,1122.1,24045
1629433500,1122.15,1122.35,1118.0,1118.0,21469
1629433800,1118.0,1119.1,1114.95,1116.0,33808
1629434100,1116.0,1116.35,1110.8,1111.6,60567
1629434400,1111.85,1114.8,1111.15,1113.15,23073
1629434700,1113.3,1114.5,1111.8,1113.25,23502
1629435000,1113.25,1113.65,1110.1,1113.45,20886
1629435300,1113.6,1114.85,1111.45,1112.85,32996
1629435600,1112.85,1112.85,1110.0,1110.2,18379
1629435900,1110.0,1111.85,1109.85,1110.0,15200
1629436200,1110.0,1110.5,1108.55,1110.0,11634
1629436500,1110.0,1111.0,1109.2,1110.3,9603
1629436800,1110.6,1110.65,1108.55,1108.65,11459
1629437100,1108.15,1109.45,1106.7,1107.0,18293
1629437400,1106.1,1107.0,1102.85,1103.0,64045
1629437700,1103.0,1103.0,1100.5,1102.65,92951
1629438000,1102.65,1106.95,1102.3,1105.0,41194
1629438300,1105.0,1108.75,1105.0,1107.4,18117
1629438600,1107.3,1111.4,1107.2,1110.1,38976
1629438900,1109.9,1111.3,1109.9,1110.8,17105
1629439200,1110.8,1111.35,1109.75,1110.9,10529
1629439500,1110.9,1110.95,1110.15,1110.4,5940
1629439800,1110.45,1111.0,1107.55,1108.35,11744
1629440100,1108.5,1109.15,1105.3,1106.95,10405
1629440400,1106.95,1107.9,1106.4,1106.6,12485
1629440700,1106.6,1107.45,1105.25,1105.8,17930
1629441000,1105.8,1107.4,1105.8,1106.7,9380
1629441300,1106.7,1106.85,1105.15,1105.9,9506
1629441600,1105.95,1106.4,1105.3,1106.0,5274
1629441900,1106.1,1108.95,1105.95,1107.65,6274
1629442200,1107.65,1108.85,1107.1,1108.6,4989
1629442500,1108.6,1110.35,1108.0,1109.9,9280
1629442800,1110.2,1111.2,1109.75,1110.9,11661
1629443100,1111.05,1111.5,1109.35,1110.85,16278
1629443400,1110.85,1110.85,1110.0,1110.05,7465
1629443700,1110.1,1110.2,1108.95,1110.05,31369
1629444000,1110.05,1111.45,1109.35,1111.0,17312
1629444300,1111.0,1112.6,1109.8,1110.55,20618
1629444600,1110.9,1112.55,1109.65,1111.8,41981
1629444900,1111.8,1112.4,1110.45,1111.9,16400
1629445200,1111.9,1111.9,1110.1,1110.75,9972
1629445500,1111.4,1111.65,1110.25,1111.15,9146
1629445800,1111.15,1113.05,1110.3,1112.2,13726
1629446100,1112.2,1114.6,1110.95,1111.6,22647
1629446400,1112.15,1112.75,1110.3,1111.15,12716
1629446700,1111.15,1111.45,1110.0,1110.35,24695
1629447000,1110.6,1110.65,1107.0,1108.15,21107
1629447300,1108.15,1108.5,1107.3,1107.85,4944
1629447600,1107.85,1109.35,1105.9,1108.4,15859
1629447900,1107.85,1110.75,1107.85,1110.6,17574
1629448200,1110.6,1112.25,1109.45,1112.0,9050
1629448500,1112.0,1112.45,1109.7,1111.85,10627
1629448800,1112.0,1113.8,1110.9,1113.7,10911
1629449100,1113.7,1116.75,1113.0,1115.5,18718
1629449400,1116.15,1116.3,1114.15,1114.45,7808
1629449700,1114.45,1115.35,1113.0,1114.65,7002
1629450000,1114.1,1114.7,1113.45,1114.05,6015
1629450300,1114.05,1117.0,1113.75,1115.95,11641
1629450600,1115.9,1116.65,1113.5,1115.75,11820
1629450900,1115.75,1121.0,1115.2,1121.0,37667
1629451200,1121.0,1124.55,1120.75,1121.6,22960
1629451500,1121.6,1123.25,1118.15,1119.3,16850
1629451800,1119.3,1129.75,1119.3,1129.5,81136
1629452100,1129.4,1129.5,1125.55,1127.55,67082
1629452400,1127.85,1128.65,1125.85,1127.35,60793
1629452700,1127.35,1127.4,1124.45,1127.05,40730
1629453000,1127.05,1127.2,1121.3,1123.45,53042
1629453300,1123.25,1123.55,1115.8,1117.2,44669
1629690300,1127.0,1134.9,1127.0,1132.1,44332
1629690600,1132.15,1135.75,1130.0,1135.75,36527
1629690900,1135.75,1137.25,1132.0,1136.15,48114
1629691200,1136.65,1137.8,1129.2,1131.45,82810
1629691500,1131.45,1135.55,1131.15,1135.0,26629
1629691800,1135.0,1135.85,1133.55,1134.6,18181
1629692100,1134.65,1135.95,1132.1,1135.35,25209
1629692400,1135.35,1136.4,1132.5,1132.55,21506
1629692700,1132.55,1135.85,1131.55,1132.2,34369
1629693000,1132.2,1132.95,1129.5,1132.3,18993
1629693300,1132.3,1132.95,1131.0,1131.0,6776
1629693600,1131.45,1131.45,1127.2,1128.85,11730
1629693900,1128.85,1129.0,1127.5,1128.45,4784
1629694200,1128.45,1129.55,1127.15,1128.35,8617
1629694500,1128.3,1128.35,1124.05,1124.45,17914
1629694800,1125.0,1125.0,1121.5,1122.35,23980
1629695100,1122.35,1127.35,1118.6,1123.45,25813
1629695400,1123.45,1126.9,1122.4,1123.7,13310
1629695700,1123.7,1123.7,1119.8,1121.15,16491
1629696000,1121.15,1121.9,1119.75,1121.05,10538
1629696300,1120.8,1121.7,1118.75,1120.8,18724
1629696600,1120.1,1122.85,1118.95,1121.15,10305
1629696900,1121.15,1127.2,1121.15,1125.85,16588
1629697200,1126.2,1129.7,1125.0,1128.4,15554
1629697500,1128.4,1131.95,1127.3,1131.8,19505
1629697800,1131.65,1133.45,1131.65,1132.05,14183
1629698100,1132.2,1132.85,1132.0,1132.2,9033
1629698400,1132.2,1136.6,1131.55,1136.5,28469
1629698700,1136.0,1140.95,1136.0,1139.0,49519
1629699000,1139.0,1140.25,1137.0,1138.9,35217
1629699300,1138.9,1139.0,1137.25,1137.85,14968
1629699600,1138.4,1138.45,1135.45,1135.8,29863
1629699900,1135.8,1137.15,1134.2,1136.9,15380
1629700200,1136.35,1137.0,1134.0,1134.7,11706
1629700500,1134.7,1136.15,1134.7,1136.1,8024
1629700800,1136.1,1138.5,1135.05,1137.55,24243
1629701100,1137.55,1138.45,1136.0,1136.0,6641
1629701400,1136.1,1136.25,1133.1,1135.8,17334
1629701700,1135.1,1136.2,1133.8,1135.55,6729
1629702000,1135.55,1137.7,1135.45,1137.0,9985
1629702300,1137.05,1137.15,1133.85,1134.8,10259
1629702600,1135.4,1135.9,1133.8,1133.95,4510
1629702900,1133.95,1134.35,1132.9,1133.2,9716
1629703200,1133.15,1134.3,1130.05,1131.05,11800
1629703500,1131.6,1131.75,1130.3,1131.0,6290
1629703800,1131.0,1131.5,1130.0,1130.2,5740
1629704100,1130.2,1131.75,1130.2,1131.7,7801
1629704400,1132.0,1132.95,1131.65,1132.1,6876
1629704700,1132.1,1134.0,1132.1,1133.5,6710
1629705000,1133.05,1134.6,1132.0,1133.95,11362
1629705300,1134.3,1134.4,1131.25,1131.45,4975
1629705600,1131.45,1132.0,1131.0,1131.15,3920
1629705900,1131.7,1132.25,1130.1,1130.65,6667
1629706200,1131.55,1132.2,1130.5,1131.8,5130
1629706500,1131.8,1132.9,1130.7,1131.65,6129
1629706800,1132.05,1132.6,1131.2,1131.9,5990
1629707100,1132.0,1132.15,1131.0,1131.4,8609
1629707400,1131.4,1132.05,1131.0,1131.5,4782
1629707700,1131.5,1131.85,1130.95,1131.15,4878
1629708000,1131.5,1134.45,1131.05,1131.8,10875
1629708300,1131.8,1132.5,1130.25,1131.0,14397
1629708600,1131.6,1134.4,1130.9,1134.35,9298
1629708900,1134.4,1136.8,1134.0,1136.2,12770
1629709200,1136.2,1136.25,1134.0,1134.5,14263
1629709500,1134.5,1135.1,1131.65,1133.65,19806
1629709800,1134.0,1136.5,1132.95,1136.5,16866
1629710100,1136.55,1136.9,1135.0,1135.9,9328
1629710400,1135.9,1136.95,1133.45,1133.45,19148
1629710700,1133.45,1135.9,1132.95,1135.45,15635
1629711000,1135.45,1137.65,1135.1,1136.3,16701
1629711300,1136.65,1137.95,1135.0,1136.4,18965
1629711600,1136.7,1137.25,1135.2,1135.4,16273
1629711900,1135.6,1135.6,1133.05,1133.25,16352
1629712200,1133.4,1136.6,1132.65,1136.25,21745
1629712500,1136.3,1137.6,1130.25,1132.9,27023
1629776700,1140.0,1142.75,1134.7,1135.1,28423
1629777000,1135.1,1138.0,1133.8,1133.8,11904
1629777300,1133.85,1135.25,1132.25,1132.8,9556
1629777600,1132.2,1135.2,1132.2,1134.2,8333
1629777900,1133.75,1134.25,1132.85,1133.4,6447
1629778200,1133.4,1134.85,1131.7,1132.0,11005
1629778500,1131.65,1133.95,1131.55,1132.0,4027
1629778800,1131.55,1133.4,1130.65,1132.85,43700
1629779100,1132.75,1134.5,1132.1,1134.25,6610
1629779400,1134.25,1138.5,1134.25,1138.5,14025
1629779700,1138.4,1140.3,1138.1,1139.95,18698
1629780000,1139.95,1140.7,1139.05,1140.0,7328
1629780300,1140.0,1143.3,1139.25,1142.9,21717
1629780600,1142.85,1144.1,1138.15,1138.3,38815
1629780900,1138.3,1138.85,1135.0,1135.05,18838
1629781200,1135.15,1137.4,1135.0,1136.0,12402
1629781500,1136.0,1137.1,1136.0,1136.75,6743
1629781800,1136.75,1136.8,1136.1,1136.1,1617
1629782100,1136.1,1136.4,1135.2,1135.85,3369
1629782400,1135.85,1136.4,1135.55,1135.75,2029
1629782700,1135.7,1136.35,1135.25,1136.35,5961
1629783000,1136.35,1137.1,1136.0,1136.1,3624
1629783300,1136.15,1137.7,1135.7,1137.2,7909
1629783600,1137.25,1137.25,1136.0,1136.2,4049
1629783900,1136.2,1137.95,1135.4,1135.8,8715
1629784200,1135.65,1137.6,1135.4,1137.35,5011
1629784500,1137.35,1139.9,1136.2,1139.9,18181
1629784800,1139.9,1139.95,1138.7,1139.45,7484
1629785100,1139.45,1139.45,1137.5,1138.0,2227
1629785400,1138.0,1138.0,1136.6,1136.95,4158
1629785700,1136.4,1136.8,1135.0,1135.75,11120
1629786000,1135.75,1136.25,1135.0,1135.55,6703
1629786300,1135.55,1137.25,1135.55,1137.2,3539
1629786600,1137.2,1139.15,1136.8,1137.6,4295
1629786900,1137.6,1139.1,1137.5,1138.05,4017
1629787200,1138.05,1139.7,1137.55,1138.85,9960
1629787500,1138.85,1139.7,1137.8,1139.45,9226
1629787800,1139.45,1141.3,1138.85,1139.45,7181
1629788100,1139.75,1140.1,1138.5,1138.5,3367
1629788400,1139.15,1139.15,1137.0,1137.4,3375
1629788700,1137.4,1139.2,1137.0,1139.0,39533
1629789000,1139.0,1140.2,1139.0,1140.15,4419
1629789300,1140.15,1141.3,1139.7,1141.05,7877
1629789600,1141.05,1143.7,1140.5,1142.75,8790
1629789900,1142.95,1145.95,1142.5,1144.85,185578
1629790200,1144.85,1145.35,1143.75,1144.0,10878
1629790500,1144.75,1145.0,1143.5,1144.15,5708
1629790800,1144.95,1145.0,1143.55,1144.0,4041
1629791100,1143.9,1144.6,1142.55,1143.5,9604
1629791400,1143.5,1146.8,1143.2,1145.75,17136
1629791700,1146.45,1146.55,1144.4,1145.75,6396
1629792000,1145.75,1145.75,1144.5,1145.1,3032
1629792300,1145.05,1145.9,1144.5,1145.55,2884
1629792600,1145.0,1145.45,1144.25,1144.45,3552
1629792900,1144.5,1145.0,1144.0,1145.0,6612
1629793200,1145.0,1145.2,1144.8,1144.8,1961
1629793500,1144.8,1145.9,1144.75,1145.65,3542
1629793800,1145.7,1151.0,1145.0,1150.45,32698
1629794100,1150.45,1151.0,1148.25,1149.05,23341
1629794400,1149.2,1150.45,1147.0,1148.1,9235
1629794700,1148.2,1149.65,1147.6,1149.65,8025
1629795000,1149.65,1149.65,1148.2,1149.35,5431
1629795300,1149.5,1149.5,1148.2,1148.7,5061
1629795600,1148.65,1148.95,1147.0,1148.6,11351
1629795900,1148.5,1149.0,1147.65,1148.35,6580
1629796200,1148.35,1150.0,1148.35,1150.0,9468
1629796500,1150.0,1150.6,1148.65,1148.65,6197
1629796800,1148.65,1150.05,1148.35,1149.6,8069
1629797100,1149.6,1152.0,1149.15,1150.5,11483
1629797400,1150.5,1157.75,1150.5,1157.0,48882
1629797700,1157.0,1163.4,1156.4,1161.45,87797
1629798000,1161.75,1165.9,1161.25,1162.8,90063
1629798300,1162.8,1163.2,1159.3,1159.8,45842
1629798600,1159.8,1161.35,1158.85,1160.15,44100
1629798900,1160.15,1161.75,1158.05,1160.3,28997
1629863100,1168.0,1171.65,1160.35,1164.65,125170
1629863400,1165.3,1167.15,1161.15,1161.35,51739
1629863700,1161.35,1165.1,1156.4,1164.3,58400
1629864000,1164.3,1164.9,1161.0,1162.7,24339
1629864300,1162.05,1163.3,1159.0,1160.15,23427
1629864600,1160.15,1160.95,1156.7,1157.6,39498
1629864900,1157.1,1159.55,1153.6,1158.45,33881
1629865200,1158.45,1160.8,1158.35,1159.6,13640
1629865500,1159.1,1160.8,1159.0,1159.85,5227
1629865800,1159.85,1160.45,1159.0,1159.0,5151
1629866100,1159.0,1160.3,1158.5,1159.75,7800
1629866400,1159.75,1160.4,1159.25,1159.9,5290
1629866700,1159.9,1162.0,1159.7,1160.5,11270
1629867000,1160.5,1162.0,1160.35,1161.4,7186
1629867300,1161.4,1161.4,1160.3,1161.05,7288
1629867600,1161.05,1161.35,1160.55,1160.55,2225
1629867900,1160.55,1161.7,1159.0,1160.25,8889
1629868200,1160.25,1160.45,1157.65,1160.05,10001
1629868500,1160.05,1160.05,1158.0,1158.9,5669
1629868800,1158.9,1159.35,1158.2,1159.25,2817
1629869100,1159.25,1159.4,1158.45,1159.3,2801
1629869400,1159.3,1161.0,1159.25,1160.5,6643
1629869700,1161.0,1161.95,1159.95,1160.5,10575
1629870000,1160.5,1161.75,1159.5,1160.5,2905
1629870300,1160.5,1160.5,1159.0,1159.8,3289
1629870600,1159.8,1160.0,1158.6,1160.0,4566
1629870900,1160.0,1162.35,1159.75,1161.65,8797
1629871200,1161.65,1162.45,1161.0,1162.2,6009
1629871500,1162.2,1163.45,1160.55,1161.15,11898
1629871800,1161.15,1161.7,1160.25,1161.0,4941
1629872100,1161.0,1161.25,1155.3,1155.3,12683
1629872400,1155.8,1156.95,1152.8,1156.15,23323
1629872700,1156.15,1156.5,1154.95,1156.05,7986
1629873000,1156.5,1156.95,1155.5,1155.75,3392
1629873300,1155.95,1156.75,1155.85,1156.15,4088
1629873600,1156.15,1156.15,1153.85,1154.3,5949
1629873900,1154.3,1156.1,1154.3,1154.8,8194
1629874200,1154.8,1156.1,1154.5,1155.5,4200
1629874500,1155.5,1157.45,1155.35,1155.8,5827
1629874800,1155.8,1157.9,1155.5,1157.75,2994
1629875100,1157.9,1157.95,1156.55,1157.5,2746
1629875400,1157.5,1157.95,1157.0,1157.75,2071
1629875700,1157.75,1158.2,1156.45,1157.2,3691
1629876000,1157.25,1157.35,1154.35,1154.55,6214
1629876300,1154.55,1156.35,1154.0,1155.65,2062
1629876600,1155.65,1155.65,1153.85,1154.95,2266
1629876900,1154.95,1156.1,1154.5,1155.0,2159
1629877200,1155.45,1155.6,1153.95,1154.75,2522
1629877500,1154.75,1155.45,1153.8,1154.05,1896
1629877800,1154.05,1156.0,1153.95,1155.85,2251
1629878100,1155.85,1157.9,1155.5,1157.8,3136
1629878400,1157.8,1158.75,1156.45,1156.45,4273
1629878700,1156.45,1156.9,1154.9,1156.0,4147
1629879000,1156.0,1157.5,1155.4,1157.45,1888
1629879300,1157.4,1157.5,1156.0,1157.4,2416
1629879600,1157.4,1157.45,1156.0,1156.75,2056
1629879900,1156.75,1156.95,1155.45,1156.2,6569
1629880200,1156.2,1157.5,1155.4,1156.6,4642
1629880500,1156.6,1157.0,1155.45,1156.25,4460
1629880800,1155.7,1155.85,1153.0,1153.2,5199
1629881100,1153.0,1154.1,1150.15,1151.8,19704
1629881400,1151.85,1154.7,1151.0,1152.45,9722
1629881700,1152.45,1152.95,1151.0,1151.0,5700
1629882000,1151.5,1153.5,1151.0,1153.5,5795
1629882300,1153.5,1153.6,1151.75,1153.0,3370
1629882600,1152.95,1154.95,1151.55,1151.7,8439
1629882900,1152.5,1154.55,1151.0,1153.5,8534
1629883200,1153.5,1155.35,1153.3,1155.35,7039
1629883500,1155.35,1156.25,1155.25,1155.25,5911
1629883800,1155.55,1158.9,1155.3,1158.1,16525
1629884100,1158.3,1158.8,1155.8,1156.95,24359
1629884400,1157.0,1157.0,1153.75,1155.6,18770
1629884700,1155.6,1156.45,1154.7,1155.95,24273
1629885000,1155.95,1157.0,1155.35,1156.2,36269
1629885300,1156.3,1157.3,1151.1,1153.7,34425
1629949500,1151.2,1152.95,1146.4,1149.6,34426
1629949800,1149.45,1154.85,1149.45,1153.0,20492
1629950100,1153.25,1158.4,1152.8,1154.45,21030
1629950400,1154.45,1156.65,1154.4,1156.45,10600
1629950700,1156.45,1157.0,1154.75,1156.0,6952
1629951000,1156.0,1159.35,1155.4,1158.05,12042
1629951300,1158.0,1160.95,1157.8,1159.75,23782
1629951600,1159.75,1160.8,1158.3,1160.0,13970
1629951900,1160.0,1160.95,1159.2,1160.55,8560
1629952200,1160.55,1162.6,1160.0,1162.2,24978
1629952500,1162.2,1164.5,1157.2,1158.55,46391
1629952800,1158.9,1160.35,1156.4,1156.6,18604
1629953100,1156.45,1156.6,1153.5,1156.0,19818
1629953400,1156.0,1156.55,1153.15,1154.05,13588
1629953700,1154.05,1155.1,1154.0,1154.0,3367
1629954000,1154.0,1156.2,1153.9,1155.0,4261
1629954300,1155.15,1156.05,1153.75,1153.75,3943
1629954600,1153.75,1155.65,1153.55,1154.8,6490
1629954900,1154.3,1154.4,1152.5,1153.05,8432
1629955200,1153.05,1153.45,1153.05,1153.1,2070
1629955500,1153.1,1154.2,1152.5,1153.1,4189
1629955800,1153.1,1154.0,1152.0,1152.15,3636
1629956100,1152.15,1152.7,1151.1,1152.5,9845
1629956400,1152.5,1154.0,1152.1,1152.8,1828
1629956700,1153.0,1153.5,1152.45,1153.0,2338
1629957000,1153.4,1153.45,1152.5,1152.5,845
1629957300,1152.5,1154.0,1152.5,1154.0,973
1629957600,1154.0,1155.85,1154.0,1155.0,3742
1629957900,1155.0,1155.2,1154.2,1154.5,3236
1629958200,1154.5,1155.4,1151.6,1151.6,9090
1629958500,1151.6,1152.9,1151.05,1152.1,3787
1629958800,1152.1,1153.0,1151.8,1152.0,3297
1629959100,1152.0,1152.35,1150.8,1151.35,6534
1629959400,1151.35,1152.7,1150.95,1152.05,3203
1629959700,1152.05,1153.55,1152.05,1152.5,2898
1629960000,1152.5,1153.3,1151.0,1151.05,7592
1629960300,1151.05,1152.5,1150.5,1150.75,5665
1629960600,1150.75,1152.0,1150.6,1151.15,2450
1629960900,1151.15,1152.8,1150.8,1150.8,5516
1629961200,1150.8,1152.25,1150.75,1151.5,3418
1629961500,1151.5,1152.4,1150.85,1151.55,3097
1629961800,1151.2,1153.35,1151.0,1151.8,5460
1629962100,1151.8,1153.2,1151.5,1152.8,2601
1629962400,1152.8,1153.7,1152.0,1152.95,5631
1629962700,1152.95,1153.85,1152.0,1152.45,2927
1629963000,1152.45,1153.5,1151.0,1151.0,4808
1629963300,1151.0,1152.15,1150.1,1150.1,5479
1629963600,1150.1,1152.0,1150.1,1151.15,2732
1629963900,1151.15,1152.0,1148.9,1150.0,12937
1629964200,1150.15,1151.0,1149.8,1150.1,5300
1629964500,1150.1,1151.35,1150.1,1151.0,4365
1629964800,1151.0,1151.4,1149.5,1149.9,4394
1629965100,1149.9,1150.8,1149.4,1150.0,3341
1629965400,1150.1,1150.35,1148.6,1149.0,4630
1629965700,1149.0,1150.55,1148.55,1150.25,4219
1629966000,1150.25,1151.35,1149.1,1149.65,5159
1629966300,1149.65,1150.7,1149.4,1149.65,3607
1629966600,1149.65,1150.05,1148.2,1148.45,3958
1629966900,1148.45,1149.6,1148.0,1148.7,10806
1629967200,1148.7,1149.75,1148.15,1148.4,7119
1629967500,1148.4,1150.65,1148.0,1148.2,17230
1629967800,1148.2,1148.6,1146.8,1147.75,7742
1629968100,1147.75,1150.0,1147.0,1149.95,7466
1629968400,1149.95,1150.9,1149.0,1150.0,10615
1629968700,1150.0,1150.9,1147.7,1148.35,11121
1629969000,1148.0,1150.5,1147.15,1150.5,6248
1629969300,1150.7,1151.55,1148.8,1149.9,13828
1629969600,1149.9,1151.6,1149.2,1151.2,6467
1629969900,1151.2,1152.7,1150.95,1152.1,8993
1629970200,1152.1,1156.35,1144.85,1153.3,81734
1629970500,1153.45,1154.65,1147.0,1153.35,47121
1629970800,1153.45,1154.0,1152.15,1152.75,23903
1629971100,1152.8,1153.8,1152.45,1152.95,31693
1629971400,1153.0,1154.45,1152.8,1152.95,31636
1629971700,1153.0,1157.7,1152.55,1153.65,26289
1630035900,1154.8,1154.8,1145.3,1149.6,35795
1630036200,1149.6,1159.3,1148.4,1156.15,38997
1630036500,1156.05,1158.45,1152.05,1153.15,20654
1630036800,1153.15,1153.45,1149.3,1150.15,16762
1630037100,1150.15,1154.6,1148.35,1152.9,8625
1630037400,1152.85,1155.5,1152.0,1153.2,10748
1630037700,1153.2,1157.2,1153.2,1156.95,13114
1630038000,1156.95,1161.95,1156.3,1160.8,29423
1630038300,1160.8,1163.45,1158.2,1160.45,31634
1630038600,1159.9,1163.0,1159.6,1162.0,15830
1630038900,1162.0,1165.7,1161.9,1164.2,29259
1630039200,1164.25,1166.95,1163.3,1165.1,22544
1630039500,1165.15,1165.95,1163.75,1164.7,56752
1630039800,1164.25,1166.0,1161.65,1165.2,24088
1630040100,1165.2,1177.2,1165.0,1173.65,70375
1630040400,1173.7,1174.9,1169.1,1172.4,68157
1630040700,1172.75,1174.3,1169.3,1169.8,32692
1630041000,1169.75,1174.0,1169.2,1173.2,26548
1630041300,1173.15,1179.45,1172.0,1177.8,60160
1630041600,1178.25,1178.3,1175.0,1176.25,34797
1630041900,1176.25,1179.4,1176.0,1176.2,26753
1630042200,1176.2,1181.0,1176.0,1180.4,46697
1630042500,1180.4,1182.9,1179.0,1182.9,64659
1630042800,1182.95,1192.0,1181.0,1191.6,167894
1630043100,1191.05,1191.05,1177.25,1177.95,155174
1630043400,1177.95,1182.2,1177.15,1180.95,39299
1630043700,1180.95,1181.5,1176.25,1178.6,31054
1630044000,1178.7,1181.95,1177.75,1181.8,25896
1630044300,1181.8,1183.85,1181.0,1183.85,25556
1630044600,1183.85,1183.95,1179.1,1180.0,23315
1630044900,1180.0,1181.8,1179.45,1180.0,11773
1630045200,1180.0,1180.85,1176.6,1179.45,25229
1630045500,1179.45,1181.75,1178.35,1181.0,17619
1630045800,1181.0,1183.0,1180.0,1182.45,19953
1630046100,1182.45,1184.85,1182.15,1182.4,25834
1630046400,1182.4,1182.9,1181.0,1182.0,15223
1630046700,1182.0,1183.0,1180.5,1181.35,13207
1630047000,1180.7,1183.0,1180.65,1183.0,13899
1630047300,1183.0,1183.6,1182.0,1182.55,17274
1630047600,1182.55,1183.0,1181.6,1182.2,13338
1630047900,1182.3,1184.0,1181.8,1183.4,18009
1630048200,1182.7,1185.55,1182.6,1185.05,24201
1630048500,1185.3,1190.8,1184.15,1189.65,72184
1630048800,1189.4,1190.5,1186.0,1190.05,59451
1630049100,1190.05,1190.5,1185.8,1186.15,35043
1630049400,1186.15,1187.0,1183.5,1186.45,32923
1630049700,1186.4,1186.7,1184.35,1185.75,16921
1630050000,1185.6,1185.9,1184.1,1184.1,14601
1630050300,1184.1,1184.4,1181.1,1182.85,26187
1630050600,1182.85,1184.15,1181.8,1182.0,20033
1630050900,1181.95,1184.55,1181.5,1183.25,21909
1630051200,1183.25,1184.55,1183.0,1183.9,10281
1630051500,1183.45,1185.4,1181.5,1182.0,59003
1630051800,1182.0,1182.75,1181.05,1181.8,9047
1630052100,1181.8,1183.7,1181.5,1182.9,7953
1630052400,1182.85,1185.0,1182.85,1183.0,9139
1630052700,1183.0,1185.85,1183.0,1184.9,11443
1630053000,1184.4,1185.9,1184.0,1185.2,12817
1630053300,1185.2,1188.35,1185.2,1186.45,27801
1630053600,1186.45,1189.3,1185.1,1188.6,34970
1630053900,1189.2,1192.65,1188.0,1189.85,99303
1630054200,1189.85,1190.45,1185.2,1186.05,36207
1630054500,1186.0,1187.65,1183.0,1184.15,38173
1630054800,1184.1,1185.8,1183.2,1183.2,12845
1630055100,1183.2,1186.0,1183.2,1184.4,16275
1630055400,1184.3,1185.8,1184.0,1184.4,14499
1630055700,1184.4,1186.0,1184.2,1185.1,12710
1630056000,1184.8,1185.85,1184.4,1185.0,18385
1630056300,1184.95,1185.3,1184.0,1184.65,18459
1630056600,1184.65,1185.0,1182.65,1183.6,28627
1630056900,1183.25,1184.35,1182.55,1183.4,22095
1630057200,1183.4,1183.85,1180.3,1180.95,30804
1630057500,1180.5,1184.25,1180.4,1184.2,47963
1630057800,1184.25,1188.0,1183.2,1184.45,76788
1630058100,1184.5,1186.7,1183.25,1184.1,43104
1630295100,1189.5,1198.0,1189.1,1196.5,97621
1630295400,1196.5,1199.0,1190.0,1190.0,63355
1630295700,1190.0,1191.6,1183.6,1184.35,63407
1630296000,1185.1,1189.55,1184.5,1188.3,35469
1630296300,1188.3,1190.5,1185.0,1189.6,34469
1630296600,1189.55,1190.95,1186.6,1188.0,21890
1630296900,1188.0,1189.7,1187.3,1188.25,20212
1630297200,1188.25,1189.0,1185.45,1186.05,100059
1630297500,1186.05,1186.95,1185.4,1186.9,12439
1630297800,1186.9,1187.2,1184.0,1185.45,24376
1630298100,1185.6,1185.6,1184.5,1184.5,16465
1630298400,1184.85,1185.0,1181.1,1181.6,26223
1630298700,1181.6,1181.6,1178.1,1179.0,40376
1630299000,1179.0,1180.65,1178.5,1180.5,22752
1630299300,1181.4,1181.4,1177.0,1180.8,36543
1630299600,1180.8,1184.95,1180.8,1184.4,31510
1630299900,1184.4,1187.0,1183.85,1185.0,24066
1630300200,1185.0,1185.8,1181.25,1184.7,25685
1630300500,1184.7,1185.0,1182.75,1183.5,13885
1630300800,1183.5,1185.85,1183.5,1184.95,11734
1630301100,1184.95,1185.95,1180.0,1182.0,30107
1630301400,1182.35,1184.1,1182.35,1183.05,9145
1630301700,1183.05,1186.0,1183.0,1184.55,15614
1630302000,1184.6,1185.85,1184.1,1185.5,12008
1630302300,1185.55,1186.7,1184.0,1185.8,21528
1630302600,1185.45,1185.8,1183.25,1184.6,12542
1630302900,1184.6,1185.6,1183.55,1185.55,16223
1630303200,1185.55,1185.8,1184.35,1185.2,9090
1630303500,1185.2,1186.2,1185.0,1185.15,11449
1630303800,1185.15,1185.95,1184.3,1184.3,11795
1630304100,1184.35,1185.0,1183.25,1184.0,16330
1630304400,1184.0,1184.95,1183.0,1184.55,10771
1630304700,1184.55,1184.85,1183.95,1184.3,11927
1630305000,1184.3,1184.35,1184.2,1184.2,8517
1630305300,1184.25,1185.5,1184.2,1185.15,7004
1630305600,1185.15,1185.2,1184.9,1185.0,6134
1630305900,1185.05,1185.9,1185.0,1185.55,10593
1630306200,1185.55,1185.6,1185.2,1185.3,6927
1630306500,1185.35,1185.5,1185.25,1185.5,9229
1630306800,1185.5,1187.5,1185.3,1186.6,20348
1630307100,1186.6,1187.5,1185.5,1185.85,23106
1630307400,1185.85,1186.7,1185.45,1186.25,13554
1630307700,1186.25,1186.5,1185.9,1186.05,7944
1630308000,1186.05,1186.5,1185.05,1186.05,11408
1630308300,1186.1,1189.8,1186.0,1189.5,35164
1630308600,1189.05,1189.6,1188.25,1189.0,12704
1630308900,1189.0,1189.35,1187.8,1189.0,12496
1630309200,1188.45,1189.3,1187.35,1189.2,18549
1630309500,1189.2,1191.4,1188.95,1190.4,29557
1630309800,1190.2,1191.55,1190.05,1191.4,20097
1630310100,1191.4,1191.65,1188.25,1188.45,18119
1630310400,1189.05,1189.05,1185.55,1187.0,18523
1630310700,1187.0,1188.55,1185.55,1186.9,12155
1630311000,1186.9,1187.7,1185.95,1186.95,9111
1630311300,1186.95,1188.3,1186.0,1188.0,7836
1630311600,1188.0,1188.6,1187.3,1188.5,10075
1630311900,1188.55,1189.85,1187.65,1188.85,11454
1630312200,1188.85,1188.95,1186.65,1187.5,9223
1630312500,1187.55,1188.8,1186.65,1187.75,9607
1630312800,1187.75,1187.75,1184.7,1186.5,19086
1630313100,1186.5,1186.55,1182.05,1183.55,21113
1630313400,1183.6,1185.8,1182.6,1183.15,13076
1630313700,1183.2,1183.7,1178.35,1179.6,36556
1630314000,1180.15,1180.2,1176.55,1176.8,25346
1630314300,1176.75,1181.95,1176.75,1180.5,16517
1630314600,1180.5,1182.85,1180.0,1182.85,13528
1630314900,1182.95,1182.95,1180.05,1180.6,11916
1630315200,1180.6,1182.75,1180.05,1181.4,11112
1630315500,1181.4,1182.0,1179.0,1182.0,14677
1630315800,1181.5,1182.0,1179.75,1181.5,30954
1630316100,1181.5,1182.35,1179.95,1179.95,33097
1630316400,1180.0,1181.7,1179.8,1180.05,41160
1630316700,1180.4,1180.65,1179.95,1180.45,39297
1630317000,1180.6,1181.4,1179.45,1181.15,57567
1630317300,1181.2,1182.7,1178.7,1179.25,31393
1630381500,1180.7,1187.9,1180.0,1182.15,77832
1630381800,1182.15,1184.95,1180.55,1184.4,11258
1630382100,1184.4,1184.4,1181.15,1181.75,11134
1630382400,1181.75,1181.85,1177.7,1179.0,22754
1630382700,1179.0,1179.0,1173.0,1173.4,21267
1630383000,1173.4,1175.75,1173.0,1173.9,18626
1630383300,1173.9,1175.0,1171.65,1172.35,18045
1630383600,1172.55,1175.7,1171.7,1174.85,9496
1630383900,1175.1,1177.85,1174.85,1175.5,8853
1630384200,1175.5,1175.5,1173.5,1174.25,4556
1630384500,1174.35,1179.2,1174.35,1177.3,9097
1630384800,1177.3,1177.4,1174.4,1174.55,7611
1630385100,1174.55,1176.15,1174.45,1175.55,7239
1630385400,1175.55,1178.1,1175.35,1177.7,7158
1630385700,1177.75,1180.0,1177.6,1178.1,9672
1630386000,1178.8,1182.15,1178.8,1180.95,13674
1630386300,1181.0,1181.6,1180.8,1181.1,11157
1630386600,1180.85,1184.0,1180.85,1182.3,49605
1630386900,1182.3,1184.5,1181.85,1184.45,6809
1630387200,1184.45,1185.45,1182.4,1182.4,15987
1630387500,1182.35,1185.0,1181.1,1183.55,22124
1630387800,1183.55,1184.75,1182.0,1183.0,10618
1630388100,1183.0,1183.0,1182.4,1183.0,13580
1630388400,1182.85,1183.3,1181.1,1181.55,18590
1630388700,1181.55,1182.5,1181.3,1182.5,7120
1630389000,1182.5,1182.6,1181.8,1182.25,5682
1630389300,1182.25,1184.7,1182.0,1183.25,14509
1630389600,1183.15,1185.35,1183.15,1185.0,16384
1630389900,1185.25,1185.25,1184.1,1184.55,16786
1630390200,1184.55,1185.35,1184.2,1185.0,8712
1630390500,1185.0,1185.0,1182.0,1182.8,31329
1630390800,1182.8,1184.8,1182.0,1184.25,16000
1630391100,1184.25,1185.15,1184.0,1184.3,13182
1630391400,1184.3,1185.45,1184.1,1184.4,10149
1630391700,1184.5,1185.45,1184.45,1184.95,8662
1630392000,1185.0,1185.3,1184.3,1184.3,23653
1630392300,1184.35,1184.4,1183.0,1183.15,9931
1630392600,1183.15,1185.15,1183.15,1184.4,10703
1630392900,1184.45,1184.7,1183.6,1184.0,8156
1630393200,1184.0,1184.5,1183.5,1184.45,9685
1630393500,1184.4,1184.45,1183.1,1183.5,14586
1630393800,1183.55,1184.5,1183.45,1184.0,11671
1630394100,1184.0,1184.85,1183.75,1184.8,10221
1630394400,1185.0,1185.0,1183.95,1184.65,14139
1630394700,1184.65,1185.3,1184.6,1185.15,10284
1630395000,1185.15,1190.0,1185.05,1189.65,28039
1630395300,1190.2,1192.9,1189.75,1190.65,31882
1630395600,1190.35,1192.25,1190.0,1191.55,17985
1630395900,1191.6,1192.3,1187.5,1187.55,29606
1630396200,1187.65,1190.85,1187.55,1190.5,13807
1630396500,1190.5,1193.0,1189.4,1191.7,17901
1630396800,1191.7,1192.85,1188.4,1189.0,21852
1630397100,1189.0,1189.15,1187.5,1188.5,14841
1630397400,1188.5,1190.3,1188.25,1189.6,11209
1630397700,1189.6,1190.6,1188.0,1189.45,13024
1630398000,1189.45,1189.85,1187.95,1187.95,11334
1630398300,1187.3,1187.9,1186.45,1187.25,3814
1630398600,1187.25,1188.65,1186.3,1187.1,8042
1630398900,1187.25,1187.7,1185.85,1186.45,7605
1630399200,1185.9,1186.7,1184.55,1185.35,8044
1630399500,1185.35,1186.65,1181.8,1185.0,12036
1630399800,1185.0,1185.95,1184.55,1185.15,6157
1630400100,1185.15,1186.3,1184.4,1185.35,5953
1630400400,1185.35,1188.0,1185.35,1187.35,10295
1630400700,1187.35,1188.4,1186.5,1186.95,5270
1630401000,1186.95,1189.35,1186.5,1189.15,7213
1630401300,1189.0,1189.05,1185.85,1186.3,6379
1630401600,1185.6,1188.4,1185.25,1187.2,8056
1630401900,1187.2,1187.2,1184.0,1185.95,10023
1630402200,1185.6,1192.0,1185.6,1190.5,133994
1630402500,1190.55,1193.85,1190.5,1193.85,118348
1630402800,1193.85,1194.5,1191.8,1193.35,122469
1630403100,1193.35,1194.25,1190.55,1193.9,142080
1630403400,1194.1,1194.15,1188.55,1191.4,142895
1630403700,1190.9,1194.45,1190.2,1191.0,70119
1630467900,1189.0,1196.75,1183.9,1195.7,32545
1630468200,1195.85,1204.4,1195.5,1202.6,42538
1630468500,1202.6,1207.0,1201.5,1204.8,85398
1630468800,1204.5,1205.6,1201.45,1204.15,32741
1630469100,1204.15,1204.4,1200.4,1204.4,22816
1630469400,1204.4,1209.35,1204.15,1204.4,43591
1630469700,1204.5,1205.85,1200.95,1203.5,23760
1630470000,1203.8,1204.95,1203.5,1204.95,17092
1630470300,1204.95,1205.05,1200.55,1204.35,35614
1630470600,1204.35,1206.9,1203.65,1205.8,22409
1630470900,1205.95,1206.5,1205.8,1206.05,9739
1630471200,1206.1,1206.1,1203.65,1204.15,15768
1630471500,1204.1,1204.6,1203.0,1204.25,19603
1630471800,1204.1,1205.1,1203.3,1203.9,13355
1630472100,1203.9,1206.3,1203.5,1203.65,18813
1630472400,1204.1,1205.2,1200.9,1201.35,30057
1630472700,1202.15,1202.35,1199.6,1200.75,52289
1630473000,1200.8,1200.9,1198.35,1199.0,17334
1630473300,1199.0,1200.95,1196.6,1200.25,20140
1630473600,1200.25,1202.65,1200.25,1202.15,15396
1630473900,1202.15,1202.5,1200.05,1200.6,12729
1630474200,1201.0,1201.6,1200.0,1200.15,15013
1630474500,1200.15,1201.4,1198.45,1200.55,15118
1630474800,1200.35,1200.4,1198.4,1199.0,12563
1630475100,1199.0,1202.95,1198.65,1201.2,13017
1630475400,1201.4,1204.0,1201.0,1202.1,16177
1630475700,1202.0,1204.9,1202.0,1204.0,12895
1630476000,1204.3,1204.85,1202.45,1202.95,11708
1630476300,1202.95,1203.55,1199.45,1200.2,26898
1630476600,1200.15,1200.85,1199.9,1200.3,8562
1630476900,1200.3,1200.8,1200.0,1200.7,10348
1630477200,1200.7,1201.45,1200.0,1200.1,10892
1630477500,1200.1,1200.85,1197.25,1198.4,17760
1630477800,1198.4,1201.5,1197.8,1200.55,12511
1630478100,1200.55,1201.85,1200.55,1200.85,8977
1630478400,1200.85,1201.5,1200.05,1200.95,7260
1630478700,1201.0,1202.05,1200.5,1200.75,9048
1630479000,1200.75,1202.15,1198.5,1198.5,14627
1630479300,1198.3,1202.0,1198.2,1200.95,16806
1630479600,1200.75,1202.8,1200.75,1201.9,11360
1630479900,1201.9,1202.95,1201.8,1202.75,13355
1630480200,1202.3,1203.9,1201.6,1203.65,16752
1630480500,1203.65,1204.0,1202.9,1203.95,7338
1630480800,1203.85,1205.0,1203.5,1204.85,15093
1630481100,1204.65,1206.0,1204.25,1204.45,14106
1630481400,1204.45,1206.4,1204.25,1205.55,12224
1630481700,1205.45,1206.2,1205.0,1205.8,10638
1630482000,1205.2,1206.4,1205.05,1205.1,8712
1630482300,1205.1,1208.4,1205.0,1208.4,15198
1630482600,1208.15,1208.45,1205.0,1205.8,15738
1630482900,1205.65,1207.35,1205.25,1206.85,11932
1630483200,1206.35,1208.3,1206.3,1207.5,12369
1630483500,1207.35,1210.0,1207.3,1209.9,14595
1630483800,1209.85,1212.5,1209.0,1209.6,35216
1630484100,1209.6,1213.95,1209.6,1212.5,52647
1630484400,1212.6,1214.45,1212.0,1214.45,22829
1630484700,1214.0,1214.25,1210.35,1212.8,24053
1630485000,1212.8,1213.5,1210.95,1212.2,16786
1630485300,1212.2,1212.85,1211.0,1211.25,11391
1630485600,1211.25,1213.45,1205.0,1205.0,42700
1630485900,1205.7,1209.8,1205.0,1209.3,28014
1630486200,1209.75,1218.0,1208.95,1216.45,63216
1630486500,1215.65,1218.6,1215.4,1217.7,32423
1630486800,1217.9,1219.8,1214.1,1214.75,41379
1630487100,1214.35,1216.7,1212.1,1213.9,23900
1630487400,1214.1,1215.7,1213.0,1213.0,15292
1630487700,1213.15,1215.7,1212.95,1215.0,10815
1630488000,1215.5,1218.25,1215.0,1217.8,16591
1630488300,1217.8,1219.45,1216.5,1219.2,26565
1630488600,1219.2,1222.35,1219.2,1220.8,59246
1630488900,1220.8,1222.8,1220.15,1221.85,54515
1630489200,1222.0,1222.55,1220.15,1221.05,57586
1630489500,1221.0,1221.6,1219.55,1220.95,108069
1630489800,1221.1,1222.2,1219.25,1219.55,142866
1630490100,1219.55,1219.55,1211.9,1214.4,62082
1630554300,1229.8,1235.0,1224.2,1233.25,153248
1630554600,1232.95,1232.95,1227.1,1231.0,69436
1630554900,1231.0,1234.3,1228.35,1231.5,65310
1630555200,1231.3,1232.25,1225.3,1230.0,42078
1630555500,1230.0,1230.05,1229.75,1230.0,25259
1630555800,1229.85,1230.1,1228.05,1229.6,41606
1630556100,1229.6,1230.0,1229.3,1229.75,17367
1630556400,1229.75,1230.05,1229.3,1229.95,42403
1630556700,1229.8,1229.9,1226.15,1227.75,18936
1630557000,1227.75,1229.1,1226.45,1228.65,15967
1630557300,1228.65,1230.55,1228.5,1229.85,32513
1630557600,1229.8,1230.1,1229.7,1229.9,32999
1630557900,1229.85,1229.95,1228.15,1229.85,23238
1630558200,1229.85,1229.95,1228.9,1229.95,16420
1630558500,1229.9,1230.1,1229.75,1230.05,30956
1630558800,1230.05,1230.05,1229.9,1229.95,32962
1630559100,1229.9,1237.5,1229.65,1237.15,76680
1630559400,1237.15,1242.4,1236.8,1240.5,76320
1630559700,1240.15,1244.9,1239.4,1240.0,47642
1630560000,1240.3,1242.25,1238.85,1240.9,30078
1630560300,1240.6,1241.55,1238.0,1239.55,33680
1630560600,1239.0,1239.7,1236.6,1238.85,25878
1630560900,1238.55,1239.3,1238.05,1239.0,17600
1630561200,1238.55,1239.25,1236.3,1237.8,27558
1630561500,1237.3,1238.0,1235.5,1236.05,21831
1630561800,1236.05,1238.4,1235.9,1237.85,51914
1630562100,1237.65,1242.9,1237.2,1242.0,52375
1630562400,1241.85,1242.0,1240.45,1240.95,12757
1630562700,1240.95,1244.55,1240.8,1244.2,32803
1630563000,1244.1,1246.95,1243.4,1246.0,35556
1630563300,1246.0,1250.0,1244.9,1246.3,102806
1630563600,1246.3,1246.5,1244.3,1245.75,25753
1630563900,1245.5,1246.95,1245.0,1245.15,23586
1630564200,1245.15,1246.0,1243.5,1245.15,26204
1630564500,1245.1,1245.7,1244.5,1244.6,18057
1630564800,1244.6,1244.95,1241.35,1242.1,23165
1630565100,1242.1,1242.8,1239.55,1242.1,26279
1630565400,1242.1,1245.0,1241.9,1244.8,22061
1630565700,1245.0,1246.9,1242.0,1242.15,35774
1630566000,1242.65,1244.15,1240.05,1242.7,38616
1630566300,1242.7,1242.7,1236.1,1237.8,49845
1630566600,1237.0,1237.0,1234.8,1235.95,44965
1630566900,1235.95,1238.1,1235.0,1237.95,36019
1630567200,1237.4,1242.0,1237.4,1241.85,25070
1630567500,1241.5,1242.4,1239.0,1239.6,23036
1630567800,1239.6,1239.9,1236.65,1237.4,22194
1630568100,1237.4,1237.85,1235.45,1236.55,17527
1630568400,1236.15,1237.2,1236.05,1237.0,15981
1630568700,1236.8,1237.0,1236.0,1236.7,16472
1630569000,1236.7,1236.7,1234.5,1235.1,24375
1630569300,1235.1,1236.65,1235.05,1235.1,28506
1630569600,1235.1,1238.7,1235.0,1238.6,22365
1630569900,1238.6,1239.3,1235.9,1237.9,18789
1630570200,1237.9,1237.9,1235.85,1235.85,16059
1630570500,1235.85,1238.6,1235.05,1237.95,25950
1630570800,1237.95,1238.65,1237.0,1238.05,11707
1630571100,1238.05,1238.05,1235.05,1235.95,16984
1630571400,1235.8,1236.5,1235.05,1235.9,16449
1630571700,1235.8,1237.3,1235.35,1236.3,11764
1630572000,1235.95,1236.3,1234.25,1235.2,22449
1630572300,1235.2,1235.95,1234.75,1235.95,16535
1630572600,1235.75,1237.5,1235.15,1236.35,19416
1630572900,1236.35,1239.65,1236.35,1238.8,22356
1630573200,1238.8,1240.0,1238.2,1239.4,15715
1630573500,1239.4,1241.05,1239.4,1240.35,21122
1630573800,1240.45,1241.65,1240.1,1240.5,24411
1630574100,1240.4,1241.05,1239.25,1240.4,19113
1630574400,1240.4,1241.35,1240.3,1241.0,19593
1630574700,1241.0,1241.2,1239.45,1239.75,19614
1630575000,1240.0,1242.1,1239.7,1242.1,39710
1630575300,1242.15,1243.8,1241.7,1241.9,54796
1630575600,1242.35,1243.45,1242.0,1243.4,22313
1630575900,1243.4,1244.6,1243.0,1243.65,60101
1630576200,1243.65,1245.95,1243.0,1243.8,58234
1630576500,1243.75,1245.95,1240.35,1242.0,37683
1630640700,1246.95,1253.65,1240.2,1250.5,62369
1630641000,1250.15,1250.15,1240.1,1242.5,43428
1630641300,1242.5,1246.0,1239.7,1245.25,25009
1630641600,1245.25,1248.45,1244.85,1247.3,23812
1630641900,1247.3,1250.0,1245.05,1245.95,18780
1630642200,1245.95,1249.0,1244.2,1249.0,6714
1630642500,1249.0,1250.0,1247.3,1249.9,10376
1630642800,1249.9,1251.6,1248.35,1249.35,15209
1630643100,1249.35,1249.35,1245.0,1245.65,13441
1630643400,1245.0,1246.65,1243.25,1243.85,14211
1630643700,1243.5,1243.85,1241.05,1242.35,9560
1630644000,1241.75,1241.75,1237.6,1239.5,29507
1630644300,1239.5,1240.0,1238.0,1238.0,11196
1630644600,1238.0,1238.45,1232.2,1233.75,26217
1630644900,1234.0,1236.6,1233.7,1235.7,13136
1630645200,1235.1,1236.5,1234.1,1236.5,8836
1630645500,1236.5,1238.75,1234.2,1234.2,10839
1630645800,1234.0,1234.7,1230.8,1230.8,17941
1630646100,1231.55,1233.15,1229.0,1231.0,17321
1630646400,1231.75,1233.25,1231.05,1233.25,6853
1630646700,1233.15,1235.65,1232.8,1235.6,6286
1630647000,1234.95,1235.65,1233.55,1234.1,3710
1630647300,1234.1,1235.0,1233.65,1234.35,4174
1630647600,1234.35,1237.05,1233.55,1234.75,6858
1630647900,1234.7,1235.95,1234.2,1234.35,6309
1630648200,1234.95,1235.0,1233.25,1234.5,4694
1630648500,1235.0,1235.0,1233.0,1233.1,3526
1630648800,1233.3,1234.15,1232.0,1232.05,4362
1630649100,1232.45,1233.05,1230.4,1231.25,6634
1630649400,1231.85,1233.0,1230.05,1232.7,5968
1630649700,1233.0,1233.1,1229.55,1229.75,16465
1630650000,1230.0,1230.0,1226.0,1229.5,22354
1630650300,1229.45,1230.85,1228.95,1230.05,10283
1630650600,1230.0,1232.15,1230.0,1231.9,8563
1630650900,1231.65,1234.65,1231.05,1234.55,6840
1630651200,1234.55,1238.0,1234.4,1236.75,12876
1630651500,1236.55,1236.8,1235.2,1236.05,79812
1630651800,1236.7,1237.0,1235.25,1236.8,3722
1630652100,1236.8,1237.0,1235.7,1236.3,3523
1630652400,1236.75,1238.0,1236.35,1237.85,3675
1630652700,1237.9,1239.45,1237.75,1238.5,9646
1630653000,1238.5,1239.05,1238.05,1238.3,3761
1630653300,1238.8,1238.85,1235.3,1236.25,6857
1630653600,1236.25,1237.0,1235.35,1235.85,5087
1630653900,1236.0,1237.45,1235.85,1237.0,10780
1630654200,1237.35,1237.35,1235.6,1236.25,4243
1630654500,1235.7,1237.4,1235.7,1236.8,3281
1630654800,1237.15,1238.8,1237.1,1238.05,7126
1630655100,1238.1,1239.0,1238.0,1238.4,4811
1630655400,1238.45,1239.0,1238.0,1238.7,4134
1630655700,1239.0,1239.15,1237.15,1238.4,5445
1630656000,1238.8,1238.8,1236.1,1236.35,5229
1630656300,1236.2,1238.5,1236.15,1237.85,9785
1630656600,1238.25,1242.0,1238.25,1241.9,11249
1630656900,1242.0,1242.15,1240.2,1241.0,6250
1630657200,1241.0,1241.5,1236.5,1236.65,8361
1630657500,1237.3,1237.35,1233.35,1234.75,20312
1630657800,1234.4,1234.75,1231.2,1231.45,8862
1630658100,1231.6,1232.75,1230.05,1230.8,23132
1630658400,1231.15,1232.7,1228.95,1229.2,8858
1630658700,1229.75,1234.35,1229.0,1233.75,5626
1630659000,1233.95,1234.95,1233.0,1234.75,5399
1630659300,1234.75,1238.2,1234.3,1236.5,11226
1630659600,1236.5,1239.2,1236.5,1238.1,7503
1630659900,1238.1,1238.95,1238.0,1238.5,3908
1630660200,1238.5,1238.7,1234.15,1234.85,15311
1630660500,1234.85,1237.95,1234.4,1235.0,13100
1630660800,1235.0,1241.1,1235.0,1240.6,84585
1630661100,1241.1,1242.55,1239.9,1242.5,52912
1630661400,1242.5,1244.35,1242.0,1243.0,21623
1630661700,1243.0,1245.75,1242.0,1245.15,67355
1630662000,1245.15,1245.95,1244.65,1245.05,48961
1630662300,1245.05,1245.5,1240.9,1241.0,119337
1630662600,1240.9,1244.65,1238.95,1242.05,33856
1630662900,1242.15,1244.75,1239.0,1243.45,28856
1630899900,1245.0,1247.8,1241.8,1246.8,22389
1630900200,1245.75,1248.0,1241.3,1244.5,30230
1630900500,1244.5,1247.25,1244.5,1247.0,24261
1630900800,1247.4,1247.65,1242.05,1244.8,157829
1630901100,1244.8,1245.35,1240.65,1241.0,26102
1630901400,1240.5,1241.6,1237.15,1238.15,12013
1630901700,1237.45,1239.8,1237.25,1238.55,6273
1630902000,1238.55,1239.25,1233.95,1235.0,14087
1630902300,1234.2,1235.85,1233.5,1234.9,8480
1630902600,1234.75,1240.6,1234.45,1240.0,58152
1630902900,1239.3,1239.3,1235.25,1235.25,3926
1630903200,1235.15,1237.4,1235.0,1236.0,6202
1630903500,1236.35,1238.8,1236.0,1238.65,6985
1630903800,1238.65,1239.35,1238.0,1238.05,8548
1630904100,1238.05,1238.65,1238.0,1238.3,8738
1630904400,1238.3,1239.45,1238.0,1238.9,3823
1630904700,1238.45,1241.0,1238.45,1240.05,74430
1630905000,1240.05,1240.65,1239.1,1240.0,4941
1630905300,1239.65,1241.5,1239.2,1240.0,6433
1630905600,1240.0,1240.75,1239.05,1240.3,47358
1630905900,1240.3,1240.5,1239.4,1239.6,3223
1630906200,1239.6,1240.95,1239.3,1240.85,2707
1630906500,1240.85,1242.45,1240.0,1242.1,4115
1630906800,1242.0,1243.75,1241.6,1242.85,13225
1630907100,1242.85,1243.75,1240.45,1240.65,16366
1630907400,1240.65,1242.7,1240.5,1241.7,16961
1630907700,1241.7,1243.85,1240.0,1241.85,66132
1630908000,1241.85,1242.0,1240.5,1240.65,18007
1630908300,1240.65,1241.15,1240.2,1240.65,9928
1630908600,1240.3,1240.6,1240.0,1240.05,11922
1630908900,1240.05,1241.35,1240.05,1240.75,8129
1630909200,1240.9,1241.15,1240.0,1240.05,8433
1630909500,1240.05,1240.9,1240.0,1240.6,8450
1630909800,1240.0,1243.0,1240.0,1241.5,8934
1630910100,1241.35,1241.8,1240.55,1241.25,7395
1630910400,1241.0,1241.4,1240.5,1241.2,12004
1630910700,1240.7,1241.45,1240.7,1241.0,8311
1630911000,1241.0,1241.2,1240.35,1240.55,8095
1630911300,1240.55,1242.0,1240.0,1240.0,48466
1630911600,1240.0,1240.15,1240.0,1240.15,4556
1630911900,1240.15,1240.3,1240.0,1240.3,2336
1630912200,1240.3,1240.3,1239.05,1239.8,14915
1630912500,1239.8,1240.0,1239.05,1239.85,7064
1630912800,1240.0,1240.0,1239.0,1239.5,4909
1630913100,1239.05,1240.0,1239.0,1239.15,6584
1630913400,1239.15,1240.0,1239.15,1240.0,27535
1630913700,1239.45,1240.0,1239.0,1239.2,9092
1630914000,1239.0,1239.2,1237.85,1238.45,4528
1630914300,1238.6,1239.2,1235.6,1235.75,6170
1630914600,1235.75,1237.55,1235.1,1235.9,7220
1630914900,1235.9,1237.3,1235.9,1236.6,2345
1630915200,1236.6,1237.8,1236.25,1237.4,3721
1630915500,1237.45,1238.15,1236.2,1236.25,4790
1630915800,1236.25,1237.8,1236.25,1236.8,2681
1630916100,1236.8,1237.45,1235.4,1235.5,3614
1630916400,1235.85,1237.4,1235.55,1235.6,3921
1630916700,1235.5,1236.35,1235.5,1235.95,4131
1630917000,1236.0,1237.0,1235.7,1237.0,2707
1630917300,1237.0,1237.9,1236.35,1237.7,3527
1630917600,1237.7,1238.0,1237.25,1237.55,2925
1630917900,1237.55,1238.0,1236.9,1237.35,2882
1630918200,1236.9,1238.0,1236.5,1237.95,2741
1630918500,1237.95,1238.5,1236.4,1238.1,6368
1630918800,1238.1,1238.3,1236.15,1237.15,2283
1630919100,1237.15,1240.0,1236.55,1239.05,12078
1630919400,1239.1,1240.0,1239.0,1239.55,14854
1630919700,1239.55,1240.0,1238.5,1239.5,12326
1630920000,1239.5,1240.0,1239.2,1240.0,21572
1630920300,1239.95,1244.9,1239.65,1244.25,16579
1630920600,1244.3,1245.65,1243.55,1245.6,20278
1630920900,1245.0,1245.0,1243.3,1245.0,23945
1630921200,1244.95,1245.25,1244.55,1245.0,16874
1630921500,1245.0,1245.4,1245.0,1245.05,21752
1630921800,1245.05,1245.9,1244.3,1245.05,28809
1630922100,1245.1,1245.95,1239.0,1239.0,20423
1630986300,1245.0,1253.35,1240.0,1247.9,60020
1630986600,1247.8,1247.8,1239.0,1241.0,28521
1630986900,1241.0,1244.95,1241.0,1242.25,15050
1630987200,1241.7,1243.9,1240.6,1243.9,7152
1630987500,1243.3,1244.95,1241.2,1241.2,11019
1630987800,1241.15,1241.75,1239.3,1239.5,14679
1630988100,1239.5,1240.0,1237.8,1237.8,10329
1630988400,1237.15,1238.75,1235.2,1236.95,10687
1630988700,1236.95,1237.45,1233.0,1234.75,12871
1630989000,1234.75,1235.2,1233.5,1234.7,6960
1630989300,1234.7,1235.0,1233.5,1234.0,6523
1630989600,1233.5,1236.55,1233.1,1235.9,18391
1630989900,1235.15,1235.75,1233.55,1234.25,4449
1630990200,1234.25,1235.15,1233.05,1233.25,8913
1630990500,1233.25,1236.2,1233.25,1235.55,8167
1630990800,1236.2,1236.2,1234.0,1234.0,4778
1630991100,1234.15,1234.95,1233.5,1233.6,2299
1630991400,1233.6,1235.85,1233.6,1234.8,12783
1630991700,1234.65,1235.5,1234.05,1234.4,3830
1630992000,1234.4,1234.85,1233.6,1234.65,5594
1630992300,1234.65,1235.0,1233.0,1233.0,5226
1630992600,1233.0,1235.0,1233.0,1234.55,6067
1630992900,1234.55,1235.0,1234.05,1234.2,2886
1630993200,1234.85,1235.0,1233.5,1233.55,3283
1630993500,1233.5,1233.85,1233.0,1233.0,4253
1630993800,1233.0,1233.9,1233.0,1233.5,1710
1630994100,1233.5,1237.75,1233.5,1237.15,30303
1630994400,1236.8,1238.3,1233.25,1235.0,9518
1630994700,1235.0,1235.3,1234.5,1235.0,15130
1630995000,1235.0,1235.4,1234.6,1235.0,10689
1630995300,1235.0,1235.45,1234.95,1235.0,11340
1630995600,1235.0,1235.75,1234.75,1234.75,8781
1630995900,1234.55,1235.0,1233.05,1233.75,36014
1630996200,1233.5,1234.35,1233.3,1233.35,1797
1630996500,1233.35,1234.35,1233.0,1234.0,2258
1630996800,1234.15,1234.65,1233.5,1233.75,1340
1630997100,1233.9,1235.0,1233.7,1234.35,1627
1630997400,1234.35,1234.85,1233.5,1234.2,2465
1630997700,1234.2,1234.6,1233.1,1233.5,3698
1630998000,1233.5,1234.5,1233.5,1233.6,5559
1630998300,1233.6,1234.9,1233.0,1233.05,18929
1630998600,1233.05,1233.1,1229.0,1229.3,24634
1630998900,1229.3,1231.6,1229.15,1230.85,4458
1630999200,1230.85,1231.25,1229.8,1230.15,7598
1630999500,1230.15,1232.2,1228.5,1231.3,14228
1630999800,1231.3,1231.95,1229.45,1229.55,14259
1631000100,1229.55,1232.0,1229.45,1231.0,159367
1631000400,1231.05,1232.2,1231.05,1231.75,6972
1631000700,1231.75,1235.0,1231.75,1232.8,29237
1631001000,1232.9,1232.9,1229.0,1229.0,9320
1631001300,1229.0,1229.9,1228.55,1229.4,6507
1631001600,1229.4,1231.95,1229.0,1230.8,11377
1631001900,1230.8,1234.5,1230.75,1232.75,12232
1631002200,1232.6,1233.2,1231.4,1231.5,5738
1631002500,1231.5,1232.2,1230.7,1231.0,4889
1631002800,1231.0,1231.55,1229.45,1229.5,6528
1631003100,1229.5,1229.65,1228.25,1229.45,7559
1631003400,1228.7,1229.95,1228.25,1228.6,6078
1631003700,1228.5,1229.95,1228.4,1229.35,7022
1631004000,1229.35,1233.0,1229.35,1231.2,12588
1631004300,1231.25,1233.5,1231.0,1233.0,15399
1631004600,1233.0,1235.2,1232.75,1233.5,37324
1631004900,1233.25,1234.5,1232.85,1233.0,8297
1631005200,1233.0,1233.65,1232.85,1232.9,5294
1631005500,1232.9,1233.4,1232.9,1233.0,17181
1631005800,1233.0,1235.0,1233.0,1234.8,36463
1631006100,1234.7,1235.45,1234.55,1235.2,37303
1631006400,1234.95,1239.0,1234.7,1238.65,24869
1631006700,1238.15,1240.0,1237.05,1240.0,20058
1631007000,1240.0,1242.15,1238.05,1241.1,36675
1631007300,1241.7,1242.0,1238.7,1241.95,25352
1631007600,1241.95,1242.0,1237.55,1238.3,23395
1631007900,1238.3,1239.15,1236.3,1237.35,28031
1631008200,1237.05,1238.65,1235.15,1236.65,34416
1631008500,1236.65,1239.9,1235.0,1239.4,26713
1631072700,1246.05,1246.95,1228.9,1234.1,101321
1631073000,1233.2,1237.15,1228.85,1230.6,64994
1631073300,1230.0,1236.75,1230.0,1235.25,38351
1631073600,1235.0,1236.05,1234.6,1235.0,58448
1631073900,1235.0,1235.2,1229.5,1232.95,98131
1631074200,1233.2,1237.3,1233.2,1235.95,24590
1631074500,1235.95,1238.8,1235.5,1238.25,15624
1631074800,1238.25,1238.7,1237.0,1238.2,8800
1631075100,1237.7,1238.05,1235.7,1237.95,6655
1631075400,1237.45,1238.0,1233.0,1233.0,23785
1631075700,1233.0,1233.05,1230.45,1231.65,26179
1631076000,1231.65,1234.2,1231.0,1234.0,11413
1631076300,1234.0,1235.75,1232.5,1233.65,7168
1631076600,1233.5,1233.7,1229.35,1230.45,13479
1631076900,1230.45,1232.8,1229.55,1231.7,9212
1631077200,1232.15,1232.35,1230.2,1230.75,8241
1631077500,1231.2,1231.45,1222.2,1223.05,52364
1631077800,1222.55,1225.8,1221.05,1223.45,87309
1631078100,1223.45,1225.2,1222.65,1222.75,22155
1631078400,1222.7,1223.1,1218.2,1218.6,44923
1631078700,1218.5,1220.85,1218.0,1219.8,19636
1631079000,1219.8,1221.9,1219.65,1220.85,20466
1631079300,1220.85,1223.0,1220.5,1220.6,20763
1631079600,1220.6,1221.35,1220.0,1220.2,18773
1631079900,1220.2,1222.5,1220.2,1221.8,9935
1631080200,1221.6,1221.9,1220.0,1220.4,13092
1631080500,1220.45,1221.3,1220.0,1221.15,9201
1631080800,1221.15,1221.85,1220.25,1221.45,8157
1631081100,1221.45,1221.8,1220.8,1221.3,11439
1631081400,1221.3,1221.7,1220.8,1221.2,13740
1631081700,1221.25,1223.2,1221.2,1222.35,17293
1631082000,1222.35,1222.35,1220.5,1220.85,13376
1631082300,1220.85,1222.35,1220.0,1222.35,18898
1631082600,1222.35,1226.0,1221.65,1225.0,32477
1631082900,1225.0,1225.0,1220.7,1221.9,23711
1631083200,1222.15,1222.5,1220.35,1220.85,23199
1631083500,1221.15,1224.05,1220.05,1222.05,28612
1631083800,1222.45,1222.45,1221.0,1221.8,24915
1631084100,1221.75,1222.1,1221.5,1221.75,17174
1631084400,1221.75,1222.7,1220.0,1220.35,22219
1631084700,1220.35,1221.15,1220.0,1220.65,11243
1631085000,1220.65,1221.8,1220.0,1221.5,11417
1631085300,1221.5,1221.6,1220.0,1220.35,17428
1631085600,1220.35,1221.4,1220.35,1221.0,12961
1631085900,1221.0,1222.0,1220.95,1221.9,13106
1631086200,1221.9,1222.75,1221.0,1221.4,13044
1631086500,1221.4,1224.1,1220.95,1223.3,22339
1631086800,1223.8,1225.25,1221.45,1225.05,39498
1631087100,1225.05,1225.9,1224.25,1225.0,21742
1631087400,1224.45,1227.1,1224.3,1226.6,31720
1631087700,1226.6,1227.2,1224.85,1225.6,39352
1631088000,1225.6,1226.1,1222.2,1222.2,12714
1631088300,1222.45,1222.65,1221.0,1221.45,36752
1631088600,1221.1,1222.0,1221.0,1221.4,40600
1631088900,1221.4,1221.5,1220.0,1220.2,14722
1631089200,1220.15,1220.8,1215.05,1216.3,26796
1631089500,1216.0,1217.5,1212.15,1216.35,40001
1631089800,1216.35,1220.6,1215.5,1219.35,23843
1631090100,1219.35,1220.65,1218.7,1219.5,6422
1631090400,1219.5,1221.0,1217.65,1219.55,20450
1631090700,1219.55,1220.85,1219.4,1220.75,13987
1631091000,1220.75,1223.4,1220.0,1222.5,10782
1631091300,1222.5,1222.75,1220.65,1221.0,7543
1631091600,1221.0,1221.0,1220.0,1220.8,6164
1631091900,1220.8,1221.2,1219.9,1219.9,8008
1631092200,1219.9,1220.6,1219.45,1220.3,18414
1631092500,1220.3,1220.45,1219.9,1220.25,6841
1631092800,1220.25,1220.85,1219.8,1220.0,12774
1631093100,1220.0,1220.95,1220.0,1220.0,8465
1631093400,1220.0,1222.8,1219.8,1220.1,43461
1631093700,1220.2,1221.85,1219.8,1220.4,26285
1631094000,1220.4,1222.2,1219.55,1219.55,61051
1631094300,1219.55,1221.5,1219.15,1219.6,36128
1631094600,1219.6,1220.9,1217.0,1218.4,59680
1631094900,1218.15,1221.75,1211.95,1218.0,40121
1631159100,1177.0,1199.65,1172.0,1183.15,2391885
1631159400,1183.75,1189.4,1180.05,1186.0,545298
1631159700,1186.0,1187.5,1179.3,1183.4,251598
1631160000,1183.05,1183.5,1178.1,1178.75,165130
1631160300,1178.5,1180.9,1175.05,1175.05,215771
1631160600,1175.05,1178.6,1175.0,1178.6,411875
1631160900,1177.8,1178.5,1173.0,1174.0,287817
1631161200,1173.6,1176.5,1171.1,1173.55,211858
1631161500,1173.6,1174.85,1170.0,1173.5,246666
1631161800,1173.7,1176.0,1172.85,1173.5,120978
1631162100,1173.5,1174.55,1171.05,1171.05,95202
1631162400,1171.25,1175.0,1171.05,1173.15,70610
1631162700,1173.05,1174.9,1172.0,1173.95,44209
1631163000,1173.95,1176.8,1173.9,1176.0,84985
1631163300,1176.0,1176.5,1174.85,1175.9,67703
1631163600,1176.05,1176.25,1171.05,1171.5,189430
1631163900,1171.5,1171.9,1171.05,1171.9,89996
1631164200,1171.9,1172.2,1171.0,1171.6,88904
1631164500,1171.5,1171.65,1168.0,1169.4,292224
1631164800,1170.0,1172.0,1169.1,1171.0,99702
1631165100,1171.0,1171.7,1169.75,1171.7,60346
1631165400,1171.6,1172.7,1171.25,1172.2,80212
1631165700,1172.2,1174.45,1171.15,1174.4,95229
1631166000,1174.4,1175.5,1173.0,1175.25,74280
1631166300,1175.25,1176.5,1174.35,1175.9,88500
1631166600,1175.95,1176.35,1175.35,1176.05,78648
1631166900,1176.05,1176.35,1174.55,1175.0,91859
1631167200,1175.0,1175.05,1172.0,1172.25,47647
1631167500,1172.5,1173.1,1171.65,1172.65,47594
1631167800,1172.65,1175.5,1172.65,1175.2,49076
1631168100,1175.2,1175.9,1174.4,1174.4,97647
1631168400,1174.65,1175.4,1172.45,1173.7,88888
1631168700,1173.9,1174.9,1172.5,1174.9,46167
1631169000,1174.9,1175.75,1174.0,1174.2,48052
1631169300,1174.0,1175.75,1174.0,1174.8,48324
1631169600,1174.8,1175.6,1174.65,1175.6,38434
1631169900,1175.55,1175.9,1175.0,1175.65,55788
1631170200,1175.65,1175.85,1174.0,1175.15,73535
1631170500,1176.0,1176.0,1173.7,1173.7,61299
1631170800,1173.7,1175.1,1173.7,1174.45,46896
1631171100,1174.5,1175.2,1172.5,1173.3,52253
1631171400,1173.35,1174.45,1172.9,1173.8,37346
1631171700,1173.8,1175.5,1173.35,1174.7,43980
1631172000,1174.85,1175.5,1173.3,1174.7,43226
1631172300,1174.7,1175.5,1174.65,1175.1,35772
1631172600,1175.1,1175.95,1174.15,1175.35,41828
1631172900,1175.4,1175.6,1174.5,1174.95,39337
1631173200,1174.95,1174.95,1173.75,1174.75,40454
1631173500,1174.75,1175.5,1173.85,1174.7,55154
1631173800,1174.7,1175.5,1173.95,1173.95,37080
1631174100,1173.95,1175.45,1173.25,1174.75,53373
1631174400,1174.75,1175.3,1174.5,1174.6,37100
1631174700,1174.6,1175.45,1174.6,1175.25,38031
1631175000,1175.15,1175.25,1174.0,1174.4,36428
1631175300,1174.4,1175.0,1173.7,1175.0,51824
1631175600,1175.0,1175.5,1174.4,1175.25,42206
1631175900,1175.25,1175.45,1174.5,1175.0,56908
1631176200,1175.0,1175.3,1173.5,1174.2,58546
1631176500,1174.2,1174.6,1173.0,1174.15,65396
1631176800,1174.35,1174.35,1172.5,1173.3,57419
1631177100,1173.3,1173.65,1173.0,1173.35,22540
1631177400,1173.35,1173.4,1172.9,1173.0,42650
1631177700,1173.0,1173.1,1171.15,1172.4,66863
1631178000,1172.95,1172.95,1171.3,1171.3,140421
1631178300,1171.3,1172.0,1171.0,1171.5,102486
1631178600,1171.5,1172.2,1171.3,1171.3,64547
1631178900,1171.3,1172.5,1171.3,1172.15,56356
1631179200,1172.2,1172.5,1171.5,1171.9,39131
1631179500,1171.9,1172.0,1171.0,1171.15,72241
1631179800,1171.15,1172.6,1171.05,1171.35,69986
1631180100,1171.35,1172.5,1171.1,1171.9,138812
1631180400,1171.85,1172.65,1171.2,1172.05,142498
1631180700,1172.15,1174.4,1171.7,1174.2,322945
1631181000,1174.3,1176.35,1174.0,1175.45,239927
1631181300,1175.25,1175.55,1172.05,1173.0,139930
1631504700,1179.05,1179.05,1170.0,1172.45,105773
1631505000,1172.45,1174.35,1161.55,1167.3,125757
1631505300,1167.4,1168.2,1162.8,1164.1,49448
1631505600,1163.95,1168.65,1163.95,1165.9,39348
1631505900,1166.4,1167.55,1163.4,1163.4,29874
1631506200,1163.4,1164.85,1158.0,1161.0,66912
1631506500,1160.35,1161.8,1158.1,1160.65,68358
1631506800,1160.0,1160.45,1157.15,1159.05,48406
1631507100,1159.35,1159.45,1158.1,1158.55,38909
1631507400,1158.8,1158.95,1155.7,1157.8,36901
1631507700,1157.8,1158.0,1155.2,1155.8,23548
1631508000,1155.8,1159.1,1153.35,1159.1,46337
1631508300,1159.7,1161.5,1158.6,1159.85,38428
1631508600,1159.8,1160.15,1157.0,1157.15,16401
1631508900,1157.15,1159.0,1156.0,1158.55,29466
1631509200,1158.45,1160.5,1157.0,1160.5,30303
1631509500,1160.5,1161.35,1159.6,1160.5,37626
1631509800,1160.5,1163.65,1160.0,1162.75,39494
1631510100,1162.75,1165.0,1162.45,1164.05,21380
1631510400,1163.45,1164.8,1163.2,1164.25,21789
1631510700,1164.2,1165.6,1163.75,1165.15,27412
1631511000,1165.15,1166.0,1164.2,1165.55,46740
1631511300,1165.75,1165.95,1164.2,1165.0,32563
1631511600,1165.15,1165.25,1164.65,1165.05,22293
1631511900,1165.0,1165.75,1164.75,1165.1,38523
1631512200,1165.1,1165.7,1164.7,1165.3,32163
1631512500,1165.55,1165.95,1165.0,1165.0,16192
1631512800,1165.05,1165.1,1164.95,1165.05,26141
1631513100,1165.05,1165.05,1162.4,1162.4,26970
1631513400,1162.95,1163.15,1160.0,1160.55,26818
1631513700,1160.25,1162.85,1160.2,1161.0,20968
1631514000,1161.0,1162.0,1160.55,1160.55,11973
1631514300,1160.5,1160.9,1160.0,1160.4,31083
1631514600,1160.4,1160.75,1160.0,1160.2,15537
1631514900,1160.2,1160.5,1157.0,1157.0,34823
1631515200,1157.1,1159.3,1157.1,1158.15,21055
1631515500,1158.35,1160.85,1158.05,1159.95,15048
1631515800,1159.95,1161.4,1159.5,1161.0,16478
1631516100,1161.0,1161.45,1160.0,1160.15,20825
1631516400,1160.15,1161.1,1160.0,1160.1,18287
1631516700,1160.1,1160.9,1159.5,1160.35,33973
1631517000,1160.35,1160.85,1159.55,1159.9,23261
1631517300,1159.95,1160.0,1158.15,1158.6,15897
1631517600,1158.6,1160.0,1158.0,1159.5,23647
1631517900,1159.5,1160.1,1158.15,1159.8,14156
1631518200,1159.8,1161.75,1159.4,1160.8,21925
1631518500,1160.8,1162.6,1160.5,1161.9,24556
1631518800,1161.85,1162.4,1160.75,1161.3,17003
1631519100,1161.3,1162.5,1160.8,1162.2,14725
1631519400,1162.2,1162.3,1160.6,1161.85,22940
1631519700,1161.9,1161.9,1160.8,1161.2,18136
1631520000,1161.2,1162.45,1160.65,1161.65,23585
1631520300,1161.6,1162.45,1161.15,1161.3,16921
1631520600,1161.3,1161.8,1160.9,1161.15,18755
1631520900,1161.15,1163.0,1161.0,1162.2,27752
1631521200,1162.3,1163.4,1161.65,1163.0,23427
1631521500,1162.95,1165.0,1162.4,1164.75,27270
1631521800,1164.7,1165.2,1164.0,1164.75,14986
1631522100,1164.7,1164.95,1163.05,1163.9,21461
1631522400,1163.9,1164.35,1163.0,1163.8,18007
1631522700,1163.85,1164.0,1161.65,1163.35,18891
1631523000,1163.35,1163.5,1161.6,1163.0,15972
1631523300,1163.2,1165.65,1162.5,1165.1,27569
1631523600,1164.9,1166.0,1164.9,1165.45,13434
1631523900,1165.55,1165.8,1164.0,1164.05,20275
1631524200,1164.5,1164.8,1164.0,1164.35,22555
1631524500,1164.35,1164.6,1163.95,1164.5,32486
1631524800,1164.5,1164.5,1164.0,1164.3,21084
1631525100,1164.3,1164.4,1163.55,1164.2,34965
1631525400,1164.2,1165.9,1164.0,1165.5,42282
1631525700,1165.55,1166.0,1164.45,1165.25,37368
1631526000,1165.0,1167.3,1165.0,1165.2,46616
1631526300,1165.2,1165.95,1164.75,1165.2,62193
1631526600,1165.15,1166.55,1164.55,1165.85,73530
1631526900,1165.85,1165.9,1160.1,1163.0,57296
1631591100,1170.0,1173.15,1167.1,1171.4,63703
1631591400,1171.4,1172.8,1170.0,1170.3,29829
1631591700,1170.3,1170.75,1168.0,1169.05,22930
1631592000,1168.4,1174.0,1168.4,1173.5,35647
1631592300,1173.5,1173.6,1169.55,1169.95,21786
1631592600,1169.15,1170.0,1168.0,1168.2,12761
1631592900,1168.7,1169.15,1166.85,1169.15,23649
1631593200,1169.2,1171.9,1169.2,1170.55,14873
1631593500,1171.2,1171.4,1170.05,1171.15,9015
1631593800,1171.15,1172.5,1167.95,1169.15,20967
1631594100,1169.15,1171.4,1169.0,1169.95,7445
1631594400,1169.95,1171.0,1169.5,1170.7,8456
1631594700,1170.15,1171.0,1169.45,1170.1,8254
1631595000,1170.25,1170.5,1169.45,1170.25,11661
1631595300,1170.25,1171.0,1170.1,1170.7,12672
1631595600,1170.7,1172.7,1170.2,1171.45,25333
1631595900,1171.3,1171.95,1171.0,1171.2,8681
1631596200,1171.75,1172.0,1169.2,1170.05,18229
1631596500,1170.05,1170.95,1169.1,1169.7,12899
1631596800,1169.7,1170.0,1168.8,1169.3,12205
1631597100,1169.45,1170.75,1169.15,1169.4,9813
1631597400,1169.5,1170.2,1168.75,1168.9,7992
1631597700,1168.95,1169.9,1168.5,1169.1,10007
1631598000,1169.1,1169.65,1166.05,1169.6,30666
1631598300,1169.6,1169.6,1168.5,1168.6,7293
1631598600,1168.75,1170.0,1168.1,1168.45,10197
1631598900,1168.95,1169.5,1168.25,1169.05,5864
1631599200,1169.1,1169.15,1168.15,1168.15,6492
1631599500,1168.15,1168.3,1165.6,1166.85,16254
1631599800,1166.8,1167.85,1165.2,1166.1,8857
1631600100,1166.2,1167.8,1165.75,1167.8,15730
1631600400,1167.85,1168.05,1167.0,1167.15,10796
1631600700,1167.15,1167.65,1166.9,1167.3,7063
1631601000,1167.25,1167.4,1166.3,1167.05,6539
1631601300,1167.05,1167.65,1165.5,1165.7,9817
1631601600,1165.65,1166.5,1165.4,1165.95,10938
1631601900,1165.95,1166.35,1165.05,1166.1,10030
1631602200,1166.15,1166.7,1165.4,1166.2,8921
1631602500,1166.2,1168.3,1166.15,1167.65,8118
1631602800,1168.2,1168.4,1167.5,1167.8,7760
1631603100,1167.8,1168.25,1166.25,1167.75,33767
1631603400,1167.75,1167.75,1167.0,1167.3,8175
1631603700,1167.3,1167.4,1165.45,1166.25,16635
1631604000,1166.25,1167.2,1165.3,1166.0,11105
1631604300,1166.1,1166.6,1164.0,1164.0,15444
1631604600,1164.0,1164.0,1158.05,1159.4,47360
1631604900,1159.4,1161.3,1159.25,1160.4,14132
1631605200,1160.4,1161.3,1159.45,1160.45,10135
1631605500,1160.55,1161.35,1160.0,1161.05,9140
1631605800,1161.05,1162.15,1160.35,1161.6,9600
1631606100,1161.6,1161.85,1160.7,1161.05,10143
1631606400,1161.05,1161.6,1159.7,1161.35,16254
1631606700,1160.8,1163.75,1160.55,1163.25,11406
1631607000,1163.5,1165.0,1162.95,1163.05,21249
1631607300,1163.05,1163.95,1162.05,1162.35,7576
1631607600,1162.7,1165.35,1161.8,1164.35,16700
1631607900,1164.8,1165.5,1163.85,1164.95,16961
1631608200,1164.95,1167.75,1164.45,1167.45,16765
1631608500,1167.45,1167.95,1165.3,1167.55,10278
1631608800,1167.9,1168.0,1167.15,1167.85,5614
1631609100,1167.9,1167.9,1166.6,1167.2,7695
1631609400,1167.2,1169.35,1167.2,1167.5,13513
1631609700,1167.5,1168.0,1167.05,1167.7,6107
1631610000,1167.7,1167.85,1166.15,1167.0,8296
1631610300,1167.0,1167.5,1166.5,1167.35,5708
1631610600,1167.2,1168.5,1165.25,1166.25,9600
1631610900,1166.2,1166.3,1165.05,1165.4,6986
1631611200,1165.4,1168.0,1164.15,1167.95,18674
1631611500,1168.0,1169.55,1167.8,1169.55,36312
1631611800,1169.65,1171.55,1169.2,1171.55,37616
1631612100,1170.95,1171.7,1170.0,1170.95,36093
1631612400,1171.0,1171.0,1167.05,1170.95,47372
1631612700,1170.9,1172.85,1168.0,1172.65,86325
1631613000,1172.85,1172.85,1169.15,1169.85,34703
1631613300,1169.85,1172.0,1167.2,1170.0,83332
1631677500,1170.9,1173.8,1167.5,1169.75,39271
1631677800,1169.75,1171.65,1167.25,1168.65,23454
1631678100,1169.25,1170.95,1167.0,1170.95,27248
1631678400,1170.95,1172.0,1169.65,1171.1,23148
1631678700,1171.2,1174.95,1171.0,1173.55,45153
1631679000,1173.55,1175.95,1173.0,1174.0,39542
1631679300,1174.0,1175.1,1172.0,1174.35,42710
1631679600,1174.35,1175.1,1173.55,1174.85,33879
1631679900,1174.85,1176.0,1174.2,1174.85,41483
1631680200,1174.85,1175.8,1173.8,1173.8,38020
1631680500,1174.35,1175.9,1171.15,1171.65,106218
1631680800,1171.65,1172.2,1170.0,1170.0,41907
1631681100,1170.0,1171.4,1168.1,1169.0,47036
1631681400,1168.9,1170.0,1168.5,1169.4,22843
1631681700,1169.4,1171.55,1169.15,1170.65,22750
1631682000,1171.0,1171.05,1169.5,1169.9,16242
1631682300,1169.85,1170.5,1169.4,1169.45,12763
1631682600,1169.5,1171.4,1167.0,1167.0,26520
1631682900,1167.0,1169.0,1165.5,1169.0,30351
1631683200,1169.0,1169.0,1167.3,1167.4,14230
1631683500,1167.6,1169.2,1167.35,1168.4,17400
1631683800,1168.4,1170.0,1168.35,1169.6,11368
1631684100,1169.85,1170.95,1169.6,1170.5,18391
1631684400,1170.5,1170.95,1169.5,1169.8,17743
1631684700,1169.8,1170.8,1168.9,1169.5,16985
1631685000,1169.5,1170.85,1169.4,1170.15,24532
1631685300,1170.15,1170.15,1169.5,1169.6,7959
1631685600,1169.75,1169.75,1169.5,1169.65,11952
1631685900,1169.65,1170.0,1169.5,1169.75,9327
1631686200,1169.75,1170.85,1169.6,1170.0,17135
1631686500,1170.0,1170.5,1169.5,1169.7,11592
1631686800,1169.75,1169.9,1169.1,1169.75,11360
1631687100,1169.75,1169.75,1169.1,1169.3,10871
1631687400,1169.3,1170.0,1169.0,1169.05,11331
1631687700,1169.05,1169.25,1167.85,1167.85,14840
1631688000,1167.9,1168.6,1167.5,1168.6,11815
1631688300,1168.6,1168.6,1167.65,1167.65,11066
1631688600,1167.8,1168.0,1167.4,1167.45,15880
1631688900,1168.0,1169.55,1167.3,1169.55,13499
1631689200,1169.55,1170.15,1167.0,1168.55,12973
1631689500,1168.55,1169.2,1168.0,1168.35,10808
1631689800,1168.7,1170.3,1167.25,1168.75,19501
1631690100,1168.75,1170.0,1167.9,1169.8,10985
1631690400,1169.75,1170.0,1167.75,1167.95,22562
1631690700,1168.0,1170.9,1167.55,1170.1,18182
1631691000,1169.65,1171.0,1169.65,1170.35,15749
1631691300,1170.35,1171.0,1169.8,1170.6,15690
1631691600,1170.6,1170.6,1169.35,1169.55,11319
1631691900,1169.55,1171.0,1169.1,1170.0,15591
1631692200,1170.0,1171.0,1169.7,1170.65,15474
1631692500,1170.65,1171.0,1170.0,1170.25,13115
1631692800,1170.25,1170.7,1170.0,1170.7,11954
1631693100,1170.7,1171.0,1170.4,1170.85,17334
1631693400,1170.85,1171.0,1170.3,1170.35,16849
1631693700,1170.35,1171.2,1170.05,1170.8,20118
1631694000,1170.75,1171.0,1170.0,1170.85,19705
1631694300,1170.85,1171.0,1170.15,1170.75,10327
1631694600,1170.75,1171.35,1170.4,1171.25,22496
1631694900,1171.3,1172.4,1171.0,1172.05,18411
1631695200,1172.05,1172.9,1171.15,1172.45,26544
1631695500,1172.45,1174.0,1171.6,1173.0,33871
1631695800,1173.0,1173.55,1172.15,1172.75,21333
1631696100,1172.75,1172.85,1171.25,1171.75,20795
1631696400,1171.75,1172.4,1170.15,1170.15,19842
1631696700,1170.15,1171.3,1170.0,1170.05,19710
1631697000,1170.0,1171.75,1169.0,1170.6,22476
1631697300,1170.75,1170.75,1170.0,1170.0,13116
1631697600,1170.0,1171.5,1170.0,1170.8,19882
1631697900,1170.8,1172.0,1170.35,1171.05,22791
1631698200,1171.2,1171.2,1169.55,1170.5,39747
1631698500,1170.5,1172.2,1170.0,1172.1,51503
1631698800,1172.2,1173.9,1172.0,1173.05,78204
1631699100,1173.05,1173.95,1172.2,1173.0,83001
1631699400,1172.85,1174.0,1172.0,1172.35,88889
1631699700,1172.35,1172.35,1170.7,1171.35,32269
1631763900,1174.2,1175.0,1168.8,1171.9,40371
1631764200,1172.55,1176.15,1170.0,1173.9,39410
1631764500,1173.75,1173.9,1171.25,1172.05,15518
1631764800,1172.15,1175.0,1171.1,1174.8,29201
1631765100,1174.4,1175.55,1174.0,1174.75,17679
1631765400,1174.75,1174.9,1174.1,1174.65,18799
1631765700,1174.6,1175.5,1174.1,1174.55,27826
1631766000,1175.0,1175.0,1174.05,1174.7,22351
1631766300,1174.7,1174.7,1172.35,1172.35,31676
1631766600,1172.35,1172.35,1169.2,1170.7,36319
1631766900,1170.7,1171.05,1169.2,1171.05,19348
1631767200,1171.7,1173.35,1171.4,1171.6,35176
1631767500,1172.05,1172.05,1169.5,1170.55,18695
1631767800,1170.0,1170.6,1169.0,1169.3,11745
1631768100,1169.0,1170.55,1168.0,1170.0,19729
1631768400,1170.0,1171.55,1169.9,1171.1,15712
1631768700,1170.7,1171.5,1170.55,1171.25,12470
1631769000,1171.0,1172.65,1171.0,1171.05,17935
1631769300,1171.05,1171.85,1171.0,1171.05,47145
1631769600,1171.05,1171.45,1169.55,1170.35,23790
1631769900,1170.35,1171.0,1169.55,1170.15,11372
1631770200,1170.15,1171.0,1169.9,1171.0,9262
1631770500,1171.0,1171.05,1169.65,1170.25,16741
1631770800,1170.25,1170.7,1169.7,1170.6,18573
1631771100,1170.5,1170.8,1169.75,1170.45,20419
1631771400,1170.45,1170.45,1169.7,1170.05,8458
1631771700,1170.05,1172.0,1169.7,1171.05,21091
1631772000,1170.8,1172.7,1169.9,1170.6,33550
1631772300,1170.6,1171.85,1169.95,1171.0,32211
1631772600,1171.05,1172.6,1170.25,1172.05,25116
1631772900,1172.05,1174.0,1171.8,1173.45,31483
1631773200,1173.0,1174.5,1172.85,1173.8,52015
1631773500,1174.45,1175.0,1173.05,1174.8,47324
1631773800,1174.45,1177.75,1173.0,1176.0,68189
1631774100,1176.0,1179.45,1176.0,1178.0,81435
1631774400,1177.75,1178.1,1175.5,1176.65,33844
1631774700,1176.2,1177.4,1175.95,1176.05,18902
1631775000,1176.4,1177.0,1175.9,1176.35,23748
1631775300,1175.9,1176.35,1175.8,1176.1,21900
1631775600,1176.05,1176.15,1175.55,1175.55,17831
1631775900,1176.1,1176.1,1173.0,1175.25,59170
1631776200,1175.25,1177.3,1175.2,1176.75,28505
1631776500,1177.05,1180.2,1176.6,1179.1,76363
1631776800,1179.1,1180.5,1178.6,1179.25,38250
1631777100,1179.1,1179.65,1178.55,1179.05,49128
1631777400,1179.05,1179.5,1178.3,1179.0,37276
1631777700,1179.05,1179.6,1178.5,1179.1,35850
1631778000,1179.1,1179.35,1178.5,1178.9,29751
1631778300,1178.95,1180.0,1178.75,1179.65,37634
1631778600,1179.5,1180.0,1178.6,1179.05,37935
1631778900,1179.05,1180.1,1178.7,1179.75,34940
1631779200,1179.95,1181.0,1179.15,1180.45,52191
1631779500,1180.4,1180.65,1179.45,1180.0,44186
1631779800,1179.8,1180.45,1179.0,1180.45,44142
1631780100,1180.45,1181.0,1179.55,1180.25,37306
1631780400,1180.25,1180.75,1178.9,1179.75,58429
1631780700,1180.0,1180.75,1179.15,1179.95,36612
1631781000,1180.05,1183.8,1179.75,1182.85,87674
1631781300,1182.4,1183.9,1181.0,1181.2,79082
1631781600,1181.1,1182.7,1180.75,1181.9,40527
1631781900,1181.75,1184.3,1181.4,1183.75,52233
1631782200,1183.75,1184.4,1182.2,1183.45,38895
1631782500,1183.5,1185.3,1182.4,1184.95,80382
1631782800,1184.95,1187.0,1183.95,1186.0,65281
1631783100,1186.0,1186.4,1184.4,1185.65,33387
1631783400,1185.65,1186.75,1184.15,1185.85,64482
1631783700,1186.05,1186.3,1184.9,1185.0,49328
1631784000,1185.05,1185.2,1184.05,1185.05,59882
1631784300,1185.05,1185.05,1183.2,1184.95,58440
1631784600,1184.95,1185.3,1183.95,1183.95,60417
1631784900,1183.7,1185.75,1183.45,1185.0,72520
1631785200,1185.0,1185.35,1184.45,1185.0,79608
1631785500,1185.0,1185.2,1184.0,1185.15,100083
1631785800,1185.25,1185.3,1184.05,1184.9,95666
1631786100,1184.95,1185.85,1183.1,1183.2,75355
1631850300,1203.0,1204.0,1192.7,1195.8,321977
1631850600,1195.75,1196.85,1192.1,1194.35,96979
1631850900,1194.5,1196.5,1190.3,1196.25,77280
1631851200,1195.5,1198.4,1195.3,1195.5,69973
1631851500,1195.65,1198.0,1192.3,1192.85,60459
1631851800,1192.85,1194.7,1191.0,1194.0,48407
1631852100,1194.0,1200.0,1193.7,1198.5,178099
1631852400,1199.1,1204.8,1198.2,1201.2,134373
1631852700,1201.45,1202.05,1199.75,1200.05,66936
1631853000,1200.05,1200.95,1198.55,1200.05,47522
1631853300,1200.0,1201.9,1199.8,1201.5,36199
1631853600,1201.55,1203.0,1200.7,1201.55,33265
1631853900,1201.55,1202.9,1201.15,1201.95,31290
1631854200,1201.95,1202.35,1201.6,1202.05,29797
1631854500,1202.0,1203.0,1201.1,1201.55,37328
1631854800,1201.55,1201.55,1199.45,1200.25,33222
1631855100,1200.15,1200.35,1199.65,1200.0,23529
1631855400,1200.0,1202.5,1199.9,1201.35,26682
1631855700,1201.35,1202.0,1199.9,1200.4,39194
1631856000,1200.55,1201.5,1199.45,1200.7,26788
1631856300,1200.7,1201.0,1199.65,1200.35,27593
1631856600,1200.4,1202.55,1199.75,1201.8,39404
1631856900,1201.9,1202.0,1200.0,1200.25,24938
1631857200,1200.2,1200.25,1199.85,1200.2,29897
1631857500,1200.1,1200.2,1193.1,1194.5,58587
1631857800,1194.5,1195.85,1193.1,1194.1,34432
1631858100,1194.1,1194.1,1191.25,1192.2,42788
1631858400,1192.2,1193.9,1191.55,1193.05,36715
1631858700,1193.15,1193.5,1191.2,1192.95,37075
1631859000,1193.0,1194.5,1191.0,1193.0,53230
1631859300,1193.0,1195.75,1192.0,1194.0,45778
1631859600,1194.0,1196.5,1193.55,1195.55,54769
1631859900,1195.5,1197.9,1193.9,1197.6,119547
1631860200,1197.6,1199.0,1196.1,1198.45,125521
1631860500,1198.7,1199.45,1195.0,1197.8,177387
1631860800,1197.8,1200.0,1195.45,1197.1,44805
1631861100,1197.05,1197.1,1192.15,1192.25,35328
1631861400,1192.2,1194.0,1192.15,1192.75,21245
1631861700,1192.75,1195.0,1192.0,1195.0,28186
1631862000,1194.6,1195.0,1192.05,1193.7,26849
1631862300,1193.6,1193.6,1190.1,1192.45,41697
1631862600,1192.45,1193.25,1190.45,1190.45,23058
1631862900,1190.35,1190.6,1187.0,1188.0,56939
1631863200,1188.0,1188.1,1185.35,1185.55,28157
1631863500,1185.55,1185.8,1183.45,1185.25,61817
1631863800,1185.25,1189.7,1185.25,1189.45,35182
1631864100,1189.45,1190.0,1186.05,1186.1,41090
1631864400,1186.05,1189.35,1185.15,1189.15,26850
1631864700,1189.05,1190.0,1188.35,1189.05,29191
1631865000,1188.8,1190.0,1188.5,1188.75,19295
1631865300,1188.75,1191.25,1188.35,1190.95,20706
1631865600,1190.95,1190.95,1188.3,1188.65,25400
1631865900,1188.65,1191.15,1188.6,1188.95,19061
1631866200,1189.0,1193.4,1189.0,1192.7,27835
1631866500,1192.65,1195.6,1191.95,1194.85,40564
1631866800,1194.85,1195.25,1193.15,1193.3,22550
1631867100,1193.3,1193.4,1190.5,1191.05,20476
1631867400,1191.05,1191.6,1188.9,1191.05,24097
1631867700,1191.05,1194.9,1191.05,1192.6,22084
1631868000,1192.6,1194.2,1191.0,1193.7,24115
1631868300,1193.7,1195.0,1192.9,1194.1,21637
1631868600,1194.1,1195.0,1191.0,1191.05,22416
1631868900,1191.05,1191.4,1188.25,1188.7,29918
1631869200,1189.0,1190.75,1186.7,1188.0,24359
1631869500,1188.0,1189.45,1187.0,1188.95,31981
1631869800,1188.95,1189.65,1187.0,1188.4,28676
1631870100,1188.75,1191.1,1188.0,1191.1,21664
1631870400,1191.1,1193.25,1190.95,1192.6,36098
1631870700,1192.6,1195.0,1192.6,1194.3,59093
1631871000,1194.3,1200.9,1194.3,1196.75,160316
1631871300,1196.75,1201.45,1196.55,1199.85,127737
1631871600,1199.85,1202.4,1199.3,1200.0,143803
1631871900,1200.0,1201.9,1195.55,1197.45,125376
1631872200,1197.4,1197.9,1193.15,1196.55,97535
1631872500,1196.95,1199.95,1195.25,1198.95,86692
1632109500,1189.85,1198.7,1177.15,1190.45,89978
1632109800,1190.45,1191.75,1188.35,1189.85,47383
1632110100,1189.75,1190.05,1186.0,1186.25,26016
1632110400,1186.25,1190.5,1186.25,1189.35,35292
1632110700,1189.35,1190.05,1187.25,1189.25,36185
1632111000,1189.25,1190.95,1188.0,1188.5,33706
1632111300,1188.6,1189.0,1187.0,1187.15,20038
1632111600,1187.65,1187.65,1185.55,1186.3,17821
1632111900,1186.5,1186.5,1184.6,1185.95,20931
1632112200,1185.95,1187.35,1185.5,1186.5,16743
1632112500,1186.6,1190.5,1186.45,1190.15,24365
1632112800,1190.5,1190.7,1187.9,1188.0,26071
1632113100,1188.15,1193.75,1188.0,1192.75,99393
1632113400,1193.3,1194.75,1191.6,1194.5,65247
1632113700,1194.5,1195.55,1191.95,1193.0,165548
1632114000,1193.0,1194.7,1192.3,1194.25,44600
1632114300,1194.15,1194.7,1192.2,1193.0,74859
1632114600,1192.7,1194.75,1192.2,1193.3,16503
1632114900,1193.85,1193.9,1192.0,1193.15,10015
1632115200,1193.15,1194.0,1192.5,1193.5,12447
1632115500,1194.0,1194.0,1192.25,1192.25,45195
1632115800,1192.25,1194.3,1192.25,1192.7,12129
1632116100,1192.7,1194.2,1192.55,1193.0,10908
1632116400,1193.1,1193.45,1192.25,1192.25,8846
1632116700,1192.25,1193.25,1192.15,1193.0,7390
1632117000,1193.0,1193.05,1190.0,1191.1,19536
1632117300,1191.35,1192.1,1189.5,1189.75,25634
1632117600,1190.0,1190.0,1188.0,1188.0,20054
1632117900,1188.0,1189.8,1186.25,1186.45,36258
1632118200,1186.45,1188.55,1186.45,1187.6,22524
1632118500,1187.6,1188.2,1185.05,1185.2,21967
1632118800,1185.2,1186.95,1185.0,1185.8,15265
1632119100,1185.8,1185.85,1184.1,1184.8,14558
1632119400,1184.85,1185.0,1184.0,1184.3,11616
1632119700,1184.3,1186.25,1184.0,1185.1,16799
1632120000,1185.1,1188.95,1184.6,1186.85,15127
1632120300,1186.85,1187.85,1185.6,1186.3,13090
1632120600,1186.25,1187.7,1185.6,1187.1,9936
1632120900,1187.35,1189.35,1186.6,1189.0,13765
1632121200,1189.0,1189.0,1187.65,1188.4,11273
1632121500,1188.75,1190.0,1188.05,1188.4,17360
1632121800,1188.4,1189.35,1187.1,1187.1,13897
1632122100,1187.1,1188.9,1186.0,1186.0,33345
1632122400,1186.4,1186.4,1184.3,1184.35,15918
1632122700,1184.35,1186.35,1183.1,1186.35,17092
1632123000,1186.4,1187.3,1182.05,1182.75,25015
1632123300,1182.4,1183.5,1182.05,1183.45,13095
1632123600,1183.45,1187.0,1181.55,1185.45,21746
1632123900,1185.45,1188.0,1184.1,1186.8,16543
1632124200,1186.65,1187.8,1184.15,1184.7,15358
1632124500,1184.6,1185.0,1182.35,1183.7,9750
1632124800,1183.45,1185.0,1182.7,1183.8,13273
1632125100,1183.95,1184.95,1182.85,1184.55,9253
1632125400,1184.35,1185.6,1184.0,1185.0,17783
1632125700,1185.0,1185.95,1184.0,1185.0,12238
1632126000,1185.15,1185.7,1184.15,1185.0,10072
1632126300,1185.0,1186.5,1182.9,1185.8,36907
1632126600,1185.8,1186.95,1182.45,1184.25,32456
1632126900,1183.65,1185.8,1180.45,1181.5,91145
1632127200,1181.5,1182.5,1178.85,1180.7,35924
1632127500,1180.75,1184.8,1178.45,1184.5,32558
1632127800,1184.55,1184.55,1179.95,1181.0,25714
1632128100,1181.0,1185.85,1180.0,1183.4,43596
1632128400,1183.65,1186.05,1182.4,1184.2,20439
1632128700,1184.35,1184.35,1179.0,1181.0,26960
1632129000,1180.8,1181.55,1179.1,1180.25,7556
1632129300,1180.25,1180.25,1177.0,1178.75,11315
1632129600,1178.75,1179.9,1177.0,1179.55,17931
1632129900,1179.55,1182.0,1177.9,1178.5,17986
1632130200,1178.5,1180.0,1177.7,1178.45,12013
1632130500,1178.5,1179.8,1175.95,1176.05,16717
1632130800,1176.05,1179.8,1175.3,1179.65,25819
1632131100,1179.4,1179.4,1177.2,1177.75,27758
1632131400,1178.2,1178.4,1175.0,1177.4,61416
1632131700,1177.4,1178.45,1174.0,1174.0,72995
1632195900,1189.0,1195.95,1182.3,1184.05,168724
1632196200,1183.1,1184.1,1178.0,1182.0,50780
1632196500,1182.0,1184.2,1181.05,1181.8,24013
1632196800,1181.05,1185.4,1181.05,1184.5,29337
1632197100,1184.65,1184.65,1183.45,1184.0,21320
1632197400,1184.65,1185.8,1183.65,1184.05,18949
1632197700,1184.05,1185.0,1183.45,1184.05,23311
1632198000,1184.05,1184.9,1183.25,1184.0,19155
1632198300,1184.0,1184.35,1180.15,1180.85,17006
1632198600,1180.4,1183.35,1179.1,1182.7,29725
1632198900,1182.7,1183.2,1181.1,1181.95,13308
1632199200,1182.0,1183.95,1180.05,1183.45,21371
1632199500,1184.0,1185.0,1179.1,1181.0,33983
1632199800,1181.0,1181.15,1179.0,1179.75,21272
1632200100,1179.75,1180.35,1177.0,1178.35,34288
1632200400,1178.65,1180.35,1178.1,1180.0,23979
1632200700,1179.9,1181.3,1179.45,1180.0,22658
1632201000,1180.0,1181.25,1179.2,1180.1,25955
1632201300,1180.1,1185.0,1179.9,1183.45,39507
1632201600,1183.45,1184.0,1180.4,1181.85,19448
1632201900,1181.85,1182.65,1178.55,1179.75,23840
1632202200,1179.25,1180.6,1179.15,1179.85,21204
1632202500,1179.8,1181.5,1179.4,1180.6,26876
1632202800,1180.6,1180.95,1179.6,1179.75,17823
1632203100,1179.75,1179.8,1177.1,1178.5,26457
1632203400,1178.6,1179.5,1176.0,1177.2,24693
1632203700,1177.3,1177.3,1173.4,1174.4,35303
1632204000,1174.4,1176.0,1173.0,1173.8,28015
1632204300,1173.8,1173.8,1170.9,1172.8,17348
1632204600,1172.8,1180.0,1172.8,1178.8,49351
1632204900,1178.8,1180.5,1175.55,1175.55,25424
1632205200,1175.55,1177.0,1174.25,1174.25,19100
1632205500,1174.7,1178.55,1174.45,1178.55,22238
1632205800,1178.55,1181.9,1178.5,1181.05,16810
1632206100,1181.05,1183.4,1180.65,1182.25,21079
1632206400,1182.25,1182.7,1180.0,1180.15,12048
1632206700,1180.15,1181.0,1178.55,1180.25,17195
1632207000,1180.2,1181.0,1179.3,1180.45,10163
1632207300,1180.45,1181.9,1179.55,1181.35,14699
1632207600,1181.65,1183.4,1180.55,1182.95,11900
1632207900,1182.95,1185.5,1182.8,1183.75,23638
1632208200,1183.8,1185.8,1182.7,1184.1,50615
1632208500,1184.5,1184.75,1183.15,1184.3,17670
1632208800,1184.3,1184.85,1183.25,1183.75,15918
1632209100,1183.75,1184.95,1183.15,1183.6,19127
1632209400,1184.0,1184.5,1182.35,1184.2,16445
1632209700,1184.5,1184.75,1183.45,1184.55,14554
1632210000,1184.55,1185.05,1182.85,1184.35,34207
1632210300,1184.15,1185.25,1183.25,1184.05,12294
1632210600,1184.05,1184.95,1183.15,1184.3,14933
1632210900,1184.3,1185.0,1183.2,1184.25,13578
1632211200,1184.25,1184.8,1183.0,1184.05,11574
1632211500,1184.05,1184.5,1183.45,1184.0,12195
1632211800,1183.95,1185.15,1183.4,1185.15,8520
1632212100,1185.15,1185.25,1184.0,1185.0,10208
1632212400,1185.0,1185.0,1183.2,1184.2,13905
1632212700,1184.2,1184.7,1183.8,1184.7,10263
1632213000,1184.7,1184.95,1183.9,1184.0,7871
1632213300,1184.4,1185.0,1183.95,1184.4,12860
1632213600,1184.3,1184.35,1183.85,1184.2,15068
1632213900,1184.2,1185.25,1184.05,1184.75,11386
1632214200,1184.75,1184.75,1183.9,1184.45,10198
1632214500,1184.05,1184.65,1183.25,1184.6,10916
1632214800,1184.6,1184.75,1183.4,1184.1,8123
1632215100,1184.1,1185.5,1183.8,1185.1,236201
1632215400,1185.2,1185.5,1184.05,1185.0,21972
1632215700,1185.0,1185.9,1184.0,1185.0,18117
1632216000,1185.0,1185.35,1184.35,1184.35,15215
1632216300,1184.35,1185.5,1184.0,1184.45,19694
1632216600,1184.45,1186.0,1184.45,1186.0,23559
1632216900,1186.0,1186.0,1184.25,1184.85,15885
1632217200,1184.9,1185.0,1184.0,1185.0,89056
1632217500,1185.0,1185.5,1183.8,1184.15,31879
1632217800,1184.1,1184.95,1183.35,1184.65,22897
1632218100,1184.6,1186.0,1184.0,1184.35,138525
1632282300,1184.6,1194.95,1180.8,1192.75,58495
1632282600,1192.75,1203.55,1192.75,1195.15,122318
1632282900,1195.0,1195.0,1190.0,1191.75,31050
1632283200,1191.75,1194.0,1186.25,1186.35,54333
1632283500,1186.35,1188.9,1185.0,1185.0,50846
1632283800,1185.0,1187.95,1185.0,1186.55,16678
1632284100,1186.55,1189.3,1186.15,1187.35,21652
1632284400,1187.35,1188.45,1185.0,1185.1,19285
1632284700,1185.1,1187.0,1185.0,1186.45,16251
1632285000,1186.55,1187.0,1185.1,1185.35,15129
1632285300,1185.55,1185.9,1182.7,1183.1,23663
1632285600,1183.1,1184.0,1181.2,1182.25,22424
1632285900,1182.25,1183.0,1180.6,1181.85,23629
1632286200,1182.0,1182.65,1181.0,1181.05,17676
1632286500,1181.9,1182.2,1179.5,1179.5,14646
1632286800,1179.5,1180.0,1177.75,1179.95,15900
1632287100,1179.95,1183.4,1179.75,1182.55,27151
1632287400,1182.55,1187.35,1181.65,1187.05,27134
1632287700,1187.05,1189.95,1185.85,1189.85,21080
1632288000,1189.9,1190.0,1187.8,1188.6,13525
1632288300,1188.6,1189.45,1188.15,1188.3,13040
1632288600,1188.3,1188.45,1185.0,1185.65,11035
1632288900,1185.65,1187.5,1185.35,1185.95,16850
1632289200,1185.95,1186.7,1185.25,1185.7,16104
1632289500,1185.7,1185.7,1182.2,1182.9,19601
1632289800,1182.9,1184.7,1182.7,1183.5,17088
1632290100,1183.5,1184.35,1182.55,1183.9,10996
1632290400,1183.9,1185.1,1183.65,1184.9,13513
1632290700,1184.9,1186.65,1183.45,1185.85,12169
1632291000,1185.85,1186.2,1184.9,1185.9,15272
1632291300,1185.9,1186.6,1185.3,1185.45,13383
1632291600,1185.5,1186.35,1185.0,1185.5,16097
1632291900,1185.5,1186.2,1185.15,1185.85,14808
1632292200,1185.85,1187.65,1185.5,1186.0,18082
1632292500,1186.05,1186.65,1185.6,1186.2,10307
1632292800,1186.2,1187.45,1185.85,1187.25,11358
1632293100,1187.25,1188.0,1186.8,1187.9,12372
1632293400,1187.9,1189.0,1187.15,1188.65,10794
1632293700,1188.9,1194.65,1188.8,1191.65,50084
1632294000,1191.65,1192.7,1189.75,1191.0,14268
1632294300,1191.0,1192.5,1189.55,1192.2,15305
1632294600,1192.2,1195.0,1190.65,1192.9,27185
1632294900,1192.6,1193.0,1190.9,1191.45,7952
1632295200,1191.35,1192.0,1190.4,1191.05,8984
1632295500,1191.0,1197.35,1190.7,1197.0,61800
1632295800,1197.05,1197.25,1192.35,1192.55,22082
1632296100,1192.55,1195.95,1192.55,1195.6,8127
1632296400,1195.6,1195.8,1193.15,1194.5,7540
1632296700,1194.7,1195.85,1194.35,1195.7,11431
1632297000,1194.65,1195.4,1193.2,1193.5,4382
1632297300,1193.5,1194.4,1191.65,1193.8,9116
1632297600,1193.8,1194.95,1193.75,1194.8,5455
1632297900,1194.8,1195.5,1194.15,1194.35,4868
1632298200,1194.35,1195.0,1193.5,1194.95,4665
1632298500,1194.95,1195.6,1194.15,1195.35,9429
1632298800,1195.35,1195.6,1194.45,1194.45,5305
1632299100,1194.45,1195.5,1193.0,1195.0,11761
1632299400,1195.45,1197.5,1194.8,1196.0,13971
1632299700,1196.3,1197.45,1195.5,1196.15,12835
1632300000,1196.15,1196.2,1194.05,1194.45,6625
1632300300,1194.6,1194.6,1191.0,1192.35,11244
1632300600,1192.35,1194.45,1191.8,1193.0,9259
1632300900,1193.1,1195.1,1193.1,1194.55,10056
1632301200,1195.0,1196.25,1194.05,1195.75,18913
1632301500,1195.75,1196.55,1193.0,1193.3,7886
1632301800,1193.55,1194.95,1193.0,1194.2,8217
1632302100,1194.2,1194.75,1188.45,1189.65,18655
1632302400,1189.65,1191.05,1189.15,1190.5,13092
1632302700,1190.5,1191.5,1188.65,1191.5,9437
1632303000,1191.5,1192.6,1190.35,1192.0,16180
1632303300,1191.65,1192.4,1190.8,1191.8,8489
1632303600,1191.8,1192.35,1191.0,1191.05,9666
1632303900,1191.2,1192.2,1190.95,1191.75,19058
1632304200,1191.8,1192.4,1191.05,1191.3,28386
1632304500,1191.3,1192.85,1188.45,1189.15,20130
1632368700,1224.0,1224.0,1201.35,1201.35,193027
1632369000,1201.75,1205.15,1200.0,1200.55,65221
1632369300,1200.2,1204.6,1198.5,1200.5,49854
1632369600,1200.5,1201.75,1199.0,1199.0,20424
1632369900,1199.4,1205.0,1199.0,1202.6,69295
1632370200,1204.0,1206.95,1202.6,1205.45,41064
1632370500,1205.35,1205.4,1201.75,1202.6,232928
1632370800,1202.6,1205.35,1202.45,1204.1,12692
1632371100,1204.1,1210.95,1203.9,1209.4,70660
1632371400,1209.3,1210.0,1207.0,1209.3,18884
1632371700,1209.35,1209.35,1206.0,1207.95,248392
1632372000,1207.95,1208.85,1206.8,1208.55,17217
1632372300,1208.55,1211.45,1207.25,1208.7,59510
1632372600,1208.7,1210.75,1206.15,1206.7,191146
1632372900,1206.15,1206.4,1204.8,1205.5,34721
1632373200,1206.15,1206.2,1204.1,1206.0,61874
1632373500,1206.0,1206.05,1202.5,1205.2,14258
1632373800,1205.2,1205.85,1204.4,1205.05,10136
1632374100,1205.05,1206.0,1204.55,1205.35,10910
1632374400,1205.35,1206.0,1205.0,1205.45,9680
1632374700,1205.45,1206.15,1205.2,1205.45,5858
1632375000,1205.45,1205.95,1204.9,1204.95,8890
1632375300,1205.0,1207.35,1204.65,1207.35,27676
1632375600,1207.55,1207.95,1205.65,1206.75,7592
1632375900,1206.75,1206.8,1205.1,1205.6,5395
1632376200,1205.6,1207.95,1205.0,1207.25,19059
1632376500,1206.9,1209.8,1206.8,1209.25,22379
1632376800,1209.4,1209.45,1207.7,1207.7,5888
1632377100,1207.7,1208.2,1207.05,1207.25,7789
1632377400,1207.25,1207.35,1206.0,1207.1,9173
1632377700,1207.1,1207.6,1206.5,1207.1,7133
1632378000,1207.1,1208.35,1206.95,1207.75,6271
1632378300,1207.75,1207.9,1206.65,1207.0,1820
1632378600,1207.2,1208.95,1207.0,1208.65,8840
1632378900,1208.65,1209.1,1207.4,1208.8,6550
1632379200,1208.8,1210.5,1208.0,1210.35,18904
1632379500,1210.35,1212.0,1209.6,1210.65,18163
1632379800,1210.65,1212.0,1210.4,1211.5,11773
1632380100,1211.5,1211.9,1210.95,1211.35,15504
1632380400,1211.9,1215.0,1211.4,1214.2,43021
1632380700,1214.1,1215.65,1213.95,1215.05,20048
1632381000,1215.3,1216.0,1212.4,1213.7,28796
1632381300,1213.7,1215.6,1213.7,1215.4,11091
1632381600,1215.4,1216.0,1214.85,1214.9,18636
1632381900,1214.9,1215.85,1214.75,1215.0,12363
1632382200,1215.0,1215.0,1210.1,1210.4,21547
1632382500,1209.85,1213.0,1209.3,1211.6,12230
1632382800,1211.2,1213.95,1211.2,1212.3,11256
1632383100,1212.3,1214.0,1210.15,1213.45,13160
1632383400,1213.45,1214.35,1211.35,1212.1,10722
1632383700,1212.1,1213.75,1212.05,1213.35,4343
1632384000,1213.35,1213.35,1210.8,1211.15,8212
1632384300,1211.15,1212.25,1209.3,1209.6,8235
1632384600,1210.0,1210.0,1207.45,1208.65,15529
1632384900,1208.5,1208.9,1207.2,1207.55,8137
1632385200,1208.0,1208.65,1207.3,1208.0,8746
1632385500,1208.0,1208.8,1208.0,1208.65,6111
1632385800,1208.4,1211.65,1207.6,1210.2,27648
1632386100,1210.75,1211.45,1208.7,1209.55,7246
1632386400,1209.55,1210.65,1209.55,1210.05,9563
1632386700,1210.15,1210.8,1209.8,1210.4,8801
1632387000,1210.4,1212.35,1210.0,1212.0,15540
1632387300,1212.3,1213.5,1211.9,1213.0,14135
1632387600,1213.0,1213.85,1212.05,1212.25,13919
1632387900,1212.7,1215.9,1211.95,1215.2,28266
1632388200,1215.2,1218.45,1215.15,1217.65,62299
1632388500,1217.85,1218.0,1215.35,1217.05,34624
1632388800,1217.6,1218.5,1217.0,1217.65,30092
1632389100,1217.65,1218.6,1217.4,1218.15,40040
1632389400,1218.2,1218.3,1215.55,1217.6,55075
1632389700,1217.75,1218.85,1217.6,1218.3,43466
1632390000,1218.05,1219.35,1217.55,1218.6,54777
1632390300,1218.55,1219.35,1218.1,1219.15,86069
1632390600,1219.25,1219.65,1217.3,1218.45,61933
1632390900,1218.4,1218.7,1214.15,1216.0,37687
1632455100,1219.0,1221.45,1211.65,1220.45,44640
1632455400,1221.15,1221.15,1208.6,1209.75,24098
1632455700,1209.75,1215.0,1209.25,1211.6,11569
1632456000,1212.2,1212.25,1209.25,1210.35,13995
1632456300,1211.25,1213.0,1210.0,1210.8,5879
1632456600,1210.8,1211.0,1208.0,1208.95,9795
1632456900,1209.45,1209.45,1207.6,1208.55,5616
1632457200,1209.1,1211.55,1208.55,1209.85,7456
1632457500,1209.95,1211.9,1209.3,1211.8,9405
1632457800,1211.0,1214.0,1211.0,1213.0,19340
1632458100,1213.0,1215.25,1210.1,1212.0,13793
1632458400,1212.5,1215.0,1210.3,1210.3,16767
1632458700,1210.3,1215.0,1210.05,1213.0,10012
1632459000,1213.0,1215.9,1212.05,1214.0,65754
1632459300,1214.1,1215.55,1213.4,1214.05,7852
1632459600,1213.05,1214.9,1212.7,1213.55,5238
1632459900,1213.55,1219.0,1212.0,1217.75,12150
1632460200,1217.75,1225.8,1217.65,1225.05,114739
1632460500,1225.05,1226.8,1223.45,1225.6,20106
1632460800,1225.55,1235.0,1225.35,1232.1,118981
1632461100,1232.15,1238.55,1231.95,1237.45,184910
1632461400,1237.5,1237.9,1230.0,1232.3,93431
1632461700,1231.35,1232.35,1227.0,1228.0,28110
1632462000,1227.6,1232.95,1227.4,1232.5,21327
1632462300,1233.0,1233.0,1231.0,1232.7,26186
1632462600,1232.8,1232.85,1230.1,1231.45,19022
1632462900,1231.0,1232.15,1229.4,1229.4,18398
1632463200,1229.4,1231.25,1229.4,1230.1,15331
1632463500,1230.1,1232.6,1230.0,1231.0,18643
1632463800,1231.0,1233.0,1231.0,1231.8,19226
1632464100,1231.3,1232.65,1230.0,1231.0,20194
1632464400,1231.0,1232.65,1228.15,1229.95,26267
1632464700,1229.95,1232.0,1228.9,1229.65,18043
1632465000,1229.2,1230.4,1228.55,1229.1,18035
1632465300,1229.6,1231.2,1229.45,1230.6,9547
1632465600,1230.55,1230.95,1230.0,1230.0,7345
1632465900,1230.0,1231.4,1230.0,1230.2,7783
1632466200,1230.2,1232.85,1230.2,1231.5,11823
1632466500,1232.3,1233.55,1229.4,1231.0,29738
1632466800,1231.0,1233.5,1230.45,1231.45,12318
1632467100,1231.4,1232.6,1230.3,1230.35,6410
1632467400,1230.35,1231.35,1227.05,1227.1,16752
1632467700,1227.5,1227.5,1225.0,1226.2,18916
1632468000,1226.2,1229.2,1226.1,1226.15,10503
1632468300,1226.15,1226.15,1220.65,1223.9,34478
1632468600,1223.9,1223.95,1221.3,1222.05,18564
1632468900,1222.05,1222.55,1220.2,1220.2,18505
1632469200,1220.25,1225.0,1220.2,1225.0,13184
1632469500,1225.55,1226.25,1223.5,1224.75,17370
1632469800,1224.75,1226.0,1222.9,1223.55,13687
1632470100,1223.55,1224.05,1220.2,1220.35,12767
1632470400,1220.45,1220.7,1216.55,1218.2,28005
1632470700,1218.2,1221.75,1218.2,1218.5,14796
1632471000,1219.35,1219.9,1216.9,1219.9,12570
1632471300,1219.9,1223.85,1219.05,1223.55,7325
1632471600,1223.1,1224.65,1221.5,1222.8,5794
1632471900,1222.8,1223.0,1221.75,1223.0,1928
1632472200,1223.0,1223.9,1221.95,1222.2,4204
1632472500,1222.2,1222.2,1218.0,1220.7,7233
1632472800,1220.7,1223.0,1220.1,1221.8,5652
1632473100,1222.35,1223.0,1221.4,1223.0,2383
1632473400,1223.0,1223.15,1220.3,1222.3,7107
1632473700,1222.3,1224.25,1222.0,1222.0,5257
1632474000,1222.0,1222.8,1220.0,1220.95,8252
1632474300,1221.0,1224.95,1220.65,1223.6,5592
1632474600,1223.6,1226.0,1223.6,1226.0,4669
1632474900,1226.0,1227.5,1225.25,1226.95,5025
1632475200,1226.95,1230.55,1226.65,1229.25,33418
1632475500,1229.25,1230.5,1228.05,1230.0,28984
1632475800,1230.0,1231.5,1222.5,1225.55,25599
1632476100,1225.55,1225.9,1222.4,1222.9,15851
1632476400,1223.15,1225.55,1222.15,1224.45,21265
1632476700,1224.45,1225.1,1220.05,1221.3,33503
1632477000,1221.5,1222.2,1218.65,1219.1,44577
1632477300,1218.45,1224.0,1216.0,1217.95,45419
1632714300,1229.95,1233.0,1221.9,1223.95,28527
1632714600,1224.9,1229.4,1224.8,1226.25,10110
1632714900,1226.25,1226.9,1222.05,1222.15,14647
1632715200,1222.15,1224.0,1220.55,1221.4,6171
1632715500,1221.4,1222.15,1217.95,1219.15,13466
1632715800,1219.85,1220.55,1217.8,1220.05,4886
1632716100,1219.9,1223.0,1219.6,1221.8,7475
1632716400,1222.4,1222.5,1220.7,1222.5,2566
1632716700,1223.0,1223.2,1220.0,1220.05,5728
1632717000,1220.65,1222.1,1220.15,1221.15,6584
1632717300,1221.15,1222.1,1220.0,1221.2,5526
1632717600,1221.2,1221.95,1220.0,1220.5,4771
1632717900,1220.5,1221.05,1220.0,1220.0,8734
1632718200,1220.4,1220.4,1213.8,1215.5,17862
1632718500,1215.45,1216.55,1213.1,1215.0,8651
1632718800,1215.0,1215.5,1213.7,1215.5,14626
1632719100,1215.4,1216.6,1214.2,1214.2,10690
1632719400,1214.2,1215.55,1213.35,1214.25,5939
1632719700,1214.25,1215.0,1213.35,1214.4,4509
1632720000,1215.0,1216.0,1214.25,1215.0,9162
1632720300,1215.0,1216.05,1213.65,1214.95,7667
1632720600,1214.95,1215.0,1214.6,1214.95,5252
1632720900,1214.75,1215.9,1214.55,1215.3,12189
1632721200,1215.3,1216.0,1213.85,1215.1,10865
1632721500,1215.0,1215.25,1214.15,1215.0,5377
1632721800,1215.0,1215.05,1213.75,1214.9,8839
1632722100,1215.0,1215.3,1214.4,1214.8,9244
1632722400,1215.2,1216.0,1214.45,1214.8,5513
1632722700,1214.8,1214.8,1213.6,1214.0,2181
1632723000,1214.0,1215.05,1214.0,1215.05,5848
1632723300,1215.05,1215.35,1214.0,1214.0,11812
1632723600,1214.0,1214.7,1213.6,1214.0,2938
1632723900,1214.0,1215.95,1213.6,1215.05,5160
1632724200,1215.05,1216.25,1215.05,1216.25,1999
1632724500,1216.0,1219.35,1216.0,1218.6,5966
1632724800,1218.6,1218.6,1216.3,1216.45,2473
1632725100,1216.45,1218.25,1216.1,1216.75,2139
1632725400,1216.75,1217.0,1216.05,1216.2,7220
1632725700,1216.2,1217.0,1213.35,1214.0,13463
1632726000,1214.0,1214.0,1211.2,1212.8,14581
1632726300,1212.75,1213.45,1212.05,1212.15,9468
1632726600,1212.2,1214.35,1208.85,1209.8,40762
1632726900,1209.6,1213.15,1209.6,1212.0,12707
1632727200,1212.0,1214.6,1211.7,1214.0,10033
1632727500,1214.0,1214.3,1212.5,1212.7,4484
1632727800,1213.0,1215.0,1212.4,1215.0,4404
1632728100,1214.6,1216.7,1214.2,1214.4,4948
1632728400,1214.4,1215.9,1214.4,1215.25,6447
1632728700,1214.95,1218.95,1214.6,1217.55,5350
1632729000,1217.55,1218.25,1217.05,1217.05,1130
1632729300,1217.55,1217.6,1216.6,1216.95,5740
1632729600,1217.4,1218.0,1216.9,1217.8,1960
1632729900,1217.9,1219.0,1217.7,1218.15,3773
1632730200,1218.5,1220.45,1218.15,1220.35,4207
1632730500,1220.3,1220.3,1218.5,1218.9,2828
1632730800,1218.9,1220.0,1218.5,1219.3,5158
1632731100,1219.15,1219.15,1216.8,1218.5,7075
1632731400,1218.5,1219.5,1217.2,1219.0,16288
1632731700,1219.0,1221.15,1218.75,1221.15,8715
1632732000,1221.15,1222.0,1218.75,1218.8,6346
1632732300,1218.8,1220.95,1218.6,1220.95,6882
1632732600,1221.0,1221.7,1219.3,1220.8,7927
1632732900,1221.25,1221.25,1219.45,1220.15,7516
1632733200,1220.15,1220.15,1218.55,1219.2,7562
1632733500,1219.6,1222.2,1219.0,1221.55,13606
1632733800,1221.55,1223.15,1220.0,1220.95,13112
1632734100,1220.95,1222.4,1220.1,1222.25,17744
1632734400,1222.5,1222.75,1222.05,1222.3,5240
1632734700,1222.65,1223.5,1222.05,1223.35,4408
1632735000,1223.5,1224.7,1222.05,1224.4,17610
1632735300,1224.8,1224.8,1222.85,1224.0,17721
1632735600,1224.0,1225.2,1223.2,1223.55,28672
1632735900,1223.6,1223.6,1221.6,1222.45,17957
1632736200,1222.45,1222.95,1221.05,1222.25,25696
1632736500,1222.25,1222.95,1219.45,1222.2,38217
1632800700,1222.5,1228.5,1222.4,1226.3,33131
1632801000,1225.8,1229.15,1225.0,1226.6,16216
1632801300,1226.6,1226.6,1221.6,1221.6,12822
1632801600,1221.1,1221.4,1215.1,1220.95,45427
1632801900,1220.95,1224.4,1219.95,1222.5,11805
1632802200,1222.5,1222.5,1220.0,1220.85,5266
1632802500,1220.85,1226.4,1220.45,1225.55,24484
1632802800,1225.55,1227.9,1224.7,1227.0,11983
1632803100,1227.0,1227.1,1225.0,1226.35,6968
1632803400,1226.35,1226.6,1224.9,1226.55,12189
1632803700,1225.95,1226.85,1225.0,1226.25,8448
1632804000,1226.2,1228.0,1225.0,1226.3,8878
1632804300,1226.6,1226.95,1225.1,1226.55,7703
1632804600,1226.9,1228.75,1226.8,1227.8,12431
1632804900,1227.8,1228.0,1225.8,1227.65,11132
1632805200,1227.45,1227.45,1224.7,1225.45,6316
1632805500,1225.45,1225.45,1223.15,1223.3,10132
1632805800,1223.25,1223.35,1220.1,1220.2,11189
1632806100,1220.2,1220.2,1215.8,1217.95,40197
1632806400,1217.9,1218.15,1216.7,1217.25,23172
1632806700,1217.25,1218.6,1216.3,1216.3,35017
1632807000,1216.3,1217.9,1215.2,1216.15,16139
1632807300,1216.25,1217.4,1215.7,1216.4,24723
1632807600,1216.4,1217.35,1215.95,1216.5,19197
1632807900,1217.0,1217.0,1215.2,1216.05,38549
1632808200,1216.05,1216.9,1215.65,1216.0,12540
1632808500,1216.0,1216.5,1214.35,1215.35,23060
1632808800,1215.35,1218.3,1215.35,1216.05,52520
1632809100,1216.05,1217.75,1215.0,1215.7,22696
1632809400,1215.7,1216.0,1214.4,1215.0,7007
1632809700,1215.0,1215.3,1213.75,1214.95,8669
1632810000,1214.65,1215.0,1214.1,1215.0,5352
1632810300,1214.8,1215.45,1213.55,1214.5,62442
1632810600,1214.5,1215.0,1210.55,1211.45,37441
1632810900,1211.45,1212.85,1210.05,1210.05,28343
1632811200,1210.05,1211.3,1209.0,1210.25,30167
1632811500,1210.25,1210.95,1209.35,1210.1,9103
1632811800,1210.1,1210.1,1202.3,1203.0,35923
1632812100,1203.0,1206.95,1203.0,1206.2,57156
1632812400,1206.0,1208.9,1205.1,1208.6,14248
1632812700,1208.5,1211.75,1207.1,1211.1,11434
1632813000,1211.1,1212.0,1210.7,1211.35,3945
1632813300,1211.35,1211.95,1209.95,1211.75,5124
1632813600,1211.75,1211.9,1210.45,1211.35,3774
1632813900,1211.5,1211.5,1209.5,1211.35,4393
1632814200,1211.35,1211.45,1208.3,1209.95,215492
1632814500,1210.0,1212.0,1208.85,1210.35,9102
1632814800,1210.0,1210.6,1209.3,1209.7,7118
1632815100,1209.7,1212.8,1208.55,1212.45,16214
1632815400,1212.45,1213.0,1210.25,1210.7,4002
1632815700,1210.25,1212.0,1210.0,1212.0,3667
1632816000,1212.0,1213.5,1211.5,1213.05,3337
1632816300,1213.05,1213.95,1212.25,1212.75,5519
1632816600,1212.6,1213.7,1212.0,1212.4,3734
1632816900,1212.4,1213.0,1211.15,1211.15,3866
1632817200,1211.5,1211.5,1208.25,1208.85,108031
1632817500,1208.85,1212.6,1208.85,1212.55,3557
1632817800,1212.6,1213.6,1211.9,1211.9,4001
1632818100,1211.9,1211.9,1209.0,1210.35,4378
1632818400,1210.2,1211.05,1206.3,1208.8,7010
1632818700,1208.8,1208.9,1204.4,1206.3,17239
1632819000,1206.3,1208.65,1204.8,1206.25,20475
1632819300,1206.25,1207.35,1205.65,1206.95,29570
1632819600,1206.95,1207.95,1205.7,1206.9,23228
1632819900,1206.9,1207.9,1204.4,1205.3,21549
1632820200,1205.3,1208.65,1204.35,1207.65,11955
1632820500,1208.35,1208.5,1203.3,1206.5,12360
1632820800,1206.5,1208.75,1204.85,1207.15,12269
1632821100,1207.15,1207.95,1205.0,1207.95,10999
1632821400,1207.95,1211.5,1207.5,1210.05,17643
1632821700,1210.65,1211.85,1209.75,1210.55,16888
1632822000,1211.2,1213.4,1210.35,1212.3,28123
1632822300,1212.05,1212.75,1209.4,1210.75,27943
1632822600,1210.55,1210.85,1208.35,1209.0,29887
1632822900,1207.95,1209.1,1204.4,1204.75,19219
1632887100,1206.0,1214.45,1206.0,1213.0,23722
1632887400,1213.9,1214.8,1208.0,1209.0,11410
1632887700,1209.0,1213.3,1208.2,1213.2,10027
1632888000,1213.2,1213.2,1206.6,1206.8,15304
1632888300,1206.8,1210.35,1206.6,1208.75,10497
1632888600,1208.75,1210.5,1207.8,1208.55,5819
1632888900,1208.55,1209.3,1204.2,1206.35,22425
1632889200,1206.35,1206.85,1202.05,1203.05,16809
1632889500,1203.05,1207.1,1202.6,1204.25,29697
1632889800,1204.25,1205.5,1201.35,1203.35,26848
1632890100,1203.35,1203.95,1200.8,1201.3,19216
1632890400,1201.3,1202.3,1198.4,1200.7,40314
1632890700,1200.9,1207.0,1200.75,1207.0,30302
1632891000,1207.0,1207.0,1203.6,1206.0,35176
1632891300,1206.05,1206.95,1203.8,1203.8,17160
1632891600,1203.5,1205.2,1200.95,1204.65,21657
1632891900,1204.65,1207.5,1204.0,1204.3,28923
1632892200,1204.3,1205.75,1202.95,1204.15,23574
1632892500,1204.15,1206.9,1202.45,1203.15,17142
1632892800,1203.15,1206.6,1202.05,1202.2,25194
1632893100,1202.2,1207.2,1201.0,1206.25,14512
1632893400,1206.0,1208.4,1205.7,1206.2,12191
1632893700,1206.2,1207.35,1203.6,1207.2,14834
1632894000,1207.2,1208.3,1206.1,1206.1,13669
1632894300,1206.1,1207.2,1204.4,1205.5,7977
1632894600,1205.3,1206.0,1202.45,1202.8,11834
1632894900,1202.8,1204.35,1202.4,1202.65,12889
1632895200,1202.65,1204.15,1202.3,1203.3,14603
1632895500,1203.3,1205.95,1202.65,1204.3,16102
1632895800,1204.3,1205.2,1203.7,1203.9,10978
1632896100,1203.9,1205.45,1202.3,1203.15,18771
1632896400,1203.15,1203.3,1196.8,1197.8,107654
1632896700,1197.8,1200.0,1197.4,1198.75,6860
1632897000,1198.75,1202.95,1198.35,1202.95,24213
1632897300,1202.9,1205.0,1202.9,1204.4,16456
1632897600,1204.55,1205.0,1202.65,1204.9,19293
1632897900,1204.9,1205.1,1203.75,1204.65,4777
1632898200,1204.65,1205.2,1203.75,1204.5,6013
1632898500,1204.5,1205.1,1204.05,1204.35,3710
1632898800,1204.35,1205.3,1204.05,1204.7,4146
1632899100,1204.7,1205.1,1203.8,1204.3,5094
1632899400,1204.45,1204.8,1202.75,1203.4,13228
1632899700,1203.4,1203.95,1202.2,1202.85,5206
1632900000,1202.85,1202.85,1201.1,1201.75,5639
1632900300,1201.75,1202.7,1201.25,1202.0,5338
1632900600,1202.0,1203.35,1201.95,1203.35,5545
1632900900,1203.35,1204.1,1202.7,1203.1,3984
1632901200,1203.1,1203.15,1198.65,1199.85,17640
1632901500,1199.85,1200.7,1198.0,1198.0,23875
1632901800,1198.0,1200.0,1198.0,1198.8,8409
1632902100,1198.8,1199.4,1197.45,1199.0,24601
1632902400,1199.0,1200.25,1198.05,1198.8,25910
1632902700,1198.8,1198.8,1196.85,1197.7,12817
1632903000,1197.7,1198.55,1196.9,1197.15,17543
1632903300,1197.3,1200.7,1196.85,1200.7,7337
1632903600,1200.7,1201.0,1197.35,1197.9,10597
1632903900,1197.9,1200.0,1197.5,1199.95,4428
1632904200,1199.95,1200.0,1197.85,1199.1,34258
1632904500,1199.1,1200.0,1198.85,1199.2,9311
1632904800,1199.2,1200.0,1198.75,1198.75,11035
1632905100,1198.75,1200.0,1198.75,1198.75,18049
1632905400,1199.1,1200.4,1197.9,1199.2,41795
1632905700,1199.1,1200.95,1197.75,1200.25,19450
1632906000,1200.25,1201.5,1198.85,1201.25,22840
1632906300,1201.25,1202.45,1200.05,1202.3,12356
1632906600,1202.3,1203.05,1201.0,1202.9,14687
1632906900,1202.9,1204.0,1201.65,1203.5,34945
1632907200,1203.5,1203.95,1202.5,1202.85,5259
1632907500,1202.85,1203.95,1202.0,1203.2,23139
1632907800,1203.4,1205.0,1201.0,1203.15,81643
1632908100,1202.8,1204.75,1201.0,1204.7,72812
1632908400,1204.85,1207.1,1203.0,1206.75,78495
1632908700,1206.7,1209.1,1205.65,1208.95,62363
1632909000,1208.95,1210.65,1208.8,1209.75,86701
1632909300,1209.85,1210.25,1204.0,1208.3,22688
1632973500,1209.15,1213.95,1202.05,1206.0,70808
1632973800,1206.4,1207.05,1199.3,1201.5,34282
1632974100,1201.0,1202.1,1199.2,1201.35,15610
1632974400,1201.35,1205.7,1201.35,1205.6,8979
1632974700,1205.25,1208.75,1205.25,1207.0,9400
1632975000,1207.0,1208.2,1205.0,1206.5,5563
1632975300,1206.5,1209.4,1206.5,1208.15,8535
1632975600,1208.15,1208.15,1204.15,1206.45,9918
1632975900,1206.45,1209.0,1206.45,1208.55,6396
1632976200,1208.75,1209.85,1207.45,1209.6,6352
1632976500,1209.6,1210.05,1208.5,1209.05,12520
1632976800,1208.7,1209.5,1208.1,1209.0,12392
1632977100,1209.0,1209.05,1206.3,1206.3,13313
1632977400,1206.5,1206.85,1205.2,1205.35,3542
1632977700,1205.8,1206.65,1205.15,1206.45,6654
1632978000,1206.45,1207.35,1205.5,1206.6,6013
1632978300,1206.6,1209.05,1206.35,1208.3,6640
1632978600,1208.3,1209.0,1208.1,1208.15,7016
1632978900,1208.15,1208.95,1208.1,1208.1,3125
1632979200,1208.1,1208.1,1206.25,1206.25,5639
1632979500,1206.55,1206.8,1205.0,1205.05,9845
1632979800,1205.0,1206.55,1205.0,1206.3,5188
1632980100,1206.85,1206.85,1202.9,1203.65,50538
1632980400,1203.65,1204.15,1203.0,1203.0,6272
1632980700,1203.05,1203.55,1203.0,1203.4,14165
1632981000,1203.4,1204.8,1203.0,1203.6,11125
1632981300,1203.6,1203.65,1200.75,1201.1,34380
1632981600,1201.1,1203.4,1201.0,1202.35,19390
1632981900,1202.9,1203.7,1202.35,1202.55,19257
1632982200,1202.65,1204.1,1202.5,1202.65,9678
1632982500,1202.65,1202.9,1202.5,1202.5,8832
1632982800,1202.5,1202.8,1201.0,1201.4,35764
1632983100,1201.45,1202.45,1201.25,1201.25,7940
1632983400,1201.8,1202.25,1201.0,1201.45,10422
1632983700,1201.4,1202.05,1201.0,1201.45,8381
1632984000,1201.45,1202.25,1201.3,1201.5,6817
1632984300,1201.85,1202.0,1201.0,1201.05,9260
1632984600,1201.05,1201.35,1200.1,1200.3,10533
1632984900,1200.3,1201.55,1200.05,1200.3,9997
1632985200,1200.55,1201.1,1199.75,1199.75,16015
1632985500,1200.0,1200.95,1199.65,1200.0,13048
1632985800,1200.05,1200.05,1196.75,1198.1,21082
1632986100,1198.05,1200.0,1197.9,1198.75,8275
1632986400,1198.75,1200.0,1198.65,1199.55,5614
1632986700,1200.0,1200.0,1199.15,1199.35,5597
1632987000,1199.35,1200.0,1199.3,1199.65,9560
1632987300,1200.0,1200.0,1199.05,1199.55,6605
1632987600,1199.55,1201.4,1199.4,1200.0,16021
1632987900,1199.95,1199.95,1197.8,1198.8,6295
1632988200,1199.1,1199.1,1198.45,1198.95,3291
1632988500,1199.0,1200.0,1198.5,1199.6,15294
1632988800,1200.0,1201.7,1199.1,1199.95,6073
1632989100,1199.95,1200.5,1199.5,1199.65,1714
1632989400,1200.05,1200.4,1199.6,1200.0,1251
1632989700,1200.05,1203.7,1200.0,1202.7,6219
1632990000,1202.6,1203.5,1201.9,1202.7,13299
1632990300,1202.7,1203.95,1202.4,1202.5,9821
1632990600,1202.5,1204.5,1202.5,1204.0,4510
1632990900,1204.25,1206.25,1203.7,1205.6,28776
1632991200,1205.65,1206.75,1205.2,1205.2,4859
1632991500,1205.55,1208.5,1205.25,1207.95,9127
1632991800,1207.95,1208.75,1206.5,1207.5,5281
1632992100,1207.5,1208.45,1205.35,1205.35,10110
1632992400,1205.4,1209.35,1204.45,1208.75,19415
1632992700,1208.75,1211.3,1208.75,1211.0,19972
1632993000,1211.0,1212.5,1210.45,1212.05,17221
1632993300,1212.0,1212.0,1208.9,1210.5,18792
1632993600,1210.5,1213.0,1210.5,1211.1,19305
1632993900,1211.1,1212.95,1209.7,1212.0,58488
1632994200,1212.15,1213.5,1209.45,1213.45,45411
1632994500,1213.05,1214.95,1211.35,1213.05,45157
1632994800,1213.05,1215.4,1213.05,1215.35,43965
1632995100,1215.25,1218.95,1214.9,1215.55,54383
1632995400,1215.55,1218.45,1215.2,1216.55,59693
1632995700,1217.45,1219.0,1209.0,1209.6,61719
1633059900,1204.0,1217.55,1202.9,1208.0,60656
1633060200,1208.8,1211.4,1204.55,1210.45,13019
1633060500,1211.25,1213.1,1208.6,1211.6,16381
1633060800,1211.1,1211.55,1209.0,1209.2,11357
1633061100,1209.2,1209.2,1207.0,1208.5,26035
1633061400,1208.0,1209.25,1206.0,1208.5,9631
1633061700,1208.5,1209.25,1207.0,1209.25,9272
1633062000,1209.25,1209.25,1203.3,1203.55,21322
1633062300,1204.0,1205.5,1201.55,1202.0,15211
1633062600,1202.55,1202.7,1201.0,1202.2,8123
1633062900,1202.2,1205.05,1202.2,1204.0,10756
1633063200,1204.05,1205.4,1201.75,1203.1,15603
1633063500,1203.1,1204.8,1202.55,1203.0,5482
1633063800,1203.0,1204.0,1202.1,1203.35,5284
1633064100,1203.35,1204.0,1202.5,1203.0,5936
1633064400,1202.65,1205.5,1202.1,1204.95,17047
1633064700,1204.95,1205.75,1204.0,1204.95,6401
1633065000,1204.95,1207.75,1204.95,1206.6,9472
1633065300,1206.65,1208.1,1205.75,1206.0,9530
1633065600,1206.1,1209.0,1205.25,1208.3,10258
1633065900,1208.3,1209.95,1208.25,1209.95,7463
1633066200,1209.95,1209.95,1208.2,1209.35,6316
1633066500,1209.35,1209.95,1208.2,1208.35,7902
1633066800,1208.35,1208.35,1206.0,1207.0,7014
1633067100,1206.8,1206.95,1203.5,1203.5,8025
1633067400,1203.4,1207.3,1203.15,1206.7,8257
1633067700,1206.7,1207.25,1204.45,1206.3,5713
1633068000,1206.3,1208.1,1205.8,1207.5,5657
1633068300,1207.55,1207.9,1204.15,1204.35,6649
1633068600,1204.15,1204.5,1203.0,1203.1,7122
1633068900,1203.1,1203.5,1202.15,1202.85,6171
1633069200,1202.5,1203.4,1202.25,1202.75,4937
1633069500,1202.75,1204.4,1202.65,1203.8,4618
1633069800,1203.9,1204.85,1203.5,1203.9,5325
1633070100,1203.85,1203.85,1202.25,1202.8,11503
1633070400,1202.95,1204.35,1202.55,1202.95,7765
1633070700,1202.9,1203.1,1202.0,1202.7,6259
1633071000,1202.8,1204.0,1201.1,1201.25,5775
1633071300,1201.25,1202.25,1200.35,1202.0,9230
1633071600,1202.05,1203.0,1202.0,1202.0,3829
1633071900,1202.0,1202.9,1200.4,1202.1,5940
1633072200,1202.1,1202.7,1201.0,1201.75,6033
1633072500,1201.75,1202.55,1201.0,1202.35,3989
1633072800,1202.3,1202.3,1200.75,1201.3,6781
1633073100,1201.3,1203.35,1201.3,1203.35,6487
1633073400,1203.35,1203.6,1201.4,1202.5,8813
1633073700,1202.5,1203.0,1201.8,1203.0,4782
1633074000,1203.0,1204.5,1202.25,1203.55,5791
1633074300,1203.55,1203.55,1200.8,1201.55,7479
1633074600,1201.55,1203.25,1201.55,1202.6,5027
1633074900,1202.6,1203.75,1202.1,1202.95,7876
1633075200,1202.95,1203.8,1202.2,1203.7,5470
1633075500,1203.65,1203.95,1202.05,1202.05,6917
1633075800,1202.05,1203.0,1202.0,1202.65,7298
1633076100,1202.65,1203.15,1202.15,1202.75,3658
1633076400,1202.75,1203.35,1202.0,1203.0,5799
1633076700,1202.9,1203.25,1202.0,1202.9,10949
1633077000,1202.9,1202.9,1202.0,1202.15,4651
1633077300,1202.5,1203.5,1202.0,1203.5,5532
1633077600,1203.5,1204.55,1201.6,1202.7,10315
1633077900,1202.5,1203.3,1201.0,1201.1,8352
1633078200,1201.1,1202.4,1201.0,1201.1,8784
1633078500,1201.1,1202.5,1201.0,1202.05,6829
1633078800,1202.5,1202.75,1201.0,1201.25,5579
1633079100,1201.35,1202.25,1200.0,1200.3,18674
1633079400,1200.3,1201.8,1200.2,1200.85,5845
1633079700,1200.85,1201.95,1200.55,1201.05,6186
1633080000,1201.05,1201.5,1199.4,1200.25,12289
1633080300,1200.6,1205.85,1200.3,1205.1,41367
1633080600,1204.85,1208.7,1204.15,1208.0,40476
1633080900,1208.7,1210.5,1207.7,1209.7,22973
1633081200,1209.7,1210.2,1207.0,1209.8,21368
1633081500,1209.8,1211.15,1208.05,1210.35,26830
1633081800,1210.35,1213.05,1208.05,1212.1,35749
1633082100,1212.1,1213.15,1209.25,1210.0,14186
1633319100,1211.0,1214.5,1206.05,1210.75,62125
1633319400,1210.75,1215.0,1210.25,1213.35,54033
1633319700,1214.25,1220.9,1213.65,1217.0,50866
1633320000,1217.0,1219.65,1216.5,1218.5,13869
1633320300,1218.55,1221.7,1218.0,1220.05,14383
1633320600,1220.05,1220.75,1218.9,1220.75,7446
1633320900,1220.9,1221.45,1218.1,1219.35,88169
1633321200,1220.05,1220.8,1216.95,1220.25,49530
1633321500,1220.25,1220.9,1219.0,1220.3,10887
1633321800,1220.55,1223.0,1218.6,1220.6,17081
1633322100,1220.7,1223.15,1219.9,1220.4,11524
1633322400,1220.6,1222.55,1219.75,1222.25,12388
1633322700,1222.6,1225.95,1222.3,1225.9,58329
1633323000,1226.0,1234.0,1225.0,1227.85,94508
1633323300,1227.85,1238.45,1225.3,1237.8,71056
1633323600,1237.8,1240.0,1233.0,1236.1,73955
1633323900,1235.3,1236.6,1230.65,1234.85,25017
1633324200,1234.95,1234.95,1230.4,1233.0,17477
1633324500,1233.25,1233.75,1230.1,1231.2,10904
1633324800,1232.1,1233.0,1230.05,1230.35,11071
1633325100,1230.0,1230.35,1227.2,1227.4,17958
1633325400,1227.9,1229.55,1224.8,1227.75,37690
1633325700,1227.75,1230.0,1227.75,1229.4,11036
1633326000,1229.4,1230.3,1227.85,1228.45,17804
1633326300,1228.55,1228.55,1225.95,1226.15,10298
1633326600,1226.15,1228.3,1226.15,1227.65,11721
1633326900,1227.65,1229.3,1227.5,1227.65,7059
1633327200,1227.65,1227.65,1225.05,1225.65,10489
1633327500,1225.65,1226.35,1224.0,1224.05,15410
1633327800,1224.05,1224.5,1224.0,1224.0,17744
1633328100,1224.0,1224.7,1224.0,1224.7,13728
1633328400,1224.7,1227.2,1224.35,1224.85,8172
1633328700,1224.85,1226.6,1224.2,1224.8,5228
1633329000,1224.8,1228.0,1224.7,1226.75,6351
1633329300,1226.75,1227.6,1225.9,1225.9,3795
1633329600,1225.9,1227.0,1224.4,1226.4,4111
1633329900,1226.4,1228.45,1226.2,1227.0,4378
1633330200,1227.05,1228.45,1226.65,1228.0,6356
1633330500,1227.75,1228.2,1227.0,1227.95,2575
1633330800,1227.95,1227.95,1226.65,1227.0,14934
1633331100,1227.0,1227.0,1225.95,1226.35,5867
1633331400,1226.9,1226.9,1226.25,1226.6,3975
1633331700,1226.6,1226.6,1226.0,1226.0,2150
1633332000,1226.0,1226.8,1226.0,1226.7,2307
1633332300,1226.7,1226.7,1226.0,1226.7,1526
1633332600,1226.0,1227.45,1226.0,1227.35,5944
1633332900,1227.35,1227.45,1226.85,1227.4,1337
1633333200,1227.4,1227.75,1227.05,1227.15,2354
1633333500,1227.5,1227.95,1227.05,1227.8,1858
1633333800,1227.8,1229.0,1226.8,1228.05,6018
1633334100,1228.8,1229.2,1228.0,1228.75,5068
1633334400,1228.25,1229.45,1228.0,1229.45,3900
1633334700,1229.4,1230.0,1228.0,1228.55,13138
1633335000,1228.55,1228.55,1226.7,1227.95,4233
1633335300,1227.95,1229.9,1227.4,1229.9,5824
1633335600,1229.9,1231.0,1229.35,1229.95,9767
1633335900,1229.95,1233.35,1229.6,1232.9,18034
1633336200,1232.8,1234.3,1231.75,1233.8,16660
1633336500,1233.8,1237.25,1231.3,1236.2,32061
1633336800,1236.2,1240.0,1236.0,1237.0,66804
1633337100,1237.75,1238.9,1235.65,1236.1,19224
1633337400,1236.2,1236.2,1231.7,1232.9,46803
1633337700,1232.9,1233.85,1232.1,1232.8,94816
1633338000,1232.6,1234.5,1231.3,1231.4,31490
1633338300,1231.4,1231.65,1226.7,1226.7,19891
1633338600,1226.7,1231.7,1226.7,1229.5,21435
1633338900,1229.5,1231.55,1227.35,1228.8,20413
1633339200,1228.8,1230.6,1228.65,1230.25,17942
1633339500,1230.25,1230.25,1227.65,1228.65,16248
1633339800,1228.65,1229.0,1226.75,1228.6,22344
1633340100,1228.6,1233.95,1228.45,1230.8,30522
1633340400,1230.1,1232.05,1229.55,1229.6,26607
1633340700,1229.45,1231.25,1229.45,1230.5,35476
1633341000,1230.55,1232.85,1228.85,1232.1,40914
1633341300,1232.1,1232.65,1230.1,1230.1,28592
1633405500,1231.0,1237.45,1231.0,1234.2,34778
1633405800,1234.2,1236.0,1232.5,1234.75,14312
1633406100,1234.75,1239.35,1233.2,1234.65,33949
1633406400,1235.0,1235.0,1227.8,1228.0,38966
1633406700,1228.0,1232.65,1227.05,1229.9,17717
1633407000,1229.9,1230.9,1227.0,1227.4,26160
1633407300,1227.4,1230.6,1227.0,1229.6,17051
1633407600,1229.6,1232.05,1227.65,1231.2,36258
1633407900,1231.0,1231.7,1228.25,1229.7,31871
1633408200,1229.55,1231.7,1228.0,1229.2,20639
1633408500,1229.65,1230.95,1229.1,1229.85,37646
1633408800,1229.85,1230.75,1229.2,1229.85,20877
1633409100,1229.85,1230.7,1229.0,1229.4,21760
1633409400,1229.75,1230.7,1229.1,1230.0,28411
1633409700,1229.95,1231.15,1228.15,1229.55,32553
1633410000,1229.55,1229.55,1227.1,1227.85,6216
1633410300,1227.9,1230.0,1227.2,1229.0,10515
1633410600,1229.15,1230.7,1227.8,1229.5,17910
1633410900,1229.5,1230.5,1227.65,1229.3,18549
1633411200,1229.3,1230.3,1228.25,1229.85,24306
1633411500,1229.9,1230.6,1228.7,1229.35,15621
1633411800,1229.35,1230.2,1228.2,1228.65,8908
1633412100,1228.65,1230.3,1228.55,1230.0,8011
1633412400,1229.8,1230.45,1228.0,1230.0,24421
1633412700,1230.05,1230.4,1228.7,1229.3,17601
1633413000,1229.3,1230.2,1228.2,1229.2,14730
1633413300,1228.9,1230.6,1228.9,1230.15,14259
1633413600,1230.15,1230.6,1229.0,1229.95,14149
1633413900,1229.95,1230.4,1229.2,1229.2,12943
1633414200,1229.75,1230.5,1228.65,1229.3,8824
1633414500,1229.25,1230.85,1228.75,1230.15,22631
1633414800,1230.0,1230.5,1227.9,1228.15,35929
1633415100,1228.6,1230.7,1227.8,1229.65,18311
1633415400,1229.65,1232.2,1229.0,1232.2,24919
1633415700,1232.2,1233.0,1230.25,1230.95,36154
1633416000,1231.15,1231.55,1229.45,1230.6,29237
1633416300,1230.65,1232.55,1229.75,1232.5,13554
1633416600,1232.55,1235.25,1231.45,1234.45,18416
1633416900,1234.2,1236.0,1233.25,1233.25,13657
1633417200,1233.25,1234.2,1233.25,1234.0,4743
1633417500,1234.0,1237.0,1233.75,1235.95,20133
1633417800,1235.95,1239.4,1235.1,1238.15,25223
1633418100,1238.0,1238.15,1235.0,1236.85,15069
1633418400,1236.3,1242.95,1236.3,1241.55,56438
1633418700,1241.9,1248.15,1240.35,1245.3,90220
1633419000,1245.3,1246.15,1241.65,1244.5,20724
1633419300,1243.9,1246.5,1242.6,1246.35,15575
1633419600,1246.35,1247.8,1245.0,1245.8,15170
1633419900,1245.35,1246.0,1243.15,1243.95,14530
1633420200,1244.05,1247.9,1243.85,1245.1,13532
1633420500,1245.05,1247.55,1245.05,1247.2,10421
1633420800,1247.2,1254.9,1247.0,1254.0,125129
1633421100,1254.1,1257.95,1251.7,1255.3,87193
1633421400,1255.2,1255.2,1252.45,1252.8,17715
1633421700,1252.8,1257.9,1252.0,1255.55,43810
1633422000,1254.2,1257.3,1254.15,1256.35,22390
1633422300,1256.35,1259.0,1255.5,1258.95,35657
1633422600,1258.8,1262.0,1255.6,1257.0,76556
1633422900,1257.0,1266.0,1256.4,1263.95,97859
1633423200,1263.95,1265.65,1261.3,1265.65,50059
1633423500,1265.5,1267.3,1262.35,1264.7,51968
1633423800,1264.1,1266.0,1263.5,1265.4,34710
1633424100,1265.25,1265.4,1261.55,1261.65,24902
1633424400,1261.65,1261.65,1259.2,1259.3,34395
1633424700,1259.95,1259.95,1257.0,1259.45,39738
1633425000,1259.2,1263.35,1258.85,1262.3,21050
1633425300,1262.3,1264.2,1261.65,1263.0,31118
1633425600,1263.5,1267.5,1262.7,1264.95,44577
1633425900,1264.95,1265.0,1261.8,1263.85,35967
1633426200,1263.95,1266.0,1262.25,1266.0,24884
1633426500,1266.0,1266.8,1263.05,1264.0,34395
1633426800,1264.0,1264.55,1260.25,1260.5,43830
1633427100,1260.75,1262.25,1258.55,1259.85,44474
1633427400,1259.85,1260.65,1258.95,1260.0,39844
1633427700,1260.0,1264.4,1259.85,1263.95,73132
1633491900,1273.0,1273.9,1265.8,1267.1,226332
1633492200,1267.2,1267.5,1254.1,1256.5,110781
1633492500,1256.95,1261.15,1252.65,1259.9,53986
1633492800,1259.55,1266.0,1259.5,1264.4,38039
1633493100,1265.1,1265.1,1256.0,1257.25,35014
1633493400,1257.25,1258.35,1251.25,1253.95,68843
1633493700,1253.85,1255.25,1251.0,1253.1,57372
1633494000,1253.05,1253.6,1248.75,1250.45,77434
1633494300,1250.45,1252.05,1246.35,1251.35,33304
1633494600,1250.25,1253.8,1250.25,1253.35,16923
1633494900,1253.55,1255.0,1251.1,1251.6,23896
1633495200,1251.6,1252.25,1247.25,1248.0,17533
1633495500,1248.6,1248.6,1237.25,1238.45,79691
1633495800,1238.65,1242.0,1237.05,1241.95,21632
1633496100,1241.95,1243.8,1240.0,1240.0,42984
1633496400,1240.8,1241.0,1237.6,1240.95,41094
1633496700,1240.35,1241.0,1238.55,1239.7,22162
1633497000,1239.95,1243.7,1238.5,1239.2,64367
1633497300,1239.05,1240.05,1234.75,1235.8,29880
1633497600,1235.65,1238.5,1235.1,1237.2,22700
1633497900,1237.7,1239.0,1237.2,1237.65,21301
1633498200,1237.6,1238.3,1232.6,1233.0,22510
1633498500,1233.2,1233.85,1231.0,1232.95,25945
1633498800,1232.5,1233.25,1232.05,1233.15,12796
1633499100,1233.15,1233.25,1232.5,1232.8,11327
1633499400,1232.95,1232.95,1228.1,1230.0,42058
1633499700,1230.0,1230.0,1224.25,1227.45,51219
1633500000,1227.45,1232.5,1227.2,1232.15,48128
1633500300,1232.25,1233.25,1231.0,1231.0,25694
1633500600,1231.0,1232.75,1230.25,1231.35,25028
1633500900,1230.55,1233.0,1229.65,1232.0,37095
1633501200,1232.0,1236.15,1232.0,1234.05,19593
1633501500,1234.2,1234.45,1231.1,1231.1,13808
1633501800,1231.3,1231.85,1230.0,1231.3,11181
1633502100,1231.3,1233.0,1231.0,1231.95,4347
1633502400,1232.45,1233.45,1231.75,1233.35,7449
1633502700,1233.35,1233.9,1232.35,1233.55,7345
1633503000,1233.7,1234.0,1232.0,1232.0,11709
1633503300,1232.0,1233.95,1232.0,1233.8,5977
1633503600,1233.75,1234.0,1233.05,1233.95,5880
1633503900,1233.95,1234.0,1232.0,1232.4,9422
1633504200,1232.2,1234.7,1232.05,1234.25,11726
1633504500,1234.05,1234.7,1231.0,1231.0,16226
1633504800,1231.5,1232.55,1231.0,1231.5,15380
1633505100,1231.5,1233.0,1230.45,1232.85,21966
1633505400,1232.85,1232.95,1230.4,1232.0,17130
1633505700,1232.05,1232.95,1230.05,1230.05,13517
1633506000,1230.15,1231.2,1228.15,1230.0,23107
1633506300,1230.05,1230.8,1226.05,1226.3,18370
1633506600,1226.3,1230.4,1226.05,1230.4,8160
1633506900,1230.3,1233.75,1229.9,1233.1,18073
1633507200,1233.7,1234.25,1230.05,1230.1,10745
1633507500,1230.1,1231.35,1229.05,1229.05,3704
1633507800,1229.6,1230.4,1227.35,1227.9,17468
1633508100,1227.9,1230.0,1227.5,1229.85,4584
1633508400,1229.95,1231.9,1229.95,1230.65,8316
1633508700,1230.65,1231.05,1227.75,1230.1,18069
1633509000,1230.1,1232.9,1230.05,1231.0,11483
1633509300,1231.75,1233.0,1230.6,1232.2,10731
1633509600,1232.1,1232.25,1230.05,1232.05,15134
1633509900,1232.05,1232.75,1228.1,1228.25,7660
1633510200,1228.25,1228.3,1217.7,1219.55,54582
1633510500,1219.7,1225.0,1219.55,1222.2,24411
1633510800,1222.65,1224.8,1222.25,1223.75,14237
1633511100,1223.75,1223.75,1215.75,1222.2,29405
1633511400,1221.8,1223.55,1209.5,1213.05,122261
1633511700,1214.0,1221.4,1212.55,1221.4,29813
1633512000,1220.4,1221.6,1214.4,1215.0,49876
1633512300,1215.55,1216.2,1214.1,1215.05,48487
1633512600,1215.0,1216.15,1212.35,1214.85,68906
1633512900,1214.95,1215.6,1213.4,1214.4,48496
1633513200,1214.3,1214.5,1211.6,1212.45,75931
1633513500,1212.45,1213.8,1208.3,1208.6,83859
1633513800,1208.25,1212.85,1205.4,1212.8,128327
1633514100,1212.8,1218.0,1211.1,1218.0,62875
1633578300,1227.0,1230.0,1218.15,1227.35,99336
1633578600,1228.65,1229.85,1220.0,1222.25,42809
1633578900,1222.25,1225.05,1221.25,1222.55,24025
1633579200,1222.1,1226.35,1221.0,1226.35,19544
1633579500,1225.75,1226.1,1222.15,1223.45,20748
1633579800,1223.45,1226.9,1223.45,1226.2,24765
1633580100,1226.2,1227.0,1223.0,1224.35,20037
1633580400,1224.35,1224.45,1217.9,1220.65,27040
1633580700,1220.65,1223.35,1220.6,1221.2,19355
1633581000,1221.2,1221.25,1215.0,1215.0,51500
1633581300,1215.0,1218.9,1214.6,1218.7,20608
1633581600,1218.85,1218.9,1215.85,1217.9,13756
1633581900,1217.85,1220.0,1216.4,1219.8,35417
1633582200,1219.75,1220.0,1218.05,1218.5,16274
1633582500,1218.5,1219.0,1215.45,1215.95,46704
1633582800,1216.1,1216.1,1214.7,1215.3,41574
1633583100,1215.3,1216.8,1214.65,1214.75,26469
1633583400,1214.8,1217.15,1214.8,1216.25,25348
1633583700,1216.25,1218.5,1215.85,1216.1,35581
1633584000,1216.1,1216.95,1215.3,1216.75,14378
1633584300,1216.75,1219.15,1216.6,1218.7,18933
1633584600,1218.75,1219.85,1218.7,1219.6,13910
1633584900,1219.6,1222.65,1219.6,1220.45,51300
1633585200,1220.45,1221.55,1220.05,1221.15,14096
1633585500,1221.15,1221.25,1220.0,1220.1,14526
1633585800,1220.1,1221.1,1220.0,1220.3,14493
1633586100,1220.1,1220.25,1219.65,1220.05,154674
1633586400,1220.1,1223.5,1220.05,1221.4,26433
1633586700,1221.35,1224.8,1221.3,1224.2,24886
1633587000,1224.15,1225.0,1223.9,1223.9,31601
1633587300,1224.2,1225.0,1224.0,1224.3,18573
1633587600,1224.0,1225.0,1224.0,1224.35,13655
1633587900,1224.3,1226.75,1224.25,1224.6,35006
1633588200,1224.6,1225.65,1224.0,1225.05,31290
1633588500,1225.0,1226.0,1225.0,1226.0,12470
1633588800,1226.0,1226.0,1225.25,1226.0,9440
1633589100,1226.0,1226.2,1225.4,1225.6,20299
1633589400,1225.65,1226.15,1225.15,1225.45,9403
1633589700,1225.55,1225.95,1225.2,1225.4,6953
1633590000,1225.45,1226.45,1225.0,1225.2,18159
1633590300,1225.0,1225.65,1224.25,1225.05,46630
1633590600,1225.0,1225.1,1225.0,1225.05,6474
1633590900,1225.0,1225.85,1225.0,1225.75,17475
1633591200,1225.75,1226.45,1224.95,1225.05,15514
1633591500,1225.0,1229.25,1225.0,1228.15,46690
1633591800,1228.35,1234.2,1225.0,1225.9,104311
1633592100,1225.9,1226.7,1222.85,1223.05,59921
1633592400,1222.5,1224.45,1221.55,1224.05,25397
1633592700,1224.1,1225.6,1223.0,1223.55,18777
1633593000,1223.5,1223.55,1220.2,1221.05,37359
1633593300,1221.1,1226.25,1220.8,1226.0,26575
1633593600,1226.05,1227.4,1225.0,1225.8,20660
1633593900,1225.8,1226.45,1223.5,1223.55,12874
1633594200,1223.5,1227.0,1222.6,1226.4,24212
1633594500,1226.15,1229.85,1226.15,1229.25,31122
1633594800,1229.4,1230.0,1226.1,1226.35,23027
1633595100,1226.5,1230.25,1226.4,1228.7,14999
1633595400,1228.35,1230.0,1226.25,1226.35,12814
1633595700,1226.7,1227.75,1224.65,1225.05,10358
1633596000,1225.0,1227.45,1225.0,1225.5,10031
1633596300,1225.5,1226.0,1219.15,1220.65,51371
1633596600,1221.35,1222.3,1219.3,1220.6,69562
1633596900,1220.6,1222.65,1220.0,1221.0,30064
1633597200,1221.05,1222.75,1221.0,1221.0,13829
1633597500,1221.05,1222.35,1220.3,1220.5,35021
1633597800,1220.3,1220.5,1218.2,1219.85,159227
1633598100,1219.7,1220.0,1215.6,1218.05,92193
1633598400,1217.95,1220.15,1217.85,1220.0,38563
1633598700,1220.0,1224.2,1219.95,1221.7,31502
1633599000,1221.7,1221.7,1218.55,1218.75,44787
1633599300,1219.6,1220.3,1213.55,1214.6,69240
1633599600,1214.65,1215.3,1213.95,1215.0,47685
1633599900,1215.0,1217.8,1214.7,1217.2,66539
1633600200,1217.55,1218.1,1212.25,1212.25,95982
1633600500,1212.25,1214.05,1207.2,1209.4,92724
1633664700,1224.95,1224.95,1216.6,1222.5,80842
1633665000,1222.5,1227.35,1220.7,1227.2,31625
1633665300,1226.8,1229.0,1220.7,1225.0,31764
1633665600,1225.0,1225.0,1219.15,1220.0,39182
1633665900,1220.0,1223.6,1220.0,1222.15,55347
1633666200,1222.15,1223.0,1220.75,1222.0,38093
1633666500,1222.0,1222.95,1221.8,1222.25,9477
1633666800,1222.25,1222.9,1221.55,1222.0,10762
1633667100,1222.05,1223.9,1221.3,1223.05,21351
1633667400,1222.9,1223.0,1221.25,1222.0,22286
1633667700,1222.0,1222.55,1221.5,1222.0,19410
1633668000,1222.0,1223.0,1221.4,1221.75,26064
1633668300,1222.0,1223.0,1221.5,1222.05,10570
1633668600,1222.05,1222.4,1221.6,1222.0,15359
1633668900,1222.0,1222.75,1221.6,1222.6,10952
1633669200,1222.6,1223.75,1221.75,1222.9,29320
1633669500,1222.35,1223.45,1221.65,1222.0,14202
1633669800,1222.0,1223.1,1221.55,1222.0,8738
1633670100,1222.0,1222.55,1221.55,1222.05,12569
1633670400,1222.0,1222.05,1221.5,1222.0,13099
1633670700,1222.0,1222.3,1221.55,1222.0,9684
1633671000,1222.0,1222.9,1221.5,1222.0,12976
1633671300,1222.0,1222.7,1221.5,1222.1,20413
1633671600,1222.0,1222.2,1221.0,1222.0,22125
1633671900,1222.0,1222.5,1221.75,1221.9,7619
1633672200,1222.0,1222.8,1221.65,1222.0,7681
1633672500,1222.05,1222.3,1221.6,1222.05,7179
1633672800,1222.0,1225.95,1221.75,1222.0,22386
1633673100,1222.0,1222.15,1221.7,1222.15,5456
1633673400,1222.15,1222.5,1221.55,1222.0,7938
1633673700,1222.05,1222.5,1220.65,1220.65,10224
1633674000,1220.65,1220.65,1215.35,1216.0,20808
1633674300,1216.0,1216.55,1214.65,1215.45,17032
1633674600,1215.45,1218.6,1215.05,1217.05,12127
1633674900,1217.05,1218.65,1217.0,1218.0,7744
1633675200,1218.0,1218.05,1216.15,1217.6,32265
1633675500,1217.6,1217.6,1213.2,1213.55,11483
1633675800,1213.55,1214.6,1211.1,1211.4,14862
1633676100,1211.65,1211.65,1207.25,1208.1,27743
1633676400,1208.1,1209.65,1203.75,1203.95,32421
1633676700,1204.45,1207.8,1203.85,1206.7,17750
1633677000,1206.7,1207.25,1205.0,1206.15,17799
1633677300,1206.25,1207.8,1205.5,1206.65,14155
1633677600,1206.8,1208.55,1206.0,1206.6,14925
1633677900,1206.7,1209.0,1206.0,1208.3,13235
1633678200,1208.25,1208.25,1206.25,1206.9,7794
1633678500,1206.9,1206.9,1205.0,1205.85,23035
1633678800,1206.2,1207.9,1205.55,1207.4,9962
1633679100,1207.4,1207.45,1206.0,1206.0,5512
1633679400,1206.0,1208.45,1206.0,1206.4,10080
1633679700,1206.4,1208.0,1206.0,1207.95,7537
1633680000,1207.95,1209.2,1206.6,1208.1,9552
1633680300,1208.1,1208.9,1207.2,1207.2,7538
1633680600,1207.2,1209.05,1207.2,1208.35,9573
1633680900,1208.35,1208.35,1207.0,1208.25,7013
1633681200,1208.25,1208.3,1206.75,1207.35,8660
1633681500,1207.15,1208.0,1206.0,1207.5,7170
1633681800,1207.5,1208.5,1207.1,1207.75,7527
1633682100,1207.75,1207.75,1206.3,1206.75,7295
1633682400,1206.8,1208.05,1206.2,1207.45,9234
1633682700,1207.5,1207.8,1206.3,1207.45,14163
1633683000,1207.45,1207.45,1206.0,1206.05,17331
1633683300,1206.05,1207.35,1205.5,1206.05,13415
1633683600,1206.05,1206.05,1201.55,1201.85,32006
1633683900,1201.75,1201.85,1191.95,1197.0,124245
1633684200,1197.0,1197.85,1192.35,1197.3,50256
1633684500,1197.3,1197.4,1194.15,1197.2,42684
1633684800,1197.2,1200.0,1195.7,1200.0,39471
1633685100,1200.0,1200.3,1195.7,1196.55,36773
1633685400,1196.3,1196.6,1193.05,1194.65,39303
1633685700,1194.2,1196.7,1193.5,1196.0,48638
1633686000,1196.05,1199.2,1196.0,1197.25,45183
1633686300,1197.55,1198.5,1196.05,1196.2,38849
1633686600,1196.95,1199.65,1195.05,1195.15,57089
1633686900,1195.15,1200.0,1195.0,1198.5,30123
1633923900,1199.95,1212.0,1199.95,1211.6,31614
1633924200,1211.6,1212.0,1207.0,1211.0,20206
1633924500,1210.25,1210.85,1206.0,1209.35,7601
1633924800,1208.85,1211.0,1206.9,1208.85,4960
1633925100,1208.25,1208.85,1206.05,1207.3,5644
1633925400,1207.4,1210.0,1205.0,1205.95,32389
1633925700,1205.65,1211.1,1205.25,1210.45,6906
1633926000,1210.45,1213.05,1209.8,1211.8,12153
1633926300,1211.8,1214.85,1211.8,1213.5,15734
1633926600,1214.0,1214.9,1210.5,1211.05,8924
1633926900,1211.05,1211.75,1209.85,1211.05,8378
1633927200,1211.25,1212.0,1210.0,1211.5,3774
1633927500,1211.5,1213.65,1211.5,1211.95,5972
1633927800,1211.95,1213.0,1211.4,1212.45,10343
1633928100,1212.5,1213.0,1211.15,1211.6,6673
1633928400,1211.7,1213.95,1211.7,1212.2,6906
1633928700,1212.4,1212.4,1210.35,1211.45,4062
1633929000,1211.45,1212.55,1211.0,1211.65,3291
1633929300,1211.65,1212.6,1211.0,1212.05,9807
1633929600,1212.0,1212.25,1210.55,1211.95,7842
1633929900,1211.95,1212.25,1210.35,1212.25,14199
1633930200,1212.25,1213.0,1212.0,1213.0,3555
1633930500,1213.0,1213.0,1212.2,1213.0,4332
1633930800,1213.0,1213.1,1212.05,1212.35,4595
1633931100,1212.35,1213.0,1210.05,1212.4,4139
1633931400,1212.45,1213.0,1211.65,1212.1,6013
1633931700,1212.1,1213.3,1212.05,1212.6,8101
1633932000,1212.6,1213.15,1212.4,1213.15,4846
1633932300,1213.15,1213.8,1211.45,1211.45,6906
1633932600,1212.15,1213.25,1211.5,1212.05,3205
1633932900,1212.05,1213.0,1211.85,1212.7,2901
1633933200,1212.05,1213.0,1211.1,1211.55,5426
1633933500,1211.55,1213.0,1211.0,1213.0,6446
1633933800,1213.0,1213.6,1211.2,1213.5,6614
1633934100,1213.5,1216.0,1213.45,1215.75,29423
1633934400,1215.85,1218.5,1214.65,1215.0,70650
1633934700,1214.95,1216.6,1214.95,1215.6,9428
1633935000,1215.3,1216.5,1215.0,1215.85,14206
1633935300,1215.95,1215.95,1212.15,1214.0,16634
1633935600,1214.0,1214.65,1210.8,1213.0,9980
1633935900,1213.0,1213.8,1211.25,1212.45,7520
1633936200,1212.15,1213.55,1212.0,1213.5,2727
1633936500,1213.45,1214.0,1212.95,1213.65,6162
1633936800,1213.05,1214.0,1212.95,1213.0,4089
1633937100,1213.0,1213.6,1212.5,1213.1,4519
1633937400,1213.25,1215.0,1213.1,1214.85,3936
1633937700,1214.85,1215.0,1213.5,1213.55,5210
1633938000,1213.5,1214.8,1213.2,1214.35,7557
1633938300,1214.35,1214.85,1213.5,1213.85,5856
1633938600,1213.85,1214.2,1213.0,1213.6,11425
1633938900,1213.6,1214.25,1212.0,1212.55,26178
1633939200,1212.55,1214.95,1212.25,1213.05,5005
1633939500,1213.05,1214.3,1212.8,1214.0,4126
1633939800,1214.0,1214.85,1212.9,1213.3,5231
1633940100,1213.3,1213.7,1212.95,1213.3,2770
1633940400,1213.3,1214.4,1213.0,1213.2,2857
1633940700,1213.75,1214.35,1212.5,1213.65,4509
1633941000,1213.65,1214.2,1212.75,1213.95,5560
1633941300,1213.95,1214.35,1213.5,1213.95,3561
1633941600,1213.95,1214.45,1213.8,1213.95,5735
1633941900,1213.95,1214.4,1213.6,1214.0,5403
1633942200,1213.95,1214.25,1213.8,1213.9,4675
1633942500,1213.9,1214.6,1213.9,1214.0,2813
1633942800,1214.0,1216.45,1213.95,1215.9,7949
1633943100,1216.55,1216.75,1215.3,1215.7,6771
1633943400,1215.75,1216.9,1215.65,1215.9,6688
1633943700,1215.9,1216.9,1213.05,1214.0,14271
1633944000,1213.6,1216.35,1212.15,1212.9,13680
1633944300,1212.9,1212.9,1207.05,1208.0,19459
1633944600,1208.65,1210.95,1208.05,1208.5,10316
1633944900,1208.6,1211.6,1208.25,1210.65,7812
1633945200,1210.7,1212.45,1209.45,1211.55,5480
1633945500,1211.8,1212.45,1205.0,1205.75,33894
1633945800,1205.65,1207.4,1205.0,1205.0,72770
1633946100,1205.5,1209.5,1202.3,1206.2,40265
1634010300,1209.0,1213.0,1207.1,1210.0,61373
1634010600,1210.0,1212.05,1210.0,1212.0,11022
1634010900,1211.5,1212.0,1204.25,1205.15,15823
1634011200,1205.0,1205.35,1198.15,1200.55,33663
1634011500,1201.45,1201.95,1199.5,1199.55,9629
1634011800,1199.85,1203.05,1198.7,1203.05,18205
1634012100,1201.8,1202.55,1200.75,1202.45,4638
1634012400,1202.45,1202.85,1201.1,1202.0,5462
1634012700,1202.0,1209.15,1201.95,1209.1,13268
1634013000,1208.3,1209.45,1206.0,1207.6,10522
1634013300,1207.6,1209.6,1207.25,1207.95,5280
1634013600,1207.7,1208.75,1206.9,1208.75,4842
1634013900,1208.5,1209.8,1208.1,1209.25,5223
1634014200,1209.1,1209.1,1207.5,1207.5,5284
1634014500,1208.0,1208.0,1206.0,1208.0,6764
1634014800,1208.0,1208.0,1203.55,1204.0,9903
1634015100,1203.7,1203.8,1200.0,1201.0,6431
1634015400,1201.5,1204.4,1201.0,1204.35,5793
1634015700,1204.35,1204.95,1200.0,1200.9,6438
1634016000,1200.9,1201.85,1200.4,1201.45,5594
1634016300,1201.45,1203.25,1201.05,1202.8,4861
1634016600,1202.8,1204.6,1202.35,1203.5,6029
1634016900,1204.0,1204.45,1201.05,1201.05,5750
1634017200,1201.7,1203.85,1200.9,1202.9,4554
1634017500,1203.4,1204.5,1202.0,1203.8,4914
1634017800,1203.8,1205.0,1203.5,1204.95,3762
1634018100,1204.95,1205.0,1204.4,1204.4,3514
1634018400,1204.85,1205.05,1204.4,1205.0,5445
1634018700,1204.7,1205.0,1202.0,1203.1,5397
1634019000,1203.1,1204.95,1202.15,1203.2,7160
1634019300,1203.2,1203.3,1200.8,1201.85,7375
1634019600,1201.8,1203.8,1201.35,1203.8,4350
1634019900,1203.8,1203.9,1202.8,1203.45,3886
1634020200,1203.5,1203.7,1201.8,1203.2,4815
1634020500,1203.2,1203.5,1202.5,1203.5,4225
1634020800,1203.5,1206.1,1203.2,1205.0,9857
1634021100,1205.45,1205.8,1204.0,1204.5,2639
1634021400,1204.85,1205.35,1204.0,1205.0,3834
1634021700,1204.8,1205.05,1204.5,1204.95,5639
1634022000,1205.0,1205.0,1204.0,1205.0,5273
1634022300,1204.9,1205.05,1204.2,1205.0,5794
1634022600,1205.05,1208.4,1204.9,1208.0,11938
1634022900,1208.0,1209.25,1207.8,1208.75,7822
1634023200,1208.75,1209.0,1205.9,1207.75,8448
1634023500,1207.75,1208.95,1207.05,1207.9,5870
1634023800,1207.8,1211.45,1207.0,1211.4,16914
1634024100,1211.4,1212.45,1210.15,1212.45,48780
1634024400,1212.45,1212.45,1210.05,1211.25,13961
1634024700,1211.0,1211.35,1208.0,1209.05,9184
1634025000,1208.5,1209.1,1206.4,1208.2,8459
1634025300,1208.1,1208.4,1205.95,1207.7,9071
1634025600,1207.75,1207.8,1206.0,1207.25,6836
1634025900,1207.35,1208.6,1205.9,1207.2,7317
1634026200,1207.05,1208.1,1204.65,1206.45,9376
1634026500,1206.15,1207.55,1205.3,1207.55,7437
1634026800,1207.55,1208.3,1206.6,1207.45,9401
1634027100,1207.45,1208.15,1206.5,1207.75,6917
1634027400,1207.7,1210.8,1207.0,1207.9,13065
1634027700,1208.55,1210.75,1208.3,1210.3,9275
1634028000,1210.3,1211.6,1209.85,1211.45,7202
1634028300,1211.5,1212.95,1210.05,1211.75,26031
1634028600,1211.75,1212.45,1210.0,1211.0,9872
1634028900,1211.0,1211.0,1209.95,1210.95,8061
1634029200,1211.0,1212.4,1211.0,1211.9,23360
1634029500,1211.8,1212.5,1211.05,1212.2,9267
1634029800,1212.2,1212.5,1211.0,1212.35,9737
1634030100,1212.35,1212.35,1211.0,1211.25,8849
1634030400,1211.55,1212.45,1211.15,1211.5,7870
1634030700,1211.5,1212.45,1211.0,1212.25,8198
1634031000,1212.15,1214.85,1212.15,1214.4,25190
1634031300,1214.85,1215.0,1212.0,1212.3,23324
1634031600,1212.25,1212.95,1211.85,1212.05,17530
1634031900,1212.1,1212.1,1206.2,1207.2,26572
1634032200,1206.5,1208.4,1205.8,1208.0,26547
1634032500,1207.9,1212.3,1207.05,1210.6,12234
1634096700,1210.6,1214.7,1210.0,1213.05,17927
1634097000,1213.35,1218.65,1213.3,1213.35,19353
1634097300,1213.5,1213.8,1211.1,1212.45,17411
1634097600,1212.45,1213.35,1211.05,1211.7,6381
1634097900,1211.2,1211.75,1210.0,1210.1,11766
1634098200,1210.2,1210.85,1208.85,1209.7,20747
1634098500,1209.7,1210.4,1207.35,1210.4,22593
1634098800,1210.4,1210.45,1210.0,1210.0,12243
1634099100,1210.0,1214.75,1210.0,1213.65,9863
1634099400,1213.55,1213.55,1211.75,1212.25,8061
1634099700,1212.25,1212.4,1210.0,1210.35,6706
1634100000,1210.4,1211.85,1210.0,1210.65,5391
1634100300,1210.65,1211.45,1209.95,1210.5,13028
1634100600,1210.1,1212.5,1210.0,1210.65,6318
1634100900,1210.4,1210.9,1209.55,1210.15,10159
1634101200,1210.3,1210.3,1208.3,1209.65,23294
1634101500,1210.0,1210.0,1209.4,1209.95,5636
1634101800,1209.55,1210.65,1209.35,1209.8,6246
1634102100,1209.8,1210.0,1209.35,1209.9,5256
1634102400,1209.5,1210.0,1208.9,1209.4,5209
1634102700,1209.65,1210.0,1208.8,1209.65,7300
1634103000,1209.6,1209.8,1208.85,1209.0,4706
1634103300,1209.0,1209.75,1208.45,1209.75,5780
1634103600,1209.6,1210.0,1207.9,1208.05,5723
1634103900,1207.95,1209.2,1207.35,1208.85,8113
1634104200,1208.8,1209.0,1208.3,1208.65,4797
1634104500,1208.5,1208.65,1207.5,1207.5,8270
1634104800,1207.5,1207.7,1206.45,1207.3,9518
1634105100,1207.3,1207.95,1206.15,1206.75,6760
1634105400,1207.2,1207.25,1205.8,1206.5,7686
1634105700,1206.5,1207.75,1205.6,1205.85,8653
1634106000,1205.85,1206.75,1205.35,1206.5,4354
1634106300,1206.45,1207.55,1206.0,1206.6,6422
1634106600,1206.8,1207.1,1205.0,1206.5,7368
1634106900,1206.5,1208.0,1205.3,1207.7,3202
1634107200,1207.75,1208.2,1207.3,1207.85,2560
1634107500,1208.2,1209.5,1208.2,1209.5,5276
1634107800,1209.5,1210.95,1209.25,1210.0,6985
1634108100,1210.0,1210.0,1209.05,1209.8,3626
1634108400,1209.8,1209.95,1208.5,1209.35,2961
1634108700,1209.45,1209.65,1208.6,1209.55,2815
1634109000,1209.05,1209.95,1208.55,1208.95,4126
1634109300,1208.35,1209.75,1207.7,1209.2,4532
1634109600,1209.2,1209.5,1207.2,1209.2,7305
1634109900,1209.2,1210.0,1208.5,1209.45,8756
1634110200,1209.45,1210.0,1208.55,1209.5,10948
1634110500,1210.0,1211.0,1209.0,1210.05,27206
1634110800,1210.05,1210.5,1209.0,1209.2,13162
1634111100,1209.2,1209.5,1209.0,1209.05,5971
1634111400,1209.5,1209.5,1208.15,1208.85,3429
1634111700,1208.95,1209.5,1208.2,1208.65,4372
1634112000,1208.7,1209.5,1208.0,1208.0,3969
1634112300,1208.2,1208.6,1207.5,1208.05,3546
1634112600,1207.9,1208.25,1206.0,1206.4,12293
1634112900,1206.4,1207.65,1206.05,1207.2,9267
1634113200,1207.0,1208.2,1206.0,1206.9,9379
1634113500,1206.9,1208.1,1206.5,1206.5,10645
1634113800,1206.85,1207.25,1206.0,1206.65,6789
1634114100,1206.7,1206.85,1197.0,1197.2,58541
1634114400,1197.55,1198.5,1192.15,1197.7,62429
1634114700,1197.8,1201.1,1197.25,1200.0,25478
1634115000,1200.25,1202.9,1199.05,1201.8,25817
1634115300,1201.75,1203.0,1200.0,1201.0,8086
1634115600,1200.05,1200.6,1198.15,1199.1,14554
1634115900,1199.1,1200.15,1195.4,1195.75,14657
1634116200,1195.75,1198.0,1195.1,1196.55,32299
1634116500,1196.55,1198.0,1195.7,1196.35,20142
1634116800,1196.95,1198.8,1195.2,1196.45,17093
1634117100,1196.45,1197.95,1196.05,1197.0,5853
1634117400,1196.55,1197.3,1195.35,1197.3,27027
1634117700,1197.85,1197.85,1195.85,1196.55,29428
1634118000,1196.55,1196.55,1193.6,1195.0,59510
1634118300,1194.95,1195.2,1194.1,1194.45,43783
1634118600,1194.05,1194.05,1191.15,1191.75,121965
1634118900,1191.45,1192.05,1184.4,1189.25,211899
1634183100,1192.95,1196.9,1186.05,1190.3,95878
1634183400,1190.0,1192.9,1190.0,1191.9,26665
1634183700,1191.9,1197.75,1190.65,1197.75,20554
1634184000,1198.5,1198.9,1195.1,1196.4,17826
1634184300,1196.4,1197.5,1195.45,1196.0,11042
1634184600,1196.0,1196.0,1190.15,1191.5,32438
1634184900,1191.2,1193.3,1191.1,1192.0,22215
1634185200,1192.0,1193.7,1191.25,1191.8,12646
1634185500,1191.8,1193.8,1191.8,1192.25,10045
1634185800,1192.15,1192.6,1191.0,1191.85,10341
1634186100,1191.7,1192.2,1190.0,1191.65,19622
1634186400,1191.65,1192.2,1191.05,1192.1,8556
1634186700,1192.1,1192.3,1191.0,1191.85,10973
1634187000,1191.85,1192.4,1190.4,1192.05,12211
1634187300,1192.05,1192.35,1187.2,1187.65,29449
1634187600,1187.6,1188.85,1185.6,1186.5,22865
1634187900,1186.5,1190.0,1186.5,1187.65,11862
1634188200,1187.55,1188.5,1187.0,1187.5,16465
1634188500,1187.5,1189.2,1187.35,1187.35,12215
1634188800,1187.75,1188.35,1187.0,1188.0,10271
1634189100,1188.0,1188.45,1185.0,1186.5,24735
1634189400,1186.5,1187.9,1184.45,1187.2,17893
1634189700,1187.2,1191.35,1187.0,1190.3,35133
1634190000,1190.3,1191.7,1187.3,1191.3,27644
1634190300,1191.3,1191.95,1189.0,1189.05,32044
1634190600,1189.05,1190.15,1188.0,1188.05,15400
1634190900,1188.5,1190.45,1188.2,1189.45,19816
1634191200,1189.45,1189.5,1185.2,1185.5,32303
1634191500,1185.55,1187.85,1185.5,1187.85,10305
1634191800,1187.85,1189.65,1187.3,1188.35,8545
1634192100,1188.75,1190.7,1188.05,1189.45,18200
1634192400,1189.45,1192.0,1189.45,1190.0,149703
1634192700,1190.0,1190.25,1188.15,1189.8,6306
1634193000,1189.45,1190.4,1188.8,1190.05,74687
1634193300,1190.0,1190.2,1187.8,1190.0,13352
1634193600,1190.15,1190.85,1189.65,1190.0,14471
1634193900,1190.35,1190.55,1187.9,1188.75,13666
1634194200,1188.85,1190.3,1188.1,1188.65,7646
1634194500,1188.35,1189.1,1186.25,1186.25,11328
1634194800,1186.5,1188.0,1186.5,1187.9,11058
1634195100,1187.95,1190.7,1187.6,1190.45,8354
1634195400,1190.5,1190.7,1188.75,1189.0,11125
1634195700,1188.95,1190.5,1188.9,1189.7,7804
1634196000,1189.3,1190.0,1188.6,1189.4,8924
1634196300,1189.4,1190.2,1189.05,1189.5,9257
1634196600,1189.6,1190.35,1189.1,1189.8,11173
1634196900,1189.85,1192.4,1189.2,1190.0,31880
1634197200,1190.55,1191.35,1189.25,1190.1,45572
1634197500,1190.0,1192.05,1189.65,1191.9,19996
1634197800,1191.9,1192.15,1189.0,1189.8,48908
1634198100,1190.0,1190.0,1188.05,1189.85,12092
1634198400,1189.85,1191.55,1189.3,1189.4,37584
1634198700,1189.1,1191.4,1189.0,1190.0,60513
1634199000,1190.3,1190.5,1189.35,1189.7,19958
1634199300,1189.7,1190.25,1189.3,1189.6,6461
1634199600,1189.6,1190.6,1189.0,1190.05,15649
1634199900,1190.05,1190.45,1189.9,1190.45,3936
1634200200,1190.45,1190.5,1189.2,1189.9,7553
1634200500,1189.5,1190.15,1187.85,1187.85,9679
1634200800,1187.85,1188.0,1185.9,1185.9,10341
1634201100,1185.65,1186.2,1181.45,1182.1,65957
1634201400,1181.8,1183.4,1180.4,1181.0,30741
1634201700,1181.15,1182.0,1177.8,1179.3,54521
1634202000,1178.85,1179.45,1173.8,1176.3,84550
1634202300,1176.9,1180.3,1174.45,1179.1,135463
1634202600,1179.1,1180.8,1178.0,1179.1,57166
1634202900,1179.1,1180.85,1177.95,1180.8,29477
1634203200,1180.8,1181.5,1179.2,1181.0,25520
1634203500,1180.6,1181.5,1179.5,1180.95,13660
1634203800,1180.75,1181.75,1179.05,1181.35,13641
1634204100,1181.35,1186.45,1181.15,1185.15,24690
1634204400,1185.15,1188.0,1183.3,1183.5,28454
1634204700,1184.05,1190.45,1183.5,1187.1,62043
1634205000,1187.55,1187.6,1183.7,1187.25,62586
1634205300,1187.2,1188.55,1182.2,1183.05,44463
1634528700,1220.0,1220.0,1185.55,1201.75,87359
1634529000,1201.75,1202.65,1199.75,1200.2,25050
1634529300,1200.2,1200.4,1195.45,1199.4,17870
1634529600,1197.7,1198.9,1196.25,1198.4,18711
1634529900,1198.4,1201.75,1196.7,1201.15,14738
1634530200,1202.25,1202.8,1198.25,1198.25,14740
1634530500,1198.0,1198.0,1192.35,1192.8,15772
1634530800,1192.8,1194.4,1191.3,1192.75,16552
1634531100,1192.75,1193.9,1191.3,1192.95,8385
1634531400,1192.95,1196.2,1192.7,1195.15,17152
1634531700,1195.15,1196.55,1194.45,1195.0,9136
1634532000,1194.45,1195.0,1192.65,1193.3,9165
1634532300,1193.0,1193.0,1191.3,1191.6,8732
1634532600,1191.6,1192.65,1191.6,1192.2,9158
1634532900,1192.2,1194.55,1192.1,1193.5,8003
1634533200,1193.5,1193.5,1191.5,1192.95,7706
1634533500,1192.95,1193.3,1191.4,1192.5,5273
1634533800,1192.5,1197.3,1192.1,1196.0,23831
1634534100,1196.45,1197.65,1195.4,1196.6,19299
1634534400,1196.6,1197.8,1196.0,1196.0,5648
1634534700,1196.0,1199.0,1195.5,1198.55,5992
1634535000,1198.75,1200.0,1197.65,1199.5,9390
1634535300,1199.5,1201.5,1198.85,1199.5,9878
1634535600,1199.5,1200.8,1198.05,1198.5,7330
1634535900,1198.25,1198.5,1196.45,1196.85,8889
1634536200,1196.85,1198.05,1195.6,1196.2,17487
1634536500,1196.2,1197.25,1195.6,1197.0,5008
1634536800,1197.0,1197.0,1195.5,1195.6,6442
1634537100,1195.6,1196.45,1194.9,1195.15,7244
1634537400,1195.15,1198.75,1194.25,1195.8,10691
1634537700,1195.8,1196.95,1195.4,1195.95,6471
1634538000,1195.95,1197.2,1195.5,1196.7,8074
1634538300,1196.7,1197.7,1195.35,1195.75,8723
1634538600,1195.35,1195.9,1194.0,1195.15,10919
1634538900,1195.15,1195.15,1193.0,1193.3,8372
1634539200,1193.3,1194.6,1193.0,1194.5,3067
1634539500,1194.5,1195.4,1193.9,1193.9,7011
1634539800,1193.85,1194.15,1191.9,1192.0,11268
1634540100,1192.0,1194.75,1191.65,1194.75,3230
1634540400,1194.75,1197.95,1193.25,1194.9,14238
1634540700,1194.75,1197.05,1194.25,1194.85,8724
1634541000,1194.95,1196.55,1194.9,1195.7,5525
1634541300,1195.7,1196.5,1195.0,1196.25,11504
1634541600,1196.25,1196.75,1195.0,1195.65,6962
1634541900,1195.65,1195.9,1195.0,1195.0,6305
1634542200,1195.0,1195.5,1194.4,1194.5,10110
1634542500,1194.5,1194.85,1192.0,1194.0,31169
1634542800,1194.0,1194.0,1192.2,1192.8,5116
1634543100,1192.85,1192.85,1191.2,1191.3,6979
1634543400,1191.3,1193.65,1191.1,1193.25,8600
1634543700,1192.6,1196.0,1192.35,1195.6,5534
1634544000,1195.6,1196.0,1193.7,1195.05,10294
1634544300,1195.05,1196.0,1191.5,1191.65,14286
1634544600,1191.65,1194.3,1191.65,1193.45,3643
1634544900,1193.45,1194.6,1193.1,1194.55,3512
1634545200,1194.55,1195.75,1194.4,1195.0,4131
1634545500,1194.95,1195.45,1194.4,1194.45,3745
1634545800,1195.05,1196.95,1194.45,1195.4,8326
1634546100,1195.4,1196.6,1195.4,1196.5,4645
1634546400,1196.6,1196.95,1196.45,1196.95,5529
1634546700,1196.9,1198.8,1195.0,1195.0,13343
1634547000,1195.1,1197.0,1194.8,1195.8,22496
1634547300,1195.8,1196.55,1195.0,1195.45,2820
1634547600,1195.45,1195.55,1194.6,1194.75,4830
1634547900,1194.8,1195.7,1193.3,1194.1,4521
1634548200,1194.1,1194.65,1191.5,1192.55,7334
1634548500,1192.6,1194.55,1190.55,1193.6,14300
1634548800,1193.45,1194.65,1193.45,1193.85,7540
1634549100,1194.0,1194.5,1193.65,1193.9,3647
1634549400,1193.9,1194.15,1192.1,1193.2,17913
1634549700,1193.2,1193.85,1192.0,1192.5,18743
1634550000,1192.05,1192.85,1191.0,1191.05,15854
1634550300,1191.35,1192.5,1190.9,1191.95,23190
1634550600,1191.85,1196.05,1191.0,1193.1,49758
1634550900,1193.1,1195.6,1190.35,1195.0,21213
1634615100,1193.5,1201.85,1193.5,1200.55,35442
1634615400,1200.8,1205.6,1200.8,1204.45,26753
1634615700,1204.75,1207.7,1203.6,1205.8,35021
1634616000,1205.75,1212.9,1205.3,1209.8,43050
1634616300,1210.0,1215.9,1209.0,1213.6,95098
1634616600,1214.45,1214.45,1207.5,1209.75,20830
1634616900,1209.6,1210.8,1208.5,1208.5,9276
1634617200,1209.15,1209.9,1207.1,1209.45,15083
1634617500,1209.4,1211.9,1207.05,1209.95,30967
1634617800,1210.0,1210.65,1203.05,1204.15,39103
1634618100,1204.55,1204.55,1198.55,1200.0,26332
1634618400,1200.05,1204.0,1199.4,1202.0,15508
1634618700,1202.0,1202.0,1196.65,1197.9,21881
1634619000,1197.9,1199.45,1195.5,1195.95,16339
1634619300,1196.35,1199.15,1196.25,1198.05,11420
1634619600,1198.05,1199.95,1196.55,1197.3,17903
1634619900,1198.05,1200.1,1197.05,1199.35,14045
1634620200,1199.35,1201.35,1197.0,1197.2,18264
1634620500,1197.65,1198.75,1197.0,1197.2,9684
1634620800,1197.1,1198.3,1195.0,1197.0,14954
1634621100,1196.5,1197.45,1195.0,1196.8,9211
1634621400,1196.8,1198.3,1195.85,1196.1,58203
1634621700,1196.05,1197.0,1195.0,1195.15,8427
1634622000,1195.1,1197.95,1195.0,1197.15,6527
1634622300,1197.15,1198.2,1196.0,1196.95,5755
1634622600,1196.95,1198.4,1196.15,1198.0,11739
1634622900,1198.0,1201.25,1197.55,1200.2,10509
1634623200,1200.2,1201.0,1200.0,1200.25,7805
1634623500,1200.25,1201.0,1200.0,1200.7,5459
1634623800,1200.2,1201.3,1200.0,1201.3,7337
1634624100,1201.3,1203.75,1201.0,1202.6,9041
1634624400,1202.6,1203.15,1200.55,1201.05,10377
1634624700,1201.05,1202.45,1200.1,1200.2,6408
1634625000,1200.2,1202.0,1200.05,1200.1,6671
1634625300,1200.1,1202.0,1200.0,1201.1,6188
1634625600,1201.1,1202.95,1200.3,1201.65,9939
1634625900,1201.65,1204.7,1201.55,1203.15,13994
1634626200,1203.5,1203.5,1201.25,1202.55,12263
1634626500,1202.55,1202.55,1200.5,1202.0,10466
1634626800,1202.0,1202.5,1201.2,1201.7,6082
1634627100,1201.7,1202.0,1201.05,1201.75,4381
1634627400,1201.75,1201.9,1200.05,1200.2,8054
1634627700,1200.2,1201.95,1200.0,1201.75,7432
1634628000,1201.15,1202.15,1200.0,1201.65,9632
1634628300,1201.65,1202.6,1200.0,1202.6,19347
1634628600,1202.6,1202.6,1202.05,1202.4,5247
1634628900,1202.4,1202.5,1202.05,1202.05,6258
1634629200,1202.2,1202.25,1200.35,1201.65,5952
1634629500,1201.65,1201.7,1200.2,1201.55,5255
1634629800,1201.55,1204.7,1201.05,1204.0,19808
1634630100,1204.0,1205.5,1202.85,1205.0,21732
1634630400,1204.95,1205.0,1202.9,1204.05,64961
1634630700,1204.55,1204.55,1200.0,1200.05,14210
1634631000,1200.05,1200.65,1199.35,1199.6,12415
1634631300,1199.65,1200.8,1198.55,1200.1,9424
1634631600,1200.1,1200.1,1199.15,1199.9,7256
1634631900,1199.9,1200.75,1198.8,1198.8,8278
1634632200,1198.75,1198.8,1196.05,1196.9,15480
1634632500,1196.9,1198.0,1196.2,1196.85,20096
1634632800,1196.85,1197.0,1194.35,1195.55,19991
1634633100,1195.55,1197.0,1194.7,1196.85,16920
1634633400,1196.85,1197.0,1194.35,1195.9,15522
1634633700,1195.9,1198.5,1194.1,1197.05,25208
1634634000,1197.05,1198.6,1196.6,1196.7,9368
1634634300,1196.7,1199.3,1196.0,1198.0,14126
1634634600,1197.35,1198.0,1196.25,1197.45,11705
1634634900,1197.0,1199.25,1195.0,1196.05,22629
1634635200,1195.55,1196.25,1192.4,1192.55,24457
1634635500,1193.0,1195.95,1192.2,1192.25,20746
1634635800,1192.95,1194.45,1191.8,1193.7,18227
1634636100,1193.8,1196.85,1192.25,1195.35,23351
1634636400,1195.35,1195.95,1192.25,1195.4,21669
1634636700,1195.4,1196.5,1186.55,1191.0,32991
1634637000,1191.75,1197.1,1191.15,1196.1,21029
1634637300,1196.1,1198.0,1195.3,1197.0,7646
1634701500,1199.0,1203.0,1190.45,1193.55,46467
1634701800,1191.95,1192.95,1184.45,1187.75,31377
1634702100,1187.75,1195.0,1182.8,1195.0,30525
1634702400,1195.0,1196.0,1185.9,1186.45,11570
1634702700,1186.45,1194.0,1186.45,1191.8,12269
1634703000,1191.8,1194.75,1191.8,1192.55,7455
1634703300,1192.55,1194.6,1192.0,1193.6,10601
1634703600,1193.1,1195.95,1193.1,1195.75,8270
1634703900,1195.65,1199.4,1195.05,1199.4,14418
1634704200,1199.35,1201.15,1196.3,1197.1,15259
1634704500,1197.4,1198.0,1195.05,1197.35,6382
1634704800,1197.35,1201.85,1196.15,1197.85,9195
1634705100,1197.0,1200.0,1196.8,1198.4,4175
1634705400,1198.4,1198.4,1193.0,1193.0,10019
1634705700,1192.25,1195.9,1191.6,1195.9,5885
1634706000,1195.9,1198.8,1195.9,1197.25,4425
1634706300,1197.9,1200.45,1197.35,1199.0,11497
1634706600,1199.55,1199.6,1195.0,1198.35,8827
1634706900,1198.35,1200.7,1198.0,1198.15,7559
1634707200,1198.75,1199.4,1196.7,1198.25,6453
1634707500,1198.25,1200.35,1198.1,1199.95,4551
1634707800,1199.95,1199.95,1195.6,1196.05,5823
1634708100,1196.05,1197.55,1194.25,1196.8,7369
1634708400,1196.8,1198.0,1195.4,1196.65,6251
1634708700,1196.6,1196.6,1194.15,1194.25,4090
1634709000,1194.85,1195.5,1188.7,1190.7,68958
1634709300,1190.7,1191.5,1189.2,1190.4,43178
1634709600,1190.4,1191.0,1188.85,1190.2,33395
1634709900,1190.2,1190.65,1183.15,1185.6,28243
1634710200,1185.6,1188.5,1185.6,1188.05,7467
1634710500,1188.15,1189.0,1185.3,1187.2,14829
1634710800,1187.2,1188.5,1185.0,1188.5,13886
1634711100,1188.5,1190.0,1187.9,1190.0,9174
1634711400,1190.0,1190.1,1187.0,1187.35,10446
1634711700,1187.35,1189.45,1186.6,1187.3,7132
1634712000,1186.1,1186.2,1183.15,1183.15,10030
1634712300,1183.15,1183.7,1181.1,1182.35,17403
1634712600,1182.2,1184.75,1182.1,1183.6,6505
1634712900,1183.45,1183.45,1179.0,1180.0,18188
1634713200,1180.0,1180.35,1178.1,1179.8,11359
1634713500,1179.8,1179.8,1176.85,1178.7,63559
1634713800,1178.7,1180.05,1175.4,1175.4,33290
1634714100,1175.4,1176.5,1171.0,1174.05,61201
1634714400,1174.1,1175.9,1169.0,1171.65,50797
1634714700,1171.65,1174.55,1170.0,1171.45,22348
1634715000,1171.45,1174.0,1169.45,1173.0,23335
1634715300,1173.0,1173.25,1169.0,1169.75,183458
1634715600,1169.05,1169.75,1168.7,1169.0,37505
1634715900,1169.0,1169.1,1168.1,1168.6,33541
1634716200,1168.6,1169.45,1168.1,1168.85,15458
1634716500,1168.85,1169.45,1167.0,1167.25,10499
1634716800,1167.25,1169.25,1162.0,1162.6,57715
1634717100,1162.75,1163.85,1161.25,1162.3,30420
1634717400,1162.3,1164.0,1159.0,1160.1,48788
1634717700,1160.9,1162.4,1158.25,1161.25,29789
1634718000,1161.25,1162.1,1157.25,1157.75,41623
1634718300,1157.75,1162.9,1157.55,1162.7,98597
1634718600,1162.7,1165.45,1160.0,1160.0,34040
1634718900,1160.0,1164.45,1159.7,1163.3,30511
1634719200,1163.3,1165.0,1162.2,1162.8,19682
1634719500,1162.5,1163.85,1160.0,1161.35,24899
1634719800,1161.35,1162.55,1158.0,1160.1,27715
1634720100,1160.15,1160.95,1158.35,1160.8,18830
1634720400,1160.95,1162.6,1158.7,1158.95,21806
1634720700,1158.95,1160.3,1157.1,1158.0,16139
1634721000,1158.0,1159.95,1155.9,1159.15,24085
1634721300,1159.05,1163.2,1158.6,1162.0,32228
1634721600,1162.0,1167.9,1161.5,1166.0,43264
1634721900,1166.0,1166.5,1164.35,1166.25,27411
1634722200,1166.3,1167.95,1163.8,1167.85,39168
1634722500,1167.5,1170.0,1166.0,1170.0,45754
1634722800,1169.0,1170.8,1168.95,1170.3,44917
1634723100,1170.0,1170.45,1167.05,1167.15,71061
1634723400,1167.0,1170.0,1166.15,1170.0,69033
1634723700,1170.0,1170.35,1164.95,1169.15,36818
1634787900,1170.0,1176.9,1164.45,1166.35,64070
1634788200,1167.3,1174.55,1165.2,1170.45,44141
1634788500,1170.45,1173.1,1168.75,1173.1,22698
1634788800,1173.15,1177.8,1173.0,1177.0,23644
1634789100,1177.0,1183.9,1176.95,1177.75,37621
1634789400,1177.3,1180.5,1176.0,1180.45,24302
1634789700,1180.45,1181.0,1177.05,1180.9,18777
1634790000,1180.9,1184.3,1180.45,1184.3,12354
1634790300,1183.9,1184.45,1178.35,1179.15,26907
1634790600,1179.3,1179.6,1175.0,1175.7,20251
1634790900,1175.7,1176.45,1171.05,1171.05,35380
1634791200,1171.0,1171.85,1165.55,1170.25,179177
1634791500,1170.4,1170.95,1167.2,1169.5,10478
1634791800,1169.5,1172.0,1169.1,1171.15,8131
1634792100,1171.15,1173.5,1170.8,1173.35,7391
1634792400,1173.3,1173.3,1169.65,1170.5,6714
1634792700,1169.5,1170.2,1168.0,1169.0,7763
1634793000,1168.95,1169.0,1167.55,1167.95,7822
1634793300,1167.95,1168.95,1166.2,1167.7,7799
1634793600,1167.65,1167.7,1165.0,1166.1,10645
1634793900,1165.9,1166.4,1165.0,1165.35,14239
1634794200,1165.35,1165.7,1160.0,1161.05,22004
1634794500,1161.05,1165.7,1160.65,1165.2,16716
1634794800,1165.2,1166.65,1162.8,1164.75,11323
1634795100,1164.65,1164.7,1161.4,1162.7,7467
1634795400,1162.75,1164.6,1162.25,1163.55,6172
1634795700,1163.5,1165.0,1163.5,1163.9,3688
1634796000,1163.9,1165.4,1163.0,1163.75,5471
1634796300,1163.7,1166.05,1163.2,1164.65,5881
1634796600,1164.7,1165.4,1161.6,1162.45,11528
1634796900,1162.4,1163.9,1162.0,1163.1,7870
1634797200,1163.1,1164.9,1163.1,1163.95,5860
1634797500,1163.95,1163.95,1160.5,1160.8,8370
1634797800,1160.6,1161.35,1157.4,1157.7,16353
1634798100,1157.7,1163.15,1157.1,1161.8,29631
1634798400,1161.45,1161.45,1158.85,1160.3,6997
1634798700,1160.3,1160.4,1158.15,1159.5,13515
1634799000,1158.95,1159.4,1156.45,1156.45,11513
1634799300,1156.8,1157.5,1155.05,1155.1,12569
1634799600,1155.1,1156.55,1152.1,1152.65,15961
1634799900,1152.65,1155.55,1152.0,1155.35,30331
1634800200,1155.35,1155.65,1154.2,1154.65,20657
1634800500,1154.65,1155.25,1153.0,1154.55,8388
1634800800,1154.55,1155.25,1152.25,1152.25,10421
1634801100,1152.55,1152.6,1150.3,1151.25,23056
1634801400,1151.25,1151.8,1151.0,1151.2,12496
1634801700,1151.2,1151.65,1145.1,1146.0,343960
1634802000,1146.05,1146.8,1144.0,1145.6,27345
1634802300,1145.65,1146.9,1145.0,1146.45,8592
1634802600,1146.45,1148.6,1146.35,1148.1,13092
1634802900,1148.1,1148.1,1146.0,1146.8,4242
1634803200,1146.8,1148.4,1143.05,1144.35,11509
1634803500,1144.5,1145.0,1141.45,1141.45,10854
1634803800,1141.45,1141.8,1138.05,1139.9,14183
1634804100,1139.9,1143.8,1139.55,1143.0,20829
1634804400,1143.0,1144.55,1140.55,1142.0,133030
1634804700,1142.0,1143.9,1140.55,1142.85,6270
1634805000,1142.85,1143.15,1141.4,1141.6,7103
1634805300,1142.0,1145.45,1141.0,1144.4,30969
1634805600,1144.4,1145.3,1141.65,1142.15,19713
1634805900,1142.15,1143.1,1141.55,1142.95,5751
1634806200,1143.25,1144.6,1140.8,1140.8,125615
1634806500,1141.0,1145.45,1140.85,1144.25,9803
1634806800,1144.25,1147.1,1144.15,1146.75,13452
1634807100,1146.75,1147.0,1144.85,1146.5,20192
1634807400,1146.5,1151.4,1145.0,1150.2,31662
1634807700,1150.5,1151.0,1149.0,1150.15,16734
1634808000,1150.15,1153.55,1149.65,1153.3,20693
1634808300,1153.3,1156.7,1153.05,1156.15,14555
1634808600,1155.55,1156.9,1153.0,1154.9,25783
1634808900,1154.75,1157.45,1154.05,1157.25,15578
1634809200,1157.15,1159.5,1156.5,1159.4,18074
1634809500,1159.2,1160.95,1158.75,1160.05,31219
1634809800,1160.0,1160.4,1158.7,1159.6,46620
1634810100,1159.5,1160.0,1155.5,1158.8,21213
1634874300,1168.0,1168.0,1158.3,1167.7,31508
1634874600,1167.75,1169.95,1166.3,1167.8,13869
1634874900,1167.8,1169.0,1166.0,1166.65,5600
1634875200,1167.0,1169.8,1165.45,1166.95,9182
1634875500,1166.95,1167.0,1163.0,1167.0,6615
1634875800,1166.5,1167.9,1165.85,1166.15,4554
1634876100,1166.55,1166.55,1162.75,1164.85,3981
1634876400,1164.85,1165.9,1161.9,1162.1,6729
1634876700,1162.7,1162.95,1160.0,1162.6,10252
1634877000,1162.6,1164.4,1161.65,1164.35,2471
1634877300,1164.35,1164.35,1161.55,1162.95,6318
1634877600,1162.2,1164.85,1162.15,1164.7,4862
1634877900,1164.7,1164.85,1161.8,1163.0,6269
1634878200,1163.0,1164.9,1162.35,1164.55,7068
1634878500,1164.55,1164.55,1161.1,1162.95,3266
1634878800,1162.95,1164.7,1161.85,1164.05,4766
1634879100,1164.45,1164.6,1162.6,1164.5,4820
1634879400,1164.5,1164.95,1163.7,1163.7,3938
1634879700,1163.7,1163.7,1161.3,1161.85,3395
1634880000,1161.85,1163.55,1161.85,1163.35,2445
1634880300,1163.35,1163.4,1162.25,1162.9,2639
1634880600,1162.95,1163.95,1162.4,1163.8,4225
1634880900,1163.8,1166.85,1163.4,1166.85,6800
1634881200,1166.8,1168.0,1165.6,1166.0,5871
1634881500,1166.0,1166.0,1160.9,1161.05,7451
1634881800,1161.05,1162.55,1160.0,1160.15,6303
1634882100,1160.55,1160.9,1155.15,1156.6,19228
1634882400,1156.0,1157.75,1151.25,1153.3,16249
1634882700,1153.3,1157.15,1152.6,1156.4,7277
1634883000,1156.45,1156.9,1155.0,1156.05,5502
1634883300,1156.05,1156.05,1152.95,1155.05,5700
1634883600,1154.55,1156.0,1154.0,1154.75,4372
1634883900,1154.75,1154.75,1151.0,1152.45,6447
1634884200,1152.5,1156.55,1151.8,1152.95,8576
1634884500,1152.95,1153.45,1150.0,1150.4,5840
1634884800,1150.4,1152.15,1148.25,1150.75,10396
1634885100,1150.95,1151.85,1147.25,1147.9,45971
1634885400,1147.9,1148.8,1147.55,1148.0,65308
1634885700,1148.0,1155.0,1147.9,1152.95,24491
1634886000,1152.25,1153.45,1150.9,1152.65,9282
1634886300,1152.6,1153.35,1147.6,1149.35,13713
1634886600,1149.35,1152.95,1148.8,1152.65,10797
1634886900,1152.65,1158.45,1151.3,1157.95,23660
1634887200,1157.95,1158.95,1154.8,1155.75,23044
1634887500,1155.75,1155.95,1151.0,1151.2,12551
1634887800,1151.1,1152.65,1149.7,1149.75,8714
1634888100,1149.4,1151.65,1148.45,1149.5,9804
1634888400,1149.5,1154.45,1149.4,1151.05,9852
1634888700,1150.85,1152.05,1148.9,1149.95,13038
1634889000,1149.75,1153.0,1148.1,1151.5,9761
1634889300,1151.35,1153.8,1150.15,1153.8,9100
1634889600,1153.75,1154.05,1151.8,1152.5,9458
1634889900,1152.7,1152.7,1148.05,1149.35,15194
1634890200,1149.35,1149.9,1147.55,1148.7,9805
1634890500,1148.7,1153.5,1144.7,1144.7,18429
1634890800,1144.7,1147.35,1141.7,1147.3,21077
1634891100,1147.3,1150.5,1146.2,1150.4,9866
1634891400,1150.4,1152.95,1148.15,1150.7,20667
1634891700,1150.1,1150.55,1145.45,1148.5,14579
1634892000,1148.5,1155.1,1148.5,1153.3,33428
1634892300,1152.3,1152.3,1148.1,1150.25,19562
1634892600,1150.25,1150.5,1148.0,1148.5,8362
1634892900,1148.5,1152.0,1146.0,1152.0,18767
1634893200,1152.8,1156.5,1152.8,1156.45,22132
1634893500,1156.4,1161.9,1155.0,1161.55,25070
1634893800,1161.55,1165.5,1160.45,1164.8,81217
1634894100,1164.95,1167.15,1163.1,1165.8,20954
1634894400,1165.8,1166.75,1162.0,1166.35,19705
1634894700,1166.35,1166.35,1162.65,1165.8,30612
1634895000,1165.8,1169.1,1164.8,1167.35,18915
1634895300,1167.0,1171.8,1166.1,1170.75,23601
1634895600,1170.75,1170.85,1166.55,1168.3,28408
1634895900,1168.0,1168.45,1164.2,1164.95,24185
1634896200,1164.85,1167.55,1164.85,1167.55,27482
1634896500,1167.5,1170.0,1165.0,1165.1,36588
1635133500,1157.6,1166.95,1150.65,1157.55,45321
1635133800,1157.85,1163.25,1156.45,1161.55,54310
1635134100,1161.4,1163.8,1155.05,1163.8,31360
1635134400,1162.85,1163.8,1156.3,1156.3,52385
1635134700,1156.1,1156.7,1153.1,1155.75,12526
1635135000,1155.75,1155.75,1144.3,1147.5,34972
1635135300,1147.5,1148.6,1143.25,1144.0,18007
1635135600,1144.0,1144.9,1142.05,1144.0,9664
1635135900,1144.0,1146.45,1142.5,1144.1,20280
1635136200,1144.1,1144.75,1140.0,1143.4,11112
1635136500,1143.4,1145.7,1130.9,1136.25,47352
1635136800,1136.7,1137.35,1130.0,1136.95,27945
1635137100,1136.95,1137.3,1132.45,1135.7,100338
1635137400,1135.7,1140.95,1135.7,1138.8,21415
1635137700,1138.8,1141.4,1138.25,1140.0,12025
1635138000,1140.0,1145.2,1139.9,1144.35,13611
1635138300,1144.35,1145.0,1142.35,1144.7,25292
1635138600,1145.0,1145.8,1143.35,1143.7,8005
1635138900,1143.7,1145.7,1143.25,1145.65,8752
1635139200,1145.65,1146.85,1145.0,1146.05,11333
1635139500,1146.45,1146.45,1144.2,1146.25,15228
1635139800,1146.1,1150.1,1145.0,1150.0,24295
1635140100,1149.3,1150.5,1148.2,1150.25,21314
1635140400,1150.25,1151.75,1149.15,1150.2,15288
1635140700,1150.2,1151.0,1149.5,1150.65,9546
1635141000,1150.65,1151.5,1149.3,1150.2,12798
1635141300,1150.2,1150.4,1148.9,1150.0,16122
1635141600,1150.0,1151.0,1149.0,1149.85,8217
1635141900,1149.85,1152.75,1149.5,1151.35,19163
1635142200,1149.95,1152.5,1149.95,1152.3,20544
1635142500,1152.3,1154.45,1150.05,1153.15,19208
1635142800,1153.15,1153.95,1151.0,1152.25,15565
1635143100,1152.25,1152.35,1150.0,1151.95,16798
1635143400,1151.45,1152.15,1150.7,1152.1,17352
1635143700,1152.1,1152.35,1149.45,1150.35,24686
1635144000,1150.35,1151.75,1148.85,1150.1,18848
1635144300,1150.1,1151.9,1149.1,1150.15,22789
1635144600,1150.15,1151.1,1148.5,1149.4,17063
1635144900,1149.45,1150.0,1147.65,1150.0,22162
1635145200,1150.0,1150.4,1147.55,1147.55,32375
1635145500,1148.15,1149.35,1147.1,1148.2,15800
1635145800,1148.2,1150.6,1147.45,1149.25,17961
1635146100,1149.25,1149.7,1147.4,1148.55,14575
1635146400,1148.55,1149.85,1145.75,1147.65,16153
1635146700,1147.65,1148.0,1146.85,1147.95,14447
1635147000,1147.95,1148.1,1146.55,1148.0,23703
1635147300,1148.05,1148.2,1147.25,1148.05,19364
1635147600,1148.05,1148.5,1146.4,1147.6,18248
1635147900,1147.6,1148.5,1145.7,1146.75,12587
1635148200,1146.75,1147.65,1145.75,1147.0,13935
1635148500,1147.0,1148.1,1146.0,1147.55,15092
1635148800,1147.55,1147.55,1146.15,1147.3,19710
1635149100,1147.3,1150.0,1146.65,1150.0,13959
1635149400,1149.85,1150.0,1148.8,1150.0,13115
1635149700,1150.0,1150.0,1148.0,1149.15,9969
1635150000,1149.15,1152.15,1148.2,1151.5,16512
1635150300,1152.0,1152.0,1149.1,1149.65,17452
1635150600,1149.65,1150.4,1145.0,1145.0,15372
1635150900,1145.0,1145.3,1140.0,1140.45,24762
1635151200,1140.5,1141.5,1137.1,1140.6,29851
1635151500,1140.6,1140.6,1135.0,1136.35,35104
1635151800,1136.35,1137.9,1134.7,1134.8,26323
1635152100,1135.05,1137.0,1133.2,1136.8,32086
1635152400,1136.8,1138.6,1132.75,1132.95,29808
1635152700,1133.1,1137.75,1132.95,1137.15,34313
1635153000,1137.15,1139.4,1136.25,1138.25,26467
1635153300,1138.25,1138.95,1136.7,1137.4,21109
1635153600,1137.4,1138.3,1135.2,1138.2,23598
1635153900,1137.85,1138.25,1134.0,1134.65,20908
1635154200,1134.65,1134.65,1130.6,1132.0,36256
1635154500,1132.0,1133.7,1128.45,1129.05,52278
1635154800,1129.35,1129.9,1127.75,1128.5,55733
1635155100,1128.8,1129.9,1126.3,1129.5,65553
1635155400,1129.5,1132.25,1128.2,1130.8,67983
1635155700,1131.45,1133.0,1129.65,1133.0,35406
1635219900,1135.0,1142.95,1134.0,1142.0,21285
1635220200,1142.4,1145.9,1141.9,1144.55,25348
1635220500,1144.9,1148.15,1144.85,1145.95,20151
1635220800,1145.95,1153.5,1145.95,1153.2,23903
1635221100,1153.2,1156.0,1152.75,1154.6,26604
1635221400,1154.6,1160.15,1152.75,1158.9,27776
1635221700,1158.9,1159.0,1155.0,1156.55,23051
1635222000,1156.55,1160.65,1155.1,1155.1,35926
1635222300,1155.1,1155.85,1153.05,1155.0,20848
1635222600,1155.0,1155.0,1153.0,1153.05,14386
1635222900,1153.05,1153.05,1148.3,1149.45,12243
1635223200,1149.45,1150.0,1148.05,1148.95,9196
1635223500,1148.95,1150.0,1148.9,1149.6,37799
1635223800,1149.6,1150.0,1143.25,1144.9,25057
1635224100,1144.9,1145.0,1143.9,1145.0,44317
1635224400,1145.0,1148.45,1144.95,1148.4,27310
1635224700,1148.4,1149.9,1147.95,1149.9,7837
1635225000,1149.9,1150.0,1148.75,1149.8,26938
1635225300,1149.3,1149.75,1146.25,1147.2,10475
1635225600,1147.2,1149.45,1147.2,1148.25,4073
1635225900,1148.3,1149.3,1147.7,1149.3,5097
1635226200,1149.0,1150.0,1149.0,1149.9,5494
1635226500,1149.9,1150.0,1148.7,1149.0,5712
1635226800,1149.0,1150.0,1149.0,1150.0,13458
1635227100,1150.0,1153.5,1149.75,1153.0,15123
1635227400,1153.0,1154.5,1151.0,1152.0,8859
1635227700,1152.0,1154.15,1151.35,1153.4,5570
1635228000,1153.4,1160.65,1153.35,1158.55,24334
1635228300,1158.35,1159.0,1155.6,1158.25,11969
1635228600,1158.35,1159.1,1155.95,1157.35,10421
1635228900,1157.35,1157.35,1154.65,1154.65,12871
1635229200,1154.65,1157.0,1154.35,1156.35,12907
1635229500,1156.35,1159.3,1156.0,1158.65,9759
1635229800,1158.65,1162.5,1158.65,1161.2,27437
1635230100,1161.75,1162.45,1160.15,1162.45,6785
1635230400,1161.5,1163.9,1160.9,1163.8,22938
1635230700,1163.8,1163.9,1162.8,1162.9,9595
1635231000,1162.9,1163.5,1162.2,1163.35,22456
1635231300,1163.35,1168.2,1163.35,1167.5,27247
1635231600,1168.0,1168.7,1166.9,1167.0,20532
1635231900,1167.0,1167.4,1161.4,1161.4,19203
1635232200,1161.4,1162.7,1159.95,1159.95,20450
1635232500,1159.95,1161.2,1157.0,1157.15,16194
1635232800,1157.7,1159.9,1155.7,1158.85,13387
1635233100,1158.95,1162.05,1158.9,1160.9,12497
1635233400,1161.3,1161.75,1158.9,1160.85,11541
1635233700,1160.85,1165.8,1160.85,1165.8,10262
1635234000,1165.25,1166.6,1164.45,1164.5,8476
1635234300,1164.5,1167.95,1164.4,1166.6,15460
1635234600,1166.6,1166.6,1164.95,1165.0,9899
1635234900,1165.0,1167.75,1164.85,1167.05,16049
1635235200,1167.05,1168.7,1167.05,1168.65,16050
1635235500,1168.65,1168.7,1168.4,1168.45,20829
1635235800,1168.5,1170.5,1167.45,1170.5,21234
1635236100,1171.0,1173.3,1169.2,1171.05,33540
1635236400,1171.2,1171.65,1169.0,1169.65,30970
1635236700,1170.0,1173.35,1169.8,1173.2,17775
1635237000,1173.35,1176.5,1173.2,1174.45,49255
1635237300,1174.75,1175.75,1171.65,1174.05,43415
1635237600,1174.05,1176.65,1173.5,1175.95,21504
1635237900,1176.0,1177.3,1174.05,1174.05,28199
1635238200,1173.85,1175.4,1172.8,1174.85,21321
1635238500,1174.85,1175.85,1172.25,1172.35,16915
1635238800,1172.35,1174.0,1172.05,1172.7,20060
1635239100,1172.35,1173.75,1171.75,1172.7,15883
1635239400,1172.7,1173.5,1171.75,1173.1,15228
1635239700,1173.85,1175.0,1172.1,1173.4,20299
1635240000,1173.4,1176.8,1173.0,1176.0,23007
1635240300,1175.5,1178.3,1175.45,1177.85,17552
1635240600,1177.85,1178.05,1166.55,1167.75,71111
1635240900,1167.3,1168.85,1165.45,1168.05,33967
1635241200,1168.25,1169.9,1168.0,1169.0,23149
1635241500,1169.35,1172.0,1168.4,1171.5,29446
1635241800,1171.5,1175.5,1171.0,1175.5,49519
1635242100,1175.6,1176.55,1169.5,1173.0,54492
1635306300,1175.4,1184.95,1175.4,1181.05,79115
1635306600,1181.4,1190.5,1181.0,1186.3,55532
1635306900,1186.5,1186.8,1179.05,1181.25,37060
1635307200,1181.25,1184.05,1179.0,1183.0,22032
1635307500,1183.0,1191.85,1181.35,1189.8,44950
1635307800,1189.1,1190.75,1186.85,1188.65,21883
1635308100,1188.65,1191.95,1188.25,1191.15,16805
1635308400,1191.15,1194.0,1189.5,1189.5,24612
1635308700,1189.35,1192.0,1188.7,1191.6,9915
1635309000,1192.0,1195.0,1190.45,1192.5,17977
1635309300,1192.5,1193.45,1190.15,1190.9,12939
1635309600,1190.9,1194.0,1189.75,1194.0,11973
1635309900,1193.95,1197.55,1193.3,1196.0,31004
1635310200,1196.0,1196.5,1190.65,1191.5,18449
1635310500,1191.5,1192.2,1187.15,1189.05,18102
1635310800,1189.05,1194.9,1188.55,1194.0,18053
1635311100,1194.0,1197.1,1193.2,1195.75,14887
1635311400,1195.9,1198.6,1195.2,1198.0,19323
1635311700,1197.75,1199.0,1195.2,1198.4,16836
1635312000,1198.4,1199.55,1195.7,1198.0,13444
1635312300,1198.0,1198.9,1196.5,1198.0,8465
1635312600,1197.7,1202.05,1197.3,1198.55,37048
1635312900,1199.55,1200.1,1196.05,1197.35,10710
1635313200,1197.3,1198.75,1196.05,1198.2,15769
1635313500,1198.2,1201.85,1197.55,1200.65,27336
1635313800,1200.6,1202.0,1200.0,1200.45,14766
1635314100,1200.05,1200.9,1198.05,1200.0,29377
1635314400,1200.0,1201.8,1199.85,1200.95,16261
1635314700,1200.75,1201.0,1199.3,1199.7,8330
1635315000,1199.65,1200.15,1196.45,1199.1,37037
1635315300,1199.05,1200.15,1197.3,1197.35,13331
1635315600,1197.35,1199.95,1196.95,1198.65,13194
1635315900,1198.75,1198.75,1195.0,1195.95,15496
1635316200,1196.4,1197.0,1192.0,1192.0,16912
1635316500,1192.0,1195.0,1192.0,1195.0,9038
1635316800,1195.0,1196.25,1192.6,1192.6,21589
1635317100,1192.55,1192.75,1187.95,1189.8,52294
1635317400,1190.0,1190.0,1187.85,1188.6,38947
1635317700,1188.7,1189.45,1187.05,1189.15,12558
1635318000,1189.1,1190.0,1183.0,1185.0,25976
1635318300,1185.0,1190.0,1184.75,1189.45,59429
1635318600,1189.75,1190.0,1188.85,1189.7,8739
1635318900,1189.7,1190.0,1188.55,1188.95,7231
1635319200,1189.0,1189.0,1187.85,1188.95,7481
1635319500,1188.9,1190.0,1188.9,1190.0,7056
1635319800,1190.0,1190.0,1188.45,1189.9,8756
1635320100,1189.35,1190.0,1188.7,1190.0,32732
1635320400,1190.0,1190.0,1188.95,1189.95,15244
1635320700,1189.95,1190.0,1189.3,1189.85,21119
1635321000,1190.0,1194.65,1189.4,1193.7,39558
1635321300,1193.7,1199.45,1193.2,1199.45,31482
1635321600,1198.65,1201.75,1196.75,1198.5,21759
1635321900,1198.5,1199.0,1197.2,1198.0,9134
1635322200,1197.95,1199.9,1196.8,1197.35,14613
1635322500,1197.7,1198.65,1190.15,1190.55,35694
1635322800,1190.5,1191.4,1188.45,1190.0,32280
1635323100,1190.0,1190.0,1189.4,1189.65,18033
1635323400,1189.65,1190.0,1189.65,1189.95,25345
1635323700,1189.95,1190.0,1188.0,1188.2,12285
1635324000,1188.35,1190.0,1188.15,1189.95,9723
1635324300,1189.95,1190.0,1185.5,1186.45,19333
1635324600,1186.45,1187.55,1184.55,1185.85,19992
1635324900,1185.95,1186.2,1180.3,1185.8,30170
1635325200,1185.85,1185.9,1180.65,1182.1,14476
1635325500,1182.05,1186.0,1181.95,1183.2,16081
1635325800,1183.35,1185.5,1178.0,1178.55,69941
1635326100,1178.55,1180.0,1177.2,1178.85,57153
1635326400,1178.8,1179.5,1175.55,1176.0,20066
1635326700,1176.0,1179.4,1175.3,1176.65,28668
1635327000,1175.95,1186.2,1175.9,1184.4,44180
1635327300,1184.9,1186.35,1179.95,1179.95,27512
1635327600,1180.7,1186.85,1179.75,1186.25,33068
1635327900,1186.45,1192.25,1186.45,1189.25,60221
1635328200,1189.05,1189.55,1182.6,1187.5,55036
1635328500,1186.65,1191.25,1186.65,1189.95,72333
1635392700,1210.0,1221.75,1180.15,1194.9,496226
1635393000,1193.4,1206.9,1192.05,1202.7,181518
1635393300,1203.8,1204.85,1187.35,1197.95,131729
1635393600,1195.25,1197.05,1182.25,1182.25,139225
1635393900,1181.5,1189.3,1180.35,1186.05,74081
1635394200,1186.0,1186.9,1178.15,1178.65,62661
1635394500,1178.85,1178.85,1167.5,1171.3,84215
1635394800,1171.2,1172.25,1160.95,1165.9,85527
1635395100,1165.9,1173.65,1161.5,1164.55,45066
1635395400,1163.5,1173.25,1162.25,1167.5,64558
1635395700,1167.9,1173.3,1165.45,1172.9,33136
1635396000,1172.8,1186.9,1171.3,1182.85,81166
1635396300,1183.3,1188.15,1182.85,1187.75,63020
1635396600,1186.8,1190.0,1184.0,1188.25,44874
1635396900,1188.25,1189.9,1187.0,1187.0,33482
1635397200,1185.25,1187.9,1182.65,1185.95,45160
1635397500,1185.95,1189.65,1185.2,1187.15,55975
1635397800,1187.4,1188.7,1183.95,1188.05,33144
1635398100,1187.65,1188.85,1183.0,1183.35,31536
1635398400,1183.2,1186.65,1182.45,1183.0,14019
1635398700,1183.0,1183.45,1178.3,1180.4,21874
1635399000,1180.15,1180.5,1174.55,1174.8,18986
1635399300,1174.9,1174.9,1171.3,1174.35,21373
1635399600,1173.4,1174.8,1170.25,1170.35,63522
1635399900,1170.85,1175.65,1170.7,1173.75,13648
1635400200,1173.8,1173.8,1171.0,1171.1,11950
1635400500,1171.1,1171.3,1166.65,1169.4,20341
1635400800,1169.1,1170.0,1164.85,1168.35,18527
1635401100,1168.35,1169.65,1165.15,1165.9,14717
1635401400,1165.9,1167.6,1163.1,1166.35,11275
1635401700,1166.35,1170.0,1166.35,1170.0,43643
1635402000,1169.75,1171.75,1168.3,1171.05,16793
1635402300,1171.05,1173.4,1169.25,1169.95,30813
1635402600,1169.3,1169.5,1166.3,1167.1,10636
1635402900,1167.1,1167.55,1164.25,1165.8,88028
1635403200,1165.8,1170.0,1165.0,1169.45,27055
1635403500,1169.1,1169.95,1167.2,1169.85,9915
1635403800,1169.85,1170.0,1168.0,1168.35,6095
1635404100,1168.35,1169.85,1167.25,1168.1,6784
1635404400,1167.5,1169.65,1166.6,1168.6,5881
1635404700,1169.5,1170.0,1166.85,1167.4,20023
1635405000,1167.4,1174.35,1166.45,1172.7,161632
1635405300,1173.0,1176.4,1172.5,1176.25,15252
1635405600,1175.8,1176.75,1173.7,1176.0,15709
1635405900,1175.8,1176.8,1174.4,1175.05,24493
1635406200,1174.4,1176.7,1172.6,1176.65,15665
1635406500,1176.8,1177.0,1174.0,1174.75,8625
1635406800,1174.8,1175.7,1172.7,1174.3,13654
1635407100,1174.3,1174.7,1171.05,1171.6,7704
1635407400,1171.6,1172.0,1170.35,1171.5,7175
1635407700,1171.9,1171.9,1168.0,1168.25,10994
1635408000,1168.25,1169.95,1167.05,1168.6,16245
1635408300,1168.6,1169.15,1165.2,1165.8,13958
1635408600,1165.9,1166.2,1164.05,1166.2,13313
1635408900,1166.4,1166.4,1163.65,1164.6,9640
1635409200,1164.6,1164.6,1160.2,1161.6,21454
1635409500,1162.15,1163.1,1160.15,1161.0,10463
1635409800,1161.0,1162.0,1158.1,1158.95,40877
1635410100,1159.65,1162.2,1159.05,1161.9,13893
1635410400,1162.0,1166.95,1160.95,1164.15,48033
1635410700,1164.15,1169.05,1164.0,1167.65,33925
1635411000,1167.65,1167.65,1164.05,1165.65,27086
1635411300,1165.5,1169.0,1164.9,1167.6,19751
1635411600,1167.2,1173.3,1165.25,1171.3,79914
1635411900,1171.25,1172.4,1168.85,1170.35,23376
1635412200,1170.35,1171.95,1167.7,1171.75,25086
1635412500,1171.7,1174.9,1169.75,1170.5,57444
1635412800,1170.5,1173.95,1170.35,1171.3,21381
1635413100,1171.3,1173.1,1170.0,1172.1,22177
1635413400,1172.35,1173.95,1170.4,1173.95,74019
1635413700,1174.1,1174.55,1170.35,1170.45,68233
1635414000,1169.75,1170.55,1163.2,1163.35,91749
1635414300,1163.3,1165.0,1161.65,1163.95,74239
1635414600,1163.55,1166.45,1160.65,1162.15,86708
1635414900,1162.3,1173.9,1162.2,1173.9,25259
1635479100,1167.1,1171.05,1157.15,1166.0,77296
1635479400,1166.0,1166.0,1149.0,1154.15,121133
1635479700,1153.85,1162.7,1152.55,1158.05,32897
1635480000,1158.05,1162.85,1154.4,1159.75,22519
1635480300,1160.15,1163.95,1154.55,1163.0,45883
1635480600,1163.0,1163.35,1158.35,1159.0,13715
1635480900,1159.0,1167.05,1158.4,1164.9,17564
1635481200,1164.9,1167.35,1164.1,1166.6,6839
1635481500,1166.6,1169.35,1165.15,1165.2,21748
1635481800,1165.75,1165.75,1160.55,1164.3,12682
1635482100,1164.3,1165.15,1162.9,1164.75,6095
1635482400,1164.55,1166.0,1161.1,1166.0,22572
1635482700,1166.0,1167.65,1164.75,1166.25,10448
1635483000,1166.25,1169.0,1163.0,1168.8,8739
1635483300,1168.3,1173.6,1168.3,1172.0,41037
1635483600,1172.0,1176.05,1170.8,1173.2,10490
1635483900,1172.6,1175.65,1172.05,1174.45,8159
1635484200,1175.0,1177.55,1172.25,1175.55,10254
1635484500,1175.55,1175.95,1173.0,1174.9,5277
1635484800,1174.9,1177.95,1173.7,1177.4,14472
1635485100,1177.4,1180.0,1177.0,1177.9,23119
1635485400,1177.9,1179.9,1176.2,1176.6,8588
1635485700,1176.6,1176.9,1172.85,1173.65,5767
1635486000,1173.65,1173.65,1168.1,1168.95,10925
1635486300,1168.9,1174.95,1168.35,1173.0,7395
1635486600,1172.15,1174.6,1171.2,1172.05,5568
1635486900,1172.0,1172.0,1166.3,1166.3,6441
1635487200,1166.9,1168.9,1166.4,1167.25,4516
1635487500,1167.25,1167.85,1165.1,1167.2,3916
1635487800,1166.0,1171.05,1165.05,1169.0,16225
1635488100,1169.2,1169.2,1163.9,1164.5,9782
1635488400,1164.5,1166.05,1162.1,1163.0,17599
1635488700,1163.0,1163.0,1160.0,1160.65,10379
1635489000,1160.65,1163.15,1160.05,1163.1,6443
1635489300,1163.1,1163.6,1161.0,1161.0,8636
1635489600,1161.25,1164.0,1160.05,1163.4,20157
1635489900,1163.4,1165.7,1162.0,1163.2,14216
1635490200,1163.15,1164.6,1160.3,1160.4,17601
1635490500,1160.4,1161.8,1156.15,1157.0,38687
1635490800,1156.55,1157.0,1153.35,1154.15,27860
1635491100,1154.1,1157.35,1153.25,1153.8,26257
1635491400,1153.5,1156.2,1152.8,1155.8,25976
1635491700,1155.5,1156.95,1154.0,1156.1,18834
1635492000,1156.0,1156.45,1153.0,1155.5,16743
1635492300,1155.5,1159.75,1155.25,1156.0,21489
1635492600,1156.3,1158.9,1153.55,1153.55,24055
1635492900,1153.55,1154.2,1150.8,1151.7,27164
1635493200,1151.7,1154.7,1151.15,1154.4,13802
1635493500,1154.4,1154.9,1151.2,1152.0,10667
1635493800,1151.45,1153.4,1150.4,1151.0,24058
1635494100,1151.6,1152.6,1150.2,1152.5,17448
1635494400,1152.55,1153.45,1149.5,1150.0,22978
1635494700,1150.0,1151.4,1149.5,1150.05,11965
1635495000,1150.05,1153.55,1149.1,1152.55,9801
1635495300,1152.55,1153.3,1148.0,1148.35,20004
1635495600,1148.35,1150.0,1147.9,1148.0,11261
1635495900,1148.0,1148.95,1147.5,1147.5,3999
1635496200,1147.6,1149.75,1147.4,1149.0,10054
1635496500,1149.05,1149.15,1145.25,1147.65,22864
1635496800,1146.8,1148.3,1145.0,1145.3,15045
1635497100,1145.65,1147.0,1142.55,1144.4,16832
1635497400,1144.4,1149.0,1143.25,1149.0,14297
1635497700,1149.0,1155.05,1147.5,1155.05,45124
1635498000,1155.0,1155.0,1149.25,1150.15,25953
1635498300,1150.15,1152.8,1148.9,1151.45,11182
1635498600,1151.45,1151.75,1145.65,1146.85,12625
1635498900,1146.85,1149.0,1146.3,1148.4,10756
1635499200,1148.4,1151.45,1147.0,1150.2,13011
1635499500,1150.2,1151.75,1147.3,1150.0,11892
1635499800,1150.0,1151.3,1144.9,1145.3,32676
1635500100,1145.3,1146.6,1142.1,1145.2,37938
1635500400,1145.2,1146.9,1142.2,1144.05,38633
1635500700,1144.35,1147.6,1142.45,1145.3,45368
1635501000,1145.3,1146.95,1143.25,1145.9,45101
1635501300,1145.9,1152.6,1144.05,1145.0,26318
1635738300,1148.0,1156.8,1145.0,1153.05,24939
1635738600,1153.05,1153.05,1141.15,1142.0,27149
1635738900,1141.95,1146.0,1140.8,1143.15,21952
1635739200,1143.15,1146.2,1138.55,1138.55,16766
1635739500,1140.1,1146.0,1139.9,1146.0,8323
1635739800,1146.0,1147.9,1145.0,1147.85,12068
1635740100,1147.75,1149.9,1146.45,1149.45,10104
1635740400,1149.7,1151.6,1149.0,1151.55,7793
1635740700,1151.55,1158.55,1151.4,1155.5,17560
1635741000,1155.5,1155.85,1151.9,1152.9,6476
1635741300,1152.85,1152.85,1147.2,1147.7,11742
1635741600,1146.55,1148.65,1146.55,1147.3,8175
1635741900,1147.3,1149.0,1146.95,1148.8,6552
1635742200,1148.45,1151.5,1146.95,1150.8,6212
1635742500,1150.8,1152.9,1149.8,1152.0,10936
1635742800,1151.8,1153.3,1151.4,1152.75,50905
1635743100,1152.75,1154.1,1152.0,1153.5,4839
1635743400,1153.5,1156.85,1153.5,1156.65,4737
1635743700,1156.65,1157.0,1155.0,1155.0,6734
1635744000,1155.05,1159.0,1155.0,1158.9,7623
1635744300,1158.9,1164.45,1158.4,1162.2,16541
1635744600,1162.2,1163.0,1158.0,1158.5,8390
1635744900,1158.15,1158.3,1155.0,1155.0,6948
1635745200,1156.0,1157.5,1156.0,1157.35,7703
1635745500,1157.35,1157.55,1156.0,1156.05,5086
1635745800,1155.95,1161.1,1155.95,1160.05,5952
1635746100,1160.55,1160.55,1155.8,1156.1,5198
1635746400,1156.1,1158.55,1156.1,1158.0,2969
1635746700,1158.0,1159.75,1157.95,1159.3,7185
1635747000,1159.3,1163.0,1159.3,1161.2,21712
1635747300,1161.2,1161.5,1157.0,1157.45,7915
1635747600,1157.35,1159.8,1157.35,1159.8,3493
1635747900,1159.8,1160.3,1159.35,1160.3,3551
1635748200,1160.95,1161.05,1157.85,1158.5,5062
1635748500,1158.95,1161.5,1158.05,1161.05,4383
1635748800,1161.3,1166.7,1161.2,1163.95,15936
1635749100,1163.65,1165.4,1160.75,1161.95,12229
1635749400,1161.95,1162.9,1160.7,1162.7,5658
1635749700,1162.7,1164.6,1162.05,1163.95,5736
1635750000,1163.95,1164.5,1158.45,1159.85,9656
1635750300,1160.2,1160.6,1158.75,1160.3,4598
1635750600,1160.3,1160.7,1158.3,1158.7,6695
1635750900,1158.7,1160.7,1157.65,1160.7,4365
1635751200,1160.7,1163.45,1159.0,1162.8,5139
1635751500,1162.8,1163.45,1158.8,1158.8,5985
1635751800,1158.8,1160.65,1158.2,1159.4,4733
1635752100,1159.4,1162.9,1159.4,1162.4,5737
1635752400,1162.4,1162.95,1161.85,1161.9,3358
1635752700,1161.85,1161.9,1160.7,1160.95,4344
1635753000,1160.95,1161.9,1160.3,1161.9,7506
1635753300,1161.85,1164.4,1161.85,1163.95,2921
1635753600,1163.95,1169.4,1163.95,1168.0,44109
1635753900,1168.0,1173.05,1168.0,1171.95,25886
1635754200,1171.95,1171.95,1168.6,1170.15,9685
1635754500,1170.15,1171.6,1166.7,1167.6,11462
1635754800,1167.25,1170.0,1166.05,1168.8,10231
1635755100,1168.5,1170.0,1167.55,1170.0,2832
1635755400,1170.0,1171.35,1166.4,1167.35,14530
1635755700,1166.95,1168.25,1165.8,1167.9,7628
1635756000,1167.9,1167.9,1162.5,1163.0,15072
1635756300,1162.9,1164.8,1161.5,1163.9,17005
1635756600,1164.05,1166.55,1163.95,1164.55,8188
1635756900,1164.55,1164.95,1162.2,1162.5,15375
1635757200,1162.35,1162.6,1159.05,1159.3,48307
1635757500,1159.3,1161.1,1159.3,1161.0,22365
1635757800,1161.0,1162.0,1160.05,1160.95,13012
1635758100,1160.75,1162.0,1160.75,1161.95,12238
1635758400,1162.0,1162.0,1158.8,1161.4,12476
1635758700,1161.3,1161.7,1159.3,1159.7,19203
1635759000,1159.7,1165.1,1159.0,1165.05,64495
1635759300,1164.85,1165.1,1163.55,1164.0,37762
1635759600,1164.0,1164.45,1162.8,1163.15,13367
1635759900,1163.15,1163.9,1161.2,1161.75,16803
1635760200,1161.75,1163.55,1161.75,1163.5,19300
1635760500,1163.55,1163.65,1160.0,1161.2,20962
1635824700,1163.35,1170.05,1160.8,1169.1,51252
1635825000,1170.1,1170.8,1166.8,1169.15,21998
1635825300,1169.15,1171.25,1168.0,1171.25,14212
1635825600,1171.25,1171.35,1167.3,1168.1,18217
1635825900,1168.1,1169.75,1165.75,1168.7,17436
1635826200,1168.8,1172.0,1168.4,1170.95,16659
1635826500,1171.15,1172.25,1169.25,1170.0,17137
1635826800,1170.0,1170.85,1169.5,1169.85,7746
1635827100,1169.85,1171.6,1168.0,1171.6,18198
1635827400,1171.6,1171.6,1169.55,1170.7,7280
1635827700,1170.7,1171.0,1169.4,1170.25,12285
1635828000,1170.2,1171.0,1167.65,1169.4,18058
1635828300,1169.4,1170.25,1168.85,1170.05,1749
1635828600,1170.1,1171.25,1169.35,1169.65,5345
1635828900,1169.65,1169.65,1166.75,1168.95,11150
1635829200,1168.95,1168.95,1166.5,1166.6,5183
1635829500,1166.55,1166.8,1162.55,1163.0,11183
1635829800,1163.0,1164.5,1162.7,1163.85,5894
1635830100,1163.85,1164.4,1161.45,1161.5,9684
1635830400,1161.45,1162.9,1161.1,1162.15,5576
1635830700,1162.3,1162.75,1161.1,1161.6,5104
1635831000,1161.35,1162.6,1161.15,1162.15,3381
1635831300,1162.15,1163.0,1161.6,1162.2,7302
1635831600,1162.2,1162.45,1160.35,1162.3,7650
1635831900,1161.75,1162.7,1161.6,1162.4,4710
1635832200,1162.15,1162.3,1160.35,1160.5,7535
1635832500,1160.4,1162.0,1159.3,1161.8,12080
1635832800,1161.1,1162.7,1160.6,1161.8,5061
1635833100,1161.75,1162.7,1161.1,1161.95,6753
1635833400,1161.75,1162.5,1161.25,1161.45,4922
1635833700,1161.45,1161.8,1160.0,1160.55,6945
1635834000,1160.4,1162.9,1160.3,1162.8,6535
1635834300,1162.8,1163.0,1162.25,1162.7,4622
1635834600,1162.7,1163.0,1161.95,1162.25,5149
1635834900,1162.2,1162.5,1161.25,1161.6,3888
1635835200,1161.45,1162.05,1161.0,1161.4,7222
1635835500,1161.4,1162.5,1160.85,1161.5,5119
1635835800,1161.2,1162.8,1161.2,1162.35,5736
1635836100,1162.35,1162.75,1160.3,1160.55,15423
1635836400,1160.3,1160.3,1158.3,1159.95,9378
1635836700,1159.5,1161.95,1159.3,1160.35,15656
1635837000,1160.35,1160.35,1157.85,1158.1,7066
1635837300,1158.15,1160.15,1157.4,1159.7,14484
1635837600,1159.6,1161.0,1159.35,1159.95,12718
1635837900,1159.95,1160.0,1158.0,1158.85,22323
1635838200,1158.85,1160.0,1158.0,1159.85,10858
1635838500,1159.65,1164.15,1159.35,1163.55,29079
1635838800,1163.35,1164.0,1161.6,1162.3,9282
1635839100,1162.25,1162.55,1160.3,1162.2,9213
1635839400,1161.9,1162.4,1160.15,1161.5,5693
1635839700,1161.4,1161.95,1160.6,1161.1,5259
1635840000,1160.75,1161.2,1159.8,1160.35,7817
1635840300,1160.1,1161.25,1159.95,1160.0,4824
1635840600,1160.0,1160.15,1158.45,1158.55,4935
1635840900,1158.5,1159.95,1158.3,1159.95,8147
1635841200,1159.25,1161.0,1159.25,1159.85,5608
1635841500,1159.7,1159.85,1156.05,1156.6,11256
1635841800,1156.6,1157.0,1155.3,1156.45,7411
1635842100,1156.3,1158.7,1155.9,1157.85,7772
1635842400,1157.85,1158.5,1156.0,1157.0,6236
1635842700,1156.5,1164.0,1156.25,1161.7,75252
1635843000,1161.65,1164.0,1160.6,1163.9,20401
1635843300,1163.6,1165.0,1162.65,1164.7,28514
1635843600,1164.35,1166.9,1163.65,1164.45,57095
1635843900,1164.45,1166.7,1164.45,1166.1,22020
1635844200,1166.1,1166.35,1164.05,1164.8,20824
1635844500,1164.8,1169.0,1164.1,1168.0,27433
1635844800,1168.05,1169.1,1165.7,1168.8,25833
1635845100,1168.3,1168.5,1164.55,1165.05,23240
1635845400,1165.05,1166.75,1164.15,1164.7,33218
1635845700,1164.65,1166.2,1161.7,1166.15,36038
1635846000,1166.1,1171.15,1165.5,1169.65,35815
1635846300,1169.55,1169.55,1164.0,1164.0,56744
1635846600,1164.0,1165.85,1163.8,1165.7,52567
1635846900,1165.55,1169.9,1164.9,1169.9,26852
1635911100,1170.0,1190.0,1170.0,1186.9,139687
1635911400,1187.25,1189.15,1184.0,1185.0,96100
1635911700,1185.0,1196.0,1183.7,1192.5,92447
1635912000,1192.5,1198.4,1188.9,1194.05,91596
1635912300,1194.15,1196.4,1190.2,1193.0,53252
1635912600,1193.0,1195.95,1190.0,1195.1,35006
1635912900,1195.1,1196.25,1192.5,1193.15,31232
1635913200,1193.15,1193.65,1185.45,1188.0,53562
1635913500,1188.0,1189.5,1184.35,1186.55,34856
1635913800,1186.55,1187.9,1184.6,1186.1,26532
1635914100,1186.1,1188.5,1182.8,1185.5,32989
1635914400,1185.5,1187.45,1183.65,1185.15,15548
1635914700,1185.6,1186.5,1183.25,1184.8,8984
1635915000,1184.65,1186.35,1182.4,1184.5,30253
1635915300,1184.5,1184.5,1180.75,1182.85,24040
1635915600,1182.85,1184.35,1179.75,1182.05,23747
1635915900,1182.05,1182.25,1178.05,1178.25,15452
1635916200,1178.55,1179.0,1176.45,1177.35,23573
1635916500,1177.05,1179.0,1176.3,1176.85,16337
1635916800,1177.5,1182.3,1176.95,1182.0,16343
1635917100,1181.95,1182.0,1177.7,1178.9,9837
1635917400,1178.85,1179.45,1177.0,1177.85,5450
1635917700,1177.8,1179.1,1176.0,1176.95,7976
1635918000,1176.9,1180.2,1175.65,1179.85,11935
1635918300,1179.85,1179.95,1176.95,1178.55,9482
1635918600,1178.55,1179.0,1176.95,1178.55,11546
1635918900,1178.7,1180.5,1177.6,1180.5,13473
1635919200,1181.0,1183.4,1179.6,1181.75,35504
1635919500,1181.75,1182.95,1180.0,1181.55,21802
1635919800,1181.55,1184.1,1181.55,1183.2,30854
1635920100,1183.2,1183.2,1177.9,1179.75,7422
1635920400,1179.75,1181.05,1178.65,1180.4,6786
1635920700,1180.3,1180.45,1176.1,1176.75,8083
1635921000,1176.8,1178.05,1174.55,1174.75,22829
1635921300,1174.7,1175.8,1173.65,1174.55,18141
1635921600,1174.55,1175.0,1173.15,1175.0,9212
1635921900,1175.85,1175.85,1173.45,1174.65,9805
1635922200,1174.7,1175.0,1173.55,1174.85,19897
1635922500,1174.85,1176.75,1173.55,1176.4,20067
1635922800,1176.4,1177.2,1175.5,1177.2,8923
1635923100,1177.1,1179.15,1176.3,1178.15,13139
1635923400,1178.1,1178.85,1176.85,1178.4,13245
1635923700,1178.4,1179.2,1173.55,1173.6,57003
1635924000,1173.6,1175.0,1171.2,1173.75,42297
1635924300,1173.75,1173.9,1172.65,1172.95,4713
1635924600,1173.1,1173.15,1167.6,1169.75,14362
1635924900,1170.0,1172.3,1169.85,1171.2,12761
1635925200,1171.2,1171.85,1168.1,1168.6,7647
1635925500,1168.6,1171.45,1167.0,1171.45,16645
1635925800,1171.45,1173.15,1169.55,1169.9,7966
1635926100,1169.85,1171.0,1168.0,1168.5,6408
1635926400,1168.25,1169.7,1167.35,1169.55,10993
1635926700,1169.85,1173.8,1169.15,1171.75,11886
1635927000,1171.75,1173.85,1171.15,1173.0,5835
1635927300,1173.0,1173.8,1171.95,1173.5,2405
1635927600,1173.5,1174.45,1172.05,1174.45,6195
1635927900,1174.55,1176.0,1173.35,1175.5,8618
1635928200,1175.5,1176.5,1173.9,1174.6,7303
1635928500,1174.6,1174.6,1170.05,1171.3,12188
1635928800,1171.25,1172.6,1169.65,1171.0,4680
1635929100,1170.9,1171.5,1168.0,1169.65,7116
1635929400,1169.65,1170.55,1168.05,1169.4,9323
1635929700,1169.4,1172.75,1168.1,1172.0,19531
1635930000,1171.75,1171.95,1169.05,1170.4,8002
1635930300,1170.4,1174.5,1170.0,1173.55,10376
1635930600,1173.45,1179.15,1172.8,1173.1,33091
1635930900,1172.85,1176.0,1170.0,1172.7,28533
1635931200,1172.7,1172.7,1169.05,1169.5,11652
1635931500,1169.5,1172.85,1168.1,1172.85,19875
1635931800,1172.85,1178.25,1172.65,1177.65,73371
1635932100,1177.65,1178.65,1174.7,1177.4,63424
1635932400,1177.7,1180.95,1176.75,1180.75,59284
1635932700,1180.75,1181.45,1178.85,1180.4,64130
1635933000,1180.65,1182.5,1178.8,1180.0,61435
1635933300,1180.0,1181.9,1176.4,1179.2,53849
1636029900,1189.95,1189.95,1180.0,1184.3,22781
1636030200,1184.4,1185.65,1180.65,1182.0,13070
1636030500,1181.85,1183.5,1179.0,1183.4,10468
1636030800,1183.4,1184.0,1172.55,1182.85,26176
1636031100,1181.85,1183.4,1180.85,1182.2,7930
1636031400,1182.5,1184.95,1182.2,1183.05,5948
1636031700,1183.15,1183.65,1180.85,1181.65,3480
1636032000,1181.65,1184.0,1181.0,1182.4,3922
1636032300,1182.4,1183.5,1182.0,1183.05,4890
1636032600,1183.05,1183.1,1180.0,1180.7,5630
1636032900,1180.7,1183.4,1180.15,1182.15,7697
1636033200,1182.5,1182.95,1180.0,1182.0,4643
1636343100,1183.0,1192.15,1182.5,1186.0,73454
1636343400,1185.8,1187.4,1177.35,1178.0,45965
1636343700,1178.05,1183.8,1177.95,1179.75,31271
1636344000,1179.2,1189.7,1179.2,1182.6,44836
1636344300,1182.6,1182.8,1179.75,1182.5,10339
1636344600,1182.65,1186.3,1181.4,1186.25,12253
1636344900,1186.25,1186.45,1183.7,1185.15,13819
1636345200,1185.45,1188.0,1184.3,1186.9,11367
1636345500,1186.9,1187.45,1184.0,1185.65,12067
1636345800,1185.65,1187.1,1185.4,1185.4,13084
1636346100,1185.4,1186.7,1184.65,1185.0,6618
1636346400,1185.0,1187.85,1181.7,1186.4,13779
1636346700,1186.75,1186.75,1183.3,1183.95,10297
1636347000,1183.95,1184.15,1181.7,1182.6,9952
1636347300,1182.6,1183.55,1181.0,1183.45,6804
1636347600,1183.45,1186.5,1183.45,1185.5,6747
1636347900,1185.5,1185.5,1183.05,1183.9,6883
1636348200,1183.9,1185.8,1183.05,1184.9,6318
1636348500,1184.75,1186.65,1183.85,1185.65,6762
1636348800,1185.9,1186.0,1184.0,1185.0,5803
1636349100,1185.0,1187.6,1184.85,1186.95,10437
1636349400,1187.45,1188.0,1186.25,1187.1,6855
1636349700,1187.1,1189.9,1187.0,1189.2,11300
1636350000,1189.55,1190.0,1188.15,1189.95,12736
1636350300,1190.3,1191.8,1190.25,1190.3,9382
1636350600,1190.3,1191.15,1190.3,1190.65,6469
1636350900,1190.65,1190.7,1189.3,1189.65,8525
1636351200,1189.6,1191.75,1188.6,1190.9,11415
1636351500,1190.9,1190.9,1189.95,1190.0,15795
1636351800,1190.0,1191.8,1190.0,1190.9,11805
1636352100,1190.9,1193.0,1190.9,1193.0,17746
1636352400,1193.0,1193.85,1191.0,1191.3,15707
1636352700,1191.15,1192.45,1191.15,1192.25,20364
1636353000,1192.25,1195.0,1192.25,1194.35,27079
1636353300,1194.35,1196.0,1194.3,1195.4,19959
1636353600,1195.4,1195.75,1192.5,1193.1,21201
1636353900,1193.1,1195.55,1193.05,1195.25,12563
1636354200,1195.15,1196.55,1195.0,1196.2,23973
1636354500,1196.2,1198.0,1195.4,1197.05,32415
1636354800,1197.0,1198.15,1196.65,1197.45,16901
1636355100,1197.45,1197.9,1197.2,1197.65,18527
1636355400,1197.7,1197.8,1195.65,1196.85,32676
1636355700,1196.85,1198.9,1196.7,1198.1,22451
1636356000,1198.1,1200.35,1197.15,1197.15,30293
1636356300,1198.15,1200.0,1197.15,1198.05,22055
1636356600,1198.05,1200.0,1197.4,1199.55,10228
1636356900,1199.55,1199.8,1198.0,1199.35,12747
1636357200,1199.0,1199.55,1197.75,1199.55,9085
1636357500,1199.5,1199.85,1197.5,1197.95,9162
1636357800,1197.95,1201.8,1197.25,1200.7,14861
1636358100,1200.7,1201.2,1199.6,1200.4,10745
1636358400,1200.4,1200.5,1197.85,1200.3,15364
1636358700,1200.3,1200.85,1197.45,1199.5,16897
1636359000,1199.5,1201.0,1199.45,1200.95,7846
1636359300,1201.0,1202.0,1199.3,1200.6,11346
1636359600,1200.65,1202.0,1198.25,1198.85,19928
1636359900,1198.85,1200.95,1197.65,1199.8,14925
1636360200,1199.8,1201.6,1199.45,1200.6,14007
1636360500,1200.6,1200.95,1200.0,1200.2,8777
1636360800,1200.45,1201.2,1198.9,1201.2,10403
1636361100,1201.2,1202.0,1199.25,1200.15,19619
1636361400,1200.05,1200.8,1199.6,1199.75,12186
1636361700,1200.0,1200.3,1199.75,1200.2,11825
1636362000,1200.2,1201.55,1200.2,1201.4,10578
1636362300,1201.4,1201.85,1200.0,1201.0,12626
1636362600,1200.8,1201.5,1199.7,1200.1,13445
1636362900,1200.05,1200.75,1198.35,1200.4,20642
1636363200,1200.4,1200.65,1199.05,1199.85,19354
1636363500,1199.7,1201.2,1199.0,1201.2,18627
1636363800,1201.2,1202.0,1200.0,1200.65,34784
1636364100,1200.75,1201.45,1200.0,1200.6,29457
1636364400,1200.6,1200.6,1199.35,1200.05,38177
1636364700,1200.05,1200.75,1199.05,1200.4,38099
1636365000,1200.4,1202.1,1200.0,1200.55,74890
1636365300,1200.55,1201.85,1200.0,1200.0,31053
1636429500,1212.0,1212.0,1203.0,1205.65,101391
1636429800,1206.3,1208.6,1202.5,1204.15,84476
1636430100,1204.15,1207.8,1204.15,1205.05,53838
1636430400,1205.85,1206.7,1201.6,1202.8,35950
1636430700,1202.8,1202.8,1197.4,1199.0,35857
1636431000,1199.35,1199.35,1194.55,1194.9,27761
1636431300,1194.9,1196.35,1193.8,1195.6,21473
1636431600,1195.3,1196.9,1192.4,1196.25,12951
1636431900,1196.15,1197.75,1195.25,1196.15,8539
1636432200,1196.15,1197.25,1193.5,1196.3,12276
1636432500,1196.35,1198.5,1196.35,1198.4,8906
1636432800,1198.4,1198.55,1197.0,1197.35,7115
1636433100,1197.35,1198.15,1197.0,1197.5,4801
1636433400,1197.5,1198.9,1196.55,1198.65,6536
1636433700,1198.65,1198.7,1196.75,1198.65,5985
1636434000,1198.65,1199.95,1197.55,1199.0,8853
1636434300,1199.0,1199.6,1196.55,1197.35,7184
1636434600,1196.8,1198.15,1195.25,1196.5,8483
1636434900,1196.75,1196.85,1195.6,1196.0,5984
1636435200,1196.0,1196.1,1194.0,1194.5,6539
1636435500,1194.5,1196.95,1194.5,1196.35,9598
1636435800,1196.4,1198.0,1196.4,1197.25,5752
1636436100,1197.0,1197.95,1196.0,1197.25,7069
1636436400,1197.25,1197.5,1196.2,1197.45,5628
1636436700,1197.45,1197.5,1194.0,1194.9,7090
1636437000,1194.9,1196.2,1194.9,1195.35,6264
1636437300,1195.35,1196.2,1194.7,1195.25,7926
1636437600,1195.85,1197.5,1195.25,1196.0,9234
1636437900,1196.0,1197.1,1195.15,1196.3,5268
1636438200,1196.3,1196.3,1194.5,1195.4,15187
1636438500,1195.2,1197.35,1195.2,1196.55,14444
1636438800,1196.1,1198.0,1196.1,1197.6,7506
1636439100,1197.6,1198.9,1197.0,1198.65,9715
1636439400,1198.65,1198.65,1197.7,1198.35,5839
1636439700,1198.35,1198.85,1197.45,1198.0,13311
1636440000,1198.0,1198.8,1198.0,1198.4,4558
1636440300,1198.4,1200.65,1198.15,1200.05,11927
1636440600,1200.05,1201.95,1200.05,1201.55,16084
1636440900,1201.55,1204.55,1201.55,1203.75,46527
1636441200,1203.75,1204.0,1203.35,1203.6,21138
1636441500,1203.6,1205.0,1202.85,1203.8,24144
1636441800,1203.8,1204.55,1203.0,1204.3,15151
1636442100,1204.05,1205.45,1203.0,1205.1,46883
1636442400,1205.1,1206.45,1204.85,1206.15,16879
1636442700,1206.15,1206.7,1205.2,1206.05,61656
1636443000,1206.1,1207.95,1206.0,1206.2,17863
1636443300,1206.2,1206.8,1206.0,1206.15,31875
1636443600,1206.25,1206.25,1205.0,1206.25,54404
1636443900,1206.25,1208.0,1206.2,1207.35,9780
1636444200,1207.65,1207.65,1204.9,1204.9,15841
1636444500,1205.2,1205.2,1204.15,1204.15,13659
1636444800,1204.15,1205.5,1204.0,1204.5,16030
1636445100,1204.5,1205.1,1203.9,1204.7,25685
1636445400,1204.35,1206.15,1204.0,1205.3,37215
1636445700,1205.3,1206.0,1204.0,1205.6,25757
1636446000,1205.6,1205.65,1204.35,1204.75,5702
1636446300,1204.75,1207.25,1204.7,1207.25,11156
1636446600,1207.25,1207.9,1205.0,1205.55,24287
1636446900,1205.55,1205.75,1205.0,1205.3,8291
1636447200,1205.65,1205.9,1204.65,1205.2,5797
1636447500,1205.2,1206.35,1205.05,1206.35,4977
1636447800,1206.35,1206.65,1205.2,1205.2,12035
1636448100,1205.0,1205.6,1204.85,1205.5,8792
1636448400,1205.5,1207.0,1205.4,1205.65,9911
1636448700,1205.65,1206.35,1205.0,1205.7,10843
1636449000,1205.1,1206.5,1205.1,1205.7,9996
1636449300,1205.5,1206.05,1205.0,1205.25,11745
1636449600,1205.7,1205.7,1204.15,1204.8,18706
1636449900,1204.75,1206.85,1204.2,1205.0,65598
1636450200,1205.25,1207.65,1205.05,1207.35,23523
1636450500,1207.35,1209.9,1207.35,1209.8,24076
1636450800,1209.55,1209.75,1207.35,1208.75,35639
1636451100,1208.95,1209.45,1206.0,1206.6,36199
1636451400,1206.6,1207.65,1205.75,1205.85,32818
1636451700,1205.8,1209.0,1205.0,1206.0,38988
1636515900,1197.1,1204.8,1195.5,1196.15,41883
1636516200,1195.15,1197.5,1195.15,1195.6,17262
1636516500,1196.0,1197.85,1195.1,1195.35,9776
1636516800,1195.45,1196.45,1192.0,1196.45,19717
1636517100,1196.15,1197.6,1193.55,1194.9,15351
1636517400,1194.9,1195.3,1192.5,1193.05,10184
1636517700,1193.05,1193.3,1190.5,1192.6,12844
1636518000,1192.6,1193.4,1192.25,1193.05,9210
1636518300,1193.05,1193.05,1190.55,1190.8,6088
1636518600,1190.9,1196.95,1188.0,1196.95,23475
1636518900,1196.9,1199.9,1195.8,1199.1,16305
1636519200,1199.35,1199.65,1197.25,1197.7,7039
1636519500,1197.7,1197.8,1194.2,1194.65,15363
1636519800,1194.6,1196.0,1194.05,1195.1,8480
1636520100,1194.6,1195.1,1193.4,1194.85,10282
1636520400,1194.85,1195.6,1194.05,1194.55,11124
1636520700,1194.55,1195.7,1193.1,1195.7,20661
1636521000,1196.0,1197.0,1195.6,1196.7,7704
1636521300,1196.7,1196.75,1194.0,1194.8,11131
1636521600,1194.8,1195.6,1194.75,1195.3,6415
1636521900,1195.3,1195.6,1194.95,1195.15,6564
1636522200,1195.15,1195.45,1195.0,1195.3,3214
1636522500,1195.3,1195.45,1194.2,1195.0,7213
1636522800,1195.0,1195.8,1194.35,1195.35,14373
1636523100,1195.5,1195.5,1195.0,1195.05,3795
1636523400,1195.05,1196.15,1195.0,1195.6,14067
1636523700,1195.6,1195.85,1194.5,1195.35,5154
1636524000,1195.35,1195.6,1194.45,1195.2,18290
1636524300,1195.2,1196.8,1195.0,1196.2,11716
1636524600,1196.2,1196.65,1196.2,1196.65,3047
1636524900,1196.65,1196.65,1195.25,1196.3,10638
1636525200,1196.3,1196.3,1194.85,1195.05,18995
1636525500,1195.05,1195.55,1194.5,1195.0,7790
1636525800,1195.55,1195.55,1194.55,1195.4,3732
1636526100,1195.0,1195.35,1194.1,1195.1,5763
1636526400,1195.0,1195.5,1195.0,1195.05,3403
1636526700,1195.05,1195.95,1195.0,1195.2,5123
1636527000,1195.2,1196.45,1195.2,1195.35,7098
1636527300,1195.35,1195.45,1193.5,1195.0,6106
1636527600,1195.0,1195.35,1194.25,1195.1,7537
1636527900,1195.1,1195.2,1193.5,1194.45,4873
1636528200,1194.45,1194.45,1193.15,1193.2,3390
1636528500,1193.2,1195.0,1192.75,1193.1,28166
1636528800,1193.1,1193.7,1192.6,1193.05,15623
1636529100,1193.0,1193.45,1192.05,1192.45,5441
1636529400,1192.45,1193.75,1188.55,1189.0,26053
1636529700,1189.0,1189.0,1188.0,1188.3,11698
1636530000,1188.0,1188.55,1187.65,1188.3,15005
1636530300,1188.3,1190.4,1188.15,1190.4,8279
1636530600,1190.4,1190.4,1189.5,1189.6,2571
1636530900,1189.6,1189.65,1188.45,1189.45,4877
1636531200,1189.45,1191.3,1187.1,1188.3,18287
1636531500,1188.0,1189.75,1188.0,1189.65,5727
1636531800,1189.65,1190.6,1189.65,1189.95,6251
1636532100,1189.95,1190.0,1188.85,1189.5,6321
1636532400,1189.5,1190.0,1189.25,1189.75,6367
1636532700,1189.75,1190.0,1188.7,1189.85,4206
1636533000,1189.85,1190.0,1188.5,1189.5,6991
1636533300,1189.6,1190.0,1189.2,1189.3,5659
1636533600,1189.25,1189.4,1188.65,1188.8,4625
1636533900,1188.8,1188.8,1188.0,1188.15,5733
1636534200,1188.15,1188.15,1186.25,1186.95,8300
1636534500,1186.95,1187.55,1186.55,1186.85,5119
1636534800,1186.85,1188.4,1186.35,1186.8,8135
1636535100,1186.55,1188.3,1186.5,1187.3,7414
1636535400,1187.3,1187.8,1186.3,1186.45,5306
1636535700,1186.45,1187.25,1186.0,1186.85,10243
1636536000,1186.85,1187.4,1185.55,1186.65,7477
1636536300,1186.75,1186.75,1185.15,1185.4,6767
1636536600,1185.4,1187.05,1185.1,1185.9,15144
1636536900,1185.9,1187.0,1185.5,1185.6,15182
1636537200,1185.6,1186.0,1185.1,1185.3,17720
1636537500,1185.15,1185.3,1184.05,1184.1,18732
1636537800,1184.05,1184.05,1181.05,1182.0,44817
1636538100,1182.05,1184.5,1181.7,1182.9,30042
1636602300,1178.0,1192.1,1176.2,1178.15,53553
1636602600,1177.9,1179.35,1177.0,1179.3,19252
1636602900,1179.3,1179.3,1178.0,1178.8,10318
1636603200,1178.75,1178.75,1177.0,1177.85,14525
1636603500,1177.9,1179.15,1177.0,1177.05,10282
1636603800,1177.0,1177.95,1176.75,1177.95,12330
1636604100,1177.5,1178.3,1176.55,1177.5,10714
1636604400,1177.45,1178.1,1176.55,1177.0,8399
1636604700,1177.05,1178.2,1176.45,1178.15,12482
1636605000,1178.05,1178.1,1176.9,1176.9,9429
1636605300,1176.3,1177.65,1176.3,1177.3,6638
1636605600,1177.2,1177.35,1173.8,1174.8,11602
1636605900,1174.9,1174.9,1173.0,1173.95,13227
1636606200,1173.9,1173.9,1171.55,1172.0,8284
1636606500,1172.0,1172.0,1170.1,1170.1,8520
1636606800,1170.1,1170.95,1168.8,1170.25,11672
1636607100,1170.3,1173.2,1169.05,1171.25,8839
1636607400,1171.25,1172.9,1170.2,1172.85,6942
1636607700,1172.85,1172.85,1171.6,1172.0,6917
1636608000,1171.95,1174.0,1171.25,1173.9,7029
1636608300,1174.0,1177.65,1173.85,1176.75,27014
1636608600,1177.3,1177.8,1175.75,1176.35,15251
1636608900,1176.45,1177.1,1174.45,1174.45,8165
1636609200,1174.4,1174.65,1172.95,1173.35,11453
1636609500,1173.15,1173.2,1171.2,1171.9,30057
1636609800,1171.85,1172.6,1171.05,1171.5,8673
1636610100,1171.5,1171.95,1170.25,1170.25,7504
1636610400,1170.25,1171.85,1170.0,1171.0,24075
1636610700,1171.1,1172.8,1171.0,1172.35,17442
1636611000,1172.05,1172.8,1171.35,1172.0,9131
1636611300,1172.0,1172.5,1171.1,1171.35,6973
1636611600,1171.35,1171.8,1171.0,1171.0,7205
1636611900,1171.05,1171.1,1169.3,1169.95,9176
1636612200,1170.0,1170.05,1167.6,1168.0,9752
1636612500,1168.0,1168.2,1166.3,1167.95,14566
1636612800,1168.0,1168.6,1166.0,1166.15,16819
1636613100,1166.1,1166.55,1165.0,1165.5,15000
1636613400,1165.5,1165.6,1162.0,1163.65,34551
1636613700,1163.35,1164.2,1161.0,1161.0,13311
1636614000,1161.1,1162.75,1161.0,1162.05,10001
1636614300,1162.05,1162.05,1155.0,1157.4,62885
1636614600,1157.4,1157.4,1154.25,1155.4,30111
1636614900,1155.5,1157.8,1153.6,1157.35,25638
1636615200,1157.35,1158.35,1156.0,1157.05,22487
1636615500,1157.05,1158.15,1156.3,1156.7,13001
1636615800,1156.7,1158.0,1156.65,1157.45,15194
1636616100,1157.45,1157.9,1156.55,1157.65,11286
1636616400,1157.5,1157.8,1156.4,1157.15,7277
1636616700,1157.2,1158.7,1156.85,1157.25,29523
1636617000,1157.6,1159.1,1156.55,1158.45,11117
1636617300,1158.45,1159.35,1157.55,1159.0,16199
1636617600,1159.05,1160.6,1159.05,1160.05,11881
1636617900,1160.05,1160.35,1159.2,1159.2,9666
1636618200,1159.45,1159.45,1157.05,1157.95,11027
1636618500,1157.9,1158.8,1157.65,1157.7,3006
1636618800,1157.7,1157.75,1155.1,1155.1,20409
1636619100,1154.55,1155.7,1153.4,1154.8,29671
1636619400,1154.95,1155.55,1154.5,1155.0,12295
1636619700,1155.05,1155.75,1153.0,1155.55,18664
1636620000,1155.55,1156.15,1150.1,1155.2,37338
1636620300,1155.05,1155.2,1152.35,1152.35,17946
1636620600,1152.9,1156.45,1152.65,1155.05,20598
1636620900,1155.55,1156.65,1153.45,1154.4,16504
1636621200,1154.8,1156.65,1154.15,1155.25,9954
1636621500,1155.1,1155.75,1152.4,1152.6,11676
1636621800,1152.6,1155.5,1152.35,1153.9,13380
1636622100,1153.95,1154.9,1153.0,1153.25,6707
1636622400,1153.25,1155.25,1153.0,1154.7,16373
1636622700,1154.65,1155.0,1152.55,1153.1,15105
1636623000,1153.2,1154.25,1152.5,1154.05,39217
1636623300,1154.1,1154.3,1152.25,1152.55,43309
1636623600,1152.6,1153.1,1151.0,1151.4,27601
1636623900,1151.6,1154.15,1151.55,1154.15,21486
1636624200,1153.5,1154.4,1152.0,1153.0,40756
1636624500,1152.9,1157.55,1152.75,1154.1,22636
1636688700,1154.0,1159.2,1147.6,1152.05,74778
1636689000,1151.5,1158.95,1151.1,1157.7,41644
1636689300,1158.1,1164.25,1156.45,1162.15,62984
1636689600,1162.45,1162.8,1158.0,1162.1,23075
1636689900,1162.1,1163.75,1158.5,1159.05,35176
1636690200,1159.0,1162.6,1158.05,1161.2,17306
1636690500,1161.2,1163.5,1160.5,1163.0,16239
1636690800,1163.1,1168.8,1162.2,1167.25,45153
1636691100,1167.0,1169.95,1166.25,1166.25,43725
1636691400,1166.25,1167.1,1164.9,1165.5,15376
1636691700,1165.5,1167.05,1164.3,1164.75,9627
1636692000,1164.75,1165.85,1162.45,1163.95,18873
1636692300,1164.4,1166.55,1164.25,1165.2,11192
1636692600,1165.2,1167.0,1164.05,1165.3,12260
1636692900,1165.3,1167.0,1164.8,1166.85,11411
1636693200,1166.6,1167.0,1166.25,1166.65,7793
1636693500,1166.65,1168.0,1165.4,1165.9,9530
1636693800,1165.9,1166.2,1160.0,1160.3,26584
1636694100,1160.3,1160.85,1157.15,1158.0,19759
1636694400,1157.95,1159.95,1157.65,1158.95,11317
1636694700,1158.95,1161.0,1158.5,1160.5,6577
1636695000,1160.35,1163.4,1160.35,1162.25,12929
1636695300,1162.25,1162.3,1160.45,1161.5,10621
1636695600,1161.5,1162.0,1160.55,1160.65,5748
1636695900,1160.6,1162.4,1160.6,1161.4,6975
1636696200,1161.4,1162.05,1160.75,1161.35,7536
1636696500,1161.35,1164.75,1161.1,1164.05,9232
1636696800,1164.3,1165.15,1162.15,1162.3,10969
1636697100,1162.3,1163.45,1162.3,1162.9,6056
1636697400,1162.9,1164.2,1162.9,1163.1,7086
1636697700,1163.4,1164.3,1162.55,1163.7,19647
1636698000,1163.45,1166.8,1163.25,1165.8,14594
1636698300,1165.75,1167.25,1165.5,1166.95,14228
1636698600,1166.9,1172.6,1166.0,1169.15,51882
1636698900,1169.15,1173.55,1169.0,1172.1,40051
1636699200,1172.1,1175.0,1172.0,1172.55,35730
1636699500,1172.85,1173.0,1171.0,1171.1,26425
1636699800,1171.1,1171.5,1170.15,1171.1,12604
1636700100,1171.1,1171.7,1168.0,1170.05,24706
1636700400,1170.45,1172.0,1170.45,1170.55,11745
1636700700,1170.75,1172.0,1170.3,1171.0,13942
1636701000,1171.5,1172.4,1171.05,1172.1,10114
1636701300,1172.15,1172.25,1169.8,1170.3,17015
1636701600,1170.3,1171.05,1169.45,1170.4,9643
1636701900,1170.4,1171.0,1169.4,1170.9,9930
1636702200,1170.7,1171.95,1170.5,1171.75,8090
1636702500,1171.75,1172.45,1171.55,1171.7,12835
1636702800,1171.8,1171.95,1171.1,1171.3,9478
1636703100,1171.4,1172.25,1171.05,1171.8,10081
1636703400,1171.8,1172.45,1171.5,1172.0,10802
1636703700,1172.0,1172.5,1171.3,1172.15,10909
1636704000,1172.1,1173.0,1171.5,1171.9,10381
1636704300,1171.9,1173.0,1170.9,1172.65,13350
1636704600,1172.55,1172.55,1171.0,1171.2,7437
1636704900,1171.2,1172.9,1171.2,1172.1,8098
1636705200,1172.1,1172.9,1171.05,1172.25,11687
1636705500,1172.5,1172.8,1171.85,1172.25,7246
1636705800,1172.5,1172.95,1171.4,1172.5,9060
1636706100,1172.5,1173.45,1172.3,1172.7,9195
1636706400,1172.35,1173.45,1172.0,1172.95,9696
1636706700,1172.8,1172.95,1172.0,1172.1,7720
1636707000,1172.1,1172.9,1170.5,1171.3,17369
1636707300,1171.55,1172.55,1171.3,1171.6,8482
1636707600,1171.6,1172.8,1171.6,1172.2,8302
1636707900,1172.3,1174.0,1172.2,1174.0,11916
1636708200,1174.5,1174.65,1173.15,1174.55,13065
1636708500,1174.55,1175.5,1174.1,1175.35,12398
1636708800,1175.35,1177.0,1174.05,1174.1,14176
1636709100,1174.1,1176.0,1174.05,1174.3,13652
1636709400,1174.3,1174.6,1173.95,1174.1,10735
1636709700,1174.1,1175.45,1174.0,1175.0,19967
1636710000,1175.0,1175.6,1174.9,1175.05,14239
1636710300,1175.0,1175.1,1174.6,1175.05,18018
1636710600,1175.0,1175.15,1175.0,1175.05,25875
1636710900,1175.05,1175.8,1174.05,1174.75,23881
1636947900,1177.2,1179.5,1174.0,1175.0,15352
1636948200,1174.65,1175.15,1169.35,1169.35,36744
1636948500,1169.35,1174.8,1168.1,1174.75,24421
1636948800,1174.75,1174.75,1172.0,1172.3,9243
1636949100,1172.3,1174.55,1172.3,1173.25,5510
1636949400,1173.25,1174.2,1173.1,1173.1,3728
1636949700,1173.1,1174.75,1173.1,1173.95,5428
1636950000,1173.95,1173.95,1167.0,1168.5,16495
1636950300,1168.5,1169.9,1168.0,1168.2,3082
1636950600,1168.5,1168.5,1167.0,1167.1,5609
1636950900,1167.05,1168.4,1166.05,1167.25,7737
1636951200,1167.2,1167.35,1165.5,1167.2,5161
1636951500,1167.2,1167.8,1165.1,1165.85,3820
1636951800,1165.85,1166.5,1165.0,1165.75,2810
1636952100,1165.6,1168.0,1165.5,1167.05,5131
1636952400,1166.9,1170.05,1166.45,1170.05,2863
1636952700,1170.05,1170.65,1168.0,1169.0,7611
1636953000,1169.0,1169.4,1165.85,1168.0,4104
1636953300,1168.0,1168.95,1165.4,1165.4,7568
1636953600,1165.4,1167.8,1164.65,1166.9,5125
1636953900,1166.9,1167.5,1166.65,1167.5,767
1636954200,1167.5,1167.5,1165.0,1165.35,2418
1636954500,1165.0,1165.3,1163.2,1163.9,3443
1636954800,1163.85,1163.9,1163.05,1163.1,2372
1636955100,1163.1,1165.5,1163.1,1163.7,2184
1636955400,1164.35,1165.5,1164.1,1164.25,5874
1636955700,1164.25,1165.5,1164.25,1164.7,2142
1636956000,1164.7,1165.5,1159.8,1162.0,40448
1636956300,1162.0,1162.9,1161.25,1162.6,3629
1636956600,1162.65,1163.25,1161.8,1162.3,4840
1636956900,1162.0,1163.1,1159.05,1159.45,8658
1636957200,1159.4,1161.2,1155.5,1157.55,36078
1636957500,1157.45,1158.65,1157.4,1157.5,6982
1636957800,1157.4,1160.4,1157.3,1159.1,13527
1636958100,1159.1,1160.1,1158.15,1159.95,5494
1636958400,1159.95,1160.0,1158.55,1158.85,6450
1636958700,1158.9,1161.0,1158.9,1160.75,7027
1636959000,1160.8,1160.8,1159.1,1159.9,5870
1636959300,1159.9,1161.65,1159.45,1161.65,4923
1636959600,1161.65,1163.75,1161.65,1163.25,4120
1636959900,1163.15,1164.15,1162.7,1162.9,3819
1636960200,1162.7,1163.55,1161.6,1162.05,8261
1636960500,1162.1,1163.95,1162.05,1163.0,3309
1636960800,1163.05,1163.6,1162.95,1163.05,7061
1636961100,1163.05,1163.8,1163.0,1163.65,2938
1636961400,1163.7,1165.6,1163.65,1165.0,6143
1636961700,1164.65,1165.65,1164.0,1164.95,3651
1636962000,1164.95,1165.4,1163.0,1163.25,9728
1636962300,1163.05,1165.3,1163.0,1164.85,5793
1636962600,1164.85,1164.85,1161.0,1161.05,24346
1636962900,1161.05,1162.1,1160.0,1160.2,4948
1636963200,1160.2,1160.2,1157.2,1158.6,9038
1636963500,1158.6,1159.45,1157.65,1158.0,7366
1636963800,1158.0,1159.0,1158.0,1158.95,2574
1636964100,1158.95,1160.35,1158.0,1158.5,5362
1636964400,1158.5,1160.5,1158.3,1159.7,2868
1636964700,1159.7,1160.9,1159.7,1160.75,2647
1636965000,1160.75,1162.5,1160.65,1162.2,3331
1636965300,1162.2,1164.0,1161.45,1163.45,2974
1636965600,1163.45,1164.8,1163.35,1163.7,3989
1636965900,1164.6,1165.0,1163.5,1164.6,1752
1636966200,1164.6,1164.95,1163.7,1163.85,5134
1636966500,1163.9,1165.45,1163.85,1164.4,9847
1636966800,1164.65,1166.0,1160.2,1160.2,25337
1636967100,1160.2,1160.55,1158.05,1159.5,26887
1636967400,1159.5,1161.65,1158.25,1160.65,12934
1636967700,1160.55,1160.65,1158.05,1158.75,8539
1636968000,1158.7,1159.65,1158.4,1159.4,7727
1636968300,1159.3,1160.7,1159.15,1160.05,5258
1636968600,1160.05,1161.35,1159.8,1161.35,7908
1636968900,1161.05,1161.95,1160.6,1161.05,6425
1636969200,1161.0,1161.05,1160.1,1160.4,9422
1636969500,1160.45,1160.6,1158.95,1159.65,16911
1636969800,1159.6,1160.25,1159.0,1159.4,26404
1636970100,1159.45,1161.65,1157.75,1159.0,25973
1637034300,1169.9,1174.15,1161.1,1169.1,36261
1637034600,1169.0,1169.1,1165.2,1167.15,13242
1637034900,1168.4,1168.55,1163.1,1164.4,14778
1637035200,1164.4,1167.0,1163.7,1166.9,11313
1637035500,1166.9,1167.0,1162.2,1163.85,16131
1637035800,1164.1,1164.6,1162.25,1164.55,8976
1637036100,1163.75,1164.55,1163.0,1164.0,6916
1637036400,1164.1,1164.5,1162.55,1164.3,8570
1637036700,1164.3,1166.25,1164.25,1165.95,7342
1637037000,1165.95,1168.7,1164.8,1168.3,9831
1637037300,1167.55,1170.55,1167.4,1168.6,10557
1637037600,1168.6,1168.85,1167.6,1168.7,4216
1637037900,1168.7,1169.95,1168.3,1169.65,5074
1637038200,1169.75,1169.75,1167.55,1168.4,5311
1637038500,1168.55,1168.85,1167.0,1167.0,4061
1637038800,1167.0,1167.0,1165.5,1165.5,4469
1637039100,1165.85,1165.85,1163.2,1164.25,6727
1637039400,1164.9,1164.95,1163.9,1164.5,3291
1637039700,1164.5,1164.7,1161.65,1161.85,5714
1637040000,1161.9,1163.35,1161.7,1163.0,9640
1637040300,1162.8,1162.95,1160.45,1160.55,10783
1637040600,1160.55,1161.0,1159.05,1160.85,13553
1637040900,1160.65,1161.0,1160.15,1160.15,4856
1637041200,1160.0,1160.05,1159.4,1159.9,12534
1637041500,1159.9,1160.8,1159.7,1160.25,6515
1637041800,1160.75,1161.0,1159.65,1160.0,17923
1637042100,1159.65,1160.4,1158.3,1159.9,18905
1637042400,1159.9,1160.05,1159.4,1159.9,10003
1637042700,1159.9,1160.0,1159.3,1160.0,13887
1637043000,1160.0,1160.0,1159.1,1159.5,12970
1637043300,1159.5,1160.0,1158.7,1159.95,8186
1637043600,1159.5,1159.75,1158.0,1159.6,11156
1637043900,1159.6,1159.65,1159.0,1159.55,3342
1637044200,1159.55,1159.95,1159.35,1159.95,5558
1637044500,1159.95,1160.15,1159.5,1159.95,12215
1637044800,1159.95,1160.8,1159.3,1159.6,11712
1637045100,1159.6,1161.95,1159.6,1161.75,8412
1637045400,1161.75,1161.75,1160.8,1161.5,6242
1637045700,1161.5,1161.65,1160.0,1160.8,4093
1637046000,1160.8,1160.85,1158.7,1159.55,4436
1637046300,1159.55,1160.95,1158.05,1159.15,4473
1637046600,1159.15,1160.2,1158.2,1158.65,9176
1637046900,1158.65,1160.55,1158.5,1159.05,5192
1637047200,1159.6,1160.85,1159.0,1160.85,5153
1637047500,1160.8,1160.85,1160.0,1160.7,4256
1637047800,1160.25,1160.85,1159.9,1160.65,7401
1637048100,1160.75,1161.45,1160.4,1161.45,5492
1637048400,1161.45,1161.5,1160.6,1160.6,4025
1637048700,1160.75,1162.0,1160.6,1162.0,3659
1637049000,1162.0,1162.0,1161.1,1161.75,1939
1637049300,1161.8,1161.8,1159.05,1159.05,7150
1637049600,1159.7,1160.1,1159.1,1159.7,4109
1637049900,1159.7,1160.05,1159.0,1159.7,3688
1637050200,1159.7,1159.7,1158.5,1159.0,3409
1637050500,1159.3,1159.35,1158.3,1158.95,3073
1637050800,1158.35,1158.95,1158.3,1158.7,2545
1637051100,1158.7,1158.7,1158.05,1158.05,5178
1637051400,1158.05,1158.4,1158.05,1158.35,5711
1637051700,1158.35,1158.35,1153.65,1154.8,21860
1637052000,1154.8,1155.1,1153.6,1154.0,4836
1637052300,1154.0,1154.35,1152.5,1153.6,8354
1637052600,1153.6,1154.2,1152.45,1153.55,8763
1637052900,1153.55,1153.85,1152.35,1153.3,5858
1637053200,1153.3,1156.6,1153.15,1155.1,9869
1637053500,1155.2,1156.15,1154.55,1155.4,9208
1637053800,1155.4,1156.3,1155.0,1155.75,3506
1637054100,1155.75,1156.85,1155.35,1155.95,3278
1637054400,1155.9,1156.0,1154.85,1155.7,2645
1637054700,1155.7,1156.7,1155.65,1156.1,10049
1637055000,1156.05,1156.05,1153.4,1154.3,21075
1637055300,1154.3,1155.1,1153.1,1153.25,16462
1637055600,1153.3,1154.8,1153.0,1153.0,18699
1637055900,1153.25,1153.9,1151.6,1151.6,20661
1637056200,1151.7,1152.95,1151.05,1151.05,30659
1637056500,1151.3,1153.65,1150.65,1151.5,21506
1637120700,1150.0,1165.0,1150.0,1162.75,115918
1637121000,1162.95,1169.9,1162.85,1169.4,39914
1637121300,1169.5,1171.0,1166.6,1169.6,40977
1637121600,1169.6,1170.7,1167.05,1168.35,38787
1637121900,1168.35,1169.0,1167.15,1168.85,20607
1637122200,1168.55,1172.2,1168.05,1171.0,47117
1637122500,1171.4,1173.0,1170.25,1171.75,27644
1637122800,1172.4,1174.45,1169.0,1174.35,36904
1637123100,1175.0,1175.5,1172.1,1173.0,31518
1637123400,1172.85,1173.9,1171.45,1173.9,23273
1637123700,1173.9,1175.75,1173.35,1175.5,28684
1637124000,1175.75,1179.15,1175.05,1178.5,64715
1637124300,1178.45,1179.9,1175.9,1176.3,60273
1637124600,1176.05,1180.15,1176.05,1179.95,36518
1637124900,1179.95,1184.0,1179.35,1182.95,58685
1637125200,1182.0,1187.5,1182.0,1187.5,62781
1637125500,1187.5,1188.75,1183.5,1186.2,73324
1637125800,1186.3,1186.3,1183.4,1183.65,25313
1637126100,1184.4,1184.5,1179.4,1179.4,39721
1637126400,1179.4,1187.4,1179.35,1187.4,55332
1637126700,1186.7,1190.2,1185.0,1185.45,80518
1637127000,1185.5,1185.85,1182.75,1183.3,25945
1637127300,1183.3,1185.7,1183.3,1185.7,21821
1637127600,1185.7,1186.4,1184.5,1185.9,22052
1637127900,1185.0,1185.5,1183.65,1184.5,15929
1637128200,1184.5,1187.7,1184.2,1187.05,34225
1637128500,1187.05,1189.0,1187.0,1188.65,30083
1637128800,1188.65,1192.5,1188.3,1192.45,57730
1637129100,1192.0,1193.0,1188.0,1191.0,49310
1637129400,1191.25,1191.8,1188.5,1190.4,24228
1637129700,1190.45,1193.0,1186.8,1191.95,46320
1637130000,1191.9,1193.7,1190.55,1190.95,41829
1637130300,1190.95,1194.0,1190.85,1193.45,35949
1637130600,1193.2,1195.0,1192.35,1193.65,59993
1637130900,1193.7,1194.0,1188.8,1189.15,56079
1637131200,1189.7,1190.95,1188.25,1189.0,48323
1637131500,1188.6,1189.05,1184.95,1185.4,40114
1637131800,1185.15,1187.75,1185.15,1186.4,28753
1637132100,1186.45,1187.0,1183.0,1183.1,37797
1637132400,1183.0,1184.5,1182.0,1184.05,36383
1637132700,1184.05,1186.9,1183.7,1186.4,33958
1637133000,1186.35,1188.4,1185.85,1187.5,37136
1637133300,1187.5,1188.75,1187.15,1188.05,26282
1637133600,1188.05,1188.5,1185.35,1186.0,20137
1637133900,1185.65,1187.9,1185.65,1187.2,18936
1637134200,1186.95,1188.3,1186.55,1188.0,15945
1637134500,1187.7,1189.25,1187.7,1188.35,23002
1637134800,1188.8,1189.0,1187.8,1188.3,17804
1637135100,1188.4,1190.25,1188.2,1190.05,19984
1637135400,1190.0,1191.5,1188.75,1191.2,19501
1637135700,1191.85,1191.85,1190.0,1190.5,16354
1637136000,1190.0,1191.8,1190.0,1191.0,14155
1637136300,1190.95,1191.3,1190.2,1190.35,19898
1637136600,1190.35,1192.0,1189.95,1191.95,14389
1637136900,1191.95,1193.45,1191.9,1193.4,24569
1637137200,1193.25,1195.0,1192.75,1194.2,30057
1637137500,1193.8,1194.75,1186.35,1190.0,104426
1637137800,1189.8,1193.4,1189.8,1190.0,24772
1637138100,1190.85,1192.5,1190.2,1192.2,19582
1637138400,1192.0,1193.7,1191.15,1192.25,28292
1637138700,1192.25,1193.0,1191.4,1192.0,19066
1637139000,1192.0,1192.75,1188.6,1189.7,27211
1637139300,1189.85,1191.3,1189.0,1190.0,25190
1637139600,1190.0,1192.0,1189.0,1191.5,19157
1637139900,1191.95,1196.95,1191.25,1194.0,81670
1637140200,1193.95,1195.3,1193.65,1194.95,34574
1637140500,1194.95,1195.0,1192.25,1193.1,29374
1637140800,1193.05,1193.5,1191.0,1193.5,39436
1637141100,1193.4,1194.0,1191.0,1191.85,32523
1637141400,1192.15,1192.15,1190.0,1190.8,42554
1637141700,1190.8,1191.85,1187.0,1188.8,58561
1637142000,1189.0,1190.2,1188.0,1188.05,60777
1637142300,1188.05,1188.35,1183.0,1183.35,55049
1637142600,1183.65,1186.15,1182.5,1182.5,61206
1637142900,1183.35,1183.7,1180.0,1180.05,23895
1637207100,1190.0,1190.0,1180.1,1187.15,46626
1637207400,1186.35,1187.45,1185.05,1185.6,16833
1637207700,1185.6,1185.6,1181.0,1181.0,19075
1637208000,1181.0,1183.4,1180.0,1182.9,156321
1637208300,1182.45,1187.0,1182.0,1187.0,18338
1637208600,1187.0,1190.6,1184.65,1188.5,32740
1637208900,1188.5,1189.95,1184.0,1184.35,22035
1637209200,1184.0,1187.45,1184.0,1187.15,10547
1637209500,1187.15,1187.25,1185.0,1185.0,3101
1637209800,1184.8,1185.7,1184.55,1185.2,8362
1637210100,1184.55,1185.8,1183.25,1184.0,16506
1637210400,1184.0,1186.6,1184.0,1185.2,27287
1637210700,1184.6,1185.25,1182.9,1183.2,34342
1637211000,1183.15,1187.0,1182.7,1185.2,35927
1637211300,1185.15,1185.85,1184.0,1184.0,12654
1637211600,1184.2,1185.0,1182.75,1183.5,20216
1637211900,1183.5,1184.9,1182.55,1183.85,18758
1637212200,1183.0,1185.55,1183.0,1184.95,5148
1637212500,1184.3,1187.4,1184.0,1185.95,7279
1637212800,1185.95,1188.9,1184.5,1187.75,13379
1637213100,1188.1,1193.0,1188.1,1190.9,24005
1637213400,1190.9,1199.0,1190.2,1197.9,65481
1637213700,1197.8,1200.0,1195.2,1198.25,39115
1637214000,1198.0,1204.0,1198.0,1199.35,61689
1637214300,1200.0,1202.35,1196.15,1201.85,39808
1637214600,1202.0,1205.0,1201.0,1202.0,50040
1637214900,1201.9,1201.95,1197.0,1199.0,40217
1637215200,1199.0,1199.75,1194.2,1194.2,21000
1637215500,1194.8,1195.3,1191.6,1194.0,38988
1637215800,1193.35,1194.85,1190.0,1190.05,30646
1637216100,1190.35,1192.7,1190.0,1191.0,32518
1637216400,1191.4,1195.0,1190.85,1192.9,14862
1637216700,1192.9,1192.9,1190.05,1191.55,9576
1637217000,1191.65,1193.65,1191.25,1192.75,6846
1637217300,1192.75,1193.0,1190.85,1191.8,6357
1637217600,1191.8,1193.95,1191.8,1193.9,6589
1637217900,1193.25,1195.8,1193.25,1194.9,18557
1637218200,1194.9,1195.75,1192.65,1194.35,12531
1637218500,1194.85,1196.5,1192.15,1193.7,19362
1637218800,1193.7,1194.35,1191.0,1192.8,20070
1637219100,1192.9,1192.95,1191.1,1192.75,10916
1637219400,1192.75,1194.1,1191.1,1193.55,9996
1637219700,1193.55,1196.0,1192.8,1195.5,9002
1637220000,1195.9,1196.0,1195.15,1195.2,8217
1637220300,1195.2,1196.0,1192.3,1193.1,8673
1637220600,1193.05,1193.6,1192.0,1192.0,4790
1637220900,1192.0,1194.9,1191.35,1194.1,10828
1637221200,1194.1,1194.35,1192.4,1193.75,4600
1637221500,1193.75,1195.0,1193.25,1194.3,6079
1637221800,1194.3,1195.75,1194.05,1194.95,6570
1637222100,1194.35,1195.3,1192.5,1192.85,4457
1637222400,1192.85,1193.55,1190.35,1191.0,17247
1637222700,1191.0,1191.4,1190.25,1190.75,14071
1637223000,1190.9,1191.0,1190.0,1190.85,12181
1637223300,1190.75,1192.05,1190.4,1191.95,6169
1637223600,1192.0,1192.45,1190.3,1191.25,9254
1637223900,1191.25,1192.55,1188.3,1188.35,17504
1637224200,1188.35,1188.95,1183.0,1183.75,23806
1637224500,1183.75,1186.35,1178.5,1182.3,21781
1637224800,1182.9,1185.0,1182.35,1185.0,6529
1637225100,1185.0,1185.8,1184.25,1185.8,5839
1637225400,1185.75,1185.75,1183.15,1183.85,7194
1637225700,1183.85,1185.2,1181.35,1181.35,13088
1637226000,1181.5,1184.6,1181.5,1183.05,6648
1637226300,1183.0,1183.5,1180.95,1181.9,8563
1637226600,1181.9,1182.55,1180.9,1181.85,9493
1637226900,1181.85,1183.1,1180.7,1181.95,11588
1637227200,1181.95,1186.5,1181.9,1185.75,7648
1637227500,1185.75,1186.55,1183.7,1185.7,10417
1637227800,1185.25,1186.5,1182.95,1182.95,19678
1637228100,1182.75,1185.15,1181.3,1183.35,36097
1637228400,1183.35,1184.6,1180.75,1181.05,17297
1637228700,1181.05,1181.3,1180.1,1180.4,30899
1637229000,1181.35,1181.35,1180.0,1180.05,27565
1637229300,1180.35,1180.35,1180.0,1180.05,15367
1637552700,1182.05,1189.65,1174.0,1174.0,39315
1637553000,1174.55,1176.15,1170.25,1171.4,21576
1637553300,1171.95,1175.35,1170.2,1171.05,7843
1637553600,1171.05,1173.85,1170.0,1170.75,8945
1637553900,1170.75,1171.35,1169.2,1169.35,7636
1637554200,1169.4,1174.9,1168.75,1171.55,14193
1637554500,1171.55,1176.8,1169.45,1176.35,13302
1637554800,1176.35,1177.95,1174.85,1175.4,9718
1637555100,1175.4,1175.4,1171.8,1172.25,3785
1637555400,1172.45,1172.45,1169.95,1170.5,7989
1637555700,1170.2,1172.3,1169.5,1171.05,5797
1637556000,1171.05,1172.45,1170.1,1171.0,2741
1637556300,1171.0,1171.9,1169.0,1169.2,6356
1637556600,1169.5,1169.6,1165.05,1165.2,10263
1637556900,1165.2,1166.3,1165.0,1165.1,4982
1637557200,1165.1,1166.0,1165.0,1165.0,4738
1637557500,1165.0,1169.2,1164.0,1167.1,19662
1637557800,1167.25,1168.05,1165.05,1167.5,12393
1637558100,1167.25,1168.35,1162.25,1163.05,5654
1637558400,1163.05,1164.2,1161.35,1161.85,6156
1637558700,1161.8,1163.9,1161.8,1161.85,3631
1637559000,1161.8,1166.15,1161.55,1161.8,7048
1637559300,1161.95,1164.0,1161.05,1163.5,4217
1637559600,1163.5,1166.45,1161.7,1162.25,8448
1637559900,1162.25,1163.1,1161.55,1162.2,3263
1637560200,1162.0,1164.0,1161.0,1163.1,7624
1637560500,1163.1,1163.8,1161.1,1161.1,2847
1637560800,1161.1,1163.5,1161.05,1163.0,4946
1637561100,1163.0,1163.8,1160.0,1160.0,10009
1637561400,1160.0,1160.6,1159.25,1159.85,6401
1637561700,1159.85,1162.05,1159.05,1160.25,5826
1637562000,1159.75,1160.7,1159.15,1159.75,7399
1637562300,1159.75,1162.1,1159.55,1161.0,6283
1637562600,1161.25,1161.9,1158.85,1159.5,9419
1637562900,1159.5,1159.5,1154.0,1154.0,8866
1637563200,1155.85,1158.0,1155.0,1156.4,8444
1637563500,1156.4,1158.55,1155.9,1156.55,7265
1637563800,1156.55,1158.95,1154.4,1158.4,5124
1637564100,1158.4,1159.55,1157.3,1159.3,3677
1637564400,1159.3,1164.95,1159.0,1160.4,19950
1637564700,1160.45,1161.05,1157.2,1159.55,7314
1637565000,1159.1,1161.5,1158.35,1161.4,6837
1637565300,1161.4,1163.3,1160.0,1161.75,23534
1637565600,1161.7,1162.3,1160.0,1160.45,4156
1637565900,1160.4,1162.75,1160.0,1161.5,7277
1637566200,1162.2,1164.9,1162.0,1162.05,7395
1637566500,1162.0,1162.5,1155.65,1156.1,9667
1637566800,1156.1,1159.05,1152.0,1157.7,12126
1637567100,1156.8,1157.6,1155.05,1156.25,4301
1637567400,1156.25,1156.25,1153.0,1153.1,2882
1637567700,1153.55,1154.9,1151.5,1152.25,3338
1637568000,1152.3,1153.15,1151.3,1151.8,4656
1637568300,1151.8,1152.75,1150.35,1151.25,6184
1637568600,1151.25,1151.55,1146.6,1148.9,12299
1637568900,1148.9,1151.0,1147.95,1149.3,5628
1637569200,1149.3,1151.95,1149.3,1151.4,3707
1637569500,1151.4,1151.4,1149.05,1149.8,2271
1637569800,1149.85,1150.75,1149.45,1149.95,2928
1637570100,1149.95,1150.75,1147.45,1147.65,9132
1637570400,1148.3,1148.3,1145.6,1147.25,9085
1637570700,1147.15,1147.6,1146.0,1146.45,6789
1637571000,1146.45,1147.6,1144.3,1145.65,9868
1637571300,1146.4,1146.75,1143.15,1143.5,13721
1637571600,1143.8,1144.2,1140.35,1141.15,20612
1637571900,1141.85,1142.0,1137.15,1140.35,27259
1637572200,1140.4,1146.8,1139.9,1145.15,27650
1637572500,1145.5,1145.5,1138.6,1140.75,18150
1637572800,1140.15,1147.3,1140.15,1146.15,19184
1637573100,1146.45,1149.25,1143.2,1148.45,18566
1637573400,1149.0,1149.95,1146.2,1149.95,18927
1637573700,1149.5,1151.0,1147.75,1150.0,29202
1637574000,1150.15,1151.45,1149.35,1151.0,18752
1637574300,1150.9,1153.3,1150.55,1152.95,15474
1637574600,1152.95,1153.8,1151.7,1153.25,16516
1637574900,1153.25,1154.6,1149.3,1152.7,11877
1637639100,1143.6,1151.85,1135.9,1138.0,31146
1637639400,1137.95,1157.85,1131.55,1142.0,81041
1637639700,1142.0,1148.4,1141.25,1147.5,12447
1637640000,1148.35,1148.4,1141.0,1141.0,9733
1637640300,1141.7,1146.0,1141.35,1143.95,8008
1637640600,1143.65,1146.1,1143.0,1145.0,5449
1637640900,1145.2,1154.2,1143.0,1153.15,54143
1637641200,1153.05,1154.0,1150.0,1152.2,12736
1637641500,1152.0,1157.6,1151.8,1152.0,30218
1637641800,1152.3,1153.7,1150.0,1150.75,7056
1637642100,1149.35,1150.7,1147.6,1150.7,10604
1637642400,1150.7,1150.7,1146.1,1146.35,4591
1637642700,1146.35,1147.0,1145.7,1146.35,5382
1637643000,1146.35,1147.85,1143.4,1146.85,6052
1637643300,1146.85,1148.9,1146.85,1148.5,3482
1637643600,1149.2,1149.5,1147.35,1147.8,4463
1637643900,1147.8,1148.9,1147.0,1147.75,5010
1637644200,1147.7,1147.7,1144.8,1145.3,3230
1637644500,1145.3,1145.4,1141.2,1142.45,6084
1637644800,1142.45,1145.05,1141.75,1142.0,9977
1637645100,1142.0,1145.5,1141.95,1143.95,5807
1637645400,1143.95,1147.1,1143.6,1147.1,6295
1637645700,1148.0,1150.0,1146.6,1150.0,8250
1637646000,1150.0,1153.0,1149.7,1152.15,8365
1637646300,1151.1,1155.0,1151.1,1154.65,8854
1637646600,1154.65,1155.0,1150.65,1152.0,7406
1637646900,1152.0,1153.25,1150.05,1153.0,7061
1637647200,1153.0,1153.6,1152.55,1153.55,2889
1637647500,1153.55,1155.05,1152.9,1153.25,8284
1637647800,1153.25,1153.65,1152.45,1153.25,4262
1637648100,1153.25,1155.25,1152.45,1155.25,5920
1637648400,1155.25,1155.55,1153.0,1153.4,4855
1637648700,1153.4,1155.05,1153.1,1154.35,3568
1637649000,1154.35,1155.9,1153.3,1153.9,5340
1637649300,1153.9,1155.25,1153.5,1154.65,4846
1637649600,1154.65,1155.45,1152.95,1154.95,9505
1637649900,1154.95,1155.45,1153.85,1154.4,4131
1637650200,1154.8,1155.35,1152.0,1153.75,8591
1637650500,1153.75,1155.1,1153.0,1154.45,5241
1637650800,1154.0,1155.0,1151.2,1151.2,3544
1637651100,1151.9,1151.9,1149.6,1149.9,12241
1637651400,1149.9,1151.8,1147.0,1147.0,6671
1637651700,1146.4,1148.05,1145.0,1146.95,12563
1637652000,1146.95,1148.35,1145.15,1146.6,7296
1637652300,1146.55,1147.65,1143.8,1147.55,10118
1637652600,1147.55,1149.25,1147.55,1148.95,4862
1637652900,1148.95,1148.95,1146.1,1147.7,5322
1637653200,1147.7,1147.95,1147.35,1147.75,3548
1637653500,1147.75,1147.85,1147.15,1147.3,3441
1637653800,1147.3,1152.4,1146.5,1150.65,8320
1637654100,1150.65,1153.25,1150.6,1153.1,9370
1637654400,1153.1,1153.3,1151.4,1151.8,5543
1637654700,1152.4,1153.1,1151.05,1153.1,6668
1637655000,1153.1,1156.8,1153.0,1155.9,15581
1637655300,1155.9,1156.3,1154.35,1156.3,9832
1637655600,1156.3,1158.25,1155.0,1156.45,9172
1637655900,1156.45,1156.45,1154.35,1155.9,6901
1637656200,1155.9,1155.9,1154.1,1155.35,9378
1637656500,1155.8,1155.95,1154.95,1155.55,6899
1637656800,1155.75,1156.0,1155.2,1155.8,5257
1637657100,1155.8,1155.8,1153.7,1155.4,7561
1637657400,1155.4,1156.7,1155.05,1156.2,11544
1637657700,1156.2,1156.2,1154.95,1155.35,7277
1637658000,1155.35,1156.9,1154.75,1155.4,11102
1637658300,1155.45,1155.45,1154.25,1154.7,6035
1637658600,1154.7,1154.7,1152.9,1154.15,9128
1637658900,1154.15,1154.3,1153.45,1154.15,10885
1637659200,1154.15,1159.2,1153.45,1156.35,18100
1637659500,1156.3,1157.9,1155.4,1156.65,12076
1637659800,1156.9,1157.05,1154.0,1154.5,17578
1637660100,1154.5,1154.95,1153.15,1154.15,12966
1637660400,1154.15,1154.4,1152.85,1152.85,12926
1637660700,1153.0,1153.05,1151.5,1152.05,25154
1637661000,1152.05,1153.95,1151.85,1153.1,38390
1637661300,1153.05,1157.2,1151.55,1156.0,25822
1637725500,1159.25,1164.75,1157.9,1162.55,25680
1637725800,1162.9,1168.35,1162.9,1168.35,36670
1637726100,1168.4,1177.0,1168.0,1173.4,84499
1637726400,1173.7,1179.15,1172.85,1176.4,35273
1637726700,1176.35,1181.35,1174.8,1177.8,47725
1637727000,1177.8,1177.8,1173.6,1175.15,25765
1637727300,1175.15,1175.35,1171.9,1173.0,20734
1637727600,1173.0,1173.8,1170.0,1172.0,15487
1637727900,1172.0,1174.65,1171.5,1173.45,22169
1637728200,1173.6,1175.2,1172.5,1174.45,9451
1637728500,1174.45,1174.85,1167.25,1168.0,31319
1637728800,1168.0,1170.5,1167.95,1169.0,13477
1637729100,1169.0,1172.55,1169.0,1169.95,31088
1637729400,1169.25,1171.85,1169.25,1170.35,18042
1637729700,1170.35,1171.75,1170.2,1171.0,2583
1637730000,1170.2,1170.3,1166.2,1166.5,6400
1637730300,1166.4,1167.85,1164.4,1167.8,12784
1637730600,1167.8,1169.95,1166.4,1169.9,10379
1637730900,1169.75,1172.5,1169.6,1172.5,5693
1637731200,1172.35,1173.9,1171.55,1172.7,7525
1637731500,1172.7,1172.7,1170.45,1170.45,5314
1637731800,1170.45,1171.1,1170.0,1170.0,2982
1637732100,1170.4,1173.6,1169.95,1172.35,9840
1637732400,1172.35,1172.85,1171.7,1172.35,3565
1637732700,1172.35,1172.45,1170.5,1171.7,6091
1637733000,1171.7,1172.0,1169.85,1170.9,5481
1637733300,1170.85,1170.9,1169.6,1169.6,2372
1637733600,1170.3,1171.25,1169.5,1169.6,7369
1637733900,1170.05,1170.25,1169.35,1170.25,2869
1637734200,1170.25,1170.25,1169.95,1170.0,5317
1637734500,1170.0,1171.05,1169.85,1170.75,6323
1637734800,1170.75,1171.35,1169.85,1169.9,5037
1637735100,1169.9,1170.7,1168.7,1169.25,8222
1637735400,1169.25,1170.35,1169.0,1169.35,6529
1637735700,1169.35,1170.4,1169.3,1170.0,3579
1637736000,1170.0,1170.85,1169.85,1170.3,3508
1637736300,1170.25,1170.3,1168.2,1168.6,8867
1637736600,1168.6,1169.15,1168.1,1168.8,5052
1637736900,1168.8,1169.55,1168.75,1169.4,4534
1637737200,1169.4,1170.5,1169.25,1169.55,10757
1637737500,1169.55,1170.1,1169.35,1169.8,6053
1637737800,1169.8,1169.8,1169.7,1169.7,4437
1637738100,1169.6,1169.9,1169.55,1169.7,4299
1637738400,1169.7,1170.25,1169.65,1170.1,5579
1637738700,1170.05,1170.65,1168.85,1169.45,7729
1637739000,1169.45,1169.45,1167.55,1167.55,9382
1637739300,1167.55,1168.5,1166.45,1167.4,12081
1637739600,1167.4,1167.5,1166.55,1167.3,5538
1637739900,1167.3,1168.2,1167.1,1167.95,6400
1637740200,1168.35,1168.55,1166.1,1166.95,13395
1637740500,1166.95,1167.9,1166.75,1167.55,6666
1637740800,1167.55,1169.5,1167.1,1168.75,10585
1637741100,1168.75,1169.35,1167.05,1167.95,13077
1637741400,1167.95,1169.45,1167.0,1168.3,10304
1637741700,1168.3,1171.35,1168.2,1170.75,12011
1637742000,1170.15,1172.35,1170.15,1170.9,12994
1637742300,1170.9,1171.1,1170.2,1170.95,9663
1637742600,1170.75,1171.2,1168.9,1170.85,11099
1637742900,1170.85,1171.05,1169.95,1170.55,8201
1637743200,1170.55,1170.85,1167.9,1167.9,11075
1637743500,1168.0,1168.4,1162.0,1163.1,22343
1637743800,1163.05,1166.0,1162.55,1163.95,10606
1637744100,1163.95,1166.45,1163.5,1165.8,14711
1637744400,1165.05,1166.2,1163.0,1164.0,10533
1637744700,1164.0,1166.0,1163.05,1166.0,10288
1637745000,1166.0,1166.0,1158.5,1159.85,23845
1637745300,1158.75,1160.65,1158.75,1159.4,15909
1637745600,1159.4,1161.65,1158.25,1161.65,16555
1637745900,1161.6,1163.0,1160.75,1162.5,12416
1637746200,1162.5,1163.0,1155.0,1162.55,25662
1637746500,1162.65,1166.95,1162.65,1166.8,41699
1637746800,1166.8,1167.95,1165.3,1166.9,39984
1637747100,1167.25,1167.55,1163.3,1166.75,41270
1637747400,1166.75,1167.1,1159.35,1159.65,61178
1637747700,1159.4,1160.5,1152.0,1157.95,31985
1637811900,1157.75,1174.0,1155.05,1168.4,58658
1637812200,1168.4,1169.9,1163.15,1164.2,24800
1637812500,1164.65,1165.45,1160.0,1165.15,21171
1637812800,1164.4,1164.9,1157.0,1159.6,28455
1637813100,1159.4,1161.3,1158.0,1158.35,12688
1637813400,1160.1,1160.1,1156.0,1157.0,9386
1637813700,1157.0,1157.9,1154.5,1156.45,8953
1637814000,1156.45,1158.65,1154.15,1157.75,13645
1637814300,1157.75,1160.0,1157.45,1159.0,9201
1637814600,1159.0,1160.45,1155.1,1155.85,8195
1637814900,1155.85,1157.9,1155.85,1157.85,7677
1637815200,1157.85,1159.4,1156.0,1157.75,11233
1637815500,1157.75,1159.0,1154.85,1155.6,11993
1637815800,1155.6,1158.0,1155.0,1156.5,10026
1637816100,1156.5,1158.95,1156.35,1158.95,11979
1637816400,1158.9,1159.1,1156.8,1157.45,9247
1637816700,1157.05,1159.3,1155.05,1156.95,11891
1637817000,1156.95,1157.8,1156.35,1157.55,4964
1637817300,1157.55,1158.0,1156.1,1156.95,4373
1637817600,1156.7,1157.0,1156.15,1156.5,4512
1637817900,1156.5,1158.0,1154.55,1156.9,10359
1637818200,1156.9,1160.0,1156.35,1157.65,8064
1637818500,1157.35,1157.85,1156.35,1156.95,3296
1637818800,1156.95,1158.0,1156.35,1157.8,5053
1637819100,1157.35,1159.5,1156.6,1159.5,6789
1637819400,1159.5,1159.5,1156.75,1158.8,8780
1637819700,1158.8,1162.0,1158.5,1161.4,8280
1637820000,1161.4,1162.6,1160.25,1162.6,6463
1637820300,1162.6,1162.7,1160.6,1161.5,4106
1637820600,1161.5,1162.15,1159.1,1159.1,8175
1637820900,1159.1,1162.35,1158.7,1161.95,4711
1637821200,1161.9,1162.45,1159.1,1159.65,3671
1637821500,1159.65,1163.25,1159.2,1162.4,5773
1637821800,1162.85,1163.15,1160.55,1162.5,5193
1637822100,1162.5,1162.65,1161.7,1162.5,3523
1637822400,1162.5,1162.75,1160.95,1161.0,3750
1637822700,1161.35,1161.7,1160.55,1161.7,4042
1637823000,1161.7,1163.1,1161.1,1163.0,3872
1637823300,1163.0,1164.0,1158.4,1161.05,7780
1637823600,1161.05,1161.8,1158.6,1159.6,2854
1637823900,1159.6,1159.8,1158.0,1158.75,4394
1637824200,1158.75,1158.9,1156.4,1157.45,6415
1637824500,1157.75,1158.0,1156.25,1157.1,7311
1637824800,1157.1,1157.4,1152.5,1153.75,7989
1637825100,1153.75,1154.85,1152.5,1154.05,5613
1637825400,1154.05,1156.95,1153.2,1156.95,3553
1637825700,1156.5,1157.25,1155.65,1156.1,4321
1637826000,1156.1,1157.1,1155.5,1156.9,3923
1637826300,1156.95,1158.0,1156.95,1157.9,4044
1637826600,1157.85,1158.15,1156.7,1157.25,6474
1637826900,1157.25,1157.95,1156.3,1157.7,6608
1637827200,1157.7,1159.4,1157.1,1159.05,10208
1637827500,1159.05,1160.0,1158.4,1158.75,6970
1637827800,1158.75,1160.75,1158.75,1160.25,10184
1637828100,1160.6,1162.3,1158.8,1159.8,10262
1637828400,1159.8,1161.0,1158.3,1159.1,5165
1637828700,1159.1,1159.6,1157.0,1157.0,7344
1637829000,1157.1,1158.65,1154.55,1158.0,11028
1637829300,1158.0,1158.7,1157.1,1157.4,4343
1637829600,1157.7,1159.55,1156.3,1158.7,10862
1637829900,1158.7,1162.65,1158.2,1162.1,10135
1637830200,1162.5,1162.5,1158.0,1158.95,27368
1637830500,1158.6,1162.05,1158.55,1161.55,9070
1637830800,1161.9,1164.95,1161.9,1162.95,12378
1637831100,1162.95,1163.65,1161.7,1162.35,11771
1637831400,1162.35,1163.55,1160.2,1163.05,11597
1637831700,1163.05,1164.65,1162.3,1163.65,9879
1637832000,1163.7,1163.8,1160.0,1162.65,13160
1637832300,1162.65,1163.55,1160.5,1161.55,15420
1637832600,1162.35,1163.2,1158.95,1161.0,12269
1637832900,1161.0,1161.0,1158.4,1158.65,12745
1637833200,1158.65,1162.65,1156.8,1161.85,22582
1637833500,1161.1,1162.75,1157.65,1162.35,19940
1637833800,1162.35,1162.7,1157.6,1158.75,22083
1637834100,1158.75,1161.0,1157.25,1160.0,21735
1637898300,1154.0,1154.0,1145.0,1150.3,40720
1637898600,1149.75,1150.1,1135.45,1138.95,28367
1637898900,1138.95,1142.65,1136.85,1141.35,30034
1637899200,1141.35,1145.05,1140.15,1143.8,29117
1637899500,1144.35,1145.0,1141.7,1144.45,9026
1637899800,1144.45,1146.4,1143.3,1145.0,9594
1637900100,1145.5,1147.1,1143.45,1143.95,12994
1637900400,1143.95,1144.9,1133.0,1133.75,39508
1637900700,1134.55,1135.9,1128.5,1131.75,65005
1637901000,1131.8,1132.3,1107.25,1107.25,81706
1637901300,1106.5,1122.2,1105.25,1120.0,92251
1637901600,1119.95,1129.2,1119.95,1125.3,41269
1637901900,1125.3,1131.0,1123.7,1130.8,22508
1637902200,1130.0,1130.85,1123.05,1124.35,18083
1637902500,1124.0,1126.4,1120.05,1120.3,28860
1637902800,1120.3,1130.0,1120.15,1128.1,52638
1637903100,1127.75,1129.55,1122.0,1124.4,31057
1637903400,1124.4,1124.4,1119.7,1120.25,46720
1637903700,1120.25,1122.9,1118.9,1121.6,116869
1637904000,1121.6,1121.6,1119.35,1120.65,47498
1637904300,1120.65,1121.1,1118.7,1120.0,39877
1637904600,1120.1,1122.0,1118.55,1120.15,29608
1637904900,1120.15,1121.5,1117.9,1121.45,14278
1637905200,1121.45,1124.2,1121.05,1123.4,8199
1637905500,1123.4,1126.2,1123.4,1125.3,8572
1637905800,1125.7,1128.35,1125.0,1127.7,16847
1637906100,1128.0,1130.95,1127.9,1130.7,17064
1637906400,1130.75,1132.2,1130.55,1132.0,10789
1637906700,1132.0,1133.4,1130.0,1130.8,15662
1637907000,1130.8,1131.95,1130.8,1131.45,4653
1637907300,1131.45,1132.35,1129.9,1130.5,7812
1637907600,1131.2,1132.5,1130.0,1131.85,6340
1637907900,1131.85,1131.85,1129.5,1130.25,7083
1637908200,1130.25,1131.3,1129.0,1130.7,12077
1637908500,1130.7,1131.9,1130.0,1130.7,8001
1637908800,1130.45,1131.4,1129.45,1131.1,12250
1637909100,1131.1,1134.05,1129.7,1130.55,25776
1637909400,1130.1,1130.5,1127.3,1129.0,28712
1637909700,1129.0,1133.45,1127.05,1132.4,17809
1637910000,1133.15,1134.15,1131.25,1133.85,17589
1637910300,1133.85,1134.4,1129.6,1132.55,21932
1637910600,1132.55,1135.6,1132.3,1134.05,13564
1637910900,1134.05,1137.8,1134.05,1135.9,17355
1637911200,1136.05,1140.0,1135.7,1139.0,28499
1637911500,1139.0,1141.4,1138.6,1140.15,26439
1637911800,1140.15,1144.45,1137.6,1139.95,59982
1637912100,1139.95,1143.85,1139.95,1142.65,23229
1637912400,1143.0,1144.65,1141.75,1143.1,18652
1637912700,1143.05,1147.85,1142.75,1147.0,21658
1637913000,1146.7,1148.65,1146.0,1146.9,28766
1637913300,1146.3,1147.1,1142.5,1145.55,32405
1637913600,1145.45,1145.5,1140.4,1142.75,43241
1637913900,1141.95,1144.8,1140.4,1143.25,23864
1637914200,1143.25,1145.0,1141.1,1142.6,25538
1637914500,1142.25,1147.1,1141.05,1146.85,52973
1637914800,1145.1,1147.45,1144.3,1145.9,55277
1637915100,1145.9,1146.0,1140.65,1141.05,153801
1637915400,1141.45,1142.85,1134.8,1135.95,36648
1637915700,1136.35,1139.15,1135.5,1138.65,24829
1637916000,1138.65,1142.85,1136.25,1137.45,103826
1637916300,1137.85,1141.3,1137.65,1139.95,6481
1637916600,1139.95,1141.15,1138.0,1141.05,7155
1637916900,1141.05,1141.05,1138.45,1140.0,8985
1637917200,1140.0,1140.15,1136.0,1136.6,10790
1637917500,1136.6,1137.7,1135.0,1135.6,13457
1637917800,1135.85,1138.1,1134.4,1135.6,18646
1637918100,1136.25,1136.85,1134.9,1135.95,32086
1637918400,1136.0,1137.0,1135.0,1136.3,20979
1637918700,1136.3,1136.75,1132.4,1133.8,27073
1637919000,1133.8,1135.35,1130.0,1130.4,26071
1637919300,1130.35,1131.55,1128.45,1128.55,31206
1637919600,1128.55,1132.3,1127.65,1132.1,28361
1637919900,1131.8,1134.45,1130.65,1132.25,30882
1637920200,1132.3,1133.2,1126.85,1130.8,54306
1637920500,1131.25,1131.25,1125.15,1130.35,32109
1638157500,1112.0,1138.95,1107.7,1111.15,86079
1638157800,1111.15,1113.6,1103.75,1113.6,76406
1638158100,1115.5,1117.35,1107.95,1116.9,38136
1638158400,1116.9,1122.9,1113.45,1120.4,23606
1638158700,1120.4,1123.55,1119.7,1121.5,25405
1638159000,1121.75,1123.0,1120.0,1122.75,18294
1638159300,1122.75,1126.7,1122.1,1125.4,20130
1638159600,1125.35,1127.6,1125.0,1125.2,16994
1638159900,1125.2,1127.6,1125.0,1127.0,10008
1638160200,1127.0,1132.4,1127.0,1130.3,16093
1638160500,1130.3,1133.7,1130.0,1132.9,12278
1638160800,1132.9,1136.9,1132.05,1135.95,15532
1638161100,1136.2,1136.3,1132.8,1135.0,31020
1638161400,1135.0,1136.2,1133.6,1135.5,27875
1638161700,1135.0,1139.0,1134.25,1137.6,22922
1638162000,1136.8,1137.6,1134.1,1134.8,16281
1638162300,1134.85,1136.85,1133.9,1136.85,15427
1638162600,1136.25,1137.25,1134.05,1134.05,4425
1638162900,1134.65,1137.05,1133.4,1134.75,25085
1638163200,1134.75,1138.0,1134.05,1138.0,9280
1638163500,1138.0,1141.0,1136.85,1139.3,14328
1638163800,1139.3,1142.4,1138.0,1140.5,10335
1638164100,1140.5,1140.9,1139.8,1140.0,3473
1638164400,1139.75,1141.5,1139.55,1141.3,4534
1638164700,1141.35,1142.4,1139.95,1141.5,7585
1638165000,1141.25,1141.55,1139.95,1140.7,15860
1638165300,1140.7,1143.95,1140.45,1143.2,13359
1638165600,1143.2,1143.85,1142.2,1143.2,2707
1638165900,1142.75,1144.5,1141.1,1142.7,11349
1638166200,1143.0,1144.0,1142.25,1142.8,5986
1638166500,1142.95,1145.6,1142.9,1142.9,13308
1638166800,1143.0,1143.0,1141.5,1142.25,12311
1638167100,1142.25,1143.0,1141.9,1142.65,5335
1638167400,1142.65,1144.55,1142.25,1143.65,6882
1638167700,1144.15,1144.9,1141.2,1144.55,12219
1638168000,1144.55,1145.25,1142.2,1144.75,14211
1638168300,1144.3,1145.55,1144.3,1145.0,7124
1638168600,1145.05,1146.3,1144.8,1145.45,6073
1638168900,1145.45,1146.8,1145.1,1146.0,3333
1638169200,1146.0,1147.85,1145.0,1146.0,17668
1638169500,1146.0,1146.0,1145.05,1145.05,7116
1638169800,1145.2,1145.3,1143.4,1145.0,9147
1638170100,1144.75,1145.3,1144.3,1144.65,3140
1638170400,1144.95,1145.9,1143.95,1145.0,3174
1638170700,1145.25,1146.0,1144.1,1145.2,7709
1638171000,1145.0,1146.35,1143.45,1146.0,15434
1638171300,1146.0,1146.0,1144.1,1144.1,3154
1638171600,1144.1,1144.9,1140.65,1140.65,10850
1638171900,1140.65,1141.7,1139.2,1140.1,14618
1638172200,1140.85,1140.85,1139.5,1140.4,4346
1638172500,1140.4,1140.4,1139.8,1140.0,3216
1638172800,1140.0,1141.4,1138.55,1140.0,11275
1638173100,1140.0,1140.05,1139.1,1139.6,8737
1638173400,1139.6,1141.15,1139.1,1139.55,3897
1638173700,1139.55,1140.75,1132.45,1136.9,66269
1638174000,1138.15,1139.3,1137.0,1138.0,20580
1638174300,1138.05,1138.55,1135.3,1135.4,18316
1638174600,1135.45,1137.7,1135.0,1135.9,6204
1638174900,1135.9,1137.45,1135.0,1136.75,8550
1638175200,1136.75,1137.9,1136.5,1136.8,8664
1638175500,1136.85,1137.55,1135.0,1135.5,9958
1638175800,1135.5,1138.6,1135.25,1138.0,15132
1638176100,1138.0,1140.15,1137.2,1140.15,17533
1638176400,1140.15,1141.15,1137.85,1138.0,6518
1638176700,1137.85,1139.35,1136.15,1139.3,5461
1638177000,1139.5,1141.9,1138.85,1139.75,7144
1638177300,1139.75,1140.7,1138.6,1139.2,4006
1638177600,1139.2,1139.8,1136.8,1137.05,6139
1638177900,1136.85,1138.2,1135.4,1138.0,5374
1638178200,1138.0,1138.6,1134.0,1135.25,12181
1638178500,1135.6,1136.9,1134.3,1135.6,12641
1638178800,1135.45,1135.8,1134.45,1135.3,12589
1638179100,1135.25,1135.7,1134.1,1135.2,16206
1638179400,1135.0,1139.1,1135.0,1135.2,42469
1638179700,1135.25,1139.75,1135.0,1135.0,11070
1638243900,1135.0,1149.15,1134.15,1146.35,41661
1638244200,1145.75,1155.0,1143.15,1154.45,34886
1638244500,1154.5,1158.1,1147.15,1148.0,30374
1638244800,1148.15,1148.65,1146.6,1147.7,15437
1638245100,1147.5,1151.25,1147.5,1151.25,12602
1638245400,1151.25,1152.95,1149.55,1152.95,19436
1638245700,1154.5,1166.5,1154.5,1158.2,39107
1638246000,1158.2,1158.45,1154.45,1154.6,13525
1638246300,1154.6,1162.7,1154.5,1161.25,15764
1638246600,1161.75,1164.5,1159.6,1160.7,15496
1638246900,1161.0,1161.8,1157.1,1157.6,11256
1638247200,1157.6,1159.85,1157.5,1157.8,13669
1638247500,1157.6,1159.1,1157.6,1159.0,9666
1638247800,1159.0,1162.5,1159.0,1161.9,10324
1638248100,1161.9,1164.2,1161.1,1163.8,15080
1638248400,1163.8,1165.9,1163.2,1163.35,13733
1638248700,1163.2,1167.9,1162.0,1165.25,32095
1638249000,1165.25,1165.7,1163.0,1164.1,12879
1638249300,1164.1,1164.15,1157.2,1158.35,24746
1638249600,1158.25,1167.9,1155.8,1164.45,52662
1638249900,1164.45,1164.95,1161.9,1163.95,18190
1638250200,1163.85,1164.85,1159.7,1162.2,24646
1638250500,1162.2,1162.2,1158.0,1159.1,22158
1638250800,1159.1,1165.9,1158.4,1165.75,36330
1638251100,1165.8,1165.9,1158.3,1159.0,30425
1638251400,1159.0,1162.1,1158.1,1159.9,22323
1638251700,1159.7,1163.05,1159.6,1160.55,19727
1638252000,1160.55,1161.7,1159.25,1159.75,13735
1638252300,1158.0,1159.25,1152.75,1154.05,66281
1638252600,1153.45,1154.5,1146.45,1150.75,42731
1638252900,1150.75,1152.0,1149.4,1151.75,26622
1638253200,1151.75,1153.2,1149.5,1150.35,16205
1638253500,1150.65,1152.55,1149.6,1151.6,12705
1638253800,1151.6,1153.9,1151.45,1152.8,7864
1638254100,1153.65,1154.75,1152.05,1154.15,8250
1638254400,1154.15,1157.0,1152.7,1156.5,9028
1638254700,1156.5,1159.0,1155.55,1159.0,7315
1638255000,1159.0,1160.0,1157.6,1159.0,10697
1638255300,1159.0,1159.8,1157.15,1159.0,12516
1638255600,1159.0,1159.65,1156.3,1159.3,11201
1638255900,1159.35,1160.8,1158.3,1159.6,11732
1638256200,1159.6,1160.3,1158.4,1160.0,9618
1638256500,1160.0,1161.0,1158.65,1160.1,11434
1638256800,1160.1,1162.5,1159.2,1160.85,15337
1638257100,1160.85,1162.35,1159.7,1160.4,18899
1638257400,1160.4,1160.4,1155.15,1157.55,31584
1638257700,1157.55,1160.0,1156.65,1159.5,10858
1638258000,1159.5,1160.2,1157.2,1159.15,16193
1638258300,1159.15,1159.45,1157.1,1157.3,12433
1638258600,1157.95,1159.2,1157.2,1159.0,8007
1638258900,1158.95,1159.05,1158.25,1158.9,4853
1638259200,1158.9,1162.35,1158.4,1160.75,8446
1638259500,1161.25,1162.45,1160.3,1161.7,6650
1638259800,1161.7,1162.25,1160.5,1161.65,6537
1638260100,1161.9,1161.95,1159.8,1161.95,12217
1638260400,1161.95,1162.0,1160.65,1162.0,6204
1638260700,1161.9,1162.2,1160.1,1161.35,11053
1638261000,1161.35,1162.2,1160.15,1162.15,6709
1638261300,1162.15,1162.15,1160.0,1161.0,11649
1638261600,1161.0,1162.4,1160.9,1161.9,7296
1638261900,1161.75,1163.0,1160.1,1161.15,16044
1638262200,1161.15,1161.7,1156.3,1159.95,18263
1638262500,1160.0,1160.4,1158.1,1158.2,9897
1638262800,1158.2,1158.6,1156.35,1156.7,13018
1638263100,1156.7,1157.95,1156.35,1156.5,13942
1638263400,1156.5,1158.85,1155.8,1156.8,14711
1638263700,1156.85,1159.95,1156.35,1159.0,18517
1638264000,1159.0,1159.05,1157.1,1157.1,14040
1638264300,1157.15,1159.05,1157.1,1158.65,11214
1638264600,1158.55,1162.95,1158.05,1162.95,173417
1638264900,1162.9,1166.45,1159.55,1163.05,156620
1638265200,1163.5,1166.65,1161.95,1162.0,157648
1638265500,1162.25,1163.9,1159.0,1161.15,191569
1638265800,1161.15,1162.95,1157.4,1157.9,222412
1638266100,1157.4,1157.85,1148.25,1151.0,140577
1638330300,1160.8,1174.55,1160.55,1171.85,116143
1638330600,1171.85,1179.45,1171.85,1173.8,67233
1638330900,1172.9,1177.15,1170.6,1175.6,86157
1638331200,1175.55,1176.5,1172.1,1173.3,38097
1638331500,1173.3,1173.3,1169.0,1172.0,33790
1638331800,1171.95,1171.95,1167.05,1167.65,58686
1638332100,1167.6,1169.3,1163.8,1169.0,33497
1638332400,1169.3,1169.3,1160.6,1162.65,29280
1638332700,1162.65,1162.7,1155.5,1156.55,46863
1638333000,1156.6,1163.6,1156.6,1163.6,18314
1638333300,1163.6,1163.6,1161.55,1163.2,11117
1638333600,1163.2,1163.5,1161.05,1161.5,12137
1638333900,1161.5,1164.0,1161.5,1163.35,13103
1638334200,1163.35,1166.6,1163.35,1165.85,10804
1638334500,1165.85,1166.95,1165.05,1166.55,10096
1638334800,1166.55,1168.0,1165.5,1168.0,7658
1638335100,1168.0,1168.85,1167.7,1168.7,11865
1638335400,1168.4,1169.65,1167.8,1168.3,8448
1638335700,1168.3,1169.95,1167.25,1167.25,9987
1638336000,1167.25,1168.8,1167.25,1167.9,6579
1638336300,1167.9,1167.9,1164.15,1164.95,23218
1638336600,1165.0,1166.45,1163.6,1165.25,18473
1638336900,1165.25,1168.85,1165.05,1168.5,17549
1638337200,1168.5,1169.95,1168.15,1168.85,5210
1638337500,1168.85,1169.6,1168.45,1169.5,5169
1638337800,1169.5,1170.0,1168.85,1169.7,10072
1638338100,1169.3,1172.0,1168.3,1170.4,18084
1638338400,1170.8,1171.5,1168.7,1169.4,15357
1638338700,1169.4,1170.2,1169.4,1169.85,3641
1638339000,1169.85,1171.95,1169.65,1170.75,3966
1638339300,1170.7,1170.7,1168.5,1170.05,15254
1638339600,1169.45,1170.2,1167.65,1168.35,15198
1638339900,1168.35,1168.4,1165.25,1166.5,27849
1638340200,1166.5,1167.0,1166.3,1166.85,4524
1638340500,1166.6,1166.9,1165.15,1166.2,8669
1638340800,1166.2,1166.2,1165.2,1165.35,6005
1638341100,1165.35,1165.65,1161.35,1162.95,12549
1638341400,1162.95,1165.0,1162.4,1163.6,6561
1638341700,1163.9,1165.05,1163.6,1164.3,4712
1638342000,1164.35,1164.85,1163.65,1163.7,4973
1638342300,1163.85,1164.6,1163.55,1163.75,6295
1638342600,1163.75,1164.95,1162.0,1162.15,17015
1638342900,1162.05,1162.65,1160.7,1161.05,8940
1638343200,1161.05,1163.7,1161.05,1162.45,8000
1638343500,1162.45,1163.85,1162.45,1163.4,2767
1638343800,1163.4,1165.7,1163.25,1165.4,17915
1638344100,1163.25,1165.4,1162.7,1163.55,30257
1638344400,1163.55,1164.5,1163.3,1164.2,4835
1638344700,1164.5,1164.65,1163.4,1164.55,4670
1638345000,1164.55,1165.55,1164.55,1165.55,6792
1638345300,1165.55,1165.95,1164.95,1165.0,3635
1638345600,1165.0,1168.0,1162.6,1165.5,14406
1638345900,1165.5,1165.5,1163.85,1164.4,5950
1638346200,1164.4,1165.95,1164.35,1164.95,4538
1638346500,1165.5,1166.7,1164.9,1166.35,6360
1638346800,1166.3,1166.45,1163.2,1163.2,13976
1638347100,1163.2,1164.15,1161.4,1164.0,9045
1638347400,1164.0,1164.0,1160.0,1161.65,15816
1638347700,1161.15,1161.65,1158.15,1159.85,11512
1638348000,1159.85,1161.0,1158.8,1159.5,3783
1638348300,1159.5,1160.0,1158.6,1159.6,5119
1638348600,1159.45,1160.55,1158.6,1160.25,10364
1638348900,1160.25,1162.2,1159.65,1161.9,3207
1638349200,1161.85,1163.15,1160.6,1162.25,4610
1638349500,1162.25,1164.0,1161.5,1164.0,4227
1638349800,1164.0,1165.75,1163.25,1165.45,6160
1638350100,1165.35,1167.0,1165.35,1167.0,5136
1638350400,1167.0,1167.5,1165.85,1167.0,8764
1638350700,1167.0,1167.95,1165.0,1165.2,10211
1638351000,1166.6,1166.6,1164.0,1165.0,16969
1638351300,1165.0,1166.1,1162.6,1163.65,19372
1638351600,1163.65,1164.45,1162.2,1164.45,15022
1638351900,1164.45,1167.0,1164.1,1166.7,32764
1638352200,1166.5,1167.2,1161.9,1162.5,24736
1638352500,1162.0,1167.35,1161.6,1164.0,15738
1638416700,1170.65,1171.0,1157.05,1166.15,38501
1638417000,1166.5,1175.0,1166.05,1170.35,24504
1638417300,1170.35,1174.0,1168.2,1172.2,21887
1638417600,1172.2,1177.85,1171.75,1176.7,22410
1638417900,1176.7,1176.7,1173.2,1174.95,10407
1638418200,1174.95,1177.2,1174.1,1175.15,11015
1638418500,1175.15,1176.0,1173.35,1174.5,10397
1638418800,1174.5,1176.8,1174.5,1176.75,8723
1638419100,1176.75,1177.0,1175.2,1176.6,7291
1638419400,1176.7,1176.85,1175.4,1175.75,7697
1638419700,1175.7,1176.5,1174.5,1176.5,14510
1638420000,1175.95,1178.8,1175.95,1176.95,12727
1638420300,1177.95,1179.9,1175.05,1175.55,11732
1638420600,1175.55,1177.5,1175.2,1176.65,5527
1638420900,1177.2,1178.25,1176.55,1177.6,7520
1638421200,1177.55,1178.0,1176.2,1176.65,6983
1638421500,1176.65,1177.05,1175.4,1176.05,6166
1638421800,1176.05,1177.5,1175.8,1177.5,4788
1638422100,1177.05,1179.15,1176.85,1178.8,9041
1638422400,1178.55,1178.55,1176.3,1176.65,5786
1638422700,1176.65,1177.0,1176.1,1176.25,3860
1638423000,1176.35,1179.0,1176.3,1178.4,9568
1638423300,1178.4,1180.45,1178.3,1180.05,15353
1638423600,1180.35,1180.75,1180.0,1180.25,7340
1638423900,1180.4,1181.0,1179.45,1180.35,11193
1638424200,1180.35,1181.9,1180.0,1181.35,9552
1638424500,1181.3,1181.3,1179.95,1180.05,14005
1638424800,1180.05,1181.1,1180.05,1180.85,7488
1638425100,1181.0,1181.1,1179.65,1180.1,18283
1638425400,1180.1,1180.35,1180.0,1180.1,7007
1638425700,1180.1,1180.35,1179.8,1180.2,16432
1638426000,1180.2,1180.2,1179.5,1180.05,14453
1638426300,1180.05,1181.4,1179.6,1181.35,9403
1638426600,1181.35,1181.7,1180.45,1180.75,6799
1638426900,1180.75,1180.95,1180.3,1180.75,6951
1638427200,1180.75,1182.85,1180.55,1182.05,15039
1638427500,1182.05,1183.0,1182.0,1182.6,9676
1638427800,1182.6,1185.0,1182.6,1183.7,17522
1638428100,1184.0,1184.4,1181.9,1183.85,17488
1638428400,1184.15,1185.8,1183.0,1184.0,15953
1638428700,1184.0,1184.5,1183.0,1183.05,13626
1638429000,1183.05,1184.5,1183.0,1183.95,9534
1638429300,1183.95,1183.95,1181.3,1183.0,9719
1638429600,1183.0,1183.75,1180.7,1181.4,8553
1638429900,1181.4,1181.4,1177.05,1177.45,14171
1638430200,1177.7,1181.8,1177.5,1180.15,11357
1638430500,1180.15,1181.9,1180.15,1181.75,7550
1638430800,1181.8,1183.5,1179.45,1183.45,13854
1638431100,1183.4,1183.9,1182.15,1183.65,12877
1638431400,1183.6,1184.0,1182.3,1183.05,8317
1638431700,1183.3,1185.35,1181.95,1184.15,13786
1638432000,1184.4,1185.35,1183.35,1184.85,9341
1638432300,1184.95,1185.25,1181.95,1183.6,16779
1638432600,1183.45,1183.6,1180.65,1181.6,15735
1638432900,1181.6,1183.45,1181.05,1183.4,9653
1638433200,1183.35,1184.5,1183.15,1184.0,7947
1638433500,1184.0,1184.3,1182.85,1183.95,10055
1638433800,1183.9,1184.5,1183.05,1183.15,9120
1638434100,1183.65,1186.55,1183.15,1184.8,15662
1638434400,1185.7,1186.65,1185.0,1185.35,9171
1638434700,1185.6,1187.4,1185.2,1186.75,14808
1638435000,1186.45,1187.1,1184.1,1184.55,18635
1638435300,1184.65,1186.45,1182.65,1183.8,22118
1638435600,1183.8,1184.1,1182.2,1182.75,10302
1638435900,1182.75,1186.4,1182.5,1186.25,7325
1638436200,1185.7,1186.45,1184.1,1185.45,17242
1638436500,1185.4,1185.6,1184.65,1185.15,9317
1638436800,1185.15,1186.8,1184.1,1186.55,15746
1638437100,1186.5,1187.7,1185.5,1185.7,16286
1638437400,1185.7,1187.5,1185.7,1187.25,28562
1638437700,1187.4,1188.55,1186.4,1187.0,30200
1638438000,1187.0,1188.45,1185.45,1188.45,31193
1638438300,1188.45,1189.9,1188.25,1189.65,37614
1638438600,1189.65,1190.0,1189.15,1189.4,37776
1638438900,1189.4,1190.0,1187.0,1187.0,23003
1638503100,1177.0,1188.05,1177.0,1185.7,52535
1638503400,1185.7,1186.0,1180.05,1181.05,39522
1638503700,1181.05,1181.25,1176.05,1177.85,32575
1638504000,1177.3,1177.85,1172.6,1177.4,26923
1638504300,1177.1,1181.0,1176.55,1180.5,45300
1638504600,1180.55,1181.2,1178.5,1179.0,27953
1638504900,1179.0,1179.35,1176.0,1177.3,20401
1638505200,1177.1,1179.1,1173.45,1174.0,23117
1638505500,1173.65,1175.3,1173.0,1174.35,18205
1638505800,1174.5,1175.05,1171.6,1171.6,12729
1638506100,1171.6,1174.9,1171.4,1171.4,24807
1638506400,1171.75,1173.2,1171.4,1172.7,21176
1638506700,1172.95,1172.95,1169.05,1169.45,38628
1638507000,1169.1,1170.95,1168.5,1169.75,23280
1638507300,1169.75,1173.05,1169.4,1170.3,12845
1638507600,1170.6,1170.75,1169.5,1169.55,6620
1638507900,1169.85,1169.95,1167.5,1169.9,14872
1638508200,1169.85,1172.05,1168.9,1170.5,11879
1638508500,1170.5,1171.55,1169.3,1169.3,11924
1638508800,1169.3,1171.8,1169.3,1171.55,14100
1638509100,1171.55,1174.2,1171.25,1173.5,9183
1638509400,1173.5,1174.85,1173.0,1173.45,8274
1638509700,1173.45,1173.6,1172.05,1173.2,4278
1638510000,1173.2,1175.1,1173.0,1174.85,12215
1638510300,1174.85,1175.95,1174.0,1174.3,11463
1638510600,1174.3,1174.3,1173.4,1173.95,6046
1638510900,1173.95,1173.95,1172.55,1173.5,7320
1638511200,1173.5,1173.8,1172.1,1172.45,6298
1638511500,1172.5,1174.2,1172.45,1173.6,7450
1638511800,1173.6,1174.4,1173.3,1174.4,6353
1638512100,1174.55,1174.55,1172.5,1173.15,7470
1638512400,1173.25,1173.45,1172.8,1173.45,4445
1638512700,1173.45,1173.55,1173.4,1173.55,5277
1638513000,1173.55,1176.5,1173.55,1176.0,9159
1638513300,1176.0,1176.6,1175.4,1175.95,9671
1638513600,1175.95,1177.9,1175.6,1177.7,11375
1638513900,1177.8,1178.15,1175.4,1177.5,11840
1638514200,1177.5,1177.5,1174.55,1175.1,9453
1638514500,1174.5,1175.05,1172.55,1172.95,8878
1638514800,1172.95,1172.95,1170.75,1171.3,10594
1638515100,1171.35,1172.3,1171.2,1171.75,9356
1638515400,1171.75,1171.75,1171.0,1171.6,7390
1638515700,1171.15,1172.15,1170.1,1171.0,12037
1638516000,1171.0,1172.0,1170.65,1171.55,9881
1638516300,1171.55,1173.1,1171.35,1172.95,10493
1638516600,1172.95,1173.1,1171.1,1172.45,8858
1638516900,1172.45,1172.6,1171.5,1171.6,8065
1638517200,1171.6,1171.6,1170.8,1171.4,6888
1638517500,1171.4,1173.25,1171.15,1172.8,11876
1638517800,1172.8,1175.9,1171.85,1175.05,19066
1638518100,1175.05,1175.45,1174.25,1175.0,20127
1638518400,1175.0,1176.9,1174.8,1175.0,19141
1638518700,1175.2,1177.95,1174.45,1177.95,15259
1638519000,1177.95,1177.95,1176.5,1177.15,17498
1638519300,1177.15,1179.9,1175.95,1179.35,28303
1638519600,1179.35,1179.75,1177.25,1178.0,11271
1638519900,1177.95,1179.0,1175.25,1175.6,18580
1638520200,1175.6,1175.6,1173.0,1173.95,10270
1638520500,1173.95,1173.95,1169.1,1169.35,14248
1638520800,1169.3,1169.5,1167.0,1167.0,16286
1638521100,1167.0,1167.65,1166.35,1167.55,12870
1638521400,1167.55,1172.3,1166.85,1170.2,12644
1638521700,1169.9,1172.0,1169.75,1171.0,11093
1638522000,1171.0,1172.1,1170.25,1170.95,14831
1638522300,1170.95,1172.1,1170.55,1171.85,13873
1638522600,1171.85,1174.15,1170.75,1173.8,12772
1638522900,1174.5,1174.5,1171.9,1173.0,12398
1638523200,1173.0,1173.0,1169.55,1170.95,18538
1638523500,1170.95,1171.55,1169.25,1170.6,11354
1638523800,1170.5,1170.7,1166.5,1167.85,25487
1638524100,1167.9,1167.9,1164.8,1167.35,46477
1638524400,1167.35,1167.35,1164.85,1164.9,46577
1638524700,1164.9,1168.65,1164.85,1167.15,56613
1638525000,1167.75,1167.75,1163.7,1164.75,73794
1638525300,1165.1,1168.75,1164.15,1165.0,35018
1638762300,1165.95,1179.0,1165.95,1173.45,34609
1638762600,1173.5,1175.0,1171.0,1173.1,28233
1638762900,1173.75,1174.0,1160.4,1160.55,34272
1638763200,1161.45,1162.85,1158.05,1158.95,17562
1638763500,1158.45,1161.25,1157.6,1159.55,20460
1638763800,1159.55,1162.95,1158.0,1161.6,10736
1638764100,1161.6,1164.8,1161.0,1162.6,6806
1638764400,1162.6,1163.85,1159.55,1160.65,4883
1638764700,1160.9,1163.2,1158.8,1159.75,6001
1638765000,1159.75,1161.0,1157.0,1157.5,10850
1638765300,1157.5,1160.85,1157.5,1159.6,4014
1638765600,1159.6,1163.0,1159.35,1162.75,11034
1638765900,1163.15,1164.55,1162.4,1164.05,4605
1638766200,1164.05,1164.05,1160.1,1162.0,5477
1638766500,1162.0,1162.0,1157.45,1158.65,13349
1638766800,1158.65,1159.55,1155.25,1156.1,15878
1638767100,1156.05,1156.05,1153.0,1154.95,15433
1638767400,1154.95,1156.0,1154.6,1155.1,9079
1638767700,1155.1,1155.75,1154.4,1155.3,9879
1638768000,1155.3,1155.75,1154.3,1155.6,2544
1638768300,1155.6,1156.0,1154.0,1154.55,6262
1638768600,1154.6,1155.45,1152.75,1152.8,4186
1638768900,1152.8,1153.8,1152.55,1153.0,3097
1638769200,1152.8,1153.6,1151.35,1153.15,9156
1638769500,1153.0,1153.05,1150.2,1152.45,12211
1638769800,1152.45,1152.95,1151.05,1151.55,8173
1638770100,1151.55,1153.0,1151.1,1152.8,8047
1638770400,1152.15,1153.95,1151.7,1153.35,9439
1638770700,1153.55,1154.5,1151.4,1152.0,11021
1638771000,1151.65,1153.05,1151.0,1151.85,8665
1638771300,1152.15,1153.95,1151.75,1152.45,6343
1638771600,1152.45,1152.8,1151.2,1152.25,6286
1638771900,1152.15,1152.35,1150.95,1151.7,6833
1638772200,1151.7,1152.45,1150.9,1152.2,6647
1638772500,1152.2,1152.55,1150.5,1151.2,7094
1638772800,1151.35,1152.75,1150.75,1151.35,6874
1638773100,1151.35,1152.5,1150.5,1150.5,8955
1638773400,1150.55,1151.15,1150.0,1150.5,10830
1638773700,1150.95,1153.9,1150.0,1153.1,14603
1638774000,1153.1,1153.9,1152.25,1152.9,9647
1638774300,1152.85,1154.9,1152.55,1154.3,13957
1638774600,1153.9,1155.6,1153.7,1153.9,20231
1638774900,1153.9,1155.15,1153.7,1154.9,8106
1638775200,1154.9,1155.45,1154.45,1155.2,9651
1638775500,1155.2,1156.0,1154.0,1155.75,8976
1638775800,1155.75,1160.3,1155.45,1157.75,21759
1638776100,1157.75,1158.5,1156.9,1157.7,9743
1638776400,1157.7,1158.8,1157.05,1158.45,9274
1638776700,1158.45,1158.9,1156.8,1158.25,9519
1638777000,1158.25,1158.6,1157.4,1157.75,9954
1638777300,1157.55,1158.45,1157.4,1157.45,9157
1638777600,1157.55,1158.4,1157.45,1158.4,10287
1638777900,1158.35,1158.8,1157.25,1158.55,10427
1638778200,1158.5,1160.75,1158.3,1159.05,13420
1638778500,1159.05,1160.3,1158.4,1160.0,9252
1638778800,1159.95,1160.1,1158.65,1159.3,10085
1638779100,1159.3,1159.55,1157.9,1158.65,8742
1638779400,1158.05,1158.9,1157.6,1158.05,10393
1638779700,1157.4,1158.15,1155.55,1157.5,31015
1638780000,1157.7,1160.2,1157.5,1159.5,28621
1638780300,1159.5,1160.45,1158.35,1158.4,44257
1638780600,1158.4,1159.85,1158.05,1158.95,7274
1638780900,1158.55,1159.4,1157.8,1158.55,6323
1638781200,1158.55,1158.85,1155.05,1155.05,8237
1638781500,1155.65,1155.95,1153.45,1154.9,10983
1638781800,1154.75,1155.9,1152.2,1155.0,12723
1638782100,1155.0,1155.55,1153.9,1154.85,7516
1638782400,1154.85,1155.45,1153.7,1154.85,9893
1638782700,1154.85,1154.85,1153.2,1153.25,7507
1638783000,1153.2,1153.2,1148.65,1148.95,31278
1638783300,1148.95,1149.0,1148.15,1148.55,12156
1638783600,1148.45,1148.5,1147.05,1147.35,12537
1638783900,1147.3,1147.55,1146.55,1146.85,21757
1638784200,1146.85,1149.0,1146.55,1148.6,26640
1638784500,1148.7,1149.25,1145.0,1146.9,23718
1638848700,1157.0,1157.0,1148.0,1150.0,19781
1638849000,1150.25,1151.15,1148.05,1148.2,11939
1638849300,1148.2,1148.65,1145.65,1148.15,6427
1638849600,1148.15,1150.7,1148.0,1149.6,3800
1638849900,1149.35,1149.6,1144.15,1145.0,27259
1638850200,1145.0,1148.0,1143.1,1145.35,22826
1638850500,1145.05,1148.45,1143.4,1144.2,43038
1638850800,1144.15,1145.0,1139.8,1143.95,188848
1638851100,1144.0,1145.0,1142.0,1142.35,16921
1638851400,1142.35,1145.0,1142.0,1142.9,25977
1638851700,1142.9,1143.85,1141.6,1142.7,8478
1638852000,1142.7,1144.45,1141.5,1144.0,12291
1638852300,1144.0,1144.5,1143.1,1143.1,9945
1638852600,1143.1,1143.5,1140.0,1140.25,29724
1638852900,1140.25,1142.1,1140.05,1140.6,24372
1638853200,1140.5,1142.8,1140.0,1142.0,25345
1638853500,1142.0,1144.05,1141.05,1141.7,25444
1638853800,1141.7,1143.7,1141.15,1142.5,25934
1638854100,1142.5,1143.4,1140.55,1142.7,19960
1638854400,1141.85,1142.0,1140.0,1140.05,20387
1638854700,1140.05,1142.75,1140.0,1140.0,36052
1638855000,1140.05,1140.15,1139.4,1140.0,27347
1638855300,1140.2,1141.75,1139.0,1139.05,16870
1638855600,1139.4,1142.05,1139.15,1141.0,19831
1638855900,1141.0,1144.55,1139.8,1144.0,49563
1638856200,1144.0,1144.0,1140.25,1140.6,27957
1638856500,1140.6,1141.5,1140.05,1140.95,10859
1638856800,1140.95,1140.95,1139.75,1140.55,11242
1638857100,1140.55,1142.4,1139.8,1141.9,17902
1638857400,1141.9,1144.5,1140.5,1142.9,25504
1638857700,1142.75,1144.2,1142.3,1142.9,13337
1638858000,1143.3,1144.0,1141.5,1142.0,18633
1638858300,1142.0,1142.0,1140.3,1140.3,12498
1638858600,1140.3,1140.7,1139.7,1140.05,20595
1638858900,1140.05,1144.0,1140.0,1142.85,23835
1638859200,1143.25,1143.5,1141.0,1141.55,19582
1638859500,1141.55,1142.6,1140.35,1141.05,15437
1638859800,1141.55,1141.9,1140.0,1140.05,20159
1638860100,1140.05,1143.45,1140.0,1141.85,119610
1638860400,1142.9,1148.45,1140.35,1147.95,74529
1638860700,1148.0,1155.45,1147.6,1153.45,98483
1638861000,1153.45,1154.4,1145.45,1148.55,60870
1638861300,1148.25,1148.25,1141.6,1143.55,52946
1638861600,1143.6,1147.95,1143.05,1147.85,13727
1638861900,1147.85,1159.35,1147.8,1155.6,55094
1638862200,1155.0,1156.0,1152.8,1153.15,14870
1638862500,1153.15,1154.05,1152.0,1152.6,11003
1638862800,1152.45,1153.2,1150.85,1150.9,60582
1638863100,1151.55,1153.65,1150.05,1153.0,11358
1638863400,1152.8,1154.2,1152.0,1152.75,11459
1638863700,1152.75,1153.5,1151.15,1151.55,10976
1638864000,1151.55,1153.3,1150.65,1152.9,13813
1638864300,1152.8,1154.0,1152.1,1153.45,10978
1638864600,1153.4,1153.4,1151.6,1152.5,11071
1638864900,1152.5,1157.0,1150.25,1156.75,20286
1638865200,1156.7,1158.9,1153.15,1155.55,19328
1638865500,1155.55,1156.5,1154.75,1156.2,11475
1638865800,1156.15,1156.15,1154.9,1155.7,9964
1638866100,1155.7,1156.45,1152.9,1152.9,16591
1638866400,1152.9,1154.75,1150.25,1152.0,17077
1638866700,1152.0,1155.3,1151.45,1154.85,16378
1638867000,1154.8,1154.8,1152.05,1152.95,16461
1638867300,1152.95,1152.95,1151.2,1152.75,15647
1638867600,1152.7,1154.45,1151.45,1153.05,18462
1638867900,1153.05,1153.35,1150.0,1150.75,15205
1638868200,1150.65,1152.75,1150.2,1152.5,18012
1638868500,1152.5,1155.0,1151.25,1154.75,26280
1638868800,1154.75,1155.35,1153.5,1154.7,14448
1638869100,1154.7,1157.7,1154.5,1157.05,28814
1638869400,1157.4,1158.95,1155.7,1158.2,53585
1638869700,1158.8,1160.55,1158.4,1159.45,53953
1638870000,1159.45,1162.45,1159.3,1161.1,31981
1638870300,1161.1,1161.1,1157.55,1158.25,49596
1638870600,1158.25,1160.0,1157.2,1159.35,29225
1638870900,1159.35,1160.0,1156.0,1158.4,19946
1638935100,1165.0,1167.65,1160.25,1161.05,15666
1638935400,1165.0,1165.0,1160.0,1161.1,22113
1638935700,1161.1,1163.3,1160.85,1161.85,11813
1638936000,1161.85,1164.85,1159.6,1160.7,24900
1638936300,1160.85,1161.9,1160.0,1161.8,12159
1638936600,1161.8,1163.0,1160.0,1162.0,14206
1638936900,1162.0,1169.9,1161.95,1167.0,159961
1638937200,1167.0,1167.0,1163.0,1163.0,15757
1638937500,1163.0,1165.3,1162.3,1162.6,218681
1638937800,1162.6,1164.4,1160.6,1162.6,15954
1638938100,1162.6,1165.05,1161.1,1161.5,27753
1638938400,1161.2,1163.45,1161.2,1162.5,17497
1638938700,1162.5,1163.2,1161.8,1162.05,11816
1638939000,1162.0,1162.9,1158.6,1160.7,22308
1638939300,1160.4,1160.95,1160.0,1160.1,13522
1638939600,1160.1,1160.6,1159.4,1160.2,13272
1638939900,1160.2,1161.5,1159.15,1159.8,8428
1638940200,1159.95,1160.1,1158.6,1160.05,5547
1638940500,1160.0,1161.35,1159.6,1161.05,8712
1638940800,1160.95,1160.95,1160.0,1160.05,9284
1638941100,1160.0,1160.25,1159.6,1159.8,11229
1638941400,1159.8,1160.0,1159.25,1160.0,5835
1638941700,1160.0,1160.0,1159.0,1160.0,5049
1638942000,1160.0,1160.0,1159.55,1159.9,3290
1638942300,1159.95,1160.8,1159.45,1159.95,8589
1638942600,1160.0,1160.0,1159.3,1160.0,3674
1638942900,1160.0,1160.7,1159.45,1159.95,8369
1638943200,1159.9,1160.0,1159.0,1159.5,6274
1638943500,1159.55,1162.45,1159.45,1162.25,13538
1638943800,1162.25,1162.35,1160.0,1160.2,12363
1638944100,1160.4,1161.9,1159.85,1159.9,21157
1638944400,1159.9,1160.0,1159.0,1160.0,13925
1638944700,1160.0,1161.75,1159.55,1160.0,194515
1638945000,1160.0,1161.0,1159.75,1161.0,191676
1638945300,1161.0,1163.0,1160.4,1162.2,18292
1638945600,1162.2,1164.55,1162.0,1163.5,17174
1638945900,1163.5,1164.5,1161.9,1162.7,13348
1638946200,1162.7,1164.0,1162.15,1162.55,16275
1638946500,1162.55,1164.55,1161.1,1162.2,340331
1638946800,1162.9,1163.0,1162.05,1162.55,14278
1638947100,1162.55,1162.95,1159.45,1160.1,36545
1638947400,1160.05,1161.0,1159.5,1160.75,13074
1638947700,1160.75,1164.15,1160.0,1164.1,17978
1638948000,1164.1,1164.5,1160.0,1160.0,54970
1638948300,1160.0,1161.75,1159.8,1160.6,25076
1638948600,1160.6,1161.45,1159.95,1160.65,9974
1638948900,1160.65,1161.7,1159.85,1161.05,10595
1638949200,1161.05,1162.6,1160.35,1162.2,11132
1638949500,1161.8,1162.3,1161.2,1162.25,10445
1638949800,1162.25,1163.8,1162.0,1162.7,12766
1638950100,1162.8,1163.75,1161.3,1162.7,13442
1638950400,1162.7,1163.5,1161.05,1163.3,12306
1638950700,1163.3,1163.85,1162.0,1162.7,11139
1638951000,1162.7,1164.8,1162.55,1164.0,12846
1638951300,1164.0,1164.6,1160.0,1164.45,66104
1638951600,1164.55,1166.8,1164.0,1165.5,19970
1638951900,1165.45,1166.4,1164.7,1165.95,13325
1638952200,1165.95,1165.95,1163.05,1163.55,14067
1638952500,1163.5,1164.85,1162.7,1164.75,12376
1638952800,1164.75,1164.75,1162.55,1162.8,13822
1638953100,1162.8,1165.0,1162.8,1163.6,13213
1638953400,1163.6,1163.8,1162.75,1163.6,11073
1638953700,1163.6,1163.95,1162.9,1163.4,10903
1638954000,1163.35,1165.4,1163.0,1165.05,14339
1638954300,1165.0,1165.9,1165.0,1165.6,12569
1638954600,1165.6,1167.55,1165.0,1167.55,14833
1638954900,1167.55,1167.55,1165.35,1166.45,15918
1638955200,1166.45,1167.05,1165.5,1166.9,13732
1638955500,1166.3,1168.65,1166.3,1167.15,15803
1638955800,1167.65,1172.4,1167.35,1171.85,32496
1638956100,1171.85,1173.0,1170.65,1172.0,22853
1638956400,1172.05,1172.05,1167.6,1168.25,23999
1638956700,1168.1,1170.7,1167.8,1170.0,29862
1638957000,1170.0,1170.0,1168.35,1169.5,56877
1638957300,1169.95,1171.0,1168.0,1171.0,65135
1639021500,1180.0,1184.95,1164.8,1164.95,44282
1639021800,1164.95,1166.0,1161.0,1161.9,27093
1639022100,1162.0,1162.05,1159.15,1160.3,15227
1639022400,1160.3,1162.9,1159.0,1162.05,18074
1639022700,1162.1,1162.5,1160.45,1161.9,13909
1639023000,1161.6,1164.9,1160.3,1163.55,18235
1639023300,1163.55,1163.55,1161.1,1161.15,8244
1639023600,1161.15,1165.9,1161.0,1164.5,206635
1639023900,1164.5,1165.0,1161.0,1161.05,15335
1639024200,1161.25,1162.45,1161.0,1161.75,11187
1639024500,1162.0,1162.0,1160.25,1161.0,11864
1639024800,1161.0,1163.55,1161.0,1163.0,9819
1639025100,1163.0,1164.5,1161.4,1161.4,8306
1639025400,1161.4,1161.55,1158.8,1159.4,11593
1639025700,1159.4,1159.7,1155.1,1155.95,20490
1639026000,1155.2,1157.0,1155.2,1155.85,9083
1639026300,1155.8,1156.75,1155.0,1156.45,13365
1639026600,1156.45,1159.1,1156.15,1158.5,10029
1639026900,1158.5,1158.5,1155.15,1155.5,14661
1639027200,1155.5,1156.95,1155.1,1156.8,6195
1639027500,1156.8,1156.85,1155.0,1156.8,7688
1639027800,1156.8,1157.0,1154.15,1156.35,8018
1639028100,1156.4,1158.5,1156.35,1158.5,5886
1639028400,1158.5,1160.0,1158.1,1160.0,6799
1639028700,1160.0,1160.0,1157.8,1159.05,5522
1639029000,1159.05,1160.0,1158.45,1160.0,5064
1639029300,1160.0,1160.5,1159.5,1159.85,3663
1639029600,1159.85,1160.4,1159.45,1159.95,9426
1639029900,1160.0,1160.0,1159.5,1159.95,3389
1639030200,1160.0,1160.0,1159.15,1159.95,3053
1639030500,1159.95,1160.0,1159.4,1159.85,3926
1639030800,1159.85,1160.0,1159.25,1160.0,3852
1639031100,1160.0,1160.0,1159.0,1160.0,4674
1639031400,1160.0,1160.6,1159.4,1160.5,9972
1639031700,1160.5,1160.6,1159.95,1160.0,15804
1639032000,1160.0,1160.0,1159.35,1160.0,4241
1639032300,1160.0,1160.4,1159.4,1160.0,4553
1639032600,1160.0,1160.0,1159.0,1159.9,5346
1639032900,1159.9,1160.0,1159.4,1159.9,4851
1639033200,1159.9,1162.75,1159.9,1162.05,108800
1639033500,1162.05,1162.8,1161.9,1162.0,7442
1639033800,1162.0,1162.4,1161.0,1162.05,8406
1639034100,1162.0,1163.0,1161.75,1162.5,9684
1639034400,1162.2,1162.6,1160.0,1160.75,12663
1639034700,1160.75,1160.9,1160.0,1160.05,5238
1639035000,1160.05,1160.65,1160.0,1160.1,5147
1639035300,1160.1,1160.35,1160.0,1160.1,5940
1639035600,1160.05,1160.95,1160.0,1160.05,4994
1639035900,1160.05,1160.1,1159.0,1159.85,6483
1639036200,1159.85,1160.0,1159.25,1160.0,5204
1639036500,1160.0,1160.45,1159.25,1160.05,5964
1639036800,1160.05,1160.45,1159.5,1159.75,5101
1639037100,1159.75,1159.9,1159.0,1159.0,2786
1639037400,1158.95,1160.0,1158.0,1159.9,7066
1639037700,1159.9,1160.65,1159.15,1160.05,3697
1639038000,1160.05,1160.05,1159.0,1159.45,2506
1639038300,1159.45,1160.95,1159.15,1160.4,4122
1639038600,1160.9,1161.3,1160.3,1160.8,3070
1639038900,1161.2,1161.75,1160.0,1160.7,3028
1639039200,1160.5,1160.5,1159.0,1159.4,4918
1639039500,1159.4,1159.45,1158.25,1158.25,3493
1639039800,1158.25,1159.45,1156.1,1157.0,7270
1639040100,1156.75,1157.55,1156.25,1156.55,3934
1639040400,1156.55,1158.5,1156.25,1156.9,5592
1639040700,1156.85,1157.7,1156.8,1157.2,18516
1639041000,1157.2,1157.2,1155.4,1155.95,4110
1639041300,1155.5,1155.5,1153.1,1154.25,12727
1639041600,1154.2,1156.95,1153.85,1156.85,11064
1639041900,1156.85,1157.4,1156.0,1157.4,5767
1639042200,1157.7,1162.9,1157.7,1161.0,43514
1639042500,1162.35,1163.0,1160.55,1162.8,29855
1639042800,1162.8,1163.25,1160.0,1162.5,51209
1639043100,1162.6,1162.95,1161.6,1161.9,34234
1639043400,1161.95,1162.7,1159.7,1161.95,54255
1639043700,1161.75,1161.75,1156.9,1157.95,16491
1639107900,1161.0,1163.35,1156.8,1160.0,29888
1639108200,1160.0,1164.05,1159.0,1162.95,17074
1639108500,1162.95,1166.0,1162.0,1165.3,18944
1639108800,1165.45,1165.5,1160.2,1162.9,13664
1639109100,1162.9,1162.95,1160.3,1161.5,10541
1639109400,1161.5,1161.5,1159.6,1159.95,10386
1639109700,1159.6,1161.95,1158.25,1161.9,10527
1639110000,1161.9,1164.85,1161.45,1164.3,12000
1639110300,1164.3,1164.9,1163.05,1164.05,9611
1639110600,1164.05,1164.05,1161.75,1163.2,8178
1639110900,1163.4,1164.0,1161.85,1161.85,7240
1639111200,1161.95,1161.95,1159.4,1159.7,11071
1639111500,1159.7,1160.5,1159.5,1160.25,10202
1639111800,1160.25,1161.25,1159.0,1161.0,10914
1639112100,1161.2,1161.45,1159.25,1159.65,7622
1639112400,1159.65,1161.85,1159.65,1160.35,10495
1639112700,1160.35,1160.45,1159.2,1159.75,7500
1639113000,1159.7,1160.0,1159.0,1160.0,6851
1639113300,1160.0,1160.0,1159.15,1159.6,5436
1639113600,1159.75,1160.9,1159.6,1160.75,5606
1639113900,1160.85,1160.95,1159.15,1160.0,4878
1639114200,1160.0,1160.55,1159.05,1160.3,8147
1639114500,1160.3,1160.3,1158.3,1159.0,8851
1639114800,1159.0,1160.0,1159.0,1160.0,4307
1639115100,1160.0,1160.0,1158.7,1159.75,6881
1639115400,1159.75,1160.0,1158.65,1159.65,6105
1639115700,1159.7,1160.0,1159.25,1160.0,4501
1639116000,1160.0,1160.0,1158.9,1158.95,6958
1639116300,1158.95,1160.0,1158.7,1159.95,6525
1639116600,1159.95,1160.0,1159.2,1159.45,4501
1639116900,1159.45,1160.7,1159.25,1160.3,8242
1639117200,1160.7,1161.5,1159.8,1161.2,8097
1639117500,1161.2,1161.3,1159.95,1160.35,8285
1639117800,1160.3,1161.7,1159.85,1161.35,5716
1639118100,1161.35,1161.5,1160.3,1160.7,4558
1639118400,1160.75,1160.75,1159.7,1160.0,4098
1639118700,1159.8,1160.7,1158.95,1159.7,7394
1639119000,1159.7,1161.25,1159.25,1160.6,17248
1639119300,1160.6,1161.1,1159.55,1160.1,9792
1639119600,1160.05,1161.0,1160.0,1160.5,7198
1639119900,1160.6,1160.8,1159.5,1160.2,8842
1639120200,1160.2,1160.85,1159.9,1160.0,5271
1639120500,1160.0,1160.6,1159.9,1160.4,7174
1639120800,1160.3,1162.5,1160.1,1162.35,8620
1639121100,1162.35,1163.95,1162.25,1163.9,12793
1639121400,1163.8,1164.95,1163.0,1164.5,8562
1639121700,1164.45,1164.65,1163.95,1164.2,8342
1639122000,1164.1,1164.85,1163.6,1164.2,8690
1639122300,1164.2,1165.95,1163.95,1164.4,11309
1639122600,1164.4,1165.25,1164.0,1164.85,6842
1639122900,1164.85,1165.5,1164.15,1165.25,9139
1639123200,1165.1,1169.0,1165.0,1167.6,14698
1639123500,1168.45,1172.2,1168.1,1169.35,29594
1639123800,1170.15,1172.2,1169.75,1171.5,22138
1639124100,1171.5,1174.5,1170.55,1171.9,25240
1639124400,1171.9,1172.8,1170.15,1171.45,16461
1639124700,1171.45,1172.85,1170.85,1172.75,12823
1639125000,1172.2,1172.75,1170.8,1171.9,18011
1639125300,1171.9,1172.0,1170.75,1171.85,8034
1639125600,1171.85,1171.95,1170.7,1171.4,8891
1639125900,1171.4,1171.7,1170.15,1170.95,12181
1639126200,1170.95,1171.9,1170.25,1171.3,14484
1639126500,1171.35,1172.5,1171.35,1172.25,14812
1639126800,1172.25,1173.45,1170.95,1173.4,12136
1639127100,1173.4,1174.5,1173.05,1173.9,25817
1639127400,1174.0,1174.5,1173.5,1173.9,15824
1639127700,1173.9,1174.5,1173.65,1173.85,9463
1639128000,1173.85,1173.95,1171.0,1172.3,20261
1639128300,1172.4,1173.0,1172.05,1172.05,25934
1639128600,1172.65,1175.95,1172.35,1174.65,27655
1639128900,1174.4,1176.65,1174.4,1175.15,36054
1639129200,1175.15,1177.5,1174.3,1177.2,33372
1639129500,1177.15,1177.8,1176.1,1176.9,34847
1639129800,1176.9,1176.9,1173.8,1175.4,31778
1639130100,1175.2,1176.2,1173.6,1176.2,15645
1639367100,1182.0,1186.2,1178.0,1185.6,40572
1639367400,1184.25,1185.0,1182.0,1184.75,28734
1639367700,1184.75,1194.5,1184.75,1192.0,57528
1639368000,1192.0,1192.0,1185.35,1186.7,54659
1639368300,1186.45,1187.3,1184.0,1186.3,35705
1639368600,1186.3,1187.0,1184.0,1186.5,19330
1639368900,1186.5,1186.55,1184.35,1185.9,25141
1639369200,1185.5,1187.75,1185.5,1187.7,22406
1639369500,1187.75,1190.0,1187.7,1189.7,168051
1639369800,1190.0,1191.9,1187.0,1191.9,36598
1639370100,1191.4,1195.0,1191.4,1194.2,57084
1639370400,1194.2,1197.55,1193.05,1197.0,40925
1639370700,1196.95,1199.0,1196.85,1198.5,46660
1639371000,1198.5,1198.5,1192.1,1194.45,34653
1639371300,1194.35,1201.0,1194.35,1199.8,37408
1639371600,1199.7,1200.0,1196.3,1199.3,43837
1639371900,1199.3,1203.0,1198.0,1202.2,53792
1639372200,1202.5,1203.0,1199.5,1199.5,27148
1639372500,1199.5,1200.25,1198.3,1200.25,13355
1639372800,1200.0,1201.5,1199.35,1200.75,12278
1639373100,1201.2,1201.4,1200.0,1200.0,11138
1639373400,1200.25,1201.25,1200.0,1200.0,10973
1639373700,1200.0,1200.8,1200.0,1200.55,15929
1639374000,1200.55,1200.9,1200.0,1200.2,18786
1639374300,1200.0,1200.8,1198.1,1199.05,39464
1639374600,1199.05,1199.95,1197.35,1197.6,21851
1639374900,1197.5,1200.0,1197.1,1199.65,10221
1639375200,1199.65,1200.95,1198.95,1199.25,11295
1639375500,1199.25,1199.85,1198.95,1199.15,9124
1639375800,1199.15,1201.0,1198.25,1201.0,26121
1639376100,1201.0,1201.3,1198.5,1199.1,14181
1639376400,1199.1,1200.85,1197.85,1199.6,17288
1639376700,1199.95,1201.0,1199.2,1199.85,12926
1639377000,1199.85,1199.95,1198.95,1199.25,8095
1639377300,1199.15,1201.45,1199.15,1200.8,15819
1639377600,1201.1,1202.3,1201.1,1202.1,12192
1639377900,1202.05,1204.65,1202.05,1203.2,26144
1639378200,1202.5,1202.8,1199.45,1199.6,41449
1639378500,1199.6,1201.65,1199.0,1199.75,28351
1639378800,1199.55,1200.45,1197.85,1199.05,36020
1639379100,1199.5,1201.0,1199.0,1200.0,38951
1639379400,1200.45,1200.95,1199.05,1200.6,16083
1639379700,1200.5,1200.9,1196.0,1196.3,28671
1639380000,1196.0,1196.4,1188.25,1192.55,103556
1639380300,1192.45,1196.5,1191.1,1195.15,48327
1639380600,1195.15,1196.2,1193.15,1195.45,20977
1639380900,1195.45,1198.75,1194.75,1198.5,15635
1639381200,1198.5,1198.6,1195.4,1195.9,15940
1639381500,1195.25,1198.6,1195.25,1198.5,18253
1639381800,1198.45,1198.95,1197.0,1197.5,14602
1639382100,1197.5,1198.7,1194.6,1194.65,20514
1639382400,1195.0,1197.65,1194.65,1197.2,17206
1639382700,1197.2,1198.0,1196.3,1197.85,18190
1639383000,1198.0,1198.35,1196.35,1197.5,15378
1639383300,1197.5,1199.25,1197.5,1199.1,12128
1639383600,1199.1,1199.65,1197.45,1198.45,15998
1639383900,1198.65,1198.65,1195.0,1196.35,14207
1639384200,1196.1,1197.45,1194.1,1197.0,19286
1639384500,1197.0,1198.7,1196.7,1196.75,17025
1639384800,1196.7,1197.85,1193.15,1193.75,16337
1639385100,1193.5,1195.0,1193.4,1194.9,16482
1639385400,1194.85,1195.0,1194.15,1194.6,13264
1639385700,1194.15,1195.9,1194.15,1194.9,14104
1639386000,1195.0,1196.85,1194.9,1196.6,13923
1639386300,1196.6,1196.85,1194.25,1194.95,15911
1639386600,1194.9,1195.0,1193.45,1194.9,14047
1639386900,1194.95,1196.05,1194.05,1195.0,16538
1639387200,1195.0,1195.0,1188.6,1188.6,37809
1639387500,1188.6,1188.6,1184.0,1184.0,42425
1639387800,1184.1,1184.4,1181.0,1182.9,44037
1639388100,1182.9,1187.65,1182.9,1185.25,32168
1639388400,1185.25,1188.9,1185.0,1188.1,41113
1639388700,1188.15,1188.45,1186.0,1187.0,48363
1639389000,1187.15,1188.4,1185.9,1187.05,51066
1639389300,1187.05,1195.2,1186.8,1194.4,54353
1639453500,1179.0,1192.9,1178.15,1189.9,40231
1639453800,1189.95,1190.0,1184.5,1184.5,30488
1639454100,1184.5,1189.85,1184.5,1189.4,19935
1639454400,1189.5,1191.0,1188.4,1190.3,16115
1639454700,1190.3,1191.0,1187.05,1188.3,124032
1639455000,1188.3,1188.8,1185.25,1187.25,14045
1639455300,1187.25,1189.0,1183.55,1186.9,17399
1639455600,1186.85,1187.55,1184.75,1187.55,14257
1639455900,1187.1,1187.6,1185.3,1186.85,15050
1639456200,1186.85,1187.1,1185.05,1185.45,10973
1639456500,1185.45,1185.5,1183.15,1184.95,10903
1639456800,1185.0,1185.25,1182.65,1183.45,13060
1639457100,1183.55,1185.0,1182.0,1184.85,11936
1639457400,1184.85,1184.85,1182.5,1184.35,11202
1639457700,1184.35,1185.0,1183.2,1185.0,9156
1639458000,1185.1,1185.8,1183.8,1183.95,12083
1639458300,1183.95,1185.6,1183.95,1185.15,11455
1639458600,1185.45,1188.0,1185.15,1187.8,11690
1639458900,1187.9,1188.85,1186.8,1187.0,7566
1639459200,1187.05,1187.05,1186.25,1186.5,6287
1639459500,1186.5,1186.55,1184.85,1185.95,9716
1639459800,1186.4,1187.1,1185.3,1186.65,6494
1639460100,1186.75,1190.0,1186.6,1189.95,12724
1639460400,1189.9,1191.8,1189.9,1191.05,17670
1639460700,1191.0,1191.15,1189.8,1190.1,6827
1639461000,1190.05,1191.6,1187.6,1189.15,14401
1639461300,1189.55,1192.0,1189.55,1191.5,12015
1639461600,1191.5,1191.5,1189.8,1189.8,5031
1639461900,1189.85,1190.0,1188.0,1188.35,9417
1639462200,1188.35,1189.0,1186.3,1186.4,14029
1639462500,1186.8,1188.9,1186.4,1188.9,5969
1639462800,1188.9,1190.85,1188.9,1190.55,8272
1639463100,1190.55,1192.0,1190.4,1190.5,7516
1639463400,1190.5,1191.9,1189.25,1189.5,9974
1639463700,1189.45,1191.0,1189.15,1190.8,10036
1639464000,1190.8,1191.0,1189.45,1190.7,11697
1639464300,1190.75,1191.0,1189.05,1189.35,10247
1639464600,1189.3,1190.5,1187.3,1188.1,9658
1639464900,1188.3,1188.5,1187.2,1187.3,7272
1639465200,1187.3,1188.1,1185.0,1188.05,13408
1639465500,1188.05,1188.35,1187.0,1187.4,10341
1639465800,1187.4,1189.0,1187.05,1188.3,17498
1639466100,1188.65,1189.45,1187.45,1188.15,9476
1639466400,1187.25,1189.15,1187.1,1187.3,8622
1639466700,1187.3,1187.3,1184.0,1184.6,9006
1639467000,1184.8,1185.0,1184.05,1185.0,7928
1639467300,1185.0,1186.55,1184.3,1186.0,10061
1639467600,1186.0,1187.5,1183.8,1185.2,11519
1639467900,1185.25,1186.65,1184.65,1184.95,5838
1639468200,1184.95,1186.45,1184.15,1185.25,7692
1639468500,1185.5,1186.45,1184.7,1186.15,4828
1639468800,1186.15,1188.0,1186.1,1187.95,6854
1639469100,1187.95,1189.4,1187.9,1188.25,10731
1639469400,1188.0,1188.9,1187.35,1187.95,9721
1639469700,1188.25,1190.2,1185.4,1189.65,43197
1639470000,1189.3,1189.65,1185.85,1186.0,7570
1639470300,1186.25,1187.0,1184.0,1186.3,14016
1639470600,1186.35,1186.65,1185.0,1185.6,6529
1639470900,1185.6,1185.65,1182.55,1184.55,14244
1639471200,1184.45,1186.8,1183.4,1185.0,14851
1639471500,1185.0,1186.3,1184.0,1185.0,6524
1639471800,1184.95,1185.0,1184.25,1184.5,6903
1639472100,1184.5,1185.0,1183.45,1184.8,8591
1639472400,1184.75,1185.95,1184.3,1185.45,7726
1639472700,1185.45,1187.1,1184.55,1185.0,11823
1639473000,1184.65,1184.95,1183.2,1183.8,9113
1639473300,1183.8,1183.8,1181.5,1182.3,10980
1639473600,1182.3,1182.65,1181.0,1181.8,7652
1639473900,1181.8,1185.55,1181.75,1185.55,8432
1639474200,1185.55,1190.0,1185.4,1188.25,44850
1639474500,1188.35,1190.0,1187.8,1188.4,38693
1639474800,1188.4,1188.7,1187.15,1187.7,36998
1639475100,1187.7,1189.35,1187.6,1189.35,41378
1639475400,1189.55,1190.7,1188.2,1188.3,54025
1639475700,1188.3,1188.3,1184.5,1187.0,34933
1639539900,1188.55,1190.65,1185.65,1187.7,33508
1639540200,1187.0,1189.7,1185.75,1188.05,14186
1639540500,1188.05,1188.05,1183.05,1185.05,12713
1639540800,1185.05,1186.75,1184.0,1184.9,8099
1639541100,1185.0,1186.7,1184.3,1185.6,7614
1639541400,1185.6,1186.7,1183.9,1184.9,6492
1639541700,1184.35,1185.0,1184.1,1185.0,4184
1639542000,1184.65,1185.0,1182.55,1183.25,11864
1639542300,1183.65,1184.9,1182.75,1183.3,5072
1639542600,1183.8,1184.9,1182.75,1183.8,5214
1639542900,1183.2,1184.9,1183.2,1184.9,31562
1639543200,1184.9,1186.75,1184.2,1186.0,2516
1639543500,1186.0,1186.0,1183.8,1183.85,4125
1639543800,1183.85,1183.85,1181.2,1181.8,7271
1639544100,1181.85,1181.9,1178.85,1179.4,6149
1639544400,1178.85,1178.9,1174.5,1174.5,8849
1639544700,1174.5,1174.65,1170.8,1171.8,11726
1639545000,1171.8,1173.8,1171.1,1172.8,5820
1639545300,1172.8,1174.3,1165.0,1165.0,31032
1639545600,1165.0,1168.45,1162.3,1167.7,13818
1639545900,1167.1,1170.55,1166.9,1170.55,3615
1639546200,1170.55,1172.0,1170.5,1171.45,4729
1639546500,1171.45,1174.75,1171.0,1174.65,55934
1639546800,1174.65,1174.7,1173.4,1174.35,3131
1639547100,1174.35,1174.65,1173.05,1174.4,5240
1639547400,1174.35,1174.5,1173.75,1174.4,3243
1639547700,1174.15,1177.85,1174.05,1177.85,11103
1639548000,1178.8,1179.25,1176.9,1178.5,14875
1639548300,1178.5,1178.5,1176.7,1177.85,5353
1639548600,1177.85,1177.85,1176.0,1177.75,8802
1639548900,1177.7,1178.9,1176.65,1178.5,8769
1639549200,1178.5,1178.8,1175.5,1175.55,6535
1639549500,1175.55,1176.65,1174.4,1175.9,12169
1639549800,1175.9,1175.9,1174.75,1174.85,5419
1639550100,1174.85,1175.5,1174.05,1174.3,7548
1639550400,1174.3,1175.45,1174.15,1175.45,4824
1639550700,1175.45,1176.4,1174.0,1175.4,7060
1639551000,1175.4,1175.4,1173.15,1174.1,6369
1639551300,1174.5,1177.2,1173.0,1173.8,7053
1639551600,1173.8,1174.95,1171.1,1171.15,8576
1639551900,1171.1,1171.8,1169.8,1171.0,9988
1639552200,1171.0,1171.5,1169.05,1170.6,9537
1639552500,1170.6,1171.0,1163.1,1163.6,20442
1639552800,1164.0,1169.0,1163.3,1166.95,14277
1639553100,1166.95,1171.0,1166.95,1169.5,8619
1639553400,1169.5,1170.0,1168.75,1170.0,3349
1639553700,1170.0,1171.4,1169.95,1171.4,7864
1639554000,1171.4,1171.85,1170.75,1171.4,4108
1639554300,1171.4,1172.0,1170.0,1171.25,8918
1639554600,1171.6,1171.65,1169.3,1169.45,5243
1639554900,1169.45,1171.0,1168.2,1170.7,5251
1639555200,1170.6,1172.45,1170.1,1170.1,6457
1639555500,1170.0,1177.35,1169.15,1176.0,107906
1639555800,1175.6,1177.2,1171.0,1172.4,13387
1639556100,1172.4,1174.7,1171.5,1174.7,5250
1639556400,1175.15,1175.75,1173.7,1175.0,7857
1639556700,1175.15,1175.9,1171.55,1175.9,10993
1639557000,1175.9,1177.45,1174.1,1177.25,8751
1639557300,1177.25,1177.35,1176.4,1177.1,4933
1639557600,1176.8,1177.2,1175.55,1176.0,5038
1639557900,1175.95,1177.2,1175.6,1176.45,7058
1639558200,1176.55,1176.9,1175.2,1175.75,4644
1639558500,1175.75,1175.95,1173.45,1174.1,3372
1639558800,1173.8,1176.65,1172.6,1175.05,4827
1639559100,1175.05,1177.95,1174.6,1177.95,5402
1639559400,1178.0,1178.0,1172.55,1174.75,3439
1639559700,1174.5,1177.45,1174.0,1177.45,5163
1639560000,1177.05,1178.65,1176.85,1177.75,7090
1639560300,1177.8,1178.0,1174.1,1176.25,5847
1639560600,1176.2,1176.9,1172.35,1176.9,26793
1639560900,1176.5,1176.9,1171.5,1175.5,29573
1639561200,1175.35,1177.15,1175.0,1176.5,12357
1639561500,1176.5,1177.45,1173.65,1175.0,18897
1639561800,1175.0,1176.9,1172.5,1175.0,21998
1639562100,1175.05,1178.35,1171.25,1174.6,10023
1639626300,1178.5,1182.55,1175.5,1176.4,28001
1639626600,1176.4,1179.3,1175.6,1177.9,9505
1639626900,1177.9,1183.95,1177.9,1183.15,11048
1639627200,1183.15,1184.0,1177.0,1178.05,11348
1639627500,1178.05,1178.05,1175.2,1176.3,9949
1639627800,1175.95,1178.5,1175.9,1176.9,7801
1639628100,1176.45,1179.25,1176.15,1178.45,3695
1639628400,1178.6,1179.8,1176.45,1177.8,2031
1639628700,1177.8,1179.95,1176.15,1178.85,6950
1639629000,1178.85,1180.9,1178.75,1180.3,4656
1639629300,1180.3,1183.0,1179.4,1180.55,9974
1639629600,1180.8,1182.95,1180.45,1182.45,5953
1639629900,1182.45,1184.8,1182.45,1183.8,9952
1639630200,1183.85,1184.25,1182.15,1182.9,10475
1639630500,1182.9,1182.95,1180.65,1181.8,7981
1639630800,1181.8,1181.8,1180.0,1180.8,4692
1639631100,1180.8,1185.0,1180.8,1184.0,17040
1639631400,1183.95,1186.95,1183.95,1185.25,12674
1639631700,1185.25,1185.95,1183.7,1184.35,9673
1639632000,1184.35,1184.95,1183.55,1183.85,5978
1639632300,1183.85,1184.1,1180.5,1180.9,12950
1639632600,1180.95,1182.65,1178.7,1178.85,6678
1639632900,1178.85,1180.45,1178.15,1178.95,5542
1639633200,1178.95,1179.0,1176.6,1177.65,5268
1639633500,1177.7,1179.3,1177.5,1177.85,5404
1639633800,1177.85,1178.6,1175.25,1175.25,12480
1639634100,1175.25,1179.3,1175.0,1176.6,10380
1639634400,1176.6,1177.25,1175.7,1175.7,5569
1639634700,1175.7,1177.7,1175.0,1175.3,7128
1639635000,1175.3,1177.85,1175.3,1176.6,6897
1639635300,1176.6,1177.4,1175.55,1175.7,4838
1639635600,1175.65,1177.15,1175.0,1177.0,8091
1639635900,1177.0,1177.1,1175.0,1175.0,4269
1639636200,1175.0,1175.8,1175.0,1175.35,7253
1639636500,1175.35,1175.45,1174.05,1175.1,12166
1639636800,1175.1,1176.6,1175.1,1175.85,5798
1639637100,1175.85,1179.9,1175.85,1177.75,6047
1639637400,1177.75,1177.8,1173.15,1173.6,18938
1639637700,1173.45,1174.9,1172.4,1174.85,7075
1639638000,1174.85,1175.0,1173.35,1174.1,14163
1639638300,1174.1,1175.0,1173.65,1174.0,4529
1639638600,1174.0,1175.0,1174.0,1174.35,5964
1639638900,1174.35,1175.0,1173.7,1174.95,7285
1639639200,1174.35,1175.5,1174.35,1175.0,22612
1639639500,1175.0,1175.0,1173.5,1174.95,9046
1639639800,1174.95,1175.45,1174.05,1174.95,20508
1639640100,1174.95,1174.95,1173.5,1174.5,5311
1639640400,1174.5,1175.0,1174.05,1174.85,5086
1639640700,1174.85,1174.85,1173.2,1174.45,5401
1639641000,1174.5,1175.0,1173.8,1174.4,5974
1639641300,1174.25,1175.0,1174.05,1174.05,5680
1639641600,1174.05,1174.05,1169.25,1170.0,37077
1639641900,1170.0,1170.05,1168.5,1170.0,18159
1639642200,1170.0,1170.0,1169.0,1169.15,7392
1639642500,1169.65,1170.0,1169.0,1170.0,16443
1639642800,1170.0,1170.0,1169.05,1170.0,3488
1639643100,1170.0,1170.0,1169.3,1170.0,9456
1639643400,1170.0,1170.0,1169.15,1170.0,6398
1639643700,1170.0,1170.0,1164.55,1164.95,46264
1639644000,1164.95,1167.0,1164.8,1166.95,20397
1639644300,1166.95,1169.1,1166.55,1168.4,13586
1639644600,1168.75,1169.6,1167.0,1167.6,12676
1639644900,1167.6,1170.0,1167.1,1169.5,15224
1639645200,1169.5,1170.0,1168.05,1168.35,9726
1639645500,1168.35,1168.5,1166.2,1166.6,9223
1639645800,1166.6,1167.85,1163.2,1163.7,16655
1639646100,1163.0,1166.35,1162.95,1165.5,31456
1639646400,1165.35,1165.85,1162.8,1163.05,29618
1639646700,1163.2,1166.85,1163.2,1166.15,26007
1639647000,1166.15,1166.45,1163.0,1163.2,27847
1639647300,1163.75,1163.9,1161.9,1163.35,27251
1639647600,1163.35,1164.4,1160.15,1163.2,67761
1639647900,1163.7,1165.25,1162.75,1164.7,30486
1639648200,1164.75,1166.45,1162.4,1165.95,42020
1639648500,1165.95,1171.4,1165.95,1167.0,14791
1639712700,1156.0,1161.95,1156.0,1157.7,24346
1639713000,1157.75,1157.75,1152.85,1153.0,18754
1639713300,1153.0,1154.3,1149.0,1150.0,20024
1639713600,1150.0,1152.8,1148.0,1150.5,12394
1639713900,1150.5,1151.8,1150.0,1150.5,11834
1639714200,1150.0,1151.55,1149.95,1150.4,7848
1639714500,1150.35,1150.7,1144.3,1144.65,16339
1639714800,1144.7,1145.5,1143.3,1144.35,10546
1639715100,1144.35,1144.45,1141.4,1143.1,14623
1639715400,1142.75,1147.6,1142.75,1146.3,9544
1639715700,1146.4,1149.4,1145.9,1148.05,7620
1639716000,1147.95,1149.4,1147.55,1148.95,7561
1639716300,1148.95,1149.3,1141.35,1142.35,12214
1639716600,1141.75,1142.85,1137.0,1140.0,39869
1639716900,1140.0,1144.5,1138.9,1143.85,14794
1639717200,1144.45,1145.75,1142.15,1143.55,10772
1639717500,1143.55,1146.95,1143.15,1145.5,6466
1639717800,1145.5,1148.05,1145.5,1146.0,8417
1639718100,1146.0,1147.4,1145.2,1146.0,5966
1639718400,1146.0,1150.45,1145.5,1146.35,11827
1639718700,1146.35,1148.45,1146.2,1148.3,5941
1639719000,1148.3,1148.4,1146.4,1147.6,7342
1639719300,1147.6,1150.0,1147.6,1148.5,6036
1639719600,1148.85,1149.45,1148.1,1149.3,5878
1639719900,1149.3,1150.0,1149.3,1150.0,6264
1639720200,1150.0,1150.0,1148.25,1149.3,7097
1639720500,1149.3,1150.0,1148.45,1149.4,5206
1639720800,1149.4,1149.95,1148.35,1148.8,5601
1639721100,1148.8,1149.35,1146.7,1147.0,7825
1639721400,1147.0,1149.45,1146.25,1149.4,5137
1639721700,1149.4,1149.75,1147.65,1149.05,5275
1639722000,1149.05,1149.95,1146.85,1148.55,6841
1639722300,1148.55,1149.9,1148.0,1148.95,7403
1639722600,1148.95,1148.95,1146.35,1146.9,9974
1639722900,1146.9,1148.7,1146.55,1146.65,7543
1639723200,1146.0,1148.9,1146.0,1148.1,7518
1639723500,1148.1,1149.8,1147.3,1149.0,7273
1639723800,1149.0,1149.85,1147.05,1148.2,8496
1639724100,1148.2,1150.0,1147.9,1149.95,6476
1639724400,1149.95,1150.2,1148.75,1150.0,6236
1639724700,1149.35,1151.45,1148.4,1150.05,8659
1639725000,1150.05,1152.0,1149.4,1149.4,7167
1639725300,1149.05,1151.65,1149.05,1149.55,7651
1639725600,1149.55,1150.0,1148.65,1149.75,7094
1639725900,1149.75,1150.0,1148.75,1149.1,6207
1639726200,1148.9,1152.0,1148.85,1149.75,10139
1639726500,1149.75,1150.0,1148.7,1149.4,5850
1639726800,1149.4,1149.9,1148.15,1149.1,7353
1639727100,1149.1,1150.0,1148.75,1149.6,6210
1639727400,1149.6,1150.45,1148.8,1150.0,7579
1639727700,1150.0,1151.35,1149.95,1151.2,10152
1639728000,1151.3,1151.3,1148.05,1148.85,6358
1639728300,1149.25,1149.35,1147.95,1148.4,6027
1639728600,1148.4,1149.0,1147.8,1148.25,6293
1639728900,1148.25,1150.0,1147.3,1149.9,6811
1639729200,1149.8,1150.85,1149.0,1149.05,8727
1639729500,1149.0,1150.0,1149.0,1150.0,5631
1639729800,1150.0,1150.0,1148.0,1148.65,4895
1639730100,1148.65,1150.0,1143.8,1143.8,11463
1639730400,1143.55,1144.4,1139.2,1140.4,26924
1639730700,1140.4,1141.05,1138.65,1139.35,21673
1639731000,1140.0,1140.5,1139.15,1140.0,22233
1639731300,1140.0,1140.4,1139.05,1139.95,20270
1639731600,1139.95,1140.0,1139.15,1140.0,11350
1639731900,1140.0,1140.05,1139.4,1140.0,18142
1639732200,1139.8,1140.35,1139.1,1139.8,18204
1639732500,1139.7,1140.0,1139.0,1139.75,27288
1639732800,1140.45,1140.75,1139.0,1140.7,18167
1639733100,1140.3,1145.95,1139.85,1144.85,10843
1639733400,1145.1,1148.4,1141.05,1141.6,51061
1639733700,1142.05,1144.95,1141.55,1143.3,35164
1639734000,1143.65,1146.35,1140.6,1140.75,40802
1639734300,1141.45,1142.25,1139.1,1141.05,42542
1639734600,1141.1,1142.45,1139.55,1141.05,40183
1639734900,1141.05,1144.95,1138.7,1144.95,28967
1639971900,1139.5,1142.55,1133.3,1135.7,11334
1639972200,1137.75,1137.75,1128.85,1133.4,33054
1639972500,1134.55,1134.95,1130.05,1130.8,15969
1639972800,1130.8,1134.7,1130.8,1133.0,10334
1639973100,1133.65,1134.7,1132.1,1132.75,5851
1639973400,1132.8,1134.7,1130.95,1133.45,8371
1639973700,1133.45,1134.0,1125.3,1130.1,20930
1639974000,1130.55,1131.15,1125.05,1129.0,27184
1639974300,1129.5,1130.0,1125.5,1127.7,14037
1639974600,1127.65,1127.95,1125.5,1126.2,5386
1639974900,1126.2,1127.5,1124.15,1125.0,7185
1639975200,1125.0,1126.0,1123.25,1125.1,7197
1639975500,1125.05,1126.0,1123.85,1124.45,8236
1639975800,1122.25,1125.5,1121.0,1123.4,10013
1639976100,1122.95,1125.25,1121.05,1122.95,8495
1639976400,1123.15,1125.3,1121.45,1121.45,12203
1639976700,1121.45,1124.45,1118.3,1121.4,12481
1639977000,1121.4,1122.15,1118.65,1120.9,11064
1639977300,1120.9,1122.3,1119.55,1120.95,16197
1639977600,1120.95,1121.45,1118.2,1119.9,10267
1639977900,1119.9,1120.1,1118.25,1119.15,6730
1639978200,1119.15,1119.4,1117.7,1118.0,7925
1639978500,1118.0,1118.95,1116.65,1116.65,6789
1639978800,1116.65,1118.5,1114.2,1114.2,11907
1639979100,1114.7,1114.7,1113.0,1113.45,6238
1639979400,1113.45,1114.45,1112.0,1112.8,7073
1639979700,1112.8,1112.85,1110.8,1111.7,10454
1639980000,1111.2,1111.95,1110.5,1111.25,7504
1639980300,1111.25,1111.85,1110.35,1111.45,10917
1639980600,1111.45,1111.8,1108.9,1110.0,7139
1639980900,1110.0,1111.05,1109.05,1110.0,6089
1639981200,1110.0,1112.05,1109.5,1111.0,8322
1639981500,1110.7,1113.55,1110.35,1111.5,11178
1639981800,1111.5,1113.15,1110.65,1111.3,9043
1639982100,1111.3,1111.5,1110.4,1110.4,7915
1639982400,1110.35,1110.35,1109.2,1109.8,6039
1639982700,1109.8,1110.2,1108.2,1110.2,8624
1639983000,1110.15,1112.5,1109.0,1109.2,27736
1639983300,1109.65,1109.65,1106.0,1106.7,8291
1639983600,1106.7,1109.2,1105.3,1107.4,16030
1639983900,1107.4,1108.7,1105.7,1107.2,8393
1639984200,1107.2,1108.95,1105.25,1106.65,12052
1639984500,1106.65,1107.2,1103.0,1103.0,10304
1639984800,1103.25,1103.6,1101.0,1103.6,9391
1639985100,1103.5,1104.4,1100.6,1103.95,18373
1639985400,1103.55,1108.45,1102.8,1104.4,39617
1639985700,1104.35,1105.55,1103.65,1104.05,6817
1639986000,1104.0,1104.85,1102.65,1103.9,10981
1639986300,1103.7,1105.0,1103.15,1103.8,22372
1639986600,1103.8,1105.0,1103.4,1104.95,10003
1639986900,1104.8,1105.0,1104.2,1105.0,26389
1639987200,1104.55,1110.35,1104.55,1106.1,93199
1639987500,1106.1,1106.1,1102.1,1104.55,15807
1639987800,1104.4,1104.4,1102.1,1102.2,11838
1639988100,1102.2,1104.5,1102.15,1103.85,18490
1639988400,1103.85,1103.9,1102.7,1103.2,11041
1639988700,1103.2,1104.4,1102.7,1103.35,14995
1639989000,1103.3,1104.85,1102.5,1103.7,14776
1639989300,1103.7,1103.95,1102.35,1103.6,16459
1639989600,1103.6,1104.3,1102.55,1103.95,15290
1639989900,1103.95,1107.3,1103.9,1107.25,22038
1639990200,1107.25,1112.0,1107.15,1109.25,51945
1639990500,1109.85,1115.4,1109.6,1115.2,32893
1639990800,1115.15,1119.35,1114.8,1118.8,24463
1639991100,1118.8,1120.0,1117.5,1118.7,27854
1639991400,1119.2,1120.8,1116.6,1120.05,28815
1639991700,1120.05,1120.9,1117.5,1119.8,39843
1639992000,1119.8,1120.5,1118.35,1118.85,22972
1639992300,1118.85,1121.0,1118.85,1120.25,10466
1639992600,1120.9,1125.65,1120.6,1124.75,30301
1639992900,1124.9,1128.4,1124.1,1127.45,40511
1639993200,1127.45,1132.3,1126.8,1128.15,71900
1639993500,1128.25,1130.2,1127.45,1127.75,14513
1639993800,1127.75,1127.8,1122.2,1122.2,21617
1639994100,1122.3,1125.85,1111.75,1120.0,36820
1640058300,1135.6,1136.5,1128.1,1132.1,19513
1640058600,1132.1,1134.05,1128.1,1130.1,18384
1640058900,1130.1,1131.25,1127.4,1128.4,16965
1640059200,1128.4,1128.7,1123.1,1124.4,19521
1640059500,1124.55,1125.3,1119.35,1120.7,12984
1640059800,1120.7,1125.65,1117.7,1125.5,14147
1640060100,1125.5,1127.0,1124.95,1126.05,17421
1640060400,1126.0,1126.0,1125.4,1126.0,8943
1640060700,1126.0,1126.85,1125.0,1126.0,15002
1640061000,1126.0,1126.6,1123.95,1125.95,12060
1640061300,1126.0,1126.0,1124.55,1125.7,5149
1640061600,1126.0,1126.95,1125.9,1126.0,3855
1640061900,1126.0,1126.6,1125.8,1126.0,6244
1640062200,1126.0,1127.0,1125.4,1126.0,7103
1640062500,1126.0,1126.9,1125.95,1126.1,5996
1640062800,1126.1,1126.7,1125.9,1125.95,6558
1640063100,1126.0,1128.2,1126.0,1127.0,10698
1640063400,1127.45,1127.75,1126.35,1127.15,9049
1640063700,1127.2,1127.65,1126.85,1126.95,7265
1640064000,1126.9,1129.45,1126.8,1128.5,7869
1640064300,1128.5,1130.8,1128.3,1130.3,14158
1640064600,1130.75,1132.0,1130.5,1131.35,10212
1640064900,1131.3,1132.65,1129.55,1132.2,12087
1640065200,1132.2,1132.2,1131.05,1131.2,12587
1640065500,1131.2,1131.9,1130.1,1130.2,7214
1640065800,1130.3,1130.45,1129.4,1129.55,9365
1640066100,1129.55,1130.7,1129.25,1129.6,6433
1640066400,1129.6,1130.2,1128.35,1128.95,18782
1640066700,1128.95,1129.95,1127.7,1128.4,17611
1640067000,1128.4,1129.6,1127.05,1129.45,12690
1640067300,1129.4,1135.6,1129.05,1135.35,19524
1640067600,1135.35,1141.45,1134.7,1138.2,28773
1640067900,1138.95,1138.95,1137.0,1137.75,7255
1640068200,1137.75,1137.75,1135.0,1135.1,7764
1640068500,1135.0,1135.05,1133.0,1133.05,5379
1640068800,1133.0,1134.0,1132.55,1133.95,4945
1640069100,1133.95,1135.0,1131.0,1131.6,7236
1640069400,1131.6,1132.45,1131.1,1131.45,9696
1640069700,1131.45,1131.75,1130.3,1131.7,7659
1640070000,1131.7,1132.45,1130.75,1130.9,8857
1640070300,1130.8,1133.05,1130.75,1132.0,7120
1640070600,1132.0,1133.45,1131.7,1132.7,5702
1640070900,1132.7,1133.3,1131.45,1132.5,8663
1640071200,1132.5,1133.5,1131.8,1133.35,10783
1640071500,1133.3,1134.45,1132.85,1134.45,7804
1640071800,1134.5,1134.95,1133.5,1133.5,7081
1640072100,1133.25,1133.25,1130.0,1131.45,11992
1640072400,1131.45,1132.1,1131.0,1131.2,8544
1640072700,1131.15,1132.55,1129.85,1132.25,7046
1640073000,1132.2,1134.2,1130.75,1131.35,13422
1640073300,1131.35,1132.4,1130.15,1130.8,6928
1640073600,1130.8,1132.4,1130.55,1131.95,7653
1640073900,1132.1,1132.4,1130.5,1130.85,8868
1640074200,1130.65,1131.95,1130.55,1131.35,9524
1640074500,1131.4,1131.4,1130.65,1130.75,6859
1640074800,1130.75,1134.45,1130.7,1134.05,57639
1640075100,1134.0,1134.3,1133.0,1133.95,8596
1640075400,1133.6,1134.0,1131.9,1131.9,15838
1640075700,1132.8,1133.2,1130.0,1130.45,9551
1640076000,1130.0,1131.55,1130.0,1130.4,9506
1640076300,1130.4,1130.9,1128.4,1128.75,14429
1640076600,1128.8,1130.0,1127.15,1129.4,15360
1640076900,1129.4,1130.45,1129.05,1129.4,10340
1640077200,1129.4,1130.0,1127.5,1128.15,9656
1640077500,1128.15,1129.3,1127.1,1128.15,9894
1640077800,1128.15,1128.6,1126.95,1127.85,10959
1640078100,1128.1,1129.95,1127.95,1128.95,10488
1640078400,1128.95,1130.0,1128.4,1129.8,9960
1640078700,1129.8,1133.0,1129.35,1133.0,9724
1640079000,1132.65,1133.7,1131.4,1133.5,16044
1640079300,1133.75,1136.4,1133.7,1135.7,15987
1640079600,1135.7,1137.9,1135.7,1136.4,18617
1640079900,1136.45,1136.7,1135.15,1135.95,14363
1640080200,1136.0,1137.45,1135.95,1137.15,14355
1640080500,1137.15,1137.2,1131.6,1133.45,15306
1640144700,1139.35,1139.9,1132.6,1139.45,23659
1640145000,1139.7,1139.7,1129.65,1130.05,13407
1640145300,1130.05,1132.45,1128.0,1128.4,16483
1640145600,1129.2,1138.3,1128.95,1132.25,25249
1640145900,1132.0,1132.6,1129.3,1130.0,10030
1640146200,1129.65,1134.95,1129.25,1130.0,23871
1640146500,1130.0,1132.35,1129.05,1129.85,7525
1640146800,1129.85,1131.65,1129.85,1130.55,8388
1640147100,1130.6,1131.85,1129.9,1130.0,10683
1640147400,1130.0,1130.65,1129.4,1129.4,8085
1640147700,1129.4,1129.9,1129.0,1129.3,3877
1640148000,1129.75,1131.0,1129.75,1130.45,9931
1640148300,1130.45,1130.7,1125.0,1130.7,28966
1640148600,1130.65,1132.7,1129.7,1131.0,10509
1640148900,1131.0,1133.1,1130.45,1132.4,10167
1640149200,1132.4,1135.0,1132.25,1134.25,13539
1640149500,1134.25,1134.85,1131.45,1131.75,12556
1640149800,1131.75,1133.35,1131.7,1131.95,7779
1640150100,1131.95,1133.2,1131.05,1131.05,6859
1640150400,1131.1,1133.0,1129.2,1129.65,9973
1640150700,1129.65,1131.45,1129.6,1130.9,6200
1640151000,1130.9,1131.65,1129.85,1129.85,5779
1640151300,1129.8,1131.05,1129.45,1130.55,5963
1640151600,1130.6,1131.3,1128.7,1129.6,8917
1640151900,1129.55,1130.5,1129.2,1130.15,8394
1640152200,1130.05,1131.4,1130.0,1130.3,9363
1640152500,1130.35,1130.95,1128.55,1130.0,8968
1640152800,1130.0,1130.0,1128.05,1128.8,7089
1640153100,1128.8,1128.8,1126.55,1128.75,7905
1640153400,1128.8,1129.3,1127.55,1128.7,7709
1640153700,1128.7,1128.7,1127.2,1128.1,7555
1640154000,1128.1,1128.1,1126.45,1126.55,7155
1640154300,1126.55,1127.0,1126.1,1126.75,7833
1640154600,1126.75,1128.65,1126.75,1127.75,7790
1640154900,1128.2,1128.35,1127.0,1127.1,9682
1640155200,1127.1,1127.15,1126.7,1126.75,6279
1640155500,1126.75,1126.75,1125.15,1126.35,9246
1640155800,1126.35,1126.7,1125.0,1125.05,6523
1640156100,1125.05,1125.05,1124.4,1125.0,10645
1640156400,1125.0,1126.4,1124.5,1124.75,6613
1640156700,1124.75,1125.75,1124.5,1124.8,6933
1640157000,1124.8,1126.3,1124.55,1126.3,8559
1640157300,1126.35,1127.15,1124.85,1124.9,8529
1640157600,1124.8,1125.4,1123.15,1123.3,9011
1640157900,1123.9,1124.5,1123.15,1123.95,8538
1640158200,1123.9,1124.3,1123.0,1123.3,8516
1640158500,1123.4,1126.7,1123.2,1125.15,16798
1640158800,1124.3,1125.75,1123.25,1123.3,7558
1640159100,1123.4,1123.9,1121.85,1122.95,13229
1640159400,1122.95,1124.45,1122.4,1123.85,6817
1640159700,1123.85,1124.45,1122.75,1122.75,7030
1640160000,1122.7,1123.45,1122.4,1122.6,6809
1640160300,1122.6,1123.15,1122.15,1122.65,8904
1640160600,1122.35,1124.4,1122.1,1123.75,11846
1640160900,1123.65,1125.0,1122.45,1122.9,9665
1640161200,1122.9,1124.3,1121.5,1121.5,15953
1640161500,1121.7,1121.7,1119.0,1119.25,14583
1640161800,1119.7,1121.4,1119.1,1120.95,10235
1640162100,1121.15,1121.15,1118.95,1119.6,4774
1640162400,1119.4,1121.45,1119.4,1121.45,8246
1640162700,1121.45,1122.5,1120.65,1121.75,12797
1640163000,1121.65,1122.7,1121.05,1121.65,8951
1640163300,1121.65,1121.75,1120.75,1121.25,7711
1640163600,1121.75,1122.05,1120.65,1121.45,7240
1640163900,1121.45,1122.0,1120.6,1120.65,8543
1640164200,1120.6,1122.0,1119.6,1121.15,31282
1640164500,1121.2,1123.4,1119.7,1120.0,14960
1640164800,1120.0,1122.25,1119.9,1121.5,12477
1640165100,1121.5,1124.15,1121.35,1123.2,24870
1640165400,1122.85,1127.0,1122.85,1125.8,22613
1640165700,1125.8,1126.7,1123.85,1123.9,9842
1640166000,1123.9,1124.7,1121.55,1124.15,17850
1640166300,1124.3,1124.65,1122.8,1123.65,11967
1640166600,1123.7,1125.4,1123.65,1125.3,28493
1640166900,1125.65,1126.0,1120.95,1124.0,16489
1640231100,1134.0,1134.0,1125.65,1126.65,18472
1640231400,1126.65,1128.45,1125.25,1128.45,10579
1640231700,1128.65,1129.85,1127.15,1129.6,9259
1640232000,1129.5,1130.85,1125.85,1126.7,15438
1640232300,1126.7,1126.7,1123.0,1123.5,15734
1640232600,1123.5,1125.2,1123.0,1124.0,9882
1640232900,1124.0,1124.1,1122.0,1122.0,12067
1640233200,1122.0,1123.0,1120.65,1122.85,9571
1640233500,1122.85,1123.0,1120.1,1120.75,10351
1640233800,1120.75,1121.8,1120.0,1121.5,11085
1640234100,1121.55,1121.75,1120.2,1120.9,8224
1640234400,1120.9,1122.7,1118.95,1119.4,12960
1640234700,1119.0,1121.0,1119.0,1120.0,7348
1640235000,1119.6,1120.05,1119.25,1120.05,7427
1640235300,1120.05,1120.5,1119.5,1120.0,4477
1640235600,1120.0,1121.65,1119.6,1121.55,5403
1640235900,1121.55,1121.9,1119.1,1119.9,5760
1640236200,1119.85,1119.85,1116.15,1117.75,11084
1640236500,1117.75,1118.55,1116.7,1117.35,5546
1640236800,1117.35,1118.65,1116.5,1118.55,9762
1640237100,1118.55,1120.35,1118.15,1118.55,10739
1640237400,1118.6,1120.35,1118.3,1119.35,4068
1640237700,1118.65,1120.2,1118.6,1120.2,2316
1640238000,1120.2,1120.95,1119.0,1120.35,7220
1640238300,1120.8,1120.85,1120.0,1120.3,8741
1640238600,1120.3,1122.9,1120.2,1120.7,17343
1640238900,1121.05,1123.5,1120.8,1123.4,7846
1640239200,1123.2,1124.8,1123.2,1124.4,7018
1640239500,1124.75,1125.5,1122.65,1125.0,14065
1640239800,1125.05,1127.15,1125.0,1125.75,11562
1640240100,1125.55,1127.0,1125.1,1125.9,4603
1640240400,1125.9,1125.9,1124.55,1125.0,3290
1640240700,1125.05,1126.5,1125.0,1126.35,4173
1640241000,1126.3,1128.75,1125.6,1126.9,70003
1640241300,1126.9,1127.35,1126.0,1126.3,6356
1640241600,1126.3,1126.75,1126.05,1126.5,2873
1640241900,1126.75,1126.8,1122.95,1123.8,16422
1640242200,1123.8,1124.0,1120.9,1122.85,25441
1640242500,1122.85,1124.35,1122.85,1123.85,3949
1640242800,1123.85,1125.4,1123.75,1125.15,18900
1640243100,1125.15,1127.95,1125.15,1127.1,29395
1640243400,1127.1,1127.9,1126.4,1127.0,5169
1640243700,1127.05,1127.4,1126.85,1126.9,9784
1640244000,1126.9,1126.9,1126.0,1126.1,8544
1640244300,1126.15,1126.15,1123.3,1123.3,10753
1640244600,1123.0,1124.25,1122.05,1122.25,10309
1640244900,1122.25,1123.25,1122.0,1122.05,8220
1640245200,1122.05,1123.5,1121.15,1121.7,13515
1640245500,1121.6,1124.5,1121.6,1124.05,8446
1640245800,1124.05,1126.0,1124.0,1124.6,12219
1640246100,1124.65,1126.05,1124.6,1124.75,9672
1640246400,1124.7,1126.05,1123.95,1124.65,13657
1640246700,1124.7,1124.7,1122.7,1123.05,8868
1640247000,1123.05,1124.15,1122.05,1123.2,11068
1640247300,1123.3,1124.35,1122.25,1122.35,14311
1640247600,1122.35,1122.5,1121.65,1122.0,17494
1640247900,1122.2,1122.45,1121.4,1121.4,31451
1640248200,1121.4,1122.25,1121.1,1121.5,12308
1640248500,1121.5,1121.55,1120.2,1120.85,11537
1640248800,1120.85,1121.5,1120.25,1120.5,10706
1640249100,1120.5,1121.0,1119.15,1119.8,12689
1640249400,1119.8,1122.3,1119.8,1122.2,11254
1640249700,1121.9,1122.2,1120.0,1120.1,16983
1640250000,1120.1,1122.8,1120.1,1121.6,20542
1640250300,1121.65,1122.95,1121.2,1121.2,13535
1640250600,1121.2,1121.25,1120.25,1120.5,15783
1640250900,1120.5,1121.55,1120.5,1120.95,11266
1640251200,1120.9,1120.95,1119.75,1119.9,13398
1640251500,1119.75,1122.6,1119.75,1121.8,15997
1640251800,1122.0,1127.3,1121.9,1127.0,32137
1640252100,1128.35,1128.5,1126.5,1127.05,32518
1640252400,1127.1,1127.1,1122.45,1124.45,32826
1640252700,1124.45,1125.2,1123.4,1124.2,33779
1640253000,1124.1,1125.85,1123.5,1124.3,28769
1640253300,1124.3,1126.0,1123.0,1125.0,27897
1640317500,1130.8,1137.3,1126.0,1135.3,79308
1640317800,1135.3,1139.0,1134.05,1138.45,209915
1640318100,1138.45,1143.7,1138.1,1141.45,50716
1640318400,1141.0,1145.0,1139.4,1144.9,63296
1640318700,1144.8,1145.0,1140.75,1142.65,57221
1640319000,1142.65,1144.5,1142.05,1143.2,46893
1640319300,1143.15,1148.0,1141.65,1147.95,67343
1640319600,1147.95,1148.2,1145.55,1147.15,60046
1640319900,1147.55,1150.0,1147.15,1149.95,45936
1640320200,1149.45,1149.55,1145.0,1146.2,50529
1640320500,1146.2,1148.65,1146.1,1147.2,41079
1640320800,1147.25,1147.75,1143.5,1146.0,42636
1640321100,1145.05,1148.25,1145.05,1147.75,27330
1640321400,1147.45,1149.4,1147.15,1148.35,22932
1640321700,1148.35,1148.95,1148.35,1148.7,31766
1640322000,1148.5,1148.7,1146.7,1146.9,15503
1640322300,1146.75,1148.25,1146.15,1148.0,21593
1640322600,1147.8,1148.95,1147.55,1148.55,15569
1640322900,1148.65,1148.65,1147.15,1148.1,11047
1640323200,1148.1,1149.85,1147.7,1149.85,13410
1640323500,1149.8,1152.5,1147.8,1147.95,63589
1640323800,1147.95,1148.25,1145.5,1147.5,25711
1640324100,1147.5,1152.05,1147.3,1152.0,42259
1640324400,1152.9,1153.4,1151.5,1152.5,45167
1640324700,1152.5,1153.65,1150.0,1150.85,28357
1640325000,1151.4,1151.7,1150.1,1151.0,16486
1640325300,1151.0,1152.0,1150.5,1152.0,13316
1640325600,1151.9,1151.9,1150.0,1150.55,15954
1640325900,1150.55,1151.0,1150.0,1151.0,14231
1640326200,1151.0,1151.7,1151.0,1151.1,9877
1640326500,1151.1,1151.95,1151.0,1151.65,20511
1640326800,1151.65,1152.05,1151.35,1151.95,12430
1640327100,1151.95,1153.25,1151.4,1152.85,18793
1640327400,1152.85,1153.0,1151.55,1152.85,15898
1640327700,1152.85,1152.95,1151.6,1152.35,11390
1640328000,1152.35,1153.0,1150.0,1150.65,19417
1640328300,1150.05,1150.8,1147.4,1149.35,39773
1640328600,1149.85,1149.9,1147.3,1147.95,17963
1640328900,1147.9,1149.9,1147.9,1148.8,7559
1640329200,1148.6,1149.5,1146.2,1146.5,18842
1640329500,1146.5,1147.35,1146.3,1146.5,14155
1640329800,1146.5,1149.5,1146.5,1149.5,9912
1640330100,1149.45,1150.9,1148.9,1149.95,14152
1640330400,1150.0,1150.45,1148.5,1149.55,10273
1640330700,1149.6,1150.75,1149.0,1150.5,5121
1640331000,1150.5,1150.5,1149.25,1150.3,7815
1640331300,1150.0,1150.5,1149.25,1150.0,5394
1640331600,1150.0,1150.0,1146.2,1146.2,17306
1640331900,1146.2,1148.55,1146.2,1147.8,7828
1640332200,1147.8,1148.2,1146.2,1147.2,11110
1640332500,1147.2,1147.7,1141.0,1144.55,44179
1640332800,1144.7,1146.25,1144.05,1144.45,13862
1640333100,1144.05,1146.25,1144.0,1145.8,6050
1640333400,1145.8,1147.45,1145.1,1146.0,10171
1640333700,1146.1,1147.35,1145.1,1146.25,9946
1640334000,1146.25,1146.95,1145.0,1146.7,8253
1640334300,1146.7,1148.9,1145.9,1148.9,9060
1640334600,1148.9,1149.0,1147.85,1148.1,6205
1640334900,1148.15,1149.8,1147.4,1149.65,12680
1640335200,1149.6,1150.95,1148.25,1148.7,17968
1640335500,1149.5,1150.95,1149.5,1150.5,7128
1640335800,1150.6,1152.0,1149.05,1149.75,20900
1640336100,1149.75,1151.0,1148.5,1149.65,5036
1640336400,1149.6,1150.6,1148.35,1148.6,8814
1640336700,1148.65,1149.7,1148.2,1149.5,9749
1640337000,1149.5,1150.6,1149.05,1150.45,5113
1640337300,1150.0,1150.4,1148.55,1149.85,8074
1640337600,1149.85,1149.9,1148.4,1148.55,6739
1640337900,1148.55,1148.75,1145.05,1146.25,20249
1640338200,1146.35,1147.95,1146.35,1147.1,12936
1640338500,1147.45,1147.5,1145.0,1145.6,23052
1640338800,1145.7,1148.45,1145.0,1148.15,20473
1640339100,1148.4,1150.7,1147.7,1149.7,35189
1640339400,1150.0,1151.0,1146.55,1147.75,54592
1640339700,1148.2,1148.9,1145.7,1148.0,17959
1640576700,1148.0,1148.0,1140.05,1140.45,20189
1640577000,1140.45,1146.95,1135.35,1146.95,31162
1640577300,1145.6,1146.5,1143.6,1145.05,14494
1640577600,1145.05,1145.65,1141.9,1142.15,7966
1640577900,1144.0,1144.0,1141.3,1141.4,5711
1640578200,1141.4,1143.25,1141.05,1142.2,3258
1640578500,1142.2,1143.25,1141.1,1143.25,4447
1640578800,1143.25,1144.6,1143.05,1143.9,2569
1640579100,1143.9,1145.0,1143.0,1145.0,3122
1640579400,1145.0,1146.5,1144.55,1145.3,7502
1640579700,1145.3,1150.45,1145.05,1149.05,8622
1640580000,1149.05,1153.7,1149.05,1150.0,12621
1640580300,1150.0,1150.0,1146.8,1146.8,4019
1640580600,1147.0,1147.85,1143.0,1144.9,27086
1640580900,1144.2,1145.0,1143.1,1144.05,3955
1640581200,1144.05,1145.0,1143.7,1144.05,3021
1640581500,1144.05,1145.0,1143.25,1144.95,3124
1640581800,1144.3,1144.95,1143.1,1143.55,4663
1640582100,1143.55,1145.0,1143.55,1144.65,2238
1640582400,1144.0,1144.9,1143.3,1143.65,2313
1640582700,1144.0,1145.0,1138.2,1139.7,61651
1640583000,1139.8,1142.4,1139.05,1141.45,10030
1640583300,1141.55,1146.95,1141.5,1146.9,32711
1640583600,1146.9,1150.0,1146.4,1149.65,34753
1640583900,1149.9,1152.5,1149.55,1151.6,18505
1640584200,1151.6,1152.7,1151.0,1152.0,5376
1640584500,1152.0,1153.0,1151.7,1152.65,3550
1640584800,1152.65,1152.65,1150.75,1151.1,4151
1640585100,1151.25,1152.95,1151.25,1152.7,2885
1640585400,1152.7,1155.8,1152.3,1155.1,12779
1640585700,1155.1,1157.8,1155.1,1157.5,10582
1640586000,1157.5,1157.95,1156.15,1156.15,7498
1640586300,1156.15,1156.7,1155.4,1155.7,47788
1640586600,1155.55,1156.7,1155.5,1156.05,23705
1640586900,1156.05,1156.45,1154.25,1156.0,6020
1640587200,1155.55,1157.7,1155.55,1157.7,9660
1640587500,1157.7,1158.7,1157.0,1158.45,11890
1640587800,1158.45,1159.05,1157.3,1157.8,19618
1640588100,1157.8,1158.15,1157.1,1157.75,5157
1640588400,1157.75,1158.75,1156.7,1156.7,6118
1640588700,1157.2,1157.25,1156.5,1157.25,4856
1640589000,1157.3,1158.45,1156.85,1158.35,5638
1640589300,1158.05,1159.35,1157.8,1158.5,8960
1640589600,1158.9,1159.05,1158.0,1158.55,7386
1640589900,1158.55,1161.05,1158.3,1160.95,12521
1640590200,1161.05,1161.2,1159.2,1160.0,5218
1640590500,1160.0,1160.5,1159.4,1160.35,3424
1640590800,1160.35,1161.2,1159.3,1161.0,6774
1640591100,1161.0,1163.65,1161.0,1163.0,15584
1640591400,1162.7,1164.0,1162.7,1163.15,21475
1640591700,1163.35,1163.95,1162.05,1162.05,10644
1640592000,1162.05,1162.65,1159.4,1161.25,9674
1640592300,1161.25,1162.1,1159.9,1160.7,10894
1640592600,1160.7,1161.6,1160.65,1161.0,1598
1640592900,1161.0,1161.45,1159.55,1160.0,5318
1640593200,1160.2,1161.0,1160.0,1160.05,6934
1640593500,1160.05,1160.7,1159.8,1160.05,7777
1640593800,1160.55,1160.65,1156.65,1159.9,13961
1640594100,1160.25,1160.65,1159.95,1160.0,1758
1640594400,1160.0,1160.5,1158.85,1159.0,2337
1640594700,1159.7,1160.2,1157.3,1158.1,4320
1640595000,1158.1,1159.25,1157.5,1158.65,8562
1640595300,1158.15,1158.85,1157.75,1158.2,3105
1640595600,1157.75,1158.7,1156.8,1157.75,2835
1640595900,1157.75,1158.45,1157.1,1157.65,1987
1640596200,1158.4,1159.0,1155.2,1158.2,8456
1640596500,1158.2,1159.95,1157.45,1159.15,3563
1640596800,1159.15,1161.95,1159.15,1161.2,8636
1640597100,1161.2,1162.0,1159.35,1161.2,8774
1640597400,1161.2,1162.75,1159.15,1160.1,8664
1640597700,1160.1,1165.05,1160.0,1164.6,12941
1640598000,1164.95,1165.0,1163.3,1163.3,8835
1640598300,1163.95,1164.55,1159.85,1160.05,19988
1640598600,1160.65,1162.9,1159.2,1160.65,20579
1640598900,1160.7,1163.0,1158.8,1160.05,6962
1640663100,1165.3,1169.4,1161.6,1163.55,26856
1640663400,1163.55,1167.65,1163.1,1167.25,17272
1640663700,1167.25,1168.0,1165.8,1167.05,12807
1640664000,1167.05,1168.0,1166.15,1167.2,8035
1640664300,1168.0,1168.75,1167.0,1168.6,5785
1640664600,1168.6,1168.6,1164.4,1165.55,9227
1640664900,1165.2,1166.1,1164.0,1164.35,6080
1640665200,1164.35,1166.1,1164.0,1165.4,4638
1640665500,1165.4,1166.5,1164.95,1166.0,7578
1640665800,1166.0,1166.5,1164.2,1164.55,5044
1640666100,1164.55,1166.3,1164.55,1165.5,3776
1640666400,1165.5,1166.5,1165.1,1165.4,4142
1640666700,1165.4,1167.45,1165.35,1166.85,1568
1640667000,1166.85,1168.5,1166.85,1167.9,2805
1640667300,1167.9,1168.45,1166.5,1167.4,7468
1640667600,1167.4,1169.0,1167.4,1168.85,3597
1640667900,1168.95,1170.8,1168.15,1169.25,9130
1640668200,1169.25,1170.45,1167.7,1167.7,4518
1640668500,1167.7,1169.1,1167.7,1167.7,3549
1640668800,1168.0,1170.55,1167.05,1169.0,4035
1640669100,1169.0,1173.95,1169.0,1173.1,12690
1640669400,1173.1,1176.0,1173.1,1175.6,11898
1640669700,1175.6,1175.65,1174.5,1174.5,4889
1640670000,1174.3,1176.0,1173.6,1175.0,9939
1640670300,1175.65,1176.3,1175.0,1175.1,7682
1640670600,1175.85,1176.4,1175.55,1176.4,4351
1640670900,1176.4,1176.4,1174.2,1175.0,6508
1640671200,1175.15,1175.9,1174.0,1175.4,8647
1640671500,1175.0,1175.35,1174.5,1174.95,8184
1640671800,1175.0,1175.45,1174.2,1174.65,10319
1640672100,1174.7,1175.8,1173.5,1173.9,9128
1640672400,1173.9,1175.85,1173.9,1174.15,12060
1640672700,1174.15,1175.1,1173.15,1174.85,16660
1640673000,1174.85,1175.25,1173.45,1175.1,13682
1640673300,1174.95,1175.3,1173.7,1174.7,16504
1640673600,1174.7,1175.3,1174.15,1175.15,10557
1640673900,1175.15,1175.5,1174.55,1175.25,9354
1640674200,1175.25,1175.6,1173.85,1175.0,12668
1640674500,1175.35,1175.5,1175.0,1175.0,6598
1640674800,1175.0,1175.6,1173.8,1175.55,9999
1640675100,1175.55,1177.0,1175.3,1176.9,11973
1640675400,1176.95,1177.5,1176.0,1177.2,6464
1640675700,1177.25,1177.9,1176.15,1177.0,8573
1640676000,1177.25,1177.35,1176.1,1176.8,6356
1640676300,1176.95,1177.5,1176.35,1177.3,6976
1640676600,1177.3,1177.95,1175.2,1177.6,12402
1640676900,1177.55,1178.15,1175.4,1177.2,9071
1640677200,1177.2,1178.0,1176.05,1177.8,9059
1640677500,1177.55,1178.0,1176.7,1177.6,5689
1640677800,1177.6,1178.45,1177.0,1178.1,11843
1640678100,1178.15,1178.3,1176.8,1177.55,7128
1640678400,1177.95,1179.0,1177.0,1178.25,9626
1640678700,1178.95,1179.8,1177.55,1179.15,9077
1640679000,1179.7,1180.95,1178.25,1178.8,14768
1640679300,1178.9,1182.5,1178.7,1182.05,10015
1640679600,1182.05,1182.5,1179.85,1181.0,7156
1640679900,1181.1,1181.75,1178.15,1178.15,12211
1640680200,1178.9,1179.05,1175.75,1177.3,9010
1640680500,1177.4,1179.75,1177.4,1179.75,7569
1640680800,1179.75,1180.0,1178.5,1179.95,9350
1640681100,1180.0,1180.2,1179.85,1180.0,5478
1640681400,1180.0,1180.0,1178.05,1178.9,11571
1640681700,1178.9,1180.0,1178.2,1178.85,8184
1640682000,1179.25,1180.0,1178.5,1179.05,8462
1640682300,1179.8,1180.0,1176.0,1176.4,7588
1640682600,1176.95,1177.05,1175.0,1175.5,10351
1640682900,1175.6,1175.65,1171.45,1173.75,46070
1640683200,1173.8,1177.65,1172.05,1176.85,36044
1640683500,1177.65,1177.9,1175.6,1177.5,4918
1640683800,1177.45,1180.0,1176.85,1179.25,17651
1640684100,1179.85,1180.0,1178.4,1179.45,9315
1640684400,1179.45,1179.85,1176.7,1177.7,14710
1640684700,1177.95,1179.9,1177.05,1178.25,13664
1640685000,1178.25,1178.5,1175.8,1178.4,24529
1640685300,1178.5,1178.5,1172.25,1172.45,23455
1640749500,1177.6,1180.0,1167.0,1179.15,16717
1640749800,1179.15,1179.65,1174.55,1177.5,5370
1640750100,1177.5,1178.0,1174.1,1178.0,3470
1640750400,1178.0,1184.2,1178.0,1183.65,16223
1640750700,1182.5,1183.15,1181.0,1181.8,12829
1640751000,1181.85,1185.0,1181.85,1184.5,13301
1640751300,1184.5,1185.0,1183.15,1183.15,5491
1640751600,1183.15,1184.5,1183.15,1184.0,10383
1640751900,1183.75,1184.2,1182.25,1184.2,2846
1640752200,1184.0,1185.0,1183.25,1183.6,10055
1640752500,1184.0,1185.0,1182.1,1182.85,11992
1640752800,1182.85,1183.1,1181.05,1181.05,2213
1640753100,1181.05,1181.05,1173.7,1175.1,24038
1640753400,1175.15,1182.75,1175.15,1182.45,5280
1640753700,1182.45,1184.4,1182.45,1184.2,5723
1640754000,1184.2,1184.95,1182.8,1182.8,7461
1640754300,1182.8,1182.95,1180.75,1181.7,6066
1640754600,1181.7,1182.0,1181.3,1182.0,2087
1640754900,1182.0,1182.85,1181.05,1181.6,267682
1640755200,1181.6,1182.0,1181.0,1182.0,1742
1640755500,1182.0,1182.3,1181.55,1182.0,3712
1640755800,1182.0,1184.0,1181.25,1181.25,5080
1640756100,1181.25,1182.0,1180.0,1180.15,12570
1640756400,1180.15,1186.0,1180.0,1186.0,19922
1640756700,1185.9,1188.0,1185.15,1186.2,39957
1640757000,1186.85,1188.9,1185.15,1188.6,51423
1640757300,1188.6,1189.95,1188.1,1189.95,29720
1640757600,1189.9,1189.9,1188.35,1188.65,15849
1640757900,1188.65,1189.0,1188.0,1188.25,16487
1640758200,1188.5,1189.6,1187.1,1189.1,28648
1640758500,1189.65,1190.0,1188.6,1190.0,15212
1640758800,1189.9,1191.3,1188.4,1190.05,28188
1640759100,1190.5,1191.0,1190.0,1191.0,8085
1640759400,1190.9,1191.45,1190.0,1190.05,9463
1640759700,1190.4,1190.5,1189.35,1189.45,11762
1640760000,1189.45,1190.05,1189.25,1189.6,6511
1640760300,1190.0,1190.45,1189.2,1190.1,17313
1640760600,1190.1,1191.6,1189.8,1190.45,21474
1640760900,1190.5,1191.0,1190.25,1190.35,5471
1640761200,1190.7,1191.7,1190.25,1191.1,3801
1640761500,1191.1,1192.2,1190.25,1190.3,8525
1640761800,1190.3,1190.95,1190.1,1190.1,4254
1640762100,1190.1,1190.5,1190.0,1190.3,5772
1640762400,1190.3,1191.0,1190.0,1190.75,3975
1640762700,1190.75,1191.4,1190.0,1190.0,3921
1640763000,1190.0,1191.0,1190.0,1190.9,3546
1640763300,1190.9,1191.35,1190.0,1191.0,8198
1640763600,1191.0,1191.9,1190.35,1191.5,5196
1640763900,1191.5,1191.9,1190.0,1190.0,9558
1640764200,1190.0,1191.7,1188.45,1191.0,15989
1640764500,1191.0,1191.5,1189.3,1190.45,12906
1640764800,1190.45,1192.2,1190.0,1190.55,6899
1640765100,1191.05,1191.25,1190.5,1190.65,2344
1640765400,1190.65,1191.8,1188.85,1189.2,14898
1640765700,1189.7,1191.25,1189.25,1190.0,6991
1640766000,1190.0,1190.75,1190.0,1190.6,4747
1640766300,1190.6,1190.6,1190.0,1190.1,9624
1640766600,1190.0,1190.7,1189.1,1190.0,10377
1640766900,1190.0,1190.15,1188.25,1190.0,30520
1640767200,1190.0,1190.0,1186.55,1189.5,47623
1640767500,1189.95,1190.45,1187.05,1187.95,30227
1640767800,1188.15,1190.55,1187.0,1188.6,225235
1640768100,1188.7,1190.55,1187.0,1187.7,45291
1640768400,1187.6,1188.3,1185.7,1186.25,7224
1640768700,1186.25,1188.05,1186.25,1187.95,1507
1640769000,1187.95,1188.55,1187.15,1187.55,4492
1640769300,1187.55,1188.6,1186.6,1187.65,2981
1640769600,1187.65,1187.65,1184.8,1185.25,7117
1640769900,1185.25,1186.75,1184.6,1185.6,5326
1640770200,1186.75,1188.4,1185.6,1188.3,10688
1640770500,1188.3,1189.55,1187.5,1187.55,9101
1640770800,1187.55,1188.25,1185.55,1186.5,10205
1640771100,1186.55,1187.3,1184.25,1184.5,16562
1640771400,1184.75,1185.3,1184.05,1184.15,10350
1640771700,1184.0,1184.75,1180.4,1180.4,16321
1640835900,1183.9,1189.0,1180.9,1187.3,17415
1640836200,1186.15,1186.65,1183.0,1184.25,3646
1640836500,1184.25,1184.85,1183.0,1183.85,1309
1640836800,1183.85,1186.25,1183.0,1183.5,7318
1640837100,1183.5,1189.9,1183.0,1188.85,17528
1640837400,1188.0,1189.6,1187.0,1188.0,12430
1640837700,1187.85,1188.85,1185.25,1188.85,5569
1640838000,1188.85,1191.0,1188.0,1190.25,7701
1640838300,1190.6,1196.75,1190.6,1195.35,160616
1640838600,1195.05,1199.75,1195.0,1199.5,129200
1640838900,1199.5,1199.5,1195.6,1195.8,36523
1640839200,1196.15,1196.95,1195.0,1195.0,40806
1640839500,1195.2,1196.7,1195.15,1195.6,4937
1640839800,1195.6,1196.0,1195.0,1195.6,6080
1640840100,1195.6,1196.1,1195.35,1195.35,3613
1640840400,1195.35,1195.7,1195.0,1195.05,5831
1640840700,1195.05,1197.35,1195.0,1197.15,15797
1640841000,1197.3,1198.0,1195.55,1197.0,6385
1640841300,1196.8,1199.8,1196.8,1199.75,13855
1640841600,1199.75,1199.95,1196.7,1198.35,12023
1640841900,1198.35,1198.35,1195.0,1196.1,20480
1640842200,1196.1,1197.0,1195.75,1196.75,6277
1640842500,1196.75,1197.5,1196.0,1196.1,4870
1640842800,1196.05,1196.5,1195.2,1195.5,4284
1640843100,1195.5,1196.0,1195.0,1196.0,4970
1640843400,1195.75,1197.2,1195.0,1196.8,13620
1640843700,1196.8,1198.25,1196.25,1197.7,4385
1640844000,1197.5,1198.4,1196.35,1196.75,6165
1640844300,1196.75,1198.0,1195.5,1198.0,9955
1640844600,1198.0,1198.0,1196.45,1197.0,4560
1640844900,1196.9,1197.55,1195.0,1195.0,6631
1640845200,1195.0,1196.25,1195.0,1196.0,8693
1640845500,1196.3,1197.5,1195.35,1195.8,7634
1640845800,1195.8,1197.75,1195.8,1196.9,4610
1640846100,1196.9,1197.85,1196.9,1197.75,5583
1640846400,1197.75,1197.85,1197.05,1197.05,5224
1640846700,1197.05,1198.65,1197.05,1198.05,11257
1640847000,1198.05,1201.2,1197.4,1200.05,42464
1640847300,1200.5,1200.7,1199.0,1200.25,11219
1640847600,1200.25,1202.7,1200.0,1201.0,32231
1640847900,1200.2,1200.55,1198.0,1199.55,26606
1640848200,1199.55,1200.55,1198.65,1198.9,8865
1640848500,1198.9,1199.45,1196.4,1197.8,11943
1640848800,1198.0,1198.9,1197.4,1197.55,6696
1640849100,1197.6,1199.8,1197.6,1198.1,5085
1640849400,1198.1,1199.5,1197.55,1199.5,6759
1640849700,1199.5,1199.75,1196.3,1196.85,11471
1640850000,1196.85,1198.55,1195.5,1195.5,9971
1640850300,1195.5,1197.95,1195.2,1195.95,11266
1640850600,1195.95,1198.15,1195.65,1196.95,6047
1640850900,1196.75,1198.6,1196.65,1198.05,6506
1640851200,1198.05,1198.6,1196.55,1197.5,8095
1640851500,1197.45,1199.35,1197.45,1198.4,8653
1640851800,1198.4,1198.9,1196.45,1197.0,9631
1640852100,1197.0,1199.8,1197.0,1199.25,61680
1640852400,1199.25,1199.6,1198.0,1199.05,14234
1640852700,1199.05,1200.0,1198.9,1199.75,8443
1640853000,1199.25,1199.85,1197.8,1198.5,8290
1640853300,1198.5,1200.0,1198.1,1199.6,8468
1640853600,1199.6,1199.9,1198.0,1198.8,3598
1640853900,1198.75,1199.45,1198.0,1199.4,6974
1640854200,1198.8,1199.8,1198.2,1198.95,18749
1640854500,1198.95,1199.9,1198.5,1198.5,8281
1640854800,1198.55,1200.0,1198.0,1198.25,17858
1640855100,1199.1,1199.15,1198.0,1198.55,3644
1640855400,1198.55,1199.1,1198.1,1198.45,4961
1640855700,1198.45,1199.2,1198.25,1198.7,5981
1640856000,1198.7,1198.95,1196.35,1196.4,6658
1640856300,1196.45,1197.5,1196.4,1196.9,6058
1640856600,1197.3,1198.45,1195.0,1195.0,46998
1640856900,1195.15,1196.1,1193.8,1194.7,48916
1640857200,1194.7,1198.85,1194.05,1194.8,50324
1640857500,1194.8,1197.15,1194.45,1195.65,49666
1640857800,1195.7,1197.65,1190.35,1190.6,64937
1640858100,1190.6,1199.0,1190.6,1198.75,28244
1640922300,1199.0,1203.7,1196.15,1200.85,32859
1640922600,1200.85,1201.7,1196.05,1200.2,16020
1640922900,1200.2,1201.5,1200.2,1201.4,4728
1640923200,1201.25,1204.95,1201.25,1203.45,19871
1640923500,1203.9,1203.95,1202.05,1202.1,7464
1640923800,1202.1,1202.5,1198.8,1200.6,8450
1640924100,1200.1,1201.95,1199.95,1200.0,15850
1640924400,1200.0,1202.75,1199.95,1202.0,3668
1640924700,1202.0,1202.3,1198.8,1198.9,11086
1640925000,1198.7,1198.7,1194.3,1195.2,20623
1640925300,1195.2,1197.25,1192.25,1194.05,15072
1640925600,1194.05,1196.8,1194.05,1195.25,7325
1640925900,1195.25,1195.35,1194.4,1195.15,5260
1640926200,1195.15,1198.8,1194.8,1198.8,18488
1640926500,1199.15,1200.0,1190.65,1191.15,62971
1640926800,1191.15,1194.5,1191.0,1193.8,7578
1640927100,1193.8,1194.7,1192.4,1194.7,8353
1640927400,1194.25,1197.85,1193.1,1193.1,30456
1640927700,1193.1,1194.0,1193.1,1194.0,477
1640928000,1194.0,1194.9,1193.35,1194.25,3377
1640928300,1194.25,1195.05,1194.25,1194.65,1850
1640928600,1194.65,1195.1,1193.4,1195.1,1980
1640928900,1195.5,1196.0,1195.1,1195.35,2168
1640929200,1195.1,1195.85,1194.4,1195.2,2453
1640929500,1195.85,1195.85,1195.1,1195.5,1283
1640929800,1195.5,1195.5,1193.85,1194.6,2523
1640930100,1195.0,1195.0,1193.9,1194.85,1808
1640930400,1194.8,1195.9,1194.2,1194.95,3691
1640930700,1194.95,1195.4,1194.45,1195.4,901
1640931000,1195.4,1195.65,1193.8,1195.0,2873
1640931300,1195.0,1196.95,1194.5,1196.6,3212
1640931600,1196.8,1198.0,1196.05,1196.5,5933
1640931900,1196.15,1196.7,1195.05,1195.85,1492
1640932200,1196.2,1196.35,1194.0,1194.85,3216
1640932500,1194.8,1194.95,1190.85,1191.25,9933
1640932800,1191.9,1195.0,1191.35,1193.55,5441
1640933100,1193.55,1194.95,1192.5,1194.5,2161
1640933400,1194.55,1194.9,1192.85,1193.75,1915
1640933700,1193.75,1193.75,1193.1,1193.7,553
1640934000,1193.7,1193.95,1193.15,1193.4,1974
1640934300,1193.4,1193.5,1192.05,1193.2,1631
1640934600,1192.95,1193.5,1192.25,1192.65,3948
1640934900,1193.45,1193.5,1192.35,1193.35,1970
1640935200,1193.4,1193.5,1192.5,1193.45,1426
1640935500,1193.45,1194.45,1192.9,1194.0,3833
1640935800,1193.75,1194.3,1192.85,1193.95,2438
1640936100,1194.3,1194.7,1192.55,1193.55,1448
1640936400,1194.35,1194.7,1193.1,1193.65,1919
1640936700,1193.5,1194.25,1193.45,1193.6,646
1640937000,1193.5,1197.9,1193.5,1195.15,44587
1640937300,1194.55,1195.0,1193.25,1193.45,2045
1640937600,1193.45,1194.85,1193.0,1194.45,5059
1640937900,1194.45,1194.85,1193.0,1194.5,2656
1640938200,1194.5,1194.65,1193.45,1194.35,1481
1640938500,1194.35,1194.55,1193.25,1194.0,3382
1640938800,1194.15,1194.4,1192.25,1193.9,9134
1640939100,1193.15,1195.0,1193.15,1194.5,1600
1640939400,1194.3,1195.0,1193.9,1194.95,1073
1640939700,1194.95,1195.0,1194.1,1194.85,2513
1640940000,1194.85,1195.0,1189.55,1190.95,26637
1640940300,1191.65,1191.8,1187.1,1190.8,49550
1640940600,1191.3,1197.7,1190.05,1194.85,82488
1640940900,1194.75,1196.6,1193.7,1194.75,26748
1640941200,1194.25,1195.0,1194.15,1194.35,2581
1640941500,1194.35,1195.0,1194.15,1194.55,2108
1640941800,1194.95,1195.0,1194.3,1195.0,3273
1640942100,1194.95,1195.0,1193.9,1194.9,4696
1640942400,1194.5,1195.0,1194.0,1195.0,4911
1640942700,1195.0,1195.5,1193.9,1195.0,7341
1640943000,1195.7,1196.55,1194.1,1196.55,29034
1640943300,1195.0,1196.85,1194.65,1195.55,28793
1640943600,1195.6,1196.8,1194.55,1196.0,25109
1640943900,1196.0,1196.6,1195.1,1195.85,27581
1640944200,1195.75,1197.5,1194.55,1197.5,43107
1640944500,1197.55,1200.0,1194.0,1200.0,28158
1641181500,1196.0,1211.55,1196.0,1208.05,31006
1641181800,1208.0,1208.0,1205.0,1206.7,19414
1641182100,1206.7,1211.0,1206.3,1210.15,18119
1641182400,1210.15,1210.15,1202.5,1202.5,18539
1641182700,1202.5,1207.0,1201.6,1206.75,21926
1641183000,1206.75,1207.0,1205.5,1205.6,5243
1641183300,1205.6,1207.0,1203.1,1203.35,10369
1641183600,1203.35,1206.0,1203.05,1206.0,6143
1641183900,1206.0,1206.55,1205.1,1206.0,7526
1641184200,1204.1,1205.0,1204.0,1204.25,9341
1641184500,1204.25,1205.65,1203.2,1204.75,7629
1641184800,1204.75,1208.5,1204.75,1208.0,8969
1641185100,1208.0,1209.1,1207.0,1208.7,10498
1641185400,1208.7,1210.0,1208.7,1209.3,8613
1641185700,1209.5,1209.75,1209.0,1209.35,3986
1641186000,1209.35,1210.0,1208.4,1208.4,4712
1641186300,1208.2,1209.6,1208.2,1209.2,2788
1641186600,1209.2,1210.75,1209.0,1210.75,11572
1641186900,1209.95,1211.0,1209.95,1210.75,5311
1641187200,1210.95,1211.5,1209.55,1209.75,6770
1641187500,1209.75,1210.9,1209.1,1209.8,6376
1641187800,1210.0,1210.0,1207.45,1207.85,9866
1641188100,1207.85,1208.1,1206.2,1207.25,7309
1641188400,1206.85,1208.15,1206.35,1206.65,5282
1641188700,1206.65,1207.0,1204.5,1204.85,15641
1641189000,1204.85,1205.6,1204.55,1204.8,13598
1641189300,1204.8,1205.55,1204.8,1204.95,42854
1641189600,1205.0,1205.65,1204.5,1205.0,34915
1641189900,1205.0,1206.0,1204.6,1205.75,45981
1641190200,1205.75,1210.0,1205.75,1209.55,9518
1641190500,1209.95,1210.0,1206.9,1207.2,16341
1641190800,1207.2,1208.4,1206.2,1206.85,3106
1641191100,1206.85,1208.4,1206.85,1208.3,4338
1641191400,1208.2,1208.4,1206.45,1206.7,5848
1641191700,1206.7,1206.95,1205.5,1205.55,4065
1641192000,1205.55,1206.15,1204.75,1205.7,3506
1641192300,1205.7,1207.25,1205.6,1206.8,3413
1641192600,1207.0,1207.7,1206.8,1207.7,2580
1641192900,1207.7,1209.55,1207.2,1209.5,4988
1641193200,1209.5,1210.4,1209.1,1209.65,6558
1641193500,1209.9,1210.45,1209.55,1209.75,7307
1641193800,1209.75,1210.6,1208.6,1209.2,10443
1641194100,1208.95,1209.9,1208.2,1209.45,4671
1641194400,1209.45,1210.55,1208.7,1210.45,24033
1641194700,1209.95,1210.6,1209.75,1209.95,11707
1641195000,1209.95,1210.5,1209.6,1209.6,4903
1641195300,1209.7,1211.15,1209.3,1210.55,52342
1641195600,1210.55,1213.9,1210.55,1212.5,12673
1641195900,1212.5,1213.75,1212.1,1212.7,5861
1641196200,1213.0,1213.3,1211.85,1212.5,5481
1641196500,1212.55,1212.6,1210.4,1210.75,7549
1641196800,1209.8,1212.25,1209.8,1211.0,6186
1641197100,1211.0,1212.5,1211.0,1211.6,2170
1641197400,1211.6,1211.6,1206.45,1210.45,38021
1641197700,1210.45,1211.4,1209.0,1210.8,9002
1641198000,1211.05,1212.1,1210.3,1210.5,2809
1641198300,1210.5,1211.5,1209.9,1210.8,9544
1641198600,1211.35,1212.9,1210.8,1212.0,4312
1641198900,1211.5,1213.0,1210.3,1213.0,4058
1641199200,1213.0,1214.45,1209.95,1210.95,14445
1641199500,1210.75,1211.5,1209.75,1211.35,6081
1641199800,1211.35,1213.9,1210.1,1210.5,6926
1641200100,1210.5,1211.65,1210.0,1210.65,2886
1641200400,1210.65,1210.8,1209.95,1210.05,35993
1641200700,1210.05,1210.15,1209.2,1209.95,10098
1641201000,1210.0,1210.0,1209.15,1209.35,7522
1641201300,1209.6,1210.0,1207.55,1208.55,19781
1641201600,1208.55,1209.75,1208.55,1209.35,4514
1641201900,1209.35,1210.5,1208.1,1209.0,9764
1641202200,1208.75,1210.0,1207.0,1208.15,15407
1641202500,1207.75,1208.65,1207.0,1208.15,19351
1641202800,1208.15,1210.1,1207.55,1210.1,11631
1641203100,1210.05,1211.0,1210.05,1210.9,11500
1641203400,1211.0,1211.75,1208.6,1210.15,20602
1641203700,1209.6,1212.0,1205.5,1205.5,40217
1641267900,1206.3,1217.35,1205.5,1216.3,28381
1641268200,1216.3,1227.0,1213.9,1223.55,58359
1641268500,1223.55,1224.95,1221.1,1224.75,17781
1641268800,1224.75,1226.0,1223.1,1224.95,21844
1641269100,1224.85,1224.85,1218.35,1218.7,21996
1641269400,1218.1,1224.15,1217.35,1224.0,35020
1641269700,1224.6,1224.7,1220.1,1221.55,34739
1641270000,1221.55,1222.15,1219.85,1221.85,19917
1641270300,1221.15,1222.0,1219.1,1220.0,8373
1641270600,1219.4,1223.65,1219.35,1221.4,52577
1641270900,1221.4,1224.0,1221.25,1223.45,45014
1641271200,1223.5,1226.5,1222.8,1225.1,25297
1641271500,1225.0,1225.75,1225.0,1225.0,3957
1641271800,1225.0,1225.2,1220.3,1222.0,34906
1641272100,1222.0,1222.05,1221.25,1221.7,9631
1641272400,1221.7,1225.7,1221.1,1225.7,50617
1641272700,1225.65,1225.65,1222.2,1223.75,17618
1641273000,1223.8,1223.85,1221.2,1222.0,14475
1641273300,1222.0,1222.45,1221.0,1221.1,7169
1641273600,1221.1,1222.0,1220.15,1220.9,15494
1641273900,1220.9,1222.0,1220.3,1221.3,74120
1641274200,1221.25,1224.5,1217.15,1219.95,122594
1641274500,1220.0,1220.0,1214.2,1215.5,17652
1641274800,1215.5,1217.0,1212.75,1212.75,12062
1641275100,1212.75,1213.45,1209.1,1209.4,27351
1641275400,1209.8,1210.65,1209.2,1209.75,8846
1641275700,1209.65,1213.7,1209.35,1213.45,44152
1641276000,1213.45,1214.6,1211.75,1213.0,74621
1641276300,1213.0,1213.6,1212.05,1212.5,3995
1641276600,1212.7,1214.9,1212.05,1214.7,4894
1641276900,1214.7,1215.0,1212.5,1214.4,12096
1641277200,1214.4,1215.0,1213.45,1213.75,4473
1641277500,1213.35,1214.75,1212.95,1214.1,3470
1641277800,1214.2,1215.0,1213.25,1213.55,4031
1641278100,1213.55,1215.1,1210.15,1210.15,69408
1641278400,1210.15,1211.75,1209.55,1211.7,5207
1641278700,1211.5,1211.9,1209.5,1210.9,8035
1641279000,1210.9,1212.05,1210.15,1211.05,9577
1641279300,1211.05,1212.75,1210.15,1212.5,3986
1641279600,1212.6,1214.9,1212.1,1214.9,6993
1641279900,1215.0,1215.0,1212.65,1213.95,5483
1641280200,1213.95,1214.65,1213.0,1213.55,4479
1641280500,1213.5,1214.4,1212.05,1212.6,5131
1641280800,1212.55,1214.5,1212.45,1214.0,5012
1641281100,1214.35,1214.75,1212.95,1214.0,6238
1641281400,1214.0,1215.0,1213.05,1214.15,5280
1641281700,1214.65,1214.85,1213.1,1213.7,5021
1641282000,1213.9,1214.7,1212.75,1212.95,5246
1641282300,1213.5,1213.6,1211.25,1211.7,6187
1641282600,1212.15,1213.05,1210.5,1211.8,7793
1641282900,1212.4,1213.05,1211.6,1211.8,5384
1641283200,1211.8,1213.9,1211.8,1213.1,7716
1641283500,1213.1,1213.1,1211.05,1211.45,6784
1641283800,1212.0,1212.65,1211.2,1211.4,5932
1641284100,1211.4,1215.0,1210.0,1215.0,13719
1641284400,1215.0,1215.1,1214.15,1214.85,7059
1641284700,1214.6,1215.1,1213.45,1214.95,7156
1641285000,1214.95,1215.1,1214.4,1215.0,6645
1641285300,1215.0,1215.2,1214.05,1215.0,5180
1641285600,1215.1,1215.15,1214.5,1215.0,4169
1641285900,1215.1,1215.3,1213.3,1213.85,19736
1641286200,1214.25,1221.5,1213.75,1221.5,18292
1641286500,1221.5,1221.5,1218.05,1219.15,10517
1641286800,1219.15,1223.2,1218.6,1221.7,67613
1641287100,1221.7,1222.7,1221.0,1222.5,6740
1641287400,1222.5,1224.0,1222.0,1223.65,8010
1641287700,1223.35,1224.0,1221.1,1223.0,9519
1641288000,1222.8,1223.4,1220.9,1220.9,10155
1641288300,1221.5,1221.9,1219.45,1221.25,7594
1641288600,1221.65,1222.45,1218.6,1221.1,19336
1641288900,1221.1,1222.7,1221.05,1221.95,7636
1641289200,1221.95,1222.95,1221.15,1221.4,10044
1641289500,1222.15,1222.9,1221.35,1222.2,10547
1641289800,1222.3,1222.35,1217.65,1217.65,16005
1641290100,1217.25,1222.5,1217.05,1218.1,20145
1641354300,1215.0,1220.0,1213.75,1215.2,11937
1641354600,1215.75,1219.9,1214.35,1219.9,8763
1641354900,1219.9,1219.95,1217.8,1218.65,3547
1641355200,1218.65,1219.2,1215.0,1219.2,5607
1641355500,1218.9,1223.3,1218.9,1219.05,15012
1641355800,1218.75,1221.05,1217.9,1220.45,6532
1641356100,1220.7,1224.2,1220.4,1221.0,17535
1641356400,1220.85,1221.85,1220.85,1221.1,3220
1641356700,1221.0,1222.45,1221.0,1221.05,2978
1641357000,1221.05,1221.95,1220.5,1221.05,3487
1641357300,1221.05,1222.5,1220.9,1222.4,3427
1641357600,1222.35,1222.55,1220.9,1221.0,2960
1641357900,1221.0,1222.5,1221.0,1221.5,4265
1641358200,1221.9,1221.9,1220.6,1220.95,2369
1641358500,1220.85,1221.5,1220.2,1221.0,7624
1641358800,1221.0,1221.15,1220.05,1220.85,4036
1641359100,1220.35,1221.25,1218.65,1218.8,3121
1641359400,1219.45,1220.9,1218.9,1219.95,3961
1641359700,1219.95,1220.0,1218.25,1218.85,2790
1641360000,1218.85,1220.0,1218.25,1219.1,3194
1641360300,1219.1,1219.1,1216.45,1217.45,5533
1641360600,1217.45,1218.3,1216.8,1217.85,2542
1641360900,1217.85,1217.95,1216.45,1217.1,2900
1641361200,1217.1,1218.15,1216.75,1217.3,1103
1641361500,1217.3,1217.95,1216.75,1217.85,1354
1641361800,1217.85,1218.95,1217.1,1218.55,3059
1641362100,1219.25,1220.0,1219.15,1219.9,1691
1641362400,1219.45,1221.25,1217.1,1218.3,4493
1641362700,1218.3,1219.7,1217.2,1219.65,4295
1641363000,1219.7,1220.0,1219.0,1219.3,2133
1641363300,1219.45,1220.7,1219.0,1220.7,6153
1641363600,1220.1,1221.0,1219.0,1220.55,3778
1641363900,1220.55,1220.85,1219.25,1219.3,2007
1641364200,1219.3,1220.0,1219.25,1219.6,1101
1641364500,1219.9,1220.1,1219.2,1219.75,1036
1641364800,1219.3,1220.0,1218.55,1219.1,3758
1641365100,1219.1,1219.75,1217.95,1219.75,1242
1641365400,1219.75,1220.0,1219.15,1219.35,844
1641365700,1219.85,1220.0,1218.0,1219.6,1997
1641366000,1219.6,1220.0,1218.45,1219.2,2132
1641366300,1219.2,1220.0,1218.75,1219.9,896
1641366600,1219.9,1221.25,1219.45,1221.0,5595
1641366900,1221.25,1222.45,1220.25,1222.45,5740
1641367200,1222.4,1224.6,1222.3,1223.8,9780
1641367500,1223.8,1224.85,1223.55,1224.7,4597
1641367800,1224.5,1224.5,1217.8,1221.6,11684
1641368100,1221.0,1225.0,1221.0,1223.35,12501
1641368400,1223.4,1224.0,1222.45,1223.3,3732
1641368700,1224.0,1224.0,1218.55,1218.55,5624
1641369000,1218.55,1218.6,1216.9,1218.1,6045
1641369300,1218.45,1219.9,1218.05,1218.5,2731
1641369600,1218.1,1220.1,1218.1,1219.0,5532
1641369900,1219.0,1219.8,1218.2,1218.45,3809
1641370200,1218.45,1219.5,1218.3,1219.25,2231
1641370500,1219.2,1219.2,1217.2,1217.2,2412
1641370800,1217.0,1217.65,1215.9,1217.6,4233
1641371100,1217.55,1218.85,1217.3,1218.6,2488
1641371400,1219.0,1219.0,1217.55,1218.25,1616
1641371700,1217.95,1219.7,1217.55,1218.9,4246
1641372000,1218.9,1219.0,1217.6,1217.85,2223
1641372300,1217.85,1218.35,1217.35,1218.1,1996
1641372600,1218.1,1218.1,1216.05,1216.15,3462
1641372900,1216.4,1216.4,1214.3,1214.5,10355
1641373200,1214.5,1216.35,1214.05,1215.85,8200
1641373500,1216.4,1219.05,1215.85,1218.45,3236
1641373800,1218.95,1218.95,1216.75,1216.9,3147
1641374100,1217.35,1218.3,1216.3,1217.6,2599
1641374400,1217.25,1218.0,1215.55,1215.95,3785
1641374700,1215.55,1216.3,1214.5,1216.3,2504
1641375000,1216.2,1217.7,1215.5,1217.3,12077
1641375300,1217.6,1220.25,1217.25,1219.85,11506
1641375600,1219.85,1221.8,1219.85,1221.7,5993
1641375900,1221.7,1221.8,1220.6,1221.3,10035
1641376200,1221.45,1222.0,1220.25,1221.95,12955
1641376500,1221.95,1221.95,1217.0,1220.45,16807
1641440700,1208.8,1221.15,1208.8,1212.0,23615
1641441000,1211.1,1217.15,1210.7,1214.4,8586
1641441300,1214.4,1215.1,1208.95,1209.35,9116
1641441600,1209.5,1211.55,1208.05,1210.2,11127
1641441900,1210.2,1213.1,1208.9,1212.7,9446
1641442200,1212.75,1213.45,1210.85,1212.55,5857
1641442500,1211.7,1217.0,1210.95,1215.9,8782
1641442800,1216.0,1226.2,1214.15,1224.0,62618
1641443100,1224.05,1228.45,1224.0,1224.6,49393
1641443400,1224.6,1227.65,1224.0,1225.6,27376
1641443700,1225.6,1225.7,1223.0,1223.35,29177
1641444000,1223.35,1224.55,1223.05,1224.0,19548
1641444300,1224.0,1224.5,1223.1,1224.35,10102
1641444600,1224.35,1224.6,1223.1,1224.3,9003
1641444900,1223.8,1224.4,1223.05,1223.05,8546
1641445200,1223.4,1224.35,1222.55,1224.35,26639
1641445500,1224.35,1224.4,1222.15,1222.15,14799
1641445800,1222.15,1222.8,1219.0,1220.05,33235
1641446100,1220.55,1221.0,1219.0,1219.05,16304
1641446400,1219.35,1220.2,1219.0,1219.5,75518
1641446700,1219.5,1224.4,1213.4,1214.8,332448
1641447000,1215.0,1215.2,1211.25,1214.45,17366
1641447300,1214.45,1214.45,1209.55,1210.0,20039
1641447600,1209.55,1210.0,1208.0,1209.65,19280
1641447900,1209.35,1209.8,1206.9,1209.2,20092
1641448200,1208.75,1210.1,1206.8,1208.15,21064
1641448500,1208.05,1209.4,1206.65,1209.0,17523
1641448800,1209.1,1209.2,1206.7,1208.7,15223
1641449100,1209.15,1210.0,1208.4,1208.55,11207
1641449400,1209.15,1210.1,1208.05,1209.85,13937
1641449700,1209.85,1210.25,1207.8,1209.9,24774
1641450000,1209.35,1210.2,1208.35,1210.0,6179
1641450300,1209.95,1210.0,1208.25,1209.5,6909
1641450600,1209.45,1210.0,1208.5,1209.0,7824
1641450900,1208.55,1208.9,1206.0,1208.0,9942
1641451200,1207.75,1208.2,1207.0,1207.85,9768
1641451500,1207.0,1208.0,1206.0,1207.45,7893
1641451800,1206.6,1208.3,1206.05,1208.0,12096
1641452100,1207.45,1208.8,1207.0,1207.5,11384
1641452400,1207.45,1208.0,1206.6,1207.35,6330
1641452700,1207.95,1208.05,1207.05,1207.95,5701
1641453000,1207.95,1208.1,1207.3,1208.0,6562
1641453300,1208.0,1208.05,1207.35,1207.35,6133
1641453600,1208.0,1208.1,1207.3,1207.4,8263
1641453900,1208.0,1208.0,1207.25,1208.0,6195
1641454200,1208.0,1208.05,1207.25,1208.0,6274
1641454500,1208.0,1208.1,1207.0,1207.5,12589
1641454800,1207.95,1208.0,1207.15,1207.25,6712
1641455100,1207.25,1208.3,1207.25,1207.95,6479
1641455400,1207.95,1208.0,1207.0,1207.9,6967
1641455700,1207.95,1207.95,1206.05,1206.3,6945
1641456000,1206.0,1208.0,1206.0,1207.85,7478
1641456300,1207.55,1208.0,1207.0,1207.35,8003
1641456600,1207.0,1208.0,1207.0,1207.0,8178
1641456900,1207.0,1207.55,1206.45,1206.55,7666
1641457200,1207.1,1207.9,1206.55,1207.85,7021
1641457500,1207.85,1207.85,1203.7,1204.0,10022
1641457800,1204.0,1207.0,1203.75,1204.45,14711
1641458100,1204.9,1205.15,1202.55,1205.1,17688
1641458400,1205.1,1205.45,1204.4,1205.3,7226
1641458700,1204.85,1206.55,1204.7,1205.25,8154
1641459000,1205.25,1207.65,1204.4,1206.9,8588
1641459300,1206.9,1207.5,1206.0,1207.4,7383
1641459600,1207.35,1208.0,1206.25,1206.75,9847
1641459900,1206.7,1207.4,1205.2,1206.25,9548
1641460200,1206.25,1207.6,1205.0,1207.2,7499
1641460500,1207.2,1207.9,1206.15,1206.45,7079
1641460800,1206.5,1207.0,1205.7,1206.85,7278
1641461100,1206.8,1207.65,1205.65,1206.0,6141
1641461400,1206.15,1207.8,1205.15,1206.4,17474
1641461700,1206.4,1206.95,1204.75,1206.4,15269
1641462000,1206.4,1206.5,1205.0,1206.0,19543
1641462300,1206.0,1206.15,1205.6,1205.6,12234
1641462600,1205.65,1205.65,1205.0,1205.05,11790
1641462900,1204.95,1205.9,1202.15,1202.6,22171
1641527100,1208.0,1211.25,1206.0,1208.95,31700
1641527400,1209.15,1210.5,1207.3,1209.4,18663
1641527700,1209.4,1212.7,1208.65,1210.6,22647
1641528000,1210.6,1212.4,1210.0,1212.0,7734
1641528300,1211.8,1212.0,1209.55,1210.55,7861
1641528600,1210.55,1211.45,1209.65,1211.15,4493
1641528900,1211.15,1211.7,1209.55,1210.5,6954
1641529200,1211.0,1211.25,1209.05,1210.1,7025
1641529500,1210.1,1210.55,1209.5,1209.55,3507
1641529800,1209.55,1210.7,1209.55,1210.65,1637
1641530100,1210.65,1211.0,1209.0,1210.0,302278
1641530400,1210.0,1210.45,1208.5,1210.0,5323
1641530700,1210.0,1211.0,1209.95,1210.1,5175
1641531000,1210.1,1211.0,1210.05,1211.0,2039
1641531300,1210.5,1211.95,1210.5,1211.3,3100
1641531600,1210.6,1212.05,1210.25,1212.0,2169
1641531900,1211.55,1212.05,1210.75,1211.05,2546
1641532200,1211.05,1211.6,1209.6,1209.8,2100
1641532500,1209.8,1210.85,1209.5,1209.5,2617
1641532800,1209.9,1210.3,1209.0,1209.5,4212
1641533100,1210.0,1211.1,1209.45,1210.0,2422
1641533400,1210.6,1210.6,1209.75,1209.8,3837
1641533700,1209.8,1211.3,1209.2,1210.85,10586
1641534000,1210.85,1213.9,1210.8,1212.85,11327
1641534300,1212.3,1214.0,1211.25,1212.85,7119
1641534600,1212.85,1216.45,1212.2,1215.3,13762
1641534900,1214.85,1215.55,1214.05,1214.6,3024
1641535200,1214.05,1215.9,1214.05,1214.75,3516
1641535500,1214.75,1215.1,1214.15,1214.25,2969
1641535800,1214.25,1214.7,1213.75,1214.5,2489
1641536100,1214.65,1215.15,1214.0,1214.75,2440
1641536400,1214.75,1214.95,1213.75,1214.65,3818
1641536700,1214.35,1214.95,1213.9,1214.95,2442
1641537000,1214.9,1215.0,1213.45,1214.8,3856
1641537300,1214.25,1215.45,1213.95,1214.4,3049
1641537600,1214.1,1215.3,1213.65,1215.15,3003
1641537900,1215.15,1215.2,1214.3,1215.05,5455
1641538200,1215.1,1215.7,1214.4,1215.05,8249
1641538500,1215.0,1215.5,1214.6,1215.3,3594
1641538800,1214.85,1215.3,1214.8,1215.15,2989
1641539100,1215.1,1215.4,1214.6,1215.25,2798
1641539400,1215.25,1215.45,1213.7,1214.0,9538
1641539700,1213.55,1214.45,1212.1,1214.45,9398
1641540000,1214.45,1215.7,1214.1,1214.9,9731
1641540300,1215.2,1215.8,1214.8,1215.45,12747
1641540600,1214.9,1215.5,1214.85,1214.9,15659
1641540900,1215.3,1217.0,1214.45,1215.0,23324
1641541200,1215.0,1215.85,1214.4,1215.3,4659
1641541500,1215.3,1215.6,1214.05,1215.6,6094
1641541800,1215.6,1216.5,1215.05,1216.2,3457
1641542100,1216.35,1217.0,1215.4,1216.85,3790
1641542400,1216.85,1217.25,1216.15,1216.95,3825
1641542700,1216.95,1219.05,1216.95,1218.5,5002
1641543000,1218.5,1219.25,1218.5,1218.75,3301
1641543300,1218.75,1219.2,1218.0,1218.95,3417
1641543600,1218.95,1219.25,1217.3,1217.3,3873
1641543900,1217.4,1219.0,1216.35,1219.0,5020
1641544200,1219.0,1219.15,1217.05,1217.5,6008
1641544500,1217.5,1218.25,1216.9,1218.0,2870
1641544800,1218.5,1218.9,1216.25,1216.25,7341
1641545100,1216.6,1216.75,1214.0,1215.3,12204
1641545400,1215.35,1216.1,1214.95,1215.0,4046
1641545700,1215.0,1215.5,1214.3,1214.8,4051
1641546000,1214.8,1215.5,1214.4,1215.0,3870
1641546300,1215.0,1215.75,1214.75,1215.7,2619
1641546600,1215.8,1216.2,1213.65,1215.0,6274
1641546900,1214.9,1216.0,1213.7,1215.6,11922
1641547200,1215.6,1216.0,1214.25,1215.5,4733
1641547500,1215.5,1215.55,1213.4,1215.3,7863
1641547800,1215.1,1218.1,1214.45,1215.1,19016
1641548100,1215.45,1217.05,1215.45,1216.55,14731
1641548400,1216.85,1218.8,1216.05,1217.25,208431
1641548700,1217.25,1218.0,1216.2,1216.85,19853
1641549000,1217.0,1217.0,1214.55,1215.0,20889
1641549300,1215.2,1219.0,1214.7,1217.35,24247
1641786300,1219.0,1222.55,1213.3,1221.95,12881
1641786600,1221.95,1224.7,1221.15,1224.55,12272
1641786900,1224.55,1228.15,1223.6,1224.6,24702
1641787200,1223.65,1226.45,1223.05,1225.0,10718
1641787500,1225.0,1225.7,1222.0,1222.8,8633
1641787800,1222.8,1225.1,1221.5,1221.6,5988
1641788100,1221.6,1223.8,1220.95,1223.0,8943
1641788400,1223.0,1225.5,1222.7,1225.5,8081
1641788700,1225.35,1231.5,1225.0,1228.95,57008
1641789000,1228.7,1229.5,1227.0,1228.0,25733
1641789300,1228.0,1228.0,1226.0,1226.5,17903
1641789600,1226.5,1227.85,1226.05,1226.05,4787
1641789900,1226.2,1227.5,1223.95,1227.5,9411
1641790200,1227.85,1230.0,1226.25,1229.8,16453
1641790500,1229.8,1232.85,1229.8,1230.6,21921
1641790800,1230.55,1232.5,1230.2,1230.5,11004
1641791100,1230.5,1233.0,1229.05,1232.55,15812
1641791400,1232.9,1233.0,1232.0,1232.7,14546
1641791700,1232.9,1235.3,1232.9,1235.2,19528
1641792000,1235.0,1235.7,1234.45,1235.3,16127
1641792300,1235.25,1238.75,1235.2,1238.05,30849
1641792600,1238.1,1238.25,1236.5,1237.6,12476
1641792900,1237.25,1240.7,1236.6,1238.55,18425
1641793200,1238.55,1239.0,1237.25,1239.0,8673
1641793500,1239.0,1239.7,1237.8,1238.75,6379
1641793800,1238.4,1238.75,1236.0,1236.9,8080
1641794100,1236.9,1238.5,1236.9,1237.0,7415
1641794400,1237.95,1238.75,1236.9,1238.5,3357
1641794700,1238.75,1238.9,1237.0,1238.0,8307
1641795000,1238.0,1239.0,1237.45,1238.95,2889
1641795300,1238.9,1239.8,1237.05,1238.15,7302
1641795600,1238.15,1238.15,1235.3,1237.0,13723
1641795900,1236.25,1236.25,1233.1,1234.5,21729
1641796200,1234.0,1237.8,1233.95,1236.4,9689
1641796500,1236.4,1237.0,1236.0,1237.0,2653
1641796800,1237.0,1237.85,1236.0,1236.25,2918
1641797100,1236.25,1237.0,1235.55,1236.8,5120
1641797400,1236.8,1237.2,1236.15,1236.6,2784
1641797700,1236.95,1237.45,1229.1,1229.9,74975
1641798000,1229.25,1230.7,1229.25,1230.0,69459
1641798300,1229.95,1230.2,1227.6,1229.0,38130
1641798600,1229.25,1232.0,1229.05,1231.0,38766
1641798900,1231.0,1231.55,1230.5,1230.95,22192
1641799200,1230.95,1231.75,1230.6,1231.0,39473
1641799500,1231.0,1231.45,1230.2,1231.0,22579
1641799800,1231.0,1231.7,1229.6,1231.0,21370
1641800100,1230.8,1231.6,1229.65,1230.9,12138
1641800400,1230.9,1231.55,1230.05,1231.0,25104
1641800700,1231.0,1231.55,1230.3,1230.3,58410
1641801000,1230.2,1230.95,1228.15,1230.6,22334
1641801300,1230.6,1231.35,1229.65,1230.6,8294
1641801600,1230.5,1231.45,1230.2,1231.0,9302
1641801900,1231.0,1231.25,1230.3,1230.9,9550
1641802200,1230.9,1231.5,1229.35,1229.95,21669
1641802500,1230.0,1230.0,1229.55,1230.0,17451
1641802800,1230.0,1230.0,1229.95,1230.0,10836
1641803100,1230.0,1230.65,1229.8,1229.95,19078
1641803400,1229.95,1230.0,1229.6,1230.0,23533
1641803700,1230.0,1230.95,1229.5,1230.95,14540
1641804000,1230.95,1231.4,1229.0,1229.3,16175
1641804300,1229.3,1230.0,1229.0,1229.9,14964
1641804600,1229.95,1230.0,1228.55,1229.25,11799
1641804900,1229.45,1230.0,1229.0,1229.9,10344
1641805200,1229.9,1230.0,1228.8,1229.0,11872
1641805500,1229.0,1230.0,1228.6,1229.6,8602
1641805800,1229.9,1230.0,1229.05,1229.55,9795
1641806100,1229.9,1230.0,1229.05,1229.95,13064
1641806400,1229.65,1230.0,1228.05,1228.35,14526
1641806700,1228.35,1229.15,1226.5,1228.85,20839
1641807000,1229.55,1229.7,1227.35,1229.0,21761
1641807300,1229.0,1229.85,1228.5,1229.35,24517
1641807600,1229.35,1229.9,1228.65,1229.85,20222
1641807900,1229.9,1230.0,1228.55,1229.55,34382
1641808200,1229.25,1230.0,1227.95,1228.15,38106
1641808500,1228.05,1233.0,1228.05,1230.8,32837
1641872700,1230.8,1239.95,1229.85,1237.9,37847
1641873000,1237.9,1238.95,1235.8,1236.85,16301
1641873300,1236.85,1237.95,1234.55,1235.85,14910
1641873600,1235.85,1235.95,1233.35,1233.95,15312
1641873900,1233.95,1234.95,1233.0,1233.95,7846
1641874200,1233.95,1233.95,1230.4,1233.6,7819
1641874500,1233.6,1235.6,1232.8,1234.6,6088
1641874800,1234.6,1235.0,1232.1,1233.1,3746
1641875100,1233.2,1233.5,1231.7,1233.0,3318
1641875400,1233.0,1233.0,1231.4,1231.8,1923
1641875700,1231.8,1232.75,1230.5,1231.0,8389
1641876000,1231.0,1233.0,1230.6,1232.2,6317
1641876300,1232.2,1232.2,1230.45,1231.2,6124
1641876600,1230.8,1233.7,1230.8,1233.5,3945
1641876900,1233.45,1235.0,1232.7,1233.75,2877
1641877200,1233.75,1235.0,1233.0,1234.6,2905
1641877500,1234.6,1237.0,1233.9,1236.1,6904
1641877800,1236.3,1236.3,1234.75,1235.9,3900
1641878100,1236.0,1236.0,1234.6,1235.2,3156
1641878400,1235.2,1235.2,1233.4,1233.85,3542
1641878700,1233.85,1233.95,1232.75,1233.95,3162
1641879000,1233.95,1235.35,1232.7,1235.0,3830
1641879300,1235.0,1235.25,1234.35,1234.9,2400
1641879600,1234.9,1235.9,1234.9,1235.5,2958
1641879900,1235.5,1236.0,1235.1,1235.8,2264
1641880200,1235.8,1235.95,1234.45,1234.8,2154
1641880500,1234.85,1235.8,1234.45,1235.75,1741
1641880800,1235.8,1236.9,1235.3,1236.9,4152
1641881100,1236.9,1236.9,1236.0,1236.9,1985
1641881400,1236.9,1236.9,1233.85,1234.2,6588
1641881700,1234.2,1235.75,1231.75,1234.45,21370
1641882000,1235.55,1235.55,1229.65,1229.8,14928
1641882300,1229.8,1230.0,1228.6,1229.1,4365
1641882600,1229.1,1229.8,1228.55,1229.15,4413
1641882900,1229.15,1231.85,1228.9,1229.15,28834
1641883200,1229.15,1230.0,1228.85,1229.4,4823
1641883500,1229.4,1229.9,1228.5,1228.6,3826
1641883800,1228.95,1229.7,1228.25,1228.95,4746
1641884100,1228.95,1229.0,1226.25,1227.5,13504
1641884400,1227.5,1228.2,1227.2,1227.8,2524
1641884700,1227.8,1228.2,1227.25,1227.6,3775
1641885000,1227.75,1228.0,1227.3,1227.95,1403
1641885300,1227.95,1228.75,1227.65,1228.65,2038
1641885600,1228.05,1239.3,1225.05,1233.8,226605
1641885900,1233.45,1234.0,1230.3,1231.5,76218
1641886200,1231.05,1233.8,1229.85,1233.65,18048
1641886500,1233.65,1234.15,1230.25,1231.65,23856
1641886800,1231.65,1233.3,1229.95,1233.0,22718
1641887100,1233.0,1233.0,1227.0,1229.95,13784
1641887400,1229.75,1231.85,1229.05,1231.25,21711
1641887700,1231.0,1233.55,1229.8,1233.55,16638
1641888000,1233.55,1234.35,1232.65,1233.85,10207
1641888300,1233.95,1233.95,1231.65,1233.2,10277
1641888600,1233.2,1233.75,1232.55,1233.0,3965
1641888900,1233.0,1234.05,1230.0,1230.05,15127
1641889200,1230.05,1232.15,1227.3,1228.2,15116
1641889500,1228.2,1230.35,1227.2,1227.5,12814
1641889800,1227.15,1228.25,1225.45,1225.45,16605
1641890100,1225.45,1226.8,1224.1,1225.0,13778
1641890400,1225.15,1233.2,1225.15,1233.1,6030
1641890700,1233.1,1233.95,1232.6,1233.85,3761
1641891000,1233.85,1234.0,1232.7,1233.55,4561
1641891300,1233.6,1233.9,1232.1,1232.85,5284
1641891600,1232.85,1233.95,1231.7,1232.5,5250
1641891900,1232.5,1233.5,1232.0,1232.8,4062
1641892200,1232.15,1233.95,1231.4,1233.95,5144
1641892500,1233.95,1233.95,1232.55,1233.9,4688
1641892800,1233.95,1234.25,1233.6,1234.0,6608
1641893100,1234.0,1234.0,1233.0,1233.9,3429
1641893400,1232.7,1233.9,1232.55,1233.9,16269
1641893700,1233.85,1233.9,1233.15,1233.7,15746
1641894000,1233.7,1233.8,1232.05,1233.8,11423
1641894300,1233.75,1234.15,1232.85,1232.85,23112
1641894600,1232.65,1233.95,1232.65,1233.1,21235
1641894900,1233.1,1233.8,1229.9,1232.0,26039
1641959100,1240.0,1241.1,1235.2,1238.8,27443
1641959400,1238.2,1241.4,1237.05,1241.3,9232
1641959700,1241.8,1243.15,1240.45,1242.05,19751
1641960000,1242.05,1244.05,1240.75,1241.65,17302
1641960300,1241.65,1242.7,1240.0,1240.65,11937
1641960600,1240.65,1245.0,1240.15,1244.8,23258
1641960900,1244.8,1245.5,1242.5,1243.3,15559
1641961200,1243.3,1243.5,1241.55,1241.85,4128
1641961500,1241.85,1242.7,1241.2,1241.45,2496
1641961800,1241.4,1242.7,1239.9,1239.9,3220
1641962100,1239.9,1241.2,1238.1,1238.5,10285
1641962400,1238.25,1239.15,1237.05,1237.05,2797
1641962700,1236.8,1237.5,1234.1,1235.5,10210
1641963000,1235.5,1236.05,1231.15,1233.95,10463
1641963300,1234.5,1236.1,1233.95,1236.1,5471
1641963600,1236.55,1237.6,1235.05,1235.6,5332
1641963900,1235.6,1236.45,1235.0,1235.7,3956
1641964200,1235.7,1238.7,1235.7,1237.85,11026
1641964500,1237.85,1238.25,1236.0,1237.0,4060
1641964800,1236.25,1237.55,1236.1,1237.4,2827
1641965100,1237.35,1237.95,1236.95,1237.8,6880
1641965400,1237.8,1237.95,1234.55,1235.55,10546
1641965700,1235.65,1236.55,1235.0,1235.05,4019
1641966000,1235.25,1235.9,1234.55,1234.95,2793
1641966300,1235.15,1236.85,1234.9,1236.5,4770
1641966600,1235.95,1237.5,1235.45,1236.0,5909
1641966900,1235.95,1237.9,1234.9,1237.45,7175
1641967200,1237.9,1238.7,1237.0,1237.0,13722
1641967500,1236.85,1237.95,1236.65,1237.45,2698
1641967800,1237.5,1237.95,1237.3,1237.9,4222
1641968100,1237.85,1240.0,1237.85,1239.3,4230
1641968400,1239.85,1240.0,1238.85,1239.75,5616
1641968700,1239.1,1239.75,1236.55,1237.1,7999
1641969000,1237.05,1238.25,1235.55,1238.05,2632
1641969300,1238.05,1239.65,1237.75,1239.3,4630
1641969600,1239.3,1241.35,1239.2,1239.8,12228
1641969900,1239.75,1241.05,1239.05,1240.85,4368
1641970200,1240.85,1242.85,1240.45,1242.2,13631
1641970500,1242.6,1242.6,1241.8,1242.4,8855
1641970800,1242.15,1242.6,1241.2,1241.9,2224
1641971100,1241.9,1242.45,1240.2,1241.4,3371
1641971400,1241.65,1243.75,1241.4,1243.35,4617
1641971700,1243.75,1247.5,1243.35,1247.05,36517
1641972000,1246.85,1246.85,1243.6,1244.9,17087
1641972300,1244.9,1245.6,1243.9,1243.9,7793
1641972600,1244.35,1245.45,1243.65,1244.75,5221
1641972900,1245.1,1246.6,1244.7,1246.6,10648
1641973200,1246.15,1246.95,1245.95,1246.1,12744
1641973500,1246.1,1246.75,1244.6,1245.75,7022
1641973800,1245.75,1246.0,1244.5,1245.7,5337
1641974100,1245.7,1247.55,1245.5,1247.45,8308
1641974400,1247.45,1249.0,1246.9,1247.35,34001
1641974700,1247.35,1248.0,1246.4,1247.5,13878
1641975000,1247.5,1248.0,1245.6,1245.6,8633
1641975300,1245.55,1247.9,1245.55,1246.25,8028
1641975600,1246.85,1246.95,1245.2,1246.0,9036
1641975900,1246.65,1246.65,1244.0,1245.3,18554
1641976200,1246.0,1246.0,1244.2,1244.55,7422
1641976500,1244.5,1245.0,1243.55,1244.6,8985
1641976800,1244.6,1245.0,1243.9,1244.25,9335
1641977100,1244.25,1244.6,1243.75,1244.15,4153
1641977400,1244.15,1247.6,1244.15,1247.4,48236
1641977700,1247.35,1250.0,1246.45,1247.55,79896
1641978000,1247.1,1250.0,1247.1,1248.8,31018
1641978300,1248.5,1254.7,1247.05,1250.15,216270
1641978600,1250.15,1251.05,1248.2,1249.95,30145
1641978900,1250.7,1250.7,1243.5,1245.45,35180
1641979200,1245.35,1246.2,1244.0,1244.15,27171
1641979500,1244.15,1246.5,1243.6,1244.0,27831
1641979800,1244.05,1247.9,1242.9,1247.0,50947
1641980100,1247.45,1251.05,1246.35,1247.6,36979
1641980400,1247.65,1255.4,1247.55,1252.1,130208
1641980700,1252.35,1252.35,1245.7,1248.55,26469
1641981000,1248.55,1249.85,1247.05,1248.75,29390
1641981300,1248.7,1250.75,1245.5,1247.35,29734
1642045500,1255.0,1255.0,1246.0,1253.35,30755
1642045800,1252.45,1256.15,1251.6,1255.55,31375
1642046100,1255.55,1257.3,1254.55,1254.95,12386
1642046400,1254.95,1254.95,1252.25,1252.55,7730
1642046700,1252.5,1254.95,1250.9,1254.5,7105
1642047000,1254.5,1256.0,1253.05,1253.05,5380
1642047300,1253.05,1255.2,1252.15,1254.55,8759
1642047600,1255.45,1255.5,1253.0,1253.35,7315
1642047900,1253.35,1255.4,1253.35,1254.55,7502
1642048200,1256.75,1256.75,1252.05,1253.0,9501
1642048500,1253.0,1253.8,1251.75,1251.75,6337
1642048800,1251.75,1254.95,1251.7,1254.95,10427
1642049100,1254.25,1255.45,1252.0,1253.6,13099
1642049400,1254.0,1257.0,1252.95,1256.5,21737
1642049700,1256.5,1258.1,1255.4,1256.45,15406
1642050000,1256.45,1258.65,1256.15,1257.75,7788
1642050300,1257.45,1257.9,1255.3,1255.3,2907
1642050600,1255.45,1255.45,1252.75,1252.9,7634
1642050900,1252.95,1254.5,1252.8,1253.05,7707
1642051200,1253.45,1258.8,1253.0,1256.35,22710
1642051500,1256.35,1257.65,1255.9,1257.05,7200
1642051800,1257.05,1258.9,1257.0,1258.2,5193
1642052100,1258.2,1258.5,1257.15,1257.5,2543
1642052400,1257.15,1257.9,1257.0,1257.35,2157
1642052700,1257.35,1257.7,1256.45,1256.8,2977
1642053000,1257.5,1257.7,1256.25,1257.45,4624
1642053300,1257.45,1257.6,1256.75,1257.5,1637
1642053600,1257.5,1257.65,1256.35,1257.2,5960
1642053900,1257.55,1257.8,1256.65,1257.8,2017
1642054200,1257.8,1258.0,1257.15,1257.9,1355
1642054500,1257.9,1258.05,1257.1,1258.05,1786
1642054800,1258.15,1258.15,1256.1,1257.0,2830
1642055100,1257.0,1257.5,1255.4,1257.25,3566
1642055400,1257.0,1257.3,1255.4,1256.9,2276
1642055700,1256.9,1257.4,1255.4,1256.0,5260
1642056000,1255.7,1256.75,1255.4,1256.2,1577
1642056300,1256.2,1256.35,1255.4,1255.9,3013
1642056600,1255.8,1256.45,1255.4,1256.2,2018
1642056900,1256.2,1256.3,1255.45,1256.1,1695
1642057200,1255.75,1256.2,1255.4,1256.05,4262
1642057500,1256.05,1256.25,1255.4,1255.95,8329
1642057800,1255.95,1256.5,1255.4,1256.0,4619
1642058100,1255.65,1256.45,1255.4,1255.75,3206
1642058400,1255.6,1256.1,1254.0,1254.7,7772
1642058700,1254.65,1255.4,1253.05,1254.85,4236
1642059000,1255.0,1255.35,1254.25,1255.0,2678
1642059300,1254.9,1255.1,1252.2,1252.8,3912
1642059600,1252.3,1252.95,1252.25,1252.65,3118
1642059900,1253.2,1253.2,1250.0,1251.55,7905
1642060200,1251.55,1251.65,1249.05,1250.4,4813
1642060500,1250.6,1250.7,1248.5,1249.25,6081
1642060800,1249.25,1251.55,1249.25,1250.05,5551
1642061100,1250.1,1252.55,1249.9,1251.7,4879
1642061400,1251.9,1252.0,1251.35,1251.95,2241
1642061700,1253.2,1254.0,1251.85,1253.4,7787
1642062000,1253.35,1253.75,1251.25,1251.95,6293
1642062300,1251.6,1252.2,1250.65,1251.0,30594
1642062600,1250.8,1251.35,1249.35,1250.5,9252
1642062900,1250.2,1251.4,1249.75,1250.7,6416
1642063200,1251.05,1251.5,1250.0,1250.0,23690
1642063500,1250.0,1251.45,1250.0,1250.4,18240
1642063800,1250.4,1251.55,1249.9,1250.35,12236
1642064100,1250.3,1251.35,1250.1,1250.85,14076
1642064400,1250.75,1251.9,1250.45,1251.35,23709
1642064700,1251.1,1258.3,1250.8,1255.5,260723
1642065000,1255.65,1257.25,1255.4,1256.25,7229
1642065300,1256.25,1256.65,1255.45,1256.0,3173
1642065600,1256.0,1256.95,1255.8,1256.95,2906
1642065900,1256.5,1258.0,1256.5,1256.6,3682
1642066200,1257.0,1260.0,1257.0,1258.0,23136
1642066500,1258.2,1259.8,1255.85,1257.45,22963
1642066800,1257.45,1259.5,1256.6,1259.1,18518
1642067100,1259.05,1259.1,1256.7,1256.75,17233
1642067400,1256.95,1260.0,1256.85,1259.9,22270
1642067700,1259.9,1261.0,1258.45,1260.0,21140
1642131900,1259.0,1260.0,1254.5,1256.25,16659
1642132200,1256.25,1261.5,1255.0,1260.1,17334
1642132500,1261.0,1264.75,1260.55,1263.0,10357
1642132800,1263.0,1264.0,1262.05,1263.0,9472
1642133100,1262.95,1264.1,1262.05,1262.4,8290
1642133400,1262.9,1266.7,1262.4,1266.15,6807
1642133700,1266.35,1266.4,1263.0,1265.15,9083
1642134000,1264.9,1265.9,1263.15,1265.0,9893
1642134300,1265.05,1266.0,1262.4,1265.6,12313
1642134600,1265.6,1265.8,1263.35,1263.5,7078
1642134900,1264.0,1266.0,1263.7,1264.8,5780
1642135200,1264.05,1266.4,1264.0,1264.35,6894
1642135500,1264.55,1267.95,1262.25,1266.85,14362
1642135800,1267.5,1267.9,1264.7,1266.25,5871
1642136100,1266.25,1267.0,1264.9,1267.0,3667
1642136400,1267.85,1269.9,1264.45,1264.45,17301
1642136700,1264.35,1264.75,1262.0,1262.6,11619
1642137000,1262.75,1263.5,1261.25,1261.25,4726
1642137300,1261.25,1266.5,1260.5,1266.5,4288
1642137600,1266.5,1269.95,1266.35,1268.7,10955
1642137900,1268.7,1270.5,1267.25,1270.0,43305
1642138200,1269.8,1271.0,1268.0,1269.2,28533
1642138500,1269.2,1269.2,1268.0,1268.85,3617
1642138800,1268.85,1268.95,1266.0,1267.95,6092
1642139100,1267.95,1267.95,1264.4,1264.85,8292
1642139400,1264.85,1266.3,1264.4,1265.65,4994
1642139700,1265.65,1267.25,1265.35,1266.2,2587
1642140000,1265.4,1266.25,1264.0,1265.5,3728
1642140300,1265.3,1265.5,1264.15,1265.5,3769
1642140600,1265.5,1266.9,1264.95,1266.9,2501
1642140900,1266.95,1267.2,1265.0,1266.3,3704
1642141200,1266.3,1267.4,1265.8,1266.95,2406
1642141500,1266.95,1267.9,1266.25,1267.15,2442
1642141800,1267.85,1267.9,1266.6,1267.0,2317
1642142100,1267.0,1268.55,1266.75,1268.05,2531
1642142400,1268.55,1269.5,1267.45,1268.15,5597
1642142700,1268.15,1268.95,1265.75,1265.75,3027
1642143000,1265.75,1268.0,1262.1,1267.85,18373
1642143300,1267.85,1268.4,1266.85,1267.95,3165
1642143600,1267.95,1268.4,1267.1,1267.8,2217
1642143900,1267.8,1268.05,1266.05,1267.9,3432
1642144200,1267.9,1268.2,1267.0,1267.7,2614
1642144500,1267.8,1268.15,1267.0,1268.0,3211
1642144800,1268.0,1268.0,1267.0,1268.0,2511
1642145100,1268.0,1270.55,1266.3,1270.4,23857
1642145400,1270.4,1272.25,1264.0,1264.6,44726
1642145700,1265.7,1266.55,1264.55,1266.55,2643
1642146000,1266.55,1267.0,1263.8,1266.4,9286
1642146300,1266.9,1270.05,1265.6,1269.45,6175
1642146600,1269.45,1271.75,1268.9,1271.55,10227
1642146900,1271.55,1272.25,1269.55,1270.6,10845
1642147200,1270.0,1270.75,1269.2,1270.05,4323
1642147500,1270.05,1270.4,1266.7,1269.3,5115
1642147800,1268.3,1269.65,1267.25,1268.15,3107
1642148100,1268.15,1269.0,1267.65,1268.8,2734
1642148400,1268.8,1269.0,1267.1,1268.0,3007
1642148700,1268.0,1268.45,1266.9,1268.0,2038
1642149000,1267.9,1268.0,1265.15,1265.75,3666
1642149300,1265.0,1265.75,1258.55,1260.25,23206
1642149600,1260.25,1261.7,1258.0,1261.0,19933
1642149900,1261.0,1262.5,1258.1,1258.1,19465
1642150200,1258.0,1262.85,1258.0,1260.95,17847
1642150500,1260.85,1262.4,1260.1,1260.5,11701
1642150800,1260.5,1264.1,1260.5,1263.25,8893
1642151100,1264.0,1265.0,1263.2,1263.75,11140
1642151400,1264.5,1265.65,1263.75,1263.8,12789
1642151700,1263.85,1264.65,1262.1,1263.1,9926
1642152000,1263.95,1264.9,1262.5,1262.8,32036
1642152300,1262.8,1267.95,1262.55,1266.7,39639
1642152600,1266.95,1268.55,1266.4,1267.35,26276
1642152900,1267.9,1268.2,1265.3,1265.85,27961
1642153200,1266.35,1266.95,1265.05,1265.35,17624
1642153500,1266.0,1266.2,1262.85,1262.85,17473
1642153800,1263.35,1263.55,1260.8,1260.95,50661
1642154100,1260.7,1262.75,1260.3,1260.9,57823
1642391100,1256.3,1277.2,1256.3,1275.25,47568
1642391400,1276.0,1277.0,1273.05,1273.55,27982
1642391700,1273.55,1274.4,1270.15,1271.4,22210
1642392000,1271.0,1271.85,1262.85,1263.0,31050
1642392300,1262.7,1266.95,1261.85,1263.9,19942
1642392600,1263.9,1266.55,1263.15,1264.35,13638
1642392900,1264.35,1264.6,1262.8,1263.25,12901
1642393200,1263.25,1264.8,1263.0,1264.0,7678
1642393500,1264.6,1265.95,1264.0,1265.0,7540
1642393800,1265.5,1268.85,1265.0,1267.45,12339
1642394100,1268.0,1268.85,1266.0,1267.95,7069
1642394400,1267.8,1267.9,1266.3,1267.0,6657
1642394700,1267.0,1269.05,1266.35,1267.3,8360
1642395000,1267.5,1268.3,1266.05,1266.3,6067
1642395300,1266.9,1267.35,1266.0,1267.2,5936
1642395600,1267.2,1267.95,1266.15,1267.6,4802
1642395900,1267.6,1268.15,1266.2,1267.0,6772
1642396200,1267.05,1270.45,1265.65,1269.4,12713
1642396500,1269.3,1271.0,1269.3,1270.0,7455
1642396800,1270.0,1271.0,1270.0,1270.0,6703
1642397100,1270.0,1271.2,1270.0,1270.0,5483
1642397400,1270.0,1270.95,1270.0,1270.0,7588
1642397700,1270.0,1270.6,1270.0,1270.55,4299
1642398000,1270.55,1271.35,1270.0,1270.25,5833
1642398300,1270.2,1272.0,1270.0,1270.05,4156
1642398600,1270.75,1270.95,1269.5,1269.55,5202
1642398900,1270.25,1271.85,1269.55,1271.2,4313
1642399200,1271.2,1271.85,1269.3,1270.35,16527
1642399500,1270.4,1273.35,1270.0,1272.55,10558
1642399800,1273.15,1273.15,1271.1,1271.1,8240
1642400100,1271.65,1273.1,1266.55,1273.1,32912
1642400400,1272.5,1275.0,1272.5,1274.55,14539
1642400700,1274.6,1275.85,1274.2,1275.15,10735
1642401000,1275.15,1276.0,1274.45,1275.95,9133
1642401300,1275.95,1278.05,1275.4,1278.05,20160
1642401600,1278.05,1282.5,1278.0,1279.0,73141
1642401900,1278.45,1284.0,1277.35,1282.55,66948
1642402200,1282.55,1286.1,1282.1,1285.3,48198
1642402500,1284.9,1286.6,1283.55,1285.85,21288
1642402800,1286.55,1288.0,1285.2,1286.05,35765
1642403100,1286.05,1289.0,1285.35,1288.15,17125
1642403400,1288.15,1291.8,1288.15,1291.5,34018
1642403700,1291.3,1293.25,1287.3,1289.3,53024
1642404000,1289.3,1291.8,1288.7,1291.25,28871
1642404300,1291.25,1293.0,1290.15,1290.95,30732
1642404600,1290.95,1292.8,1290.55,1292.0,30508
1642404900,1292.0,1292.8,1291.15,1291.75,26437
1642405200,1291.75,1291.85,1287.85,1288.55,25063
1642405500,1288.55,1290.0,1288.0,1289.95,17850
1642405800,1289.95,1291.0,1289.3,1289.95,17219
1642406100,1289.85,1290.0,1289.85,1290.0,13679
1642406400,1290.0,1290.3,1289.65,1289.95,16110
1642406700,1289.95,1290.0,1288.7,1289.55,13423
1642407000,1288.9,1291.0,1288.8,1290.7,26215
1642407300,1290.7,1290.7,1288.5,1289.35,14631
1642407600,1289.35,1289.95,1288.8,1289.15,12714
1642407900,1289.5,1290.0,1288.85,1289.65,21749
1642408200,1289.8,1291.0,1289.65,1290.95,21925
1642408500,1290.9,1291.95,1289.45,1290.7,24604
1642408800,1290.65,1292.55,1290.65,1292.1,18435
1642409100,1291.8,1292.5,1287.45,1288.45,14679
1642409400,1288.85,1288.9,1285.7,1287.35,20175
1642409700,1287.3,1288.2,1286.05,1287.0,13124
1642410000,1287.0,1288.4,1286.55,1288.0,9538
1642410300,1287.85,1290.55,1287.65,1290.5,16226
1642410600,1290.5,1291.7,1288.55,1289.25,16593
1642410900,1289.75,1291.5,1289.25,1290.8,12615
1642411200,1290.8,1291.7,1289.3,1290.9,15250
1642411500,1290.85,1291.35,1289.95,1291.15,14031
1642411800,1291.15,1292.0,1288.75,1290.0,18910
1642412100,1290.0,1291.4,1288.65,1291.15,16905
1642412400,1291.1,1291.35,1289.3,1289.9,23646
1642412700,1289.85,1290.15,1287.1,1287.4,29479
1642413000,1287.4,1287.55,1282.4,1285.1,35368
1642413300,1285.1,1290.0,1280.05,1288.4,24241
1642477500,1287.95,1293.0,1287.25,1291.9,35378
1642477800,1291.95,1291.95,1283.3,1284.0,19436
1642478100,1283.5,1286.0,1283.5,1285.0,12038
1642478400,1285.0,1285.45,1282.6,1284.45,9268
1642478700,1283.65,1283.85,1280.0,1280.0,7036
1642479000,1279.65,1280.6,1278.0,1278.2,12751
1642479300,1278.7,1279.95,1276.25,1279.05,9900
1642479600,1279.05,1280.95,1278.1,1279.1,25029
1642479900,1279.1,1279.9,1277.0,1277.0,3865
1642480200,1277.0,1277.95,1275.35,1275.85,8183
1642480500,1275.2,1275.95,1273.8,1273.95,8679
1642480800,1274.0,1275.2,1273.7,1274.55,27273
1642481100,1274.55,1275.3,1272.15,1272.35,7148
1642481400,1272.35,1273.5,1272.3,1273.35,7939
1642481700,1273.05,1275.65,1273.05,1275.0,16860
1642482000,1275.0,1275.0,1273.7,1275.0,12633
1642482300,1275.0,1275.15,1273.75,1274.0,7293
1642482600,1274.0,1274.8,1273.65,1274.8,2748
1642482900,1274.8,1274.8,1271.0,1271.3,11357
1642483200,1271.6,1272.2,1268.85,1271.55,76861
1642483500,1271.55,1276.55,1271.4,1276.1,11529
1642483800,1276.1,1278.5,1276.1,1278.05,8902
1642484100,1278.05,1281.85,1278.05,1280.0,10078
1642484400,1280.0,1280.5,1278.6,1280.0,7289
1642484700,1280.0,1280.8,1276.1,1276.1,9031
1642485000,1276.1,1276.75,1274.7,1275.0,14446
1642485300,1275.0,1275.5,1274.3,1274.6,7163
1642485600,1274.6,1275.1,1274.0,1274.9,8222
1642485900,1274.9,1275.0,1274.0,1274.5,16034
1642486200,1274.5,1275.55,1273.0,1273.75,17474
1642486500,1273.75,1273.95,1271.35,1271.5,8299
1642486800,1271.45,1272.5,1269.55,1271.65,10490
1642487100,1271.05,1273.75,1270.95,1272.85,10244
1642487400,1272.25,1273.45,1271.1,1271.1,4315
1642487700,1271.1,1273.1,1270.9,1273.0,3664
1642488000,1272.45,1273.15,1272.2,1272.4,2646
1642488300,1272.95,1273.0,1271.65,1272.65,3182
1642488600,1272.6,1273.0,1272.0,1272.9,2331
1642488900,1272.9,1273.9,1272.4,1273.0,6391
1642489200,1272.5,1273.0,1270.0,1270.05,4958
1642489500,1270.05,1271.1,1269.6,1269.65,14269
1642489800,1269.65,1270.95,1269.65,1270.05,7285
1642490100,1270.35,1271.55,1270.05,1271.25,7079
1642490400,1271.25,1272.8,1271.15,1272.5,5083
1642490700,1272.55,1272.6,1271.05,1271.7,10816
1642491000,1271.25,1272.05,1269.8,1270.8,5855
1642491300,1270.8,1272.5,1270.1,1271.25,6938
1642491600,1271.25,1273.3,1271.25,1273.0,6445
1642491900,1273.0,1276.0,1272.75,1272.8,9182
1642492200,1273.35,1273.85,1272.8,1273.0,1427
1642492500,1273.0,1274.9,1272.6,1273.95,4920
1642492800,1274.45,1275.0,1272.8,1274.6,17626
1642493100,1274.6,1275.75,1274.6,1275.0,2902
1642493400,1275.0,1275.6,1274.2,1274.7,3445
1642493700,1274.7,1277.0,1272.45,1273.2,29793
1642494000,1273.2,1275.0,1272.8,1273.95,7274
1642494300,1273.95,1274.75,1273.7,1274.05,4389
1642494600,1274.65,1274.9,1273.75,1273.9,3113
1642494900,1274.55,1275.0,1273.85,1274.4,5930
1642495200,1274.4,1275.0,1274.15,1274.45,11581
1642495500,1275.0,1275.0,1274.1,1274.3,3008
1642495800,1274.3,1274.65,1272.95,1273.95,2607
1642496100,1273.5,1274.6,1272.4,1273.3,3207
1642496400,1273.95,1274.3,1271.5,1272.9,21341
1642496700,1272.9,1273.4,1270.45,1270.45,6074
1642497000,1270.45,1272.6,1269.0,1272.05,16474
1642497300,1271.85,1272.5,1267.4,1268.25,13166
1642497600,1268.7,1269.6,1265.15,1267.95,11089
1642497900,1267.95,1268.3,1265.65,1266.0,4689
1642498200,1265.95,1267.35,1263.6,1265.05,30963
1642498500,1265.85,1268.0,1264.1,1266.4,17634
1642498800,1266.85,1266.9,1263.1,1266.15,20304
1642499100,1266.7,1266.8,1264.0,1265.15,19054
1642499400,1265.15,1268.05,1264.65,1267.9,21815
1642499700,1267.9,1268.35,1265.9,1267.9,23265
1642563900,1263.0,1272.1,1258.3,1261.4,54179
1642564200,1261.4,1262.15,1256.15,1258.75,23560
1642564500,1258.3,1263.0,1256.8,1258.55,15851
1642564800,1258.55,1260.25,1253.25,1255.75,18255
1642565100,1255.2,1257.6,1254.3,1255.25,14285
1642565400,1255.25,1256.15,1251.0,1253.3,19146
1642565700,1252.85,1255.9,1246.7,1248.6,17814
1642566000,1248.15,1254.85,1248.1,1254.0,10882
1642566300,1254.0,1254.35,1249.6,1250.75,7728
1642566600,1250.1,1251.05,1248.9,1249.45,7200
1642566900,1249.45,1250.0,1247.95,1249.95,2985
1642567200,1249.95,1251.6,1248.9,1249.45,5663
1642567500,1249.45,1251.85,1249.45,1251.2,5546
1642567800,1250.9,1253.0,1250.0,1250.45,30065
1642568100,1250.1,1250.95,1249.0,1250.0,10546
1642568400,1250.0,1251.95,1249.45,1251.35,3206
1642568700,1251.35,1251.85,1250.0,1250.5,4221
1642569000,1250.5,1252.55,1250.5,1251.1,5773
1642569300,1250.9,1252.3,1250.5,1250.5,4019
1642569600,1250.5,1252.05,1249.5,1249.55,11182
1642569900,1250.1,1250.1,1248.3,1249.0,4405
1642570200,1249.0,1250.0,1248.5,1249.95,5525
1642570500,1249.95,1250.1,1249.15,1249.9,2837
1642570800,1249.9,1251.25,1248.55,1249.55,3491
1642571100,1249.55,1250.0,1249.05,1249.2,1714
1642571400,1249.2,1250.0,1246.9,1246.9,12124
1642571700,1246.9,1249.15,1245.05,1248.6,8069
1642572000,1248.6,1249.5,1247.35,1249.3,2115
1642572300,1249.3,1250.4,1248.6,1249.8,6414
1642572600,1249.55,1250.5,1249.4,1250.0,4521
1642572900,1250.0,1250.95,1248.65,1249.1,3209
1642573200,1249.4,1250.0,1248.65,1249.1,2346
1642573500,1249.15,1250.0,1249.1,1249.3,2430
1642573800,1249.3,1250.0,1248.75,1249.15,1729
1642574100,1249.15,1250.0,1248.7,1248.95,1609
1642574400,1248.95,1249.85,1248.7,1249.7,1414
1642574700,1249.25,1251.6,1249.0,1251.05,3474
1642575000,1250.9,1251.9,1250.55,1251.75,3011
1642575300,1251.7,1251.8,1249.0,1250.0,3279
1642575600,1249.9,1249.95,1247.4,1248.75,3742
1642575900,1248.75,1248.75,1245.6,1248.3,7039
1642576200,1248.3,1249.05,1246.9,1247.65,6299
1642576500,1248.0,1249.15,1246.95,1247.2,6927
1642576800,1247.2,1249.6,1247.2,1249.2,3376
1642577100,1249.2,1249.95,1246.2,1247.0,8712
1642577400,1247.0,1248.0,1246.15,1247.05,20136
1642577700,1247.05,1249.7,1244.6,1248.95,13850
1642578000,1248.95,1250.0,1248.5,1249.05,8529
1642578300,1249.05,1250.0,1248.05,1249.15,3066
1642578600,1249.15,1249.8,1246.45,1247.4,2658
1642578900,1247.4,1248.1,1246.45,1246.8,3806
1642579200,1246.8,1248.95,1246.0,1246.05,3579
1642579500,1246.2,1247.2,1245.0,1245.75,5021
1642579800,1245.75,1246.8,1245.0,1246.5,3420
1642580100,1246.55,1247.0,1245.2,1246.75,2547
1642580400,1246.75,1247.0,1245.0,1246.9,2213
1642580700,1246.9,1248.0,1245.15,1246.65,3110
1642581000,1246.65,1248.2,1246.2,1247.35,1866
1642581300,1247.15,1249.1,1247.15,1247.5,2504
1642581600,1247.5,1248.15,1245.75,1246.65,3251
1642581900,1246.6,1247.5,1245.2,1247.5,6245
1642582200,1247.25,1248.15,1244.5,1244.5,7174
1642582500,1245.15,1246.75,1244.45,1246.05,3671
1642582800,1246.05,1247.05,1244.05,1246.6,10775
1642583100,1246.45,1246.9,1242.85,1243.75,13661
1642583400,1243.75,1247.0,1242.95,1245.0,12988
1642583700,1244.7,1245.75,1244.15,1244.7,5607
1642584000,1244.95,1244.95,1242.7,1243.2,3573
1642584300,1243.2,1246.15,1243.2,1245.6,2991
1642584600,1245.6,1248.8,1245.6,1247.45,14219
1642584900,1247.45,1249.55,1247.45,1249.5,4411
1642585200,1249.5,1250.0,1249.45,1250.0,9741
1642585500,1249.95,1250.0,1243.9,1245.35,37214
1642585800,1245.4,1249.2,1245.4,1249.0,14101
1642586100,1249.05,1249.6,1240.6,1245.0,16383
1642650300,1248.0,1248.0,1240.4,1242.75,16001
1642650600,1243.1,1243.9,1236.5,1238.9,15724
1642650900,1238.25,1241.6,1236.3,1240.0,17351
1642651200,1239.25,1244.4,1239.15,1243.35,9400
1642651500,1243.35,1247.55,1243.35,1246.5,6581
1642651800,1246.5,1251.9,1245.4,1251.4,8677
1642652100,1251.0,1251.55,1249.3,1250.5,3584
1642652400,1250.5,1250.7,1247.25,1248.2,6386
1642652700,1247.55,1248.95,1246.35,1248.35,3945
1642653000,1248.35,1249.4,1245.25,1246.35,2485
1642653300,1246.35,1247.7,1244.8,1247.7,3932
1642653600,1247.7,1248.65,1246.15,1246.9,2128
1642653900,1246.9,1248.6,1246.1,1248.0,3622
1642654200,1248.0,1249.1,1247.0,1248.0,2776
1642654500,1248.0,1249.9,1247.4,1249.35,2665
1642654800,1249.35,1250.95,1247.9,1248.2,3470
1642655100,1248.2,1251.0,1248.2,1249.55,3746
1642655400,1249.55,1250.4,1248.0,1248.0,3756
1642655700,1248.0,1248.2,1247.1,1247.75,1078
1642656000,1247.75,1251.2,1247.4,1249.9,5788
1642656300,1249.9,1255.65,1246.9,1247.85,27134
1642656600,1247.85,1247.95,1242.75,1247.8,115833
1642656900,1247.8,1248.35,1246.15,1246.95,3495
1642657200,1246.95,1247.1,1246.15,1246.95,1327
1642657500,1246.95,1248.0,1246.4,1246.4,3014
1642657800,1246.4,1247.6,1245.9,1247.0,1188
1642658100,1247.0,1248.2,1246.65,1248.0,2393
1642658400,1248.0,1248.5,1247.2,1248.05,1371
1642658700,1248.05,1249.25,1247.8,1248.0,1720
1642659000,1248.35,1249.0,1247.0,1248.15,1184
1642659300,1248.15,1248.75,1247.75,1248.05,1090
1642659600,1247.75,1249.25,1247.4,1247.8,1646
1642659900,1247.8,1249.45,1246.2,1248.8,2919
1642660200,1248.8,1249.8,1247.3,1247.3,4217
1642660500,1247.3,1247.7,1243.7,1244.75,3444
1642660800,1244.75,1244.75,1241.45,1243.05,2214
1642661100,1243.05,1244.95,1239.0,1239.25,9721
1642661400,1239.25,1241.8,1238.55,1240.75,3055
1642661700,1240.75,1241.95,1239.25,1240.15,3304
1642662000,1240.15,1241.95,1239.05,1241.65,1870
1642662300,1241.65,1242.25,1239.15,1239.95,1296
1642662600,1239.95,1240.0,1239.3,1240.0,791
1642662900,1240.0,1241.05,1239.3,1240.2,4415
1642663200,1239.65,1240.85,1238.5,1238.8,3447
1642663500,1238.5,1240.0,1237.6,1238.85,2404
1642663800,1238.85,1238.85,1235.5,1236.2,4744
1642664100,1236.2,1236.5,1235.8,1236.5,2795
1642664400,1236.5,1236.5,1234.35,1235.8,4122
1642664700,1235.5,1235.55,1232.55,1234.35,2645
1642665000,1234.35,1234.8,1231.0,1231.6,2730
1642665300,1231.6,1232.9,1230.95,1231.85,2431
1642665600,1231.85,1235.6,1231.55,1235.0,4360
1642665900,1235.0,1235.55,1232.1,1233.0,6188
1642666200,1233.0,1234.8,1233.0,1233.0,3965
1642666500,1233.0,1234.45,1232.0,1233.55,5610
1642666800,1233.8,1234.35,1232.45,1233.45,3425
1642667100,1232.6,1234.75,1232.55,1234.05,9441
1642667400,1234.65,1235.1,1232.0,1234.5,14578
1642667700,1234.5,1235.5,1233.4,1233.45,22769
1642668000,1233.45,1235.3,1233.05,1234.0,14703
1642668300,1234.0,1234.5,1233.0,1233.7,3156
1642668600,1233.15,1235.0,1233.0,1234.05,3564
1642668900,1234.05,1235.0,1233.0,1234.35,7064
1642669200,1233.7,1235.0,1233.05,1233.8,17879
1642669500,1233.3,1234.6,1232.55,1234.0,6995
1642669800,1234.0,1235.0,1233.45,1234.9,13206
1642670100,1234.35,1235.5,1233.7,1234.15,17234
1642670400,1234.1,1235.0,1234.0,1234.45,14723
1642670700,1234.45,1237.25,1234.2,1236.3,60785
1642671000,1236.35,1238.0,1234.65,1238.0,41306
1642671300,1238.0,1238.25,1236.45,1236.95,20433
1642671600,1237.0,1243.0,1236.8,1241.35,27063
1642671900,1241.9,1242.5,1239.5,1240.2,16590
1642672200,1240.2,1242.6,1239.4,1242.0,19038
1642672500,1242.0,1242.7,1237.95,1237.95,14084
1642736700,1225.0,1236.95,1225.0,1228.0,17939
1642737000,1228.0,1228.95,1225.0,1227.3,11852
1642737300,1227.3,1230.35,1226.0,1229.7,8280
1642737600,1228.35,1232.65,1223.15,1225.35,26133
1642737900,1224.45,1228.3,1224.35,1224.8,15773
1642738200,1224.65,1232.3,1224.0,1232.0,13024
1642738500,1232.0,1232.4,1228.05,1231.4,10327
1642738800,1230.6,1234.35,1226.5,1227.55,20222
1642739100,1227.0,1227.45,1225.6,1227.1,7615
1642739400,1226.8,1229.0,1225.0,1225.55,10426
1642739700,1225.0,1226.45,1224.0,1226.45,8994
1642740000,1226.45,1227.2,1221.95,1224.4,10157
1642740300,1223.75,1224.8,1221.15,1223.05,13591
1642740600,1222.3,1223.35,1219.2,1220.15,54151
1642740900,1220.15,1223.2,1219.8,1222.45,8426
1642741200,1222.5,1222.5,1220.15,1220.9,5794
1642741500,1220.1,1221.45,1218.3,1220.05,209588
1642741800,1220.2,1222.1,1220.0,1221.9,5956
1642742100,1221.05,1223.2,1220.25,1222.6,7975
1642742400,1221.85,1222.65,1219.0,1220.6,7382
1642742700,1220.0,1223.0,1220.0,1222.25,6783
1642743000,1222.65,1225.0,1220.65,1223.65,7212
1642743300,1224.3,1225.9,1221.0,1221.05,10131
1642743600,1221.05,1221.8,1220.2,1221.05,4857
1642743900,1221.05,1222.5,1220.4,1221.9,5020
1642744200,1221.75,1223.2,1221.75,1222.75,3915
1642744500,1222.75,1223.35,1221.6,1221.65,9667
1642744800,1221.65,1225.85,1221.65,1224.2,10100
1642745100,1224.3,1224.6,1223.7,1224.25,4684
1642745400,1224.25,1225.45,1222.2,1224.45,123761
1642745700,1223.65,1225.0,1223.35,1225.0,26489
1642746000,1225.0,1226.0,1225.0,1225.1,33715
1642746300,1225.65,1225.95,1225.0,1225.65,4381
1642746600,1225.65,1227.6,1225.0,1225.05,8403
1642746900,1225.5,1225.65,1213.9,1217.15,63164
1642747200,1217.15,1222.95,1217.15,1221.35,7587
1642747500,1222.15,1222.2,1219.25,1220.7,8104
1642747800,1220.7,1223.2,1220.0,1222.3,11325
1642748100,1222.25,1222.25,1220.0,1220.0,6495
1642748400,1220.4,1220.7,1218.6,1218.6,20586
1642748700,1218.7,1219.05,1216.3,1217.7,3675
1642749000,1217.7,1219.75,1216.7,1219.7,4413
1642749300,1219.7,1221.2,1218.15,1221.2,4643
1642749600,1221.2,1221.2,1218.55,1219.4,3205
1642749900,1219.75,1220.7,1218.75,1219.4,3597
1642750200,1219.4,1220.85,1218.95,1220.75,11990
1642750500,1220.75,1221.1,1220.0,1220.8,3115
1642750800,1220.8,1222.9,1220.1,1222.0,6956
1642751100,1222.5,1222.9,1217.55,1217.95,24265
1642751400,1218.2,1218.2,1215.2,1215.65,4492
1642751700,1215.65,1216.85,1215.0,1215.05,7327
1642752000,1215.1,1217.35,1214.8,1216.45,6362
1642752300,1216.45,1216.95,1215.5,1215.65,4135
1642752600,1215.45,1215.95,1214.8,1215.0,6732
1642752900,1215.0,1215.0,1213.1,1214.65,13329
1642753200,1214.65,1214.65,1207.75,1208.5,21715
1642753500,1210.25,1214.1,1207.2,1210.85,11305
1642753800,1211.55,1216.05,1210.7,1214.1,7449
1642754100,1213.6,1214.85,1209.15,1209.6,6658
1642754400,1209.15,1213.5,1208.4,1210.4,9261
1642754700,1210.4,1211.55,1204.1,1210.2,136280
1642755000,1210.1,1211.75,1209.0,1209.55,7448
1642755300,1209.55,1211.55,1206.0,1206.0,15144
1642755600,1207.0,1209.2,1204.45,1206.05,9050
1642755900,1206.05,1207.0,1203.0,1203.0,12294
1642756200,1203.05,1207.5,1201.3,1202.05,26165
1642756500,1201.9,1204.1,1201.0,1202.25,10439
1642756800,1201.55,1210.45,1201.55,1210.45,12973
1642757100,1209.3,1218.5,1209.3,1210.4,43672
1642757400,1211.1,1217.4,1211.1,1215.2,52792
1642757700,1215.2,1216.7,1213.95,1214.9,46819
1642758000,1215.0,1247.6,1214.55,1245.6,337090
1642758300,1247.45,1263.2,1244.5,1258.55,313107
1642758600,1258.6,1258.6,1238.9,1241.2,236404
1642758900,1241.2,1242.15,1232.35,1239.0,144622
1642995900,1240.0,1240.0,1218.15,1226.8,64443
1642996200,1227.95,1228.0,1219.0,1221.35,28718
1642996500,1221.35,1224.45,1213.05,1214.0,25035
1642996800,1213.5,1215.95,1209.2,1211.55,21047
1642997100,1211.55,1215.05,1210.0,1211.9,15973
1642997400,1211.9,1219.1,1211.05,1212.25,16859
1642997700,1212.9,1217.6,1212.0,1214.95,17761
1642998000,1214.95,1215.95,1210.3,1214.0,12135
1642998300,1214.3,1214.65,1210.1,1212.75,17905
1642998600,1212.75,1216.8,1211.5,1213.0,6254
1642998900,1212.3,1220.5,1212.3,1220.5,12147
1642999200,1219.25,1222.0,1217.0,1218.0,8325
1642999500,1217.05,1217.85,1213.5,1215.0,6413
1642999800,1215.0,1215.0,1209.8,1211.0,15485
1643000100,1210.9,1211.0,1205.15,1207.8,24272
1643000400,1208.5,1214.65,1208.4,1213.35,6234
1643000700,1212.9,1215.0,1212.0,1214.85,7067
1643001000,1214.9,1218.0,1213.75,1217.3,8187
1643001300,1217.95,1217.95,1215.1,1217.35,2541
1643001600,1217.35,1220.45,1215.65,1220.45,6710
1643001900,1220.45,1221.1,1217.2,1218.7,16883
1643002200,1218.7,1221.5,1218.0,1221.0,13124
1643002500,1220.55,1221.15,1217.5,1217.55,5717
1643002800,1217.55,1221.95,1217.35,1219.25,9216
1643003100,1219.95,1219.95,1216.2,1218.15,9533
1643003400,1218.15,1219.25,1217.15,1217.6,2720
1643003700,1217.7,1220.0,1217.2,1219.4,6494
1643004000,1219.2,1221.15,1218.2,1219.6,6322
1643004300,1219.75,1220.95,1214.0,1216.0,21515
1643004600,1215.45,1215.45,1213.0,1213.75,8619
1643004900,1213.75,1215.6,1212.2,1215.4,24542
1643005200,1215.0,1222.0,1215.0,1219.8,9618
1643005500,1219.8,1221.8,1218.35,1220.0,7275
1643005800,1219.75,1221.45,1218.3,1220.9,10249
1643006100,1221.45,1221.45,1217.5,1218.5,7375
1643006400,1218.5,1218.5,1216.1,1217.0,1921
1643006700,1217.0,1217.45,1213.45,1214.2,3586
1643007000,1214.2,1214.4,1212.0,1212.55,22791
1643007300,1212.55,1214.8,1211.65,1213.35,3051
1643007600,1213.3,1219.7,1212.3,1219.35,6531
1643007900,1219.3,1222.0,1216.95,1220.5,9254
1643008200,1220.5,1225.4,1217.0,1217.5,12894
1643008500,1217.5,1220.75,1217.45,1219.05,4502
1643008800,1219.05,1219.4,1217.0,1218.3,4461
1643009100,1218.1,1218.95,1215.05,1215.75,3100
1643009400,1216.7,1219.7,1216.0,1219.25,1785
1643009700,1219.25,1219.95,1215.85,1216.2,5630
1643010000,1217.05,1222.0,1216.15,1221.55,3763
1643010300,1222.0,1223.0,1220.45,1222.15,7957
1643010600,1222.05,1222.5,1217.65,1218.55,4510
1643010900,1218.55,1219.45,1216.4,1218.25,6351
1643011200,1218.15,1218.8,1216.2,1218.4,5952
1643011500,1218.6,1218.95,1216.05,1217.75,7912
1643011800,1217.75,1220.35,1216.6,1219.95,5634
1643012100,1219.95,1221.0,1218.0,1220.4,8089
1643012400,1220.2,1220.5,1216.5,1217.35,5103
1643012700,1217.3,1218.45,1214.6,1216.05,11623
1643013000,1215.1,1217.45,1214.6,1216.45,15410
1643013300,1216.3,1217.05,1214.65,1215.7,21161
1643013600,1215.5,1216.95,1211.4,1215.25,58493
1643013900,1213.4,1221.5,1212.85,1219.7,20927
1643014200,1219.65,1220.5,1217.05,1219.65,10474
1643014500,1219.7,1220.0,1217.6,1218.25,8594
1643014800,1217.5,1222.4,1216.3,1221.55,12821
1643015100,1221.55,1223.0,1219.3,1222.4,12990
1643015400,1222.4,1222.4,1218.2,1221.5,9818
1643015700,1221.5,1221.5,1217.0,1217.95,10300
1643016000,1218.1,1219.0,1215.6,1216.95,22082
1643016300,1216.95,1219.8,1215.35,1219.65,13874
1643016600,1219.65,1226.25,1219.65,1224.5,30579
1643016900,1224.95,1225.7,1222.75,1225.1,16137
1643017200,1224.5,1228.45,1224.05,1227.0,16513
1643017500,1227.35,1227.85,1222.4,1226.95,24372
1643017800,1227.45,1228.85,1223.0,1224.6,26553
1643018100,1224.6,1226.95,1221.85,1226.95,110082
1643082300,1212.1,1224.0,1210.25,1214.2,36492
1643082600,1213.55,1220.75,1211.5,1212.25,37189
1643082900,1212.25,1219.5,1212.25,1216.95,16032
1643083200,1216.95,1219.9,1216.05,1219.9,9477
1643083500,1219.9,1223.9,1219.25,1222.3,10604
1643083800,1222.3,1226.2,1222.0,1222.05,12204
1643084100,1222.0,1230.3,1222.0,1229.95,30018
1643084400,1229.4,1231.4,1219.15,1220.9,25433
1643084700,1220.3,1232.9,1220.2,1230.95,35575
1643085000,1231.0,1231.95,1222.45,1222.5,21109
1643085300,1222.55,1225.6,1222.05,1225.35,9967
1643085600,1225.15,1225.15,1219.95,1222.45,25332
1643085900,1223.15,1226.65,1222.65,1225.95,7633
1643086200,1225.95,1226.25,1223.75,1225.55,14776
1643086500,1225.4,1225.4,1220.75,1223.15,9115
1643086800,1221.4,1225.05,1220.5,1221.5,12397
1643087100,1221.5,1223.6,1220.1,1223.3,8918
1643087400,1223.3,1223.95,1222.0,1222.75,5363
1643087700,1222.75,1223.0,1212.55,1217.95,22989
1643088000,1218.0,1220.95,1217.75,1218.05,9131
1643088300,1218.0,1221.0,1217.15,1219.6,6526
1643088600,1219.5,1221.35,1218.3,1221.35,3758
1643088900,1221.9,1222.45,1220.0,1221.0,2510
1643089200,1221.3,1223.4,1221.0,1222.1,3521
1643089500,1221.95,1224.65,1221.95,1222.6,5137
1643089800,1222.2,1224.75,1221.0,1224.3,104716
1643090100,1224.3,1225.85,1223.7,1223.8,7687
1643090400,1224.25,1224.95,1222.0,1223.05,4775
1643090700,1223.05,1224.8,1222.55,1224.8,2564
1643091000,1223.7,1224.9,1223.15,1224.0,2557
1643091300,1223.95,1225.35,1223.55,1224.05,4794
1643091600,1224.05,1224.95,1221.8,1222.0,3514
1643091900,1222.0,1223.8,1220.0,1223.8,5484
1643092200,1223.75,1223.75,1221.35,1223.05,5594
1643092500,1223.05,1225.5,1223.05,1225.45,4456
1643092800,1225.05,1225.25,1223.65,1224.2,6568
1643093100,1224.2,1225.7,1223.2,1225.0,3597
1643093400,1225.0,1225.6,1224.5,1225.0,2143
1643093700,1225.0,1225.15,1224.55,1225.0,3850
1643094000,1225.0,1226.9,1223.3,1225.25,7864
1643094300,1225.75,1225.75,1222.8,1223.9,5098
1643094600,1223.9,1225.0,1223.65,1224.95,6357
1643094900,1224.95,1225.0,1221.4,1222.5,3512
1643095200,1222.5,1225.0,1221.8,1224.2,4812
1643095500,1223.9,1225.0,1223.9,1224.55,4171
1643095800,1224.25,1225.0,1222.8,1224.35,6847
1643096100,1224.25,1225.95,1223.8,1224.3,6386
1643096400,1224.3,1227.05,1224.3,1226.55,10352
1643096700,1226.55,1227.4,1224.35,1224.95,8434
1643097000,1224.95,1227.1,1224.95,1225.55,6609
1643097300,1226.15,1227.4,1224.0,1227.4,13108
1643097600,1227.4,1227.55,1225.5,1225.95,11489
1643097900,1225.5,1227.4,1224.05,1227.2,15209
1643098200,1227.2,1227.2,1225.05,1226.1,16725
1643098500,1226.35,1231.0,1225.0,1231.0,33202
1643098800,1231.0,1231.35,1223.0,1224.7,26067
1643099100,1224.05,1228.65,1223.6,1224.55,22240
1643099400,1225.0,1225.1,1222.5,1224.6,11179
1643099700,1224.6,1226.7,1223.45,1224.4,12286
1643100000,1224.65,1226.65,1224.65,1225.1,7466
1643100300,1225.0,1226.0,1223.15,1225.55,7942
1643100600,1225.5,1225.95,1223.5,1224.55,6162
1643100900,1224.6,1224.9,1221.05,1223.95,8579
1643101200,1223.95,1226.05,1223.95,1225.0,6707
1643101500,1225.1,1225.2,1224.05,1224.95,5328
1643101800,1224.95,1225.65,1224.3,1224.95,4733
1643102100,1224.95,1225.0,1224.5,1224.95,4216
1643102400,1225.0,1228.75,1225.0,1228.0,18637
1643102700,1228.0,1228.0,1225.25,1225.3,13609
1643103000,1225.85,1231.5,1225.85,1226.85,37923
1643103300,1226.85,1229.05,1225.0,1226.85,31514
1643103600,1226.9,1229.45,1226.0,1228.15,36634
1643103900,1227.7,1229.0,1227.15,1227.75,29560
1643104200,1227.75,1230.45,1226.95,1229.35,42574
1643104500,1229.25,1232.0,1225.2,1231.0,43523
1643255100,1219.0,1219.0,1205.65,1207.75,141569
1643255400,1207.85,1213.25,1205.45,1210.95,30232
1643255700,1211.05,1211.15,1205.6,1210.6,29103
1643256000,1210.05,1210.25,1207.8,1209.15,18674
1643256300,1209.55,1211.0,1208.4,1208.6,8580
1643256600,1208.55,1212.55,1207.7,1209.0,34999
1643256900,1208.5,1210.0,1207.8,1209.0,31804
1643257200,1208.9,1217.0,1208.35,1210.85,33050
1643257500,1210.55,1210.7,1208.0,1209.75,4846
1643257800,1209.75,1212.0,1209.05,1211.2,6945
1643258100,1211.7,1211.7,1208.0,1210.0,17597
1643258400,1210.0,1210.55,1207.95,1210.4,16735
1643258700,1210.4,1211.0,1209.2,1210.0,3034
1643259000,1210.0,1210.5,1208.05,1209.95,10568
1643259300,1209.95,1210.75,1208.1,1208.1,13218
1643259600,1208.95,1209.7,1207.1,1208.95,23885
1643259900,1208.5,1209.85,1207.75,1209.85,37533
1643260200,1209.85,1209.85,1207.9,1209.1,11504
1643260500,1209.1,1210.5,1207.8,1209.0,23634
1643260800,1209.0,1209.15,1207.8,1208.0,67447
1643261100,1208.0,1209.0,1202.0,1205.0,96235
1643261400,1204.6,1205.05,1203.5,1204.5,14410
1643261700,1204.5,1204.9,1203.6,1204.0,6665
1643262000,1204.0,1205.55,1203.6,1204.7,8080
1643262300,1205.35,1205.35,1202.9,1203.8,5456
1643262600,1203.8,1205.0,1202.5,1204.0,13510
1643262900,1204.0,1205.9,1202.0,1202.35,51650
1643263200,1202.35,1205.9,1202.1,1203.3,6043
1643263500,1203.0,1204.7,1202.7,1204.3,8545
1643263800,1204.65,1205.05,1203.5,1203.95,3758
1643264100,1203.95,1204.7,1202.95,1204.35,2384
1643264400,1204.35,1205.65,1203.0,1205.45,9205
1643264700,1205.45,1206.85,1203.0,1205.25,11509
1643265000,1205.25,1209.0,1205.25,1207.0,8370
1643265300,1206.75,1211.35,1205.0,1205.7,15147
1643265600,1205.0,1206.5,1202.85,1205.1,34534
1643265900,1205.1,1206.5,1205.0,1205.75,2672
1643266200,1206.65,1212.0,1206.25,1210.75,13117
1643266500,1210.75,1215.5,1210.45,1213.2,9173
1643266800,1213.6,1217.55,1213.6,1213.95,9696
1643267100,1214.6,1215.0,1211.05,1211.65,6365
1643267400,1211.95,1212.8,1210.2,1211.5,5546
1643267700,1212.6,1216.55,1212.2,1215.15,43356
1643268000,1215.15,1215.5,1214.1,1214.1,21287
1643268300,1213.45,1215.15,1211.6,1212.05,78275
1643268600,1212.3,1219.8,1210.0,1219.7,34881
1643268900,1219.65,1221.6,1214.0,1214.0,60604
1643269200,1214.0,1216.0,1212.4,1215.35,15689
1643269500,1215.35,1216.15,1210.7,1210.95,21004
1643269800,1210.7,1210.7,1206.25,1208.75,10170
1643270100,1208.7,1209.3,1206.3,1208.0,14853
1643270400,1208.7,1212.0,1208.0,1211.6,8789
1643270700,1211.6,1212.15,1207.35,1211.4,14572
1643271000,1210.75,1213.4,1210.2,1212.65,19115
1643271300,1212.95,1214.55,1211.75,1212.0,5943
1643271600,1212.0,1215.0,1212.0,1212.95,5285
1643271900,1212.95,1214.45,1210.8,1212.95,6441
1643272200,1212.95,1213.65,1209.15,1212.2,10616
1643272500,1211.2,1212.05,1207.0,1208.1,7722
1643272800,1207.8,1210.95,1207.8,1208.1,8243
1643273100,1208.1,1210.5,1207.7,1209.8,6832
1643273400,1209.8,1212.0,1207.8,1211.15,97386
1643273700,1211.15,1213.5,1210.55,1211.65,7481
1643274000,1211.65,1217.15,1210.0,1215.55,26254
1643274300,1215.95,1216.85,1214.7,1214.95,40357
1643274600,1214.6,1216.85,1214.0,1215.7,10501
1643274900,1215.9,1216.85,1213.2,1213.85,11361
1643275200,1213.75,1216.0,1211.1,1213.45,36356
1643275500,1213.5,1214.4,1209.15,1210.1,16120
1643275800,1210.1,1210.55,1201.85,1208.15,25849
1643276100,1208.05,1210.95,1206.1,1209.9,19709
1643276400,1209.55,1218.4,1206.8,1208.45,73999
1643276700,1208.6,1214.15,1205.65,1212.3,57631
1643277000,1212.3,1216.05,1209.65,1215.05,32609
1643277300,1215.05,1221.9,1211.3,1211.3,30240
1643341500,1210.0,1221.55,1208.05,1218.1,18874
1643341800,1218.05,1229.95,1218.05,1225.75,13167
1643342100,1225.7,1229.35,1223.0,1226.85,9374
1643342400,1226.85,1229.0,1223.25,1225.9,7299
1643342700,1226.0,1226.0,1222.1,1224.85,7468
1643343000,1224.85,1224.85,1221.1,1223.6,4312
1643343300,1223.6,1233.95,1223.6,1232.2,17951
1643343600,1233.95,1236.0,1232.05,1233.55,11423
1643343900,1233.55,1233.6,1228.45,1231.95,5881
1643344200,1231.95,1233.6,1228.2,1233.45,6731
1643344500,1232.0,1237.75,1231.8,1236.55,15317
1643344800,1236.55,1236.9,1232.35,1233.6,5917
1643345100,1233.85,1235.75,1232.4,1233.45,5681
1643345400,1233.45,1235.35,1232.85,1234.75,4721
1643345700,1234.75,1234.75,1231.05,1232.25,5376
1643346000,1232.25,1233.25,1230.4,1231.6,6063
1643346300,1231.6,1231.6,1228.5,1228.5,2702
1643346600,1228.5,1229.0,1226.0,1226.15,5826
1643346900,1226.15,1228.15,1225.55,1226.75,3565
1643347200,1226.75,1229.9,1226.1,1229.6,4483
1643347500,1229.6,1231.0,1228.3,1230.65,5657
1643347800,1230.75,1231.3,1229.35,1229.95,3255
1643348100,1230.0,1230.45,1228.3,1228.9,5903
1643348400,1228.9,1230.95,1228.65,1228.9,6264
1643348700,1228.9,1230.8,1227.45,1227.45,3950
1643349000,1227.0,1229.75,1226.35,1228.65,4117
1643349300,1228.65,1230.45,1228.55,1229.4,3357
1643349600,1229.4,1231.9,1228.45,1230.7,5996
1643349900,1230.7,1233.0,1229.8,1231.5,4164
1643350200,1231.5,1233.05,1231.0,1231.15,5110
1643350500,1231.15,1231.75,1231.0,1231.4,1965
1643350800,1231.4,1232.35,1231.0,1231.75,7414
1643351100,1231.75,1233.45,1231.1,1231.7,8008
1643351400,1232.25,1232.25,1230.0,1231.25,3917
1643351700,1231.25,1233.5,1231.0,1233.5,4787
1643352000,1233.5,1233.5,1231.15,1231.75,2248
1643352300,1231.75,1231.75,1228.9,1231.05,3434
1643352600,1231.05,1232.2,1229.95,1231.5,4937
1643352900,1230.9,1231.2,1227.3,1228.55,6428
1643353200,1228.55,1228.85,1227.0,1227.6,8950
1643353500,1227.75,1229.2,1225.65,1227.55,5687
1643353800,1227.55,1228.0,1225.25,1226.55,4206
1643354100,1226.55,1227.85,1225.8,1226.55,2899
1643354400,1226.55,1226.6,1225.2,1225.9,3194
1643354700,1225.9,1230.25,1224.95,1229.5,8932
1643355000,1230.05,1230.05,1227.0,1228.7,4684
1643355300,1228.8,1230.45,1228.45,1229.5,2899
1643355600,1229.5,1230.4,1227.0,1227.85,5144
1643355900,1227.85,1229.1,1225.25,1226.7,6070
1643356200,1226.7,1226.95,1225.0,1225.05,4321
1643356500,1225.65,1227.4,1224.4,1227.35,4041
1643356800,1227.3,1228.2,1225.4,1226.55,6249
1643357100,1226.55,1226.55,1222.7,1224.9,4268
1643357400,1224.95,1224.95,1220.05,1220.45,9246
1643357700,1220.45,1220.45,1215.05,1216.1,9950
1643358000,1216.65,1219.4,1215.05,1219.25,12749
1643358300,1219.25,1219.25,1215.8,1216.2,6631
1643358600,1216.4,1216.8,1212.15,1213.35,11841
1643358900,1213.7,1214.55,1210.6,1211.15,9570
1643359200,1211.6,1214.8,1209.6,1210.75,11340
1643359500,1209.05,1216.85,1207.7,1213.4,14613
1643359800,1215.0,1217.5,1213.65,1215.55,10011
1643360100,1215.55,1216.45,1208.4,1210.75,11028
1643360400,1210.75,1214.7,1209.35,1211.25,10796
1643360700,1212.25,1217.75,1210.05,1213.75,20694
1643361000,1213.8,1217.05,1210.75,1211.1,11685
1643361300,1210.75,1212.55,1209.05,1211.05,8745
1643361600,1211.0,1213.1,1209.0,1212.25,10614
1643361900,1212.0,1212.25,1207.35,1209.8,8732
1643362200,1209.8,1212.5,1204.95,1205.35,32925
1643362500,1205.45,1207.3,1203.9,1207.3,18491
1643362800,1208.85,1208.85,1202.3,1202.3,19548
1643363100,1202.8,1207.8,1201.55,1205.95,22759
1643363400,1205.95,1207.45,1203.85,1205.0,19747
1643363700,1205.0,1206.35,1201.0,1204.0,17215
1643600700,1210.0,1218.75,1206.05,1217.85,18385
1643601000,1217.85,1221.75,1214.0,1221.35,5543
1643601300,1221.4,1223.9,1214.6,1214.6,21904
1643601600,1217.1,1225.0,1216.5,1221.45,11578
1643601900,1221.45,1223.25,1218.8,1222.35,2361
1643602200,1222.35,1223.6,1219.65,1222.9,3360
1643602500,1222.9,1224.5,1221.0,1224.5,7084
1643602800,1224.5,1226.4,1221.25,1226.4,7588
1643603100,1226.35,1227.0,1223.05,1226.95,5438
1643603400,1226.95,1229.0,1224.55,1224.55,6137
1643603700,1224.55,1225.8,1219.8,1222.95,320287
1643604000,1223.0,1225.4,1221.85,1224.2,5518
1643604300,1224.2,1224.35,1221.5,1221.75,3347
1643604600,1221.75,1227.6,1220.55,1227.0,63988
1643604900,1225.9,1227.35,1225.35,1227.0,5523
1643605200,1227.25,1227.95,1225.45,1227.75,8168
1643605500,1227.8,1227.85,1225.3,1227.0,12246
1643605800,1227.0,1228.95,1222.75,1225.65,17426
1643606100,1225.65,1227.8,1223.15,1227.5,53848
1643606400,1227.5,1232.45,1227.05,1231.45,17010
1643606700,1231.45,1233.7,1230.4,1233.7,12527
1643607000,1233.7,1233.7,1231.65,1232.1,8501
1643607300,1232.8,1236.25,1232.05,1234.0,27519
1643607600,1234.0,1235.8,1233.95,1234.8,11091
1643607900,1234.85,1237.1,1234.85,1236.05,10664
1643608200,1236.7,1236.75,1233.45,1233.45,11576
1643608500,1233.4,1235.75,1231.05,1231.35,136765
1643608800,1232.05,1233.6,1230.45,1231.7,12042
1643609100,1231.0,1232.3,1228.2,1228.25,11973
1643609400,1228.2,1228.85,1226.5,1226.6,13602
1643609700,1226.65,1228.3,1226.0,1226.9,12803
1643610000,1226.4,1227.35,1222.3,1222.8,12253
1643610300,1222.8,1223.8,1221.85,1223.5,12157
1643610600,1223.5,1225.7,1223.0,1225.6,7993
1643610900,1225.6,1231.25,1225.0,1231.1,35697
1643611200,1231.55,1231.55,1229.4,1230.1,14254
1643611500,1230.1,1231.55,1227.7,1231.35,14880
1643611800,1231.35,1231.55,1230.7,1231.0,4727
1643612100,1231.05,1238.4,1228.2,1235.3,37658
1643612400,1235.1,1235.65,1230.8,1231.7,14961
1643612700,1231.7,1235.85,1231.35,1233.0,28580
1643613000,1232.85,1233.95,1230.2,1231.4,20111
1643613300,1231.25,1234.05,1230.3,1230.45,14402
1643613600,1230.45,1231.1,1228.6,1230.65,14012
1643613900,1230.65,1232.95,1227.45,1231.55,83794
1643614200,1232.0,1233.85,1231.7,1233.0,13207
1643614500,1233.0,1233.45,1232.2,1233.1,10219
1643614800,1233.1,1235.15,1233.05,1233.5,13579
1643615100,1233.5,1233.85,1232.4,1232.85,10171
1643615400,1232.8,1237.9,1231.0,1233.2,48786
1643615700,1233.2,1233.65,1230.1,1230.4,16483
1643616000,1230.45,1231.4,1228.1,1229.0,18995
1643616300,1228.3,1229.55,1227.35,1227.75,22745
1643616600,1227.75,1229.8,1227.1,1228.45,14044
1643616900,1228.45,1229.8,1228.0,1228.05,11675
1643617200,1228.05,1229.95,1227.9,1228.7,15027
1643617500,1228.7,1232.6,1228.0,1231.9,17794
1643617800,1231.95,1233.0,1228.9,1229.4,13750
1643618100,1229.35,1232.7,1228.9,1230.55,14829
1643618400,1231.8,1234.55,1230.65,1233.3,19660
1643618700,1232.95,1233.35,1230.05,1232.95,18356
1643619000,1232.95,1234.5,1231.15,1231.15,15632
1643619300,1231.3,1233.6,1229.95,1230.0,13942
1643619600,1229.85,1234.25,1228.55,1233.5,19257
1643619900,1233.3,1233.95,1232.0,1232.45,17076
1643620200,1232.45,1232.85,1230.0,1232.25,15608
1643620500,1232.25,1232.85,1231.05,1231.05,16098
1643620800,1231.0,1232.0,1230.0,1231.1,13303
1643621100,1231.1,1232.0,1230.15,1231.1,13518
1643621400,1232.0,1232.75,1230.0,1230.15,34278
1643621700,1230.1,1232.0,1230.0,1231.85,26614
1643622000,1231.75,1234.5,1231.75,1234.05,29679
1643622300,1234.05,1235.8,1232.0,1232.85,37188
1643622600,1232.75,1236.6,1232.7,1235.4,31873
1643622900,1235.4,1238.0,1233.1,1237.05,25926
1643687100,1250.0,1250.0,1238.0,1249.4,50685
1643687400,1249.0,1249.0,1242.25,1243.5,17745
1643687700,1243.25,1246.7,1243.0,1246.7,9855
1643688000,1246.0,1247.65,1245.0,1245.5,12927
1643688300,1245.7,1246.1,1242.6,1246.1,13292
1643688600,1245.8,1245.9,1242.5,1243.35,11250
1643688900,1243.4,1246.55,1243.05,1245.85,15394
1643689200,1245.25,1248.95,1245.0,1247.05,17632
1643689500,1247.0,1247.05,1243.3,1243.45,24756
1643689800,1243.4,1246.8,1242.2,1242.9,30539
1643690100,1242.85,1244.8,1242.25,1242.7,12184
1643690400,1242.6,1242.95,1240.0,1240.8,16624
1643690700,1240.1,1241.0,1240.0,1240.6,10260
1643691000,1240.1,1242.6,1240.0,1241.35,11598
1643691300,1240.95,1242.95,1240.8,1242.4,10187
1643691600,1242.4,1244.8,1241.8,1243.75,14429
1643691900,1243.55,1244.25,1242.3,1242.85,12340
1643692200,1242.6,1244.35,1241.85,1243.2,16396
1643692500,1242.9,1247.0,1242.25,1246.75,16619
1643692800,1246.05,1247.0,1245.1,1246.5,11099
1643693100,1246.55,1247.45,1245.95,1246.95,36109
1643693400,1247.0,1247.4,1245.35,1245.65,21550
1643693700,1245.65,1247.5,1242.0,1242.0,14483
1643694000,1242.0,1242.25,1235.95,1236.75,17101
1643694300,1236.75,1239.0,1236.3,1238.15,10794
1643694600,1238.45,1240.0,1234.1,1235.1,22095
1643694900,1235.1,1238.5,1234.4,1236.1,14789
1643695200,1236.0,1237.0,1234.7,1234.7,13223
1643695500,1234.65,1234.75,1226.25,1230.35,47820
1643695800,1230.25,1233.1,1228.95,1231.75,14309
1643696100,1231.75,1232.9,1230.0,1231.0,13127
1643696400,1230.9,1235.0,1230.45,1235.0,14999
1643696700,1236.1,1236.1,1232.55,1232.95,13043
1643697000,1232.95,1235.0,1232.15,1233.5,13018
1643697300,1233.7,1234.25,1230.75,1232.95,10129
1643697600,1232.85,1234.35,1230.65,1231.0,15136
1643697900,1231.3,1233.6,1228.9,1229.3,17529
1643698200,1228.9,1230.0,1228.3,1229.65,12106
1643698500,1229.65,1230.0,1228.4,1230.0,11450
1643698800,1229.85,1230.75,1221.55,1222.85,34505
1643699100,1222.9,1227.5,1222.2,1226.15,25911
1643699400,1226.5,1228.8,1225.25,1226.5,20910
1643699700,1226.0,1226.2,1220.4,1222.15,20917
1643700000,1221.55,1225.25,1220.7,1223.0,22010
1643700300,1223.55,1224.25,1218.85,1222.4,31791
1643700600,1222.1,1222.1,1213.0,1216.85,152089
1643700900,1216.25,1217.3,1209.65,1213.3,59007
1643701200,1213.3,1215.6,1204.55,1205.0,36510
1643701500,1205.0,1209.0,1202.6,1208.05,26544
1643701800,1208.0,1209.85,1207.55,1209.0,14714
1643702100,1209.55,1214.85,1208.9,1211.15,24455
1643702400,1211.15,1211.75,1207.05,1208.5,28136
1643702700,1207.95,1209.55,1207.3,1207.95,12584
1643703000,1207.6,1210.0,1206.7,1208.0,15770
1643703300,1208.7,1209.85,1207.4,1208.25,22713
1643703600,1208.25,1211.5,1207.3,1208.15,26342
1643703900,1208.1,1211.85,1208.1,1211.1,29238
1643704200,1211.5,1214.4,1211.1,1212.6,16009
1643704500,1213.5,1213.65,1210.4,1210.9,14088
1643704800,1211.3,1212.4,1209.9,1212.35,15890
1643705100,1212.3,1213.4,1210.6,1213.2,12490
1643705400,1213.2,1213.85,1211.4,1213.5,21745
1643705700,1213.4,1214.8,1212.5,1214.7,14748
1643706000,1214.7,1215.4,1213.55,1214.6,11280
1643706300,1214.5,1214.6,1212.5,1213.0,15332
1643706600,1212.95,1213.8,1212.35,1213.35,18651
1643706900,1213.35,1213.65,1212.3,1213.05,13591
1643707200,1213.05,1214.15,1212.45,1214.0,15153
1643707500,1214.05,1214.8,1212.35,1212.6,12450
1643707800,1212.65,1213.75,1212.65,1213.3,17924
1643708100,1213.25,1213.5,1212.05,1212.15,15155
1643708400,1212.35,1213.65,1212.35,1213.3,14067
1643708700,1213.3,1216.9,1213.15,1214.1,25759
1643709000,1214.0,1218.6,1214.0,1216.95,43097
1643709300,1217.05,1217.85,1214.75,1217.0,19839
1643773500,1216.7,1221.85,1211.05,1214.55,37904
1643773800,1215.0,1216.0,1212.0,1216.0,22067
1643774100,1216.0,1218.25,1214.1,1218.25,20430
1643774400,1218.25,1219.85,1215.0,1215.05,46073
1643774700,1215.4,1215.4,1214.05,1214.55,12644
1643775000,1214.55,1215.7,1212.5,1215.7,14535
1643775300,1215.7,1219.5,1215.0,1219.5,8811
1643775600,1219.6,1222.0,1219.0,1220.45,14278
1643775900,1220.15,1221.0,1219.1,1220.0,5392
1643776200,1220.0,1221.3,1219.15,1220.15,8744
1643776500,1220.15,1221.3,1219.7,1220.2,12042
1643776800,1220.2,1221.5,1220.0,1220.5,8751
1643777100,1221.0,1222.35,1220.5,1222.1,11280
1643777400,1222.1,1225.0,1221.8,1224.55,14332
1643777700,1224.55,1227.55,1223.1,1223.95,15417
1643778000,1223.95,1225.9,1223.0,1224.75,8711
1643778300,1224.75,1224.75,1221.6,1222.25,9494
1643778600,1221.5,1222.75,1219.2,1220.1,19841
1643778900,1220.0,1221.3,1219.55,1220.75,16112
1643779200,1220.5,1221.55,1220.0,1220.6,14064
1643779500,1220.6,1221.35,1220.5,1221.1,13245
1643779800,1220.55,1221.25,1220.5,1220.95,11740
1643780100,1221.0,1221.3,1220.45,1221.05,6756
1643780400,1221.05,1221.05,1220.25,1220.25,6541
1643780700,1220.6,1221.0,1220.25,1220.25,4464
1643781000,1220.6,1221.55,1220.25,1221.0,10218
1643781300,1221.6,1221.6,1220.25,1220.5,4762
1643781600,1220.6,1221.6,1220.5,1220.5,9674
1643781900,1220.9,1221.7,1220.05,1221.5,12225
1643782200,1221.5,1224.1,1220.5,1222.45,15860
1643782500,1222.45,1225.0,1222.45,1223.85,11499
1643782800,1223.85,1225.25,1221.85,1224.25,22970
1643783100,1224.25,1224.95,1222.85,1223.1,6566
1643783400,1223.1,1224.65,1222.85,1223.5,6993
1643783700,1223.5,1223.75,1221.95,1222.7,12520
1643784000,1222.7,1224.5,1222.7,1224.1,7011
1643784300,1224.45,1227.05,1224.1,1226.25,15317
1643784600,1226.25,1226.25,1222.1,1223.6,13559
1643784900,1223.55,1224.0,1220.3,1220.9,11166
1643785200,1220.9,1222.25,1220.4,1220.5,6232
1643785500,1220.5,1221.9,1220.2,1221.35,5577
1643785800,1221.3,1221.3,1218.8,1218.8,8906
1643786100,1219.25,1220.65,1217.45,1219.35,7936
1643786400,1218.75,1219.35,1217.0,1217.5,8854
1643786700,1217.6,1217.65,1216.2,1217.0,8906
1643787000,1217.0,1217.25,1216.6,1216.6,3465
1643787300,1217.0,1217.85,1216.15,1217.5,8331
1643787600,1217.5,1217.8,1217.35,1217.4,4011
1643787900,1217.6,1217.6,1216.05,1216.5,5372
1643788200,1216.5,1216.5,1215.0,1215.05,8556
1643788500,1215.55,1216.0,1214.5,1215.65,10074
1643788800,1215.65,1217.6,1215.0,1215.5,9456
1643789100,1215.55,1217.1,1214.85,1215.0,12531
1643789400,1215.0,1215.85,1214.85,1215.25,10824
1643789700,1215.25,1216.4,1213.3,1213.9,13871
1643790000,1213.9,1213.9,1212.85,1213.0,6915
1643790300,1213.35,1213.35,1212.75,1213.1,5866
1643790600,1213.1,1214.0,1213.1,1213.9,6607
1643790900,1213.9,1215.3,1213.05,1213.6,7448
1643791200,1213.55,1214.2,1212.5,1213.25,7502
1643791500,1213.25,1213.85,1212.65,1213.5,4846
1643791800,1213.5,1218.25,1213.2,1217.95,13898
1643792100,1218.0,1218.25,1215.1,1216.15,22867
1643792400,1216.8,1217.75,1215.75,1216.95,16535
1643792700,1216.5,1218.5,1216.0,1218.45,16837
1643793000,1218.5,1219.95,1217.5,1219.5,17038
1643793300,1219.2,1220.65,1218.55,1220.1,14185
1643793600,1220.1,1220.75,1220.0,1220.0,12560
1643793900,1220.0,1220.1,1220.0,1220.05,18243
1643794200,1220.0,1220.05,1220.0,1220.0,20059
1643794500,1220.05,1220.25,1220.0,1220.2,15048
1643794800,1220.2,1220.25,1220.05,1220.2,15259
1643795100,1220.2,1221.25,1219.0,1220.0,17753
1643795400,1220.0,1221.05,1220.0,1221.05,26869
1643795700,1221.0,1221.1,1215.85,1215.85,12206
1643859900,1218.05,1220.0,1206.4,1213.15,54472
1643860200,1212.05,1212.9,1209.2,1210.9,20004
1643860500,1210.95,1210.95,1206.75,1206.8,16757
1643860800,1207.05,1208.4,1206.15,1206.55,16276
1643861100,1206.05,1206.85,1205.05,1205.5,13520
1643861400,1205.4,1208.35,1205.0,1205.8,12792
1643861700,1205.8,1205.8,1204.0,1204.05,9025
1643862000,1204.05,1204.2,1201.6,1203.6,14773
1643862300,1203.7,1204.3,1203.25,1203.55,8204
1643862600,1203.85,1205.6,1203.05,1205.55,8634
1643862900,1205.55,1205.55,1203.0,1205.0,12348
1643863200,1205.55,1206.2,1204.2,1206.1,6942
1643863500,1206.1,1206.2,1205.0,1205.0,6055
1643863800,1205.5,1206.0,1204.65,1205.1,4865
1643864100,1205.0,1205.1,1202.4,1203.4,6026
1643864400,1203.7,1203.7,1195.05,1197.75,39262
1643864700,1197.4,1199.05,1195.55,1196.05,14578
1643865000,1196.45,1197.0,1195.95,1196.35,10065
1643865300,1196.3,1199.0,1196.25,1198.05,8457
1643865600,1198.05,1198.5,1196.25,1196.25,7792
1643865900,1196.5,1197.8,1196.0,1197.5,8139
1643866200,1197.0,1198.0,1196.5,1197.1,5529
1643866500,1197.6,1198.1,1196.55,1196.65,9260
1643866800,1197.25,1197.25,1196.1,1196.1,3397
1643867100,1196.1,1197.6,1196.1,1197.6,7899
1643867400,1197.6,1197.65,1197.0,1197.5,5818
1643867700,1197.45,1197.6,1197.1,1197.6,4178
1643868000,1197.6,1198.9,1193.0,1195.0,22634
1643868300,1195.2,1196.75,1192.65,1193.75,62086
1643868600,1193.6,1194.0,1192.65,1194.0,14449
1643868900,1193.8,1194.0,1192.7,1192.7,6285
1643869200,1192.7,1193.5,1192.2,1193.35,6547
1643869500,1193.0,1193.25,1192.3,1193.0,10919
1643869800,1193.0,1193.5,1192.0,1193.0,8550
1643870100,1193.0,1193.5,1192.5,1192.8,8419
1643870400,1192.8,1193.0,1191.5,1191.7,7200
1643870700,1191.5,1192.95,1191.0,1192.05,7258
1643871000,1192.1,1192.1,1187.95,1189.4,27957
1643871300,1189.75,1190.0,1188.55,1189.1,9267
1643871600,1189.5,1191.85,1185.65,1186.7,34475
1643871900,1186.7,1188.0,1185.4,1187.4,13711
1643872200,1187.4,1188.7,1186.45,1187.8,9284
1643872500,1187.8,1187.9,1186.6,1187.5,7108
1643872800,1187.75,1190.4,1187.5,1188.9,13136
1643873100,1188.9,1190.0,1184.1,1185.2,17942
1643873400,1185.6,1186.35,1185.0,1185.95,7321
1643873700,1186.0,1187.3,1185.7,1186.95,26975
1643874000,1186.5,1187.2,1186.0,1186.2,7330
1643874300,1186.7,1187.55,1185.3,1185.95,14028
1643874600,1186.2,1186.95,1185.0,1186.1,14388
1643874900,1186.05,1186.5,1185.35,1185.95,11158
1643875200,1185.8,1186.5,1185.0,1185.4,8740
1643875500,1185.65,1186.9,1184.5,1185.2,15070
1643875800,1185.1,1185.8,1184.0,1184.9,14159
1643876100,1184.7,1185.0,1183.3,1184.5,19593
1643876400,1184.45,1185.0,1183.0,1184.8,11232
1643876700,1184.8,1185.05,1183.8,1184.95,15068
1643877000,1184.75,1185.1,1184.0,1184.3,9991
1643877300,1184.2,1185.0,1183.7,1184.95,13047
1643877600,1185.0,1185.0,1184.45,1185.0,8617
1643877900,1184.8,1185.25,1183.6,1183.7,13819
1643878200,1183.7,1184.0,1183.5,1183.75,13905
1643878500,1183.7,1186.6,1183.6,1186.25,19332
1643878800,1186.1,1187.0,1185.7,1186.25,13032
1643879100,1186.1,1187.9,1185.0,1187.0,17153
1643879400,1187.2,1189.8,1186.05,1188.9,19817
1643879700,1188.0,1191.5,1188.0,1191.0,19588
1643880000,1190.9,1191.4,1190.35,1190.55,14616
1643880300,1190.0,1192.0,1187.05,1191.85,32310
1643880600,1190.75,1193.05,1187.05,1188.05,31466
1643880900,1188.05,1189.5,1186.6,1188.15,42892
1643881200,1188.15,1189.5,1185.0,1185.15,25227
1643881500,1185.15,1185.65,1181.3,1182.15,30091
1643881800,1182.25,1185.6,1181.1,1182.5,56830
1643882100,1182.5,1185.0,1175.6,1184.95,66360
1643946300,1194.0,1194.0,1178.35,1179.75,54550
1643946600,1179.9,1183.0,1174.85,1176.4,18565
1643946900,1177.25,1184.95,1176.0,1182.9,15764
1643947200,1182.9,1184.4,1181.0,1182.45,9292
1643947500,1181.2,1181.95,1177.3,1180.0,15147
1643947800,1180.0,1182.75,1179.55,1181.0,4154
1643948100,1181.0,1184.95,1180.0,1184.9,7024
1643948400,1184.9,1186.2,1182.5,1185.3,8079
1643948700,1185.3,1186.15,1181.75,1182.2,3664
1643949000,1182.2,1184.0,1180.15,1180.2,5258
1643949300,1180.2,1180.2,1178.3,1179.85,10170
1643949600,1179.85,1179.85,1178.4,1178.75,7748
1643949900,1178.75,1178.95,1176.1,1176.3,11374
1643950200,1175.6,1177.2,1175.05,1176.55,3877
1643950500,1176.1,1177.95,1176.1,1177.95,5620
1643950800,1177.95,1181.2,1177.3,1180.5,6073
1643951100,1180.5,1181.45,1178.6,1181.35,11537
1643951400,1181.15,1182.45,1180.6,1182.35,4503
1643951700,1182.35,1182.35,1180.9,1181.35,14570
1643952000,1181.9,1181.9,1178.55,1178.9,9175
1643952300,1178.3,1178.85,1177.5,1178.2,5726
1643952600,1178.2,1178.45,1177.4,1178.0,4030
1643952900,1178.0,1178.0,1177.5,1177.8,1744
1643953200,1177.8,1179.05,1177.5,1178.7,5073
1643953500,1178.7,1180.0,1178.0,1179.2,3621
1643953800,1179.2,1179.2,1175.6,1175.8,7137
1643954100,1175.8,1176.4,1175.4,1176.2,6522
1643954400,1176.2,1176.3,1172.75,1173.9,10927
1643954700,1173.9,1175.9,1173.3,1174.0,14526
1643955000,1174.0,1175.3,1173.65,1174.45,4814
1643955300,1174.45,1176.65,1173.65,1174.6,19049
1643955600,1175.05,1175.1,1173.5,1174.0,8641
1643955900,1174.0,1174.8,1173.45,1174.0,3945
1643956200,1174.0,1174.75,1173.3,1173.85,6177
1643956500,1173.85,1175.0,1173.2,1174.45,7091
1643956800,1174.0,1174.45,1173.0,1174.05,4668
1643957100,1174.05,1174.1,1172.0,1172.35,5470
1643957400,1171.7,1172.5,1170.65,1172.2,8366
1643957700,1172.2,1172.2,1171.0,1172.05,3760
1643958000,1172.05,1174.1,1171.55,1173.95,3926
1643958300,1173.9,1173.9,1172.85,1173.1,3277
1643958600,1173.1,1173.2,1171.5,1172.05,7261
1643958900,1172.05,1172.05,1170.55,1170.65,4294
1643959200,1170.65,1170.7,1168.2,1168.8,12595
1643959500,1168.7,1169.85,1167.5,1168.15,7201
1643959800,1168.15,1168.6,1165.6,1168.0,8593
1643960100,1168.6,1168.6,1165.6,1166.1,4520
1643960400,1166.1,1167.95,1165.15,1167.05,5144
1643960700,1167.6,1170.0,1166.05,1169.25,6890
1643961000,1169.25,1171.95,1168.7,1171.5,9573
1643961300,1171.15,1174.0,1171.15,1173.95,6987
1643961600,1173.6,1174.9,1172.7,1173.7,6998
1643961900,1173.7,1174.35,1172.75,1174.1,4883
1643962200,1174.1,1175.4,1170.45,1173.6,35615
1643962500,1174.0,1175.6,1173.15,1174.55,73652
1643962800,1174.7,1175.5,1172.1,1173.4,15017
1643963100,1173.4,1174.25,1171.5,1172.25,11534
1643963400,1172.25,1174.8,1171.85,1174.35,6825
1643963700,1174.35,1175.45,1173.3,1173.8,4663
1643964000,1173.8,1175.4,1173.2,1175.25,7195
1643964300,1175.2,1175.55,1174.2,1175.25,17159
1643964600,1175.25,1175.5,1174.0,1174.5,9019
1643964900,1175.05,1175.5,1174.4,1175.3,8762
1643965200,1175.2,1175.5,1172.4,1173.65,8771
1643965500,1173.25,1175.15,1171.55,1173.7,9432
1643965800,1173.7,1174.35,1171.3,1173.05,5655
1643966100,1173.05,1174.7,1171.6,1171.6,5604
1643966400,1172.2,1172.6,1171.0,1171.7,6151
1643966700,1171.7,1172.4,1169.25,1169.25,6501
1643967000,1171.6,1171.6,1168.0,1169.35,15123
1643967300,1169.35,1172.0,1168.6,1172.0,15162
1643967600,1172.0,1174.0,1171.2,1171.8,19776
1643967900,1171.35,1174.0,1171.3,1173.85,40276
1643968200,1173.85,1174.0,1171.25,1172.5,56635
1643968500,1172.8,1172.95,1166.55,1170.0,26166
1644205500,1161.8,1171.7,1158.2,1167.65,23796
1644205800,1167.65,1171.15,1166.4,1167.15,8209
1644206100,1167.8,1167.8,1161.3,1163.6,18830
1644206400,1163.65,1165.75,1160.25,1164.1,17967
1644206700,1164.1,1165.1,1161.0,1162.35,4694
1644207000,1162.35,1164.0,1161.0,1161.75,5274
1644207300,1161.75,1166.2,1161.5,1165.0,8069
1644207600,1165.0,1165.65,1163.15,1164.0,3379
1644207900,1163.5,1164.35,1159.65,1159.65,7784
1644208200,1160.0,1160.1,1157.0,1158.8,7962
1644208500,1158.6,1160.0,1156.65,1157.4,3760
1644208800,1157.4,1157.4,1153.5,1154.3,10427
1644209100,1154.3,1156.05,1150.0,1151.65,19066
1644209400,1151.65,1154.75,1151.65,1153.25,7752
1644209700,1153.25,1154.45,1152.0,1153.3,5155
1644210000,1153.3,1154.85,1152.9,1154.65,3592
1644210300,1154.65,1155.8,1152.45,1153.55,6090
1644210600,1153.85,1154.85,1153.15,1153.7,3125
1644210900,1153.75,1154.9,1152.5,1154.9,6565
1644211200,1154.35,1154.9,1151.75,1151.75,3748
1644211500,1151.75,1153.3,1151.65,1152.15,3177
1644211800,1152.15,1152.75,1150.3,1151.2,3671
1644212100,1151.25,1151.85,1148.3,1151.4,13420
1644212400,1150.6,1151.15,1148.55,1149.95,6462
1644212700,1149.95,1149.95,1148.0,1148.4,4889
1644213000,1148.4,1149.4,1143.15,1143.9,29041
1644213300,1144.0,1144.7,1142.5,1143.4,14641
1644213600,1143.0,1145.85,1143.0,1144.7,54801
1644213900,1144.65,1150.9,1144.35,1150.85,26998
1644214200,1150.8,1152.7,1150.05,1152.35,27200
1644214500,1152.35,1157.15,1151.05,1156.8,53691
1644214800,1156.75,1160.85,1156.0,1159.1,21066
1644215100,1159.0,1159.6,1153.45,1154.4,17537
1644215400,1154.9,1157.4,1151.75,1152.25,56705
1644215700,1152.25,1152.85,1148.0,1148.2,31985
1644216000,1148.1,1149.4,1146.55,1148.45,29828
1644216300,1148.45,1149.3,1146.85,1147.45,16929
1644216600,1147.0,1148.55,1139.8,1145.0,105647
1644216900,1144.55,1145.8,1142.85,1143.15,11038
1644217200,1143.15,1145.75,1142.0,1142.0,35234
1644217500,1142.0,1142.6,1141.0,1141.65,16573
1644217800,1142.0,1145.35,1141.35,1143.35,30800
1644218100,1143.6,1144.1,1138.55,1138.85,73386
1644218400,1139.6,1140.0,1135.8,1136.15,36307
1644218700,1136.15,1137.45,1134.6,1136.85,31445
1644219000,1136.8,1138.5,1136.35,1137.35,15201
1644219300,1137.35,1138.0,1136.0,1136.25,9125
1644219600,1136.25,1137.05,1134.35,1135.9,21391
1644219900,1135.9,1138.45,1135.3,1136.95,21200
1644220200,1137.0,1138.2,1135.55,1136.0,10739
1644220500,1136.0,1138.0,1134.9,1137.4,10308
1644220800,1136.65,1138.15,1136.45,1137.5,10504
1644221100,1137.5,1138.0,1134.0,1134.65,22916
1644221400,1134.7,1135.8,1134.3,1134.9,14229
1644221700,1134.9,1136.55,1133.7,1134.25,32498
1644222000,1134.25,1135.15,1133.45,1134.0,26796
1644222300,1133.45,1134.7,1131.9,1132.1,17443
1644222600,1132.2,1135.0,1132.2,1134.2,37532
1644222900,1134.2,1141.0,1134.2,1140.05,38676
1644223200,1140.05,1141.45,1139.0,1139.9,20929
1644223500,1140.4,1142.8,1139.05,1141.4,14817
1644223800,1141.4,1142.95,1141.15,1141.5,5904
1644224100,1141.5,1143.55,1141.15,1143.15,9156
1644224400,1143.15,1143.75,1140.4,1142.25,13290
1644224700,1142.25,1143.0,1139.5,1140.0,11478
1644225000,1140.0,1141.0,1138.15,1139.25,10790
1644225300,1139.25,1139.95,1138.3,1139.65,6401
1644225600,1139.65,1141.95,1139.15,1141.05,7822
1644225900,1141.2,1142.0,1139.8,1141.0,12844
1644226200,1141.95,1142.2,1139.65,1141.3,28247
1644226500,1141.3,1145.4,1140.85,1144.3,22333
1644226800,1144.3,1146.95,1143.65,1144.2,26804
1644227100,1144.2,1146.0,1143.1,1143.5,25729
1644227400,1143.45,1145.2,1142.75,1145.0,55462
1644227700,1145.0,1146.3,1144.9,1146.3,29806
1644291900,1145.0,1149.0,1135.1,1142.6,32219
1644292200,1141.0,1142.95,1139.35,1141.85,13477
1644292500,1141.45,1143.25,1135.0,1143.25,24763
1644292800,1143.7,1143.9,1141.85,1143.6,8224
1644293100,1142.45,1146.95,1142.45,1143.0,21338
1644293400,1143.0,1146.1,1142.05,1144.05,55157
1644293700,1144.1,1144.5,1141.05,1143.15,27732
1644294000,1143.45,1144.0,1135.5,1135.5,10879
1644294300,1135.85,1138.7,1135.85,1138.0,16280
1644294600,1138.0,1138.85,1137.05,1138.55,11796
1644294900,1138.8,1138.8,1136.7,1137.95,19381
1644295200,1137.95,1139.5,1137.2,1139.05,9254
1644295500,1139.5,1139.65,1136.95,1137.55,7371
1644295800,1136.35,1138.3,1136.35,1138.2,6552
1644296100,1137.1,1139.75,1137.0,1137.3,15852
1644296400,1137.0,1137.25,1133.0,1133.9,9566
1644296700,1133.5,1134.85,1131.2,1132.1,19973
1644297000,1132.1,1132.1,1125.85,1127.65,26498
1644297300,1127.0,1129.0,1125.0,1125.95,12527
1644297600,1125.4,1129.9,1125.0,1125.15,29682
1644297900,1125.0,1127.3,1124.6,1125.55,17002
1644298200,1125.55,1127.1,1124.05,1126.75,15234
1644298500,1126.75,1126.9,1124.85,1125.6,16499
1644298800,1125.6,1130.3,1125.25,1128.0,16509
1644299100,1128.0,1130.2,1127.3,1130.2,10023
1644299400,1130.2,1132.0,1129.2,1130.0,6839
1644299700,1130.0,1132.7,1129.4,1130.65,9540
1644300000,1131.45,1131.45,1128.25,1129.95,5552
1644300300,1129.95,1133.75,1128.65,1132.95,12975
1644300600,1133.1,1134.2,1132.05,1132.75,9329
1644300900,1132.75,1133.5,1130.6,1132.8,4867
1644301200,1132.8,1134.15,1128.15,1129.05,65985
1644301500,1129.6,1130.35,1127.9,1128.65,18834
1644301800,1129.0,1129.0,1126.25,1127.45,12584
1644302100,1127.3,1129.4,1126.0,1126.15,17535
1644302400,1126.45,1128.5,1124.6,1126.5,47922
1644302700,1126.45,1128.65,1126.25,1126.65,14151
1644303000,1126.65,1128.5,1126.6,1127.55,11282
1644303300,1127.5,1127.9,1126.65,1127.9,6190
1644303600,1127.9,1128.5,1125.5,1125.5,8279
1644303900,1125.6,1127.8,1125.15,1126.65,26838
1644304200,1126.4,1127.8,1125.35,1125.6,7561
1644304500,1125.6,1131.75,1125.4,1130.0,51190
1644304800,1130.1,1131.6,1121.85,1122.35,51471
1644305100,1122.45,1123.7,1120.05,1121.9,8330
1644305400,1121.9,1122.8,1120.05,1120.95,12052
1644305700,1120.5,1121.6,1117.35,1118.2,50574
1644306000,1118.2,1121.95,1118.05,1119.95,28255
1644306300,1119.4,1122.7,1118.05,1121.3,16747
1644306600,1121.1,1123.5,1121.0,1122.55,11593
1644306900,1122.4,1124.0,1121.75,1122.45,10672
1644307200,1122.45,1124.8,1120.85,1124.45,10890
1644307500,1124.45,1125.85,1123.55,1125.05,12088
1644307800,1125.05,1126.85,1123.15,1124.65,11440
1644308100,1124.6,1125.85,1123.1,1123.8,17033
1644308400,1123.2,1125.65,1123.05,1124.5,10487
1644308700,1124.5,1125.4,1122.0,1123.45,14529
1644309000,1123.45,1125.25,1121.5,1123.6,21031
1644309300,1123.6,1125.85,1122.9,1124.6,13812
1644309600,1124.6,1126.0,1121.4,1121.9,15928
1644309900,1121.85,1123.65,1120.35,1122.9,18315
1644310200,1122.9,1125.0,1120.8,1124.85,14852
1644310500,1124.85,1126.0,1123.0,1125.95,15264
1644310800,1126.0,1127.65,1123.25,1125.25,19501
1644311100,1125.65,1125.7,1121.6,1124.45,13618
1644311400,1123.95,1126.5,1123.25,1126.45,19368
1644311700,1126.45,1127.55,1124.65,1126.75,37629
1644312000,1126.75,1130.6,1126.2,1129.0,22980
1644312300,1129.0,1131.35,1129.0,1129.75,22042
1644312600,1129.7,1133.45,1128.95,1131.95,27182
1644312900,1131.9,1133.25,1131.1,1132.4,30593
1644313200,1132.35,1133.15,1130.0,1132.6,36401
1644313500,1132.5,1132.5,1129.3,1130.9,40426
1644313800,1130.9,1131.75,1129.05,1131.75,40701
1644314100,1131.75,1132.4,1126.0,1128.85,43093
1644291900,1145.0,1149.0,1135.1,1142.6,32219
1644292200,1141.0,1142.95,1139.35,1141.85,13477
1644292500,1141.45,1143.25,1135.0,1143.25,24763
1644292800,1143.7,1143.9,1141.85,1143.6,8224
1644293100,1142.45,1146.95,1142.45,1143.0,21338
1644293400,1143.0,1146.1,1142.05,1144.05,55157
1644293700,1144.1,1144.5,1141.05,1143.15,27732
1644294000,1143.45,1144.0,1135.5,1135.5,10879
1644294300,1135.85,1138.7,1135.85,1138.0,16280
1644294600,1138.0,1138.85,1137.05,1138.55,11796
1644294900,1138.8,1138.8,1136.7,1137.95,19381
1644295200,1137.95,1139.5,1137.2,1139.05,9254
1644295500,1139.5,1139.65,1136.95,1137.55,7371
1644295800,1136.35,1138.3,1136.35,1138.2,6552
1644296100,1137.1,1139.75,1137.0,1137.3,15852
1644296400,1137.0,1137.25,1133.0,1133.9,9566
1644296700,1133.5,1134.85,1131.2,1132.1,19973
1644297000,1132.1,1132.1,1125.85,1127.65,26498
1644297300,1127.0,1129.0,1125.0,1125.95,12527
1644297600,1125.4,1129.9,1125.0,1125.15,29682
1644297900,1125.0,1127.3,1124.6,1125.55,17002
1644298200,1125.55,1127.1,1124.05,1126.75,15234
1644298500,1126.75,1126.9,1124.85,1125.6,16499
1644298800,1125.6,1130.3,1125.25,1128.0,16509
1644299100,1128.0,1130.2,1127.3,1130.2,10023
1644299400,1130.2,1132.0,1129.2,1130.0,6839
1644299700,1130.0,1132.7,1129.4,1130.65,9540
1644300000,1131.45,1131.45,1128.25,1129.95,5552
1644300300,1129.95,1133.75,1128.65,1132.95,12975
1644300600,1133.1,1134.2,1132.05,1132.75,9329
1644300900,1132.75,1133.5,1130.6,1132.8,4867
1644301200,1132.8,1134.15,1128.15,1129.05,65985
1644301500,1129.6,1130.35,1127.9,1128.65,18834
1644301800,1129.0,1129.0,1126.25,1127.45,12584
1644302100,1127.3,1129.4,1126.0,1126.15,17535
1644302400,1126.45,1128.5,1124.6,1126.5,47922
1644302700,1126.45,1128.65,1126.25,1126.65,14151
1644303000,1126.65,1128.5,1126.6,1127.55,11282
1644303300,1127.5,1127.9,1126.65,1127.9,6190
1644303600,1127.9,1128.5,1125.5,1125.5,8279
1644303900,1125.6,1127.8,1125.15,1126.65,26838
1644304200,1126.4,1127.8,1125.35,1125.6,7561
1644304500,1125.6,1131.75,1125.4,1130.0,51190
1644304800,1130.1,1131.6,1121.85,1122.35,51471
1644305100,1122.45,1123.7,1120.05,1121.9,8330
1644305400,1121.9,1122.8,1120.05,1120.95,12052
1644305700,1120.5,1121.6,1117.35,1118.2,50574
1644306000,1118.2,1121.95,1118.05,1119.95,28255
1644306300,1119.4,1122.7,1118.05,1121.3,16747
1644306600,1121.1,1123.5,1121.0,1122.55,11593
1644306900,1122.4,1124.0,1121.75,1122.45,10672
1644307200,1122.45,1124.8,1120.85,1124.45,10890
1644307500,1124.45,1125.85,1123.55,1125.05,12088
1644307800,1125.05,1126.85,1123.15,1124.65,11440
1644308100,1124.6,1125.85,1123.1,1123.8,17033
1644308400,1123.2,1125.65,1123.05,1124.5,10487
1644308700,1124.5,1125.4,1122.0,1123.45,14529
1644309000,1123.45,1125.25,1121.5,1123.6,21031
1644309300,1123.6,1125.85,1122.9,1124.6,13812
1644309600,1124.6,1126.0,1121.4,1121.9,15928
1644309900,1121.85,1123.65,1120.35,1122.9,18315
1644310200,1122.9,1125.0,1120.8,1124.85,14852
1644310500,1124.85,1126.0,1123.0,1125.95,15264
1644310800,1126.0,1127.65,1123.25,1125.25,19501
1644311100,1125.65,1125.7,1121.6,1124.45,13618
1644311400,1123.95,1126.5,1123.25,1126.45,19368
1644311700,1126.45,1127.55,1124.65,1126.75,37629
1644312000,1126.75,1130.6,1126.2,1129.0,22980
1644312300,1129.0,1131.35,1129.0,1129.75,22042
1644312600,1129.7,1133.45,1128.95,1131.95,27182
1644312900,1131.9,1133.25,1131.1,1132.4,30593
1644313200,1132.35,1133.15,1130.0,1132.6,36401
1644313500,1132.5,1132.5,1129.3,1130.9,40426
1644313800,1130.9,1131.75,1129.05,1131.75,40701
1644314100,1131.75,1132.4,1126.0,1128.85,43093
1644378300,1132.0,1137.5,1126.05,1134.15,108897
1644378600,1133.9,1137.0,1131.85,1135.95,34319
1644378900,1135.95,1137.7,1135.1,1136.25,21963
1644379200,1136.25,1138.7,1135.6,1138.05,16451
1644379500,1138.05,1140.65,1134.5,1134.5,44154
1644379800,1134.2,1137.35,1132.9,1137.35,31141
1644380100,1137.35,1138.8,1137.3,1138.75,14103
1644380400,1138.75,1140.8,1138.05,1140.3,14013
1644380700,1140.3,1140.3,1136.5,1136.95,12997
1644381000,1136.95,1137.35,1133.8,1134.9,13778
1644381300,1134.9,1134.9,1132.05,1132.85,15300
1644381600,1133.05,1133.15,1126.8,1128.95,33669
1644381900,1129.25,1129.25,1123.6,1123.8,28505
1644382200,1123.55,1126.0,1122.1,1124.65,25673
1644382500,1124.65,1125.2,1122.1,1122.65,20266
1644382800,1122.65,1127.45,1122.3,1122.55,19248
1644383100,1122.55,1125.25,1119.65,1122.95,37256
1644383400,1123.1,1123.8,1121.5,1122.75,42241
1644383700,1122.8,1124.65,1122.35,1124.6,11966
1644384000,1124.6,1125.0,1120.2,1121.85,90842
1644384300,1121.25,1123.1,1121.25,1122.45,6307
1644384600,1122.45,1122.45,1121.45,1122.05,6654
1644384900,1122.1,1122.45,1120.0,1121.6,10099
1644385200,1121.9,1123.15,1120.75,1122.3,6202
1644385500,1122.3,1123.05,1121.0,1122.7,7046
1644385800,1122.7,1124.55,1122.35,1124.25,12317
1644386100,1124.25,1125.65,1123.9,1125.0,10510
1644386400,1125.0,1125.3,1123.2,1123.45,8802
1644386700,1122.95,1124.35,1121.85,1123.35,43506
1644387000,1123.85,1124.35,1123.4,1124.0,7356
1644387300,1124.0,1124.35,1123.5,1124.0,13402
1644387600,1124.0,1124.1,1123.2,1123.85,7825
1644387900,1123.85,1123.85,1122.7,1122.9,4832
1644388200,1122.85,1123.35,1122.5,1123.2,6731
1644388500,1123.25,1124.5,1122.5,1123.75,14725
1644388800,1124.25,1126.45,1123.5,1124.05,25671
1644389100,1124.0,1126.8,1123.4,1124.1,14950
1644389400,1124.1,1125.45,1123.35,1125.2,10768
1644389700,1125.2,1126.9,1125.2,1126.9,10387
1644390000,1126.5,1128.55,1124.0,1124.35,37892
1644390300,1124.55,1126.0,1123.3,1125.1,21271
1644390600,1125.1,1126.25,1124.6,1124.9,14414
1644390900,1124.85,1126.55,1124.65,1125.0,7380
1644391200,1125.25,1126.3,1124.9,1126.3,4415
1644391500,1126.3,1126.85,1125.9,1126.1,6842
1644391800,1126.6,1128.2,1126.0,1126.1,12593
1644392100,1126.2,1126.8,1123.6,1124.0,13112
1644392400,1124.0,1125.6,1124.0,1124.05,10549
1644392700,1124.3,1126.95,1124.2,1126.4,8952
1644393000,1126.95,1127.85,1125.8,1127.25,13237
1644393300,1127.25,1127.7,1125.85,1126.3,13442
1644393600,1126.65,1127.35,1125.75,1126.55,17511
1644393900,1126.9,1127.25,1126.0,1126.4,9073
1644394200,1126.4,1127.45,1125.45,1126.2,14143
1644394500,1126.45,1126.45,1124.0,1124.35,11707
1644394800,1124.95,1125.75,1124.3,1124.7,13517
1644395100,1124.7,1125.8,1123.2,1124.45,35756
1644395400,1125.05,1125.7,1123.05,1124.25,24220
1644395700,1124.95,1125.9,1123.1,1123.95,31337
1644396000,1123.5,1125.5,1123.3,1124.45,42665
1644396300,1124.85,1125.25,1123.35,1124.6,37541
1644396600,1124.55,1124.9,1120.5,1120.5,36991
1644396900,1120.9,1120.9,1118.0,1118.55,28484
1644397200,1118.55,1119.95,1118.55,1119.55,10156
1644397500,1119.7,1122.35,1119.55,1121.25,17295
1644397800,1121.1,1126.95,1121.0,1125.05,55456
1644398100,1125.35,1126.5,1123.45,1123.45,20588
1644398400,1123.45,1124.5,1121.9,1122.4,30413
1644398700,1122.4,1124.3,1121.45,1123.4,32227
1644399000,1123.8,1126.9,1123.15,1126.45,44617
1644399300,1126.5,1128.6,1125.05,1127.4,41062
1644399600,1127.75,1128.4,1124.35,1125.1,32609
1644399900,1125.15,1126.05,1123.35,1124.05,43074
1644400200,1124.05,1126.6,1124.0,1125.3,40992
1644400500,1125.3,1128.95,1125.15,1128.95,35483
1644464700,1125.0,1130.65,1121.7,1125.15,42371
1644465000,1125.45,1126.35,1118.55,1120.95,35848
1644465300,1120.95,1122.55,1119.0,1119.8,15674
1644465600,1119.8,1120.0,1112.7,1113.7,46905
1644465900,1113.7,1115.0,1111.2,1112.8,20928
1644466200,1112.9,1113.85,1108.45,1109.95,24515
1644466500,1109.05,1111.7,1108.0,1110.05,18801
1644466800,1110.0,1111.85,1109.3,1111.05,13849
1644467100,1111.05,1111.05,1108.2,1109.25,17873
1644467400,1109.25,1110.95,1108.0,1109.95,22162
1644467700,1109.95,1114.45,1109.95,1113.0,19066
1644468000,1113.0,1113.65,1112.4,1113.0,15996
1644468300,1113.0,1115.95,1113.0,1115.4,22151
1644468600,1115.4,1116.4,1114.25,1116.35,15966
1644468900,1116.4,1118.95,1116.4,1118.55,21997
1644469200,1118.35,1119.3,1118.0,1119.25,12139
1644469500,1119.25,1121.55,1118.25,1121.0,15449
1644469800,1121.0,1121.35,1119.85,1120.85,17527
1644470100,1120.85,1121.95,1120.35,1121.95,14368
1644470400,1121.9,1123.7,1121.65,1121.8,16289
1644470700,1121.8,1122.05,1121.0,1121.2,17428
1644471000,1121.2,1122.95,1120.0,1122.95,19450
1644471300,1123.0,1124.2,1121.75,1122.0,14505
1644471600,1122.0,1123.85,1121.75,1123.6,13761
1644471900,1123.6,1125.15,1122.95,1124.85,12578
1644472200,1124.9,1125.25,1123.55,1123.9,17707
1644472500,1123.95,1126.65,1122.85,1126.4,20012
1644472800,1126.2,1126.55,1125.5,1126.0,14718
1644473100,1126.0,1127.8,1125.7,1127.6,15771
1644473400,1127.65,1131.3,1127.6,1130.4,57278
1644473700,1130.05,1131.5,1127.15,1130.7,42860
1644474000,1130.7,1131.15,1129.55,1130.9,30874
1644474300,1130.9,1132.9,1130.55,1131.95,29700
1644474600,1132.0,1134.6,1131.9,1133.95,39609
1644474900,1134.0,1136.0,1133.0,1136.0,26089
1644475200,1136.0,1136.75,1133.5,1135.05,30115
1644475500,1135.05,1137.55,1133.4,1133.5,26289
1644475800,1133.5,1135.0,1131.55,1134.5,27412
1644476100,1134.45,1135.7,1134.0,1135.7,16079
1644476400,1135.7,1136.4,1135.1,1136.3,21367
1644476700,1136.3,1137.6,1136.1,1137.15,22227
1644477000,1137.15,1139.35,1137.15,1139.05,21958
1644477300,1139.05,1139.4,1137.65,1137.95,17889
1644477600,1137.9,1140.0,1137.4,1137.75,33506
1644477900,1137.9,1138.1,1136.6,1137.15,20551
1644478200,1137.2,1137.2,1134.2,1134.5,23773
1644478500,1135.2,1135.75,1133.4,1135.0,21384
1644478800,1135.0,1136.35,1135.0,1136.05,14287
1644479100,1136.05,1136.05,1135.2,1136.05,19608
1644479400,1136.05,1136.25,1135.05,1135.7,15920
1644479700,1135.7,1138.85,1135.7,1137.55,11841
1644480000,1137.55,1139.5,1137.05,1139.1,34391
1644480300,1139.1,1140.75,1138.55,1140.1,52475
1644480600,1140.1,1142.7,1140.0,1140.8,23224
1644480900,1140.65,1141.5,1139.9,1141.5,19895
1644481200,1141.5,1142.25,1140.0,1140.35,25421
1644481500,1140.35,1142.5,1139.7,1140.7,70930
1644481800,1140.45,1142.25,1140.0,1141.4,20237
1644482100,1141.4,1143.85,1141.4,1143.5,25824
1644482400,1143.6,1143.85,1141.9,1143.05,23900
1644482700,1143.05,1145.25,1143.0,1144.6,64462
1644483000,1144.6,1144.6,1140.0,1142.55,26819
1644483300,1142.55,1142.55,1141.0,1141.15,12900
1644483600,1141.15,1142.05,1141.05,1141.95,13481
1644483900,1141.95,1146.0,1141.55,1145.25,20599
1644484200,1145.2,1145.25,1143.0,1143.6,27372
1644484500,1143.6,1144.8,1142.1,1142.7,18513
1644484800,1142.65,1142.95,1141.15,1142.0,42565
1644485100,1142.05,1145.4,1142.05,1144.85,32176
1644485400,1144.85,1148.5,1144.85,1147.9,54531
1644485700,1147.85,1150.0,1143.6,1146.2,62078
1644486000,1146.15,1147.25,1144.15,1146.1,53608
1644486300,1146.4,1147.8,1145.9,1146.7,57613
1644486600,1146.75,1147.0,1144.0,1145.85,67472
1644486900,1145.85,1147.5,1145.5,1147.5,31049
1644551100,1144.85,1144.85,1128.1,1131.8,75641
1644551400,1131.8,1138.8,1127.55,1135.25,70464
1644551700,1135.85,1140.75,1132.0,1138.8,37681
1644552000,1138.4,1139.15,1133.05,1134.65,22890
1644552300,1134.65,1138.4,1131.95,1136.3,18983
1644552600,1136.25,1136.35,1131.15,1132.3,16214
1644552900,1132.3,1132.75,1130.6,1131.15,10073
1644553200,1131.8,1131.8,1127.85,1129.35,18048
1644553500,1128.9,1130.6,1128.0,1128.0,13461
1644553800,1128.0,1128.0,1125.0,1127.55,16671
1644554100,1127.65,1129.4,1126.85,1127.8,9571
1644554400,1127.8,1127.8,1126.0,1126.1,8410
1644554700,1126.1,1126.7,1125.1,1126.0,13931
1644555000,1125.5,1127.45,1124.0,1127.25,17209
1644555300,1127.1,1133.0,1127.1,1131.85,38971
1644555600,1131.2,1138.5,1130.65,1137.35,78239
1644555900,1136.6,1136.65,1134.4,1135.45,57025
1644556200,1135.25,1136.2,1134.45,1135.0,12176
1644556500,1135.0,1136.65,1134.7,1136.35,13225
1644556800,1136.35,1136.35,1134.5,1135.4,5552
1644557100,1135.75,1136.0,1134.85,1135.6,12359
1644557400,1136.0,1138.55,1134.6,1135.0,28944
1644557700,1135.0,1137.5,1134.7,1135.75,21175
1644558000,1135.75,1136.8,1134.5,1135.6,27046
1644558300,1135.6,1139.8,1135.3,1138.7,30411
1644558600,1138.7,1140.5,1137.35,1137.35,21157
1644558900,1137.35,1139.9,1136.1,1139.0,15302
1644559200,1138.85,1139.5,1137.5,1138.5,11294
1644559500,1138.5,1138.65,1136.5,1137.05,14161
1644559800,1137.15,1140.0,1137.15,1139.85,21835
1644560100,1139.85,1140.8,1138.6,1140.2,18636
1644560400,1140.2,1140.5,1136.0,1138.0,50178
1644560700,1138.0,1139.5,1135.0,1139.5,21812
1644561000,1139.25,1139.7,1137.0,1138.15,15339
1644561300,1138.15,1140.1,1137.9,1139.65,16183
1644561600,1139.65,1142.05,1139.0,1141.25,17498
1644561900,1141.65,1141.65,1139.7,1139.75,5279
1644562200,1139.75,1141.45,1138.45,1140.05,10008
1644562500,1140.0,1140.05,1138.85,1139.9,5867
1644562800,1139.9,1140.5,1138.65,1140.0,4691
1644563100,1140.0,1143.95,1136.65,1141.85,27384
1644563400,1141.85,1142.9,1140.0,1141.2,12104
1644563700,1141.2,1142.0,1138.6,1140.35,8143
1644564000,1140.35,1140.35,1137.85,1138.6,3792
1644564300,1138.6,1139.95,1138.0,1138.4,8457
1644564600,1138.4,1139.1,1136.1,1137.95,14797
1644564900,1137.95,1137.95,1136.0,1136.45,6361
1644565200,1136.45,1136.85,1136.0,1136.85,4932
1644565500,1136.85,1136.85,1135.0,1135.45,14860
1644565800,1135.7,1135.95,1135.0,1135.45,6503
1644566100,1135.45,1136.3,1135.0,1135.95,12261
1644566400,1135.95,1137.95,1135.0,1137.8,12772
1644566700,1137.75,1139.25,1137.0,1139.1,14933
1644567000,1139.15,1140.0,1137.0,1140.0,12679
1644567300,1140.0,1140.45,1138.3,1139.3,11402
1644567600,1139.3,1139.3,1136.7,1137.75,10578
1644567900,1137.75,1139.05,1136.8,1138.2,15557
1644568200,1138.05,1138.2,1135.7,1135.7,12352
1644568500,1135.7,1136.6,1134.5,1134.75,32312
1644568800,1134.75,1137.5,1133.5,1136.75,39541
1644569100,1137.0,1137.35,1135.05,1135.05,15256
1644569400,1135.05,1136.65,1135.0,1135.95,28697
1644569700,1135.55,1136.6,1134.5,1136.35,34744
1644570000,1136.25,1136.65,1134.0,1135.8,40067
1644570300,1135.8,1136.55,1133.95,1134.85,35815
1644570600,1134.55,1134.85,1129.65,1130.75,27371
1644570900,1130.75,1130.75,1128.0,1128.85,18451
1644571200,1128.85,1130.8,1127.0,1129.95,20559
1644571500,1129.95,1130.45,1127.55,1130.0,27310
1644571800,1130.45,1134.8,1129.3,1132.95,51137
1644572100,1133.5,1133.5,1131.3,1132.15,33439
1644572400,1132.15,1132.95,1130.75,1131.9,40456
1644572700,1132.05,1135.0,1131.25,1133.0,128500
1644573000,1134.0,1135.2,1132.45,1133.85,137948
1644573300,1134.0,1134.7,1127.3,1128.0,93414
1644810300,1125.0,1127.0,1096.1,1098.5,98219
1644810600,1099.3,1108.0,1091.35,1105.45,67763
1644810900,1104.55,1107.9,1101.2,1106.55,49097
1644811200,1106.3,1111.6,1104.1,1106.0,67048
1644811500,1105.5,1111.1,1103.6,1103.85,48439
1644811800,1103.85,1107.9,1102.75,1105.65,35166
1644812100,1105.1,1107.9,1103.45,1107.9,21362
1644812400,1107.9,1108.5,1102.4,1105.9,22362
1644812700,1106.3,1109.75,1105.5,1108.9,18748
1644813000,1108.9,1113.95,1107.1,1110.2,29155
1644813300,1110.2,1112.8,1108.15,1109.6,36866
1644813600,1109.55,1112.8,1108.3,1112.8,71759
1644813900,1112.8,1113.0,1110.0,1112.75,18860
1644814200,1112.75,1117.3,1112.25,1115.45,18626
1644814500,1115.45,1116.5,1111.8,1116.0,17360
1644814800,1116.0,1118.0,1114.0,1115.9,16081
1644815100,1115.9,1118.0,1113.0,1115.35,14952
1644815400,1115.35,1115.35,1111.0,1111.0,6435
1644815700,1111.0,1111.15,1108.0,1109.1,11778
1644816000,1109.1,1111.25,1108.15,1111.25,105024
1644816300,1111.5,1113.8,1110.65,1111.8,69242
1644816600,1111.8,1116.4,1109.55,1110.25,158641
1644816900,1110.25,1114.5,1103.8,1112.95,61488
1644817200,1112.95,1115.95,1111.7,1114.3,54227
1644817500,1114.2,1116.4,1109.55,1109.95,131105
1644817800,1110.25,1110.45,1104.5,1107.35,79217
1644818100,1107.3,1109.0,1105.1,1108.4,53154
1644818400,1108.4,1111.7,1107.75,1110.7,18320
1644818700,1111.0,1111.0,1107.5,1108.7,17561
1644819000,1108.85,1111.0,1104.3,1109.75,34570
1644819300,1109.75,1110.6,1106.5,1108.05,37130
1644819600,1107.3,1110.4,1107.3,1109.15,22096
1644819900,1109.15,1111.75,1108.3,1111.55,17016
1644820200,1112.2,1113.3,1110.0,1112.4,44963
1644820500,1112.45,1112.95,1108.55,1109.1,16368
1644820800,1109.1,1111.55,1108.35,1110.2,27459
1644821100,1110.0,1113.65,1108.3,1110.5,50786
1644821400,1110.6,1112.45,1109.1,1111.4,49104
1644821700,1111.3,1114.25,1111.1,1113.9,32986
1644822000,1113.9,1113.95,1111.35,1112.6,13648
1644822300,1112.6,1112.95,1111.0,1112.55,11199
1644822600,1111.85,1112.65,1107.0,1107.7,35235
1644822900,1107.0,1108.25,1105.8,1106.25,11946
1644823200,1106.75,1107.85,1105.35,1107.7,20546
1644823500,1107.7,1108.95,1106.85,1108.3,10161
1644823800,1108.25,1109.55,1107.5,1109.45,10325
1644824100,1109.45,1110.3,1108.0,1109.55,10079
1644824400,1109.05,1110.5,1108.55,1110.5,11365
1644824700,1110.5,1110.7,1108.95,1110.65,10084
1644825000,1110.65,1111.55,1107.9,1109.25,13182
1644825300,1109.25,1111.3,1108.0,1109.5,9781
1644825600,1109.5,1109.7,1107.05,1109.55,10427
1644825900,1109.6,1109.6,1106.9,1107.8,10691
1644826200,1107.5,1107.95,1103.6,1106.2,26880
1644826500,1106.2,1106.7,1104.2,1106.65,12995
1644826800,1106.55,1106.95,1105.0,1106.45,10603
1644827100,1106.45,1106.45,1103.85,1104.05,12797
1644827400,1104.05,1106.0,1103.2,1105.85,15034
1644827700,1105.95,1106.15,1103.05,1104.35,16578
1644828000,1104.35,1105.5,1103.05,1104.35,20054
1644828300,1104.4,1105.3,1103.2,1104.25,12712
1644828600,1104.15,1104.5,1101.65,1102.2,10666
1644828900,1102.15,1102.5,1100.0,1101.15,12961
1644829200,1101.15,1101.15,1097.0,1097.6,40476
1644829500,1097.6,1100.5,1095.35,1099.9,20125
1644829800,1099.7,1100.0,1098.0,1098.95,17327
1644830100,1098.95,1100.75,1098.05,1100.55,19979
1644830400,1100.65,1101.0,1099.2,1100.4,10634
1644830700,1100.0,1101.6,1099.9,1100.3,12391
1644831000,1100.3,1101.2,1098.2,1100.6,23202
1644831300,1100.3,1100.85,1096.85,1098.9,23207
1644831600,1098.95,1099.55,1095.0,1096.45,41694
1644831900,1096.15,1097.9,1095.35,1096.0,37576
1644832200,1095.95,1097.1,1094.3,1094.3,47252
1644832500,1094.4,1100.0,1090.0,1099.0,62477
1644896700,1096.0,1107.25,1093.0,1096.95,34386
1644897000,1098.35,1108.9,1098.05,1101.65,21077
1644897300,1101.7,1101.95,1092.75,1095.2,27914
1644897600,1094.95,1096.1,1092.1,1094.0,12089
1644897900,1094.0,1095.65,1090.0,1090.05,12337
1644898200,1090.05,1092.35,1086.2,1089.15,29233
1644898500,1089.15,1093.5,1088.05,1089.85,17961
1644898800,1089.85,1092.15,1088.75,1090.95,11926
1644899100,1090.95,1090.95,1086.6,1086.6,8988
1644899400,1086.7,1095.4,1086.25,1094.85,23645
1644899700,1094.65,1094.65,1091.2,1093.0,15271
1644900000,1093.0,1093.25,1091.65,1092.2,12968
1644900300,1092.6,1097.85,1092.6,1095.95,8050
1644900600,1095.4,1097.4,1093.7,1096.95,8785
1644900900,1096.95,1102.35,1093.3,1096.8,72797
1644901200,1096.7,1100.3,1095.35,1095.35,25598
1644901500,1095.65,1097.7,1095.3,1097.15,9151
1644901800,1097.15,1098.25,1095.2,1095.7,5433
1644902100,1095.65,1097.8,1095.15,1095.55,9945
1644902400,1095.6,1096.3,1094.05,1094.85,5320
1644902700,1094.85,1097.85,1094.8,1096.45,11682
1644903000,1096.45,1097.85,1095.1,1097.7,6349
1644903300,1097.75,1101.55,1097.65,1100.0,20952
1644903600,1100.5,1102.0,1097.6,1099.95,32235
1644903900,1099.95,1101.6,1098.65,1100.65,5642
1644904200,1100.95,1102.75,1100.4,1100.55,8359
1644904500,1101.0,1101.1,1098.55,1100.65,6972
1644904800,1100.65,1101.6,1100.65,1101.35,3427
1644905100,1101.05,1103.95,1099.95,1102.65,12684
1644905400,1102.65,1103.05,1101.0,1102.55,8099
1644905700,1102.4,1106.9,1102.25,1103.65,13981
1644906000,1103.65,1104.55,1102.45,1103.7,7254
1644906300,1103.7,1105.55,1103.65,1104.5,7866
1644906600,1104.15,1106.3,1104.0,1104.4,5105
1644906900,1104.4,1104.7,1103.0,1104.0,5485
1644907200,1104.3,1105.5,1104.1,1104.4,7844
1644907500,1104.4,1107.75,1104.4,1106.0,8846
1644907800,1106.05,1107.2,1104.05,1104.55,8777
1644908100,1104.55,1106.0,1103.85,1103.85,5804
1644908400,1103.85,1105.25,1102.75,1104.2,119625
1644908700,1104.2,1107.75,1103.7,1107.05,9140
1644909000,1107.15,1107.9,1106.0,1106.35,52992
1644909300,1106.75,1107.6,1105.7,1107.25,3422
1644909600,1107.25,1111.05,1107.2,1107.35,12108
1644909900,1107.1,1108.8,1106.45,1108.1,4837
1644910200,1108.8,1114.0,1107.8,1112.85,26620
1644910500,1112.8,1113.25,1108.9,1109.6,8865
1644910800,1109.6,1111.65,1104.45,1105.5,18188
1644911100,1105.5,1107.4,1103.95,1105.1,13174
1644911400,1105.0,1105.0,1103.35,1103.85,6714
1644911700,1103.85,1105.9,1103.35,1104.65,7691
1644912000,1104.7,1106.0,1104.0,1105.05,5023
1644912300,1105.05,1108.65,1104.5,1106.85,7488
1644912600,1107.4,1109.6,1105.95,1108.4,8997
1644912900,1108.45,1110.7,1108.4,1110.55,8621
1644913200,1110.05,1112.3,1109.05,1112.0,8850
1644913500,1112.25,1114.85,1111.4,1113.55,10209
1644913800,1113.55,1117.95,1113.55,1117.65,12210
1644914100,1117.65,1119.6,1117.0,1118.15,7865
1644914400,1118.15,1121.0,1117.65,1120.9,13048
1644914700,1120.9,1122.0,1120.0,1120.8,8100
1644915000,1120.75,1120.85,1118.0,1118.0,11175
1644915300,1118.0,1121.5,1117.6,1120.7,7436
1644915600,1120.7,1123.2,1118.7,1121.35,43506
1644915900,1121.6,1122.5,1118.75,1119.05,5619
1644916200,1119.05,1119.55,1114.1,1116.85,22869
1644916500,1116.9,1116.9,1115.15,1116.0,3736
1644916800,1116.1,1119.8,1115.6,1117.45,8684
1644917100,1117.75,1119.1,1116.1,1117.5,9017
1644917400,1118.0,1120.15,1117.9,1118.85,17798
1644917700,1118.85,1121.0,1118.85,1120.25,27039
1644918000,1120.25,1120.55,1118.55,1120.0,19507
1644918300,1120.0,1121.35,1118.0,1120.1,46701
1644918600,1120.1,1121.8,1118.85,1121.8,39997
1644918900,1121.6,1123.65,1116.5,1119.3,47311
1644983100,1128.0,1131.5,1123.05,1123.95,33631
1644983400,1123.95,1125.65,1117.6,1123.5,19095
1644983700,1123.0,1124.4,1120.8,1122.8,4827
1644984000,1122.8,1128.0,1122.0,1122.95,5299
1644984300,1122.95,1126.15,1122.0,1124.6,7788
1644984600,1124.6,1129.15,1124.45,1126.6,10595
1644984900,1126.6,1127.15,1122.95,1127.0,5376
1644985200,1126.65,1128.85,1121.0,1122.55,13652
1644985500,1122.0,1122.75,1119.0,1121.35,5388
1644985800,1121.35,1125.9,1119.35,1122.3,31696
1644986100,1122.3,1125.1,1122.3,1122.65,5179
1644986400,1122.65,1124.0,1122.1,1123.2,1813
1644986700,1123.15,1127.35,1121.35,1127.05,11242
1644987000,1127.0,1129.0,1126.25,1127.0,7564
1644987300,1127.6,1127.8,1125.2,1126.6,2629
1644987600,1126.6,1126.6,1123.0,1124.25,5012
1644987900,1124.25,1124.5,1117.65,1117.7,42876
1644988200,1117.65,1120.0,1115.4,1118.75,27605
1644988500,1119.55,1119.6,1116.35,1117.15,3315
1644988800,1117.2,1118.2,1111.7,1112.2,35794
1644989100,1112.55,1114.4,1109.1,1109.3,12359
1644989400,1109.3,1111.3,1108.3,1110.0,7552
1644989700,1110.0,1110.15,1107.4,1108.5,7243
1644990000,1108.5,1108.55,1106.55,1108.0,4564
1644990300,1108.0,1112.35,1107.1,1111.0,10956
1644990600,1111.0,1112.45,1110.15,1112.45,4267
1644990900,1111.8,1112.7,1110.0,1111.4,12559
1644991200,1111.4,1111.5,1108.45,1108.45,10343
1644991500,1109.95,1111.4,1107.8,1110.5,46499
1644991800,1110.5,1111.0,1110.05,1110.85,11158
1644992100,1110.75,1111.3,1110.0,1111.0,4372
1644992400,1111.0,1111.0,1110.1,1111.0,2375
1644992700,1111.0,1111.3,1110.2,1111.2,1265
1644993000,1111.2,1111.5,1102.0,1103.7,142320
1644993300,1103.7,1111.85,1103.4,1110.0,19579
1644993600,1110.0,1112.0,1110.0,1111.55,18446
1644993900,1111.55,1118.0,1110.6,1115.0,73789
1644994200,1115.0,1117.0,1113.9,1116.7,26064
1644994500,1116.9,1117.95,1116.65,1116.9,23205
1644994800,1116.9,1118.1,1116.5,1117.3,8089
1644995100,1117.3,1118.0,1116.6,1117.3,10414
1644995400,1117.4,1118.0,1116.05,1117.0,12586
1644995700,1117.0,1120.0,1116.7,1119.95,16367
1644996000,1119.95,1120.0,1115.9,1117.1,16197
1644996300,1117.1,1118.85,1116.65,1118.65,7515
1644996600,1118.65,1119.6,1118.0,1118.75,6669
1644996900,1118.75,1118.75,1116.7,1117.75,6708
1644997200,1118.0,1119.5,1117.6,1117.65,7380
1644997500,1117.85,1118.15,1116.2,1116.7,6393
1644997800,1117.1,1120.0,1116.7,1119.6,7043
1644998100,1119.6,1121.0,1117.45,1119.3,10830
1644998400,1119.6,1121.95,1119.35,1119.85,5650
1644998700,1119.75,1121.45,1119.1,1120.75,7218
1644999000,1120.75,1123.0,1120.3,1123.0,6325
1644999300,1122.95,1127.8,1122.8,1127.8,19080
1644999600,1127.8,1128.0,1126.0,1126.65,10116
1644999900,1126.65,1128.5,1125.0,1126.85,13023
1645000200,1126.85,1127.75,1125.75,1127.35,10409
1645000500,1127.35,1129.8,1125.6,1127.15,41165
1645000800,1127.15,1127.8,1123.3,1126.0,13775
1645001100,1126.0,1127.5,1124.05,1124.4,9235
1645001400,1124.4,1124.4,1120.4,1121.15,18906
1645001700,1121.0,1129.0,1120.8,1127.0,31267
1645002000,1127.0,1130.0,1126.95,1128.95,9104
1645002300,1128.65,1129.0,1124.2,1124.2,14013
1645002600,1124.15,1126.85,1121.5,1125.55,25701
1645002900,1125.7,1129.25,1122.85,1124.1,27746
1645003200,1124.0,1124.55,1120.0,1121.05,9690
1645003500,1121.0,1123.55,1120.0,1122.65,10888
1645003800,1123.0,1125.3,1120.3,1121.35,20233
1645004100,1121.65,1122.05,1118.15,1120.9,18267
1645004400,1120.9,1123.25,1119.8,1123.25,18705
1645004700,1123.35,1123.9,1120.0,1123.05,47735
1645005000,1123.1,1125.4,1120.05,1121.6,52116
1645005300,1122.4,1127.45,1116.4,1127.45,16746
1645069500,1128.0,1128.7,1121.5,1127.5,28953
1645069800,1127.5,1127.85,1124.15,1126.0,11535
1645070100,1125.4,1125.9,1118.2,1118.95,9870
1645070400,1118.95,1118.95,1114.1,1114.15,11670
1645070700,1114.3,1116.35,1111.9,1114.9,9934
1645071000,1114.9,1118.3,1112.5,1113.75,8134
1645071300,1114.45,1116.8,1112.05,1116.2,9692
1645071600,1116.45,1118.0,1115.15,1118.0,11991
1645071900,1118.0,1118.0,1112.45,1115.95,15284
1645072200,1115.9,1116.85,1114.5,1115.8,3721
1645072500,1115.8,1116.7,1114.15,1114.2,5068
1645072800,1114.5,1115.25,1112.85,1115.15,3799
1645073100,1115.0,1115.5,1114.0,1115.0,2951
1645073400,1115.0,1115.8,1114.6,1115.25,9997
1645073700,1115.25,1115.9,1113.65,1115.3,27933
1645074000,1115.3,1116.1,1112.8,1115.5,32955
1645074300,1115.05,1116.3,1114.5,1116.0,13635
1645074600,1116.0,1116.95,1115.0,1116.95,8671
1645074900,1116.95,1118.35,1115.9,1117.1,80577
1645075200,1117.45,1117.45,1114.8,1116.35,7400
1645075500,1116.35,1117.85,1115.15,1116.7,111428
1645075800,1116.7,1118.8,1116.0,1118.15,9266
1645076100,1118.15,1121.35,1117.6,1120.0,10681
1645076400,1120.0,1120.9,1118.8,1119.5,4983
1645076700,1119.5,1123.7,1118.8,1122.6,16016
1645077000,1122.6,1122.75,1120.1,1121.7,8268
1645077300,1121.7,1121.75,1120.25,1120.85,5245
1645077600,1120.9,1122.0,1120.45,1121.55,4625
1645077900,1121.55,1121.9,1118.6,1118.75,5001
1645078200,1118.6,1120.8,1116.9,1120.05,10060
1645078500,1120.25,1121.95,1119.0,1120.35,5674
1645078800,1120.55,1120.95,1118.35,1118.35,3105
1645079100,1118.35,1121.0,1118.25,1120.15,3253
1645079400,1120.3,1122.0,1120.0,1121.95,5867
1645079700,1122.0,1123.25,1121.0,1122.0,5606
1645080000,1122.0,1123.0,1121.1,1121.95,3818
1645080300,1121.95,1125.65,1120.5,1124.4,12643
1645080600,1124.4,1125.8,1122.95,1124.5,7096
1645080900,1124.5,1126.5,1124.25,1124.25,8053
1645081200,1124.25,1126.25,1124.25,1125.9,5320
1645081500,1125.85,1126.8,1124.0,1124.3,4797
1645081800,1124.1,1126.0,1123.8,1124.45,4682
1645082100,1124.85,1126.55,1124.25,1125.35,7297
1645082400,1125.35,1125.8,1123.5,1123.65,26806
1645082700,1123.7,1124.65,1122.5,1122.55,9619
1645083000,1122.55,1123.8,1122.3,1122.45,7400
1645083300,1122.4,1123.15,1122.0,1122.05,9388
1645083600,1122.0,1123.0,1121.2,1121.65,6532
1645083900,1121.65,1123.0,1120.95,1121.2,10359
1645084200,1120.95,1121.25,1120.0,1120.5,15018
1645084500,1120.5,1124.0,1120.0,1123.5,9443
1645084800,1122.95,1127.0,1122.95,1125.75,9524
1645085100,1125.8,1127.0,1124.65,1126.25,3875
1645085400,1126.25,1127.85,1125.3,1127.45,6458
1645085700,1127.45,1131.0,1126.15,1130.95,15833
1645086000,1130.95,1130.95,1127.15,1128.95,10258
1645086300,1128.95,1129.25,1124.6,1125.7,11215
1645086600,1125.7,1128.35,1124.9,1126.4,10488
1645086900,1126.4,1127.0,1124.0,1127.0,11830
1645087200,1127.8,1128.0,1125.4,1126.5,8666
1645087500,1126.85,1128.6,1124.95,1128.0,17348
1645087800,1128.25,1129.95,1127.75,1129.95,15344
1645088100,1130.0,1132.85,1128.95,1129.0,57689
1645088400,1129.0,1130.0,1126.0,1129.45,31436
1645088700,1129.45,1130.45,1127.65,1130.3,13061
1645089000,1130.3,1130.75,1127.75,1129.05,13261
1645089300,1128.95,1129.8,1125.0,1126.15,13370
1645089600,1126.7,1129.45,1126.7,1129.0,9574
1645089900,1129.0,1129.3,1127.0,1128.0,8040
1645090200,1127.95,1130.35,1127.55,1128.05,24917
1645090500,1128.35,1130.3,1128.2,1130.0,21300
1645090800,1130.0,1130.05,1125.0,1127.0,20143
1645091100,1127.55,1131.0,1124.8,1129.7,104305
1645091400,1129.7,1129.75,1116.9,1118.15,50222
1645091700,1118.2,1125.65,1117.55,1121.1,22059
1645155900,1124.8,1129.4,1111.35,1125.9,30192
1645156200,1125.9,1130.0,1123.95,1130.0,10854
1645156500,1130.0,1136.3,1130.0,1136.0,22466
1645156800,1136.0,1138.5,1135.0,1136.0,20811
1645157100,1136.0,1137.6,1135.05,1136.0,12354
1645157400,1136.0,1136.15,1132.4,1135.75,21761
1645157700,1135.75,1135.95,1132.95,1135.3,7057
1645158000,1135.4,1139.55,1135.15,1138.9,19638
1645158300,1138.9,1139.0,1137.15,1137.9,15093
1645158600,1137.9,1142.0,1136.45,1142.0,20691
1645158900,1142.0,1142.45,1134.55,1135.85,26787
1645159200,1135.85,1141.5,1134.7,1141.05,10424
1645159500,1141.05,1141.6,1138.4,1140.2,10986
1645159800,1140.2,1142.0,1139.4,1141.5,8519
1645160100,1141.9,1142.65,1140.25,1142.0,17343
1645160400,1142.75,1143.5,1141.3,1142.15,23952
1645160700,1142.15,1143.55,1141.5,1142.95,12087
1645161000,1142.95,1142.95,1139.05,1141.25,20198
1645161300,1141.25,1142.0,1137.2,1137.95,20146
1645161600,1137.95,1144.75,1136.5,1144.7,32443
1645161900,1144.05,1147.0,1144.05,1145.9,37851
1645162200,1145.9,1147.75,1145.65,1145.65,19397
1645162500,1146.0,1147.8,1144.6,1147.35,14216
1645162800,1147.35,1149.85,1147.0,1149.0,26847
1645163100,1149.1,1149.9,1146.55,1148.55,17866
1645163400,1148.55,1148.55,1147.0,1147.5,11813
1645163700,1147.5,1147.5,1146.0,1146.35,9403
1645164000,1146.2,1148.9,1146.2,1147.2,15275
1645164300,1147.2,1149.9,1146.9,1149.0,14975
1645164600,1149.0,1151.55,1147.75,1149.65,27760
1645164900,1149.5,1154.5,1149.5,1151.6,43683
1645165200,1151.95,1153.25,1148.5,1153.0,27380
1645165500,1153.0,1154.45,1152.3,1153.55,20231
1645165800,1154.2,1156.0,1152.6,1152.6,28607
1645166100,1153.0,1154.55,1151.65,1153.7,17034
1645166400,1154.0,1155.5,1153.7,1154.65,20117
1645166700,1155.0,1158.0,1154.25,1157.85,32149
1645167000,1157.95,1157.95,1153.25,1154.0,51038
1645167300,1154.35,1157.3,1154.1,1155.0,18198
1645167600,1155.0,1157.0,1154.6,1156.15,13172
1645167900,1156.15,1157.5,1155.0,1157.1,16192
1645168200,1157.1,1157.1,1154.5,1154.8,18198
1645168500,1155.55,1156.0,1154.8,1155.65,13639
1645168800,1155.7,1155.8,1153.6,1154.7,19114
1645169100,1154.0,1154.65,1152.25,1153.3,17972
1645169400,1153.45,1156.2,1152.95,1155.0,31554
1645169700,1154.55,1155.95,1154.0,1155.8,12586
1645170000,1155.8,1158.0,1155.25,1158.0,33931
1645170300,1158.0,1160.9,1157.5,1159.0,70263
1645170600,1159.7,1159.9,1157.0,1157.0,25044
1645170900,1157.45,1157.6,1155.65,1157.3,23456
1645171200,1157.3,1159.0,1157.3,1158.8,21391
1645171500,1158.75,1158.9,1157.25,1158.45,15503
1645171800,1158.45,1158.85,1157.15,1158.85,12790
1645172100,1158.9,1160.0,1158.0,1159.45,17712
1645172400,1159.25,1159.9,1157.5,1158.75,17255
1645172700,1158.75,1159.5,1158.2,1159.45,17531
1645173000,1159.15,1160.55,1158.7,1158.9,31392
1645173300,1159.0,1159.0,1157.5,1158.4,21709
1645173600,1158.45,1158.8,1153.8,1153.8,30446
1645173900,1154.9,1156.15,1152.0,1152.1,42119
1645174200,1152.5,1153.35,1150.85,1152.5,38310
1645174500,1152.5,1153.8,1151.0,1153.25,22138
1645174800,1153.7,1156.0,1153.0,1155.6,25984
1645175100,1155.6,1155.65,1153.0,1153.7,16086
1645175400,1153.65,1153.65,1151.1,1152.85,22519
1645175700,1152.85,1152.95,1151.0,1152.5,28764
1645176000,1152.45,1153.65,1151.2,1153.65,25453
1645176300,1153.55,1154.85,1151.5,1152.45,18947
1645176600,1152.1,1154.0,1151.35,1152.8,24243
1645176900,1153.45,1153.5,1151.0,1151.1,23771
1645177200,1151.5,1152.2,1148.05,1150.2,48744
1645177500,1150.65,1151.6,1149.2,1149.35,43768
1645177800,1149.35,1150.45,1147.7,1149.25,34702
1645178100,1149.9,1151.0,1146.25,1147.05,18528
1645415100,1145.0,1150.5,1138.0,1140.95,26654
1645415400,1141.15,1142.1,1135.0,1139.55,28891
1645415700,1139.55,1139.55,1134.0,1135.3,12768
1645416000,1135.3,1138.0,1134.7,1135.8,9194
1645416300,1135.8,1137.35,1133.35,1135.95,10075
1645416600,1135.9,1142.3,1134.9,1142.0,15262
1645416900,1141.1,1146.0,1141.1,1146.0,13016
1645417200,1146.0,1146.45,1143.15,1144.75,6487
1645417500,1144.75,1144.85,1143.25,1144.4,7713
1645417800,1144.65,1145.0,1141.7,1144.4,5934
1645418100,1144.5,1144.75,1142.2,1143.0,5300
1645418400,1143.8,1146.3,1143.75,1145.3,7461
1645418700,1145.3,1147.15,1144.0,1146.5,12743
1645419000,1146.25,1147.9,1145.05,1147.75,11071
1645419300,1147.8,1148.0,1142.6,1143.4,31756
1645419600,1143.5,1144.4,1142.65,1144.0,4013
1645419900,1144.0,1144.05,1137.65,1141.6,31458
1645420200,1141.15,1142.4,1139.0,1140.0,17503
1645420500,1139.0,1140.0,1139.0,1139.65,11498
1645420800,1139.0,1140.0,1139.0,1140.0,8555
1645421100,1140.0,1143.6,1139.5,1142.55,10298
1645421400,1142.55,1144.0,1142.0,1144.0,3754
1645421700,1142.65,1145.1,1142.3,1144.75,7827
1645422000,1144.75,1144.9,1141.6,1142.5,33416
1645422300,1142.5,1143.45,1139.6,1140.0,7573
1645422600,1140.0,1141.35,1139.0,1141.35,6761
1645422900,1141.35,1142.8,1140.5,1142.8,2713
1645423200,1142.95,1143.95,1142.3,1143.95,4503
1645423500,1143.95,1145.0,1142.2,1145.0,5015
1645423800,1145.0,1145.0,1143.0,1145.0,6616
1645424100,1145.0,1146.35,1144.15,1145.15,6642
1645424400,1145.45,1147.2,1144.55,1144.95,10561
1645424700,1145.45,1145.9,1140.0,1142.15,9199
1645425000,1142.05,1143.15,1141.2,1142.15,4694
1645425300,1142.85,1142.9,1139.4,1140.0,23349
1645425600,1140.0,1140.0,1138.85,1139.0,8979
1645425900,1139.0,1142.85,1138.75,1142.0,7674
1645426200,1142.0,1142.15,1139.65,1140.55,4618
1645426500,1140.55,1140.55,1138.7,1139.3,4878
1645426800,1138.85,1140.15,1138.1,1140.0,6595
1645427100,1140.0,1140.5,1136.85,1136.95,8006
1645427400,1137.45,1137.45,1132.4,1133.65,16539
1645427700,1134.6,1137.2,1133.6,1136.85,5709
1645428000,1136.85,1138.25,1136.25,1137.25,4706
1645428300,1137.25,1138.2,1137.0,1138.1,4035
1645428600,1138.1,1140.0,1137.45,1138.5,9948
1645428900,1138.75,1140.0,1137.8,1139.0,4977
1645429200,1139.45,1141.2,1139.0,1140.9,5138
1645429500,1140.9,1141.2,1139.3,1139.3,3944
1645429800,1139.85,1140.2,1138.3,1139.35,3844
1645430100,1138.8,1139.35,1134.75,1135.0,12768
1645430400,1135.4,1137.1,1132.9,1133.7,7738
1645430700,1133.35,1134.65,1132.5,1134.0,8235
1645431000,1134.6,1135.85,1133.9,1134.9,5671
1645431300,1134.9,1136.75,1134.8,1135.75,5290
1645431600,1135.75,1136.6,1134.5,1134.95,3565
1645431900,1135.45,1135.5,1133.9,1135.2,4032
1645432200,1135.35,1136.35,1134.05,1134.1,4043
1645432500,1134.1,1135.0,1131.0,1132.35,13044
1645432800,1132.65,1133.3,1131.55,1131.55,4571
1645433100,1132.0,1133.5,1131.0,1133.5,5387
1645433400,1133.5,1134.65,1133.0,1134.35,5040
1645433700,1134.3,1135.35,1133.75,1134.85,4020
1645434000,1134.85,1135.2,1129.3,1131.15,12967
1645434300,1130.9,1131.3,1129.0,1130.9,7395
1645434600,1130.9,1131.2,1129.0,1129.7,5608
1645434900,1129.55,1130.05,1127.5,1129.95,5051
1645435200,1129.9,1132.8,1129.8,1131.4,4315
1645435500,1131.9,1132.95,1129.15,1129.15,5386
1645435800,1130.25,1130.8,1125.2,1126.6,20692
1645436100,1126.6,1126.6,1124.35,1124.45,7180
1645436400,1124.35,1127.25,1123.0,1126.5,22233
1645436700,1127.05,1131.45,1125.95,1130.75,37765
1645437000,1131.25,1136.4,1130.0,1136.0,84669
1645437300,1136.0,1141.0,1132.75,1140.0,202279
1645501500,1106.0,1126.5,1101.55,1121.2,59435
1645501800,1121.05,1123.95,1118.2,1119.45,13730
1645502100,1118.95,1122.0,1115.7,1116.65,11288
1645502400,1117.3,1118.25,1112.5,1113.1,9025
1645502700,1112.55,1114.5,1109.5,1109.7,12533
1645503000,1109.55,1111.4,1108.1,1110.45,10388
1645503300,1110.85,1113.95,1108.5,1112.3,15740
1645503600,1112.3,1115.0,1110.95,1112.8,11812
1645503900,1112.8,1116.55,1111.05,1116.0,14481
1645504200,1116.1,1116.8,1115.0,1116.7,4860
1645504500,1116.7,1118.15,1115.0,1117.45,10596
1645504800,1116.95,1117.85,1115.0,1116.15,4649
1645505100,1116.15,1120.7,1115.75,1118.55,15538
1645505400,1117.0,1118.9,1115.9,1117.15,6585
1645505700,1117.15,1117.7,1115.0,1116.2,8474
1645506000,1115.8,1117.15,1114.5,1117.1,6992
1645506300,1117.15,1120.7,1115.85,1119.1,15974
1645506600,1119.1,1119.75,1116.25,1116.55,8620
1645506900,1116.55,1119.35,1116.05,1118.75,5773
1645507200,1118.75,1119.15,1116.85,1118.85,5303
1645507500,1118.85,1121.35,1118.45,1120.75,10027
1645507800,1120.75,1121.55,1114.35,1117.7,22157
1645508100,1118.65,1122.5,1117.7,1119.85,13854
1645508400,1120.7,1120.95,1118.25,1120.25,15913
1645508700,1120.25,1121.0,1117.45,1118.6,11793
1645509000,1118.55,1120.35,1116.45,1116.65,13609
1645509300,1117.0,1117.95,1115.55,1116.7,8087
1645509600,1116.7,1118.05,1113.1,1115.1,20836
1645509900,1115.0,1115.75,1112.95,1114.95,16046
1645510200,1115.0,1116.0,1114.1,1116.0,11770
1645510500,1116.0,1116.0,1114.4,1115.0,4185
1645510800,1115.0,1115.95,1113.0,1114.9,12682
1645511100,1114.9,1114.9,1111.55,1113.75,41503
1645511400,1113.4,1114.9,1112.25,1113.9,10065
1645511700,1113.7,1114.5,1112.8,1114.25,9085
1645512000,1114.15,1114.5,1112.95,1114.2,4473
1645512300,1113.35,1114.5,1113.05,1113.85,4604
1645512600,1113.9,1113.95,1112.1,1112.8,10592
1645512900,1112.7,1113.45,1112.0,1113.0,4909
1645513200,1113.0,1114.15,1112.2,1114.15,4216
1645513500,1114.15,1114.9,1113.4,1114.9,6974
1645513800,1114.9,1115.05,1114.0,1114.0,16788
1645514100,1113.9,1114.25,1109.1,1109.45,48968
1645514400,1109.45,1110.45,1104.85,1107.1,38773
1645514700,1106.35,1108.5,1105.8,1107.75,7258
1645515000,1107.8,1108.0,1105.5,1106.55,5473
1645515300,1106.6,1106.6,1104.1,1106.6,9333
1645515600,1106.65,1107.7,1103.75,1104.3,6332
1645515900,1104.3,1104.45,1100.0,1101.2,12855
1645516200,1101.2,1104.95,1100.75,1104.2,6426
1645516500,1104.2,1104.35,1102.65,1103.45,4659
1645516800,1103.1,1104.05,1101.5,1102.6,3590
1645517100,1102.55,1103.45,1101.6,1103.15,2806
1645517400,1103.1,1103.5,1102.0,1103.2,3234
1645517700,1103.25,1104.4,1102.5,1103.6,3515
1645518000,1103.35,1105.0,1103.3,1104.55,4063
1645518300,1104.55,1106.75,1102.95,1106.1,24003
1645518600,1106.1,1109.25,1105.55,1107.75,23396
1645518900,1107.75,1108.65,1106.35,1107.2,6193
1645519200,1107.2,1108.8,1106.55,1108.6,15808
1645519500,1108.6,1110.95,1108.15,1109.8,14590
1645519800,1109.8,1112.25,1109.25,1111.45,21489
1645520100,1111.4,1114.6,1110.55,1111.2,10046
1645520400,1110.55,1114.4,1110.55,1112.7,7835
1645520700,1112.7,1114.2,1109.2,1111.3,13502
1645521000,1111.2,1112.0,1107.15,1110.95,13541
1645521300,1110.9,1113.65,1110.65,1113.65,7690
1645521600,1113.65,1113.9,1111.25,1112.6,8782
1645521900,1113.15,1113.15,1110.35,1111.1,4850
1645522200,1111.65,1112.35,1109.6,1111.9,15216
1645522500,1111.9,1113.65,1109.95,1109.95,57307
1645522800,1109.95,1110.4,1103.1,1103.35,20981
1645523100,1103.35,1104.4,1102.55,1102.55,25122
1645523400,1102.4,1103.3,1101.85,1101.95,62564
1645523700,1101.95,1101.95,1096.1,1098.0,1077632
1645587900,1108.0,1114.95,1098.7,1106.5,1093877
1645588200,1106.5,1110.8,1105.5,1110.8,24694
1645588500,1110.8,1110.8,1108.55,1109.55,22963
1645588800,1109.55,1109.8,1106.8,1109.0,17784
1645589100,1109.65,1109.8,1107.6,1109.0,15183
1645589400,1109.0,1109.25,1106.05,1107.0,6690
1645589700,1106.95,1108.5,1105.2,1108.0,19612
1645590000,1108.0,1110.25,1105.7,1106.9,28565
1645590300,1106.95,1108.0,1105.8,1106.75,4252
1645590600,1106.75,1106.9,1103.0,1103.4,9912
1645590900,1103.4,1104.0,1102.0,1103.15,11018
1645591200,1103.15,1104.0,1103.15,1104.0,3300
1645591500,1104.0,1105.35,1103.75,1105.0,4810
1645591800,1105.0,1105.0,1102.1,1103.15,3420
1645592100,1103.15,1103.75,1102.65,1103.4,1681
1645592400,1103.4,1103.6,1102.1,1102.95,2536
1645592700,1102.85,1103.15,1102.0,1102.5,2734
1645593000,1102.5,1102.8,1101.5,1102.65,24405
1645593300,1102.65,1102.75,1101.15,1101.6,6555
1645593600,1101.6,1102.0,1101.0,1102.0,3170
1645593900,1102.0,1102.0,1101.35,1101.8,3581
1645594200,1101.85,1104.5,1101.85,1103.95,15697
1645594500,1103.95,1104.0,1103.45,1103.75,2240
1645594800,1103.75,1104.15,1103.05,1104.15,7120
1645595100,1104.15,1104.55,1103.1,1104.35,3023
1645595400,1104.35,1104.5,1103.85,1103.9,2967
1645595700,1103.9,1108.05,1103.9,1107.9,12837
1645596000,1107.9,1107.9,1106.8,1107.0,4896
1645596300,1107.0,1107.15,1105.65,1105.75,2941
1645596600,1105.9,1107.8,1105.9,1107.75,63233
1645596900,1107.75,1108.45,1107.35,1108.45,9400
1645597200,1108.45,1108.9,1107.45,1108.45,7424
1645597500,1108.9,1109.5,1107.85,1109.45,4581
1645597800,1109.45,1109.5,1108.05,1108.9,4742
1645598100,1108.9,1109.0,1107.95,1108.65,4550
1645598400,1108.95,1108.95,1105.65,1106.8,5782
1645598700,1106.8,1106.8,1105.9,1106.55,3681
1645599000,1106.5,1106.95,1105.85,1106.15,4022
1645599300,1106.15,1106.75,1104.6,1106.45,8667
1645599600,1106.45,1107.0,1104.3,1105.2,3924
1645599900,1104.8,1105.4,1103.0,1104.35,4966
1645600200,1104.4,1104.65,1102.4,1103.3,3423
1645600500,1103.3,1104.1,1102.85,1104.05,1009
1645600800,1104.05,1104.3,1103.4,1103.7,2016
1645601100,1103.7,1103.95,1102.35,1102.8,1433
1645601400,1102.8,1104.0,1101.2,1104.0,3104
1645601700,1104.0,1105.9,1103.6,1105.65,2299
1645602000,1105.65,1107.8,1105.55,1107.2,5013
1645602300,1107.2,1108.0,1106.5,1107.65,4549
1645602600,1107.65,1107.85,1105.65,1106.4,6966
1645602900,1106.4,1107.5,1104.6,1105.9,12308
1645603200,1105.9,1106.1,1103.1,1106.05,4753
1645603500,1105.4,1107.15,1104.4,1105.35,3328
1645603800,1105.35,1106.6,1104.8,1106.2,1791
1645604100,1106.2,1106.5,1104.2,1105.5,2718
1645604400,1105.75,1106.1,1104.0,1104.85,2687
1645604700,1104.85,1105.8,1103.25,1104.35,2623
1645605000,1104.3,1104.8,1103.0,1104.65,1658
1645605300,1104.65,1105.5,1104.25,1104.5,3613
1645605600,1104.95,1105.05,1104.5,1104.8,1180
1645605900,1104.8,1105.0,1103.1,1103.95,4102
1645606200,1104.05,1104.05,1103.0,1103.65,1987
1645606500,1103.65,1104.2,1103.4,1104.05,2107
1645606800,1104.05,1104.2,1101.6,1103.15,14643
1645607100,1103.15,1103.35,1100.75,1102.35,8874
1645607400,1102.35,1103.9,1102.35,1103.8,2202
1645607700,1103.8,1105.0,1103.1,1105.0,5347
1645608000,1105.0,1105.5,1102.85,1102.85,4852
1645608300,1102.85,1103.7,1101.45,1102.5,6800
1645608600,1102.8,1104.8,1101.55,1104.0,22758
1645608900,1104.0,1104.0,1102.5,1102.6,15032
1645609200,1102.75,1102.75,1099.95,1100.1,17994
1645609500,1100.4,1101.2,1099.9,1101.2,31452
1645609800,1101.5,1103.5,1101.05,1103.0,30396
1645610100,1103.0,1103.7,1101.3,1103.65,19710
1645674300,1078.0,1091.5,1040.7,1082.3,54774
1645674600,1081.05,1085.9,1080.35,1082.3,13398
1645674900,1082.25,1086.95,1080.6,1085.65,26393
1645675200,1085.5,1086.6,1074.0,1074.8,39229
1645675500,1074.8,1075.35,1066.05,1073.35,25739
1645675800,1072.6,1076.8,1070.8,1072.45,22009
1645676100,1072.45,1072.5,1056.2,1059.0,59250
1645676400,1058.45,1065.0,1056.85,1062.15,17902
1645676700,1062.5,1064.8,1060.6,1062.0,9807
1645677000,1062.0,1064.95,1059.5,1062.95,26335
1645677300,1062.8,1067.2,1061.6,1065.95,23239
1645677600,1065.95,1067.85,1064.7,1067.0,12815
1645677900,1066.8,1067.65,1064.6,1066.0,9522
1645678200,1066.0,1072.35,1065.0,1071.7,8352
1645678500,1071.7,1073.45,1065.35,1066.25,16695
1645678800,1066.25,1066.6,1064.35,1065.8,19846
1645679100,1065.8,1067.95,1060.15,1064.95,27025
1645679400,1064.85,1067.85,1064.3,1067.4,11939
1645679700,1067.4,1067.7,1065.0,1065.75,10808
1645680000,1066.75,1067.35,1064.1,1066.95,11503
1645680300,1066.95,1067.5,1065.75,1065.9,6183
1645680600,1065.9,1067.35,1065.0,1066.2,13878
1645680900,1066.2,1066.75,1064.4,1065.35,58560
1645681200,1065.3,1067.0,1064.45,1066.1,9525
1645681500,1066.15,1072.0,1066.1,1070.9,21150
1645681800,1072.0,1075.65,1069.7,1073.7,16833
1645682100,1073.7,1076.2,1073.05,1075.45,13171
1645682400,1075.45,1077.0,1074.1,1076.25,22048
1645682700,1076.25,1078.5,1075.7,1078.05,13558
1645683000,1078.05,1079.85,1076.0,1079.8,21308
1645683300,1079.85,1080.1,1078.4,1079.3,9343
1645683600,1079.25,1079.25,1073.3,1073.85,28243
1645683900,1073.25,1074.25,1070.15,1071.75,12117
1645684200,1071.05,1072.8,1070.0,1072.8,10591
1645684500,1072.85,1075.7,1072.1,1075.1,12830
1645684800,1075.1,1075.1,1072.3,1073.85,8996
1645685100,1073.85,1075.15,1071.25,1072.2,23185
1645685400,1071.55,1072.85,1070.1,1070.55,9253
1645685700,1071.35,1073.7,1070.0,1073.05,15243
1645686000,1072.85,1074.75,1070.0,1070.2,15092
1645686300,1070.0,1071.25,1065.35,1066.3,29129
1645686600,1066.55,1067.9,1064.75,1066.0,40315
1645686900,1066.0,1067.75,1064.45,1066.85,32879
1645687200,1066.85,1068.05,1064.3,1066.05,38518
1645687500,1066.05,1067.95,1064.7,1066.7,24310
1645687800,1067.05,1071.45,1064.5,1070.5,19644
1645688100,1070.5,1071.15,1064.95,1066.6,19759
1645688400,1066.6,1070.3,1066.0,1070.25,12777
1645688700,1069.5,1071.0,1064.65,1066.55,16359
1645689000,1066.55,1068.3,1064.85,1066.4,18178
1645689300,1066.4,1067.25,1064.3,1065.45,21157
1645689600,1065.45,1066.6,1063.7,1065.05,37108
1645689900,1065.0,1067.15,1064.25,1065.1,14426
1645690200,1065.05,1067.1,1065.0,1065.35,16517
1645690500,1065.3,1069.25,1063.6,1066.05,73364
1645690800,1066.05,1071.35,1064.95,1068.95,58366
1645691100,1069.4,1071.2,1064.3,1065.8,32638
1645691400,1065.8,1066.9,1064.25,1066.25,40996
1645691700,1066.1,1070.0,1064.05,1068.15,86075
1645692000,1068.1,1069.65,1065.2,1066.75,19980
1645692300,1066.65,1068.15,1064.05,1067.05,25161
1645692600,1067.0,1067.35,1063.4,1065.35,41192
1645692900,1065.85,1068.35,1065.1,1067.3,22237
1645693200,1067.15,1068.3,1057.15,1059.65,40152
1645693500,1059.6,1059.8,1055.1,1056.3,20859
1645693800,1056.3,1057.45,1054.0,1054.85,13160
1645694100,1054.85,1057.45,1054.5,1056.25,13299
1645694400,1056.5,1059.6,1056.5,1058.3,26973
1645694700,1058.1,1061.15,1055.75,1056.45,66180
1645695000,1056.4,1058.4,1053.1,1055.05,50283
1645695300,1055.05,1055.45,1051.05,1051.85,107858
1645695600,1051.85,1058.0,1050.1,1057.6,68523
1645695900,1057.2,1058.4,1053.9,1055.0,45003
1645696200,1055.7,1056.05,1052.85,1053.8,54890
1645696500,1053.55,1056.15,1046.25,1050.0,49172
1645760700,1060.0,1073.9,1060.0,1070.55,19715
1645761000,1070.55,1075.35,1068.2,1073.9,20575
1645761300,1072.95,1073.6,1066.35,1069.75,23105
1645761600,1069.7,1077.7,1069.7,1074.3,20412
1645761900,1074.4,1074.4,1070.15,1070.15,7861
1645762200,1070.1,1072.95,1069.85,1071.0,10640
1645762500,1071.0,1071.9,1068.7,1071.1,7699
1645762800,1071.7,1074.3,1070.55,1072.7,34151
1645763100,1072.7,1073.05,1070.45,1072.8,9603
1645763400,1072.8,1073.55,1071.95,1072.35,8792
1645763700,1072.35,1073.5,1071.3,1072.0,24678
1645764000,1072.05,1072.25,1070.75,1071.25,13850
1645764300,1071.95,1071.95,1070.05,1070.3,9455
1645764600,1070.65,1072.05,1068.5,1068.85,10410
1645764900,1069.2,1070.55,1068.55,1069.0,5561
1645765200,1069.6,1070.0,1068.3,1069.3,5394
1645765500,1069.95,1071.95,1069.0,1071.95,12097
1645765800,1071.95,1073.7,1070.45,1073.55,10425
1645766100,1073.55,1075.7,1072.5,1073.1,10697
1645766400,1072.65,1074.8,1072.65,1073.45,4041
1645766700,1072.8,1073.35,1072.0,1072.0,3822
1645767000,1072.95,1072.95,1072.0,1072.0,3756
1645767300,1072.0,1072.3,1071.7,1072.15,10373
1645767600,1072.0,1072.1,1070.25,1071.0,7729
1645767900,1071.0,1071.25,1067.0,1067.0,5907
1645768200,1067.0,1068.6,1065.0,1065.35,6087
1645768500,1066.15,1066.15,1061.95,1062.0,13708
1645768800,1062.5,1063.45,1061.2,1062.0,8215
1645769100,1062.0,1063.0,1061.2,1061.9,9424
1645769400,1061.9,1062.7,1060.2,1061.0,11061
1645769700,1061.0,1061.3,1059.2,1060.45,8362
1645770000,1060.45,1061.15,1056.85,1058.95,15944
1645770300,1058.9,1060.5,1057.8,1059.4,11668
1645770600,1059.4,1060.5,1059.0,1060.15,6967
1645770900,1060.1,1060.15,1057.1,1058.95,5262
1645771200,1059.0,1059.05,1056.85,1057.25,7962
1645771500,1057.25,1057.45,1055.0,1055.0,15823
1645771800,1055.0,1056.35,1053.05,1054.85,35974
1645772100,1055.0,1058.65,1054.85,1056.6,114881
1645772400,1056.8,1056.8,1051.25,1053.65,22397
1645772700,1053.65,1054.0,1049.5,1049.8,15770
1645773000,1049.75,1056.9,1049.0,1056.7,29811
1645773300,1056.75,1061.15,1056.45,1061.15,55823
1645773600,1061.15,1061.3,1060.0,1060.0,10992
1645773900,1060.6,1060.85,1060.0,1060.2,21791
1645774200,1060.0,1060.2,1056.9,1057.45,43004
1645774500,1057.45,1057.75,1054.75,1055.05,8535
1645774800,1055.15,1056.55,1054.25,1055.25,6535
1645775100,1055.45,1055.95,1053.65,1055.45,6216
1645775400,1055.45,1056.15,1054.2,1055.8,11117
1645775700,1055.85,1057.6,1054.5,1057.1,40197
1645776000,1057.55,1058.5,1055.45,1057.0,26602
1645776300,1057.0,1058.4,1055.8,1057.9,36072
1645776600,1058.0,1058.0,1054.65,1057.7,26717
1645776900,1057.7,1058.0,1054.6,1055.9,25385
1645777200,1055.9,1057.75,1054.5,1056.65,34284
1645777500,1056.95,1057.95,1055.75,1056.6,30915
1645777800,1057.0,1059.2,1056.15,1057.7,24680
1645778100,1057.7,1058.9,1056.65,1058.7,28591
1645778400,1058.7,1060.0,1056.9,1058.95,21161
1645778700,1058.6,1060.3,1057.9,1060.0,13571
1645779000,1060.65,1061.35,1058.95,1060.45,17733
1645779300,1060.45,1061.2,1060.0,1060.1,7002
1645779600,1060.1,1061.6,1057.05,1057.8,16472
1645779900,1057.95,1060.05,1057.45,1058.65,28203
1645780200,1058.65,1059.35,1056.9,1057.85,29169
1645780500,1058.25,1060.85,1057.75,1060.3,18374
1645780800,1060.5,1060.5,1057.5,1059.85,16015
1645781100,1059.95,1059.95,1053.75,1055.65,28463
1645781400,1056.05,1057.9,1054.55,1056.0,23328
1645781700,1056.0,1056.15,1055.05,1055.45,15370
1645782000,1056.1,1056.15,1055.25,1055.85,21304
1645782300,1055.8,1057.4,1055.8,1056.8,27092
1645782600,1056.8,1057.15,1054.45,1054.65,30507
1645782900,1054.65,1055.5,1051.55,1054.4,23345
1646019900,1049.0,1049.0,1020.7,1024.3,58003
1646020200,1025.05,1029.7,1024.3,1027.75,21610
1646020500,1027.75,1029.45,1020.0,1021.2,20886
1646020800,1022.0,1028.0,1020.5,1021.3,25923
1646021100,1021.25,1024.45,1017.85,1018.6,23045
1646021400,1019.0,1026.0,1016.85,1024.7,33871
1646021700,1024.7,1025.95,1023.05,1024.85,11650
1646022000,1024.85,1025.0,1022.05,1023.65,12825
1646022300,1023.65,1024.55,1022.35,1024.05,9540
1646022600,1024.45,1024.5,1021.45,1024.15,14683
1646022900,1024.3,1028.15,1024.1,1025.55,14044
1646023200,1025.55,1027.5,1024.55,1024.85,8986
1646023500,1025.0,1029.65,1024.0,1029.5,17596
1646023800,1029.5,1031.3,1027.9,1029.55,13370
1646024100,1029.55,1031.0,1029.5,1030.6,13882
1646024400,1030.55,1032.35,1029.8,1031.3,12961
1646024700,1031.3,1032.5,1030.4,1032.4,7516
1646025000,1032.35,1033.15,1031.2,1033.15,11198
1646025300,1033.1,1034.85,1033.0,1033.8,15148
1646025600,1034.65,1035.0,1033.0,1033.9,24636
1646025900,1033.9,1034.95,1032.25,1032.9,12903
1646026200,1032.9,1034.9,1032.45,1033.25,18230
1646026500,1033.25,1035.95,1031.1,1035.95,21089
1646026800,1035.8,1035.9,1034.5,1035.05,6450
1646027100,1035.05,1037.1,1035.0,1036.1,9773
1646027400,1036.65,1040.0,1035.9,1039.9,6182
1646027700,1039.9,1042.9,1039.2,1040.3,24000
1646028000,1040.3,1042.0,1039.5,1041.3,12616
1646028300,1041.75,1042.75,1041.3,1042.2,6812
1646028600,1042.2,1045.4,1042.0,1045.0,13406
1646028900,1044.55,1048.25,1044.55,1048.25,10831
1646029200,1048.25,1050.1,1048.05,1050.05,15262
1646029500,1050.0,1051.95,1049.55,1051.2,10278
1646029800,1051.65,1052.35,1049.85,1052.0,13524
1646030100,1052.15,1054.7,1051.2,1052.6,14057
1646030400,1053.2,1054.0,1051.8,1053.1,19597
1646030700,1053.65,1055.5,1048.2,1054.8,62592
1646031000,1054.55,1054.85,1049.05,1051.5,11896
1646031300,1051.4,1051.9,1050.25,1050.25,6482
1646031600,1050.3,1051.95,1049.5,1050.75,7578
1646031900,1050.75,1052.0,1050.45,1051.7,10098
1646032200,1051.7,1051.7,1049.0,1049.05,7872
1646032500,1049.3,1051.95,1048.05,1050.55,10082
1646032800,1050.0,1050.5,1049.2,1050.25,6364
1646033100,1050.25,1053.35,1049.75,1052.9,11844
1646033400,1053.0,1055.0,1052.2,1053.1,11490
1646033700,1053.1,1055.45,1053.1,1055.4,9813
1646034000,1055.4,1056.85,1054.0,1056.15,11139
1646034300,1056.2,1057.95,1054.7,1055.95,10609
1646034600,1055.8,1058.0,1053.55,1054.35,14839
1646034900,1054.35,1057.35,1054.35,1056.55,5556
1646035200,1056.55,1057.7,1056.0,1057.5,6004
1646035500,1057.95,1058.05,1056.55,1056.6,6710
1646035800,1056.6,1058.05,1055.95,1057.4,9118
1646036100,1057.45,1057.45,1055.3,1056.15,7172
1646036400,1056.15,1057.0,1055.4,1055.4,6603
1646036700,1055.55,1055.65,1055.25,1055.25,6673
1646037000,1055.45,1056.45,1054.95,1054.95,22161
1646037300,1054.65,1054.9,1049.05,1049.5,64874
1646037600,1049.5,1050.0,1049.05,1050.0,21798
1646037900,1050.0,1050.0,1048.5,1048.6,109476
1646038200,1049.0,1052.65,1048.4,1052.65,55037
1646038500,1052.65,1054.55,1052.6,1054.0,15540
1646038800,1053.75,1054.3,1052.5,1054.0,8812
1646039100,1053.6,1056.0,1053.35,1056.0,11362
1646039400,1056.1,1060.7,1056.0,1060.5,49303
1646039700,1060.5,1062.05,1060.0,1060.9,9727
1646040000,1060.9,1062.8,1060.5,1060.75,13092
1646040300,1060.8,1061.65,1060.0,1060.95,9514
1646040600,1060.0,1062.25,1060.0,1061.4,53715
1646040900,1061.45,1062.5,1060.0,1060.05,46149
1646041200,1060.65,1062.2,1060.0,1062.2,55405
1646041500,1062.2,1062.6,1060.0,1060.45,63525
1646041800,1060.35,1061.6,1057.6,1057.95,67286
1646042100,1058.05,1061.0,1056.0,1060.95,60592
1646192700,1060.0,1078.8,1056.05,1077.1,155018
1646193000,1077.1,1081.35,1075.5,1075.75,63429
1646193300,1075.65,1078.85,1072.4,1073.25,42174
1646193600,1073.25,1082.7,1068.0,1080.15,102486
1646193900,1080.05,1082.6,1076.95,1082.35,79693
1646194200,1082.35,1082.65,1079.0,1080.0,13406
1646194500,1080.2,1084.9,1076.5,1084.25,45985
1646194800,1084.85,1084.85,1076.7,1077.35,22136
1646195100,1077.35,1077.35,1072.75,1075.85,26520
1646195400,1075.95,1077.45,1074.25,1076.2,19320
1646195700,1076.2,1076.2,1071.05,1071.85,13012
1646196000,1071.85,1072.85,1070.8,1071.25,12970
1646196300,1071.25,1074.15,1069.9,1074.15,12748
1646196600,1074.15,1076.0,1074.0,1075.2,19297
1646196900,1075.1,1076.0,1073.2,1074.5,13089
1646197200,1074.5,1076.1,1074.5,1075.5,11878
1646197500,1075.5,1078.0,1074.55,1074.55,17645
1646197800,1073.4,1074.85,1072.6,1073.7,11933
1646198100,1073.7,1077.7,1073.1,1076.7,11848
1646198400,1076.7,1087.45,1076.3,1085.8,173401
1646198700,1086.5,1089.5,1082.0,1087.8,104765
1646199000,1087.45,1087.7,1084.0,1086.65,27642
1646199300,1086.65,1088.7,1084.0,1085.7,20285
1646199600,1085.7,1090.15,1085.0,1090.05,25329
1646199900,1089.0,1097.55,1089.0,1096.1,43064
1646200200,1096.1,1097.3,1090.45,1091.2,17220
1646200500,1091.2,1095.95,1090.4,1095.95,17464
1646200800,1095.95,1098.2,1094.0,1097.35,21316
1646201100,1097.35,1106.2,1094.75,1103.05,76238
1646201400,1103.05,1109.55,1100.0,1101.2,73034
1646201700,1101.0,1113.95,1101.0,1113.1,59900
1646202000,1114.0,1116.55,1103.4,1105.8,128701
1646202300,1105.9,1107.15,1100.85,1105.7,73548
1646202600,1105.7,1114.1,1102.55,1112.2,267608
1646202900,1112.15,1117.95,1107.45,1109.0,83677
1646203200,1109.0,1109.65,1104.6,1105.85,28291
1646203500,1105.85,1107.8,1105.0,1106.9,15011
1646203800,1106.9,1108.8,1103.0,1105.65,21085
1646204100,1106.0,1106.7,1103.0,1103.8,16308
1646204400,1104.45,1109.5,1104.15,1109.35,19417
1646204700,1109.35,1110.05,1108.0,1109.2,21961
1646205000,1109.35,1110.0,1106.8,1108.5,20409
1646205300,1107.7,1108.15,1105.0,1105.9,147460
1646205600,1105.9,1109.1,1105.05,1108.0,133724
1646205900,1107.9,1108.8,1105.45,1105.55,27078
1646206200,1105.75,1108.0,1105.15,1106.1,17327
1646206500,1105.8,1107.65,1105.4,1106.55,105507
1646206800,1105.9,1107.0,1105.0,1106.25,22613
1646207100,1106.15,1108.3,1105.05,1107.8,25807
1646207400,1107.5,1108.5,1105.35,1105.45,18174
1646207700,1106.15,1106.45,1103.25,1105.7,39412
1646208000,1105.7,1108.5,1105.15,1107.85,20676
1646208300,1107.85,1109.85,1106.5,1107.15,30235
1646208600,1107.2,1108.9,1107.05,1108.8,14289
1646208900,1108.8,1110.5,1108.4,1110.35,17945
1646209200,1109.95,1113.8,1109.95,1113.5,39017
1646209500,1113.55,1114.35,1112.25,1112.45,25847
1646209800,1112.95,1114.65,1110.15,1114.45,22452
1646210100,1114.4,1116.05,1111.4,1113.0,34960
1646210400,1113.35,1115.35,1111.4,1113.35,44166
1646210700,1114.05,1116.0,1112.95,1114.9,77340
1646211000,1114.85,1118.85,1114.75,1118.45,72547
1646211300,1118.7,1122.15,1118.0,1121.0,115093
1646211600,1120.1,1120.9,1118.05,1119.7,50888
1646211900,1119.6,1120.5,1116.75,1120.4,43500
1646212200,1119.35,1121.0,1117.9,1121.0,66252
1646212500,1121.0,1124.1,1119.1,1120.0,74714
1646212800,1120.05,1121.8,1119.75,1120.9,22967
1646213100,1121.0,1121.05,1119.4,1120.55,28504
1646213400,1120.55,1124.3,1118.55,1120.7,61559
1646213700,1121.15,1122.75,1119.95,1121.0,61082
1646214000,1121.0,1122.7,1120.0,1121.8,47520
1646214300,1121.8,1122.4,1120.25,1121.1,75540
1646214600,1121.1,1122.45,1120.15,1120.8,75969
1646214900,1121.0,1125.0,1118.0,1120.05,47300
1646279100,1120.1,1126.75,1111.25,1117.1,57819
1646279400,1116.5,1120.0,1114.85,1118.1,19138
1646279700,1117.8,1120.0,1112.0,1112.05,25830
1646280000,1112.05,1113.15,1107.9,1108.5,15514
1646280300,1108.5,1109.45,1105.25,1106.55,15231
1646280600,1106.2,1107.95,1103.7,1105.0,14328
1646280900,1105.0,1105.7,1101.15,1105.7,23084
1646281200,1105.7,1109.5,1105.25,1107.85,13207
1646281500,1107.85,1110.5,1107.85,1109.05,11791
1646281800,1108.85,1109.75,1108.05,1108.7,5603
1646282100,1108.75,1108.95,1105.7,1105.85,8041
1646282400,1105.7,1109.6,1104.8,1107.0,8200
1646282700,1107.0,1107.8,1104.0,1104.55,5969
1646283000,1104.55,1104.55,1100.4,1101.4,18936
1646283300,1101.45,1102.25,1097.4,1099.75,21089
1646283600,1099.75,1101.6,1099.0,1100.2,7386
1646283900,1100.15,1103.75,1099.4,1101.55,8792
1646284200,1101.55,1102.75,1098.6,1098.85,9455
1646284500,1098.85,1100.25,1097.3,1099.55,7741
1646284800,1099.55,1100.55,1099.25,1100.25,5358
1646285100,1100.25,1100.65,1098.2,1100.15,23933
1646285400,1100.2,1102.9,1100.0,1100.25,8635
1646285700,1100.2,1101.85,1100.0,1100.15,2484
1646286000,1100.0,1103.95,1100.0,1103.2,7155
1646286300,1103.2,1105.6,1102.75,1104.55,7667
1646286600,1104.55,1104.95,1103.95,1104.65,4067
1646286900,1104.8,1105.9,1104.35,1104.5,6419
1646287200,1104.95,1106.1,1104.3,1106.1,7055
1646287500,1105.95,1105.95,1101.35,1101.35,10995
1646287800,1101.45,1103.3,1101.0,1102.0,40363
1646288100,1102.1,1103.0,1101.65,1102.0,8732
1646288400,1102.05,1102.75,1100.85,1102.3,16792
1646288700,1102.3,1102.45,1101.7,1102.0,12789
1646289000,1102.1,1103.95,1101.6,1103.0,9178
1646289300,1103.0,1105.0,1102.0,1104.0,19489
1646289600,1103.75,1104.1,1100.9,1101.35,5551
1646289900,1101.4,1101.95,1097.5,1097.85,21488
1646290200,1097.7,1098.2,1094.0,1094.0,20922
1646290500,1094.15,1096.0,1093.25,1094.45,7618
1646290800,1094.3,1094.5,1092.6,1093.7,6198
1646291100,1093.7,1094.5,1093.05,1093.8,6416
1646291400,1093.25,1094.5,1093.25,1093.9,5076
1646291700,1093.9,1094.5,1093.3,1094.05,4088
1646292000,1094.05,1094.5,1093.35,1094.35,6325
1646292300,1094.1,1094.3,1091.2,1091.8,13466
1646292600,1092.1,1093.7,1090.0,1093.7,12692
1646292900,1093.7,1093.7,1090.0,1090.1,8568
1646293200,1090.05,1093.3,1088.85,1092.1,13932
1646293500,1092.1,1092.9,1090.05,1092.1,10099
1646293800,1092.1,1093.0,1090.0,1091.05,6774
1646294100,1091.05,1092.6,1090.0,1091.6,11325
1646294400,1091.75,1096.5,1091.05,1095.15,33633
1646294700,1095.15,1096.45,1094.7,1096.0,11055
1646295000,1096.0,1096.0,1093.45,1094.45,9078
1646295300,1094.5,1096.15,1094.05,1094.45,11158
1646295600,1094.45,1094.5,1093.1,1094.4,9547
1646295900,1094.4,1094.4,1091.25,1092.4,8025
1646296200,1092.75,1092.95,1088.2,1090.0,14409
1646296500,1089.7,1091.75,1089.35,1090.15,21559
1646296800,1090.0,1091.0,1088.55,1088.8,19887
1646297100,1088.85,1088.85,1086.0,1086.15,14064
1646297400,1086.9,1089.55,1086.0,1087.55,7528
1646297700,1087.55,1089.65,1087.1,1088.75,7724
1646298000,1088.65,1090.0,1088.1,1089.6,7738
1646298300,1089.6,1091.7,1088.7,1088.95,10312
1646298600,1088.95,1089.0,1087.25,1088.7,9256
1646298900,1088.7,1088.7,1086.05,1087.0,4005
1646299200,1087.0,1088.2,1086.15,1087.75,6356
1646299500,1087.75,1088.2,1084.05,1084.05,9644
1646299800,1084.2,1084.4,1077.9,1079.75,33764
1646300100,1079.1,1079.4,1075.15,1076.6,34633
1646300400,1076.6,1083.5,1076.6,1081.5,44349
1646300700,1081.25,1085.6,1080.9,1084.1,37069
1646301000,1084.1,1086.05,1081.55,1081.95,37717
1646301300,1082.15,1086.45,1079.7,1084.0,50669
1646365500,1071.5,1077.4,1062.7,1067.4,43219
1646365800,1067.4,1071.5,1065.7,1066.85,31562
1646366100,1066.7,1071.3,1065.5,1066.9,21545
1646366400,1066.0,1068.25,1063.2,1067.6,26374
1646366700,1067.55,1067.55,1062.05,1063.3,13232
1646367000,1063.65,1063.65,1058.85,1061.75,38299
1646367300,1061.75,1063.95,1060.3,1061.1,13973
1646367600,1061.1,1064.0,1058.65,1063.55,27747
1646367900,1063.6,1063.65,1062.5,1063.15,8863
1646368200,1063.15,1065.75,1062.75,1064.65,11280
1646368500,1065.75,1069.25,1065.75,1068.65,18065
1646368800,1068.65,1070.2,1067.0,1067.5,11205
1646369100,1067.2,1068.0,1065.15,1065.55,11644
1646369400,1065.55,1069.65,1064.2,1064.65,9031
1646369700,1064.45,1066.5,1063.1,1064.2,16083
1646370000,1064.15,1064.7,1062.5,1063.55,10944
1646370300,1063.3,1065.9,1062.65,1065.0,13958
1646370600,1064.95,1065.35,1062.5,1064.4,16874
1646370900,1064.35,1068.0,1063.0,1067.9,6666
1646371200,1067.95,1068.05,1062.5,1062.5,33343
1646371500,1062.9,1063.65,1062.0,1062.8,38589
1646371800,1062.5,1063.0,1051.0,1051.6,47197
1646372100,1052.5,1054.85,1050.6,1052.25,19604
1646372400,1052.25,1055.15,1049.75,1052.45,42068
1646372700,1052.45,1055.9,1052.15,1053.8,16340
1646373000,1053.95,1054.7,1052.6,1054.55,6614
1646373300,1054.5,1069.2,1054.35,1068.0,69657
1646373600,1067.55,1070.95,1067.45,1069.4,28706
1646373900,1069.4,1069.4,1063.4,1063.45,21473
1646374200,1063.45,1070.0,1063.45,1065.15,19598
1646374500,1065.15,1069.5,1065.0,1067.45,14760
1646374800,1067.45,1068.9,1065.4,1065.4,16306
1646375100,1065.4,1066.5,1062.7,1065.75,15060
1646375400,1065.75,1066.85,1062.9,1063.7,16034
1646375700,1064.15,1064.15,1060.25,1061.6,14344
1646376000,1062.7,1064.2,1060.2,1060.2,21239
1646376300,1060.4,1062.8,1059.3,1059.5,15093
1646376600,1060.1,1061.05,1057.75,1057.9,19795
1646376900,1058.1,1059.8,1057.75,1058.9,17665
1646377200,1058.5,1061.8,1057.7,1060.25,23324
1646377500,1060.25,1064.75,1059.85,1064.1,13143
1646377800,1064.05,1064.75,1061.0,1062.15,14195
1646378100,1062.15,1063.15,1057.45,1057.75,15332
1646378400,1058.35,1061.4,1058.35,1060.45,19565
1646378700,1060.45,1062.5,1059.85,1060.45,14662
1646379000,1060.5,1064.4,1060.35,1062.1,14122
1646379300,1062.1,1062.7,1058.25,1058.8,12091
1646379600,1058.8,1059.9,1057.0,1057.75,19952
1646379900,1057.6,1060.75,1057.3,1058.65,11940
1646380200,1058.65,1061.85,1058.25,1061.35,12131
1646380500,1061.35,1064.35,1061.25,1064.15,15037
1646380800,1064.6,1067.6,1064.55,1066.85,23406
1646381100,1066.8,1067.45,1062.8,1067.45,19672
1646381400,1067.5,1069.85,1067.5,1068.5,13437
1646381700,1068.5,1068.5,1065.0,1067.5,14818
1646382000,1067.5,1068.9,1066.45,1068.2,8214
1646382300,1068.6,1069.9,1067.85,1068.8,11150
1646382600,1068.75,1068.85,1066.5,1066.85,21301
1646382900,1066.85,1067.85,1065.4,1065.4,13406
1646383200,1065.85,1066.2,1064.55,1065.3,20318
1646383500,1065.35,1065.35,1060.8,1061.25,21594
1646383800,1062.0,1064.6,1061.4,1063.75,17766
1646384100,1063.75,1064.35,1062.45,1063.25,8937
1646384400,1063.2,1067.25,1062.4,1066.15,15313
1646384700,1065.4,1066.2,1060.5,1061.2,18704
1646385000,1062.25,1063.2,1060.05,1060.05,9393
1646385300,1060.5,1062.85,1058.8,1061.3,11755
1646385600,1061.3,1062.3,1060.0,1060.45,16360
1646385900,1060.1,1060.65,1057.3,1058.0,18410
1646386200,1058.0,1060.05,1057.05,1057.3,22414
1646386500,1057.25,1058.2,1055.25,1055.9,9420
1646386800,1055.35,1057.3,1054.3,1055.9,13515
1646387100,1055.45,1056.55,1053.9,1055.15,27217
1646387400,1055.15,1058.45,1054.95,1057.15,127000
1646387700,1057.05,1060.55,1052.0,1056.5,72239
1646624700,1026.6,1039.95,1026.55,1039.1,15841
1646625900,1041.55,1048.8,1036.85,1039.15,21064
1646626200,1037.9,1039.35,1023.55,1026.15,65030
1646626500,1026.1,1031.65,1025.0,1027.65,10792
1646626800,1027.65,1031.75,1026.65,1030.95,10845
1646627100,1030.95,1032.35,1027.6,1029.4,7858
1646627400,1029.4,1033.85,1028.3,1032.65,5591
1646627700,1032.35,1032.35,1028.65,1030.7,5054
1646628000,1031.2,1032.4,1026.2,1031.55,11807
1646628300,1031.55,1032.15,1028.5,1030.8,2701
1646628600,1030.2,1031.05,1027.85,1030.35,6480
1646628900,1030.35,1032.65,1029.0,1029.6,10826
1646629200,1029.5,1029.6,1026.45,1027.3,3496
1646629500,1027.3,1028.3,1025.55,1027.65,2217
1646629800,1027.65,1030.45,1027.65,1029.65,4999
1646630100,1029.65,1032.5,1029.65,1032.5,11183
1646630400,1031.85,1034.3,1031.55,1034.2,5853
1646630700,1034.2,1035.75,1033.2,1035.75,12507
1646631000,1035.75,1035.75,1031.45,1033.4,21917
1646631300,1034.1,1034.1,1030.05,1030.1,13607
1646631600,1030.45,1037.9,1030.05,1037.35,10916
1646631900,1037.15,1038.95,1035.0,1037.85,7000
1646632200,1037.9,1039.9,1036.3,1039.2,7120
1646632500,1039.2,1039.9,1037.35,1039.75,7966
1646632800,1039.75,1040.75,1037.7,1039.4,11561
1646633100,1039.75,1040.6,1038.4,1040.3,7902
1646633400,1040.25,1040.25,1035.15,1036.6,7784
1646633700,1036.6,1041.75,1036.6,1038.0,8171
1646634000,1038.0,1038.55,1033.0,1038.25,10160
1646634300,1038.25,1041.5,1037.6,1041.2,8211
1646634600,1041.2,1042.35,1037.0,1039.35,13459
1646634900,1039.3,1040.35,1037.35,1037.5,5400
1646635200,1037.5,1038.35,1036.05,1036.05,5878
1646635500,1037.65,1038.3,1034.65,1035.0,8922
1646635800,1034.9,1037.35,1033.7,1034.55,9200
1646636100,1034.55,1037.1,1033.0,1033.35,7952
1646636400,1033.35,1036.2,1033.35,1035.7,9246
1646636700,1035.7,1035.7,1032.15,1034.45,8762
1646637000,1034.4,1034.4,1030.1,1031.65,10993
1646637300,1032.3,1033.45,1030.95,1032.55,7279
1646637600,1032.55,1033.75,1030.35,1030.5,10218
1646637900,1030.5,1031.8,1029.2,1030.0,6265
1646638200,1030.0,1031.8,1029.3,1030.4,5285
1646638500,1030.4,1030.7,1029.0,1030.25,5344
1646638800,1030.25,1030.6,1028.3,1030.0,4730
1646639100,1030.0,1031.25,1028.8,1030.95,6652
1646639400,1030.0,1031.55,1029.35,1030.1,6180
1646639700,1030.1,1031.05,1028.2,1029.7,7121
1646640000,1028.7,1031.0,1028.7,1029.85,5858
1646640300,1029.85,1031.15,1025.6,1029.6,11869
1646640600,1029.6,1030.0,1028.45,1029.95,3922
1646640900,1029.95,1030.45,1026.1,1027.75,5106
1646641200,1027.65,1027.65,1024.05,1024.9,9563
1646641500,1024.9,1027.0,1024.3,1027.0,3335
1646641800,1026.55,1027.9,1023.8,1026.0,7912
1646642100,1025.75,1028.0,1024.8,1026.7,6638
1646642400,1026.7,1028.4,1024.05,1024.05,8889
1646642700,1024.05,1025.65,1023.0,1025.0,6574
1646643000,1025.0,1028.2,1024.2,1025.25,7170
1646643300,1025.25,1030.9,1025.25,1030.0,8234
1646643600,1030.0,1031.6,1029.0,1030.05,17751
1646643900,1030.0,1032.45,1030.0,1030.85,10461
1646644200,1030.0,1031.75,1030.0,1031.6,14193
1646644500,1031.5,1031.7,1029.35,1030.5,23713
1646644800,1030.5,1031.65,1029.6,1030.0,21603
1646645100,1030.0,1030.05,1025.55,1025.9,16227
1646645400,1025.9,1029.0,1025.85,1027.45,21208
1646645700,1027.75,1029.3,1025.5,1027.25,24305
1646646000,1027.4,1030.0,1027.4,1029.05,34356
1646646300,1029.45,1030.0,1027.65,1030.0,45372
1646646600,1030.0,1030.0,1028.25,1029.85,33810
1646646900,1029.9,1030.0,1027.7,1028.0,26546
1646711100,1009.0,1018.8,1005.85,1016.05,116821
1646711400,1018.35,1018.35,1011.8,1013.15,58604
1646711700,1013.1,1024.0,1013.05,1014.55,67435
1646712000,1014.5,1016.15,1010.0,1012.25,13666
1646712300,1013.05,1014.3,1011.0,1011.7,13107
1646712600,1011.7,1012.8,1010.85,1012.8,11422
1646712900,1012.8,1017.55,1012.0,1016.25,10816
1646713200,1016.7,1019.7,1014.9,1019.7,16816
1646713500,1019.65,1023.6,1018.35,1020.05,20205
1646713800,1020.5,1025.0,1020.0,1024.4,9577
1646714100,1024.6,1027.0,1024.0,1024.65,8863
1646714400,1024.6,1025.8,1022.75,1025.65,11321
1646714700,1025.55,1025.85,1023.0,1023.0,9638
1646715000,1023.0,1023.9,1021.05,1023.7,12867
1646715300,1023.6,1024.65,1020.0,1020.9,15416
1646715600,1020.9,1023.5,1019.35,1020.1,172977
1646715900,1020.75,1020.75,1020.0,1020.55,56218
1646716200,1020.55,1021.5,1020.0,1021.4,16837
1646716500,1020.8,1021.5,1020.0,1020.7,9006
1646716800,1020.7,1028.0,1020.7,1021.4,26423
1646717100,1021.3,1021.3,1020.0,1020.55,17081
1646717400,1020.0,1020.55,1015.45,1017.65,34783
1646717700,1017.7,1017.7,1010.0,1010.5,68159
1646718000,1009.6,1013.8,1008.0,1011.7,11864
1646718300,1011.7,1011.7,1008.0,1008.6,7118
1646718600,1008.6,1011.2,1007.1,1009.45,10608
1646718900,1009.4,1013.0,1009.05,1010.5,8620
1646719200,1010.5,1011.15,1008.4,1010.25,5023
1646719500,1010.25,1012.0,1010.0,1012.0,6095
1646719800,1011.6,1012.0,1008.75,1009.65,4659
1646720100,1009.65,1009.85,1005.9,1005.9,9309
1646720400,1005.9,1007.7,1005.0,1007.7,10362
1646720700,1007.7,1008.45,1006.35,1006.8,5427
1646721000,1006.8,1008.4,1006.25,1008.25,5270
1646721300,1008.0,1008.6,1006.65,1007.75,5573
1646721600,1007.75,1010.15,1006.75,1008.65,7368
1646721900,1008.65,1009.15,1007.65,1008.2,4025
1646722200,1008.2,1010.0,1008.0,1010.0,4561
1646722500,1009.85,1010.2,1008.6,1008.95,10975
1646722800,1008.95,1008.95,1007.45,1007.85,10996
1646723100,1008.05,1009.15,1006.6,1008.95,12537
1646723400,1008.6,1009.3,1006.5,1009.15,16324
1646723700,1009.15,1010.95,1008.1,1010.05,4508
1646724000,1010.0,1010.0,1008.35,1009.4,3468
1646724300,1009.4,1009.85,1008.65,1009.0,3375
1646724600,1008.3,1009.55,1007.75,1007.75,5500
1646724900,1007.75,1008.25,1006.5,1008.2,5128
1646725200,1008.2,1008.85,1007.35,1007.35,7399
1646725500,1007.05,1008.2,1006.0,1007.5,10259
1646725800,1007.5,1008.45,1006.6,1007.8,6112
1646726100,1007.8,1007.8,1003.5,1005.7,13161
1646726400,1005.6,1007.9,1004.7,1007.3,12016
1646726700,1007.75,1011.75,1006.6,1011.0,11154
1646727000,1010.8,1013.5,1010.6,1013.5,9510
1646727300,1013.5,1015.7,1012.5,1013.0,15312
1646727600,1013.6,1015.95,1013.6,1015.6,6831
1646727900,1015.6,1016.95,1014.7,1016.9,7882
1646728200,1016.9,1019.5,1016.2,1018.85,7753
1646728500,1018.85,1020.9,1017.35,1020.85,7916
1646728800,1020.85,1021.35,1020.0,1020.45,4921
1646729100,1020.45,1020.45,1016.25,1018.95,9742
1646729400,1018.95,1019.9,1016.85,1019.7,4254
1646729700,1018.8,1021.0,1018.55,1020.7,4959
1646730000,1020.7,1022.45,1020.3,1021.7,7770
1646730300,1021.7,1024.6,1021.0,1023.5,7136
1646730600,1023.5,1023.5,1022.65,1023.2,3477
1646730900,1023.2,1032.0,1023.2,1030.5,127419
1646731200,1030.25,1031.0,1029.95,1030.05,44568
1646731500,1030.05,1032.5,1030.0,1032.5,39699
1646731800,1033.95,1034.05,1029.9,1031.2,38466
1646732100,1031.2,1032.6,1030.5,1030.7,34880
1646732400,1030.6,1031.6,1029.9,1030.9,27356
1646732700,1031.6,1032.0,1030.4,1030.4,34760
1646733000,1030.55,1036.4,1029.95,1034.4,61973
1646733300,1034.2,1039.75,1030.05,1035.85,29777
1646797500,1035.8,1038.85,1022.0,1037.95,30411
1646797800,1037.95,1040.0,1035.75,1038.0,14366
1646798100,1038.1,1041.95,1037.85,1039.55,11513
1646798400,1039.85,1041.9,1039.0,1039.35,4999
1646798700,1039.35,1041.2,1037.2,1038.2,16132
1646799000,1038.05,1038.1,1032.0,1035.15,13161
1646799300,1035.15,1036.65,1029.0,1029.45,11322
1646799600,1029.2,1030.95,1026.0,1026.65,7897
1646799900,1026.9,1029.8,1025.4,1029.4,15033
1646800200,1029.4,1032.05,1028.55,1031.75,9980
1646800500,1031.75,1032.75,1030.1,1031.35,4595
1646800800,1030.6,1035.0,1030.6,1034.6,13906
1646801100,1034.05,1036.6,1033.5,1036.4,7120
1646801400,1036.4,1036.55,1033.95,1033.95,4677
1646801700,1033.95,1034.0,1031.35,1031.35,14885
1646802000,1031.35,1032.65,1028.7,1028.8,6160
1646802300,1029.7,1031.1,1028.1,1030.55,4782
1646802600,1030.0,1030.8,1027.2,1028.45,3590
1646802900,1028.45,1030.0,1027.05,1030.0,3863
1646803200,1030.0,1030.0,1027.0,1028.05,8143
1646803500,1028.4,1029.0,1027.35,1027.45,7769
1646803800,1028.2,1028.2,1026.6,1027.15,4294
1646804100,1027.15,1028.6,1026.3,1026.75,4195
1646804400,1026.75,1029.1,1026.5,1027.6,4225
1646804700,1027.6,1027.8,1025.1,1025.8,3781
1646805000,1025.8,1027.1,1023.9,1023.9,5323
1646805300,1023.1,1025.15,1021.1,1025.15,20894
1646805600,1025.15,1025.15,1021.2,1022.0,11852
1646805900,1022.05,1024.0,1021.3,1022.8,13412
1646806200,1023.0,1023.85,1020.8,1021.95,17443
1646806500,1021.95,1023.75,1021.6,1022.25,16895
1646806800,1022.35,1026.25,1022.0,1025.25,33658
1646807100,1025.25,1025.3,1021.55,1023.05,23922
1646807400,1023.05,1023.9,1021.7,1023.7,14195
1646807700,1023.7,1023.7,1021.95,1022.0,12150
1646808000,1022.0,1023.6,1021.8,1022.35,8688
1646808300,1022.25,1024.05,1022.05,1024.0,10214
1646808600,1024.0,1024.85,1022.55,1023.7,20770
1646808900,1023.7,1028.1,1023.0,1024.7,25974
1646809200,1024.7,1027.1,1024.05,1025.0,13411
1646809500,1025.05,1026.95,1024.25,1026.25,11034
1646809800,1026.25,1028.7,1024.5,1025.9,21440
1646810100,1025.9,1028.0,1025.9,1027.75,12868
1646810400,1027.75,1029.45,1026.4,1028.0,17435
1646810700,1028.0,1031.35,1027.2,1029.2,16529
1646811000,1029.2,1031.55,1029.2,1030.9,21329
1646811300,1030.8,1033.2,1029.0,1032.05,25561
1646811600,1031.35,1034.05,1030.95,1032.65,19272
1646811900,1032.7,1033.85,1027.3,1030.85,65182
1646812200,1031.25,1033.4,1030.5,1030.85,14431
1646812500,1031.25,1032.45,1028.9,1031.0,13358
1646812800,1031.05,1031.2,1026.25,1027.9,15446
1646813100,1027.45,1030.25,1026.1,1028.55,13969
1646813400,1029.0,1030.15,1028.0,1028.6,12890
1646813700,1028.6,1031.15,1028.5,1029.6,17886
1646814000,1029.6,1031.2,1029.05,1029.2,10100
1646814300,1029.2,1031.85,1029.0,1031.05,15054
1646814600,1031.05,1034.0,1029.95,1033.15,18427
1646814900,1033.1,1033.1,1031.25,1032.45,15670
1646815200,1032.45,1032.5,1030.65,1031.2,17798
1646815500,1031.25,1032.5,1031.0,1031.6,18111
1646815800,1031.8,1032.4,1030.65,1031.95,13316
1646816100,1031.3,1033.75,1031.3,1033.2,33355
1646816400,1033.2,1033.5,1031.2,1031.6,30571
1646816700,1031.75,1032.4,1030.1,1030.5,32339
1646817000,1030.5,1031.65,1028.0,1028.25,22971
1646817300,1028.25,1030.2,1026.65,1028.55,32678
1646817600,1028.55,1029.5,1026.2,1027.55,41386
1646817900,1028.15,1028.55,1025.55,1026.1,26309
1646818200,1026.1,1027.0,1025.0,1026.35,33365
1646818500,1025.8,1027.3,1025.0,1026.75,24213
1646818800,1026.9,1027.25,1025.0,1026.35,44076
1646819100,1026.35,1026.5,1023.65,1024.9,91569
1646819400,1024.5,1025.0,1022.25,1023.0,71307
1646819700,1023.0,1032.5,1022.1,1031.15,36896
1646883900,1039.0,1052.0,1036.05,1050.85,82977
1646884200,1051.5,1052.15,1045.7,1046.5,18426
1646884500,1046.5,1047.0,1044.35,1045.2,10579
1646884800,1045.4,1047.75,1044.55,1044.95,12410
1646885100,1044.95,1047.55,1042.8,1045.8,12469
1646885400,1045.8,1045.8,1043.5,1043.95,8229
1646885700,1043.95,1050.0,1043.9,1048.4,19787
1646886000,1048.4,1048.5,1046.4,1046.7,4635
1646886300,1046.7,1047.0,1045.75,1046.9,1534
1646886600,1046.9,1047.65,1046.4,1047.65,3463
1646886900,1048.6,1048.6,1046.05,1046.15,6895
1646887200,1046.05,1046.55,1044.0,1045.0,9193
1646887500,1044.85,1049.75,1044.85,1046.85,16718
1646887800,1046.85,1048.3,1045.05,1045.65,12588
1646888100,1045.8,1046.35,1044.05,1045.8,8773
1646888400,1045.35,1045.8,1040.95,1042.85,14379
1646888700,1042.05,1045.35,1042.05,1043.55,10758
1646889000,1044.25,1046.05,1043.55,1044.5,16852
1646889300,1044.45,1044.95,1043.05,1044.1,10648
1646889600,1044.0,1045.25,1043.5,1045.0,11323
1646889900,1044.35,1046.1,1040.7,1042.8,110929
1646890200,1042.8,1046.4,1042.75,1045.55,148019
1646890500,1046.15,1048.0,1042.15,1042.65,97046
1646890800,1042.65,1045.6,1042.5,1045.05,84808
1646891100,1045.2,1046.0,1043.75,1045.8,9007
1646891400,1045.8,1047.35,1045.05,1046.35,7442
1646891700,1046.35,1047.0,1045.1,1046.05,5910
1646892000,1046.05,1047.75,1045.05,1045.95,9401
1646892300,1045.95,1046.5,1044.6,1045.6,11981
1646892600,1045.6,1049.2,1045.0,1048.0,14583
1646892900,1048.15,1052.4,1047.6,1049.4,23518
1646893200,1049.4,1050.75,1049.1,1049.7,8329
1646893500,1049.7,1054.45,1048.95,1054.0,25634
1646893800,1054.0,1056.6,1054.0,1056.05,15853
1646894100,1056.05,1057.1,1055.15,1056.55,12783
1646894400,1056.55,1056.55,1052.5,1053.75,13752
1646894700,1053.75,1054.85,1051.0,1051.9,17578
1646895000,1052.45,1052.95,1050.0,1051.0,11685
1646895300,1051.0,1053.75,1050.2,1051.2,17927
1646895600,1051.2,1052.0,1050.0,1050.0,8126
1646895900,1050.0,1050.7,1046.9,1049.2,15522
1646896200,1049.2,1051.65,1047.85,1048.95,39177
1646896500,1049.0,1049.05,1045.45,1046.5,18243
1646896800,1046.5,1047.8,1045.0,1045.0,12654
1646897100,1045.3,1048.85,1043.2,1048.25,10225
1646897400,1048.25,1048.25,1045.0,1047.95,13590
1646897700,1047.95,1048.5,1045.7,1047.2,7024
1646898000,1047.3,1048.65,1045.25,1047.05,9830
1646898300,1047.05,1051.05,1046.6,1050.25,16159
1646898600,1050.25,1052.0,1049.9,1051.5,10856
1646898900,1051.5,1051.5,1049.05,1049.45,10341
1646899200,1049.6,1049.6,1045.1,1045.85,60965
1646899500,1045.85,1048.45,1045.05,1047.6,7714
1646899800,1047.6,1047.95,1045.3,1045.85,6752
1646900100,1045.85,1047.0,1042.95,1042.95,13666
1646900400,1042.95,1044.8,1041.45,1042.8,13261
1646900700,1042.55,1045.0,1039.25,1040.7,124002
1646901000,1040.7,1040.7,1037.4,1037.8,5063
1646901300,1037.95,1041.2,1037.85,1040.95,7112
1646901600,1040.95,1042.1,1040.5,1041.45,6874
1646901900,1041.95,1044.05,1040.55,1044.0,12862
1646902200,1044.0,1044.7,1042.5,1044.6,8868
1646902500,1044.6,1044.9,1043.65,1044.5,4079
1646902800,1043.9,1047.75,1043.9,1047.7,6926
1646903100,1047.7,1049.9,1046.65,1049.5,5144
1646903400,1049.75,1049.8,1046.55,1048.0,5742
1646903700,1048.0,1048.55,1045.4,1046.5,5961
1646904000,1046.5,1048.45,1046.3,1047.0,6237
1646904300,1047.0,1050.95,1047.0,1049.1,10055
1646904600,1048.15,1052.0,1046.0,1051.2,28456
1646904900,1051.2,1053.15,1051.05,1053.0,19628
1646905200,1052.9,1053.95,1051.65,1051.8,20650
1646905500,1051.8,1052.0,1049.3,1050.85,26745
1646905800,1050.95,1051.1,1048.0,1048.25,29064
1646906100,1048.0,1049.45,1043.5,1049.4,31838
1646970300,1050.0,1050.0,1041.65,1045.7,18959
1646970600,1045.7,1046.3,1043.1,1044.25,15601
1646970900,1044.25,1049.65,1044.25,1049.15,12512
1646971200,1049.65,1054.4,1047.8,1053.95,18628
1646971500,1053.95,1057.95,1053.7,1056.3,17123
1646971800,1056.3,1059.9,1056.3,1058.9,15697
1646972100,1058.95,1061.2,1057.5,1058.75,18353
1646972400,1058.75,1061.45,1057.0,1059.95,10609
1646972700,1060.25,1061.0,1058.2,1060.5,3408
1646973000,1060.5,1063.7,1059.85,1062.65,15837
1646973300,1062.45,1063.0,1059.0,1059.0,16635
1646973600,1059.0,1061.05,1057.35,1060.35,12052
1646973900,1060.35,1061.1,1058.1,1059.75,7110
1646974200,1060.0,1061.0,1058.15,1058.15,4987
1646974500,1058.15,1058.9,1055.1,1056.15,7757
1646974800,1056.15,1059.0,1055.2,1059.0,5891
1646975100,1059.0,1059.0,1053.2,1054.4,8711
1646975400,1054.4,1055.0,1052.65,1053.45,4620
1646975700,1054.45,1056.5,1052.2,1055.55,4621
1646976000,1055.55,1056.4,1054.1,1056.0,3534
1646976300,1056.0,1059.9,1055.0,1059.5,6482
1646976600,1059.5,1061.25,1059.5,1060.5,9011
1646976900,1060.5,1061.8,1057.0,1061.8,7090
1646977200,1061.8,1061.85,1060.0,1060.45,3745
1646977500,1060.45,1061.9,1060.05,1060.8,9443
1646977800,1060.8,1061.15,1058.05,1060.8,6448
1646978100,1060.8,1060.9,1059.4,1059.85,2522
1646978400,1059.8,1062.65,1059.1,1062.65,5454
1646978700,1062.65,1065.65,1062.05,1065.1,14467
1646979000,1065.1,1065.3,1063.0,1063.1,4696
1646979300,1063.1,1066.05,1062.85,1065.95,8517
1646979600,1066.1,1066.1,1062.95,1062.95,8873
1646979900,1063.0,1064.8,1061.7,1064.65,6503
1646980200,1064.65,1065.0,1062.65,1064.8,5107
1646980500,1064.8,1064.85,1062.25,1063.35,4030
1646980800,1063.35,1065.8,1062.7,1065.4,5974
1646981100,1065.4,1065.7,1064.05,1065.5,5260
1646981400,1065.4,1066.0,1063.25,1063.7,5939
1646981700,1063.1,1063.65,1058.45,1059.0,17423
1646982000,1059.0,1062.15,1058.65,1061.55,9462
1646982300,1061.55,1063.1,1061.2,1063.05,6165
1646982600,1063.05,1063.15,1060.6,1062.2,7391
1646982900,1062.2,1063.4,1060.1,1062.8,6953
1646983200,1062.7,1063.4,1058.5,1058.5,11496
1646983500,1058.5,1059.95,1057.1,1058.8,10347
1646983800,1059.4,1062.0,1059.05,1061.05,7129
1646984100,1061.05,1061.05,1056.05,1056.55,8551
1646984400,1056.0,1057.75,1055.55,1056.3,6115
1646984700,1056.25,1056.9,1055.1,1056.5,5329
1646985000,1055.85,1058.25,1055.85,1057.3,5019
1646985300,1057.4,1057.95,1056.0,1057.75,4228
1646985600,1057.75,1059.3,1055.75,1056.0,5453
1646985900,1056.0,1056.05,1053.3,1054.45,8135
1646986200,1054.45,1056.55,1054.0,1054.7,4597
1646986500,1054.7,1054.7,1051.7,1052.8,7839
1646986800,1052.75,1055.9,1052.2,1055.9,6708
1646987100,1055.9,1057.5,1054.7,1056.0,6585
1646987400,1056.0,1056.2,1053.65,1054.85,6899
1646987700,1054.8,1056.0,1052.85,1055.9,6289
1646988000,1055.95,1058.5,1055.3,1058.05,7754
1646988300,1058.05,1059.85,1057.55,1059.5,6521
1646988600,1059.85,1063.0,1059.45,1062.9,8374
1646988900,1062.9,1064.0,1062.0,1063.0,7247
1646989200,1063.0,1063.0,1061.1,1062.2,7062
1646989500,1062.2,1063.0,1060.6,1062.8,6316
1646989800,1062.8,1064.0,1061.2,1063.9,6764
1646990100,1063.9,1064.1,1062.3,1063.0,11348
1646990400,1062.95,1063.7,1062.0,1063.2,5915
1646990700,1063.2,1064.0,1061.85,1062.35,5340
1646991000,1062.35,1063.95,1061.7,1063.5,19080
1646991300,1063.5,1064.45,1062.35,1062.9,8183
1646991600,1063.2,1063.8,1056.6,1057.55,25106
1646991900,1057.5,1057.5,1054.5,1057.35,24827
1646992200,1057.45,1058.05,1055.25,1057.65,28812
1646992500,1057.65,1059.0,1054.2,1054.2,18730
1647229500,1047.0,1054.05,1046.0,1046.45,41435
1647229800,1045.7,1048.15,1042.45,1043.8,34363
1647230100,1043.8,1045.5,1040.2,1041.1,19146
1647230400,1041.1,1046.1,1040.15,1045.0,29075
1647230700,1045.15,1046.0,1043.25,1044.7,14373
1647231000,1044.05,1048.25,1043.3,1044.8,18224
1647231300,1044.8,1049.0,1042.35,1048.55,30301
1647231600,1048.4,1055.75,1048.2,1054.0,43143
1647231900,1054.0,1054.75,1051.0,1054.55,12733
1647232200,1053.85,1060.0,1053.85,1057.45,56436
1647232500,1056.85,1059.0,1054.85,1058.0,14108
1647232800,1058.0,1062.4,1056.6,1060.9,30781
1647233100,1060.9,1061.4,1056.35,1057.4,219951
1647233400,1057.3,1059.4,1055.7,1057.65,11881
1647233700,1057.75,1060.0,1056.5,1057.15,7530
1647234000,1057.15,1059.0,1056.4,1058.85,7141
1647234300,1058.85,1059.0,1054.85,1058.9,21412
1647234600,1058.9,1060.0,1057.2,1060.0,11727
1647234900,1059.95,1059.95,1057.9,1058.4,5086
1647235200,1058.35,1058.7,1055.0,1057.3,16973
1647235500,1057.3,1060.0,1057.05,1060.0,16077
1647235800,1060.0,1060.0,1058.4,1059.0,4176
1647236100,1059.0,1059.2,1057.0,1058.35,5501
1647236400,1058.0,1061.0,1058.0,1060.0,16926
1647236700,1060.0,1062.0,1060.0,1062.0,13398
1647237000,1060.85,1061.85,1060.35,1060.9,56656
1647237300,1060.9,1064.5,1060.2,1063.35,16908
1647237600,1063.35,1064.8,1061.5,1062.0,22815
1647237900,1062.0,1063.9,1061.55,1062.35,9490
1647238200,1062.35,1063.0,1062.15,1062.6,3672
1647238500,1062.6,1065.0,1062.3,1064.0,8670
1647238800,1063.35,1064.0,1062.85,1063.75,6387
1647239100,1063.75,1064.0,1062.0,1062.0,2835
1647239400,1062.0,1062.85,1059.8,1060.0,5573
1647239700,1060.6,1062.0,1058.35,1059.15,6340
1647240000,1059.15,1060.05,1055.95,1055.95,5295
1647240300,1055.95,1060.0,1055.25,1060.0,27829
1647240600,1060.3,1061.0,1059.45,1059.95,4926
1647240900,1059.95,1060.4,1059.0,1060.0,12977
1647241200,1059.45,1061.7,1058.5,1061.4,22622
1647241500,1060.6,1063.0,1060.55,1062.55,5985
1647241800,1062.6,1063.0,1058.25,1059.55,12578
1647242100,1059.6,1061.0,1059.1,1061.0,11470
1647242400,1061.0,1061.4,1059.45,1060.85,5790
1647242700,1061.4,1061.65,1059.5,1060.5,3237
1647243000,1060.5,1061.45,1059.0,1061.0,3813
1647243300,1061.0,1061.4,1060.0,1061.4,5517
1647243600,1061.4,1061.4,1060.0,1060.85,3663
1647243900,1060.85,1060.85,1058.2,1059.0,5302
1647244200,1059.0,1059.9,1057.0,1057.8,7267
1647244500,1057.8,1060.0,1057.0,1058.8,4380
1647244800,1058.45,1060.0,1058.45,1059.55,3693
1647245100,1059.55,1060.9,1058.65,1060.75,3933
1647245400,1060.75,1061.0,1060.05,1061.0,3283
1647245700,1060.5,1061.8,1060.0,1060.35,8575
1647246000,1060.35,1061.85,1060.15,1061.45,4083
1647246300,1061.45,1061.45,1060.0,1061.0,6444
1647246600,1061.0,1061.2,1060.15,1060.15,3300
1647246900,1060.15,1061.35,1060.0,1060.6,3274
1647247200,1060.6,1062.5,1060.0,1062.45,7565
1647247500,1062.45,1065.0,1062.25,1065.0,12503
1647247800,1065.0,1066.5,1063.8,1064.55,10012
1647248100,1064.55,1066.0,1064.25,1065.1,8472
1647248400,1065.1,1066.15,1065.0,1065.8,3852
1647248700,1065.8,1066.85,1065.25,1065.8,4966
1647249000,1065.75,1070.0,1065.0,1070.0,17420
1647249300,1070.0,1072.4,1068.75,1069.6,22222
1647249600,1069.6,1070.65,1068.05,1068.75,6720
1647249900,1068.75,1069.7,1066.15,1069.65,4743
1647250200,1069.6,1072.45,1069.15,1069.9,14659
1647250500,1070.0,1072.6,1069.15,1071.25,31473
1647250800,1071.35,1072.15,1069.4,1070.4,30929
1647251100,1070.35,1070.35,1069.0,1069.95,26242
1647251400,1069.9,1070.0,1067.45,1068.9,37008
1647251700,1068.95,1069.85,1065.25,1069.0,18173
1647315900,1069.05,1069.65,1060.0,1064.85,31229
1647316200,1063.8,1072.0,1063.0,1071.6,18626
1647316500,1071.6,1073.75,1068.95,1073.05,9525
1647316800,1073.05,1078.0,1073.05,1075.7,19778
1647317100,1075.2,1079.35,1074.0,1076.75,15797
1647317400,1076.75,1077.6,1074.0,1076.3,9409
1647317700,1076.3,1077.75,1074.0,1074.5,10323
1647318000,1074.1,1074.1,1070.2,1070.2,10496
1647318300,1070.2,1074.0,1069.85,1072.0,7814
1647318600,1072.4,1076.9,1071.5,1075.55,5072
1647318900,1075.2,1079.25,1075.0,1077.3,41968
1647319200,1077.3,1079.0,1076.1,1076.4,6925
1647319500,1076.4,1078.0,1073.75,1073.75,7292
1647319800,1074.3,1075.65,1073.35,1075.55,2716
1647320100,1075.55,1076.5,1075.55,1075.65,3364
1647320400,1075.2,1075.6,1074.0,1074.2,3561
1647320700,1074.6,1075.4,1074.1,1075.0,2562
1647321000,1075.5,1076.4,1074.5,1074.55,2838
1647321300,1074.55,1074.95,1072.25,1072.35,3988
1647321600,1072.35,1073.7,1072.2,1072.8,3061
1647321900,1072.8,1073.2,1071.75,1072.65,3021
1647322200,1072.6,1074.8,1071.8,1074.8,3526
1647322500,1074.2,1074.75,1073.55,1074.05,1522
1647322800,1073.55,1074.95,1073.05,1074.9,2686
1647323100,1074.9,1075.4,1073.3,1075.4,2438
1647323400,1075.35,1078.95,1074.5,1078.9,6060
1647323700,1078.9,1078.9,1077.35,1077.9,3933
1647324000,1077.9,1078.35,1074.0,1074.9,4815
1647324300,1074.6,1075.7,1073.0,1073.4,4285
1647324600,1073.1,1073.55,1072.05,1072.1,3808
1647324900,1072.1,1075.0,1072.1,1073.45,3193
1647325200,1073.45,1076.9,1073.4,1076.3,5413
1647325500,1076.8,1076.95,1075.2,1076.1,4496
1647325800,1076.1,1076.8,1074.55,1075.45,3656
1647326100,1075.45,1075.45,1072.6,1072.8,4272
1647326400,1073.4,1073.9,1072.1,1072.9,3175
1647326700,1072.9,1073.55,1072.1,1072.35,4362
1647327000,1072.85,1072.85,1072.05,1072.75,3475
1647327300,1072.25,1075.8,1072.0,1074.75,8085
1647327600,1074.75,1075.3,1072.3,1075.15,11981
1647327900,1075.2,1077.2,1072.9,1076.2,19817
1647328200,1076.2,1078.8,1075.05,1077.8,41472
1647328500,1077.8,1077.8,1073.2,1074.15,34551
1647328800,1073.75,1074.0,1070.65,1072.6,9324
1647329100,1072.5,1075.1,1071.5,1071.5,17622
1647329400,1071.5,1071.65,1069.0,1071.0,14998
1647329700,1071.15,1072.55,1069.65,1071.65,20679
1647330000,1071.6,1074.7,1070.5,1072.65,52820
1647330300,1072.7,1073.7,1069.65,1070.0,13961
1647330600,1069.9,1071.95,1069.1,1069.1,12246
1647330900,1069.05,1070.3,1066.5,1069.1,13524
1647331200,1069.05,1070.0,1066.8,1069.5,8868
1647331500,1069.5,1072.0,1068.7,1070.95,111273
1647331800,1070.0,1072.3,1068.6,1072.0,20802
1647332100,1072.0,1072.15,1067.8,1069.95,5194
1647332400,1069.95,1070.75,1067.7,1070.0,5924
1647332700,1070.0,1070.95,1068.9,1070.15,13546
1647333000,1070.15,1070.5,1067.1,1068.55,5406
1647333300,1068.55,1069.0,1066.35,1068.6,9432
1647333600,1068.65,1069.0,1066.6,1067.2,5329
1647333900,1067.2,1067.75,1065.0,1066.05,12476
1647334200,1066.25,1066.35,1063.85,1064.25,20245
1647334500,1064.8,1064.85,1061.1,1064.4,9774
1647334800,1064.4,1065.7,1063.9,1065.7,12824
1647335100,1065.7,1065.7,1061.5,1063.7,9445
1647335400,1063.25,1067.15,1062.0,1067.15,10215
1647335700,1067.15,1069.95,1066.4,1069.45,17512
1647336000,1069.45,1072.2,1066.0,1069.0,42364
1647336300,1068.75,1071.3,1067.65,1068.6,11883
1647336600,1068.95,1071.0,1065.05,1065.8,21870
1647336900,1066.4,1069.8,1063.15,1068.3,26438
1647337200,1068.4,1075.2,1068.3,1074.8,31224
1647337500,1074.8,1075.65,1071.25,1071.25,29055
1647337800,1071.25,1075.0,1071.0,1074.8,38599
1647338100,1075.0,1075.0,1064.65,1069.6,31491
1647402300,1075.9,1089.7,1075.9,1087.05,41614
1647402600,1087.05,1091.75,1086.5,1091.15,20514
1647402900,1091.15,1094.65,1089.7,1094.4,15400
1647403200,1093.75,1097.0,1093.45,1096.25,21836
1647403500,1096.2,1097.8,1092.85,1096.15,18707
1647403800,1096.9,1097.0,1094.0,1094.0,11948
1647404100,1094.0,1095.35,1090.4,1092.45,13310
1647404400,1092.45,1094.85,1090.85,1091.6,8420
1647404700,1092.65,1097.0,1091.65,1096.15,28806
1647405000,1095.5,1097.0,1093.2,1093.25,17782
1647405300,1093.25,1093.7,1086.5,1086.8,32143
1647405600,1087.45,1087.45,1082.8,1084.4,24989
1647405900,1084.4,1086.85,1083.0,1083.45,6426
1647406200,1083.45,1083.8,1082.15,1082.5,4050
1647406500,1081.95,1084.9,1081.95,1083.4,5576
1647406800,1082.75,1085.6,1082.75,1084.95,4280
1647407100,1084.95,1086.2,1084.15,1084.8,3862
1647407400,1084.8,1085.3,1083.2,1083.55,8028
1647407700,1083.9,1085.05,1083.25,1084.65,3697
1647408000,1084.7,1084.95,1084.0,1084.6,2239
1647408300,1084.6,1084.6,1083.05,1083.95,3790
1647408600,1083.95,1084.9,1081.6,1084.6,6545
1647408900,1084.75,1086.0,1084.5,1085.4,7002
1647409200,1085.4,1087.05,1084.35,1086.2,306448
1647409500,1086.2,1089.0,1085.0,1088.5,16063
1647409800,1088.5,1089.0,1087.5,1087.8,9335
1647410100,1087.7,1090.15,1087.7,1088.8,6862
1647410400,1088.8,1090.95,1088.8,1090.3,7277
1647410700,1090.3,1091.7,1089.2,1090.4,7075
1647411000,1090.4,1091.0,1090.0,1090.0,4785
1647411300,1090.0,1090.5,1086.25,1086.5,6361
1647411600,1086.5,1087.25,1085.0,1085.0,6975
1647411900,1085.0,1086.2,1085.0,1085.1,3379
1647412200,1085.1,1086.0,1085.1,1085.2,2884
1647412500,1085.2,1085.95,1083.85,1085.0,11761
1647412800,1085.0,1086.7,1084.1,1085.6,7203
1647413100,1085.6,1086.35,1084.75,1085.05,3342
1647413400,1085.05,1086.1,1085.0,1086.0,2992
1647413700,1085.5,1087.0,1082.5,1083.35,15074
1647414000,1083.35,1085.8,1081.15,1083.95,8829
1647414300,1083.95,1084.85,1083.0,1083.75,7859
1647414600,1083.75,1085.0,1083.4,1084.45,4231
1647414900,1084.45,1085.25,1083.4,1084.05,8110
1647415200,1084.7,1085.0,1083.4,1083.95,3983
1647415500,1083.95,1084.4,1082.7,1083.6,3350
1647415800,1083.6,1083.6,1081.5,1082.25,5634
1647416100,1082.25,1082.3,1079.6,1079.6,11542
1647416400,1080.2,1080.2,1078.15,1079.6,13815
1647416700,1079.6,1079.95,1077.0,1077.3,13832
1647417000,1077.3,1079.0,1077.25,1078.4,3239
1647417300,1078.4,1079.0,1076.0,1076.15,10813
1647417600,1076.15,1077.4,1075.0,1077.0,12947
1647417900,1077.0,1077.75,1075.5,1075.7,8450
1647418200,1076.05,1076.5,1075.1,1075.95,6848
1647418500,1075.95,1077.85,1075.2,1077.25,7278
1647418800,1077.25,1080.3,1076.5,1080.3,11027
1647419100,1080.0,1080.75,1079.3,1079.35,7927
1647419400,1079.35,1082.7,1079.05,1081.55,9564
1647419700,1081.5,1083.0,1081.05,1081.4,6103
1647420000,1081.4,1082.5,1081.0,1081.85,4193
1647420300,1081.85,1082.7,1080.65,1082.0,5058
1647420600,1082.0,1082.75,1081.4,1082.1,8480
1647420900,1082.05,1084.25,1081.35,1084.2,13896
1647421200,1084.2,1084.25,1080.8,1081.15,14450
1647421500,1081.35,1082.1,1080.05,1081.35,8885
1647421800,1081.35,1083.25,1080.65,1080.95,5137
1647422100,1080.95,1083.0,1080.6,1082.05,5845
1647422400,1082.05,1082.9,1081.15,1082.55,10470
1647422700,1082.55,1084.15,1081.65,1083.7,6268
1647423000,1083.0,1086.8,1083.0,1086.8,28954
1647423300,1086.9,1086.95,1084.4,1085.5,18794
1647423600,1085.45,1088.35,1085.45,1088.35,18046
1647423900,1088.3,1089.0,1087.25,1088.8,443361
1647424200,1088.75,1088.75,1077.15,1078.7,72862
1647424500,1078.85,1085.8,1077.55,1084.0,56383
1647488700,1096.0,1098.8,1088.1,1095.15,62665
1647489000,1093.9,1099.0,1093.55,1097.75,14984
1647489300,1097.35,1099.75,1094.15,1096.8,16472
1647489600,1097.1,1099.75,1095.7,1099.1,13703
1647489900,1099.1,1102.2,1099.1,1101.95,18706
1647490200,1101.75,1104.0,1101.45,1102.05,18517
1647490500,1102.85,1104.5,1101.55,1103.4,30167
1647490800,1103.0,1105.4,1103.0,1105.4,32629
1647491100,1105.3,1107.0,1104.4,1106.05,31675
1647491400,1106.05,1108.0,1105.3,1107.55,14058
1647491700,1107.55,1107.55,1105.0,1106.75,16276
1647492000,1106.5,1107.85,1106.5,1107.3,7968
1647492300,1107.3,1108.95,1105.15,1106.35,10610
1647492600,1105.8,1106.05,1104.5,1104.5,13904
1647492900,1104.85,1105.35,1104.4,1105.35,9421
1647493200,1105.35,1105.45,1103.05,1104.2,9897
1647493500,1104.2,1105.85,1104.0,1104.6,8694
1647493800,1104.6,1107.75,1104.15,1107.75,10280
1647494100,1107.75,1111.0,1107.7,1111.0,22518
1647494400,1110.5,1111.4,1109.1,1110.5,19888
1647494700,1110.5,1112.05,1109.65,1111.45,10905
1647495000,1111.25,1112.85,1109.55,1112.25,16102
1647495300,1112.25,1113.35,1112.1,1113.0,6722
1647495600,1113.0,1113.35,1110.5,1112.4,12378
1647495900,1112.4,1114.0,1112.05,1113.65,9406
1647496200,1113.65,1114.0,1112.65,1113.0,13233
1647496500,1113.25,1114.2,1113.05,1113.8,5861
1647496800,1114.15,1115.9,1114.15,1114.5,16330
1647497100,1114.7,1116.75,1114.7,1115.75,10201
1647497400,1115.75,1116.8,1115.35,1115.8,7872
1647497700,1115.8,1117.3,1115.5,1116.4,11958
1647498000,1116.15,1116.4,1113.75,1114.35,27753
1647498300,1114.35,1116.1,1112.4,1114.35,17453
1647498600,1115.0,1115.0,1112.75,1113.95,8735
1647498900,1113.95,1114.4,1113.05,1113.5,2868
1647499200,1113.5,1113.65,1112.05,1112.8,15662
1647499500,1113.15,1115.0,1113.15,1115.0,7278
1647499800,1115.0,1117.8,1114.75,1117.0,8234
1647500100,1117.0,1119.0,1117.0,1118.75,9266
1647500400,1118.75,1120.5,1118.55,1119.1,18882
1647500700,1118.75,1120.4,1118.3,1119.8,19387
1647501000,1119.8,1119.9,1118.85,1119.0,13106
1647501300,1118.85,1119.6,1118.15,1119.25,8209
1647501600,1118.7,1118.7,1115.9,1116.05,19832
1647501900,1116.25,1117.6,1116.05,1117.5,5199
1647502200,1117.5,1118.9,1116.0,1116.0,7746
1647502500,1116.05,1118.0,1116.0,1117.6,5085
1647502800,1117.35,1117.7,1116.6,1117.45,3075
1647503100,1117.45,1118.55,1117.15,1117.9,3693
1647503400,1117.5,1117.9,1116.0,1116.95,8048
1647503700,1116.5,1117.7,1116.35,1116.8,12103
1647504000,1116.8,1119.4,1116.45,1119.3,6031
1647504300,1119.25,1119.4,1118.65,1119.2,13532
1647504600,1119.2,1119.4,1117.65,1117.9,12618
1647504900,1118.0,1119.45,1117.15,1118.25,11421
1647505200,1118.75,1119.4,1118.25,1119.4,5177
1647505500,1119.4,1121.6,1119.3,1121.5,12677
1647505800,1121.45,1122.5,1120.75,1122.2,8273
1647506100,1122.5,1125.0,1122.2,1124.1,14251
1647506400,1124.15,1125.9,1122.5,1125.75,16805
1647506700,1125.95,1127.45,1124.75,1126.2,26083
1647507000,1126.3,1126.55,1123.55,1125.2,19881
1647507300,1125.05,1126.85,1123.6,1124.5,21482
1647507600,1124.15,1126.9,1124.15,1126.2,17003
1647507900,1126.4,1127.0,1125.05,1126.5,21934
1647508200,1126.5,1127.95,1125.7,1126.05,23993
1647508500,1126.4,1126.65,1124.55,1125.55,26813
1647508800,1125.55,1127.3,1124.9,1126.45,30844
1647509100,1126.05,1126.8,1125.25,1126.65,17958
1647509400,1126.55,1129.75,1125.2,1125.7,118981
1647509700,1126.35,1126.9,1125.0,1126.3,106878
1647510000,1126.45,1129.0,1125.75,1126.3,127129
1647510300,1126.3,1127.2,1125.0,1125.95,139892
1647510600,1125.95,1140.0,1125.95,1131.45,187627
1647510900,1130.95,1135.0,1121.55,1124.0,152245
1647834300,1139.0,1139.0,1122.55,1123.65,56120
1647834600,1124.0,1128.0,1120.15,1126.45,27576
1647834900,1126.45,1126.95,1124.6,1126.55,8472
1647835200,1126.55,1126.55,1123.0,1123.4,21943
1647835500,1123.0,1131.65,1122.0,1129.5,28279
1647835800,1129.05,1132.0,1125.9,1132.0,31456
1647836100,1131.8,1132.8,1127.0,1127.0,31235
1647836400,1127.0,1127.0,1124.0,1124.0,16371
1647836700,1124.0,1125.85,1123.15,1123.85,16120
1647837000,1123.15,1123.15,1119.5,1120.1,11049
1647837300,1120.1,1122.45,1119.1,1122.2,14587
1647837600,1121.7,1122.6,1118.15,1118.7,6403
1647837900,1118.7,1118.7,1116.75,1117.85,6763
1647838200,1117.5,1117.85,1114.15,1115.75,6666
1647838500,1115.75,1117.85,1114.5,1117.7,9581
1647838800,1117.7,1117.7,1115.0,1115.55,4075
1647839100,1115.55,1115.8,1113.05,1113.05,10365
1647839400,1113.4,1113.95,1111.25,1113.35,6274
1647839700,1113.35,1113.9,1111.0,1111.75,6532
1647840000,1111.75,1111.75,1109.1,1109.65,9310
1647840300,1109.95,1111.8,1109.05,1109.05,8128
1647840600,1109.05,1110.15,1108.35,1108.4,7253
1647840900,1108.4,1108.4,1107.0,1107.6,13709
1647841200,1107.6,1108.8,1104.35,1104.7,11129
1647841500,1103.95,1106.2,1103.2,1105.35,15889
1647841800,1105.35,1107.5,1105.35,1107.0,7493
1647842100,1107.0,1107.9,1106.4,1107.05,8285
1647842400,1107.05,1107.95,1106.0,1106.4,8570
1647842700,1106.4,1106.5,1104.4,1105.05,12176
1647843000,1105.05,1105.8,1103.8,1105.8,8199
1647843300,1105.8,1105.8,1104.1,1105.0,12694
1647843600,1105.15,1105.15,1103.0,1103.2,11190
1647843900,1103.2,1103.5,1102.0,1102.5,16323
1647844200,1102.3,1103.2,1101.25,1102.6,8408
1647844500,1102.6,1105.0,1101.95,1105.0,8123
1647844800,1105.0,1105.7,1101.55,1101.95,9664
1647845100,1101.95,1103.0,1101.4,1102.85,7342
1647845400,1102.85,1103.6,1101.0,1101.0,13149
1647845700,1101.35,1103.3,1101.35,1102.65,8828
1647846000,1102.65,1103.0,1101.15,1101.15,8388
1647846300,1101.15,1104.0,1099.95,1102.7,25499
1647846600,1101.7,1102.5,1097.85,1099.8,16297
1647846900,1099.8,1101.4,1098.65,1099.6,13394
1647847200,1099.6,1099.95,1098.65,1099.95,5236
1647847500,1099.95,1101.1,1099.45,1100.55,10511
1647847800,1100.0,1100.0,1097.3,1099.45,9803
1647848100,1099.25,1101.35,1099.25,1099.85,4796
1647848400,1099.85,1101.2,1099.35,1100.75,7564
1647848700,1100.75,1102.0,1100.0,1100.5,8283
1647849000,1100.25,1101.65,1098.05,1099.15,10105
1647849300,1099.15,1100.0,1099.0,1100.0,1067
1647849600,1100.0,1101.05,1099.4,1100.4,2751
1647849900,1100.4,1102.0,1100.4,1100.9,7021
1647850200,1100.9,1101.05,1098.65,1100.0,12850
1647850500,1100.0,1100.0,1099.45,1099.65,2858
1647850800,1099.65,1100.0,1098.4,1098.6,6167
1647851100,1098.6,1099.75,1098.25,1099.45,1596
1647851400,1099.75,1100.0,1098.55,1099.45,9394
1647851700,1099.45,1100.0,1098.05,1099.95,9345
1647852000,1099.95,1100.4,1099.0,1099.1,5021
1647852300,1099.25,1100.0,1099.15,1099.45,3254
1647852600,1099.45,1100.0,1098.0,1098.6,3432
1647852900,1097.9,1098.25,1096.3,1097.4,5374
1647853200,1097.4,1098.05,1095.6,1096.85,6062
1647853500,1096.85,1097.05,1095.0,1095.5,4563
1647853800,1095.5,1097.0,1094.15,1096.45,6902
1647854100,1097.15,1097.15,1094.0,1094.5,5772
1647854400,1094.6,1097.35,1094.4,1097.05,2703
1647854700,1097.05,1097.05,1094.95,1096.1,5338
1647855000,1096.45,1099.1,1094.0,1095.0,11712
1647855300,1095.4,1096.3,1094.6,1095.0,6107
1647855600,1095.4,1096.35,1094.75,1095.95,10131
1647855900,1096.0,1096.9,1095.65,1096.0,15724
1647856200,1096.0,1096.95,1094.05,1096.5,35007
1647856500,1096.45,1097.8,1095.1,1096.3,20784
1647920700,1092.5,1095.8,1086.55,1087.3,33729
1647921000,1086.55,1089.5,1085.3,1086.65,24328
1647921300,1086.65,1086.65,1082.2,1082.3,19805
1647921600,1082.3,1085.0,1080.5,1083.4,16745
1647921900,1083.4,1084.25,1080.0,1080.7,17132
1647922200,1080.7,1081.55,1078.0,1078.6,20779
1647922500,1078.55,1080.6,1078.05,1078.95,12036
1647922800,1078.95,1079.05,1074.6,1076.5,28882
1647923100,1076.5,1077.1,1075.5,1075.75,10711
1647923400,1075.65,1076.6,1074.9,1076.1,12584
1647923700,1076.1,1076.65,1075.0,1075.0,7617
1647924000,1075.0,1075.2,1072.0,1072.5,9463
1647924300,1072.5,1073.75,1070.0,1072.25,13814
1647924600,1072.25,1074.0,1072.25,1074.0,7288
1647924900,1074.0,1076.95,1072.5,1076.5,12105
1647925200,1075.8,1077.2,1074.75,1076.35,17102
1647925500,1076.35,1076.85,1074.75,1074.8,13223
1647925800,1074.8,1075.35,1073.55,1074.1,8741
1647926100,1074.1,1075.3,1073.25,1074.85,7808
1647926400,1074.85,1079.0,1074.5,1079.0,19542
1647926700,1079.2,1080.15,1078.5,1079.45,14081
1647927000,1079.45,1082.25,1079.45,1081.05,36143
1647927300,1081.05,1083.0,1080.35,1082.45,10950
1647927600,1082.45,1082.55,1081.25,1081.25,13124
1647927900,1081.25,1082.15,1079.7,1082.0,11272
1647928200,1082.05,1082.9,1080.25,1080.8,5818
1647928500,1081.1,1083.8,1080.0,1082.4,15058
1647928800,1082.4,1082.5,1080.55,1080.55,5312
1647929100,1080.55,1080.95,1079.95,1080.9,5339
1647929400,1080.9,1081.1,1078.95,1080.85,7659
1647929700,1080.0,1080.45,1078.95,1079.5,4166
1647930000,1078.9,1079.95,1078.8,1079.35,4118
1647930300,1079.35,1079.65,1078.0,1079.3,7191
1647930600,1078.8,1080.75,1076.5,1079.25,12115
1647930900,1079.25,1080.8,1079.15,1080.8,5946
1647931200,1080.8,1081.2,1079.7,1081.2,3877
1647931500,1081.2,1082.6,1080.2,1081.95,3629
1647931800,1082.7,1082.7,1081.2,1082.2,3942
1647932100,1082.2,1084.0,1081.25,1083.85,5715
1647932400,1083.85,1083.9,1080.55,1080.6,3575
1647932700,1080.6,1083.45,1079.9,1083.45,10175
1647933000,1083.65,1089.9,1083.65,1089.25,18615
1647933300,1089.25,1093.0,1089.25,1092.05,9820
1647933600,1091.5,1096.55,1091.5,1096.15,19282
1647933900,1095.8,1096.35,1093.2,1095.75,7646
1647934200,1095.85,1098.6,1094.9,1097.8,6419
1647934500,1098.65,1100.75,1097.65,1100.75,13099
1647934800,1100.75,1100.95,1099.05,1100.95,10901
1647935100,1100.95,1101.3,1098.0,1098.7,11371
1647935400,1098.65,1100.0,1097.5,1099.9,7690
1647935700,1099.9,1101.3,1099.0,1099.55,6083
1647936000,1099.55,1100.4,1097.6,1098.45,6689
1647936300,1098.45,1099.25,1097.4,1099.2,3974
1647936600,1099.2,1099.25,1095.65,1096.8,13498
1647936900,1096.65,1097.95,1095.95,1097.6,10842
1647937200,1097.6,1099.45,1096.05,1096.85,17239
1647937500,1096.85,1098.8,1096.3,1097.2,20014
1647937800,1097.2,1098.95,1096.15,1096.35,15510
1647938100,1097.05,1097.85,1096.15,1097.65,14227
1647938400,1097.65,1098.0,1095.3,1096.9,16303
1647938700,1096.5,1099.2,1096.5,1097.55,15105
1647939000,1097.6,1098.0,1094.2,1094.2,11247
1647939300,1094.45,1096.85,1094.2,1096.05,8817
1647939600,1096.05,1097.6,1096.05,1096.1,9358
1647939900,1096.1,1097.3,1094.6,1096.7,8583
1647940200,1096.45,1098.0,1095.6,1097.9,12443
1647940500,1097.4,1098.05,1096.35,1096.35,10519
1647940800,1096.95,1097.25,1093.6,1095.15,19967
1647941100,1095.15,1095.6,1094.8,1095.0,14923
1647941400,1095.4,1096.9,1095.15,1095.75,17891
1647941700,1095.65,1097.05,1095.65,1095.85,22649
1647942000,1095.85,1097.0,1095.3,1097.0,29259
1647942300,1096.95,1099.5,1096.95,1099.5,29433
1647942600,1099.45,1099.7,1098.25,1098.4,32747
1647942900,1098.4,1100.0,1097.85,1100.0,22285
1648007100,1110.45,1111.75,1105.3,1111.4,49901
1648007400,1111.1,1116.0,1111.1,1113.95,37326
1648007700,1114.3,1117.7,1111.05,1111.05,31416
1648008000,1111.0,1112.6,1108.85,1108.95,21037
1648008300,1109.6,1113.0,1109.05,1111.6,14855
1648008600,1111.6,1112.95,1110.3,1112.95,18971
1648008900,1112.95,1115.25,1112.0,1113.5,18236
1648009200,1113.5,1116.0,1112.45,1112.9,8472
1648009500,1112.9,1112.9,1108.65,1108.9,12500
1648009800,1108.85,1109.7,1104.1,1105.1,19096
1648010100,1104.55,1106.2,1102.05,1102.7,12951
1648010400,1102.2,1103.15,1100.45,1100.85,21051
1648010700,1100.85,1102.25,1095.25,1095.7,31650
1648011000,1096.05,1096.5,1093.15,1093.15,15255
1648011300,1092.55,1095.05,1090.7,1094.2,20781
1648011600,1094.2,1096.5,1092.7,1096.35,9537
1648011900,1097.05,1098.3,1095.15,1097.3,14435
1648012200,1097.3,1098.5,1096.5,1097.0,9311
1648012500,1097.0,1098.45,1096.1,1096.4,4736
1648012800,1096.4,1098.0,1096.0,1096.5,7402
1648013100,1096.5,1098.6,1096.5,1097.6,18597
1648013400,1097.55,1097.55,1094.0,1094.0,54130
1648013700,1094.0,1096.0,1093.05,1096.0,68797
1648014000,1096.0,1096.0,1093.0,1094.3,14919
1648014300,1093.7,1095.0,1093.6,1094.95,10988
1648014600,1095.0,1095.15,1094.0,1094.25,8408
1648014900,1094.25,1095.0,1093.05,1094.4,8906
1648015200,1094.4,1095.0,1093.6,1094.35,9854
1648015500,1094.05,1094.8,1093.5,1094.05,6344
1648015800,1094.3,1094.3,1092.25,1092.3,7803
1648016100,1092.3,1093.0,1091.9,1092.95,7308
1648016400,1092.5,1092.95,1091.15,1091.7,7108
1648016700,1091.2,1092.9,1089.05,1089.5,10900
1648017000,1090.4,1090.6,1088.25,1089.75,9721
1648017300,1089.75,1090.0,1089.0,1089.9,3354
1648017600,1089.6,1091.5,1089.55,1090.3,9030
1648017900,1090.3,1090.3,1088.0,1089.65,3733
1648018200,1089.65,1090.55,1089.05,1090.05,3929
1648018500,1090.05,1090.65,1089.3,1089.5,4259
1648018800,1089.5,1089.95,1087.2,1087.2,3839
1648019100,1087.6,1088.55,1086.95,1088.2,5130
1648019400,1088.65,1088.75,1086.35,1088.0,4621
1648019700,1088.0,1089.8,1087.5,1088.25,4612
1648020000,1088.8,1088.8,1084.2,1085.6,10839
1648020300,1085.4,1086.25,1084.35,1085.6,5264
1648020600,1085.05,1086.65,1084.0,1084.6,8139
1648020900,1084.6,1085.7,1084.4,1085.1,8612
1648021200,1085.0,1085.7,1082.9,1083.6,10545
1648021500,1083.6,1084.85,1082.45,1082.65,10650
1648021800,1083.35,1085.8,1082.0,1085.0,12736
1648022100,1085.0,1087.05,1083.8,1084.15,10498
1648022400,1084.15,1085.45,1083.35,1083.5,9860
1648022700,1083.5,1083.55,1082.15,1082.5,8633
1648023000,1082.5,1083.35,1082.0,1082.0,8635
1648023300,1082.0,1083.45,1081.0,1081.45,7828
1648023600,1081.4,1081.95,1079.75,1080.05,14819
1648023900,1080.0,1081.4,1079.1,1080.8,24780
1648024200,1080.8,1082.8,1080.8,1082.8,9906
1648024500,1082.15,1085.45,1082.0,1084.15,10017
1648024800,1084.15,1087.2,1083.35,1083.6,13699
1648025100,1083.6,1084.4,1082.35,1083.05,10347
1648025400,1083.05,1085.5,1083.0,1085.3,8734
1648025700,1084.75,1086.0,1084.1,1084.5,13214
1648026000,1084.5,1089.85,1084.5,1089.6,12350
1648026300,1089.6,1091.8,1088.6,1090.95,7198
1648026600,1090.95,1091.5,1088.2,1089.6,8305
1648026900,1089.6,1092.0,1088.85,1091.1,7988
1648027200,1091.1,1093.0,1091.1,1091.9,8978
1648027500,1091.9,1092.8,1091.2,1091.45,8723
1648027800,1091.45,1094.0,1091.4,1092.7,15533
1648028100,1092.5,1094.0,1091.0,1093.65,15999
1648028400,1093.65,1094.7,1092.1,1092.45,20274
1648028700,1092.3,1093.55,1091.0,1091.6,25731
1648029000,1091.55,1093.3,1089.6,1092.0,25197
1648029300,1092.0,1092.65,1085.65,1085.65,13306
1648093500,1088.0,1097.5,1087.0,1093.0,20900
1648093800,1093.0,1095.0,1092.65,1093.55,10743
1648094100,1093.55,1094.8,1092.05,1093.25,7520
1648094400,1094.0,1094.45,1084.9,1088.0,47633
1648094700,1088.0,1089.0,1086.75,1087.5,25049
1648095000,1087.5,1089.0,1086.55,1088.9,21119
1648095300,1088.9,1090.0,1088.3,1089.75,11095
1648095600,1089.75,1091.15,1088.25,1090.3,14768
1648095900,1090.3,1092.9,1090.3,1092.9,4564
1648096200,1092.3,1093.0,1089.25,1092.15,10278
1648096500,1091.75,1092.7,1090.8,1092.45,5074
1648096800,1091.7,1093.0,1091.65,1092.15,4277
1648097100,1092.7,1093.0,1089.5,1089.7,8397
1648097400,1089.7,1090.6,1088.8,1089.35,3194
1648097700,1089.35,1090.05,1089.3,1090.0,1543
1648098000,1090.0,1090.7,1089.0,1089.0,7790
1648098300,1089.0,1089.95,1088.0,1088.05,3753
1648098600,1088.25,1090.05,1088.05,1089.6,2311
1648098900,1089.6,1091.05,1088.9,1088.9,2921
1648099200,1089.45,1090.7,1088.9,1089.8,1377
1648099500,1090.0,1090.85,1089.8,1089.85,2200
1648099800,1089.85,1093.2,1089.85,1092.6,5767
1648100100,1093.2,1095.0,1092.65,1094.0,8675
1648100400,1094.0,1097.0,1093.9,1096.65,12096
1648100700,1096.65,1096.65,1093.6,1093.95,8143
1648101000,1093.95,1094.65,1092.0,1093.6,3253
1648101300,1093.6,1094.5,1092.8,1093.2,2629
1648101600,1093.2,1095.2,1092.3,1093.45,3446
1648101900,1093.45,1094.95,1092.95,1093.8,3094
1648102200,1093.8,1095.05,1093.15,1093.7,3505
1648102500,1093.7,1096.0,1092.05,1095.35,6221
1648102800,1095.35,1096.0,1093.05,1093.75,4170
1648103100,1093.75,1095.3,1093.05,1094.35,2870
1648103400,1094.35,1095.25,1094.0,1094.15,2892
1648103700,1094.15,1094.6,1093.0,1093.8,3931
1648104000,1093.85,1094.95,1092.0,1092.95,5631
1648104300,1092.95,1092.95,1090.8,1090.8,5344
1648104600,1090.8,1091.5,1088.15,1089.25,6658
1648104900,1089.6,1090.0,1088.65,1089.0,2688
1648105200,1088.9,1090.2,1088.45,1089.8,4036
1648105500,1089.75,1090.0,1089.25,1089.5,1897
1648105800,1089.35,1090.0,1089.35,1089.95,1863
1648106100,1089.95,1091.0,1089.65,1090.55,5680
1648106400,1090.55,1090.85,1088.7,1089.15,2920
1648106700,1089.15,1090.0,1088.55,1089.75,2836
1648107000,1089.95,1090.0,1088.75,1089.35,2575
1648107300,1089.8,1090.0,1088.65,1088.7,1891
1648107600,1088.7,1089.5,1087.1,1087.1,2840
1648107900,1087.1,1088.9,1086.95,1087.7,2745
1648108200,1087.7,1088.2,1087.2,1087.45,2318
1648108500,1087.35,1089.9,1087.3,1088.55,4861
1648108800,1088.55,1089.4,1088.0,1089.05,1989
1648109100,1089.05,1089.4,1088.1,1088.55,4844
1648109400,1088.55,1088.55,1087.0,1087.2,4711
1648109700,1087.2,1087.85,1086.3,1087.2,3357
1648110000,1087.2,1088.2,1087.2,1087.85,3261
1648110300,1087.85,1088.05,1086.35,1087.85,2243
1648110600,1087.85,1089.4,1087.5,1089.4,2298
1648110900,1089.4,1090.0,1088.9,1089.35,3653
1648111200,1089.35,1091.9,1089.35,1089.75,15631
1648111500,1089.75,1090.0,1089.0,1089.0,3621
1648111800,1089.0,1090.0,1088.1,1089.0,13638
1648112100,1089.0,1091.0,1088.15,1090.0,5141
1648112400,1090.0,1092.4,1089.6,1092.2,5205
1648112700,1092.9,1093.05,1091.0,1093.05,1937
1648113000,1093.05,1095.0,1092.75,1094.85,2818
1648113300,1094.85,1095.0,1094.25,1094.85,1954
1648113600,1094.5,1094.6,1092.6,1093.7,2894
1648113900,1093.65,1094.85,1093.55,1094.75,4052
1648114200,1094.45,1094.45,1088.0,1091.05,19138
1648114500,1091.6,1091.6,1088.3,1089.05,13102
1648114800,1088.8,1090.45,1088.65,1090.05,11297
1648115100,1089.55,1090.1,1088.8,1089.45,14839
1648115400,1089.45,1089.45,1087.7,1088.5,20958
1648115700,1088.45,1089.05,1084.3,1088.8,18801
1648179900,1094.0,1094.3,1088.6,1091.85,13471
1648180200,1092.85,1094.35,1091.0,1092.0,3269
1648180500,1092.0,1093.2,1089.4,1091.25,3713
1648180800,1091.25,1093.05,1090.75,1091.05,3306
1648181100,1091.05,1091.45,1089.15,1090.95,3763
1648181400,1091.0,1093.35,1090.35,1093.3,2879
1648181700,1093.15,1096.25,1091.6,1096.0,8090
1648182000,1095.7,1101.3,1095.3,1100.05,13854
1648182300,1100.05,1101.25,1098.0,1099.0,8530
1648182600,1099.05,1099.95,1096.15,1097.7,7509
1648182900,1097.7,1097.95,1096.35,1096.8,3145
1648183200,1096.35,1096.35,1093.05,1094.7,7433
1648183500,1094.7,1094.7,1091.9,1093.0,3424
1648183800,1093.0,1093.55,1090.65,1092.15,5315
1648184100,1092.15,1092.95,1090.6,1092.6,1913
1648184400,1093.15,1093.15,1090.35,1090.45,6153
1648184700,1090.45,1091.95,1090.0,1090.6,4363
1648185000,1090.6,1092.2,1087.0,1090.8,15143
1648185300,1090.8,1091.35,1090.0,1090.0,2947
1648185600,1090.0,1091.25,1089.0,1089.1,3372
1648185900,1089.1,1090.75,1088.55,1089.3,3380
1648186200,1089.3,1089.4,1088.0,1089.2,2304
1648186500,1088.55,1090.7,1088.5,1090.7,5041
1648186800,1090.35,1091.05,1089.2,1089.6,3090
1648187100,1089.6,1091.0,1089.35,1090.05,1896
1648187400,1090.7,1091.15,1090.0,1090.5,1706
1648187700,1090.5,1090.9,1089.0,1090.0,7399
1648188000,1090.0,1090.0,1089.25,1089.25,2031
1648188300,1089.25,1090.0,1089.0,1089.4,7619
1648188600,1089.4,1090.0,1088.9,1089.3,4507
1648188900,1089.3,1090.0,1088.75,1089.4,6095
1648189200,1089.4,1090.5,1088.75,1090.0,11669
1648189500,1090.5,1090.7,1089.85,1090.4,10233
1648189800,1090.4,1091.0,1089.55,1090.5,9819
1648190100,1090.5,1090.5,1085.75,1087.3,16728
1648190400,1087.0,1088.2,1085.8,1086.35,14951
1648190700,1086.35,1087.75,1085.65,1087.25,8115
1648191000,1086.85,1088.35,1086.85,1087.05,6493
1648191300,1087.7,1090.0,1087.0,1088.65,4490
1648191600,1088.65,1092.15,1087.6,1090.6,11568
1648191900,1090.6,1094.25,1090.45,1093.1,9348
1648192200,1093.1,1095.7,1092.4,1095.05,8136
1648192500,1095.05,1095.55,1093.45,1093.9,6715
1648192800,1093.8,1095.5,1093.4,1095.35,6343
1648193100,1095.0,1095.5,1094.1,1095.0,3676
1648193400,1094.75,1097.2,1094.1,1096.75,8533
1648193700,1096.75,1097.1,1094.85,1097.1,6507
1648194000,1097.15,1099.0,1096.45,1097.7,6702
1648194300,1097.9,1099.0,1096.25,1098.8,7079
1648194600,1098.8,1098.8,1096.9,1097.0,3867
1648194900,1097.0,1099.0,1097.0,1097.6,6613
1648195200,1097.9,1100.0,1097.9,1098.75,10500
1648195500,1098.75,1099.15,1097.05,1097.75,6419
1648195800,1097.75,1098.1,1092.25,1092.7,11321
1648196100,1092.7,1093.5,1091.25,1091.85,4303
1648196400,1092.65,1093.0,1091.0,1092.15,2229
1648196700,1092.15,1092.95,1091.2,1092.0,5236
1648197000,1091.55,1093.0,1091.0,1092.15,8879
1648197300,1092.15,1092.15,1090.7,1091.4,6252
1648197600,1091.8,1094.65,1091.05,1094.45,5085
1648197900,1094.35,1095.8,1093.05,1094.0,9340
1648198200,1094.0,1095.2,1093.35,1094.0,7686
1648198500,1094.0,1096.7,1094.0,1094.75,11310
1648198800,1094.75,1095.8,1092.55,1093.0,7577
1648199100,1093.0,1094.4,1090.65,1090.65,19351
1648199400,1090.65,1092.0,1089.0,1089.65,7571
1648199700,1089.65,1090.85,1085.6,1088.35,15348
1648200000,1088.35,1089.75,1087.6,1089.6,3112
1648200300,1089.6,1090.0,1088.15,1089.65,6321
1648200600,1089.6,1090.0,1087.55,1089.35,21469
1648200900,1089.35,1090.0,1088.6,1090.0,15553
1648201200,1089.95,1092.4,1089.3,1091.5,23322
1648201500,1091.5,1095.95,1091.5,1093.9,17608
1648201800,1093.9,1098.45,1093.9,1097.15,24388
1648202100,1097.55,1098.35,1094.0,1096.6,13786
1648439100,1092.9,1101.0,1092.9,1093.1,17463
1648439400,1091.8,1094.45,1087.65,1088.7,6441
1648439700,1089.3,1089.9,1086.9,1087.95,7298
1648440000,1087.95,1090.2,1086.0,1087.65,7833
1648440300,1087.65,1088.75,1086.55,1088.3,3094
1648440600,1088.3,1088.6,1086.1,1086.75,7426
1648440900,1086.75,1088.1,1083.6,1085.4,8719
1648441200,1085.55,1088.7,1084.05,1087.2,5916
1648441500,1087.2,1087.75,1084.05,1084.2,2784
1648441800,1084.2,1085.0,1083.1,1084.15,6637
1648442100,1084.15,1085.25,1083.2,1084.6,5366
1648442400,1084.6,1085.7,1082.65,1083.45,10285
1648442700,1083.45,1083.45,1078.0,1078.7,6336
1648443000,1078.7,1080.5,1078.1,1078.8,5189
1648443300,1078.8,1079.0,1077.2,1078.0,3876
1648443600,1078.0,1079.0,1077.0,1077.3,4540
1648443900,1077.3,1079.0,1077.0,1078.55,2224
1648444200,1078.5,1078.8,1075.7,1076.0,1959
1648444500,1076.0,1077.2,1075.25,1076.65,2726
1648444800,1076.65,1077.8,1075.55,1077.8,2836
1648445100,1077.8,1079.9,1077.4,1078.45,3792
1648445400,1078.45,1079.0,1076.7,1077.2,2548
1648445700,1077.2,1077.2,1070.1,1070.55,11260
1648446000,1070.55,1070.95,1064.85,1066.85,19765
1648446300,1066.85,1066.95,1064.0,1065.1,10807
1648446600,1065.1,1068.0,1064.3,1067.05,11617
1648446900,1067.05,1067.85,1065.55,1066.25,5188
1648447200,1065.65,1067.5,1063.6,1067.5,7914
1648447500,1067.5,1067.75,1064.3,1065.65,6034
1648447800,1064.6,1065.6,1063.0,1064.55,6396
1648448100,1064.55,1064.75,1059.0,1059.05,14867
1648448400,1059.5,1060.0,1057.0,1059.3,9832
1648448700,1059.55,1059.65,1057.4,1058.2,5528
1648449000,1058.75,1058.9,1056.0,1056.05,11108
1648449300,1056.0,1057.6,1056.0,1056.8,13275
1648449600,1056.8,1059.4,1056.2,1059.4,5062
1648449900,1059.4,1062.75,1058.4,1058.4,17311
1648450200,1057.8,1059.0,1057.65,1058.85,5049
1648450500,1058.35,1063.8,1058.1,1062.95,8363
1648450800,1062.95,1069.45,1062.0,1069.0,14938
1648451100,1069.05,1075.15,1069.0,1074.45,27575
1648451400,1074.45,1079.45,1073.2,1079.0,42488
1648451700,1079.0,1085.0,1078.65,1084.75,23550
1648452000,1084.75,1091.65,1084.0,1090.0,21501
1648452300,1090.5,1103.8,1089.15,1096.25,56521
1648452600,1096.3,1097.45,1086.8,1088.45,29523
1648452900,1088.45,1095.45,1087.05,1092.85,19688
1648453200,1092.8,1094.8,1091.55,1094.3,15691
1648453500,1094.8,1095.0,1091.05,1092.8,18365
1648453800,1092.4,1093.15,1089.9,1090.7,6596
1648454100,1090.7,1093.85,1089.25,1093.45,9871
1648454400,1093.5,1093.5,1085.2,1086.75,9236
1648454700,1087.4,1087.85,1084.5,1084.55,4423
1648455000,1085.2,1086.5,1081.0,1083.2,5100
1648455300,1083.2,1087.0,1083.0,1085.0,5107
1648455600,1085.0,1086.7,1083.1,1086.5,1958
1648455900,1086.5,1087.55,1082.4,1083.6,9446
1648456200,1083.6,1085.45,1082.15,1083.2,4991
1648456500,1083.2,1083.25,1078.0,1078.0,12647
1648456800,1078.0,1081.8,1078.0,1079.95,8993
1648457100,1079.95,1081.35,1079.0,1079.1,5854
1648457400,1079.1,1082.75,1078.65,1082.75,21892
1648457700,1082.75,1089.5,1082.75,1087.25,11997
1648458000,1087.25,1088.35,1084.35,1087.25,7569
1648458300,1086.35,1088.85,1086.35,1086.95,4745
1648458600,1086.95,1087.0,1083.6,1084.75,4551
1648458900,1084.75,1086.0,1082.45,1082.7,3227
1648459200,1082.7,1083.9,1080.8,1082.1,6597
1648459500,1082.3,1085.85,1082.1,1084.65,12614
1648459800,1084.8,1086.6,1083.85,1083.85,11511
1648460100,1083.9,1086.0,1076.35,1076.45,28211
1648460400,1076.3,1082.55,1076.0,1080.9,33429
1648460700,1080.9,1083.7,1070.35,1072.65,62863
1648461000,1073.25,1076.85,1070.15,1070.4,42127
1648461300,1070.4,1071.5,1065.0,1070.0,26211
1648525500,1111.0,1114.95,1092.4,1094.0,759669
1648525800,1094.45,1101.15,1094.45,1098.5,147888
1648526100,1098.2,1100.05,1097.8,1098.2,81396
1648526400,1097.65,1100.0,1096.05,1098.1,77751
1648526700,1098.7,1100.95,1098.0,1100.2,66583
1648527000,1100.25,1102.9,1098.6,1100.0,88190
1648527300,1100.45,1100.85,1096.7,1097.95,57239
1648527600,1098.0,1099.9,1096.25,1097.0,41735
1648527900,1097.1,1097.8,1091.55,1096.25,134396
1648528200,1096.15,1097.3,1094.85,1096.8,31021
1648528500,1096.8,1097.3,1094.5,1095.35,29876
1648528800,1095.35,1096.8,1094.7,1095.15,14618
1648529100,1095.2,1095.55,1092.05,1093.4,27571
1648529400,1093.4,1095.0,1090.55,1091.65,58332
1648529700,1091.8,1093.7,1090.75,1091.65,30592
1648530000,1091.65,1092.0,1090.2,1090.9,28216
1648530300,1090.4,1091.7,1090.0,1090.6,24876
1648530600,1090.95,1091.8,1089.0,1091.8,31182
1648530900,1091.8,1100.3,1091.75,1098.05,89465
1648531200,1098.05,1101.55,1098.05,1098.45,55528
1648531500,1098.5,1100.0,1098.35,1099.0,22925
1648531800,1099.0,1100.0,1098.75,1098.75,13264
1648532100,1098.75,1099.1,1096.5,1096.5,11037
1648532400,1096.5,1098.0,1095.45,1097.5,16582
1648532700,1097.3,1099.05,1096.75,1099.0,13838
1648533000,1098.75,1099.35,1097.05,1097.95,12828
1648533300,1097.95,1098.9,1097.35,1098.7,5351
1648533600,1098.9,1098.9,1096.5,1096.85,7846
1648533900,1096.85,1096.85,1093.2,1093.2,8661
1648534200,1093.25,1093.4,1091.7,1092.5,14258
1648534500,1092.5,1094.45,1092.25,1093.45,20890
1648534800,1093.45,1093.95,1092.05,1093.9,10470
1648535100,1093.7,1096.5,1093.65,1094.45,10511
1648535400,1094.45,1095.5,1093.05,1094.95,8182
1648535700,1094.95,1096.15,1093.8,1095.0,12290
1648536000,1095.0,1096.15,1094.4,1095.65,5939
1648536300,1095.65,1096.5,1094.45,1095.4,8228
1648536600,1096.0,1096.8,1095.0,1095.95,8421
1648536900,1095.65,1096.0,1094.8,1095.65,5818
1648537200,1095.65,1096.0,1095.2,1096.0,1932
1648537500,1095.9,1096.5,1095.75,1096.15,3183
1648537800,1096.15,1096.4,1095.3,1095.75,5081
1648538100,1095.3,1095.45,1094.8,1094.8,6778
1648538400,1094.6,1095.5,1094.2,1094.25,12433
1648538700,1094.25,1096.05,1094.25,1094.85,9050
1648539000,1095.3,1097.4,1094.9,1097.0,17206
1648539300,1096.95,1097.0,1096.2,1096.7,2727
1648539600,1096.7,1097.0,1095.0,1095.65,8521
1648539900,1095.7,1096.5,1094.8,1096.2,18557
1648540200,1096.2,1096.9,1095.25,1096.5,8608
1648540500,1096.45,1096.45,1094.35,1095.95,13002
1648540800,1095.5,1096.0,1094.2,1094.8,14685
1648541100,1094.8,1095.6,1094.0,1094.0,5672
1648541400,1094.0,1094.95,1094.0,1094.85,5497
1648541700,1094.85,1095.5,1094.35,1094.55,13324
1648542000,1094.9,1095.3,1094.55,1095.15,7601
1648542300,1095.15,1095.15,1093.6,1094.2,18973
1648542600,1094.2,1095.7,1094.0,1095.2,9990
1648542900,1095.2,1096.0,1094.6,1096.0,17206
1648543200,1096.0,1097.7,1095.15,1096.6,28822
1648543500,1096.6,1096.8,1090.75,1090.9,27332
1648543800,1090.9,1091.4,1086.4,1089.55,61167
1648544100,1089.55,1090.0,1089.0,1089.55,11842
1648544400,1089.55,1090.35,1089.1,1089.25,21819
1648544700,1089.3,1090.8,1088.45,1090.1,28743
1648545000,1090.0,1091.6,1089.4,1089.95,14475
1648545300,1089.95,1091.1,1089.3,1090.05,14393
1648545600,1090.05,1092.75,1089.05,1092.75,26408
1648545900,1092.75,1097.0,1091.95,1096.2,36085
1648546200,1096.85,1099.0,1094.3,1098.75,30722
1648546500,1098.8,1100.95,1098.0,1100.95,34965
1648546800,1100.45,1101.5,1099.4,1101.5,46179
1648547100,1100.8,1103.9,1100.6,1101.4,70515
1648547400,1101.4,1104.55,1101.4,1103.3,54084
1648547700,1103.3,1105.0,1100.55,1103.0,23013
1648611900,1110.0,1112.3,1103.5,1106.75,72883
1648612200,1106.45,1110.0,1104.3,1109.15,14232
1648612500,1109.1,1110.0,1107.7,1109.8,6011
1648612800,1109.8,1110.6,1106.2,1107.6,11782
1648613100,1107.6,1108.55,1107.3,1107.45,9897
1648613400,1107.85,1107.85,1105.35,1106.25,9321
1648613700,1106.25,1106.95,1104.1,1106.05,7589
1648614000,1106.35,1107.0,1105.0,1105.25,4528
1648614300,1105.25,1107.0,1105.05,1107.0,5605
1648614600,1106.45,1110.55,1106.05,1108.35,23148
1648614900,1108.35,1109.05,1107.4,1108.0,22810
1648615200,1108.1,1110.0,1108.1,1110.0,9783
1648615500,1110.0,1110.25,1108.65,1110.25,13580
1648615800,1110.45,1110.5,1109.3,1110.3,8702
1648616100,1110.5,1110.5,1107.5,1108.8,5735
1648616400,1109.0,1110.0,1107.8,1109.65,15827
1648616700,1109.65,1110.5,1109.0,1110.05,12884
1648617000,1110.05,1110.05,1108.0,1108.95,10846
1648617300,1108.65,1110.0,1107.85,1109.1,3857
1648617600,1109.25,1110.0,1109.1,1109.8,3430
1648617900,1109.75,1109.8,1108.5,1108.85,5841
1648618200,1108.85,1109.45,1107.9,1108.1,23074
1648618500,1108.1,1110.6,1108.0,1110.15,42981
1648618800,1110.15,1111.7,1109.8,1109.8,10681
1648619100,1110.1,1110.35,1108.25,1108.3,2919
1648619400,1108.0,1109.95,1106.3,1109.35,8601
1648619700,1109.45,1110.3,1109.3,1110.05,1775
1648620000,1109.95,1111.35,1109.35,1110.7,6229
1648620300,1110.75,1110.75,1110.0,1110.4,5670
1648620600,1110.35,1111.0,1109.95,1110.1,3383
1648620900,1110.05,1112.0,1109.8,1112.0,7600
1648621200,1111.95,1117.85,1111.95,1115.7,31103
1648621500,1115.8,1116.6,1114.65,1116.05,9183
1648621800,1116.05,1117.0,1115.25,1116.1,14070
1648622100,1116.2,1118.3,1116.0,1118.3,9015
1648622400,1118.7,1119.8,1117.45,1119.3,13941
1648622700,1119.35,1126.75,1118.25,1121.6,43027
1648623000,1121.6,1122.35,1119.4,1120.95,13197
1648623300,1121.05,1122.4,1118.05,1118.4,8880
1648623600,1118.4,1121.35,1117.0,1120.7,17064
1648623900,1120.7,1121.1,1119.25,1119.25,8880
1648624200,1119.55,1121.1,1118.8,1119.85,11247
1648624500,1119.85,1121.0,1119.25,1121.0,9767
1648624800,1121.0,1122.6,1120.55,1121.25,29002
1648625100,1121.4,1125.55,1121.4,1124.65,21131
1648625400,1124.65,1126.0,1124.25,1125.05,12686
1648625700,1125.05,1125.6,1124.0,1125.0,10365
1648626000,1125.05,1125.95,1124.65,1125.65,9068
1648626300,1125.1,1127.65,1124.4,1126.3,15674
1648626600,1126.9,1126.95,1124.45,1125.1,14120
1648626900,1125.1,1125.5,1123.45,1124.1,12646
1648627200,1123.6,1124.3,1120.7,1121.4,21009
1648627500,1121.05,1122.35,1120.55,1122.1,30625
1648627800,1122.05,1122.6,1120.0,1121.8,29363
1648628100,1121.1,1122.4,1120.45,1121.3,27788
1648628400,1121.55,1123.1,1121.05,1122.2,10511
1648628700,1122.2,1122.45,1120.45,1121.85,16713
1648629000,1121.95,1123.0,1120.8,1122.05,14767
1648629300,1122.05,1122.5,1120.7,1121.85,9651
1648629600,1121.85,1122.35,1120.95,1122.1,17413
1648629900,1122.1,1122.55,1121.05,1122.15,12075
1648630200,1122.15,1122.95,1121.45,1122.4,8794
1648630500,1122.25,1122.35,1120.45,1121.65,19161
1648630800,1121.55,1122.45,1119.0,1121.55,61549
1648631100,1121.75,1122.4,1120.75,1121.7,12892
1648631400,1121.7,1122.35,1121.0,1121.4,9928
1648631700,1121.4,1122.25,1121.0,1121.45,10515
1648632000,1121.45,1122.4,1120.75,1121.95,27800
1648632300,1122.0,1122.0,1120.45,1121.5,22110
1648632600,1120.95,1122.35,1120.95,1121.95,26279
1648632900,1122.0,1122.45,1120.55,1121.7,35944
1648633200,1122.0,1122.85,1120.9,1121.95,26514
1648633500,1121.95,1122.75,1121.0,1122.7,48821
1648633800,1122.05,1122.9,1121.35,1122.2,41625
1648634100,1122.25,1122.5,1118.0,1121.0,39279
1648698300,1128.0,1128.0,1115.0,1120.6,52946
1648698600,1120.5,1125.75,1118.5,1120.8,12650
1648698900,1121.75,1124.6,1120.85,1124.25,11265
1648699200,1124.25,1127.0,1123.65,1124.95,12916
1648699500,1125.4,1125.8,1120.7,1120.7,8064
1648699800,1120.25,1121.65,1119.0,1120.8,10962
1648700100,1120.05,1121.55,1119.8,1120.1,6295
1648700400,1120.75,1121.3,1120.0,1120.0,4381
1648700700,1120.0,1120.5,1119.35,1119.35,6239
1648701000,1119.35,1119.9,1117.45,1119.1,11685
1648701300,1119.1,1121.6,1118.6,1120.55,10182
1648701600,1120.9,1120.9,1118.1,1119.45,7415
1648701900,1118.95,1122.5,1118.95,1121.95,5261
1648702200,1122.45,1123.5,1122.0,1123.1,7450
1648702500,1123.35,1123.4,1121.9,1122.5,5192
1648702800,1122.15,1123.9,1121.75,1122.65,4639
1648703100,1122.65,1123.0,1121.6,1122.15,3032
1648703400,1122.15,1122.65,1121.55,1122.0,2966
1648703700,1121.85,1121.85,1120.75,1120.85,3882
1648704000,1120.85,1121.7,1120.75,1121.7,3045
1648704300,1121.7,1121.8,1121.1,1121.55,1746
1648704600,1121.55,1121.75,1120.0,1121.6,6254
1648704900,1121.25,1122.0,1121.1,1121.95,1793
1648705200,1121.95,1121.95,1120.55,1120.7,1828
1648705500,1120.7,1121.4,1120.3,1120.4,6364
1648705800,1120.4,1121.0,1119.45,1120.6,9037
1648706100,1120.55,1121.0,1119.85,1119.95,2240
1648706400,1119.9,1121.35,1119.2,1120.25,7243
1648706700,1119.6,1120.0,1118.6,1119.35,3069
1648707000,1119.35,1119.35,1117.5,1118.75,3478
1648707300,1118.1,1119.45,1118.05,1118.8,5513
1648707600,1118.8,1119.65,1118.6,1119.4,1836
1648707900,1119.4,1119.45,1118.1,1118.75,2924
1648708200,1119.45,1121.1,1119.2,1120.7,4644
1648708500,1120.45,1121.1,1119.1,1119.3,3152
1648708800,1119.3,1119.95,1118.35,1119.35,6938
1648709100,1119.35,1120.95,1118.55,1120.6,2462
1648709400,1120.95,1123.0,1120.35,1121.3,6965
1648709700,1121.35,1121.95,1119.4,1119.95,5204
1648710000,1119.7,1122.95,1119.7,1121.05,5471
1648710300,1121.55,1122.7,1120.85,1120.95,4943
1648710600,1120.95,1122.25,1120.8,1121.5,3774
1648710900,1121.9,1122.25,1120.25,1121.65,4293
1648711200,1121.55,1122.15,1120.4,1120.4,4998
1648711500,1120.4,1121.95,1120.4,1121.15,4170
1648711800,1121.15,1122.25,1120.7,1121.7,7539
1648712100,1121.65,1122.4,1121.15,1121.95,5097
1648712400,1122.5,1122.6,1121.95,1122.55,6572
1648712700,1122.05,1123.1,1121.75,1122.75,6144
1648713000,1122.35,1123.2,1121.6,1121.75,7718
1648713300,1121.75,1122.25,1119.25,1119.3,7261
1648713600,1119.55,1122.0,1119.55,1121.25,4431
1648713900,1121.25,1122.25,1120.95,1121.2,5099
1648714200,1121.2,1122.25,1120.65,1121.2,6515
1648714500,1121.15,1121.6,1120.7,1121.0,4524
1648714800,1121.2,1122.25,1121.05,1121.6,6127
1648715100,1121.6,1122.0,1119.4,1119.45,4474
1648715400,1119.45,1120.0,1118.7,1119.2,55906
1648715700,1119.2,1119.7,1119.0,1119.25,4586
1648716000,1119.25,1120.45,1119.0,1120.3,6056
1648716300,1119.7,1120.55,1118.65,1118.65,6697
1648716600,1119.1,1120.0,1118.1,1119.75,5881
1648716900,1119.85,1123.05,1119.75,1121.2,48488
1648717200,1121.25,1121.75,1119.05,1119.3,10046
1648717500,1119.3,1120.35,1119.0,1119.1,6559
1648717800,1119.1,1120.15,1119.0,1119.4,4507
1648718100,1119.35,1120.65,1119.35,1120.45,3724
1648718400,1120.45,1121.0,1119.5,1120.35,4419
1648718700,1120.55,1121.0,1119.35,1119.85,8985
1648719000,1120.3,1121.5,1118.5,1121.35,37132
1648719300,1121.35,1123.05,1120.4,1122.5,32660
1648719600,1122.55,1123.85,1122.5,1123.05,29958
1648719900,1123.15,1123.25,1121.9,1122.15,37102
1648720200,1122.7,1123.6,1120.5,1121.25,39341
1648720500,1121.25,1121.55,1114.45,1119.0,32737
1648784700,1119.0,1119.0,1091.6,1093.9,94887
1648785000,1093.2,1098.0,1091.2,1096.35,43350
1648785300,1096.35,1096.4,1092.1,1092.7,16529
1648785600,1092.7,1095.95,1089.0,1095.4,65780
1648785900,1095.25,1096.95,1092.4,1095.4,50638
1648786200,1095.85,1096.7,1094.75,1095.45,24278
1648786500,1095.25,1096.0,1093.75,1094.4,23544
1648786800,1094.45,1095.85,1093.7,1095.4,20054
1648787100,1095.45,1097.75,1095.15,1097.7,17274
1648787400,1097.5,1103.0,1097.5,1102.95,29409
1648787700,1102.15,1102.8,1101.35,1102.15,16015
1648788000,1102.15,1107.0,1101.75,1107.0,34004
1648788300,1106.9,1107.2,1104.05,1105.25,18881
1648788600,1105.15,1106.5,1104.0,1105.75,14050
1648788900,1105.6,1107.95,1105.6,1107.45,13185
1648789200,1107.45,1109.6,1106.45,1109.45,13053
1648789500,1109.4,1112.35,1109.15,1111.9,14076
1648789800,1111.9,1114.0,1111.3,1113.3,25145
1648790100,1113.25,1116.6,1113.25,1115.15,17271
1648790400,1114.6,1115.8,1112.45,1113.45,11557
1648790700,1113.6,1115.2,1112.95,1114.3,14136
1648791000,1114.3,1114.5,1112.55,1112.55,8327
1648791300,1112.8,1114.35,1112.8,1114.35,11228
1648791600,1113.9,1115.3,1113.6,1113.6,8356
1648791900,1113.6,1114.2,1112.3,1112.65,5629
1648792200,1112.65,1113.0,1109.65,1110.5,25425
1648792500,1110.0,1110.6,1105.3,1105.45,20021
1648792800,1105.45,1107.05,1103.0,1103.85,32714
1648793100,1103.25,1104.65,1100.0,1101.3,39995
1648793400,1101.3,1102.0,1100.0,1101.3,19146
1648793700,1101.3,1104.2,1101.3,1103.05,16954
1648794000,1103.05,1103.55,1101.0,1101.0,21626
1648794300,1101.0,1102.05,1099.4,1099.45,15026
1648794600,1099.45,1101.4,1099.45,1100.0,13968
1648794900,1100.0,1101.0,1099.5,1100.0,12695
1648795200,1100.0,1101.15,1099.5,1101.0,12392
1648795500,1101.0,1102.0,1100.0,1100.0,10826
1648795800,1100.0,1100.45,1098.65,1099.85,21579
1648796100,1100.1,1102.05,1099.55,1101.85,15118
1648796400,1102.1,1102.75,1101.0,1101.95,15312
1648796700,1101.95,1102.95,1101.3,1102.2,16002
1648797000,1102.2,1103.25,1101.3,1102.9,13377
1648797300,1102.9,1104.1,1102.4,1103.65,14283
1648797600,1103.65,1104.45,1102.7,1103.25,14890
1648797900,1103.25,1104.15,1102.85,1103.25,15038
1648798200,1103.25,1103.85,1101.3,1102.25,12466
1648798500,1102.25,1103.2,1101.1,1103.2,13523
1648798800,1103.2,1103.95,1101.0,1103.0,11931
1648799100,1103.0,1106.0,1103.0,1105.2,26288
1648799400,1105.2,1105.75,1105.0,1105.0,7866
1648799700,1105.0,1106.6,1105.0,1105.45,18134
1648800000,1105.45,1108.9,1105.45,1108.5,19685
1648800300,1108.5,1108.8,1107.6,1108.0,18312
1648800600,1108.0,1109.9,1108.0,1108.3,9769
1648800900,1108.3,1111.25,1108.2,1110.0,13470
1648801200,1110.0,1111.0,1109.75,1109.75,10418
1648801500,1109.75,1110.15,1108.55,1109.5,11338
1648801800,1109.5,1109.8,1106.15,1106.15,13313
1648802100,1106.15,1107.0,1105.0,1106.3,14652
1648802400,1106.3,1106.4,1103.55,1104.05,14409
1648802700,1103.7,1104.1,1101.65,1102.15,13040
1648803000,1102.15,1102.55,1100.0,1100.45,14355
1648803300,1100.45,1101.4,1100.25,1100.55,12388
1648803600,1100.55,1102.0,1100.55,1101.65,14737
1648803900,1101.65,1104.25,1101.65,1104.0,38203
1648804200,1104.0,1107.95,1103.65,1107.75,9975
1648804500,1107.75,1108.0,1105.45,1106.05,11813
1648804800,1106.9,1106.9,1105.45,1106.25,9306
1648805100,1106.25,1107.5,1106.25,1107.45,7422
1648805400,1107.45,1109.6,1106.45,1109.45,26720
1648805700,1109.45,1111.1,1109.25,1110.45,24975
1648806000,1110.3,1111.0,1110.0,1110.55,23398
1648806300,1110.55,1114.7,1110.45,1114.7,40236
1648806600,1114.9,1120.8,1114.55,1119.2,53090
1648806900,1119.0,1120.5,1115.0,1116.7,25517
1649043900,1113.35,1118.3,1104.0,1108.6,130087
1649044200,1109.3,1111.05,1107.25,1111.0,62600
1649044500,1111.0,1118.8,1110.1,1116.05,45033
1649044800,1116.0,1116.9,1112.6,1115.05,52217
1649045100,1114.9,1121.95,1111.75,1120.0,37513
1649045400,1120.0,1122.0,1113.95,1114.55,26614
1649045700,1115.4,1122.1,1114.1,1120.25,64753
1649046000,1120.1,1125.0,1120.1,1123.0,35967
1649046300,1123.0,1124.0,1116.35,1119.55,29941
1649046600,1119.6,1119.75,1116.65,1118.3,13977
1649046900,1118.3,1121.85,1117.65,1120.55,26078
1649047200,1120.55,1120.55,1117.7,1118.65,8289
1649047500,1118.65,1120.0,1117.2,1119.8,16319
1649047800,1118.65,1120.9,1115.65,1116.0,18461
1649048100,1116.0,1116.75,1112.55,1114.75,15792
1649048400,1114.75,1115.8,1112.2,1112.95,17263
1649048700,1112.95,1114.65,1111.1,1113.4,16111
1649049000,1113.4,1114.85,1112.5,1112.6,22800
1649049300,1112.5,1115.05,1111.7,1113.45,13927
1649049600,1113.45,1114.7,1112.35,1112.45,7693
1649049900,1112.5,1114.0,1112.3,1112.7,8857
1649050200,1112.7,1114.65,1111.25,1112.55,19468
1649050500,1112.55,1115.45,1112.5,1115.2,10293
1649050800,1115.2,1117.35,1114.15,1114.8,16379
1649051100,1114.8,1117.9,1114.05,1117.15,11072
1649051400,1117.15,1120.0,1116.0,1119.6,12922
1649051700,1120.0,1121.75,1118.65,1120.4,18144
1649052000,1121.0,1121.75,1118.5,1120.35,9380
1649052300,1120.45,1121.35,1119.35,1120.35,13498
1649052600,1119.85,1120.3,1118.1,1119.15,6374
1649052900,1119.15,1120.0,1117.9,1118.1,6145
1649053200,1118.1,1118.7,1116.5,1117.3,9734
1649053500,1117.0,1117.15,1115.6,1117.0,13364
1649053800,1117.1,1117.75,1116.5,1117.0,11843
1649054100,1117.0,1117.65,1116.1,1116.95,13298
1649054400,1116.95,1117.05,1113.1,1114.0,7966
1649054700,1114.0,1115.0,1113.9,1114.05,5708
1649055000,1114.2,1115.4,1114.0,1114.1,17094
1649055300,1114.4,1118.45,1113.2,1117.5,19580
1649055600,1117.35,1118.2,1115.3,1116.1,16962
1649055900,1116.1,1117.5,1115.0,1117.45,8051
1649056200,1117.45,1121.35,1117.0,1120.0,11453
1649056500,1120.0,1121.2,1117.15,1120.2,14444
1649056800,1120.2,1122.0,1118.5,1121.95,14156
1649057100,1121.95,1124.05,1121.5,1123.05,10255
1649057400,1123.0,1123.85,1119.0,1120.15,28196
1649057700,1120.15,1121.25,1119.0,1119.65,5143
1649058000,1119.75,1120.15,1118.55,1119.0,4810
1649058300,1119.0,1119.15,1117.1,1118.7,24796
1649058600,1118.7,1119.0,1116.0,1116.25,22276
1649058900,1116.25,1118.7,1116.2,1117.9,27935
1649059200,1117.9,1118.2,1113.5,1113.5,72348
1649059500,1113.5,1115.05,1112.0,1113.2,20390
1649059800,1113.2,1114.95,1112.85,1113.0,20502
1649060100,1113.0,1114.55,1112.55,1113.35,23556
1649060400,1113.35,1113.8,1112.35,1113.6,27780
1649060700,1113.6,1116.45,1113.0,1114.35,29988
1649061000,1114.6,1116.0,1113.45,1115.5,30750
1649061300,1115.5,1117.45,1114.0,1114.3,30464
1649061600,1114.3,1116.05,1113.35,1115.1,66170
1649061900,1115.1,1117.0,1114.7,1116.4,26389
1649062200,1116.35,1118.85,1116.15,1118.25,36791
1649062500,1118.25,1120.25,1117.5,1118.25,28485
1649062800,1118.25,1120.0,1118.25,1118.6,18135
1649063100,1118.85,1121.3,1118.6,1121.0,27517
1649063400,1121.0,1122.95,1119.8,1120.9,29910
1649063700,1120.9,1122.75,1120.0,1122.65,25148
1649064000,1122.65,1123.0,1121.6,1122.0,16920
1649064300,1122.0,1124.15,1121.55,1123.0,26302
1649064600,1122.55,1126.45,1122.55,1126.45,30661
1649064900,1126.2,1128.0,1125.0,1128.0,23112
1649065200,1127.8,1129.9,1125.05,1125.6,37977
1649065500,1125.6,1127.0,1124.7,1125.7,18027
1649065800,1125.7,1127.65,1124.3,1127.65,29634
1649066100,1127.65,1128.0,1123.3,1125.0,22661
1649130300,1123.05,1130.2,1116.0,1120.65,43285
1649130600,1121.3,1125.0,1118.45,1122.35,24712
1649130900,1122.35,1124.0,1121.4,1122.55,10491
1649131200,1122.55,1122.8,1121.4,1122.5,12450
1649131500,1122.0,1122.5,1119.1,1120.0,8923
1649131800,1120.0,1121.2,1115.8,1116.55,17695
1649132100,1116.55,1118.75,1114.5,1118.25,16052
1649132400,1118.25,1119.4,1114.05,1115.1,11257
1649132700,1115.1,1117.0,1114.25,1116.8,8893
1649133000,1116.8,1118.1,1115.75,1116.95,2765
1649133300,1116.95,1119.05,1115.6,1117.4,11772
1649133600,1117.4,1117.4,1115.8,1116.25,2689
1649133900,1116.25,1117.85,1116.05,1117.5,2953
1649134200,1117.5,1117.85,1116.75,1116.95,2327
1649134500,1117.0,1119.25,1117.0,1117.7,4511
1649134800,1117.7,1119.15,1116.0,1118.35,10421
1649135100,1118.35,1118.35,1113.85,1114.6,9023
1649135400,1114.6,1115.1,1111.0,1113.4,11949
1649135700,1113.8,1115.0,1112.2,1113.9,9990
1649136000,1113.9,1114.85,1111.1,1112.45,8816
1649136300,1112.45,1114.05,1112.0,1113.65,8252
1649136600,1113.65,1113.85,1111.6,1113.0,5101
1649136900,1113.0,1113.55,1112.0,1112.4,6539
1649137200,1112.3,1113.45,1112.3,1113.45,5568
1649137500,1113.45,1113.45,1112.35,1113.0,3479
1649137800,1112.9,1113.4,1111.0,1111.45,8226
1649138100,1111.45,1112.0,1111.1,1111.9,6332
1649138400,1111.85,1113.15,1111.5,1113.05,4988
1649138700,1113.05,1114.2,1112.5,1113.9,8496
1649139000,1113.9,1114.1,1111.55,1112.1,6867
1649139300,1112.1,1113.55,1111.5,1113.0,8729
1649139600,1112.95,1114.0,1112.35,1113.95,7343
1649139900,1114.1,1116.3,1113.9,1116.0,12904
1649140200,1116.3,1118.0,1115.8,1117.95,13319
1649140500,1117.95,1118.65,1117.2,1118.05,8509
1649140800,1118.05,1119.8,1117.5,1119.5,6520
1649141100,1119.35,1119.5,1117.8,1118.85,8395
1649141400,1118.95,1118.95,1117.55,1118.1,9439
1649141700,1118.1,1118.25,1117.55,1118.15,4706
1649142000,1118.15,1118.15,1117.25,1118.05,10430
1649142300,1118.05,1119.5,1117.45,1119.3,15396
1649142600,1119.25,1119.45,1117.4,1117.5,4126
1649142900,1117.5,1118.15,1117.0,1117.45,9216
1649143200,1117.45,1118.55,1116.75,1118.45,9863
1649143500,1118.2,1120.35,1117.9,1119.7,11159
1649143800,1119.9,1121.5,1119.9,1120.25,8303
1649144100,1120.85,1123.0,1120.85,1122.95,10878
1649144400,1122.2,1123.5,1122.0,1123.5,8254
1649144700,1123.5,1124.5,1121.95,1122.25,6991
1649145000,1122.25,1123.0,1120.85,1121.65,6419
1649145300,1122.0,1123.2,1120.9,1123.05,14666
1649145600,1122.75,1123.1,1120.5,1120.65,8154
1649145900,1120.65,1121.7,1120.0,1120.0,5979
1649146200,1120.0,1120.95,1120.0,1120.75,10740
1649146500,1120.8,1121.35,1120.0,1120.9,14303
1649146800,1120.9,1122.6,1120.0,1122.6,6567
1649147100,1122.5,1122.65,1120.0,1120.5,7197
1649147400,1120.0,1120.35,1120.0,1120.0,15280
1649147700,1120.0,1120.8,1120.0,1120.35,9011
1649148000,1120.35,1120.35,1117.7,1118.7,7896
1649148300,1118.4,1119.0,1117.5,1118.45,3041
1649148600,1118.4,1119.65,1118.05,1118.65,3771
1649148900,1118.65,1119.4,1117.5,1118.0,5606
1649149200,1118.0,1118.95,1116.7,1118.0,12964
1649149500,1118.1,1118.95,1117.05,1117.3,10334
1649149800,1117.3,1118.45,1116.5,1118.45,7091
1649150100,1118.2,1118.45,1116.75,1117.85,10135
1649150400,1117.8,1117.9,1116.8,1117.75,9756
1649150700,1117.75,1119.25,1117.0,1119.25,9526
1649151000,1120.0,1121.2,1118.85,1118.85,18379
1649151300,1119.35,1119.9,1117.95,1118.05,19969
1649151600,1118.15,1119.0,1116.75,1117.5,14684
1649151900,1117.55,1118.0,1116.0,1117.9,16697
1649152200,1117.95,1119.65,1117.2,1117.95,38490
1649152500,1117.95,1118.8,1115.1,1117.0,14278
1649216700,1111.0,1122.45,1109.6,1115.1,56703
1649217000,1114.15,1117.65,1113.5,1114.95,21295
1649217300,1114.95,1115.95,1112.2,1114.7,5073
1649217600,1114.7,1115.95,1114.0,1114.95,12237
1649217900,1114.95,1116.35,1114.65,1116.35,11405
1649218200,1116.15,1116.6,1114.0,1115.05,7063
1649218500,1115.05,1115.2,1113.0,1114.6,4999
1649218800,1114.6,1115.45,1113.65,1114.2,4438
1649219100,1114.2,1117.8,1113.2,1116.3,7251
1649219400,1116.3,1116.3,1113.5,1114.6,6011
1649219700,1114.25,1117.0,1113.9,1115.3,11502
1649220000,1115.4,1117.0,1114.2,1115.9,11913
1649220300,1115.9,1117.45,1115.1,1117.45,9610
1649220600,1117.45,1117.45,1115.0,1115.1,8220
1649220900,1115.1,1115.55,1114.4,1115.05,4742
1649221200,1115.05,1115.4,1113.5,1113.9,8925
1649221500,1113.6,1113.6,1110.05,1110.05,34487
1649221800,1110.5,1110.55,1107.8,1109.5,10941
1649222100,1109.8,1110.6,1109.0,1109.8,6543
1649222400,1109.8,1110.8,1109.0,1110.8,3900
1649222700,1110.8,1111.35,1110.0,1110.0,5790
1649223000,1109.85,1109.95,1109.3,1109.9,2662
1649223300,1109.6,1110.65,1109.3,1110.5,3388
1649223600,1109.8,1110.55,1108.15,1109.8,14230
1649223900,1109.8,1110.85,1109.0,1109.6,8071
1649224200,1109.6,1111.35,1109.5,1111.35,2595
1649224500,1111.35,1112.8,1110.15,1112.75,11436
1649224800,1112.75,1112.95,1108.5,1108.9,404949
1649225100,1108.55,1108.85,1107.45,1107.9,8179
1649225400,1107.7,1108.3,1107.5,1107.55,4489
1649225700,1107.45,1109.0,1107.45,1108.55,6238
1649226000,1108.55,1108.95,1108.0,1108.0,3920
1649226300,1108.25,1109.0,1107.65,1109.0,6907
1649226600,1109.4,1109.9,1108.9,1109.3,8490
1649226900,1109.35,1110.0,1109.05,1109.3,6548
1649227200,1109.5,1109.5,1108.2,1108.35,5328
1649227500,1108.2,1109.0,1106.15,1108.95,19175
1649227800,1108.95,1109.5,1107.8,1108.0,4124
1649228100,1107.8,1108.4,1107.8,1107.9,4011
1649228400,1108.0,1108.6,1107.9,1108.0,6026
1649228700,1108.0,1108.0,1107.05,1107.85,6589
1649229000,1108.0,1108.3,1107.8,1108.0,17661
1649229300,1108.0,1108.0,1107.45,1107.75,3822
1649229600,1107.75,1107.95,1107.1,1107.95,4663
1649229900,1108.0,1108.0,1107.1,1107.35,3148
1649230200,1106.95,1107.2,1104.1,1104.55,11906
1649230500,1105.0,1106.0,1104.3,1105.0,4593
1649230800,1105.0,1106.0,1104.7,1105.4,2961
1649231100,1105.85,1106.0,1101.6,1101.6,86435
1649231400,1101.95,1104.0,1101.95,1102.7,45855
1649231700,1102.7,1103.4,1101.55,1101.55,7200
1649232000,1101.6,1104.0,1101.5,1104.0,14505
1649232300,1104.7,1106.8,1103.9,1106.7,11429
1649232600,1106.7,1106.8,1104.45,1106.6,12582
1649232900,1106.8,1108.25,1105.6,1105.6,23876
1649233200,1105.75,1105.95,1105.0,1105.55,4699
1649233500,1105.1,1106.4,1105.1,1106.0,7345
1649233800,1105.95,1107.1,1105.05,1105.75,15968
1649234100,1105.75,1106.4,1105.2,1105.5,3414
1649234400,1105.5,1106.0,1104.3,1104.6,4455
1649234700,1104.6,1105.9,1104.0,1104.4,5736
1649235000,1104.4,1104.9,1103.4,1103.65,5632
1649235300,1103.5,1106.0,1103.5,1106.0,4674
1649235600,1106.0,1106.4,1105.0,1105.6,8093
1649235900,1105.6,1106.05,1105.05,1106.0,7492
1649236200,1106.0,1106.2,1105.05,1105.85,5927
1649236500,1105.7,1107.0,1105.6,1105.95,21428
1649236800,1105.95,1107.2,1104.75,1107.2,45151
1649237100,1107.2,1107.2,1105.25,1106.0,16498
1649237400,1106.0,1109.55,1105.95,1109.55,58746
1649237700,1109.6,1109.7,1107.1,1108.35,15619
1649238000,1108.35,1108.95,1106.85,1107.65,15871
1649238300,1107.7,1107.95,1106.0,1106.6,18739
1649238600,1106.55,1107.0,1106.05,1107.0,22164
1649238900,1107.0,1109.0,1106.0,1106.95,25436
1649303100,1103.5,1110.45,1101.55,1103.15,37661
1649303400,1102.85,1103.4,1101.0,1101.25,25734
1649303700,1102.05,1102.7,1100.2,1100.95,13764
1649304000,1101.0,1103.95,1100.05,1102.95,8807
1649304300,1102.95,1103.5,1100.6,1101.65,14061
1649304600,1101.6,1101.75,1100.0,1100.65,13101
1649304900,1100.85,1101.8,1100.65,1101.0,11129
1649305200,1101.05,1107.4,1101.0,1107.0,89734
1649305500,1107.0,1107.95,1105.5,1105.95,22594
1649305800,1105.95,1107.0,1105.05,1105.5,17942
1649306100,1105.45,1105.45,1104.0,1104.7,12524
1649306400,1104.7,1106.15,1104.5,1105.55,7545
1649306700,1105.7,1107.4,1105.6,1107.4,6857
1649307000,1107.4,1107.4,1106.1,1106.45,9959
1649307300,1106.45,1107.2,1106.0,1106.5,7069
1649307600,1106.5,1106.55,1105.0,1106.5,6857
1649307900,1105.95,1106.3,1105.0,1105.25,4361
1649308200,1105.25,1107.4,1105.25,1106.75,6346
1649308500,1106.75,1109.4,1106.75,1109.05,11041
1649308800,1109.4,1109.75,1108.7,1109.65,6619
1649309100,1109.65,1112.0,1109.6,1111.9,20170
1649309400,1111.9,1115.0,1111.9,1113.25,17269
1649309700,1113.0,1113.6,1112.0,1112.55,6004
1649310000,1112.5,1115.75,1112.4,1114.4,19674
1649310300,1114.25,1114.35,1112.45,1113.35,9012
1649310600,1113.35,1114.2,1112.35,1113.95,3877
1649310900,1113.95,1114.4,1109.45,1110.0,45154
1649311200,1110.3,1110.85,1109.25,1109.95,8049
1649311500,1109.85,1110.0,1109.0,1109.15,5261
1649311800,1109.6,1109.6,1108.05,1108.2,5546
1649312100,1108.2,1109.0,1107.05,1108.95,9311
1649312400,1108.65,1110.25,1108.35,1109.5,6023
1649312700,1109.5,1110.6,1108.5,1110.1,3856
1649313000,1110.1,1110.7,1108.05,1109.5,12750
1649313300,1109.5,1110.3,1107.5,1108.8,4463
1649313600,1108.8,1110.0,1108.75,1109.8,3368
1649313900,1110.0,1110.0,1108.5,1108.8,4871
1649314200,1108.9,1110.0,1108.75,1109.55,6114
1649314500,1109.55,1111.55,1109.55,1111.5,11017
1649314800,1111.0,1113.1,1111.0,1113.0,9177
1649315100,1113.0,1113.0,1109.85,1110.0,23189
1649315400,1110.1,1110.6,1109.5,1110.05,11157
1649315700,1110.05,1110.15,1109.0,1109.4,6598
1649316000,1109.4,1110.05,1108.4,1109.15,4924
1649316300,1109.6,1110.15,1109.0,1109.5,3421
1649316600,1109.5,1110.0,1108.3,1108.6,6210
1649316900,1108.6,1110.25,1108.5,1109.85,7229
1649317200,1109.75,1109.8,1107.7,1108.35,5596
1649317500,1107.85,1108.6,1107.75,1108.05,5848
1649317800,1108.05,1108.7,1107.8,1108.7,3535
1649318100,1108.7,1108.7,1106.75,1106.95,6569
1649318400,1106.95,1106.95,1104.5,1105.3,15911
1649318700,1105.3,1105.4,1104.05,1104.95,8772
1649319000,1104.25,1105.4,1103.55,1103.9,12611
1649319300,1103.9,1104.35,1103.0,1103.2,10060
1649319600,1103.2,1104.35,1102.65,1103.45,7615
1649319900,1103.0,1103.45,1101.7,1102.25,11072
1649320200,1102.25,1104.2,1102.15,1103.45,8472
1649320500,1103.45,1104.35,1103.05,1103.35,6847
1649320800,1104.0,1104.0,1102.0,1102.2,10762
1649321100,1102.05,1104.0,1102.0,1102.4,10432
1649321400,1102.9,1104.0,1102.25,1103.4,8646
1649321700,1103.9,1105.1,1103.0,1104.75,9678
1649322000,1104.75,1107.5,1104.25,1105.9,13459
1649322300,1106.65,1108.05,1105.3,1107.9,11120
1649322600,1107.95,1107.95,1105.65,1106.75,10039
1649322900,1106.75,1107.6,1106.45,1107.35,10359
1649323200,1107.6,1107.95,1106.8,1107.5,9546
1649323500,1106.9,1107.5,1105.5,1106.15,10810
1649323800,1107.85,1111.55,1106.75,1109.5,36383
1649324100,1108.9,1109.5,1107.1,1108.3,15826
1649324400,1108.3,1109.0,1108.0,1108.9,18924
1649324700,1108.75,1109.3,1108.35,1108.55,24947
1649325000,1108.55,1110.0,1108.55,1109.05,30963
1649325300,1109.1,1109.95,1108.0,1108.0,22087
1649389500,1109.0,1122.0,1109.0,1117.25,43151
1649389800,1117.85,1119.35,1115.65,1119.25,16442
1649390100,1119.45,1119.7,1117.0,1117.25,10777
1649390400,1117.6,1120.9,1117.25,1118.95,15932
1649390700,1118.3,1118.4,1115.55,1116.1,12529
1649391000,1115.65,1117.35,1115.45,1117.05,6298
1649391300,1117.0,1117.9,1116.15,1116.65,9424
1649391600,1117.0,1118.25,1116.1,1118.0,12413
1649391900,1117.35,1122.35,1117.1,1122.15,305780
1649392200,1122.85,1125.0,1122.3,1124.05,25812
1649392500,1124.3,1125.0,1121.05,1123.85,18523
1649392800,1124.65,1126.4,1124.1,1125.7,20808
1649393100,1125.7,1127.95,1119.85,1120.55,47733
1649393400,1120.55,1121.9,1118.65,1120.75,21371
1649393700,1120.75,1124.55,1120.3,1124.0,29636
1649394000,1123.9,1127.95,1123.65,1127.15,52272
1649394300,1127.5,1127.95,1125.1,1127.5,21745
1649394600,1127.5,1133.0,1127.0,1132.75,65911
1649394900,1132.75,1135.7,1128.95,1134.3,77076
1649395200,1134.0,1135.75,1132.55,1135.75,41947
1649395500,1135.75,1139.9,1135.0,1137.0,53306
1649395800,1137.5,1137.95,1135.0,1137.7,23776
1649396100,1137.7,1137.95,1134.55,1135.5,15325
1649396400,1135.45,1137.0,1133.05,1133.5,22177
1649396700,1133.5,1136.65,1133.2,1136.6,12554
1649397000,1136.6,1136.8,1134.6,1135.65,12533
1649397300,1135.65,1135.95,1133.1,1134.2,15321
1649397600,1134.2,1135.7,1131.9,1133.0,17154
1649397900,1133.0,1133.0,1129.3,1131.45,27729
1649398200,1131.45,1134.85,1130.85,1134.55,11890
1649398500,1134.55,1135.15,1131.65,1132.55,12082
1649398800,1132.55,1132.85,1130.85,1132.65,12251
1649399100,1132.65,1133.1,1131.1,1131.9,12529
1649399400,1131.35,1136.8,1131.35,1136.75,19324
1649399700,1136.15,1138.45,1136.15,1138.0,16666
1649400000,1137.6,1139.0,1137.05,1139.0,14191
1649400300,1139.0,1139.5,1137.45,1138.3,20543
1649400600,1138.7,1139.8,1137.7,1139.65,15385
1649400900,1139.65,1140.95,1138.1,1139.9,32370
1649401200,1139.9,1140.75,1137.6,1138.65,16093
1649401500,1138.65,1140.9,1138.05,1140.9,19139
1649401800,1140.9,1141.8,1140.05,1140.6,16084
1649402100,1140.8,1140.8,1136.0,1136.55,30222
1649402400,1136.0,1138.2,1135.0,1138.2,31754
1649402700,1138.2,1139.65,1137.2,1138.95,16051
1649403000,1138.95,1139.5,1137.3,1138.5,14255
1649403300,1138.5,1139.5,1137.7,1138.7,11843
1649403600,1139.0,1139.5,1137.4,1139.2,9102
1649403900,1139.2,1139.45,1138.25,1138.55,8064
1649404200,1139.05,1139.4,1138.5,1139.15,8432
1649404500,1138.95,1140.15,1138.95,1139.7,13915
1649404800,1139.7,1141.0,1139.0,1141.0,11424
1649405100,1140.95,1141.6,1139.9,1140.95,14190
1649405400,1140.95,1141.25,1139.0,1139.05,10046
1649405700,1139.2,1140.25,1139.2,1139.75,6419
1649406000,1139.75,1142.95,1139.2,1142.95,16574
1649406300,1142.5,1145.3,1141.3,1145.05,33405
1649406600,1145.0,1147.0,1142.75,1146.3,55015
1649406900,1146.35,1150.7,1146.0,1148.8,60447
1649407200,1148.35,1150.65,1147.85,1150.5,32194
1649407500,1150.5,1154.7,1149.2,1153.5,74323
1649407800,1153.5,1154.1,1150.6,1151.5,42203
1649408100,1151.1,1153.9,1150.3,1153.6,26062
1649408400,1153.75,1153.75,1152.0,1152.8,17669
1649408700,1152.6,1155.8,1152.6,1153.25,39550
1649409000,1153.25,1156.45,1153.0,1154.85,20285
1649409300,1154.85,1156.8,1152.05,1155.7,47518
1649409600,1155.7,1158.0,1155.1,1156.9,38509
1649409900,1156.9,1159.5,1156.75,1157.3,40196
1649410200,1157.25,1159.25,1156.4,1158.5,30637
1649410500,1158.4,1159.2,1157.8,1158.85,26870
1649410800,1158.9,1161.6,1158.8,1161.4,53918
1649411100,1161.6,1164.4,1160.4,1163.85,64233
1649411400,1163.9,1165.0,1161.2,1162.45,57022
1649411700,1161.95,1163.1,1156.0,1156.0,152542
1649648700,1160.0,1160.0,1143.5,1144.0,80036
1649649000,1143.9,1144.6,1141.0,1143.25,35985
1649649300,1143.0,1143.8,1140.1,1141.75,35037
1649649600,1141.85,1142.75,1140.0,1142.0,26563
1649649900,1141.95,1146.35,1141.0,1143.0,43166
1649650200,1143.0,1143.05,1138.0,1138.65,45279
1649650500,1138.65,1139.7,1136.0,1139.45,37173
1649650800,1139.25,1140.2,1137.0,1137.3,20027
1649651100,1138.0,1138.65,1136.4,1136.4,17673
1649651400,1136.35,1136.7,1135.0,1135.5,36877
1649651700,1135.25,1138.45,1133.05,1138.05,43469
1649652000,1138.4,1138.8,1135.0,1136.85,21803
1649652300,1136.6,1138.55,1136.6,1138.55,15187
1649652600,1138.5,1140.85,1138.25,1140.85,25835
1649652900,1140.6,1142.75,1140.55,1142.35,17969
1649653200,1142.35,1142.5,1140.0,1140.5,12407
1649653500,1140.55,1140.55,1137.6,1139.15,13517
1649653800,1138.6,1139.4,1137.0,1137.7,12386
1649654100,1137.7,1137.8,1136.8,1136.8,9184
1649654400,1137.05,1137.5,1136.0,1136.3,8258
1649654700,1136.4,1136.5,1135.1,1136.5,12588
1649655000,1135.8,1136.35,1134.3,1134.3,28303
1649655300,1134.9,1135.4,1134.3,1134.65,7138
1649655600,1134.65,1134.7,1134.0,1134.3,8960
1649655900,1134.2,1136.95,1134.2,1135.35,19339
1649656200,1135.4,1136.05,1135.1,1136.0,4964
1649656500,1136.0,1138.8,1136.0,1138.7,12861
1649656800,1138.5,1138.5,1135.85,1136.7,16513
1649657100,1136.65,1137.45,1135.3,1135.95,5354
1649657400,1135.8,1138.0,1135.65,1137.35,18419
1649657700,1137.15,1137.35,1136.5,1137.0,5520
1649658000,1137.0,1137.8,1136.8,1137.3,7385
1649658300,1137.6,1138.5,1137.0,1138.15,20958
1649658600,1138.15,1138.95,1137.85,1137.85,17381
1649658900,1138.0,1141.6,1137.85,1141.6,32248
1649659200,1141.5,1142.5,1141.05,1142.45,16840
1649659500,1142.95,1145.3,1142.95,1144.05,29759
1649659800,1144.1,1144.7,1142.0,1144.7,19732
1649660100,1144.7,1144.85,1142.75,1144.0,13172
1649660400,1144.0,1145.0,1143.55,1144.05,12967
1649660700,1144.05,1146.6,1144.0,1146.1,18970
1649661000,1146.1,1148.1,1145.3,1146.45,16119
1649661300,1146.45,1147.0,1145.05,1146.5,12841
1649661600,1146.45,1146.5,1145.8,1146.4,6230
1649661900,1145.95,1148.0,1145.55,1147.95,9249
1649662200,1148.0,1149.4,1148.0,1148.05,13748
1649662500,1148.05,1148.5,1146.55,1147.8,5490
1649662800,1147.7,1149.0,1147.0,1148.8,8550
1649663100,1149.0,1149.45,1147.1,1147.4,11884
1649663400,1147.85,1149.4,1146.15,1146.7,13529
1649663700,1146.7,1147.85,1145.0,1146.3,8797
1649664000,1146.8,1147.4,1145.2,1145.55,5220
1649664300,1145.8,1147.0,1144.0,1145.85,13345
1649664600,1146.55,1146.55,1143.0,1143.9,19215
1649664900,1143.9,1144.75,1142.3,1142.9,14533
1649665200,1142.65,1143.6,1142.3,1142.5,8596
1649665500,1142.7,1142.7,1140.0,1140.55,28294
1649665800,1140.9,1141.5,1140.0,1140.7,7975
1649666100,1141.1,1141.35,1140.5,1140.55,5962
1649666400,1140.55,1141.5,1140.5,1140.7,5957
1649666700,1141.3,1143.75,1140.35,1142.65,9266
1649667000,1143.15,1143.6,1141.2,1142.6,6247
1649667300,1142.5,1142.6,1141.0,1141.55,7014
1649667600,1141.55,1141.9,1140.05,1141.35,6241
1649667900,1141.4,1142.0,1140.3,1141.15,9351
1649668200,1141.15,1143.3,1140.0,1143.3,16627
1649668500,1142.75,1143.0,1140.35,1142.95,7227
1649668800,1143.0,1143.5,1142.05,1143.25,7264
1649669100,1143.05,1143.5,1142.0,1142.55,8476
1649669400,1142.3,1144.5,1140.0,1141.3,32875
1649669700,1141.1,1142.95,1141.0,1142.95,11438
1649670000,1142.85,1143.15,1141.0,1142.05,17020
1649670300,1142.1,1143.0,1142.0,1142.2,18263
1649670600,1142.4,1143.35,1141.0,1142.0,31648
1649670900,1142.0,1143.3,1140.4,1143.05,21594
1649735100,1141.0,1141.0,1133.0,1134.1,26384
1649735400,1133.65,1137.25,1133.65,1135.6,13867
1649735700,1135.65,1141.75,1135.0,1141.0,26907
1649736000,1141.85,1143.3,1137.75,1137.75,55608
1649736300,1137.75,1138.45,1136.0,1136.6,21355
1649736600,1136.65,1136.9,1133.55,1135.65,14147
1649736900,1135.7,1137.25,1135.2,1136.9,5193
1649737200,1136.65,1144.35,1136.65,1144.35,24515
1649737500,1144.15,1149.0,1143.4,1146.0,38073
1649737800,1146.0,1147.0,1145.05,1145.7,25533
1649738100,1145.65,1145.65,1137.4,1138.75,44519
1649738400,1138.75,1142.75,1138.75,1142.05,19350
1649738700,1142.05,1142.1,1136.55,1136.55,11958
1649739000,1136.7,1138.4,1134.5,1135.3,18528
1649739300,1135.9,1135.9,1132.35,1133.6,13928
1649739600,1134.0,1135.6,1133.6,1135.05,7071
1649739900,1135.05,1136.85,1133.45,1135.25,8694
1649740200,1135.3,1136.25,1134.0,1134.0,6964
1649740500,1134.3,1136.1,1133.0,1134.55,7792
1649740800,1134.8,1135.8,1133.0,1133.5,5862
1649741100,1133.0,1133.7,1132.0,1133.5,7273
1649741400,1133.75,1133.95,1132.2,1133.6,5665
1649741700,1133.6,1133.6,1132.5,1133.55,6089
1649742000,1133.0,1133.15,1127.5,1132.05,32097
1649742300,1132.05,1132.05,1130.35,1130.9,4353
1649742600,1130.9,1131.8,1130.75,1131.55,7894
1649742900,1131.55,1131.65,1129.1,1129.6,8687
1649743200,1130.0,1130.5,1126.3,1127.15,12473
1649743500,1127.15,1128.25,1125.15,1128.1,12447
1649743800,1128.1,1129.75,1125.0,1125.9,11946
1649744100,1125.9,1126.9,1125.1,1126.7,12052
1649744400,1126.7,1126.95,1125.35,1126.9,4221
1649744700,1126.95,1128.2,1126.6,1127.0,5472
1649745000,1127.0,1127.4,1126.05,1126.45,4512
1649745300,1126.5,1127.9,1126.0,1127.15,4257
1649745600,1127.15,1129.7,1127.0,1128.65,8981
1649745900,1129.05,1129.05,1127.15,1127.95,6090
1649746200,1128.0,1128.7,1125.1,1125.25,19601
1649746500,1125.25,1125.45,1124.0,1124.65,14600
1649746800,1124.65,1125.0,1122.5,1123.35,7314
1649747100,1123.35,1124.7,1122.45,1123.95,11568
1649747400,1123.95,1125.75,1123.3,1125.5,8609
1649747700,1125.5,1125.7,1121.9,1122.65,6393
1649748000,1122.65,1123.0,1120.65,1121.0,9159
1649748300,1121.0,1126.45,1119.05,1126.25,28967
1649748600,1126.25,1127.6,1124.45,1127.6,68838
1649748900,1127.6,1128.85,1126.35,1127.75,17068
1649749200,1127.75,1128.0,1126.3,1127.8,10283
1649749500,1127.25,1130.7,1126.8,1129.9,23767
1649749800,1129.5,1131.4,1129.4,1131.1,14265
1649750100,1131.35,1131.4,1129.0,1130.1,14049
1649750400,1129.85,1130.45,1128.0,1129.15,11109
1649750700,1129.15,1130.7,1128.35,1129.8,11269
1649751000,1129.8,1129.9,1127.1,1127.5,8077
1649751300,1127.5,1129.75,1126.35,1128.7,11993
1649751600,1129.0,1130.0,1128.25,1130.0,12936
1649751900,1129.6,1133.0,1128.6,1133.0,8549
1649752200,1133.1,1141.5,1131.6,1138.45,157513
1649752500,1138.75,1141.3,1138.2,1141.0,41842
1649752800,1141.0,1141.75,1139.5,1140.0,20871
1649753100,1140.0,1142.0,1139.1,1141.7,18133
1649753400,1141.7,1142.5,1140.05,1142.45,17393
1649753700,1142.45,1143.75,1140.1,1143.25,30234
1649754000,1143.3,1145.0,1142.0,1145.0,38027
1649754300,1145.0,1148.0,1144.05,1147.5,31624
1649754600,1148.0,1148.4,1146.6,1147.8,20700
1649754900,1146.95,1148.5,1145.55,1146.9,11872
1649755200,1146.9,1148.6,1146.9,1147.8,12766
1649755500,1147.55,1152.7,1147.35,1151.8,33054
1649755800,1151.8,1153.0,1146.3,1147.25,30764
1649756100,1147.4,1147.4,1145.55,1146.7,13958
1649756400,1146.4,1149.0,1145.55,1149.0,24067
1649756700,1149.0,1150.35,1148.8,1149.35,44658
1649757000,1149.6,1150.95,1148.15,1150.0,46499
1649757300,1149.9,1150.1,1144.7,1145.75,40687
1649821500,1150.0,1157.9,1146.0,1146.35,38633
1649821800,1146.0,1150.0,1143.85,1150.0,14496
1649822100,1150.0,1154.0,1149.7,1153.0,11831
1649822400,1153.0,1154.25,1150.25,1150.3,7700
1649822700,1150.1,1152.8,1148.75,1151.25,11020
1649823000,1151.7,1152.0,1148.1,1148.55,4874
1649823300,1148.55,1149.75,1147.2,1147.95,10167
1649823600,1147.95,1150.0,1147.1,1149.95,10501
1649823900,1149.65,1150.85,1149.15,1150.4,7441
1649824200,1150.4,1150.5,1146.7,1148.05,5382
1649824500,1147.55,1148.2,1146.35,1147.0,5922
1649824800,1147.35,1147.7,1145.95,1147.45,4648
1649825100,1147.45,1147.65,1146.35,1146.65,2639
1649825400,1146.45,1148.55,1145.3,1147.45,4048
1649825700,1147.1,1149.0,1146.05,1147.55,4207
1649826000,1147.55,1148.9,1147.05,1148.8,2703
1649826300,1147.85,1150.0,1147.85,1149.95,4557
1649826600,1149.8,1151.95,1149.7,1150.3,8144
1649826900,1150.35,1151.6,1149.95,1150.0,5798
1649827200,1150.05,1150.5,1148.1,1148.45,3836
1649827500,1148.45,1148.95,1146.45,1147.25,4484
1649827800,1146.8,1147.85,1146.0,1147.5,4565
1649828100,1147.5,1147.55,1146.15,1146.75,4200
1649828400,1146.5,1148.25,1146.1,1146.7,2988
1649828700,1146.7,1148.2,1145.95,1147.4,5694
1649829000,1147.6,1149.2,1146.95,1148.6,2457
1649829300,1148.05,1149.3,1147.0,1147.9,2507
1649829600,1147.9,1148.9,1147.0,1148.65,1819
1649829900,1148.65,1149.0,1147.35,1147.55,2560
1649830200,1147.85,1148.35,1146.55,1147.6,2646
1649830500,1147.6,1147.8,1145.05,1146.75,3257
1649830800,1146.55,1148.9,1146.05,1147.25,2572
1649831100,1147.85,1148.15,1143.95,1144.95,4002
1649831400,1144.95,1146.2,1142.8,1144.7,6802
1649831700,1144.75,1145.1,1142.9,1145.0,4181
1649832000,1144.9,1145.15,1142.9,1142.9,3546
1649832300,1142.75,1144.0,1142.15,1143.5,3004
1649832600,1143.5,1144.5,1142.7,1144.0,3309
1649832900,1144.0,1144.5,1143.1,1143.65,2259
1649833200,1143.6,1145.35,1143.3,1145.0,9158
1649833500,1145.0,1145.1,1144.0,1144.25,2965
1649833800,1144.25,1144.25,1142.95,1144.2,1963
1649834100,1144.15,1144.5,1143.65,1143.75,2062
1649834400,1143.75,1144.15,1141.2,1142.5,6899
1649834700,1142.7,1144.5,1142.35,1144.45,6290
1649835000,1144.45,1144.65,1143.25,1143.5,2986
1649835300,1143.35,1145.0,1143.2,1145.0,4351
1649835600,1145.0,1147.15,1144.55,1146.7,6751
1649835900,1147.0,1147.0,1146.25,1146.5,3131
1649836200,1146.45,1146.5,1144.95,1145.0,6812
1649836500,1145.0,1145.0,1143.0,1143.65,2385
1649836800,1143.65,1144.65,1142.3,1143.95,4952
1649837100,1143.95,1144.05,1142.5,1142.65,1712
1649837400,1142.75,1142.85,1141.0,1142.35,4406
1649837700,1142.45,1143.6,1141.1,1141.1,4003
1649838000,1141.1,1143.55,1140.0,1142.75,5994
1649838300,1142.75,1142.75,1141.0,1141.55,1708
1649838600,1141.5,1143.8,1141.15,1143.45,5304
1649838900,1143.45,1144.25,1142.3,1144.25,2381
1649839200,1144.3,1147.0,1144.05,1145.6,30901
1649839500,1145.85,1146.5,1144.35,1145.45,3163
1649839800,1145.05,1145.95,1145.0,1145.7,2807
1649840100,1146.0,1146.0,1144.15,1145.85,3238
1649840400,1145.5,1147.0,1145.05,1145.65,3280
1649840700,1145.2,1146.2,1144.15,1145.35,2957
1649841000,1145.25,1146.8,1144.5,1144.5,2159
1649841300,1144.5,1146.15,1144.45,1145.0,2946
1649841600,1144.65,1146.0,1144.6,1144.85,3143
1649841900,1144.85,1144.85,1143.45,1144.35,4208
1649842200,1144.9,1148.6,1143.85,1148.6,32938
1649842500,1149.05,1149.2,1145.5,1148.55,22770
1649842800,1148.0,1149.05,1146.55,1147.65,19336
1649843100,1147.65,1147.65,1145.75,1147.0,23286
1649843400,1147.0,1147.8,1145.85,1147.6,19688
1649843700,1147.6,1147.6,1145.15,1146.1,9249
1650253500,1145.0,1145.0,1133.6,1140.6,55465
1650253800,1140.4,1143.25,1138.0,1140.9,23671
1650254100,1140.9,1147.2,1139.05,1146.9,12017
1650254400,1146.85,1152.75,1146.85,1151.75,24376
1650254700,1151.75,1156.7,1151.6,1155.1,52039
1650255000,1155.3,1159.9,1153.5,1159.5,76694
1650255300,1159.5,1164.5,1156.45,1163.85,83721
1650255600,1163.6,1167.9,1162.8,1166.0,94732
1650255900,1165.95,1169.25,1164.0,1164.5,51348
1650256200,1164.8,1169.6,1164.5,1168.25,39957
1650256500,1167.95,1167.95,1164.9,1165.15,45840
1650256800,1165.6,1168.0,1165.25,1165.95,20955
1650257100,1165.6,1168.0,1165.5,1167.5,31435
1650257400,1167.5,1167.5,1165.4,1166.35,21770
1650257700,1166.35,1167.0,1164.85,1165.2,20067
1650258000,1165.3,1166.55,1163.0,1166.5,41918
1650258300,1166.5,1171.8,1166.5,1170.3,48173
1650258600,1170.2,1173.0,1169.15,1171.9,40416
1650258900,1171.9,1174.35,1171.4,1174.35,52270
1650259200,1173.65,1177.85,1173.3,1173.6,54382
1650259500,1173.55,1174.75,1173.0,1174.45,20648
1650259800,1174.3,1180.7,1174.3,1180.1,96397
1650260100,1179.5,1180.6,1179.0,1179.9,82323
1650260400,1179.6,1179.6,1176.0,1178.1,39712
1650260700,1178.4,1180.0,1178.1,1178.9,18042
1650261000,1178.45,1181.95,1177.95,1180.7,50937
1650261300,1180.85,1181.0,1178.3,1179.95,28246
1650261600,1179.3,1179.95,1176.4,1176.85,24053
1650261900,1176.85,1178.85,1176.5,1178.7,13506
1650262200,1178.75,1180.0,1178.0,1179.2,16651
1650262500,1179.7,1180.0,1176.55,1177.0,21474
1650262800,1176.6,1177.2,1173.6,1174.95,32157
1650263100,1174.7,1176.4,1172.0,1173.15,32255
1650263400,1173.65,1173.65,1167.85,1172.0,40048
1650263700,1172.0,1175.4,1170.3,1173.95,32560
1650264000,1172.85,1175.0,1172.55,1175.0,19221
1650264300,1175.0,1176.75,1173.45,1176.1,20313
1650264600,1176.1,1177.05,1175.45,1175.9,14900
1650264900,1175.5,1176.05,1173.5,1174.35,14253
1650265200,1174.2,1174.25,1171.1,1172.4,17099
1650265500,1172.15,1173.45,1170.25,1170.8,21720
1650265800,1170.75,1172.45,1165.9,1165.95,57155
1650266100,1165.95,1170.6,1164.15,1169.75,34553
1650266400,1169.7,1170.1,1166.55,1167.25,14014
1650266700,1167.25,1168.6,1166.25,1168.05,16006
1650267000,1168.05,1169.5,1163.5,1164.5,26485
1650267300,1164.55,1166.8,1164.05,1166.8,14418
1650267600,1166.75,1170.0,1166.75,1169.7,16404
1650267900,1169.7,1170.2,1167.15,1167.8,18480
1650268200,1167.55,1170.0,1166.0,1170.0,18322
1650268500,1169.8,1170.35,1167.95,1168.7,16904
1650268800,1168.6,1170.0,1168.05,1170.0,20363
1650269100,1170.1,1170.15,1168.8,1169.9,15563
1650269400,1169.9,1170.0,1166.3,1169.85,22139
1650269700,1169.85,1170.1,1168.95,1169.7,13880
1650270000,1169.75,1170.0,1168.5,1170.0,13838
1650270300,1170.0,1170.05,1166.25,1168.3,27464
1650270600,1168.0,1169.1,1165.25,1166.05,16797
1650270900,1165.45,1168.55,1165.0,1168.45,20500
1650271200,1168.45,1169.5,1167.0,1169.25,21865
1650271500,1169.25,1170.3,1167.6,1170.3,20933
1650271800,1170.0,1172.65,1169.3,1172.65,27505
1650272100,1172.65,1174.1,1171.1,1172.0,25097
1650272400,1172.0,1172.9,1170.8,1172.9,16949
1650272700,1172.95,1174.45,1172.25,1173.1,22793
1650273000,1172.7,1174.0,1171.7,1173.9,17738
1650273300,1173.4,1174.25,1172.35,1173.5,29209
1650273600,1173.5,1175.0,1173.5,1174.3,28535
1650273900,1174.85,1175.0,1173.5,1174.0,17834
1650274200,1174.25,1175.0,1173.45,1173.55,44204
1650274500,1173.6,1174.75,1173.0,1174.0,29901
1650274800,1173.6,1175.0,1173.5,1174.95,23386
1650275100,1174.5,1176.0,1173.3,1173.95,43877
1650275400,1174.0,1174.25,1170.9,1173.05,47323
1650275700,1173.2,1173.8,1167.0,1167.4,31477
1650339900,1184.95,1184.95,1175.35,1179.2,104444
1650340200,1179.2,1179.2,1174.2,1177.1,55862
1650340500,1177.0,1177.0,1167.85,1168.25,30311
1650340800,1168.8,1170.0,1166.6,1166.75,14745
1650341100,1166.75,1170.1,1166.0,1168.05,43721
1650341400,1168.05,1168.75,1164.4,1164.5,38219
1650341700,1164.5,1167.65,1164.2,1167.65,13991
1650342000,1167.65,1173.2,1167.65,1172.8,14015
1650342300,1172.85,1173.0,1170.4,1170.75,8022
1650342600,1170.65,1172.1,1170.0,1172.0,5877
1650342900,1172.0,1172.0,1170.0,1170.0,3750
1650343200,1170.05,1171.35,1167.7,1167.7,6824
1650343500,1168.2,1169.0,1167.0,1167.45,4471
1650343800,1167.45,1167.45,1165.05,1165.75,4914
1650344100,1165.75,1167.65,1165.2,1166.7,4404
1650344400,1166.7,1167.0,1165.0,1165.15,5261
1650344700,1165.15,1166.0,1165.0,1165.75,4635
1650345000,1165.75,1166.85,1164.95,1165.0,5417
1650345300,1164.95,1165.0,1161.0,1161.65,16437
1650345600,1162.0,1162.0,1157.25,1158.55,35001
1650345900,1158.05,1160.5,1157.8,1159.5,7922
1650346200,1159.5,1161.85,1158.95,1161.55,5528
1650346500,1161.55,1161.9,1159.05,1159.7,4586
1650346800,1159.65,1160.35,1159.0,1159.4,4326
1650347100,1159.4,1160.75,1159.0,1159.05,4531
1650347400,1159.05,1160.45,1158.35,1160.0,3871
1650347700,1159.65,1160.0,1155.25,1156.8,8899
1650348000,1156.8,1157.0,1154.0,1156.75,8159
1650348300,1156.85,1157.2,1156.0,1156.5,3794
1650348600,1156.5,1156.65,1154.0,1154.0,7212
1650348900,1154.0,1156.0,1152.6,1155.2,9192
1650349200,1155.2,1156.35,1155.2,1156.2,4121
1650349500,1156.2,1156.2,1154.0,1154.55,3527
1650349800,1154.8,1155.8,1151.0,1152.0,14143
1650350100,1152.0,1153.95,1151.1,1153.6,9082
1650350400,1153.6,1154.8,1152.15,1152.9,6272
1650350700,1153.3,1154.9,1153.0,1154.4,6309
1650351000,1154.45,1155.0,1153.35,1153.65,6012
1650351300,1153.95,1154.6,1152.0,1153.9,19663
1650351600,1154.1,1154.2,1152.25,1152.65,4817
1650351900,1152.65,1153.0,1152.0,1152.75,5748
1650352200,1152.55,1152.85,1151.0,1151.95,11493
1650352500,1151.95,1154.1,1151.2,1153.5,10047
1650352800,1153.5,1153.5,1151.0,1151.0,4992
1650353100,1151.65,1152.15,1150.15,1151.45,7309
1650353400,1151.55,1155.4,1150.8,1154.0,9923
1650353700,1154.0,1154.9,1153.25,1153.5,5428
1650354000,1153.5,1155.0,1151.85,1153.4,5434
1650354300,1153.9,1158.4,1153.9,1157.7,20579
1650354600,1157.8,1158.0,1155.65,1156.2,9811
1650354900,1156.2,1157.35,1155.8,1156.3,9841
1650355200,1156.3,1158.25,1156.3,1157.6,10485
1650355500,1157.5,1157.9,1156.3,1156.5,4695
1650355800,1156.5,1157.85,1155.1,1156.7,13444
1650356100,1156.5,1158.0,1155.55,1157.2,6814
1650356400,1157.3,1158.0,1156.55,1157.25,3532
1650356700,1157.25,1157.4,1155.25,1155.5,3814
1650357000,1155.5,1156.65,1154.25,1155.3,5707
1650357300,1155.3,1156.5,1154.0,1155.95,9376
1650357600,1155.95,1156.3,1154.0,1154.1,4894
1650357900,1154.05,1154.05,1152.3,1153.1,7548
1650358200,1153.15,1153.15,1150.8,1151.7,15901
1650358500,1151.55,1152.0,1148.25,1148.55,8570
1650358800,1148.55,1148.55,1145.85,1147.5,7868
1650359100,1147.45,1149.35,1147.05,1148.4,6334
1650359400,1148.4,1148.9,1146.15,1146.9,5525
1650359700,1146.9,1146.9,1142.2,1143.25,23050
1650360000,1142.7,1143.0,1140.55,1141.45,10610
1650360300,1141.45,1141.45,1137.85,1139.75,13479
1650360600,1139.75,1139.75,1130.85,1131.35,19276
1650360900,1131.8,1134.55,1125.2,1128.35,27133
1650361200,1129.4,1131.2,1125.3,1125.7,20121
1650361500,1125.7,1125.85,1120.0,1122.05,18732
1650361800,1122.2,1123.0,1117.45,1119.75,31880
1650362100,1119.5,1121.2,1112.0,1121.0,26361
1650426300,1127.5,1133.35,1121.0,1131.4,46863
1650426600,1131.9,1133.2,1122.4,1131.05,16602
1650426900,1131.05,1131.05,1122.35,1124.8,12893
1650427200,1124.8,1130.25,1124.35,1129.6,8203
1650427500,1129.15,1131.8,1128.05,1130.55,10805
1650427800,1130.55,1130.85,1125.75,1127.1,15525
1650428100,1127.15,1127.15,1123.0,1125.1,18906
1650428400,1125.1,1130.8,1124.65,1130.0,12260
1650428700,1130.3,1134.6,1130.25,1134.2,14601
1650429000,1134.45,1134.9,1131.25,1132.5,8443
1650429300,1132.5,1135.7,1132.4,1135.0,12294
1650429600,1135.0,1135.5,1131.5,1132.8,8165
1650429900,1132.8,1134.7,1130.6,1131.05,11097
1650430200,1131.05,1132.4,1130.3,1130.7,4658
1650430500,1130.7,1131.35,1130.25,1130.75,2935
1650430800,1130.75,1130.8,1127.2,1127.2,8806
1650431100,1127.65,1128.35,1125.0,1125.95,6431
1650431400,1126.0,1126.0,1123.0,1123.7,6508
1650431700,1123.7,1124.9,1123.0,1124.1,5527
1650432000,1124.1,1125.4,1122.05,1122.85,7409
1650432300,1122.85,1123.15,1119.4,1120.3,11486
1650432600,1120.4,1123.75,1119.1,1123.2,6156
1650432900,1123.4,1125.7,1123.3,1125.3,5131
1650433200,1125.3,1127.9,1125.3,1127.25,5541
1650433500,1127.7,1129.35,1127.4,1127.55,7916
1650433800,1128.15,1128.15,1126.0,1127.45,4503
1650434100,1127.0,1127.45,1123.4,1123.4,3664
1650434400,1123.4,1125.55,1119.0,1119.0,13110
1650434700,1119.0,1120.8,1117.7,1119.5,17072
1650435000,1119.75,1122.05,1119.5,1121.45,14538
1650435300,1121.45,1121.9,1119.2,1121.05,6401
1650435600,1121.0,1122.25,1120.35,1121.85,5016
1650435900,1121.85,1121.85,1120.45,1121.35,2640
1650436200,1121.0,1122.5,1120.0,1121.1,4244
1650436500,1121.0,1122.4,1120.4,1121.85,4036
1650436800,1121.85,1125.45,1120.8,1124.55,5367
1650437100,1124.2,1126.45,1124.0,1126.4,6134
1650437400,1126.4,1127.9,1125.25,1127.8,6958
1650437700,1128.0,1128.9,1127.0,1128.5,7944
1650438000,1128.5,1129.0,1126.75,1127.9,4685
1650438300,1127.9,1129.4,1127.35,1129.25,9316
1650438600,1128.95,1129.4,1127.5,1128.75,3997
1650438900,1128.75,1131.65,1128.75,1131.65,9106
1650439200,1131.65,1133.6,1131.55,1132.85,10110
1650439500,1132.85,1133.7,1132.4,1133.0,4486
1650439800,1132.45,1133.0,1130.5,1131.8,4560
1650440100,1131.8,1132.0,1129.85,1132.0,4274
1650440400,1132.0,1132.85,1131.15,1131.35,4963
1650440700,1131.35,1132.2,1126.65,1128.0,8680
1650441000,1128.0,1130.85,1127.15,1128.85,2994
1650441300,1128.85,1129.65,1126.9,1128.15,3373
1650441600,1128.15,1129.0,1124.5,1125.5,5314
1650441900,1125.5,1127.5,1124.5,1126.95,5327
1650442200,1126.95,1128.45,1126.1,1128.05,3257
1650442500,1128.05,1128.05,1123.1,1124.4,9475
1650442800,1124.4,1124.85,1123.45,1123.95,2659
1650443100,1123.95,1124.6,1121.55,1121.75,6734
1650443400,1122.7,1124.0,1120.5,1124.0,5201
1650443700,1124.0,1125.0,1122.6,1122.7,2336
1650444000,1122.7,1125.85,1122.0,1125.65,2357
1650444300,1125.65,1125.65,1121.8,1122.5,3241
1650444600,1122.5,1125.0,1122.0,1124.0,4119
1650444900,1124.0,1124.7,1122.7,1123.8,4723
1650445200,1123.6,1125.65,1122.7,1123.35,4409
1650445500,1123.6,1125.6,1122.9,1124.85,4152
1650445800,1124.85,1129.05,1124.8,1127.85,8184
1650446100,1127.85,1128.95,1126.7,1128.95,3560
1650446400,1128.95,1129.75,1126.7,1127.75,5639
1650446700,1127.75,1128.45,1124.0,1124.95,4835
1650447000,1125.65,1129.9,1125.65,1128.2,14377
1650447300,1128.25,1130.5,1127.6,1129.65,18712
1650447600,1129.65,1129.95,1127.1,1127.4,19127
1650447900,1127.85,1129.7,1127.05,1129.55,14716
1650448200,1129.7,1130.15,1127.0,1129.15,23605
1650448500,1129.2,1129.95,1124.2,1125.05,20461
1650512700,1125.2,1136.3,1125.2,1135.95,27067
1650513000,1135.95,1139.0,1135.15,1138.95,24203
1650513300,1139.0,1140.0,1136.0,1137.0,11038
1650513600,1137.0,1139.15,1136.15,1138.65,4292
1650513900,1137.15,1137.55,1134.05,1134.65,9212
1650514200,1134.55,1134.8,1131.95,1133.15,9066
1650514500,1133.15,1133.15,1130.0,1130.0,6069
1650514800,1130.0,1131.55,1130.0,1130.5,6535
1650515100,1130.3,1132.65,1130.0,1132.65,4923
1650515400,1132.65,1136.65,1132.65,1135.35,10592
1650515700,1135.3,1137.45,1134.7,1135.55,9434
1650516000,1135.55,1135.55,1133.7,1134.7,4086
1650516300,1134.7,1134.7,1132.3,1133.9,10265
1650516600,1133.9,1135.1,1132.2,1132.2,3534
1650516900,1131.65,1135.85,1130.5,1135.85,10281
1650517200,1135.95,1137.5,1133.05,1136.45,5541
1650517500,1136.45,1140.45,1135.15,1139.1,20106
1650517800,1138.95,1139.35,1136.35,1137.05,4630
1650518100,1137.15,1137.8,1135.05,1135.75,4524
1650518400,1135.25,1135.95,1135.0,1135.95,3555
1650518700,1135.65,1139.2,1134.95,1137.4,23037
1650519000,1137.2,1141.2,1137.2,1140.95,10008
1650519300,1140.9,1143.0,1140.0,1142.55,37033
1650519600,1142.55,1143.55,1141.6,1142.7,7628
1650519900,1142.7,1142.95,1139.0,1140.45,4687
1650520200,1140.45,1142.35,1140.05,1141.7,5281
1650520500,1141.7,1141.8,1140.45,1141.15,4850
1650520800,1141.0,1141.45,1139.55,1140.85,6175
1650521100,1140.85,1140.85,1138.95,1140.05,4520
1650521400,1140.0,1141.0,1138.75,1139.9,4075
1650521700,1139.75,1141.45,1138.7,1141.4,6899
1650522000,1141.4,1142.95,1140.8,1141.4,7366
1650522300,1141.2,1142.6,1141.2,1141.85,4382
1650522600,1141.9,1142.6,1141.8,1142.15,5814
1650522900,1142.0,1142.15,1141.0,1142.1,3862
1650523200,1142.1,1142.55,1141.4,1142.0,3867
1650523500,1142.0,1142.35,1141.5,1141.85,4229
1650523800,1141.85,1141.85,1140.05,1141.2,4084
1650524100,1141.2,1141.2,1139.3,1140.55,3514
1650524400,1140.5,1141.8,1139.05,1140.9,5127
1650524700,1140.9,1142.95,1139.7,1142.9,12134
1650525000,1142.8,1145.0,1142.25,1144.95,8133
1650525300,1144.95,1145.5,1143.6,1145.5,6986
1650525600,1145.5,1145.55,1142.9,1144.0,3275
1650525900,1144.0,1145.0,1144.0,1145.0,3004
1650526200,1145.0,1146.7,1144.95,1146.65,7181
1650526500,1146.55,1147.2,1146.0,1147.0,4913
1650526800,1147.1,1148.6,1144.8,1144.85,8851
1650527100,1144.85,1145.95,1142.8,1144.8,7941
1650527400,1144.75,1144.75,1142.4,1143.15,4362
1650527700,1143.0,1144.8,1142.3,1143.65,3581
1650528000,1143.5,1144.6,1142.75,1143.5,3558
1650528300,1143.4,1144.8,1141.9,1144.6,8397
1650528600,1144.3,1144.6,1142.75,1143.4,4188
1650528900,1144.1,1144.85,1142.1,1142.55,3320
1650529200,1142.3,1145.3,1141.15,1143.95,8567
1650529500,1143.7,1144.5,1143.5,1143.8,3036
1650529800,1143.8,1144.65,1142.85,1143.7,3643
1650530100,1143.4,1146.15,1143.35,1146.0,5607
1650530400,1145.95,1146.0,1145.05,1145.25,4860
1650530700,1145.05,1147.75,1145.05,1147.7,8831
1650531000,1147.75,1147.85,1146.8,1147.4,7450
1650531300,1147.4,1147.4,1145.1,1146.0,7552
1650531600,1145.95,1146.0,1144.1,1145.2,9143
1650531900,1145.0,1145.7,1142.4,1142.5,10412
1650532200,1142.5,1144.6,1140.9,1144.2,11879
1650532500,1144.15,1145.65,1142.65,1143.7,7144
1650532800,1143.7,1145.35,1143.15,1145.0,5506
1650533100,1145.0,1146.75,1144.05,1146.55,7269
1650533400,1146.55,1147.5,1144.2,1147.5,34655
1650533700,1147.5,1147.65,1142.45,1144.0,36951
1650534000,1144.0,1145.45,1143.4,1143.55,28745
1650534300,1144.2,1146.35,1143.2,1144.0,35706
1650534600,1144.1,1144.15,1141.85,1143.4,35002
1650534900,1142.5,1145.3,1140.05,1141.9,22353
1650599100,1133.5,1135.85,1123.55,1131.1,64499
1650599400,1131.1,1131.8,1122.0,1129.85,22016
1650599700,1129.85,1132.1,1127.05,1131.6,13950
1650600000,1131.6,1131.8,1125.2,1125.55,17132
1650600300,1125.55,1125.55,1123.0,1125.0,9292
1650600600,1125.05,1125.95,1123.0,1124.95,7700
1650600900,1125.25,1130.0,1123.5,1130.0,32729
1650601200,1130.6,1134.25,1130.35,1131.0,42804
1650601500,1131.0,1132.6,1130.7,1131.7,14399
1650601800,1132.0,1132.0,1129.35,1131.0,7669
1650602100,1131.0,1131.6,1131.0,1131.0,11620
1650602400,1131.0,1131.9,1129.75,1131.05,34232
1650602700,1131.0,1131.9,1129.85,1130.85,26115
1650603000,1131.0,1132.0,1127.0,1128.0,26776
1650603300,1127.0,1129.55,1127.0,1129.0,7045
1650603600,1129.0,1130.75,1129.0,1129.75,3434
1650603900,1129.85,1131.7,1129.0,1131.7,3601
1650604200,1131.55,1131.7,1130.6,1130.6,1633
1650604500,1130.55,1131.0,1130.0,1130.55,2340
1650604800,1130.3,1130.7,1129.85,1130.3,1318
1650605100,1130.3,1131.75,1129.85,1131.7,3211
1650605400,1131.7,1132.25,1131.2,1131.2,3146
1650605700,1131.2,1134.9,1131.0,1133.3,10292
1650606000,1133.3,1134.15,1132.1,1133.25,2111
1650606300,1133.25,1135.0,1132.1,1135.0,3058
1650606600,1134.75,1136.5,1134.75,1135.5,4414
1650606900,1135.45,1136.3,1135.0,1135.6,2190
1650607200,1135.6,1140.0,1135.4,1139.45,8110
1650607500,1139.45,1139.95,1138.25,1138.75,3951
1650607800,1138.75,1139.0,1136.95,1138.0,2663
1650608100,1138.15,1139.4,1137.5,1137.55,3918
1650608400,1137.5,1138.0,1136.2,1137.6,4141
1650608700,1137.6,1139.4,1137.3,1138.4,6979
1650609000,1138.0,1138.6,1137.35,1138.25,2284
1650609300,1138.1,1139.05,1136.5,1137.35,1987
1650609600,1137.25,1138.0,1136.75,1137.7,2664
1650609900,1137.15,1137.95,1136.3,1136.75,3851
1650610200,1136.7,1137.7,1135.65,1136.9,4818
1650610500,1136.9,1137.05,1135.65,1135.65,1575
1650610800,1135.65,1135.7,1132.65,1134.9,4620
1650611100,1134.9,1136.95,1134.4,1136.75,2318
1650611400,1136.75,1137.15,1135.8,1135.85,3689
1650611700,1136.0,1136.65,1134.0,1134.45,4406
1650612000,1134.45,1134.55,1133.3,1133.3,2302
1650612300,1133.3,1133.4,1131.7,1131.8,2077
1650612600,1131.8,1133.5,1131.45,1133.15,3956
1650612900,1133.15,1135.0,1133.0,1135.0,2352
1650613200,1134.75,1136.1,1134.2,1134.2,5186
1650613500,1134.2,1136.0,1133.85,1134.55,2319
1650613800,1134.55,1136.85,1134.2,1135.25,2783
1650614100,1135.3,1136.7,1134.75,1136.5,2641
1650614400,1136.5,1137.1,1135.35,1135.85,5542
1650614700,1135.9,1137.3,1135.85,1137.3,3984
1650615000,1137.3,1139.0,1135.05,1135.05,10024
1650615300,1135.05,1135.5,1133.9,1134.05,5882
1650615600,1134.05,1134.45,1132.15,1132.25,4780
1650615900,1132.25,1132.25,1131.0,1131.0,2938
1650616200,1131.4,1131.75,1130.1,1131.0,26298
1650616500,1131.0,1132.45,1130.4,1131.75,13983
1650616800,1131.0,1132.15,1130.75,1131.5,15975
1650617100,1131.5,1131.8,1128.6,1131.7,28099
1650617400,1131.7,1132.7,1130.25,1132.5,12951
1650617700,1132.5,1132.95,1131.05,1132.8,3349
1650618000,1132.8,1133.55,1131.0,1131.05,4904
1650618300,1131.05,1132.6,1130.0,1131.6,12440
1650618600,1131.7,1132.6,1131.0,1131.0,4665
1650618900,1131.0,1131.9,1130.4,1131.1,8043
1650619200,1131.1,1131.7,1130.85,1131.1,12257
1650619500,1131.0,1131.45,1131.0,1131.45,4877
1650619800,1133.45,1139.35,1132.8,1137.4,32245
1650620100,1137.2,1138.9,1135.0,1136.8,28388
1650620400,1136.85,1138.55,1135.8,1138.15,21654
1650620700,1138.15,1139.0,1136.0,1138.15,34745
1650621000,1138.15,1138.7,1135.85,1138.0,32822
1650621300,1138.0,1140.0,1133.15,1134.15,28310
1650858300,1120.0,1129.2,1120.0,1124.6,30834
1650858600,1125.25,1127.9,1120.5,1124.85,17834
1650858900,1124.85,1126.85,1124.0,1125.7,8381
1650859200,1125.5,1125.5,1123.0,1123.0,7608
1650859500,1123.0,1123.55,1120.3,1120.3,5629
1650859800,1120.25,1120.25,1114.3,1115.65,14405
1650860100,1115.8,1115.8,1112.85,1114.55,6309
1650860400,1114.1,1115.7,1113.65,1114.5,4298
1650860700,1113.85,1114.75,1113.0,1114.55,9727
1650861000,1114.25,1114.55,1111.7,1113.55,9644
1650861300,1114.35,1114.4,1109.95,1112.0,29379
1650861600,1111.6,1116.65,1111.6,1114.6,11099
1650861900,1114.65,1115.95,1111.8,1111.8,8100
1650862200,1111.15,1113.7,1111.15,1112.15,10109
1650862500,1112.05,1113.35,1112.0,1112.0,3562
1650862800,1112.05,1112.85,1112.0,1112.7,21574
1650863100,1112.0,1113.25,1112.0,1113.25,18303
1650863400,1113.25,1113.25,1106.45,1107.9,26118
1650863700,1107.3,1109.9,1107.0,1109.75,9612
1650864000,1109.35,1110.75,1108.0,1109.65,7456
1650864300,1109.15,1109.7,1107.1,1108.5,3494
1650864600,1109.0,1109.0,1107.45,1108.0,17637
1650864900,1108.15,1108.95,1108.0,1108.0,16050
1650865200,1108.35,1108.95,1107.5,1108.75,23471
1650865500,1108.25,1108.75,1108.0,1108.15,6668
1650865800,1108.15,1108.7,1107.75,1108.0,5263
1650866100,1108.0,1108.65,1107.55,1107.55,6455
1650866400,1106.75,1106.95,1103.75,1103.75,9355
1650866700,1103.75,1104.55,1101.0,1103.45,7992
1650867000,1103.45,1104.0,1101.0,1102.15,13861
1650867300,1102.15,1102.95,1101.0,1101.65,4148
1650867600,1101.6,1102.6,1101.0,1101.3,11022
1650867900,1101.3,1101.45,1096.95,1097.0,11529
1650868200,1097.0,1097.55,1094.8,1095.75,10866
1650868500,1095.1,1097.6,1092.55,1096.75,14121
1650868800,1096.25,1096.35,1091.05,1092.4,12443
1650869100,1091.6,1096.0,1091.6,1096.0,7021
1650869400,1095.35,1095.95,1093.55,1095.75,10634
1650869700,1095.0,1097.0,1094.05,1097.0,9345
1650870000,1096.3,1099.9,1096.3,1098.8,12163
1650870300,1098.2,1098.85,1095.55,1096.95,20112
1650870600,1096.45,1097.1,1095.35,1097.1,2976
1650870900,1096.6,1097.85,1093.35,1096.5,7420
1650871200,1095.85,1096.5,1094.0,1095.1,4968
1650871500,1094.8,1096.45,1093.2,1094.4,4467
1650871800,1093.75,1096.1,1093.3,1095.45,10241
1650872100,1094.9,1098.85,1094.9,1098.55,12146
1650872400,1098.4,1101.0,1097.75,1100.8,14904
1650872700,1100.25,1102.0,1099.8,1100.75,8488
1650873000,1100.15,1103.0,1100.0,1103.0,7178
1650873300,1102.5,1104.35,1101.6,1104.0,9266
1650873600,1102.95,1104.2,1102.2,1102.55,8971
1650873900,1102.5,1103.65,1098.4,1100.5,13295
1650874200,1100.3,1100.55,1097.0,1097.15,17673
1650874500,1097.35,1102.75,1097.0,1102.6,14017
1650874800,1102.05,1103.0,1100.0,1100.65,7590
1650875100,1100.65,1101.25,1097.65,1098.55,5474
1650875400,1098.4,1102.7,1097.8,1102.4,12668
1650875700,1101.9,1102.65,1101.1,1102.35,5855
1650876000,1101.65,1102.95,1098.7,1101.95,10174
1650876300,1100.3,1102.1,1099.4,1100.95,8690
1650876600,1100.4,1100.9,1096.6,1098.2,11272
1650876900,1098.0,1099.7,1097.35,1099.6,8894
1650877200,1098.9,1101.0,1097.4,1099.1,10033
1650877500,1099.1,1099.4,1094.0,1097.5,25536
1650877800,1097.5,1098.05,1091.0,1091.75,22306
1650878100,1091.2,1093.9,1090.6,1091.8,31267
1650878400,1091.7,1095.5,1090.75,1091.5,27524
1650878700,1091.25,1093.1,1090.25,1092.5,9217
1650879000,1091.35,1092.55,1087.45,1091.75,35447
1650879300,1091.4,1092.25,1088.55,1089.6,38899
1650879600,1089.6,1092.2,1088.4,1091.2,71374
1650879900,1091.25,1092.4,1090.0,1092.0,33636
1650880200,1091.9,1092.95,1091.2,1092.05,39461
1650880500,1092.05,1095.0,1091.05,1094.8,26988
1650944700,1106.0,1106.0,1096.15,1099.0,28266
1650945000,1099.0,1101.85,1098.2,1100.7,16964
1650945300,1100.5,1100.9,1098.7,1099.1,6121
1650945600,1099.1,1101.0,1098.85,1099.55,13126
1650945900,1099.55,1100.0,1097.0,1097.7,6342
1650946200,1098.0,1098.4,1096.1,1098.0,9826
1650946500,1098.0,1099.5,1096.55,1097.25,13349
1650946800,1097.25,1102.95,1096.8,1100.0,12166
1650947100,1100.5,1102.05,1099.6,1100.7,6676
1650947400,1100.05,1101.2,1099.7,1100.35,4488
1650947700,1100.0,1100.95,1099.55,1100.0,4753
1650948000,1100.0,1101.0,1099.1,1100.0,7477
1650948300,1100.0,1100.5,1099.4,1100.05,22042
1650948600,1100.0,1100.55,1099.5,1100.5,9652
1650948900,1100.4,1101.1,1099.25,1100.0,4260
1650949200,1100.0,1100.6,1099.25,1100.0,5431
1650949500,1100.3,1100.5,1099.4,1100.0,5817
1650949800,1100.0,1100.05,1095.25,1095.25,9982
1650950100,1095.7,1098.5,1095.2,1097.85,7414
1650950400,1098.4,1099.9,1097.95,1099.9,3928
1650950700,1098.8,1100.6,1098.0,1098.25,5133
1650951000,1097.6,1099.75,1097.0,1098.85,7515
1650951300,1098.65,1099.25,1097.35,1097.95,3344
1650951600,1097.85,1098.0,1097.1,1097.4,2240
1650951900,1097.1,1098.5,1097.1,1098.0,5882
1650952200,1098.0,1098.0,1097.75,1098.0,3712
1650952500,1098.0,1098.0,1096.0,1096.2,3918
1650952800,1096.2,1098.0,1096.0,1097.85,4325
1650953100,1097.65,1098.5,1097.05,1098.0,6981
1650953400,1098.0,1098.4,1096.5,1097.95,3263
1650953700,1097.95,1097.95,1097.1,1097.4,2099
1650954000,1097.4,1098.0,1097.1,1098.0,2553
1650954300,1097.65,1098.55,1097.45,1097.85,6545
1650954600,1097.85,1098.0,1097.0,1097.1,1812
1650954900,1096.85,1098.0,1095.95,1097.25,11512
1650955200,1097.25,1098.55,1097.0,1097.15,3522
1650955500,1097.15,1098.0,1097.15,1097.55,2151
1650955800,1097.55,1098.0,1097.2,1097.2,2329
1650956100,1097.4,1098.0,1097.05,1098.0,4022
1650956400,1097.9,1098.0,1097.15,1097.9,2585
1650956700,1097.9,1098.0,1096.05,1096.25,5599
1650957000,1096.45,1097.8,1094.7,1097.45,13799
1650957300,1097.45,1097.9,1094.65,1095.2,3862
1650957600,1095.1,1095.85,1093.6,1095.3,7799
1650957900,1095.7,1096.7,1094.85,1095.85,4824
1650958200,1095.85,1097.6,1095.0,1097.45,4443
1650958500,1097.5,1097.8,1096.7,1097.0,2350
1650958800,1096.45,1097.55,1095.4,1095.85,3190
1650959100,1095.75,1096.3,1094.8,1094.9,5051
1650959400,1094.95,1095.45,1094.8,1095.05,11974
1650959700,1095.0,1095.95,1094.75,1094.8,4159
1650960000,1094.8,1096.5,1094.0,1095.4,6713
1650960300,1095.4,1096.35,1095.25,1095.65,3537
1650960600,1095.65,1096.95,1095.35,1095.8,3879
1650960900,1096.05,1096.25,1094.75,1094.95,5200
1650961200,1094.95,1095.05,1094.4,1095.0,3725
1650961500,1094.95,1094.95,1093.9,1094.9,2545
1650961800,1094.9,1095.0,1093.0,1093.2,2929
1650962100,1093.2,1093.45,1092.0,1092.75,7499
1650962400,1092.75,1093.7,1092.2,1092.65,4511
1650962700,1092.65,1095.0,1092.15,1094.5,12159
1650963000,1094.5,1094.65,1085.5,1085.5,22834
1650963300,1085.5,1086.2,1083.75,1085.25,6354
1650963600,1085.25,1086.1,1084.1,1084.1,6390
1650963900,1084.0,1084.95,1083.6,1084.0,6512
1650964200,1084.05,1086.0,1084.0,1085.65,169993
1650964500,1085.65,1088.25,1085.65,1087.45,7556
1650964800,1087.9,1087.9,1086.5,1086.75,4101
1650965100,1086.75,1089.85,1086.5,1088.45,14633
1650965400,1088.5,1095.0,1088.5,1093.65,30393
1650965700,1094.95,1095.55,1094.6,1094.9,28647
1650966000,1094.9,1095.15,1094.25,1094.95,27188
1650966300,1095.0,1096.55,1094.95,1095.35,74299
1650966600,1095.35,1096.05,1094.9,1095.0,91820
1650966900,1094.95,1095.0,1091.3,1094.0,26987
1651031100,1093.0,1096.0,1085.05,1094.05,42454
1651031400,1094.0,1098.9,1094.0,1096.0,16073
1651031700,1095.75,1096.6,1090.6,1091.35,14600
1651032000,1090.0,1092.7,1090.0,1090.5,11355
1651032300,1090.5,1090.5,1087.1,1087.45,15993
1651032600,1087.45,1089.85,1086.3,1088.75,8822
1651032900,1088.75,1088.9,1086.4,1087.0,6564
1651033200,1087.0,1089.45,1086.65,1088.55,6964
1651033500,1088.0,1088.4,1086.0,1086.75,3795
1651033800,1086.4,1087.65,1085.35,1087.2,5795
1651034100,1087.2,1087.45,1083.2,1084.05,7285
1651034400,1083.3,1083.35,1077.8,1079.5,18015
1651034700,1079.5,1080.0,1074.3,1075.0,27172
1651035000,1075.3,1075.9,1072.6,1075.5,16714
1651035300,1075.85,1075.9,1072.0,1074.05,22278
1651035600,1074.05,1077.35,1073.5,1074.8,179148
1651035900,1075.3,1075.3,1065.9,1069.65,44244
1651036200,1069.65,1072.75,1063.8,1064.2,69863
1651036500,1064.2,1066.3,1063.95,1064.4,15333
1651036800,1064.4,1064.55,1061.2,1063.8,10461
1651037100,1063.25,1067.0,1063.25,1065.75,10039
1651037400,1065.75,1066.55,1064.35,1064.45,14817
1651037700,1064.45,1068.0,1064.4,1067.3,8877
1651038000,1067.3,1068.75,1066.6,1067.75,8039
1651038300,1067.75,1069.0,1067.0,1069.0,3224
1651038600,1069.0,1069.0,1068.0,1068.65,2566
1651038900,1068.65,1069.0,1066.65,1068.55,3798
1651039200,1068.6,1069.65,1067.5,1068.95,5872
1651039500,1068.95,1070.0,1068.0,1069.2,5402
1651039800,1069.2,1070.2,1068.5,1069.6,2805
1651040100,1069.75,1070.85,1069.2,1070.0,3995
1651040400,1070.0,1070.75,1069.8,1069.85,2766
1651040700,1069.85,1069.85,1069.25,1069.6,2053
1651041000,1069.75,1070.0,1068.6,1069.3,4504
1651041300,1069.3,1071.0,1069.0,1070.5,7148
1651041600,1070.65,1070.65,1068.5,1068.5,8947
1651041900,1068.45,1069.1,1066.2,1066.7,13112
1651042200,1066.7,1068.45,1066.7,1067.0,3832
1651042500,1067.55,1067.55,1065.55,1066.95,8617
1651042800,1066.85,1066.95,1064.7,1064.7,9487
1651043100,1064.7,1065.5,1064.3,1065.0,15694
1651043400,1065.0,1065.0,1064.6,1064.95,3909
1651043700,1064.95,1065.0,1062.65,1063.5,8295
1651044000,1063.5,1064.0,1062.5,1063.05,5822
1651044300,1063.05,1064.45,1062.9,1062.9,5754
1651044600,1063.05,1064.4,1062.1,1064.15,4927
1651044900,1064.15,1065.0,1062.7,1063.15,4434
1651045200,1063.4,1064.5,1063.15,1064.5,3417
1651045500,1064.5,1067.25,1064.15,1066.05,7666
1651045800,1066.05,1067.25,1066.0,1066.4,2330
1651046100,1066.4,1069.0,1066.0,1067.9,7972
1651046400,1067.9,1070.2,1066.75,1067.6,6942
1651046700,1067.6,1067.6,1065.25,1067.6,8359
1651047000,1067.6,1069.25,1067.6,1068.8,2220
1651047300,1068.85,1071.05,1068.55,1068.55,6258
1651047600,1069.5,1069.75,1068.3,1068.7,3629
1651047900,1068.7,1069.15,1067.95,1068.3,3446
1651048200,1068.3,1071.7,1068.25,1070.9,15016
1651048500,1070.9,1070.9,1069.85,1070.0,8347
1651048800,1070.0,1072.0,1069.9,1071.85,22211
1651049100,1071.85,1074.0,1071.5,1073.45,10284
1651049400,1073.95,1074.0,1072.4,1072.45,13952
1651049700,1072.65,1075.85,1072.0,1075.5,12814
1651050000,1075.2,1076.0,1075.0,1075.6,6661
1651050300,1075.6,1076.4,1071.55,1072.2,10104
1651050600,1072.3,1076.0,1072.3,1075.4,11434
1651050900,1075.4,1075.5,1074.0,1075.0,7495
1651051200,1075.0,1076.15,1074.7,1075.75,14554
1651051500,1076.1,1076.7,1074.85,1075.9,11278
1651051800,1076.0,1076.7,1074.5,1076.0,19157
1651052100,1075.95,1076.0,1073.85,1075.0,16062
1651052400,1075.0,1075.2,1073.15,1074.95,25230
1651052700,1074.95,1075.0,1073.85,1074.55,180555
1651053000,1075.0,1075.0,1073.25,1074.6,19221
1651053300,1074.65,1075.0,1072.0,1072.0,21195
1651117500,1068.5,1077.7,1068.5,1076.7,67667
1651117800,1077.75,1079.6,1072.0,1073.05,46831
1651118100,1073.0,1073.65,1066.4,1070.6,64733
1651118400,1070.6,1078.3,1070.5,1076.7,31317
1651118700,1076.65,1084.0,1075.75,1083.65,90662
1651119000,1083.65,1088.25,1083.4,1086.0,22666
1651119300,1086.0,1089.5,1082.75,1088.45,17596
1651119600,1088.45,1089.0,1086.7,1088.75,9876
1651119900,1088.75,1091.6,1087.1,1091.6,12414
1651120200,1091.6,1092.65,1087.45,1088.65,19856
1651120500,1088.65,1089.75,1087.6,1088.0,5133
1651120800,1088.0,1088.4,1086.95,1087.05,8074
1651121100,1087.05,1089.1,1086.5,1089.0,4552
1651121400,1089.05,1090.0,1088.75,1088.8,10198
1651121700,1088.8,1089.15,1088.0,1088.45,8135
1651122000,1088.45,1088.7,1087.65,1087.65,5231
1651122300,1087.35,1088.0,1086.5,1087.6,6134
1651122600,1087.6,1087.6,1085.1,1085.15,6349
1651122900,1085.15,1086.35,1083.2,1085.95,9128
1651123200,1086.2,1087.0,1084.85,1085.75,6854
1651123500,1085.75,1086.45,1083.75,1085.95,10354
1651123800,1085.95,1087.0,1085.65,1086.35,5537
1651124100,1086.35,1088.6,1086.35,1088.05,7546
1651124400,1088.4,1092.0,1088.4,1089.95,14256
1651124700,1089.95,1091.0,1089.3,1090.5,3798
1651125000,1090.5,1091.95,1088.7,1088.7,8889
1651125300,1088.7,1090.1,1088.55,1089.75,4779
1651125600,1090.4,1091.5,1089.75,1090.5,8180
1651125900,1090.5,1091.35,1089.75,1089.75,8136
1651126200,1089.75,1091.0,1089.75,1090.05,3784
1651126500,1090.05,1091.75,1090.05,1091.0,4993
1651126800,1091.0,1095.75,1091.0,1092.1,21081
1651127100,1092.5,1093.3,1092.15,1093.0,5664
1651127400,1093.0,1093.8,1092.15,1092.95,9507
1651127700,1092.95,1093.55,1092.55,1092.9,4389
1651128000,1092.9,1093.3,1092.05,1092.5,2990
1651128300,1092.5,1094.65,1091.9,1094.0,4733
1651128600,1094.0,1096.8,1094.0,1094.65,15095
1651128900,1095.0,1095.0,1093.95,1094.9,4908
1651129200,1094.55,1095.7,1094.45,1095.55,6093
1651129500,1095.4,1095.5,1094.75,1094.9,3498
1651129800,1094.9,1097.0,1094.9,1096.75,4924
1651130100,1096.75,1099.0,1095.8,1098.45,10083
1651130400,1098.7,1100.0,1098.25,1099.95,11703
1651130700,1099.95,1104.0,1099.45,1103.45,15758
1651131000,1103.45,1103.9,1099.65,1100.25,16212
1651131300,1100.25,1105.0,1099.9,1104.75,10599
1651131600,1104.65,1105.75,1102.1,1103.45,15359
1651131900,1103.45,1104.9,1102.3,1103.0,8676
1651132200,1103.0,1104.7,1101.25,1104.7,5580
1651132500,1104.65,1107.2,1103.9,1106.1,11867
1651132800,1106.1,1106.3,1102.55,1103.05,15578
1651133100,1103.3,1105.95,1101.5,1102.1,16918
1651133400,1103.35,1103.35,1099.0,1101.8,12002
1651133700,1101.75,1104.2,1101.75,1103.7,5858
1651134000,1103.7,1106.8,1103.15,1105.0,10926
1651134300,1105.0,1106.5,1101.9,1105.85,12994
1651134600,1106.5,1109.35,1105.7,1107.45,19022
1651134900,1107.5,1110.35,1107.45,1109.8,16053
1651135200,1109.95,1113.45,1109.95,1111.2,22151
1651135500,1111.85,1111.85,1107.1,1108.4,14932
1651135800,1108.4,1109.3,1105.35,1109.05,15191
1651136100,1109.0,1109.55,1107.7,1108.0,6258
1651136400,1108.35,1109.0,1106.2,1108.0,9717
1651136700,1107.95,1109.55,1107.5,1108.45,8546
1651137000,1109.0,1109.7,1108.05,1108.85,8983
1651137300,1108.85,1109.0,1108.0,1108.0,9756
1651137600,1108.25,1109.65,1108.05,1108.85,10654
1651137900,1109.2,1109.2,1106.05,1106.6,9839
1651138200,1106.45,1108.9,1105.5,1106.05,27807
1651138500,1105.8,1106.45,1103.25,1103.75,26430
1651138800,1103.8,1122.5,1102.0,1122.5,113898
1651139100,1123.0,1125.0,1115.2,1121.05,295881
1651139400,1121.0,1121.0,1110.15,1110.25,166206
1651139700,1111.4,1117.0,1111.0,1113.95,59610
1651203900,1114.5,1114.5,1066.25,1079.75,307004
1651204200,1079.9,1082.8,1072.6,1078.7,111365
1651204500,1078.3,1093.95,1077.95,1091.4,177721
1651204800,1090.65,1091.65,1085.65,1090.65,95340
1651205100,1090.65,1092.55,1089.25,1090.0,41767
1651205400,1090.0,1091.9,1089.55,1091.0,36783
1651205700,1091.15,1091.35,1089.05,1090.05,55492
1651206000,1090.25,1097.15,1089.95,1095.0,92343
1651206300,1095.0,1116.6,1095.0,1101.3,209615
1651206600,1101.8,1105.25,1101.3,1103.05,33531
1651206900,1103.0,1103.9,1099.4,1100.0,33614
1651207200,1100.0,1100.4,1093.55,1095.2,46616
1651207500,1095.55,1096.2,1088.95,1094.65,29762
1651207800,1094.35,1099.0,1091.1,1091.65,22096
1651208100,1091.65,1100.0,1091.15,1099.3,31846
1651208400,1099.3,1100.0,1097.5,1099.3,42190
1651208700,1099.3,1099.65,1098.0,1098.65,11870
1651209000,1098.65,1100.0,1097.7,1099.6,22160
1651209300,1099.6,1100.0,1098.4,1099.45,68736
1651209600,1099.45,1100.0,1099.3,1100.0,18347
1651209900,1099.95,1107.0,1099.65,1105.0,35001
1651210200,1105.0,1110.75,1105.0,1108.0,36409
1651210500,1108.0,1109.0,1103.7,1105.0,22996
1651210800,1104.85,1106.3,1102.85,1102.85,13180
1651211100,1102.85,1106.15,1102.85,1105.5,31054
1651211400,1105.5,1109.55,1105.5,1107.2,26857
1651211700,1107.2,1107.3,1101.0,1101.65,22237
1651212000,1101.65,1103.0,1099.65,1100.05,28581
1651212300,1100.6,1101.85,1100.0,1100.0,10153
1651212600,1100.0,1100.1,1095.05,1095.5,27428
1651212900,1095.5,1096.55,1094.25,1096.4,18227
1651213200,1096.05,1098.3,1096.05,1097.05,12365
1651213500,1097.05,1098.35,1096.6,1097.1,9945
1651213800,1097.1,1099.95,1095.85,1098.0,25424
1651214100,1098.0,1099.0,1096.5,1098.05,10328
1651214400,1098.05,1099.4,1098.0,1098.1,6151
1651214700,1098.1,1100.0,1098.1,1099.05,8466
1651215000,1099.05,1099.05,1097.9,1098.9,11409
1651215300,1098.9,1101.85,1098.9,1101.35,9666
1651215600,1101.35,1103.6,1101.0,1103.25,18728
1651215900,1103.25,1111.8,1103.0,1110.0,49953
1651216200,1109.9,1110.95,1109.6,1110.55,29969
1651216500,1110.55,1122.0,1110.55,1117.05,84574
1651216800,1117.0,1124.7,1115.5,1120.55,51862
1651217100,1120.55,1122.45,1117.25,1118.85,22490
1651217400,1118.85,1120.35,1116.25,1117.25,25956
1651217700,1117.25,1117.7,1111.65,1113.2,34054
1651218000,1113.2,1116.35,1112.0,1115.85,24089
1651218300,1115.85,1121.95,1115.85,1121.95,22195
1651218600,1121.95,1127.9,1121.1,1126.6,53556
1651218900,1126.6,1132.6,1126.05,1131.15,77394
1651219200,1131.05,1131.05,1125.0,1126.05,24360
1651219500,1126.05,1127.45,1124.55,1125.75,23699
1651219800,1125.75,1128.85,1125.75,1126.5,13108
1651220100,1126.5,1126.6,1122.5,1124.05,23365
1651220400,1124.05,1125.55,1124.0,1125.1,34083
1651220700,1125.25,1125.75,1124.4,1125.0,16981
1651221000,1125.1,1126.15,1125.0,1125.6,13590
1651221300,1126.05,1126.15,1119.3,1120.0,37255
1651221600,1119.45,1126.6,1119.15,1125.35,51857
1651221900,1125.35,1125.75,1121.3,1121.85,29686
1651222200,1121.85,1124.25,1121.5,1123.6,28240
1651222500,1123.6,1123.6,1121.55,1122.25,27440
1651222800,1122.25,1128.15,1122.25,1125.0,16134
1651223100,1125.0,1125.15,1122.1,1122.15,9177
1651223400,1122.15,1123.0,1121.45,1122.05,13715
1651223700,1122.05,1123.25,1119.75,1121.25,14470
1651224000,1121.7,1128.95,1121.25,1126.65,49578
1651224300,1126.65,1127.95,1123.3,1126.6,10232
1651224600,1127.65,1128.3,1108.45,1108.45,93328
1651224900,1108.4,1108.5,1101.7,1103.3,96283
1651225200,1103.45,1103.8,1100.3,1100.75,84658
1651225500,1100.6,1104.0,1100.05,1102.8,76290
1651225800,1102.8,1106.0,1101.45,1102.85,74134
1651226100,1102.9,1107.8,1102.85,1104.55,43061
1651463100,1088.95,1093.4,1076.3,1091.8,56334
1651463400,1091.85,1092.0,1086.25,1086.4,18086
1651463700,1086.4,1088.0,1084.55,1085.0,14987
1651464000,1085.0,1086.95,1084.7,1085.05,27271
1651464300,1085.05,1086.0,1084.45,1085.65,11676
1651464600,1085.65,1085.7,1079.9,1079.9,39998
1651464900,1080.0,1081.65,1079.0,1079.55,22440
1651465200,1079.55,1080.85,1077.55,1080.6,32557
1651465500,1080.6,1082.85,1078.1,1079.45,50699
1651465800,1079.45,1081.05,1079.0,1081.0,9077
1651466100,1080.4,1081.55,1079.0,1080.05,6006
1651466400,1081.1,1082.6,1080.0,1080.6,265990
1651466700,1080.05,1081.75,1078.85,1081.65,12068
1651467000,1081.65,1086.25,1081.15,1083.55,22192
1651467300,1083.55,1085.55,1080.0,1080.0,37559
1651467600,1080.0,1080.65,1079.0,1080.3,11617
1651467900,1080.3,1081.9,1079.7,1081.2,8312
1651468200,1081.2,1082.7,1079.95,1081.55,7853
1651468500,1081.55,1081.9,1080.0,1080.35,7235
1651468800,1080.35,1080.8,1079.0,1079.65,10461
1651469100,1079.45,1080.0,1075.55,1077.45,27814
1651469400,1077.05,1080.8,1076.9,1080.0,17445
1651469700,1080.0,1080.95,1079.45,1080.5,7294
1651470000,1080.8,1082.0,1079.55,1080.3,9599
1651470300,1080.3,1080.95,1079.8,1080.0,9340
1651470600,1080.05,1080.9,1079.45,1080.1,24916
1651470900,1080.1,1080.85,1079.3,1080.0,45142
1651471200,1080.0,1080.45,1079.45,1080.0,63227
1651471500,1080.0,1080.0,1079.0,1079.55,19478
1651471800,1079.2,1079.9,1075.05,1075.2,33408
1651472100,1075.1,1076.4,1074.6,1075.0,42687
1651472400,1075.05,1075.9,1071.0,1071.15,39341
1651472700,1071.7,1072.45,1069.7,1070.8,45785
1651473000,1070.8,1072.5,1069.55,1070.15,23887
1651473300,1070.2,1071.8,1069.7,1070.9,26772
1651473600,1070.75,1072.4,1070.0,1070.1,18954
1651473900,1070.5,1071.7,1069.0,1070.0,40447
1651474200,1070.0,1071.05,1067.2,1067.3,14256
1651474500,1067.5,1070.0,1067.0,1068.35,11911
1651474800,1068.85,1069.4,1065.6,1066.85,13114
1651475100,1067.2,1070.95,1066.75,1069.7,10784
1651475400,1069.5,1070.6,1067.0,1069.0,24846
1651475700,1069.15,1069.7,1064.2,1065.0,26498
1651476000,1065.0,1067.15,1064.9,1065.1,12359
1651476300,1065.15,1067.5,1065.0,1066.7,17196
1651476600,1066.7,1067.8,1066.0,1067.05,11430
1651476900,1067.05,1067.65,1066.15,1066.9,18798
1651477200,1066.9,1067.5,1065.0,1066.25,27097
1651477500,1066.25,1066.35,1065.0,1066.25,12134
1651477800,1065.95,1066.2,1065.0,1065.0,13731
1651478100,1065.4,1066.5,1064.8,1065.05,21848
1651478400,1065.8,1067.0,1064.85,1066.3,18178
1651478700,1066.5,1066.5,1064.8,1065.25,11571
1651479000,1065.25,1066.75,1064.9,1066.5,12606
1651479300,1066.55,1067.5,1065.4,1066.95,21712
1651479600,1067.0,1069.4,1066.6,1067.0,28019
1651479900,1067.3,1073.65,1066.3,1070.0,43089
1651480200,1070.0,1070.9,1069.9,1070.25,11414
1651480500,1070.25,1071.95,1070.0,1071.05,10340
1651480800,1071.05,1072.5,1070.15,1072.2,12325
1651481100,1072.2,1074.75,1071.95,1072.9,22576
1651481400,1072.9,1075.45,1072.25,1075.0,40476
1651481700,1075.1,1075.45,1072.45,1073.5,45153
1651482000,1073.55,1074.65,1073.45,1073.55,5452
1651482300,1073.9,1073.9,1071.5,1072.2,15853
1651482600,1072.2,1073.6,1071.75,1073.4,6692
1651482900,1073.4,1075.4,1073.0,1075.25,16023
1651483200,1075.35,1075.95,1072.7,1075.45,14449
1651483500,1075.45,1080.0,1074.75,1079.05,38164
1651483800,1079.4,1082.0,1076.5,1078.55,27955
1651484100,1079.3,1079.8,1076.75,1079.8,12520
1651484400,1079.8,1083.95,1079.8,1083.1,20613
1651484700,1083.15,1084.0,1081.55,1083.0,17905
1651485000,1083.0,1083.95,1082.35,1082.7,17977
1651485300,1082.7,1083.15,1078.85,1080.9,47981
1651635900,1081.05,1096.95,1081.05,1083.0,77642
1651636200,1082.95,1086.95,1082.0,1082.45,20031
1651636500,1082.45,1083.7,1081.25,1082.15,13309
1651636800,1081.9,1086.35,1081.65,1082.0,13228
1651637100,1082.55,1083.85,1082.0,1082.9,5785
1651637400,1082.9,1083.85,1082.0,1083.2,5343
1651637700,1082.85,1083.2,1078.05,1079.85,11925
1651638000,1079.25,1081.7,1077.45,1081.25,8030
1651638300,1080.7,1082.15,1080.2,1080.9,4415
1651638600,1080.9,1081.65,1078.0,1078.0,5408
1651638900,1078.0,1080.75,1073.2,1079.8,15594
1651639200,1079.8,1080.5,1078.15,1078.55,2795
1651639500,1078.6,1079.4,1076.95,1076.95,4278
1651639800,1076.95,1078.5,1075.55,1075.55,6067
1651640100,1075.55,1076.0,1073.15,1074.0,6594
1651640400,1074.0,1075.7,1072.0,1074.95,7713
1651640700,1074.95,1077.55,1074.5,1076.8,2566
1651641000,1076.8,1077.5,1075.0,1075.35,3153
1651641300,1075.35,1075.45,1073.0,1073.8,3447
1651641600,1073.8,1076.05,1073.45,1074.25,2706
1651641900,1074.25,1077.5,1074.25,1077.15,1450
1651642200,1077.15,1077.7,1075.65,1077.7,3614
1651642500,1077.7,1082.0,1075.15,1079.4,20995
1651642800,1079.4,1082.9,1078.4,1082.85,13352
1651643100,1082.85,1086.0,1080.0,1084.05,29874
1651643400,1084.0,1086.95,1083.9,1086.85,10529
1651643700,1087.0,1090.0,1086.0,1089.0,26738
1651644000,1089.35,1090.95,1085.8,1087.0,31948
1651644300,1087.0,1088.4,1085.2,1086.0,12990
1651644600,1086.65,1087.65,1085.7,1086.95,5166
1651644900,1086.95,1090.6,1082.95,1083.65,71053
1651645200,1083.65,1085.55,1081.4,1082.75,11366
1651645500,1082.75,1083.5,1082.5,1082.55,4745
1651645800,1082.6,1082.6,1080.0,1082.0,11091
1651646100,1081.9,1083.0,1080.0,1080.0,6675
1651646400,1080.0,1084.4,1080.0,1084.15,17774
1651646700,1084.1,1084.1,1081.2,1082.0,3517
1651647000,1082.0,1084.25,1080.7,1081.9,11158
1651647300,1081.9,1083.9,1081.75,1082.2,7879
1651647600,1082.15,1082.65,1080.0,1080.8,15671
1651647900,1080.8,1081.3,1071.75,1074.25,47480
1651648200,1074.25,1075.4,1071.45,1071.7,10707
1651648500,1071.75,1072.9,1070.0,1071.15,23384
1651648800,1070.75,1073.0,1070.5,1071.45,7958
1651649100,1071.4,1073.4,1069.95,1072.95,9627
1651649400,1072.95,1073.3,1070.1,1071.95,9704
1651649700,1071.95,1077.15,1070.0,1075.15,11839
1651650000,1075.15,1079.7,1074.6,1077.55,8545
1651650300,1077.4,1080.85,1076.85,1078.9,6805
1651650600,1079.5,1080.0,1078.0,1079.3,8346
1651650900,1079.3,1081.0,1078.4,1080.65,4245
1651651200,1080.5,1080.55,1076.3,1077.6,6566
1651651500,1077.6,1079.35,1076.9,1078.8,3508
1651651800,1078.8,1081.0,1076.85,1080.7,18280
1651652100,1080.65,1080.8,1078.1,1079.5,10090
1651652400,1079.1,1079.7,1077.65,1078.8,4320
1651652700,1078.75,1080.5,1078.0,1080.5,5572
1651653000,1080.5,1086.85,1078.3,1080.05,21620
1651653300,1079.25,1080.5,1070.55,1074.45,21665
1651653600,1074.5,1075.95,1067.95,1075.95,18290
1651653900,1075.95,1077.0,1073.45,1074.3,20612
1651654200,1074.3,1080.1,1072.4,1077.55,14235
1651654500,1077.55,1077.6,1073.25,1074.4,5777
1651654800,1074.4,1075.95,1070.0,1071.45,7674
1651655100,1071.45,1071.75,1069.3,1070.55,8656
1651655400,1070.05,1070.05,1066.0,1067.6,35309
1651655700,1066.6,1068.8,1065.55,1066.45,8332
1651656000,1066.45,1069.75,1065.0,1067.4,25469
1651656300,1067.15,1073.1,1066.85,1072.8,31213
1651656600,1072.65,1077.0,1071.75,1073.55,54151
1651656900,1073.55,1081.05,1070.45,1077.8,36065
1651657200,1077.85,1083.55,1075.6,1080.9,37969
1651657500,1081.2,1083.0,1078.0,1081.55,34864
1651657800,1081.8,1082.75,1076.5,1080.0,33393
1651658100,1080.0,1081.45,1076.75,1077.75,18389
1651722300,1082.0,1097.0,1080.1,1094.65,51254
1651722600,1095.0,1096.15,1092.4,1095.8,18936
1651722900,1095.3,1102.55,1094.05,1097.65,41615
1651723200,1098.35,1105.6,1098.0,1099.1,23735
1651723500,1099.1,1103.5,1099.1,1102.45,13128
1651723800,1102.45,1106.95,1102.1,1105.9,36502
1651724100,1105.15,1112.9,1104.3,1112.65,34831
1651724400,1112.65,1115.0,1109.1,1110.4,24575
1651724700,1110.0,1110.9,1106.55,1107.6,16354
1651725000,1108.4,1112.3,1107.75,1111.8,9419
1651725300,1112.2,1115.0,1111.6,1113.45,20609
1651725600,1113.45,1113.45,1108.8,1109.3,13217
1651725900,1109.3,1112.25,1109.3,1110.85,6733
1651726200,1110.25,1110.55,1105.8,1105.8,15747
1651726500,1105.8,1106.3,1100.55,1104.15,35379
1651726800,1104.45,1105.0,1103.0,1103.45,12609
1651727100,1103.45,1104.05,1100.25,1100.3,11512
1651727400,1100.15,1101.35,1099.2,1099.75,11699
1651727700,1099.75,1102.2,1099.75,1102.2,9726
1651728000,1101.65,1102.8,1100.25,1100.8,8756
1651728300,1100.8,1103.0,1100.65,1101.95,5270
1651728600,1101.95,1103.55,1101.15,1102.55,8162
1651728900,1102.45,1102.6,1101.45,1101.8,3742
1651729200,1102.3,1103.2,1101.85,1102.0,4935
1651729500,1102.0,1102.05,1097.4,1097.8,8274
1651729800,1097.4,1099.0,1096.0,1098.55,7083
1651730100,1098.9,1100.65,1097.5,1098.1,6235
1651730400,1098.1,1099.3,1096.6,1098.45,4117
1651730700,1098.4,1098.4,1094.45,1095.75,9229
1651731000,1095.7,1096.0,1094.45,1094.7,6646
1651731300,1095.35,1097.2,1094.7,1095.8,4807
1651731600,1095.75,1096.75,1094.5,1095.1,4404
1651731900,1095.1,1095.1,1092.0,1092.25,7562
1651732200,1092.65,1095.05,1092.35,1094.55,4797
1651732500,1094.55,1097.4,1094.05,1096.25,6004
1651732800,1096.5,1098.8,1095.5,1095.65,6605
1651733100,1096.2,1098.95,1095.5,1098.35,3520
1651733400,1098.35,1099.0,1097.3,1098.85,4108
1651733700,1099.0,1101.5,1097.6,1099.95,6130
1651734000,1100.1,1100.1,1098.6,1099.9,3512
1651734300,1100.0,1101.25,1097.0,1097.9,6039
1651734600,1097.8,1098.6,1097.0,1097.35,3121
1651734900,1097.35,1097.35,1093.6,1094.25,4854
1651735200,1094.5,1097.4,1094.0,1096.85,6629
1651735500,1096.85,1097.25,1093.05,1093.85,3784
1651735800,1093.85,1095.55,1092.85,1093.4,3485
1651736100,1093.4,1095.0,1090.45,1091.75,7013
1651736400,1091.25,1092.0,1087.05,1090.7,13681
1651736700,1090.75,1091.75,1084.5,1091.6,13696
1651737000,1091.45,1094.7,1090.35,1093.75,7351
1651737300,1093.75,1097.0,1093.0,1095.4,5729
1651737600,1095.95,1096.8,1092.55,1094.05,5820
1651737900,1094.05,1094.35,1091.7,1091.7,3971
1651738200,1091.3,1092.05,1087.8,1088.05,10962
1651738500,1088.35,1090.35,1087.2,1089.3,6301
1651738800,1089.3,1090.45,1088.45,1090.0,5151
1651739100,1090.0,1090.75,1088.05,1088.6,9974
1651739400,1088.6,1088.6,1085.0,1086.5,8664
1651739700,1087.0,1089.6,1086.2,1086.75,5542
1651740000,1086.25,1088.0,1084.3,1087.05,8877
1651740300,1087.05,1089.35,1085.85,1086.95,5465
1651740600,1086.95,1087.35,1080.0,1084.5,11409
1651740900,1084.5,1089.5,1083.5,1086.85,14154
1651741200,1087.2,1088.0,1085.55,1086.0,4167
1651741500,1086.0,1086.65,1084.75,1086.3,6474
1651741800,1085.9,1087.75,1085.3,1085.3,4619
1651742100,1085.25,1087.75,1082.65,1085.35,6900
1651742400,1085.55,1086.4,1084.0,1085.0,3354
1651742700,1084.8,1086.95,1084.8,1086.3,5146
1651743000,1086.6,1086.6,1082.65,1083.15,8827
1651743300,1084.25,1084.8,1081.5,1084.15,10859
1651743600,1084.0,1084.35,1082.1,1083.35,12336
1651743900,1083.4,1085.8,1082.8,1083.4,18319
1651744200,1083.35,1083.85,1081.7,1082.25,14226
1651744500,1082.3,1087.55,1082.0,1087.55,14976
1651808700,1073.0,1081.0,1067.45,1071.2,35643
1651809000,1071.2,1071.2,1060.05,1061.0,31208
1651809300,1061.35,1065.65,1060.3,1063.95,40406
1651809600,1063.55,1064.25,1061.0,1062.5,7977
1651809900,1062.5,1063.45,1056.7,1057.9,15544
1651810200,1057.9,1059.45,1055.1,1058.45,15784
1651810500,1058.45,1062.1,1057.4,1057.4,15966
1651810800,1057.4,1057.65,1052.2,1056.35,64975
1651811100,1056.35,1057.35,1054.25,1056.95,24724
1651811400,1056.25,1056.95,1053.4,1054.35,9514
1651811700,1055.05,1058.3,1054.0,1056.7,41103
1651812000,1056.7,1069.8,1056.7,1065.25,31275
1651812300,1064.5,1065.8,1061.05,1062.85,9579
1651812600,1062.85,1063.55,1061.0,1062.65,8103
1651812900,1062.65,1068.7,1062.0,1068.3,17040
1651813200,1068.3,1070.7,1065.95,1069.85,9956
1651813500,1070.6,1073.8,1068.25,1069.05,19912
1651813800,1068.9,1071.55,1065.15,1068.95,10073
1651814100,1068.95,1070.15,1068.25,1069.0,7345
1651814400,1069.0,1069.0,1068.0,1068.2,10370
1651814700,1068.2,1068.55,1065.2,1066.65,2734
1651815000,1066.65,1066.95,1063.0,1064.05,5685
1651815300,1064.05,1064.4,1062.35,1063.6,5507
1651815600,1063.6,1064.9,1060.5,1060.6,29206
1651815900,1060.6,1062.0,1060.05,1060.15,15158
1651816200,1060.15,1060.7,1059.3,1060.45,15299
1651816500,1060.45,1062.4,1059.75,1061.3,6762
1651816800,1060.9,1064.35,1060.4,1064.35,6728
1651817100,1064.35,1070.2,1063.8,1069.05,18126
1651817400,1069.05,1072.0,1068.65,1069.5,11491
1651817700,1069.5,1072.05,1068.5,1071.4,7078
1651818000,1071.4,1071.4,1067.1,1068.15,5737
1651818300,1068.15,1069.55,1065.0,1065.45,5325
1651818600,1065.45,1066.9,1064.55,1065.05,6815
1651818900,1065.05,1065.1,1063.0,1063.05,3896
1651819200,1063.15,1064.25,1061.7,1063.0,5195
1651819500,1063.15,1064.0,1062.3,1063.15,3539
1651819800,1063.1,1064.3,1062.0,1063.15,7063
1651820100,1063.15,1064.1,1062.5,1062.7,6870
1651820400,1062.5,1062.7,1060.5,1061.05,6767
1651820700,1061.05,1061.75,1058.3,1059.6,16301
1651821000,1059.6,1064.0,1059.2,1063.55,8762
1651821300,1063.5,1067.85,1063.5,1067.0,16102
1651821600,1067.0,1068.0,1064.0,1064.0,4324
1651821900,1064.0,1066.4,1064.0,1065.55,3009
1651822200,1065.05,1065.55,1061.25,1062.35,5498
1651822500,1062.35,1062.35,1060.25,1060.75,7524
1651822800,1060.75,1062.75,1059.25,1060.6,6771
1651823100,1060.4,1061.65,1060.0,1060.15,4400
1651823400,1060.15,1062.45,1060.15,1061.8,8043
1651823700,1062.1,1066.0,1061.9,1065.9,6325
1651824000,1065.4,1067.0,1065.4,1066.4,6549
1651824300,1066.4,1069.45,1065.75,1069.25,10441
1651824600,1069.25,1069.25,1064.05,1064.95,4825
1651824900,1064.95,1065.7,1063.15,1065.35,4502
1651825200,1065.7,1066.45,1062.4,1062.6,9548
1651825500,1062.6,1063.15,1057.15,1060.5,64827
1651825800,1060.75,1063.25,1060.35,1062.4,32154
1651826100,1062.4,1062.95,1060.3,1061.0,32282
1651826400,1061.0,1062.2,1060.5,1060.65,35293
1651826700,1060.65,1060.65,1057.15,1058.95,9363
1651827000,1059.6,1061.25,1059.0,1059.0,14706
1651827300,1059.0,1061.0,1057.85,1058.0,5961
1651827600,1057.95,1060.2,1057.0,1058.95,6061
1651827900,1059.3,1059.3,1055.1,1056.15,14808
1651828200,1055.85,1057.9,1055.0,1057.65,7467
1651828500,1057.65,1059.3,1055.75,1057.75,9283
1651828800,1057.9,1059.9,1057.05,1058.0,8569
1651829100,1058.0,1058.85,1057.45,1058.0,40565
1651829400,1058.0,1058.25,1056.15,1056.65,69721
1651829700,1056.65,1057.25,1054.95,1056.35,25934
1651830000,1056.3,1056.95,1054.9,1056.65,24953
1651830300,1056.65,1058.3,1055.2,1057.9,73471
1651830600,1057.8,1065.45,1057.4,1065.3,109227
1651830900,1064.9,1068.95,1063.2,1068.95,39434
1652067900,1034.0,1070.4,1033.2,1057.6,107186
1652068200,1057.85,1058.0,1052.3,1056.0,16625
1652068500,1056.2,1070.8,1055.5,1062.75,55646
1652068800,1063.4,1063.6,1058.0,1061.65,35350
1652069100,1061.5,1062.7,1057.65,1062.0,24830
1652069400,1062.0,1062.55,1059.05,1061.35,13985
1652069700,1061.35,1061.35,1056.8,1061.25,18622
1652070000,1061.25,1062.0,1059.55,1062.0,11749
1652070300,1062.0,1064.45,1062.0,1064.4,11877
1652070600,1065.0,1065.0,1062.0,1064.0,13015
1652070900,1064.0,1065.5,1062.0,1062.0,9260
1652071200,1062.05,1064.65,1061.0,1063.8,7222
1652071500,1063.7,1064.4,1061.2,1063.95,6025
1652071800,1063.95,1066.85,1063.0,1066.05,17940
1652072100,1066.05,1067.7,1065.9,1067.7,11191
1652072400,1067.7,1069.2,1067.2,1068.8,19008
1652072700,1068.8,1073.0,1067.0,1069.85,23012
1652073000,1069.85,1069.85,1067.0,1067.85,11878
1652073300,1067.5,1068.75,1066.0,1066.5,11408
1652073600,1066.0,1070.25,1064.85,1069.9,8542
1652073900,1069.9,1072.6,1068.4,1070.35,15254
1652074200,1070.35,1073.8,1069.8,1070.65,15259
1652074500,1071.1,1072.3,1070.4,1072.25,9979
1652074800,1072.15,1074.9,1070.4,1072.5,18769
1652075100,1072.5,1072.5,1065.7,1067.0,43366
1652075400,1067.0,1068.75,1066.35,1068.65,8932
1652075700,1068.65,1068.85,1066.25,1067.4,6964
1652076000,1067.4,1069.85,1066.85,1069.0,12831
1652076300,1069.0,1070.0,1068.15,1070.0,6901
1652076600,1070.0,1071.0,1068.2,1069.85,19975
1652076900,1069.85,1070.05,1067.25,1069.35,7116
1652077200,1068.9,1069.4,1067.5,1067.5,10414
1652077500,1067.95,1069.35,1066.75,1068.85,9942
1652077800,1068.85,1069.9,1068.0,1068.35,6391
1652078100,1068.4,1070.0,1068.4,1069.85,11532
1652078400,1069.95,1072.7,1069.7,1071.75,12816
1652078700,1072.4,1074.0,1069.0,1069.0,25868
1652079000,1069.0,1070.95,1068.5,1069.95,7145
1652079300,1069.95,1070.85,1068.9,1070.0,7809
1652079600,1069.95,1070.0,1068.0,1069.45,8806
1652079900,1069.7,1069.7,1068.0,1068.2,8262
1652080200,1068.15,1070.75,1068.0,1070.0,14417
1652080500,1070.0,1070.0,1067.0,1067.3,12249
1652080800,1067.3,1067.75,1066.25,1066.6,7254
1652081100,1066.6,1066.95,1063.3,1066.8,19476
1652081400,1066.75,1068.4,1064.45,1068.05,15221
1652081700,1068.25,1068.6,1066.7,1068.4,6464
1652082000,1068.4,1068.4,1065.5,1065.5,7995
1652082300,1065.5,1065.8,1064.55,1065.1,8678
1652082600,1065.55,1065.65,1064.0,1065.0,10613
1652082900,1065.0,1065.0,1063.55,1064.3,11514
1652083200,1064.3,1064.6,1061.55,1062.35,20843
1652083500,1062.35,1066.9,1062.15,1065.5,9783
1652083800,1065.5,1066.3,1063.8,1065.35,8559
1652084100,1065.35,1065.85,1064.0,1064.7,6332
1652084400,1064.7,1065.25,1062.75,1064.1,6906
1652084700,1063.4,1064.55,1063.0,1064.1,9402
1652085000,1064.3,1064.5,1062.0,1062.25,10673
1652085300,1062.5,1063.2,1059.9,1062.45,26332
1652085600,1062.9,1064.3,1061.8,1063.55,12112
1652085900,1063.55,1065.2,1063.15,1064.7,11735
1652086200,1064.9,1066.4,1063.65,1063.7,12452
1652086500,1064.2,1065.6,1063.3,1063.45,13616
1652086800,1064.05,1069.25,1063.95,1068.3,20684
1652087100,1068.25,1068.25,1066.2,1066.45,13216
1652087400,1066.9,1069.6,1066.8,1067.6,9686
1652087700,1067.8,1069.7,1067.05,1069.0,16364
1652088000,1069.3,1069.8,1065.05,1065.8,16078
1652088300,1066.45,1066.9,1065.15,1065.15,9499
1652088600,1065.4,1066.0,1062.65,1065.0,22777
1652088900,1064.95,1066.05,1063.6,1065.1,19501
1652089200,1065.1,1067.15,1063.85,1065.25,18401
1652089500,1064.7,1065.25,1061.5,1062.95,32239
1652089800,1063.65,1065.25,1063.0,1065.25,31515
1652090100,1065.15,1065.75,1063.3,1065.0,15239
1652154300,1070.0,1091.1,1062.0,1068.25,140775
1652154600,1068.8,1073.45,1062.65,1073.0,43544
1652154900,1073.0,1074.0,1065.25,1066.2,30301
1652155200,1066.95,1069.25,1063.3,1069.1,21776
1652155500,1069.1,1071.95,1064.45,1066.5,23428
1652155800,1066.55,1067.15,1064.0,1065.95,10396
1652156100,1065.95,1070.2,1064.0,1066.75,11489
1652156400,1066.75,1068.0,1064.05,1065.0,8826
1652156700,1065.0,1067.6,1064.55,1065.05,7679
1652157000,1065.5,1067.2,1064.05,1065.2,6046
1652157300,1064.45,1067.0,1062.75,1065.05,11038
1652157600,1065.05,1066.75,1064.2,1066.5,7098
1652157900,1066.75,1067.75,1064.45,1064.45,6808
1652158200,1064.45,1072.25,1064.0,1070.45,22709
1652158500,1070.5,1078.2,1068.85,1077.0,22882
1652158800,1076.65,1078.8,1073.1,1076.15,14917
1652159100,1076.05,1080.0,1074.2,1077.4,12046
1652159400,1077.95,1081.85,1077.95,1079.65,17864
1652159700,1079.7,1082.0,1079.05,1081.25,12258
1652160000,1081.2,1081.2,1078.0,1081.0,13951
1652160300,1081.0,1082.15,1080.1,1080.5,12345
1652160600,1081.1,1081.1,1078.3,1080.35,7675
1652160900,1080.35,1081.9,1079.65,1081.35,16005
1652161200,1081.5,1083.9,1080.5,1083.75,12443
1652161500,1083.75,1086.4,1082.65,1084.15,29824
1652161800,1084.15,1086.0,1082.0,1083.1,15077
1652162100,1083.1,1083.1,1080.95,1081.5,12252
1652162400,1080.15,1084.7,1080.05,1084.7,21555
1652162700,1084.7,1087.1,1083.3,1086.6,21450
1652163000,1086.55,1090.0,1086.15,1088.5,38148
1652163300,1088.5,1089.25,1086.95,1088.35,13459
1652163600,1088.4,1095.0,1086.25,1093.55,56373
1652163900,1093.55,1096.8,1090.2,1091.85,59195
1652164200,1091.65,1092.0,1087.95,1088.85,13822
1652164500,1088.9,1089.5,1087.1,1089.0,19108
1652164800,1089.0,1090.45,1088.65,1089.85,9172
1652165100,1089.85,1089.85,1086.0,1086.85,10644
1652165400,1086.85,1088.7,1085.0,1087.4,14563
1652165700,1087.4,1087.4,1085.1,1086.0,7635
1652166000,1086.0,1086.7,1085.95,1086.1,4116
1652166300,1086.1,1086.7,1085.95,1086.5,5348
1652166600,1086.5,1086.85,1085.5,1086.15,5415
1652166900,1086.5,1087.0,1085.2,1086.3,6777
1652167200,1086.0,1087.0,1085.75,1087.0,5255
1652167500,1087.0,1088.6,1086.45,1087.25,8193
1652167800,1087.25,1087.25,1084.95,1085.9,9009
1652168100,1085.95,1087.3,1085.4,1086.75,6204
1652168400,1086.75,1087.05,1083.75,1084.75,8862
1652168700,1084.75,1085.65,1080.5,1081.0,15258
1652169000,1081.45,1083.3,1079.05,1082.0,15480
1652169300,1081.9,1082.8,1080.85,1080.85,6856
1652169600,1081.2,1081.55,1079.25,1081.25,10280
1652169900,1081.25,1083.1,1080.1,1083.1,8189
1652170200,1083.1,1083.9,1081.8,1083.1,7845
1652170500,1083.1,1084.9,1081.95,1082.55,7328
1652170800,1082.5,1083.5,1081.25,1082.8,9778
1652171100,1082.8,1086.8,1081.85,1085.05,12520
1652171400,1085.05,1086.4,1082.25,1083.95,13740
1652171700,1083.95,1086.0,1082.6,1086.0,8759
1652172000,1086.0,1087.55,1084.2,1086.85,15490
1652172300,1086.85,1087.1,1085.05,1086.8,10206
1652172600,1086.8,1089.2,1085.8,1086.0,17442
1652172900,1086.0,1088.45,1084.0,1085.5,17213
1652173200,1085.05,1086.2,1082.55,1083.55,16303
1652173500,1083.85,1083.85,1082.05,1082.9,9739
1652173800,1082.85,1086.0,1082.2,1084.7,9934
1652174100,1084.65,1086.5,1082.55,1082.6,11741
1652174400,1082.6,1086.95,1082.6,1084.9,23119
1652174700,1084.9,1084.9,1080.9,1081.65,28985
1652175000,1082.95,1084.1,1081.3,1082.65,41107
1652175300,1082.9,1084.0,1081.1,1083.1,36793
1652175600,1082.75,1084.25,1081.35,1083.15,35522
1652175900,1083.1,1083.2,1080.1,1080.95,41759
1652176200,1081.0,1081.15,1075.8,1078.8,51476
1652176500,1078.8,1079.0,1073.55,1079.0,31094
1652240700,1079.0,1091.9,1079.0,1090.45,68841
1652241000,1090.45,1094.95,1090.15,1091.8,27906
1652241300,1091.85,1102.0,1090.0,1101.8,66427
1652241600,1101.8,1104.45,1090.0,1090.0,56084
1652241900,1090.0,1091.5,1087.65,1088.1,40046
1652242200,1087.9,1088.45,1085.5,1087.3,29236
1652242500,1086.25,1086.7,1084.5,1084.5,32762
1652242800,1084.0,1086.6,1083.05,1083.05,22019
1652243100,1083.65,1085.3,1083.05,1085.3,16472
1652243400,1086.2,1090.2,1086.2,1090.2,21530
1652243700,1090.9,1091.25,1087.55,1088.15,17449
1652244000,1088.15,1090.5,1087.05,1089.9,14597
1652244300,1090.25,1094.7,1090.0,1094.7,19817
1652244600,1093.8,1097.3,1093.8,1096.0,24742
1652244900,1095.75,1095.85,1089.05,1089.8,20232
1652245200,1089.8,1090.0,1087.1,1087.15,24652
1652245500,1087.25,1087.35,1084.05,1084.45,19316
1652245800,1084.55,1085.4,1083.5,1083.7,19882
1652246100,1083.35,1089.0,1082.8,1089.0,31393
1652246400,1089.05,1089.05,1085.05,1087.0,18115
1652246700,1087.35,1087.35,1085.65,1087.05,15669
1652247000,1087.25,1090.0,1086.65,1089.7,17914
1652247300,1089.1,1090.85,1086.35,1086.65,18971
1652247600,1086.35,1086.55,1084.6,1084.7,13305
1652247900,1084.7,1085.2,1082.4,1083.5,20366
1652248200,1083.85,1085.5,1082.45,1082.9,17386
1652248500,1083.0,1084.35,1082.9,1083.7,7373
1652248800,1083.7,1088.35,1082.4,1087.55,17947
1652249100,1087.55,1091.35,1087.55,1089.6,21370
1652249400,1089.6,1091.6,1088.15,1090.5,12230
1652249700,1090.5,1092.05,1089.45,1091.0,10012
1652250000,1091.45,1091.5,1089.8,1089.95,9896
1652250300,1090.0,1093.6,1088.65,1092.85,12938
1652250600,1093.0,1094.1,1089.8,1092.65,10472
1652250900,1092.65,1093.65,1090.0,1090.0,10235
1652251200,1090.1,1093.0,1090.0,1091.65,7357
1652251500,1091.65,1092.6,1090.45,1090.45,7739
1652251800,1090.65,1092.7,1090.3,1091.3,7836
1652252100,1091.3,1091.35,1088.8,1089.15,9389
1652252400,1089.15,1091.15,1088.9,1091.1,18516
1652252700,1091.1,1093.5,1089.8,1093.05,11579
1652253000,1093.35,1096.55,1092.9,1095.0,30729
1652253300,1094.35,1095.55,1089.2,1090.6,65488
1652253600,1090.6,1093.95,1089.55,1091.25,11657
1652253900,1091.65,1093.0,1088.65,1088.65,19241
1652254200,1089.25,1091.8,1088.3,1089.2,29897
1652254500,1089.2,1090.5,1088.35,1089.15,26387
1652254800,1089.1,1091.65,1088.55,1089.4,18723
1652255100,1089.45,1090.0,1088.15,1089.5,15721
1652255400,1089.6,1091.45,1088.0,1089.8,17544
1652255700,1090.0,1092.0,1089.0,1091.25,14848
1652256000,1091.2,1098.3,1090.25,1097.7,28372
1652256300,1097.7,1099.0,1094.6,1097.6,20897
1652256600,1098.0,1098.35,1094.2,1094.45,27632
1652256900,1094.45,1096.8,1093.35,1095.85,20432
1652257200,1095.65,1096.85,1094.5,1095.85,10825
1652257500,1095.9,1096.0,1092.3,1093.1,18850
1652257800,1092.95,1095.9,1092.95,1094.25,16387
1652258100,1094.25,1096.0,1093.0,1093.3,20786
1652258400,1093.3,1093.5,1089.3,1089.45,32998
1652258700,1089.55,1092.1,1089.55,1089.95,20757
1652259000,1089.95,1090.5,1089.6,1089.6,18153
1652259300,1089.6,1090.25,1088.3,1089.4,20732
1652259600,1089.4,1089.4,1085.0,1086.95,29787
1652259900,1087.0,1090.7,1086.8,1090.7,30097
1652260200,1090.7,1090.7,1090.45,1090.5,16313
1652260500,1090.5,1090.9,1086.5,1089.8,51294
1652260800,1089.8,1090.9,1088.0,1088.25,35740
1652261100,1088.05,1090.0,1087.0,1089.75,38095
1652261400,1088.6,1088.6,1085.4,1085.4,57477
1652261700,1085.0,1085.55,1083.8,1085.15,46090
1652262000,1085.15,1085.55,1085.15,1085.5,39220
1652262300,1085.55,1088.65,1085.55,1088.65,69779
1652262600,1088.45,1090.0,1087.15,1089.95,56627
1652262900,1090.0,1090.35,1088.05,1089.8,37127
1652327100,1075.5,1081.95,1058.9,1068.75,82458
1652327400,1069.15,1069.15,1063.2,1065.45,35710
1652327700,1065.45,1066.2,1060.0,1061.05,29326
1652328000,1061.05,1061.05,1053.6,1054.55,21614
1652328300,1054.7,1058.85,1052.65,1053.85,19099
1652328600,1053.85,1055.35,1051.05,1054.0,12156
1652328900,1054.0,1056.65,1053.4,1055.95,11524
1652329200,1056.5,1056.5,1054.05,1055.9,9958
1652329500,1055.2,1055.9,1053.25,1054.95,9166
1652329800,1055.0,1055.15,1054.0,1055.05,5231
1652330100,1055.05,1055.05,1048.0,1049.35,23035
1652330400,1049.35,1052.0,1049.1,1050.5,10863
1652330700,1050.5,1058.3,1050.05,1056.5,18386
1652331000,1057.3,1058.5,1055.95,1056.35,7011
1652331300,1056.35,1061.5,1055.55,1060.2,13614
1652331600,1060.2,1063.3,1059.3,1061.65,12566
1652331900,1062.0,1063.6,1060.65,1063.0,15163
1652332200,1063.0,1063.9,1062.35,1063.05,31517
1652332500,1063.05,1063.75,1060.05,1060.35,15127
1652332800,1060.35,1063.25,1060.05,1061.5,4817
1652333100,1060.85,1061.5,1059.85,1060.4,12910
1652333400,1060.4,1060.9,1060.0,1060.0,16123
1652333700,1060.0,1061.5,1060.0,1060.3,7088
1652334000,1060.3,1060.85,1060.0,1060.05,11189
1652334300,1060.05,1063.0,1060.0,1062.1,21818
1652334600,1062.1,1065.0,1060.0,1060.7,15649
1652334900,1060.7,1063.65,1060.55,1063.45,8455
1652335200,1063.25,1068.15,1063.25,1065.3,11819
1652335500,1065.3,1067.7,1065.25,1067.2,5368
1652335800,1067.4,1069.0,1066.8,1067.4,10601
1652336100,1067.35,1067.35,1066.8,1067.05,7190
1652336400,1067.05,1067.9,1064.55,1067.2,6876
1652336700,1067.4,1067.45,1065.45,1065.45,4450
1652337000,1065.45,1066.9,1064.3,1065.9,7544
1652337300,1066.0,1067.6,1065.35,1067.2,6867
1652337600,1067.15,1067.35,1065.15,1066.55,10467
1652337900,1066.6,1066.6,1063.45,1065.45,19921
1652338200,1065.45,1066.45,1063.25,1064.45,16351
1652338500,1064.45,1066.5,1064.45,1066.2,32136
1652338800,1066.2,1066.75,1063.45,1065.95,52317
1652339100,1065.95,1067.0,1065.1,1066.55,10249
1652339400,1066.55,1067.1,1065.15,1067.0,9140
1652339700,1067.05,1067.6,1065.25,1065.4,7031
1652340000,1065.4,1067.05,1065.0,1066.85,19190
1652340300,1067.25,1067.7,1065.15,1066.15,9699
1652340600,1066.15,1066.15,1065.0,1065.35,11205
1652340900,1065.35,1066.6,1065.0,1065.0,15472
1652341200,1065.0,1066.8,1064.85,1065.9,13858
1652341500,1065.9,1070.0,1065.6,1070.0,10996
1652341800,1070.0,1070.0,1066.75,1067.6,7404
1652342100,1067.6,1068.85,1067.0,1068.05,9530
1652342400,1068.15,1068.85,1068.0,1068.05,14514
1652342700,1068.05,1068.9,1068.0,1068.1,7867
1652343000,1068.4,1070.0,1068.0,1068.05,10441
1652343300,1068.05,1068.2,1068.0,1068.0,32770
1652343600,1068.0,1068.05,1065.0,1065.45,25069
1652343900,1065.45,1067.0,1064.75,1065.05,18932
1652344200,1065.05,1065.7,1064.25,1064.95,32799
1652344500,1063.95,1065.25,1063.95,1065.0,64940
1652344800,1065.0,1068.0,1064.95,1065.1,14591
1652345100,1065.1,1066.2,1064.95,1065.05,18306
1652345400,1065.05,1065.05,1060.75,1062.2,19325
1652345700,1062.2,1064.55,1060.55,1062.35,20020
1652346000,1062.65,1063.2,1058.9,1059.85,19888
1652346300,1059.85,1060.85,1058.75,1060.0,19278
1652346600,1060.15,1063.5,1059.7,1062.45,32738
1652346900,1062.4,1063.65,1059.9,1062.2,20503
1652347200,1062.45,1064.5,1060.0,1060.7,20170
1652347500,1060.65,1064.15,1059.4,1061.95,37122
1652347800,1062.5,1064.0,1058.0,1058.65,53811
1652348100,1058.65,1060.85,1058.2,1060.0,45711
1652348400,1060.2,1061.2,1059.7,1061.0,29654
1652348700,1061.15,1062.6,1060.0,1060.85,38518
1652349000,1062.2,1063.15,1060.0,1060.95,37272
1652349300,1060.2,1062.9,1056.25,1058.9,24406
1652413500,1075.0,1079.0,1060.6,1063.15,40575
1652413800,1062.5,1062.5,1058.1,1061.5,20949
1652414100,1061.05,1065.65,1060.6,1062.4,25129
1652414400,1061.95,1063.95,1061.0,1061.0,13343
1652414700,1061.0,1061.55,1058.1,1058.5,16525
1652415000,1058.5,1060.7,1054.5,1059.55,27121
1652415300,1059.55,1060.85,1058.0,1059.5,9573
1652415600,1059.5,1060.9,1058.0,1059.55,8783
1652415900,1058.85,1058.85,1053.75,1054.65,12773
1652416200,1054.2,1057.2,1053.5,1055.15,23583
1652416500,1055.15,1057.9,1054.9,1057.0,9408
1652416800,1057.0,1057.5,1055.95,1056.75,2248
1652417100,1056.75,1057.2,1054.45,1056.7,14227
1652417400,1057.2,1060.0,1055.65,1059.1,46914
1652417700,1059.1,1061.0,1058.05,1058.8,6257
1652418000,1058.8,1062.35,1058.35,1061.95,9888
1652418300,1061.75,1062.2,1058.15,1058.9,18254
1652418600,1059.05,1060.65,1059.0,1060.25,5592
1652418900,1060.25,1062.9,1059.1,1062.0,4623
1652419200,1062.4,1062.4,1060.35,1061.55,5283
1652419500,1061.55,1061.55,1059.6,1059.7,4464
1652419800,1060.35,1062.85,1059.95,1062.05,5482
1652420100,1062.05,1062.65,1061.0,1062.5,3736
1652420400,1062.5,1062.5,1058.5,1061.55,25483
1652420700,1061.5,1065.8,1060.3,1065.8,17053
1652421000,1065.85,1068.1,1060.1,1061.7,26377
1652421300,1062.0,1064.85,1060.85,1064.3,5658
1652421600,1064.2,1064.2,1062.0,1064.2,23898
1652421900,1064.0,1067.0,1063.9,1066.0,5581
1652422200,1066.2,1066.65,1064.45,1065.5,13942
1652422500,1065.55,1068.95,1064.95,1068.95,12657
1652422800,1069.1,1071.55,1068.35,1069.95,14479
1652423100,1069.65,1070.6,1065.6,1065.6,12083
1652423400,1065.5,1067.8,1063.5,1065.85,17692
1652423700,1065.9,1069.05,1065.6,1066.55,4712
1652424000,1066.75,1067.15,1062.55,1066.6,5262
1652424300,1066.3,1066.95,1065.0,1066.05,3409
1652424600,1066.2,1068.0,1065.3,1065.6,13179
1652424900,1065.6,1066.7,1065.0,1065.2,3295
1652425200,1065.0,1066.0,1063.3,1064.75,7598
1652425500,1064.75,1065.3,1064.0,1064.15,2727
1652425800,1064.05,1067.1,1064.05,1065.75,14410
1652426100,1065.75,1067.25,1064.25,1064.6,6856
1652426400,1064.6,1067.0,1064.35,1066.55,3882
1652426700,1066.55,1069.0,1066.0,1068.4,3966
1652427000,1068.4,1070.7,1067.45,1069.7,6471
1652427300,1069.55,1069.55,1067.8,1068.25,3312
1652427600,1068.7,1070.0,1066.1,1069.35,17965
1652427900,1070.65,1071.5,1067.2,1068.3,14980
1652428200,1068.3,1068.85,1066.0,1067.75,5889
1652428500,1067.25,1068.75,1062.6,1063.6,11958
1652428800,1063.6,1067.45,1062.05,1066.9,14701
1652429100,1066.9,1067.35,1064.1,1066.5,3614
1652429400,1066.5,1067.75,1064.05,1064.4,5380
1652429700,1064.35,1065.9,1063.05,1063.4,10210
1652430000,1063.4,1064.9,1062.0,1064.5,7916
1652430300,1064.5,1065.95,1064.0,1064.8,2367
1652430600,1064.8,1067.55,1062.6,1064.0,9193
1652430900,1064.0,1064.8,1062.0,1062.1,22029
1652431200,1062.0,1062.2,1055.0,1055.9,15911
1652431500,1055.25,1056.95,1050.05,1051.15,13208
1652431800,1050.6,1057.95,1049.45,1057.2,24309
1652432100,1056.1,1056.8,1048.65,1049.1,10042
1652432400,1049.1,1052.85,1047.05,1049.25,9723
1652432700,1049.9,1052.25,1047.05,1051.4,16232
1652433000,1051.4,1052.9,1047.35,1047.35,11245
1652433300,1047.4,1051.7,1047.4,1049.15,13128
1652433600,1049.65,1050.8,1048.0,1048.1,6238
1652433900,1048.05,1048.7,1044.8,1046.6,14120
1652434200,1047.45,1048.45,1038.55,1043.8,57951
1652434500,1043.0,1044.55,1040.65,1041.8,28032
1652434800,1042.1,1045.7,1041.25,1045.5,29869
1652435100,1045.5,1047.5,1043.4,1046.85,55274
1652435400,1047.15,1048.65,1045.1,1048.1,44517
1652435700,1048.8,1050.0,1040.1,1041.55,42396
1652672700,1045.0,1049.85,1038.0,1043.85,35373
1652673000,1044.5,1052.0,1044.05,1050.7,18054
1652673300,1050.7,1050.8,1046.5,1047.25,6284
1652673600,1047.25,1049.8,1045.9,1048.2,4069
1652673900,1049.15,1054.0,1047.1,1052.15,10706
1652674200,1052.15,1052.85,1048.9,1049.0,4794
1652674500,1049.0,1053.4,1048.05,1052.9,9381
1652674800,1052.9,1053.05,1049.0,1050.35,4538
1652675100,1050.85,1052.35,1049.2,1049.75,6537
1652675400,1049.75,1052.2,1047.0,1047.3,9100
1652675700,1047.3,1050.2,1046.65,1047.5,7455
1652676000,1047.5,1049.0,1042.5,1044.0,12517
1652676300,1043.65,1044.7,1041.0,1042.5,10183
1652676600,1042.5,1046.15,1042.5,1043.1,9101
1652676900,1043.2,1044.6,1042.3,1043.6,6845
1652677200,1043.2,1044.0,1042.95,1043.5,3165
1652677500,1043.5,1043.5,1040.0,1042.05,15868
1652677800,1042.5,1044.75,1041.25,1041.9,6594
1652678100,1041.4,1042.55,1041.0,1042.0,4893
1652678400,1042.0,1043.25,1040.7,1040.7,8225
1652678700,1040.2,1043.05,1038.85,1041.5,14059
1652679000,1041.5,1044.2,1041.1,1043.75,5817
1652679300,1044.0,1048.5,1044.0,1047.35,11947
1652679600,1047.0,1047.5,1042.1,1042.65,5986
1652679900,1042.65,1044.05,1042.0,1042.55,7320
1652680200,1042.55,1042.55,1038.65,1039.0,6904
1652680500,1039.0,1041.95,1038.55,1039.25,5685
1652680800,1039.7,1042.0,1039.55,1040.5,3752
1652681100,1040.5,1040.95,1038.4,1038.6,5141
1652681400,1038.6,1040.35,1037.05,1039.4,8287
1652681700,1039.4,1042.45,1038.8,1040.0,5652
1652682000,1040.0,1040.3,1037.25,1037.25,3961
1652682300,1037.9,1038.9,1037.25,1038.7,2070
1652682600,1038.0,1039.3,1035.2,1035.2,7585
1652682900,1035.3,1038.8,1034.15,1037.5,7938
1652683200,1037.5,1039.4,1036.0,1036.9,7188
1652683500,1036.9,1040.55,1036.9,1040.1,3788
1652683800,1040.1,1043.8,1038.8,1042.0,12017
1652684100,1041.75,1042.0,1039.0,1039.2,4899
1652684400,1039.2,1042.75,1039.1,1042.5,3687
1652684700,1042.5,1044.0,1039.4,1039.4,8156
1652685000,1039.4,1039.55,1036.05,1038.0,6321
1652685300,1038.0,1038.0,1036.4,1037.4,4341
1652685600,1037.4,1039.95,1036.25,1037.6,5003
1652685900,1037.6,1041.25,1037.6,1040.45,4576
1652686200,1040.45,1042.8,1040.0,1040.65,12701
1652686500,1040.65,1041.85,1040.0,1040.95,4743
1652686800,1040.95,1042.15,1040.0,1040.5,7922
1652687100,1040.5,1042.65,1039.0,1041.25,7870
1652687400,1041.25,1041.3,1039.05,1039.35,6723
1652687700,1039.35,1040.3,1037.3,1037.3,4235
1652688000,1037.3,1041.55,1037.15,1039.95,4242
1652688300,1039.95,1040.8,1038.45,1040.8,2878
1652688600,1040.8,1043.15,1040.4,1041.45,5498
1652688900,1041.45,1042.95,1040.25,1040.3,4676
1652689200,1040.3,1042.5,1040.0,1042.4,4836
1652689500,1042.4,1044.0,1039.0,1042.2,9343
1652689800,1042.5,1048.0,1042.05,1047.25,12814
1652690100,1047.25,1049.35,1046.4,1047.4,10949
1652690400,1047.4,1047.4,1044.0,1044.75,4410
1652690700,1044.75,1046.2,1044.4,1045.95,5399
1652691000,1045.95,1046.75,1042.5,1045.3,5935
1652691300,1045.95,1048.75,1045.5,1046.55,7942
1652691600,1046.55,1047.2,1044.1,1045.4,6332
1652691900,1045.0,1047.0,1043.8,1044.5,6288
1652692200,1044.5,1046.55,1044.05,1045.45,5770
1652692500,1046.25,1046.45,1042.7,1043.25,8206
1652692800,1043.25,1044.8,1042.25,1044.35,3823
1652693100,1044.35,1044.8,1042.65,1044.8,7678
1652693400,1044.8,1044.95,1041.55,1043.95,15921
1652693700,1044.65,1044.65,1041.2,1041.9,12643
1652694000,1041.25,1044.95,1041.25,1043.65,7194
1652694300,1043.65,1046.9,1043.05,1046.65,13014
1652694600,1046.65,1048.45,1044.95,1048.0,12855
1652694900,1048.0,1048.8,1044.7,1047.1,10950
1652759100,1042.0,1051.9,1042.0,1050.75,22841
1652759400,1051.5,1052.3,1048.7,1050.5,16717
1652759700,1050.75,1055.45,1050.3,1051.6,21976
1652760000,1051.2,1051.85,1045.5,1046.5,12542
1652760300,1047.5,1047.8,1044.1,1045.3,8025
1652760600,1045.25,1046.05,1044.15,1044.75,3596
1652760900,1045.5,1045.5,1039.6,1040.85,30401
1652761200,1040.75,1040.75,1037.45,1038.7,10493
1652761500,1038.25,1039.35,1036.3,1037.0,11761
1652761800,1037.45,1041.0,1037.05,1037.8,10249
1652762100,1037.5,1039.25,1036.75,1038.75,7097
1652762400,1038.75,1042.15,1038.1,1041.65,14459
1652762700,1041.5,1045.65,1041.2,1045.05,8983
1652763000,1045.1,1046.85,1044.45,1045.0,10544
1652763300,1045.0,1045.0,1043.05,1043.55,4547
1652763600,1043.55,1047.5,1043.5,1046.95,8095
1652763900,1046.9,1049.7,1046.9,1048.35,6873
1652764200,1048.35,1051.55,1048.35,1051.1,12175
1652764500,1051.1,1055.0,1051.05,1054.15,8646
1652764800,1053.85,1054.2,1052.15,1053.5,7052
1652765100,1053.5,1054.0,1053.3,1053.85,3108
1652765400,1053.85,1053.95,1050.85,1051.75,6207
1652765700,1051.25,1052.15,1051.0,1051.35,2663
1652766000,1051.45,1052.45,1050.55,1050.55,2697
1652766300,1050.55,1052.4,1050.55,1052.15,2136
1652766600,1051.8,1053.3,1051.75,1053.05,2419
1652766900,1053.1,1055.0,1053.05,1055.0,4051
1652767200,1054.55,1056.75,1053.9,1056.25,5363
1652767500,1056.45,1057.45,1056.25,1056.5,5479
1652767800,1056.5,1056.75,1055.0,1055.05,2918
1652768100,1055.05,1055.85,1054.8,1055.5,3592
1652768400,1055.0,1055.6,1052.75,1053.35,3222
1652768700,1053.35,1054.6,1052.8,1054.4,2103
1652769000,1053.05,1056.25,1053.05,1055.3,2869
1652769300,1056.0,1056.4,1055.2,1056.4,1480
1652769600,1056.0,1056.8,1054.4,1055.0,3134
1652769900,1055.0,1059.2,1054.15,1058.1,4035
1652770200,1057.7,1059.9,1057.0,1059.9,4443
1652770500,1059.9,1060.8,1059.0,1059.15,8446
1652770800,1059.15,1059.6,1057.65,1058.9,3482
1652771100,1058.6,1060.0,1057.75,1059.05,2644
1652771400,1059.4,1060.9,1058.9,1060.05,6399
1652771700,1059.4,1061.5,1059.25,1060.85,2439
1652772000,1060.8,1061.2,1059.4,1059.65,2222
1652772300,1059.65,1059.85,1055.7,1057.4,14584
1652772600,1057.15,1059.2,1056.0,1057.35,8968
1652772900,1057.05,1058.8,1057.05,1058.4,2256
1652773200,1057.95,1059.95,1057.95,1059.85,3675
1652773500,1059.85,1059.95,1056.35,1057.9,2508
1652773800,1058.0,1058.0,1056.0,1056.5,1653
1652774100,1056.05,1058.5,1055.6,1056.95,3634
1652774400,1056.95,1060.0,1056.35,1059.85,1695
1652774700,1059.85,1062.5,1059.3,1061.6,4441
1652775000,1060.5,1061.1,1058.4,1059.75,2495
1652775300,1059.25,1061.8,1059.25,1060.45,2520
1652775600,1060.45,1062.5,1059.9,1062.5,2348
1652775900,1062.5,1064.0,1061.3,1064.0,5528
1652776200,1063.5,1065.5,1063.4,1064.3,4822
1652776500,1064.3,1066.2,1063.85,1065.8,3579
1652776800,1065.5,1066.4,1064.1,1066.3,4061
1652777100,1066.3,1066.3,1064.0,1066.0,5820
1652777400,1065.6,1066.1,1064.0,1066.0,2915
1652777700,1066.0,1066.2,1065.0,1065.85,2350
1652778000,1065.85,1065.85,1064.0,1064.65,2116
1652778300,1064.6,1066.0,1064.0,1064.65,3353
1652778600,1064.95,1068.15,1063.0,1067.95,8875
1652778900,1067.1,1069.35,1067.1,1068.75,6408
1652779200,1068.75,1068.8,1068.0,1068.7,2420
1652779500,1068.8,1071.0,1068.55,1070.0,5327
1652779800,1070.15,1075.35,1069.3,1071.95,19182
1652780100,1072.0,1072.05,1068.6,1069.05,15679
1652780400,1068.05,1071.3,1068.05,1070.0,22558
1652780700,1070.0,1070.5,1068.9,1069.4,15627
1652781000,1069.4,1072.95,1068.85,1069.8,24435
1652781300,1069.8,1071.9,1062.35,1064.15,13606
1652845500,1063.5,1082.85,1061.0,1082.8,56176
1652845800,1082.75,1085.0,1081.8,1082.8,26522
1652846100,1082.8,1082.8,1075.95,1076.85,13098
1652846400,1076.85,1077.1,1072.45,1072.45,17066
1652846700,1072.45,1074.0,1072.2,1073.6,9553
1652847000,1073.6,1078.3,1073.6,1078.05,10439
1652847300,1078.0,1078.25,1075.0,1075.9,8214
1652847600,1075.45,1081.35,1075.45,1080.8,14453
1652847900,1081.0,1081.4,1078.65,1079.15,10848
1652848200,1079.15,1079.95,1077.8,1077.8,5351
1652848500,1077.9,1077.9,1074.5,1074.5,5928
1652848800,1073.55,1076.0,1073.45,1074.05,8768
1652849100,1074.05,1074.3,1072.55,1072.8,9566
1652849400,1072.9,1076.5,1072.9,1076.5,8459
1652849700,1076.65,1076.9,1074.9,1075.0,7582
1652850000,1075.0,1075.15,1074.05,1074.6,7469
1652850300,1074.6,1077.6,1074.6,1077.15,5870
1652850600,1077.15,1077.6,1076.9,1077.05,5103
1652850900,1077.4,1077.4,1075.5,1076.5,6286
1652851200,1076.45,1076.45,1074.85,1075.25,2933
1652851500,1074.95,1075.25,1072.35,1072.35,4109
1652851800,1072.85,1073.15,1070.15,1072.6,6278
1652852100,1072.6,1072.6,1070.5,1071.55,5426
1652852400,1071.15,1073.4,1070.5,1071.5,6455
1652852700,1071.85,1071.85,1070.5,1070.5,4291
1652853000,1070.5,1072.55,1070.5,1070.95,5618
1652853300,1070.95,1073.1,1070.95,1073.1,6717
1652853600,1073.1,1075.6,1072.6,1075.0,9305
1652853900,1075.0,1076.8,1074.1,1075.55,10925
1652854200,1075.55,1075.95,1072.7,1072.75,4581
1652854500,1072.75,1074.75,1071.5,1072.75,13649
1652854800,1072.75,1073.4,1071.8,1071.8,8761
1652855100,1071.8,1072.7,1071.8,1072.15,2791
1652855400,1072.1,1072.6,1070.5,1070.5,6502
1652855700,1070.5,1072.9,1070.5,1072.0,11183
1652856000,1072.3,1072.3,1069.85,1070.35,7229
1652856300,1070.35,1070.75,1069.0,1069.8,4783
1652856600,1069.3,1069.4,1066.9,1067.0,8831
1652856900,1067.0,1067.45,1065.2,1065.6,6616
1652857200,1065.1,1068.05,1063.5,1063.5,14715
1652857500,1064.2,1069.05,1063.55,1067.85,6942
1652857800,1067.9,1068.8,1065.8,1065.8,9319
1652858100,1065.8,1069.2,1065.45,1067.2,5691
1652858400,1067.8,1070.0,1067.6,1069.25,4049
1652858700,1069.25,1071.8,1069.25,1071.4,13624
1652859000,1071.4,1073.5,1070.8,1071.25,8268
1652859300,1071.6,1071.6,1068.8,1069.45,8117
1652859600,1069.75,1071.5,1069.35,1070.85,7701
1652859900,1071.5,1073.5,1071.3,1071.5,13786
1652860200,1071.5,1071.9,1069.0,1069.0,4484
1652860500,1069.0,1070.9,1069.0,1070.35,3975
1652860800,1070.25,1074.85,1070.25,1074.8,7889
1652861100,1074.8,1076.7,1074.45,1075.2,14502
1652861400,1075.2,1077.6,1074.0,1077.0,13616
1652861700,1077.6,1079.35,1075.35,1075.35,5884
1652862000,1075.35,1075.6,1073.0,1073.3,7578
1652862300,1073.3,1076.3,1073.3,1076.05,2358
1652862600,1076.05,1076.45,1074.55,1075.2,3072
1652862900,1075.05,1075.3,1071.1,1071.1,5731
1652863200,1071.1,1072.25,1070.0,1071.6,17754
1652863500,1071.6,1074.55,1071.3,1073.0,9846
1652863800,1073.35,1077.0,1073.0,1074.25,7427
1652864100,1074.25,1076.85,1074.25,1076.25,5854
1652864400,1076.25,1079.5,1076.2,1078.15,13372
1652864700,1078.15,1079.5,1076.15,1078.35,11851
1652865000,1078.35,1079.5,1077.35,1077.7,6374
1652865300,1077.9,1078.35,1074.9,1075.85,12757
1652865600,1076.0,1079.2,1075.5,1079.2,11084
1652865900,1079.4,1080.5,1079.1,1079.45,8359
1652866200,1078.2,1078.95,1074.2,1074.7,24914
1652866500,1075.85,1076.65,1074.65,1075.85,18085
1652866800,1075.85,1075.85,1073.0,1073.2,17476
1652867100,1073.15,1073.9,1073.0,1073.25,18127
1652867400,1073.25,1073.6,1070.05,1072.05,32147
1652867700,1072.05,1078.7,1070.4,1071.1,23611
1652931900,1073.9,1073.9,1051.1,1068.9,54317
1652932200,1068.95,1070.8,1066.65,1068.0,28360
1652932500,1068.45,1072.7,1066.2,1070.7,34738
1652932800,1070.7,1070.9,1066.55,1068.9,20802
1652933100,1068.9,1068.9,1066.0,1066.1,16302
1652933400,1066.05,1066.35,1061.9,1062.4,18401
1652933700,1062.5,1065.45,1061.4,1065.45,14751
1652934000,1065.65,1067.95,1063.5,1063.5,13186
1652934300,1063.5,1063.75,1062.1,1063.2,9018
1652934600,1063.6,1063.6,1058.0,1059.05,23946
1652934900,1059.15,1065.7,1058.05,1061.5,21975
1652935200,1061.35,1063.7,1060.55,1063.5,11889
1652935500,1062.95,1066.9,1062.95,1065.75,26905
1652935800,1065.0,1065.95,1059.3,1059.85,9807
1652936100,1059.0,1059.1,1058.2,1058.25,31501
1652936400,1058.25,1059.0,1056.0,1056.8,24931
1652936700,1056.8,1057.5,1055.3,1055.45,7901
1652937000,1055.3,1057.5,1055.3,1056.0,11017
1652937300,1056.0,1056.0,1052.0,1053.55,13100
1652937600,1053.15,1054.95,1053.15,1054.4,4420
1652937900,1054.4,1054.5,1052.1,1052.4,13810
1652938200,1052.35,1052.35,1050.3,1050.5,12719
1652938500,1050.65,1050.7,1047.4,1050.0,15823
1652938800,1049.55,1050.55,1048.65,1049.3,10096
1652939100,1048.4,1055.35,1048.4,1050.05,20536
1652939400,1050.05,1050.45,1047.0,1047.95,16956
1652939700,1047.9,1050.45,1047.2,1048.95,10726
1652940000,1048.95,1050.6,1047.6,1050.0,6562
1652940300,1050.0,1050.75,1049.0,1050.15,12684
1652940600,1050.15,1050.15,1047.6,1049.95,4653
1652940900,1049.95,1053.0,1048.95,1051.5,8784
1652941200,1051.5,1053.2,1050.95,1052.8,4961
1652941500,1052.8,1057.5,1052.8,1055.45,19939
1652941800,1055.0,1061.65,1055.0,1056.95,29266
1652942100,1056.95,1060.0,1056.0,1060.0,9746
1652942400,1059.35,1060.0,1057.9,1058.55,10018
1652942700,1058.2,1060.0,1056.2,1057.35,29178
1652943000,1057.9,1059.4,1057.35,1059.0,5040
1652943300,1058.4,1060.0,1057.25,1057.9,5501
1652943600,1057.9,1059.5,1056.0,1057.4,7700
1652943900,1057.4,1060.0,1057.25,1059.95,6635
1652944200,1059.35,1059.9,1057.4,1058.8,7205
1652944500,1058.15,1059.3,1055.8,1056.95,6408
1652944800,1056.4,1058.75,1056.0,1057.8,8891
1652945100,1057.3,1059.85,1057.3,1058.45,7013
1652945400,1058.45,1058.8,1054.4,1055.3,7307
1652945700,1054.85,1058.25,1054.65,1057.0,14149
1652946000,1056.4,1060.55,1055.75,1060.5,21604
1652946300,1060.5,1066.55,1060.15,1063.25,26899
1652946600,1062.8,1065.9,1061.25,1063.65,10149
1652946900,1063.65,1065.65,1060.2,1060.5,4984
1652947200,1060.65,1060.65,1056.05,1057.65,8436
1652947500,1057.3,1058.65,1056.85,1058.0,2913
1652947800,1058.0,1060.25,1058.0,1059.0,4660
1652948100,1058.7,1059.8,1056.3,1056.9,5632
1652948400,1056.9,1061.0,1055.75,1060.85,7629
1652948700,1060.85,1063.3,1058.75,1059.7,16211
1652949000,1059.9,1061.0,1058.95,1060.25,7156
1652949300,1060.25,1060.55,1057.75,1058.7,9224
1652949600,1058.7,1060.0,1055.7,1057.05,5295
1652949900,1056.6,1059.85,1055.7,1056.6,5922
1652950200,1056.6,1063.75,1056.55,1063.0,11261
1652950500,1062.95,1062.95,1059.0,1059.6,4855
1652950800,1059.6,1061.55,1058.65,1060.75,6781
1652951100,1060.7,1060.7,1058.6,1059.1,10071
1652951400,1058.65,1061.45,1058.0,1059.4,8494
1652951700,1059.65,1060.75,1056.55,1058.15,9714
1652952000,1058.65,1060.7,1058.0,1060.7,11071
1652952300,1059.85,1061.0,1055.0,1057.0,22800
1652952600,1057.65,1058.6,1055.0,1055.0,22215
1652952900,1055.2,1056.65,1055.05,1056.2,19935
1652953200,1056.2,1057.2,1054.0,1056.0,24296
1652953500,1056.0,1057.7,1055.8,1056.75,27155
1652953800,1056.75,1058.45,1055.3,1057.85,24579
1652954100,1058.0,1061.05,1056.1,1059.25,18799
1652931900,1073.9,1073.9,1051.1,1068.9,54317
1652932200,1068.95,1070.8,1066.65,1068.0,28360
1652932500,1068.45,1072.7,1066.2,1070.7,34738
1652932800,1070.7,1070.9,1066.55,1068.9,20802
1652933100,1068.9,1068.9,1066.0,1066.1,16302
1652933400,1066.05,1066.35,1061.9,1062.4,18401
1652933700,1062.5,1065.45,1061.4,1065.45,14751
1652934000,1065.65,1067.95,1063.5,1063.5,13186
1652934300,1063.5,1063.75,1062.1,1063.2,9018
1652934600,1063.6,1063.6,1058.0,1059.05,23946
1652934900,1059.15,1065.7,1058.05,1061.5,21975
1652935200,1061.35,1063.7,1060.55,1063.5,11889
1652935500,1062.95,1066.9,1062.95,1065.75,26905
1652935800,1065.0,1065.95,1059.3,1059.85,9807
1652936100,1059.0,1059.1,1058.2,1058.25,31501
1652936400,1058.25,1059.0,1056.0,1056.8,24931
1652936700,1056.8,1057.5,1055.3,1055.45,7901
1652937000,1055.3,1057.5,1055.3,1056.0,11017
1652937300,1056.0,1056.0,1052.0,1053.55,13100
1652937600,1053.15,1054.95,1053.15,1054.4,4420
1652937900,1054.4,1054.5,1052.1,1052.4,13810
1652938200,1052.35,1052.35,1050.3,1050.5,12719
1652938500,1050.65,1050.7,1047.4,1050.0,15823
1652938800,1049.55,1050.55,1048.65,1049.3,10096
1652939100,1048.4,1055.35,1048.4,1050.05,20536
1652939400,1050.05,1050.45,1047.0,1047.95,16956
1652939700,1047.9,1050.45,1047.2,1048.95,10726
1652940000,1048.95,1050.6,1047.6,1050.0,6562
1652940300,1050.0,1050.75,1049.0,1050.15,12684
1652940600,1050.15,1050.15,1047.6,1049.95,4653
1652940900,1049.95,1053.0,1048.95,1051.5,8784
1652941200,1051.5,1053.2,1050.95,1052.8,4961
1652941500,1052.8,1057.5,1052.8,1055.45,19939
1652941800,1055.0,1061.65,1055.0,1056.95,29266
1652942100,1056.95,1060.0,1056.0,1060.0,9746
1652942400,1059.35,1060.0,1057.9,1058.55,10018
1652942700,1058.2,1060.0,1056.2,1057.35,29178
1652943000,1057.9,1059.4,1057.35,1059.0,5040
1652943300,1058.4,1060.0,1057.25,1057.9,5501
1652943600,1057.9,1059.5,1056.0,1057.4,7700
1652943900,1057.4,1060.0,1057.25,1059.95,6635
1652944200,1059.35,1059.9,1057.4,1058.8,7205
1652944500,1058.15,1059.3,1055.8,1056.95,6408
1652944800,1056.4,1058.75,1056.0,1057.8,8891
1652945100,1057.3,1059.85,1057.3,1058.45,7013
1652945400,1058.45,1058.8,1054.4,1055.3,7307
1652945700,1054.85,1058.25,1054.65,1057.0,14149
1652946000,1056.4,1060.55,1055.75,1060.5,21604
1652946300,1060.5,1066.55,1060.15,1063.25,26899
1652946600,1062.8,1065.9,1061.25,1063.65,10149
1652946900,1063.65,1065.65,1060.2,1060.5,4984
1652947200,1060.65,1060.65,1056.05,1057.65,8436
1652947500,1057.3,1058.65,1056.85,1058.0,2913
1652947800,1058.0,1060.25,1058.0,1059.0,4660
1652948100,1058.7,1059.8,1056.3,1056.9,5632
1652948400,1056.9,1061.0,1055.75,1060.85,7629
1652948700,1060.85,1063.3,1058.75,1059.7,16211
1652949000,1059.9,1061.0,1058.95,1060.25,7156
1652949300,1060.25,1060.55,1057.75,1058.7,9224
1652949600,1058.7,1060.0,1055.7,1057.05,5295
1652949900,1056.6,1059.85,1055.7,1056.6,5922
1652950200,1056.6,1063.75,1056.55,1063.0,11261
1652950500,1062.95,1062.95,1059.0,1059.6,4855
1652950800,1059.6,1061.55,1058.65,1060.75,6781
1652951100,1060.7,1060.7,1058.6,1059.1,10071
1652951400,1058.65,1061.45,1058.0,1059.4,8494
1652951700,1059.65,1060.75,1056.55,1058.15,9714
1652952000,1058.65,1060.7,1058.0,1060.7,11071
1652952300,1059.85,1061.0,1055.0,1057.0,22800
1652952600,1057.65,1058.6,1055.0,1055.0,22215
1652952900,1055.2,1056.65,1055.05,1056.2,19935
1652953200,1056.2,1057.2,1054.0,1056.0,24296
1652953500,1056.0,1057.7,1055.8,1056.75,27155
1652953800,1056.75,1058.45,1055.3,1057.85,24579
1652954100,1058.0,1061.05,1056.1,1059.25,18799
1653018300,1081.0,1081.0,1061.35,1067.7,60683
1653018600,1067.25,1068.55,1062.0,1067.1,30322
1653018900,1067.1,1069.65,1065.15,1067.25,18345
1653019200,1067.3,1069.85,1067.05,1069.65,17955
1653019500,1069.4,1069.6,1066.8,1067.65,21220
1653019800,1067.7,1069.5,1067.7,1068.85,8727
1653020100,1069.1,1073.4,1068.75,1071.2,11504
1653020400,1071.2,1072.5,1070.9,1071.7,10046
1653020700,1071.75,1071.9,1070.25,1070.35,9769
1653021000,1070.45,1072.5,1070.25,1072.5,10537
1653021300,1072.55,1073.2,1071.65,1072.9,7863
1653021600,1072.9,1075.0,1072.8,1075.0,11466
1653021900,1075.0,1076.2,1073.2,1073.5,10268
1653022200,1073.6,1074.5,1073.3,1074.45,9197
1653022500,1074.25,1075.8,1073.55,1075.5,8113
1653022800,1075.5,1075.5,1074.4,1074.75,8577
1653023100,1074.7,1076.0,1073.6,1073.85,6010
1653023400,1073.9,1075.05,1072.9,1073.05,10861
1653023700,1072.95,1074.45,1071.3,1072.55,6678
1653024000,1072.5,1073.5,1071.75,1072.1,9128
1653024300,1072.0,1075.0,1072.0,1074.1,7423
1653024600,1074.05,1074.85,1073.3,1073.65,10099
1653024900,1073.65,1074.95,1072.5,1074.5,9747
1653025200,1074.5,1075.3,1071.0,1072.25,10785
1653025500,1071.85,1073.3,1071.6,1073.3,4248
1653025800,1073.4,1073.4,1070.45,1072.1,11967
1653026100,1072.35,1073.7,1071.15,1072.2,4774
1653026400,1072.1,1076.95,1071.9,1074.9,14044
1653026700,1074.9,1076.3,1074.35,1076.05,7548
1653027000,1075.9,1076.45,1074.45,1075.65,6575
1653027300,1075.65,1075.75,1073.75,1073.75,5492
1653027600,1073.75,1075.65,1073.15,1073.55,5543
1653027900,1073.6,1075.0,1072.6,1073.2,6036
1653028200,1073.2,1074.6,1072.45,1073.2,5712
1653028500,1073.0,1074.7,1072.4,1072.5,6771
1653028800,1072.45,1076.25,1072.35,1076.0,10818
1653029100,1075.95,1076.95,1074.75,1076.85,14838
1653029400,1076.65,1079.0,1074.75,1075.55,21586
1653029700,1075.5,1077.1,1074.95,1076.8,7986
1653030000,1076.8,1076.8,1074.0,1075.2,12176
1653030300,1074.85,1079.5,1074.05,1079.35,20238
1653030600,1079.35,1080.4,1077.85,1080.0,9606
1653030900,1080.0,1083.5,1079.4,1082.05,16478
1653031200,1081.8,1082.0,1079.15,1080.95,10202
1653031500,1080.9,1082.0,1079.1,1081.5,11053
1653031800,1081.2,1082.0,1080.45,1080.9,11467
1653032100,1080.9,1083.2,1080.85,1080.9,9445
1653032400,1080.9,1081.4,1078.7,1078.7,12255
1653032700,1078.6,1080.05,1078.0,1078.0,7895
1653033000,1077.9,1080.95,1077.6,1080.1,12346
1653033300,1080.1,1080.7,1077.5,1079.1,7988
1653033600,1079.1,1079.5,1077.0,1077.1,8285
1653033900,1077.25,1078.5,1076.5,1076.6,9923
1653034200,1076.6,1077.85,1075.0,1075.0,10827
1653034500,1075.0,1077.3,1074.0,1075.85,10437
1653034800,1075.85,1075.9,1074.0,1074.8,7860
1653035100,1074.85,1076.0,1074.05,1075.2,10240
1653035400,1075.5,1076.2,1074.3,1074.65,11710
1653035700,1074.65,1076.9,1074.0,1074.05,13879
1653036000,1074.05,1075.95,1074.05,1075.4,9557
1653036300,1075.4,1077.6,1073.25,1074.1,14461
1653036600,1074.1,1074.1,1068.8,1068.8,16400
1653036900,1069.7,1071.0,1068.0,1070.1,10939
1653037200,1070.1,1071.55,1070.0,1071.0,9480
1653037500,1071.0,1071.8,1070.0,1070.35,8371
1653037800,1070.2,1073.15,1070.15,1073.15,10213
1653038100,1073.15,1075.0,1071.7,1072.6,10735
1653038400,1072.85,1074.5,1071.0,1073.75,9590
1653038700,1074.1,1076.7,1073.35,1073.7,11545
1653039000,1073.7,1074.6,1071.9,1072.3,23174
1653039300,1072.5,1073.0,1070.05,1070.15,20427
1653039600,1070.25,1072.5,1070.0,1071.3,26457
1653039900,1071.75,1071.75,1070.0,1070.7,22036
1653040200,1070.75,1072.4,1070.05,1071.25,31948
1653040500,1071.25,1071.65,1070.0,1070.5,21368
1653277500,1062.0,1084.75,1062.0,1080.05,36487
1653277800,1079.35,1089.0,1075.75,1083.7,28503
1653278100,1083.7,1088.6,1081.1,1087.5,19121
1653278400,1087.5,1088.3,1085.25,1086.75,14402
1653278700,1086.75,1086.85,1083.0,1085.7,12581
1653279000,1085.8,1086.5,1084.2,1085.35,6376
1653279300,1085.35,1087.0,1083.8,1086.3,9260
1653279600,1086.3,1087.55,1084.5,1087.0,4984
1653279900,1086.65,1086.65,1080.0,1082.2,13222
1653280200,1082.0,1082.0,1078.15,1079.3,10481
1653280500,1079.7,1079.95,1077.2,1077.6,5955
1653280800,1077.4,1081.4,1076.0,1080.3,7461
1653281100,1080.3,1080.6,1077.2,1080.55,5377
1653281400,1080.55,1080.55,1077.5,1078.4,4333
1653281700,1078.4,1080.1,1077.65,1078.05,2417
1653282000,1078.05,1078.95,1076.1,1076.4,7659
1653282300,1077.1,1077.35,1072.85,1075.6,9650
1653282600,1075.6,1077.0,1074.6,1076.6,3864
1653282900,1076.6,1079.4,1076.6,1079.0,4219
1653283200,1079.0,1080.0,1077.65,1077.7,1933
1653283500,1077.7,1080.45,1077.0,1078.4,3566
1653283800,1078.4,1080.0,1077.0,1077.2,2109
1653284100,1077.2,1079.8,1076.2,1079.35,2920
1653284400,1079.35,1080.0,1078.25,1078.75,1731
1653284700,1078.75,1081.3,1078.75,1081.3,1716
1653285000,1082.95,1083.9,1081.75,1083.1,3382
1653285300,1083.1,1083.9,1082.15,1082.4,2705
1653285600,1082.6,1083.9,1082.0,1083.15,1411
1653285900,1083.35,1083.4,1082.05,1082.6,2119
1653286200,1082.6,1083.45,1081.1,1081.1,3771
1653286500,1081.1,1085.0,1080.0,1084.4,6695
1653286800,1084.7,1086.0,1084.1,1086.0,4235
1653287100,1086.0,1087.0,1085.45,1086.4,7931
1653287400,1086.4,1087.8,1085.75,1085.8,4386
1653287700,1085.8,1086.45,1083.7,1084.35,3062
1653288000,1084.35,1085.05,1082.75,1084.8,2227
1653288300,1084.8,1085.8,1084.1,1084.5,1347
1653288600,1084.95,1087.7,1084.25,1086.7,3326
1653288900,1086.65,1087.0,1084.5,1085.0,2196
1653289200,1085.3,1085.65,1083.7,1083.9,2038
1653289500,1083.9,1084.0,1081.25,1083.95,3739
1653289800,1083.95,1084.5,1080.35,1080.95,2299
1653290100,1080.95,1081.95,1080.0,1081.4,1744
1653290400,1081.0,1081.6,1080.0,1081.1,4427
1653290700,1081.1,1083.9,1081.0,1082.25,2570
1653291000,1082.25,1084.6,1082.0,1084.45,2123
1653291300,1084.45,1084.45,1082.0,1082.15,1580
1653291600,1082.15,1083.25,1080.0,1080.65,1805
1653291900,1080.65,1081.1,1078.65,1081.1,8385
1653292200,1080.5,1082.5,1080.05,1082.45,1827
1653292500,1082.45,1084.5,1082.05,1083.45,3233
1653292800,1083.4,1086.45,1082.3,1083.65,6228
1653293100,1083.65,1085.0,1081.8,1084.05,2902
1653293400,1084.05,1084.8,1082.2,1084.5,3901
1653293700,1084.5,1091.65,1084.0,1090.8,25928
1653294000,1090.7,1091.9,1088.35,1091.1,29108
1653294300,1091.55,1091.9,1088.8,1089.8,5275
1653294600,1089.95,1089.95,1086.15,1086.75,8767
1653294900,1086.3,1086.3,1083.1,1084.2,8226
1653295200,1085.0,1086.35,1083.4,1084.2,4109
1653295500,1083.4,1083.4,1080.0,1080.0,9046
1653295800,1080.0,1081.45,1080.0,1081.0,3041
1653296100,1081.0,1081.9,1080.0,1081.9,7951
1653296400,1081.6,1082.7,1079.55,1079.55,8641
1653296700,1079.55,1081.8,1079.55,1081.45,4451
1653297000,1081.6,1083.7,1081.35,1082.05,4227
1653297300,1082.45,1083.65,1080.95,1082.65,3921
1653297600,1082.75,1083.9,1082.15,1083.55,1794
1653297900,1083.55,1083.8,1081.35,1082.35,4042
1653298200,1082.35,1083.05,1074.2,1077.3,35984
1653298500,1078.2,1078.4,1075.95,1077.05,17832
1653298800,1077.0,1077.05,1072.5,1072.55,17953
1653299100,1072.3,1074.0,1071.5,1073.0,21287
1653299400,1072.8,1080.1,1072.45,1080.05,42003
1653299700,1080.05,1080.9,1074.0,1075.25,37308
1653363900,1072.75,1083.6,1070.15,1080.3,17099
1653364200,1080.3,1082.8,1079.1,1079.1,11696
1653364500,1079.1,1079.75,1073.25,1073.7,17836
1653364800,1074.25,1077.3,1070.8,1074.25,12492
1653365100,1074.25,1074.9,1069.8,1070.7,6749
1653365400,1070.7,1071.5,1067.0,1067.0,10076
1653365700,1067.0,1070.35,1066.05,1069.35,12828
1653366000,1069.35,1069.9,1068.15,1069.05,2579
1653366300,1069.05,1071.85,1067.05,1067.05,5564
1653366600,1067.05,1069.75,1067.0,1069.25,4851
1653366900,1069.7,1072.3,1069.25,1070.0,9838
1653367200,1070.0,1070.9,1068.5,1069.1,4291
1653367500,1069.1,1069.1,1067.25,1067.5,2416
1653367800,1067.5,1069.9,1067.25,1067.9,3093
1653368100,1067.6,1068.95,1065.35,1066.35,10173
1653368400,1066.35,1068.0,1066.0,1066.7,2013
1653368700,1066.2,1070.0,1066.05,1067.4,3825
1653369000,1068.0,1068.95,1067.0,1067.7,3317
1653369300,1067.7,1068.0,1067.2,1068.0,2824
1653369600,1068.0,1068.0,1066.25,1067.0,2800
1653369900,1067.0,1067.9,1066.6,1067.6,2427
1653370200,1067.6,1067.6,1065.5,1065.5,2542
1653370500,1065.5,1066.3,1065.1,1065.2,5010
1653370800,1065.65,1065.65,1062.65,1063.6,8097
1653371100,1063.6,1065.0,1061.75,1065.0,13277
1653371400,1065.05,1067.95,1062.4,1063.1,18512
1653371700,1063.35,1063.35,1060.95,1062.3,4180
1653372000,1062.3,1063.1,1061.05,1062.0,4858
1653372300,1062.1,1063.65,1061.0,1062.55,8083
1653372600,1062.55,1065.15,1062.5,1065.15,13167
1653372900,1066.4,1067.4,1063.7,1063.7,6230
1653373200,1062.45,1062.95,1061.65,1062.55,3307
1653373500,1062.55,1063.2,1061.7,1061.95,4919
1653373800,1061.8,1061.95,1059.35,1059.35,7609
1653374100,1059.35,1060.4,1058.1,1059.0,6172
1653374400,1059.25,1060.3,1057.25,1060.3,5785
1653374700,1060.3,1064.25,1060.05,1062.5,12288
1653375000,1062.5,1064.75,1062.5,1063.65,7483
1653375300,1063.75,1067.8,1063.35,1063.5,9968
1653375600,1063.5,1066.75,1063.5,1066.05,4299
1653375900,1066.05,1067.15,1064.0,1064.3,4285
1653376200,1065.0,1066.45,1064.1,1065.5,3463
1653376500,1065.5,1067.45,1064.55,1066.5,2737
1653376800,1066.5,1069.0,1066.5,1068.35,4651
1653377100,1068.65,1071.35,1068.65,1070.5,15225
1653377400,1070.2,1072.35,1070.0,1070.0,6418
1653377700,1070.05,1071.05,1067.8,1071.05,34980
1653378000,1070.8,1071.55,1070.0,1070.6,12507
1653378300,1070.6,1072.0,1068.05,1068.05,19339
1653378600,1068.6,1068.6,1065.35,1065.75,4811
1653378900,1065.75,1067.1,1065.35,1066.2,10065
1653379200,1066.2,1069.0,1066.1,1068.85,7596
1653379500,1068.85,1072.9,1068.15,1072.05,9922
1653379800,1072.15,1072.95,1071.0,1072.35,13267
1653380100,1072.35,1073.55,1071.0,1072.75,36949
1653380400,1072.8,1073.6,1071.65,1073.0,17502
1653380700,1073.7,1073.7,1072.3,1073.3,10170
1653381000,1073.3,1075.2,1072.45,1074.6,20972
1653381300,1074.6,1075.5,1073.95,1075.05,16722
1653381600,1075.35,1076.0,1075.0,1075.2,4172
1653381900,1075.0,1076.4,1074.5,1074.5,13503
1653382200,1074.5,1075.35,1068.55,1070.3,40148
1653382500,1069.9,1072.85,1068.35,1070.95,27908
1653382800,1070.95,1074.0,1069.3,1073.4,14976
1653383100,1073.4,1073.95,1070.15,1071.1,25695
1653383400,1071.1,1073.15,1070.75,1072.95,12265
1653383700,1073.0,1073.0,1069.4,1071.15,12647
1653384000,1071.15,1071.8,1068.65,1071.55,10384
1653384300,1071.45,1074.65,1071.45,1072.05,16571
1653384600,1073.1,1073.95,1071.3,1073.95,22343
1653384900,1074.5,1074.5,1069.95,1070.7,19279
1653385200,1070.8,1072.8,1070.3,1072.6,16612
1653385500,1072.6,1074.4,1071.8,1072.95,20998
1653385800,1073.4,1077.0,1073.4,1075.35,25950
1653386100,1075.35,1077.3,1073.15,1077.0,16935
1653450300,1078.0,1104.15,1078.0,1097.2,121828
1653450600,1098.5,1107.6,1096.3,1106.25,86351
1653450900,1106.1,1106.35,1098.85,1100.1,71523
1653451200,1100.15,1104.0,1094.5,1103.4,63225
1653451500,1103.8,1112.0,1103.0,1109.35,147144
1653451800,1110.0,1110.95,1105.7,1107.65,70190
1653452100,1108.0,1109.1,1104.5,1109.0,57534
1653452400,1108.2,1108.8,1101.65,1102.0,42051
1653452700,1101.95,1102.7,1098.55,1101.0,47279
1653453000,1100.95,1101.95,1099.1,1100.8,18622
1653453300,1100.8,1106.3,1100.15,1103.65,24822
1653453600,1103.7,1106.0,1103.5,1105.8,18644
1653453900,1105.8,1110.5,1105.7,1109.55,91333
1653454200,1109.0,1110.25,1108.05,1108.45,34107
1653454500,1108.45,1109.85,1107.9,1108.7,38161
1653454800,1109.0,1109.7,1108.0,1109.25,24028
1653455100,1109.5,1109.9,1108.05,1109.2,26078
1653455400,1109.2,1111.6,1108.0,1111.6,45850
1653455700,1111.0,1112.0,1110.35,1111.95,42147
1653456000,1111.9,1114.2,1111.6,1114.15,66753
1653456300,1114.15,1114.25,1110.05,1111.0,33234
1653456600,1110.9,1114.9,1110.0,1113.95,48275
1653456900,1113.85,1114.5,1113.0,1113.95,25496
1653457200,1113.9,1116.0,1113.65,1115.6,44134
1653457500,1115.55,1116.0,1114.45,1114.9,42192
1653457800,1115.1,1115.4,1110.8,1111.55,56719
1653458100,1111.95,1112.5,1110.0,1111.15,49512
1653458400,1111.15,1112.8,1111.15,1112.0,72348
1653458700,1111.95,1113.9,1110.0,1113.3,354403
1653459000,1113.3,1114.65,1113.0,1113.9,21081
1653459300,1114.0,1114.05,1110.0,1110.0,23384
1653459600,1110.55,1111.9,1110.0,1111.1,17162
1653459900,1111.1,1111.85,1110.1,1110.95,11170
1653460200,1110.95,1111.0,1107.95,1108.2,27157
1653460500,1108.0,1112.0,1108.0,1111.4,17276
1653460800,1111.4,1112.6,1111.0,1112.0,10207
1653461100,1112.0,1114.7,1112.0,1113.5,22987
1653461400,1113.55,1115.4,1112.6,1113.55,54980
1653461700,1114.05,1114.2,1112.9,1113.3,21755
1653462000,1113.3,1114.85,1112.0,1112.65,83311
1653462300,1112.65,1112.65,1109.2,1111.0,74491
1653462600,1111.0,1111.45,1106.05,1109.2,74397
1653462900,1110.05,1110.9,1107.0,1110.1,19247
1653463200,1110.05,1110.7,1109.0,1110.7,11341
1653463500,1110.7,1112.0,1110.1,1110.55,11420
1653463800,1110.15,1110.7,1106.5,1108.25,46962
1653464100,1108.25,1108.25,1104.2,1105.0,52859
1653464400,1105.0,1105.0,1099.15,1103.35,105887
1653464700,1103.7,1104.7,1100.75,1103.1,23484
1653465000,1102.4,1106.4,1102.05,1106.25,25869
1653465300,1105.6,1106.3,1104.5,1105.6,14165
1653465600,1105.55,1107.0,1103.8,1105.65,26131
1653465900,1106.6,1106.6,1103.4,1104.9,15014
1653466200,1104.85,1105.2,1102.0,1105.1,13499
1653466500,1105.1,1107.9,1101.0,1101.3,23367
1653466800,1101.3,1103.35,1097.65,1099.8,34576
1653467100,1100.5,1101.65,1099.25,1100.1,25659
1653467400,1100.1,1100.7,1098.0,1100.0,27369
1653467700,1099.9,1100.05,1098.8,1099.45,11856
1653468000,1099.45,1100.8,1099.0,1099.9,30116
1653468300,1099.9,1100.2,1099.1,1100.2,16808
1653468600,1099.9,1100.0,1097.15,1098.0,15049
1653468900,1098.25,1098.9,1096.15,1098.8,14602
1653469200,1098.95,1100.15,1098.4,1100.0,24837
1653469500,1099.95,1100.0,1098.65,1099.0,10105
1653469800,1099.7,1100.0,1099.0,1099.8,6746
1653470100,1099.6,1099.75,1098.6,1099.25,9421
1653470400,1099.25,1099.35,1098.8,1099.0,8796
1653470700,1098.95,1099.5,1096.95,1098.9,13884
1653471000,1098.7,1098.95,1096.0,1096.9,23473
1653471300,1097.75,1098.0,1096.1,1096.15,18688
1653471600,1096.2,1097.1,1094.5,1096.0,42510
1653471900,1096.1,1096.7,1094.55,1096.4,51753
1653472200,1096.45,1096.95,1095.25,1096.0,51806
1653472500,1095.85,1096.5,1093.65,1094.05,34053
1653536700,1097.0,1102.6,1096.0,1097.05,40881
1653537000,1096.95,1097.65,1091.2,1097.2,36692
1653537300,1096.65,1098.35,1095.1,1096.55,13656
1653537600,1096.55,1098.2,1094.15,1098.2,11701
1653537900,1097.55,1099.0,1094.0,1094.15,11577
1653538200,1094.1,1096.25,1093.05,1094.15,17227
1653538500,1094.15,1095.5,1093.55,1095.2,7729
1653538800,1095.2,1097.4,1094.9,1095.65,12494
1653539100,1096.25,1097.1,1094.2,1094.6,10689
1653539400,1094.5,1095.85,1094.2,1095.15,5334
1653539700,1095.15,1097.75,1095.15,1096.8,7955
1653540000,1096.7,1099.05,1095.85,1099.05,7937
1653540300,1099.0,1103.4,1099.0,1102.1,52446
1653540600,1102.4,1104.95,1101.65,1102.45,23792
1653540900,1102.45,1102.45,1096.2,1096.8,21608
1653541200,1097.0,1097.0,1094.5,1095.5,15363
1653541500,1095.5,1095.75,1093.6,1094.5,7697
1653541800,1094.5,1095.5,1093.75,1093.75,7149
1653542100,1093.75,1094.35,1088.55,1089.25,23180
1653542400,1089.25,1091.95,1087.7,1087.95,11921
1653542700,1087.95,1088.85,1085.5,1088.25,16238
1653543000,1088.25,1088.65,1084.55,1084.55,11970
1653543300,1084.45,1085.2,1081.25,1081.7,32992
1653543600,1081.65,1082.05,1079.0,1079.85,16553
1653543900,1079.55,1081.75,1079.5,1080.45,12166
1653544200,1080.45,1081.95,1079.9,1080.2,11558
1653544500,1080.3,1080.8,1079.8,1080.05,4358
1653544800,1080.05,1080.6,1079.1,1080.0,9609
1653545100,1080.0,1080.15,1077.7,1079.1,11548
1653545400,1079.1,1080.6,1078.3,1079.6,7744
1653545700,1079.2,1080.95,1079.2,1080.15,7448
1653546000,1080.15,1080.9,1079.3,1080.1,10056
1653546300,1079.5,1082.7,1078.1,1078.55,13358
1653546600,1078.55,1080.95,1078.35,1079.85,6138
1653546900,1079.85,1081.1,1077.2,1079.7,17693
1653547200,1079.7,1081.2,1078.3,1079.8,5768
1653547500,1079.75,1082.1,1079.15,1079.65,8681
1653547800,1079.65,1081.25,1077.55,1077.95,8797
1653548100,1077.9,1078.95,1073.4,1075.25,19425
1653548400,1075.25,1076.35,1075.0,1075.2,4994
1653548700,1075.2,1078.0,1075.05,1077.25,4544
1653549000,1077.55,1080.1,1076.25,1079.3,14118
1653549300,1079.3,1080.1,1077.5,1079.55,15359
1653549600,1079.75,1083.85,1079.75,1083.1,11726
1653549900,1083.1,1083.5,1081.35,1081.9,4634
1653550200,1081.9,1089.85,1081.9,1088.55,24404
1653550500,1089.5,1093.8,1087.7,1091.2,19152
1653550800,1091.2,1093.1,1089.65,1093.1,6671
1653551100,1093.15,1098.0,1093.0,1097.55,22250
1653551400,1097.55,1100.0,1096.4,1099.05,39801
1653551700,1099.0,1100.45,1096.7,1099.9,15262
1653552000,1099.9,1101.9,1099.8,1101.0,6567
1653552300,1101.0,1104.35,1101.0,1103.0,6849
1653552600,1102.65,1104.35,1102.6,1103.4,7985
1653552900,1103.4,1106.7,1103.0,1105.4,25866
1653553200,1106.0,1108.0,1105.0,1107.45,14799
1653553500,1107.45,1107.6,1099.9,1103.0,13203
1653553800,1103.35,1106.0,1102.3,1105.5,12059
1653554100,1105.5,1107.0,1103.15,1106.6,16487
1653554400,1106.6,1106.75,1105.0,1105.45,11928
1653554700,1105.5,1106.9,1105.0,1106.4,25211
1653555000,1106.55,1109.0,1106.45,1107.0,18665
1653555300,1107.0,1109.0,1107.0,1108.0,19618
1653555600,1108.0,1108.35,1102.2,1104.0,20089
1653555900,1104.0,1104.3,1098.7,1103.0,17879
1653556200,1103.0,1104.2,1102.55,1103.7,14679
1653556500,1103.7,1105.95,1103.65,1104.35,14172
1653556800,1104.65,1105.35,1103.85,1104.35,13776
1653557100,1104.35,1104.9,1100.8,1104.2,18309
1653557400,1102.9,1103.9,1101.0,1103.4,23136
1653557700,1102.3,1103.55,1100.0,1102.8,19388
1653558000,1102.8,1106.1,1102.75,1106.1,22128
1653558300,1106.0,1109.65,1105.45,1105.5,28304
1653558600,1105.35,1109.6,1104.65,1107.8,23984
1653558900,1108.0,1109.8,1103.65,1106.6,18816
1653623100,1115.0,1119.45,1102.85,1110.25,34626
1653623400,1110.4,1117.85,1110.4,1117.85,13021
1653623700,1117.85,1119.0,1115.35,1115.85,14486
1653624000,1114.4,1115.3,1112.6,1113.0,15711
1653624300,1113.0,1114.3,1111.0,1113.9,7254
1653624600,1113.9,1117.95,1113.45,1116.0,6314
1653624900,1115.95,1116.6,1114.4,1116.6,10788
1653625200,1116.6,1118.15,1115.75,1117.0,11593
1653625500,1117.0,1117.5,1114.5,1117.05,9943
1653625800,1117.05,1117.05,1107.9,1108.75,19612
1653626100,1108.7,1111.25,1107.1,1110.05,5570
1653626400,1110.05,1114.05,1109.1,1113.0,6287
1653626700,1113.0,1113.0,1106.0,1108.3,5137
1653627000,1108.3,1111.45,1108.0,1110.25,2738
1653627300,1109.6,1111.45,1109.2,1109.85,2118
1653627600,1109.8,1113.75,1108.15,1113.75,7266
1653627900,1113.45,1118.95,1111.95,1117.2,13220
1653628200,1117.35,1121.15,1116.9,1120.8,18616
1653628500,1120.8,1123.8,1119.95,1123.0,23227
1653628800,1123.0,1127.95,1122.2,1125.6,40302
1653629100,1125.75,1126.0,1121.75,1123.35,11493
1653629400,1123.35,1125.1,1122.35,1124.0,10150
1653629700,1124.0,1124.35,1122.6,1123.0,5378
1653630000,1123.0,1124.0,1122.05,1122.6,3977
1653630300,1122.6,1123.0,1120.15,1122.0,8600
1653630600,1121.95,1123.5,1121.55,1122.2,4670
1653630900,1122.2,1125.65,1121.0,1121.9,25838
1653631200,1121.9,1123.35,1120.0,1120.6,8622
1653631500,1120.6,1122.05,1119.8,1120.2,7755
1653631800,1120.2,1122.0,1119.15,1120.65,9538
1653632100,1120.65,1123.95,1120.65,1121.95,8488
1653632400,1122.3,1122.4,1121.0,1121.5,2956
1653632700,1121.5,1123.75,1120.65,1122.55,4864
1653633000,1122.55,1123.3,1121.5,1122.35,2045
1653633300,1122.35,1124.0,1121.95,1123.75,4008
1653633600,1123.75,1124.3,1121.55,1123.95,12944
1653633900,1123.95,1129.4,1122.7,1129.0,12545
1653634200,1129.0,1129.15,1125.75,1125.75,7712
1653634500,1126.4,1126.95,1123.35,1123.75,12827
1653634800,1123.75,1126.0,1123.6,1123.95,7321
1653635100,1123.95,1125.15,1122.95,1123.9,3335
1653635400,1123.9,1124.0,1121.15,1121.55,4290
1653635700,1121.75,1121.95,1119.4,1120.5,15773
1653636000,1120.5,1121.95,1120.0,1121.95,4425
1653636300,1121.95,1124.0,1121.5,1122.0,3900
1653636600,1122.0,1123.65,1121.65,1122.65,4055
1653636900,1123.0,1123.0,1121.4,1122.25,5146
1653637200,1122.25,1123.0,1121.4,1122.55,2077
1653637500,1122.6,1123.7,1121.4,1122.7,3581
1653637800,1122.7,1125.25,1121.6,1124.3,6256
1653638100,1124.2,1125.0,1123.5,1125.0,4474
1653638400,1125.15,1126.85,1123.55,1126.2,9851
1653638700,1126.2,1127.0,1125.2,1126.8,3348
1653639000,1126.8,1126.8,1125.9,1126.5,5512
1653639300,1126.65,1126.8,1124.4,1126.6,4412
1653639600,1126.6,1126.8,1122.0,1125.75,7708
1653639900,1125.8,1127.65,1123.8,1126.45,10809
1653640200,1126.45,1127.0,1125.25,1125.9,4138
1653640500,1125.9,1126.95,1123.25,1124.25,4001
1653640800,1124.25,1124.25,1122.3,1123.05,6152
1653641100,1123.1,1123.6,1121.95,1122.0,3207
1653641400,1122.2,1122.8,1120.8,1122.35,4379
1653641700,1122.3,1123.4,1121.2,1121.75,4028
1653642000,1121.75,1122.85,1120.0,1120.65,4626
1653642300,1120.65,1122.0,1119.75,1119.75,4857
1653642600,1119.75,1122.3,1119.7,1120.85,3266
1653642900,1121.7,1124.4,1120.85,1124.2,11440
1653643200,1124.2,1124.2,1122.3,1123.6,5695
1653643500,1123.95,1123.95,1121.1,1121.55,24639
1653643800,1120.75,1122.0,1120.15,1121.95,8224
1653644100,1121.9,1122.0,1121.05,1121.75,4548
1653644400,1121.75,1122.55,1121.25,1121.7,12337
1653644700,1121.7,1122.5,1120.4,1120.6,13938
1653645000,1120.65,1121.9,1120.0,1120.65,12833
1653645300,1120.5,1122.0,1120.0,1120.0,15773
1653882300,1125.4,1128.0,1118.85,1125.5,25937
1653882600,1125.65,1132.85,1125.35,1132.7,15635
1653882900,1132.15,1135.95,1132.1,1133.9,26143
1653883200,1133.95,1135.05,1132.5,1133.4,10630
1653883500,1133.4,1136.95,1132.9,1136.0,14401
1653883800,1135.95,1137.5,1132.6,1133.0,12588
1653884100,1133.0,1135.5,1132.2,1133.05,5753
1653884400,1133.15,1134.8,1133.05,1134.4,2390
1653884700,1134.7,1134.9,1133.5,1134.0,4605
1653885000,1133.85,1134.75,1133.35,1133.95,2548
1653885300,1134.6,1134.75,1133.95,1134.0,1480
1653885600,1134.6,1135.0,1133.9,1134.95,1397
1653885900,1134.95,1135.35,1132.35,1133.55,12999
1653886200,1133.55,1133.95,1131.1,1131.6,6682
1653886500,1131.6,1134.9,1131.55,1133.6,4518
1653886800,1133.6,1134.1,1131.55,1131.55,4417
1653887100,1131.55,1131.55,1129.0,1130.4,7126
1653887400,1130.35,1131.35,1130.35,1130.75,1387
1653887700,1130.75,1132.0,1130.75,1131.9,1777
1653888000,1131.9,1133.55,1131.9,1132.2,3855
1653888300,1132.2,1132.25,1131.05,1131.7,1376
1653888600,1131.7,1131.9,1129.05,1129.75,2831
1653888900,1129.75,1130.4,1129.15,1129.5,1876
1653889200,1130.0,1135.2,1130.0,1135.2,8384
1653889500,1135.4,1137.0,1133.9,1136.75,8956
1653889800,1136.1,1136.65,1134.2,1135.0,2534
1653890100,1135.0,1136.55,1134.05,1135.15,3086
1653890400,1135.0,1135.7,1134.35,1135.25,1708
1653890700,1135.0,1136.0,1135.0,1135.0,4618
1653891000,1135.0,1136.75,1135.0,1135.55,3914
1653891300,1135.55,1136.25,1134.5,1135.0,2387
1653891600,1135.0,1136.65,1135.0,1136.15,2449
1653891900,1136.15,1136.8,1134.9,1135.0,21604
1653892200,1135.0,1139.0,1135.0,1138.0,9889
1653892500,1138.0,1138.15,1136.25,1136.85,3172
1653892800,1137.1,1138.0,1136.3,1137.65,2855
1653893100,1137.65,1138.0,1136.65,1137.45,7689
1653893400,1137.65,1137.95,1136.85,1137.8,3050
1653893700,1137.75,1138.0,1136.6,1137.0,5252
1653894000,1136.85,1137.6,1136.85,1137.2,2085
1653894300,1137.0,1138.0,1136.5,1138.0,2317
1653894600,1138.0,1140.0,1137.9,1139.95,17070
1653894900,1139.95,1140.0,1138.45,1138.95,4134
1653895200,1138.9,1140.0,1138.15,1139.0,5917
1653895500,1139.0,1140.0,1138.0,1139.55,3134
1653895800,1139.6,1140.0,1137.7,1139.65,5050
1653896100,1139.35,1140.0,1138.8,1140.0,3071
1653896400,1139.95,1140.0,1138.45,1139.35,6007
1653896700,1139.35,1139.85,1138.1,1139.85,3678
1653897000,1139.95,1143.25,1138.65,1143.25,14418
1653897300,1143.35,1144.6,1142.5,1143.6,10211
1653897600,1143.6,1144.8,1142.15,1143.05,8197
1653897900,1143.1,1144.4,1142.35,1143.3,3990
1653898200,1143.75,1144.0,1142.2,1143.0,2060
1653898500,1142.95,1143.9,1141.9,1143.9,2864
1653898800,1144.0,1145.0,1143.0,1144.95,6361
1653899100,1144.95,1147.0,1144.95,1145.3,12018
1653899400,1145.3,1146.15,1144.45,1145.45,4104
1653899700,1145.5,1145.9,1144.65,1145.8,2978
1653900000,1145.15,1145.95,1143.6,1144.0,6286
1653900300,1144.0,1145.8,1143.0,1145.1,6354
1653900600,1145.4,1145.75,1144.0,1144.3,2731
1653900900,1144.0,1145.6,1144.0,1144.65,2868
1653901200,1144.65,1145.75,1143.0,1144.0,5611
1653901500,1143.45,1144.25,1142.5,1143.05,4960
1653901800,1143.35,1144.0,1142.75,1143.6,3876
1653902100,1143.25,1146.95,1143.0,1146.4,5644
1653902400,1146.4,1146.95,1145.0,1146.2,3292
1653902700,1146.15,1147.0,1145.0,1145.75,11421
1653903000,1146.1,1150.0,1144.75,1149.55,27221
1653903300,1149.9,1150.0,1147.25,1149.25,15125
1653903600,1149.6,1149.95,1147.7,1149.95,22424
1653903900,1150.0,1150.0,1146.05,1148.1,39811
1653904200,1148.0,1148.4,1146.5,1148.05,21258
1653904500,1148.05,1149.95,1145.05,1147.0,16048
1653968700,1154.0,1157.9,1142.0,1142.5,91065
1653969000,1142.4,1146.65,1139.6,1143.6,47226
1653969300,1143.4,1147.4,1142.5,1145.0,29604
1653969600,1144.25,1144.25,1141.0,1142.25,13558
1653969900,1142.25,1145.5,1142.25,1144.45,13510
1653970200,1144.35,1148.7,1143.1,1147.7,18868
1653970500,1147.7,1148.55,1146.1,1147.4,8273
1653970800,1147.4,1147.5,1142.6,1144.1,12549
1653971100,1144.1,1146.8,1143.8,1146.45,8807
1653971400,1146.55,1151.4,1146.1,1151.4,13041
1653971700,1151.4,1155.0,1150.8,1152.0,23888
1653972000,1152.0,1153.65,1150.05,1151.5,9891
1653972300,1151.5,1151.9,1149.5,1150.05,15822
1653972600,1150.55,1152.25,1150.0,1150.6,7010
1653972900,1150.6,1153.0,1149.2,1153.0,9301
1653973200,1152.55,1152.6,1148.2,1150.85,12840
1653973500,1150.45,1151.0,1148.5,1149.6,6871
1653973800,1149.75,1150.7,1148.5,1149.75,9955
1653974100,1149.75,1149.8,1148.0,1148.25,3366
1653974400,1148.25,1148.6,1146.4,1146.95,7152
1653974700,1147.0,1148.8,1146.85,1147.05,7565
1653975000,1147.0,1151.3,1147.0,1151.3,8815
1653975300,1151.5,1151.85,1149.4,1150.75,7611
1653975600,1150.85,1152.9,1150.35,1152.05,9315
1653975900,1152.05,1154.7,1152.05,1153.3,11389
1653976200,1153.0,1155.0,1152.4,1153.1,8497
1653976500,1153.1,1154.9,1153.1,1154.75,5448
1653976800,1154.65,1156.75,1153.85,1156.1,35845
1653977100,1156.4,1156.4,1154.0,1154.35,21229
1653977400,1154.35,1154.35,1152.25,1152.35,15324
1653977700,1152.5,1154.0,1151.05,1152.9,14572
1653978000,1152.9,1154.5,1152.05,1154.0,13359
1653978300,1154.05,1157.7,1153.4,1157.65,21393
1653978600,1157.65,1159.85,1156.85,1158.7,21945
1653978900,1158.9,1160.0,1158.25,1160.0,24282
1653979200,1160.0,1161.5,1159.95,1160.6,19359
1653979500,1160.75,1162.0,1159.9,1161.25,26385
1653979800,1161.25,1162.5,1160.5,1161.3,17845
1653980100,1161.85,1164.25,1161.45,1164.05,19672
1653980400,1164.05,1164.4,1161.2,1161.85,18861
1653980700,1161.85,1162.9,1160.85,1161.85,15361
1653981000,1161.85,1163.2,1160.9,1162.1,19985
1653981300,1162.1,1165.0,1161.0,1165.0,36097
1653981600,1165.0,1169.35,1163.95,1169.0,76214
1653981900,1169.0,1169.7,1165.15,1167.45,26371
1653982200,1167.45,1167.45,1164.25,1164.25,22649
1653982500,1164.6,1166.75,1162.15,1162.75,17536
1653982800,1162.75,1164.6,1160.5,1162.55,24322
1653983100,1162.55,1164.8,1162.2,1162.75,20954
1653983400,1162.75,1164.7,1162.45,1164.5,15633
1653983700,1164.5,1165.2,1162.85,1164.7,22434
1653984000,1164.7,1168.4,1164.5,1167.95,15793
1653984300,1167.85,1169.85,1167.0,1169.8,22958
1653984600,1169.8,1170.0,1167.75,1168.9,41698
1653984900,1169.2,1172.95,1169.2,1170.25,52417
1653985200,1170.3,1170.9,1167.3,1168.35,20025
1653985500,1168.35,1170.0,1167.2,1169.5,22640
1653985800,1169.9,1172.7,1169.5,1172.35,17695
1653986100,1172.35,1174.0,1170.85,1173.7,26590
1653986400,1173.7,1175.0,1173.1,1173.1,32815
1653986700,1173.4,1173.9,1170.3,1173.9,30077
1653987000,1173.9,1174.95,1172.85,1172.9,23957
1653987300,1172.9,1173.8,1171.5,1173.1,18734
1653987600,1173.1,1175.0,1170.6,1174.95,45201
1653987900,1174.85,1175.0,1173.5,1173.5,30802
1653988200,1173.5,1178.3,1172.8,1176.4,58837
1653988500,1177.0,1180.9,1175.55,1177.5,64688
1653988800,1177.5,1178.35,1174.5,1175.4,16885
1653989100,1175.3,1176.95,1173.3,1173.75,14159
1653989400,1173.75,1175.8,1172.5,1174.6,200558
1653989700,1174.6,1174.8,1170.0,1174.05,179275
1653990000,1174.05,1176.45,1170.9,1173.2,234277
1653990300,1173.5,1175.0,1172.9,1174.85,202753
1653990600,1174.85,1175.0,1174.75,1174.75,159317
1653990900,1174.8,1177.95,1170.0,1170.15,126637
1654055100,1162.0,1174.65,1162.0,1172.7,27669
1654055400,1172.7,1174.8,1168.7,1168.75,16665
1654055700,1169.35,1171.5,1167.3,1168.6,11219
1654056000,1168.6,1173.25,1167.05,1171.4,14154
1654056300,1171.4,1173.8,1171.05,1172.4,10348
1654056600,1172.6,1172.6,1170.05,1170.8,4440
1654056900,1170.8,1171.25,1168.9,1171.25,6180
1654057200,1170.75,1176.0,1167.8,1169.05,15322
1654057500,1169.05,1170.35,1167.3,1168.1,13356
1654057800,1168.9,1172.65,1167.95,1170.55,9417
1654058100,1170.55,1174.4,1170.15,1172.6,6025
1654058400,1172.6,1175.55,1172.6,1173.15,7252
1654058700,1173.6,1175.0,1171.05,1171.65,5144
1654059000,1171.65,1172.2,1170.35,1171.2,3615
1654059300,1171.2,1171.85,1168.15,1168.85,4820
1654059600,1168.85,1169.25,1166.15,1167.25,11668
1654059900,1167.8,1169.6,1167.1,1169.1,5406
1654060200,1169.1,1169.5,1163.45,1164.95,10223
1654060500,1164.95,1164.95,1162.8,1163.3,7216
1654060800,1163.3,1164.2,1162.5,1163.3,6791
1654061100,1163.3,1165.55,1162.7,1162.7,7941
1654061400,1162.7,1164.0,1160.5,1160.5,11041
1654061700,1160.5,1161.3,1160.1,1160.45,4909
1654062000,1160.65,1160.65,1156.3,1156.7,23115
1654062300,1156.7,1158.0,1154.0,1155.0,7070
1654062600,1155.0,1158.0,1155.0,1157.0,5429
1654062900,1157.0,1159.45,1157.0,1159.1,4541
1654063200,1159.1,1161.95,1157.8,1160.55,8048
1654063500,1160.55,1161.0,1158.45,1159.75,4049
1654063800,1159.75,1161.8,1159.75,1160.6,5941
1654064100,1160.6,1161.4,1159.85,1161.25,5768
1654064400,1161.15,1161.45,1160.1,1160.7,3785
1654064700,1160.7,1161.1,1159.0,1159.4,7310
1654065000,1159.4,1160.0,1158.0,1158.9,3920
1654065300,1158.55,1160.45,1158.0,1158.05,11740
1654065600,1158.05,1158.05,1155.1,1155.8,6638
1654065900,1155.8,1156.0,1153.85,1155.7,7455
1654066200,1155.7,1156.45,1154.2,1156.3,3257
1654066500,1156.35,1157.7,1155.35,1155.55,4577
1654066800,1155.55,1157.0,1155.1,1156.7,3121
1654067100,1156.7,1156.7,1155.2,1156.2,4827
1654067400,1156.2,1156.6,1155.0,1155.65,5814
1654067700,1156.15,1157.4,1155.7,1156.15,4626
1654068000,1156.15,1157.65,1155.25,1156.8,8297
1654068300,1156.75,1159.95,1156.75,1159.65,7026
1654068600,1159.65,1161.0,1157.5,1160.6,37568
1654068900,1160.6,1162.0,1160.0,1160.0,5987
1654069200,1160.0,1161.0,1155.7,1155.7,10311
1654069500,1155.7,1156.25,1153.55,1154.55,5713
1654069800,1154.55,1154.8,1151.6,1152.1,6018
1654070100,1152.0,1153.9,1150.0,1150.4,7463
1654070400,1150.4,1151.0,1148.75,1149.35,13582
1654070700,1149.9,1152.4,1149.55,1150.9,5148
1654071000,1150.6,1150.7,1147.35,1147.9,10489
1654071300,1147.9,1150.35,1147.45,1147.7,4374
1654071600,1147.7,1149.2,1146.05,1148.3,9906
1654071900,1148.3,1149.1,1146.05,1148.1,5213
1654072200,1148.1,1149.0,1148.0,1148.9,3818
1654072500,1148.8,1150.0,1146.0,1146.4,6328
1654072800,1146.4,1146.75,1144.05,1146.2,5547
1654073100,1146.25,1147.95,1145.0,1147.35,4331
1654073400,1147.3,1149.4,1146.0,1149.0,6045
1654073700,1149.0,1149.95,1148.2,1149.45,4496
1654074000,1149.45,1149.5,1146.85,1149.4,9752
1654074300,1149.4,1151.0,1148.6,1148.7,5936
1654074600,1149.05,1149.25,1145.0,1146.4,7043
1654074900,1145.65,1148.2,1145.15,1146.9,13539
1654075200,1146.9,1148.5,1145.75,1148.5,3901
1654075500,1148.5,1148.6,1146.4,1146.4,3799
1654075800,1146.3,1153.55,1145.8,1152.7,22874
1654076100,1153.15,1153.6,1150.7,1153.4,13480
1654076400,1153.45,1154.6,1152.4,1154.15,18235
1654076700,1153.85,1154.95,1152.55,1152.95,26339
1654077000,1152.95,1154.85,1151.9,1153.85,22882
1654077300,1153.85,1156.85,1149.05,1150.05,14109
1654141500,1140.2,1144.95,1131.0,1132.85,86803
1654141800,1132.1,1135.75,1129.15,1135.5,32090
1654142100,1135.05,1137.05,1132.7,1135.6,19899
1654142400,1135.6,1136.5,1133.1,1134.05,13903
1654142700,1134.3,1135.5,1133.0,1133.25,12469
1654143000,1133.4,1133.4,1130.0,1130.4,12802
1654143300,1130.05,1132.45,1129.3,1130.5,13336
1654143600,1130.5,1132.45,1130.5,1131.05,7477
1654143900,1131.05,1132.8,1130.25,1130.25,6538
1654144200,1130.75,1131.25,1127.15,1128.55,15507
1654144500,1129.25,1129.7,1128.25,1129.05,5710
1654144800,1129.05,1129.7,1128.55,1128.7,6824
1654145100,1128.55,1128.7,1125.0,1125.5,13731
1654145400,1125.5,1126.7,1122.1,1123.6,19456
1654145700,1123.6,1126.2,1121.3,1125.0,14023
1654146000,1125.0,1129.7,1125.0,1129.3,10287
1654146300,1129.3,1130.15,1128.0,1129.4,5685
1654146600,1129.4,1129.8,1128.0,1128.1,7731
1654146900,1128.1,1129.15,1125.2,1126.05,3892
1654147200,1126.05,1126.2,1123.0,1125.4,6740
1654147500,1125.4,1128.9,1125.1,1128.9,6186
1654147800,1128.3,1129.8,1126.6,1127.45,6541
1654148100,1127.45,1128.5,1126.25,1126.85,4578
1654148400,1127.0,1129.7,1126.7,1128.5,4388
1654148700,1128.5,1129.7,1127.0,1127.6,3678
1654149000,1127.6,1127.9,1126.3,1127.85,5464
1654149300,1127.25,1128.95,1126.55,1128.85,2505
1654149600,1128.85,1129.7,1126.9,1128.5,5939
1654149900,1128.5,1130.45,1127.45,1130.25,5329
1654150200,1129.65,1130.7,1128.25,1128.35,6155
1654150500,1128.35,1128.6,1126.0,1127.65,4386
1654150800,1127.65,1127.9,1125.5,1126.35,4151
1654151100,1126.35,1127.65,1125.3,1126.2,5087
1654151400,1126.3,1126.3,1124.5,1125.35,3593
1654151700,1125.65,1126.7,1124.95,1125.35,3411
1654152000,1125.9,1126.45,1125.25,1126.15,2041
1654152300,1126.1,1126.8,1125.1,1126.7,5120
1654152600,1125.9,1128.8,1125.1,1127.55,6541
1654152900,1127.15,1128.35,1125.55,1127.2,33679
1654153200,1127.8,1129.0,1125.35,1129.0,32283
1654153500,1129.4,1135.0,1129.0,1134.15,74542
1654153800,1134.15,1136.0,1132.95,1134.7,16354
1654154100,1134.8,1138.55,1134.75,1138.2,19538
1654154400,1138.15,1140.45,1136.8,1139.2,11604
1654154700,1139.25,1141.45,1139.25,1140.55,36150
1654155000,1140.15,1141.4,1138.55,1139.9,11034
1654155300,1139.05,1140.0,1137.55,1139.95,7904
1654155600,1139.95,1140.0,1137.65,1138.25,8409
1654155900,1138.35,1138.8,1133.5,1134.35,24820
1654156200,1134.55,1137.25,1134.3,1136.45,8170
1654156500,1136.45,1136.65,1135.0,1136.5,5288
1654156800,1136.55,1138.75,1135.65,1138.75,8059
1654157100,1138.75,1138.75,1135.4,1135.9,5205
1654157400,1135.95,1139.7,1135.9,1138.75,5325
1654157700,1138.75,1140.0,1138.45,1139.5,7288
1654158000,1140.0,1140.0,1138.5,1138.85,6986
1654158300,1138.85,1140.0,1138.75,1139.4,6812
1654158600,1139.4,1142.0,1138.5,1141.2,15986
1654158900,1141.2,1141.5,1140.0,1141.05,9010
1654159200,1141.05,1142.75,1140.95,1142.5,12954
1654159500,1142.5,1147.0,1142.0,1146.1,22154
1654159800,1146.5,1147.65,1144.75,1145.6,15997
1654160100,1145.85,1148.0,1144.5,1144.85,16889
1654160400,1144.5,1144.85,1141.05,1142.25,7883
1654160700,1142.25,1145.0,1142.25,1144.95,7810
1654161000,1144.35,1144.95,1141.95,1143.45,4657
1654161300,1143.45,1143.95,1142.6,1143.1,3711
1654161600,1143.1,1144.1,1142.1,1144.0,5905
1654161900,1144.0,1146.2,1143.7,1145.0,5874
1654162200,1146.35,1146.35,1143.05,1143.9,13859
1654162500,1144.3,1144.3,1142.3,1143.55,13194
1654162800,1143.55,1145.75,1143.05,1143.85,10026
1654163100,1143.7,1145.95,1142.8,1144.05,20675
1654163400,1143.75,1145.45,1142.1,1143.1,23945
1654163700,1143.1,1144.95,1141.7,1144.0,8620
1654227900,1154.0,1155.0,1141.0,1141.75,49398
1654228200,1142.0,1151.1,1142.0,1150.7,33714
1654228500,1150.7,1150.7,1146.15,1146.35,10557
1654228800,1146.35,1148.05,1144.0,1148.05,19500
1654229100,1148.05,1151.25,1147.65,1150.1,22731
1654229400,1150.1,1154.45,1150.0,1154.3,12892
1654229700,1154.3,1157.0,1153.5,1155.6,24737
1654230000,1155.6,1157.9,1154.4,1157.15,15797
1654230300,1157.15,1159.95,1155.0,1158.0,15771
1654230600,1158.0,1159.0,1157.3,1157.65,8107
1654230900,1157.65,1159.35,1157.05,1158.9,7128
1654231200,1158.5,1159.0,1156.5,1156.8,8604
1654231500,1156.8,1158.0,1155.55,1155.9,7742
1654231800,1155.9,1156.95,1155.0,1156.05,7910
1654232100,1156.05,1158.0,1155.0,1158.0,9100
1654232400,1157.7,1159.9,1157.55,1159.1,8582
1654232700,1159.3,1161.85,1158.05,1159.4,18733
1654233000,1158.95,1159.75,1158.6,1159.2,4335
1654233300,1158.85,1159.5,1158.05,1159.5,9587
1654233600,1159.45,1161.2,1159.25,1160.0,6276
1654233900,1159.55,1160.6,1159.3,1160.4,5583
1654234200,1160.4,1161.05,1158.05,1158.05,9275
1654234500,1157.95,1159.15,1156.6,1158.9,10463
1654234800,1158.7,1159.85,1157.75,1158.0,4731
1654235100,1158.0,1158.4,1156.6,1156.9,7390
1654235400,1156.6,1159.2,1156.6,1157.4,6020
1654235700,1157.35,1158.0,1156.85,1157.45,5374
1654236000,1157.35,1157.45,1157.1,1157.25,2876
1654236300,1157.1,1157.3,1155.85,1156.35,12294
1654236600,1156.8,1158.95,1155.7,1158.05,7348
1654236900,1158.0,1158.9,1157.65,1158.1,5236
1654237200,1158.1,1158.3,1157.5,1158.3,4866
1654237500,1157.65,1158.7,1157.0,1157.25,4632
1654237800,1157.25,1158.45,1156.9,1157.25,5518
1654238100,1157.2,1158.25,1156.75,1157.0,9372
1654238400,1156.65,1157.15,1155.85,1156.95,7836
1654238700,1156.6,1157.65,1155.85,1156.3,3609
1654239000,1156.35,1157.05,1154.9,1155.25,5981
1654239300,1155.25,1156.95,1154.95,1156.5,6743
1654239600,1156.45,1156.45,1155.15,1155.3,2736
1654239900,1155.4,1155.4,1155.0,1155.15,7269
1654240200,1155.1,1155.35,1155.0,1155.25,9588
1654240500,1155.0,1157.3,1155.0,1155.15,7081
1654240800,1155.0,1155.25,1154.3,1155.2,5961
1654241100,1155.05,1156.75,1154.25,1155.3,10913
1654241400,1155.25,1156.0,1155.0,1155.25,3851
1654241700,1155.0,1155.25,1154.6,1155.15,9647
1654242000,1155.1,1155.4,1155.0,1155.1,4170
1654242300,1155.0,1155.2,1155.0,1155.05,3583
1654242600,1155.0,1155.25,1154.55,1155.1,11774
1654242900,1155.05,1156.0,1154.5,1154.7,8670
1654243200,1154.55,1154.7,1150.35,1152.15,19948
1654243500,1152.15,1153.15,1151.0,1151.4,4343
1654243800,1151.35,1151.5,1149.5,1150.0,8012
1654244100,1150.0,1153.75,1149.75,1151.0,29932
1654244400,1151.35,1153.4,1150.95,1153.05,30567
1654244700,1153.05,1153.1,1151.5,1151.5,14181
1654245000,1151.55,1152.15,1150.0,1151.65,9807
1654245300,1151.65,1155.2,1151.1,1153.35,23192
1654245600,1153.35,1156.7,1153.3,1156.0,15681
1654245900,1156.0,1156.85,1152.55,1152.55,12123
1654246200,1152.55,1153.05,1150.0,1150.0,30499
1654246500,1150.0,1150.15,1150.0,1150.05,24049
1654246800,1150.0,1150.2,1148.9,1150.0,21529
1654247100,1149.95,1150.15,1147.25,1149.9,22389
1654247400,1149.9,1150.0,1148.15,1148.15,4913
1654247700,1148.15,1148.9,1146.45,1146.8,5215
1654248000,1146.8,1146.95,1145.4,1145.6,6082
1654248300,1145.6,1146.1,1142.15,1142.15,7214
1654248600,1142.5,1142.65,1138.95,1141.35,24815
1654248900,1141.5,1142.55,1139.4,1142.1,16164
1654249200,1142.1,1142.1,1140.0,1140.4,12921
1654249500,1140.4,1142.45,1139.45,1140.5,19304
1654249800,1140.5,1144.7,1140.5,1142.05,23801
1654250100,1142.05,1145.0,1140.0,1144.9,18085
1654487100,1135.6,1143.4,1135.6,1140.4,30113
1654487400,1140.4,1141.85,1137.15,1138.65,17054
1654487700,1138.65,1139.7,1135.5,1138.15,17922
1654488000,1138.15,1139.4,1136.65,1138.0,14158
1654488300,1138.4,1138.65,1134.4,1136.4,10327
1654488600,1136.4,1138.8,1135.8,1137.95,8125
1654488900,1137.95,1139.8,1137.5,1138.65,6641
1654489200,1138.65,1142.45,1138.65,1141.75,11631
1654489500,1142.0,1144.35,1140.5,1140.6,8540
1654489800,1140.6,1142.2,1140.35,1140.9,11315
1654490100,1140.75,1142.25,1139.95,1141.25,10202
1654490400,1141.25,1141.25,1138.4,1138.65,5801
1654490700,1138.65,1139.8,1138.6,1139.3,10592
1654491000,1140.1,1140.1,1137.0,1137.85,18450
1654491300,1137.85,1138.3,1136.05,1137.0,13914
1654491600,1137.0,1139.55,1136.55,1139.45,12955
1654491900,1139.05,1140.25,1138.5,1139.05,17069
1654492200,1139.1,1140.1,1138.75,1139.95,17907
1654492500,1140.0,1140.9,1139.15,1140.9,15828
1654492800,1141.2,1141.45,1138.45,1140.0,9580
1654493100,1140.0,1141.95,1139.7,1140.25,8274
1654493400,1140.25,1141.1,1138.8,1139.65,7755
1654493700,1139.3,1141.2,1139.3,1140.5,7040
1654494000,1140.5,1144.2,1140.5,1143.05,12364
1654494300,1143.2,1145.25,1142.45,1142.9,30703
1654494600,1142.9,1144.2,1142.75,1143.6,24827
1654494900,1143.55,1143.7,1141.1,1141.25,14899
1654495200,1141.2,1142.4,1140.1,1141.2,9161
1654495500,1141.25,1142.55,1140.05,1142.5,6806
1654495800,1142.5,1143.6,1141.55,1143.15,23485
1654496100,1143.1,1146.9,1141.3,1146.55,15144
1654496400,1146.55,1146.9,1145.3,1146.55,9823
1654496700,1146.55,1148.0,1146.1,1147.25,21171
1654497000,1147.2,1148.35,1145.9,1147.9,8497
1654497300,1147.7,1149.0,1146.8,1149.0,6976
1654497600,1149.0,1149.6,1148.3,1148.95,4973
1654497900,1148.85,1149.0,1146.2,1146.65,5787
1654498200,1146.55,1148.4,1146.5,1147.6,5614
1654498500,1147.05,1147.6,1146.4,1147.5,4365
1654498800,1147.5,1148.0,1146.3,1146.65,5467
1654499100,1146.65,1146.95,1143.9,1144.2,17539
1654499400,1144.2,1145.35,1143.2,1144.95,7562
1654499700,1144.9,1146.6,1144.3,1145.45,11120
1654500000,1145.5,1145.6,1144.65,1145.1,10400
1654500300,1145.0,1145.8,1143.45,1144.95,13056
1654500600,1144.95,1146.2,1143.95,1145.4,18905
1654500900,1145.0,1145.75,1144.3,1144.65,15781
1654501200,1144.65,1145.8,1144.4,1145.35,13590
1654501500,1145.3,1146.0,1144.8,1145.95,12145
1654501800,1145.95,1147.0,1144.6,1144.9,9262
1654502100,1144.9,1145.8,1144.45,1145.0,8546
1654502400,1145.25,1145.25,1144.0,1144.2,5115
1654502700,1144.2,1145.0,1143.65,1145.0,7793
1654503000,1145.0,1146.0,1144.05,1145.0,6706
1654503300,1145.4,1146.2,1144.0,1145.0,6806
1654503600,1145.0,1146.0,1144.5,1145.75,14800
1654503900,1145.75,1145.95,1144.55,1145.3,7116
1654504200,1145.3,1146.0,1144.65,1145.3,4902
1654504500,1145.2,1146.8,1144.4,1144.65,10635
1654504800,1144.6,1145.8,1144.35,1144.4,110896
1654505100,1144.4,1144.8,1142.15,1143.65,12446
1654505400,1143.65,1145.0,1143.65,1144.95,11821
1654505700,1144.95,1145.0,1144.35,1144.7,13984
1654506000,1144.7,1145.05,1144.65,1145.0,11278
1654506300,1144.95,1145.0,1144.85,1144.95,8849
1654506600,1144.95,1145.75,1144.05,1145.0,15492
1654506900,1145.0,1145.15,1144.0,1144.15,13694
1654507200,1144.15,1145.15,1144.0,1145.0,18997
1654507500,1144.95,1145.85,1143.9,1144.45,18151
1654507800,1143.85,1145.3,1143.85,1145.05,56200
1654508100,1145.05,1145.6,1142.05,1142.75,64159
1654508400,1142.75,1142.75,1138.3,1140.35,33685
1654508700,1140.35,1141.1,1140.0,1140.45,9965
1654509000,1140.45,1140.45,1135.95,1136.8,84366
1654509300,1137.85,1138.75,1134.4,1134.4,11265
1654573500,1135.05,1137.95,1118.0,1119.2,36364
1654573800,1119.45,1124.0,1119.0,1120.05,25263
1654574100,1120.05,1123.85,1113.5,1121.4,53918
1654574400,1119.5,1123.5,1119.4,1121.0,23184
1654574700,1121.6,1126.0,1118.65,1119.75,17343
1654575000,1119.75,1124.15,1119.25,1122.4,23431
1654575300,1122.4,1122.8,1118.65,1119.0,55076
1654575600,1119.0,1121.75,1117.45,1119.8,10339
1654575900,1119.8,1122.0,1118.75,1119.0,7866
1654576200,1119.0,1122.65,1118.1,1121.0,11673
1654576500,1121.15,1125.9,1121.0,1125.4,13065
1654576800,1125.4,1126.55,1122.3,1125.0,11997
1654577100,1125.0,1125.45,1122.45,1125.2,6451
1654577400,1126.25,1128.0,1124.45,1126.5,14705
1654577700,1126.75,1131.0,1126.55,1130.6,15501
1654578000,1130.6,1131.5,1130.5,1131.05,12066
1654578300,1131.05,1132.4,1125.3,1125.3,10022
1654578600,1125.3,1126.65,1124.55,1125.0,7285
1654578900,1125.0,1125.7,1124.05,1125.65,6230
1654579200,1125.65,1125.75,1124.75,1125.65,4867
1654579500,1124.9,1127.15,1124.3,1125.95,6418
1654579800,1125.95,1129.0,1125.95,1127.4,8434
1654580100,1127.3,1130.7,1127.3,1129.8,8777
1654580400,1129.8,1129.8,1128.0,1128.75,4931
1654580700,1128.75,1128.85,1126.55,1126.95,7291
1654581000,1126.95,1127.75,1125.05,1125.2,6979
1654581300,1125.2,1128.15,1124.6,1127.25,6115
1654581600,1127.25,1127.85,1125.8,1127.1,4194
1654581900,1127.1,1127.75,1124.4,1125.0,6196
1654582200,1125.0,1125.9,1123.25,1125.3,7648
1654582500,1125.3,1125.9,1124.0,1125.0,6088
1654582800,1125.0,1125.95,1124.85,1125.05,4731
1654583100,1125.05,1126.3,1124.75,1126.3,3761
1654583400,1126.3,1126.9,1125.4,1125.9,3353
1654583700,1125.9,1126.25,1124.3,1124.9,4744
1654584000,1124.9,1126.0,1123.1,1123.95,7279
1654584300,1123.45,1125.2,1122.85,1124.55,10657
1654584600,1125.0,1126.85,1124.0,1126.85,6877
1654584900,1126.4,1127.5,1124.5,1127.3,6162
1654585200,1127.5,1129.7,1127.5,1128.7,5182
1654585500,1128.45,1129.0,1127.35,1129.0,3376
1654585800,1129.0,1130.2,1128.7,1130.1,4089
1654586100,1129.2,1129.85,1127.4,1127.8,5175
1654586400,1127.8,1128.0,1126.85,1127.95,3045
1654586700,1127.95,1129.15,1127.4,1129.0,4917
1654587000,1129.0,1129.0,1127.4,1127.4,3863
1654587300,1128.3,1128.3,1127.25,1127.4,3423
1654587600,1127.4,1128.2,1127.35,1128.2,3323
1654587900,1128.2,1130.05,1127.8,1129.95,3634
1654588200,1130.0,1130.05,1128.8,1129.35,6169
1654588500,1129.35,1131.2,1129.0,1129.8,8865
1654588800,1129.8,1131.0,1129.25,1130.65,3556
1654589100,1130.65,1131.5,1129.0,1129.0,6165
1654589400,1129.0,1130.8,1128.6,1130.8,22980
1654589700,1130.35,1130.95,1129.05,1130.7,4971
1654590000,1130.7,1130.85,1129.35,1130.0,5715
1654590300,1130.0,1131.0,1127.95,1128.55,5989
1654590600,1127.55,1130.8,1127.55,1129.5,8420
1654590900,1129.45,1131.4,1129.05,1131.2,5625
1654591200,1131.2,1131.6,1129.85,1130.8,7428
1654591500,1131.5,1132.8,1130.0,1130.6,9726
1654591800,1130.6,1131.8,1130.2,1131.4,6747
1654592100,1131.4,1136.0,1131.35,1134.55,10558
1654592400,1134.55,1136.0,1133.6,1133.6,10405
1654592700,1133.6,1134.3,1131.6,1133.3,9027
1654593000,1133.3,1134.95,1132.5,1134.9,10621
1654593300,1134.9,1134.95,1132.7,1133.55,4748
1654593600,1133.55,1135.0,1133.05,1135.0,6193
1654593900,1135.0,1135.95,1133.35,1134.0,9582
1654594200,1134.85,1136.5,1134.1,1136.4,22152
1654594500,1136.4,1138.0,1135.5,1137.8,21126
1654594800,1137.6,1137.85,1135.3,1135.3,20502
1654595100,1135.5,1137.4,1134.9,1135.4,24614
1654595400,1135.0,1136.1,1129.45,1130.05,44978
1654595700,1130.1,1132.7,1127.75,1130.0,23479
1654659900,1144.25,1146.7,1138.05,1144.4,70319
1654660200,1144.4,1151.45,1142.0,1149.7,50039
1654660500,1149.65,1159.2,1149.0,1154.85,166437
1654660800,1154.4,1155.8,1148.7,1150.0,47022
1654661100,1150.0,1151.8,1149.2,1149.65,30243
1654661400,1149.3,1150.85,1147.8,1148.8,30324
1654661700,1148.8,1150.2,1143.0,1143.6,39930
1654662000,1143.9,1147.4,1142.0,1145.75,25013
1654662300,1145.75,1147.9,1143.05,1144.05,9137
1654662600,1144.35,1146.8,1143.0,1144.55,14981
1654662900,1144.55,1146.4,1141.85,1144.5,26317
1654663200,1144.5,1146.0,1142.0,1142.35,15801
1654663500,1143.25,1145.0,1142.0,1144.8,12501
1654663800,1144.1,1145.9,1142.95,1144.1,8376
1654664100,1144.1,1146.85,1144.0,1144.8,13209
1654664400,1144.15,1148.7,1143.55,1148.05,101288
1654664700,1148.05,1149.9,1144.4,1145.3,29848
1654665000,1145.0,1147.75,1145.0,1147.65,28013
1654665300,1147.55,1148.5,1144.2,1144.2,16294
1654665600,1144.2,1145.7,1143.15,1145.0,15785
1654665900,1145.0,1145.3,1140.35,1141.4,12972
1654666200,1141.4,1142.0,1140.1,1140.5,9483
1654666500,1140.5,1141.15,1138.65,1138.85,14041
1654666800,1138.75,1138.95,1133.85,1135.15,24760
1654667100,1135.25,1138.3,1135.25,1137.95,10761
1654667400,1137.95,1138.15,1136.5,1136.65,8996
1654667700,1136.65,1139.45,1135.4,1139.15,5795
1654668000,1139.15,1139.5,1136.45,1136.45,6002
1654668300,1136.45,1137.65,1135.4,1136.4,6556
1654668600,1136.4,1136.75,1135.15,1135.4,6094
1654668900,1135.75,1137.5,1135.5,1137.3,5692
1654669200,1137.3,1137.4,1136.0,1136.8,5513
1654669500,1136.8,1139.3,1136.3,1139.1,16861
1654669800,1139.1,1141.5,1139.0,1139.2,13198
1654670100,1139.1,1140.85,1139.1,1140.7,9313
1654670400,1140.7,1140.7,1139.15,1139.9,3741
1654670700,1139.95,1143.3,1139.5,1142.7,7539
1654671000,1142.7,1143.2,1139.5,1139.85,7301
1654671300,1139.85,1140.2,1138.35,1139.65,22129
1654671600,1139.65,1140.0,1136.85,1136.85,5185
1654671900,1136.85,1137.8,1136.3,1137.2,6175
1654672200,1137.2,1138.05,1136.35,1137.2,2463
1654672500,1137.2,1139.0,1136.6,1137.35,4957
1654672800,1137.35,1137.65,1135.25,1135.8,5296
1654673100,1135.8,1138.5,1135.15,1137.65,5842
1654673400,1137.65,1137.65,1135.35,1136.1,11012
1654673700,1136.1,1138.2,1136.1,1137.1,6332
1654674000,1137.1,1138.9,1135.65,1136.4,4710
1654674300,1136.4,1138.0,1135.3,1137.45,5606
1654674600,1137.45,1137.5,1133.3,1135.8,11098
1654674900,1135.9,1136.8,1135.0,1135.65,4924
1654675200,1135.65,1136.05,1134.35,1134.6,5315
1654675500,1134.6,1138.8,1134.0,1137.65,34572
1654675800,1138.15,1139.0,1137.15,1137.75,4570
1654676100,1137.0,1138.8,1136.8,1138.0,13535
1654676400,1138.0,1138.5,1135.0,1135.25,3640
1654676700,1135.25,1135.95,1134.15,1134.95,4755
1654677000,1135.0,1135.0,1134.0,1134.0,3786
1654677300,1134.3,1136.35,1134.0,1135.15,5682
1654677600,1135.15,1136.45,1134.0,1135.55,9966
1654677900,1135.7,1137.2,1134.15,1135.7,20932
1654678200,1135.7,1135.85,1131.55,1132.0,5718
1654678500,1132.0,1132.4,1130.1,1131.85,6065
1654678800,1131.8,1132.0,1129.8,1130.2,5713
1654679100,1130.2,1130.75,1129.2,1130.45,5176
1654679400,1130.45,1132.85,1129.65,1132.35,7914
1654679700,1132.5,1133.05,1130.55,1132.35,11989
1654680000,1132.35,1133.5,1132.2,1132.4,8046
1654680300,1132.4,1133.6,1131.3,1131.95,16410
1654680600,1131.9,1134.6,1131.9,1133.8,35791
1654680900,1134.5,1134.8,1132.35,1134.2,13766
1654681200,1134.2,1138.0,1133.7,1137.25,29666
1654681500,1138.25,1139.45,1135.95,1136.4,63357
1654681800,1136.4,1137.95,1135.15,1136.85,20174
1654682100,1136.85,1138.95,1134.0,1138.0,27712
1654746300,1136.95,1138.95,1130.55,1137.35,14000
1654746600,1137.35,1139.95,1133.55,1138.0,9635
1654746900,1138.0,1138.95,1135.0,1135.0,8628
1654747200,1135.65,1138.3,1134.75,1138.3,3836
1654747500,1138.5,1140.75,1137.25,1138.75,4160
1654747800,1139.3,1141.4,1138.65,1140.7,2494
1654748100,1140.7,1141.8,1140.05,1140.05,5015
1654748400,1140.55,1141.3,1138.7,1140.6,4725
1654748700,1140.6,1143.85,1140.3,1141.6,11006
1654749000,1141.65,1145.0,1141.25,1142.1,6381
1654749300,1141.85,1144.2,1140.95,1143.45,6703
1654749600,1143.45,1143.45,1140.7,1140.8,2318
1654749900,1140.8,1143.6,1140.25,1142.95,4691
1654750200,1142.95,1144.5,1142.95,1143.9,2309
1654750500,1143.25,1145.7,1143.05,1145.45,9162
1654750800,1145.55,1146.05,1143.85,1144.75,13542
1654751100,1143.9,1144.95,1143.5,1143.95,2184
1654751400,1144.15,1145.5,1143.15,1145.35,9810
1654751700,1144.6,1146.0,1143.25,1144.45,10224
1654752000,1144.45,1147.75,1144.4,1146.7,16567
1654752300,1146.7,1149.0,1146.65,1147.55,36846
1654752600,1147.9,1149.45,1144.6,1145.95,35487
1654752900,1145.95,1145.95,1144.85,1145.7,4019
1654753200,1145.7,1147.25,1144.0,1147.05,7533
1654753500,1147.05,1148.65,1146.5,1147.5,8940
1654753800,1147.5,1148.0,1146.05,1146.3,5016
1654754100,1146.3,1147.2,1145.0,1146.85,5265
1654754400,1146.85,1147.0,1145.05,1145.65,2499
1654754700,1146.3,1147.0,1145.75,1146.35,2208
1654755000,1146.35,1147.0,1145.65,1146.85,4234
1654755300,1146.85,1148.65,1146.4,1148.4,8299
1654755600,1148.4,1150.0,1148.1,1149.6,8193
1654755900,1149.6,1152.0,1149.1,1151.5,13747
1654756200,1151.15,1151.9,1150.15,1150.6,8845
1654756500,1150.35,1153.0,1150.25,1151.35,11891
1654756800,1151.35,1153.0,1151.35,1152.75,9354
1654757100,1152.75,1153.55,1151.75,1152.9,10007
1654757400,1152.9,1156.95,1152.45,1156.8,27669
1654757700,1155.45,1156.4,1153.1,1153.8,18852
1654758000,1153.8,1154.1,1152.0,1153.15,15974
1654758300,1153.05,1155.0,1152.8,1154.5,13193
1654758600,1154.5,1154.5,1150.25,1150.8,16720
1654758900,1150.8,1152.0,1148.9,1149.5,15437
1654759200,1149.5,1150.45,1149.1,1149.9,11471
1654759500,1149.95,1150.75,1147.35,1150.15,11844
1654759800,1150.15,1151.35,1147.05,1149.4,15221
1654760100,1149.4,1150.0,1147.6,1148.65,10766
1654760400,1149.2,1152.5,1149.0,1150.15,13601
1654760700,1150.15,1151.9,1149.5,1151.7,10280
1654761000,1151.7,1152.35,1150.75,1151.9,13404
1654761300,1151.75,1152.25,1150.55,1151.4,9249
1654761600,1151.75,1152.75,1150.85,1152.05,16237
1654761900,1152.05,1153.5,1151.0,1151.25,12533
1654762200,1151.25,1152.6,1150.1,1151.05,8689
1654762500,1151.05,1153.0,1150.55,1152.35,8406
1654762800,1152.45,1153.15,1150.7,1152.5,15313
1654763100,1152.55,1153.0,1151.6,1152.1,8559
1654763400,1151.6,1153.5,1151.6,1153.1,10952
1654763700,1153.25,1153.5,1151.6,1152.0,11645
1654764000,1152.2,1152.45,1150.3,1151.3,10896
1654764300,1151.35,1153.0,1150.75,1152.9,11987
1654764600,1152.9,1153.3,1150.9,1152.35,13992
1654764900,1152.25,1156.4,1152.2,1156.3,26291
1654765200,1156.15,1159.7,1156.15,1158.85,34147
1654765500,1158.85,1163.1,1157.0,1162.0,35861
1654765800,1162.0,1162.9,1160.1,1161.0,32664
1654766100,1161.0,1162.55,1160.5,1162.4,22840
1654766400,1162.1,1164.35,1161.7,1163.95,31851
1654766700,1163.95,1164.9,1159.95,1159.95,32189
1654767000,1159.95,1164.55,1159.95,1163.5,49088
1654767300,1163.85,1165.0,1160.8,1163.5,39712
1654767600,1163.25,1165.8,1162.95,1165.45,48291
1654767900,1165.7,1167.25,1161.6,1162.55,60751
1654768200,1162.55,1164.7,1160.95,1164.2,39479
1654768500,1163.35,1164.35,1158.05,1161.0,25356
1654832700,1154.75,1163.7,1153.75,1162.15,46193
1654833000,1162.6,1162.6,1156.6,1156.6,19807
1654833300,1156.65,1158.7,1154.05,1155.55,10002
1654833600,1155.55,1157.0,1154.65,1156.55,5258
1654833900,1156.55,1158.0,1156.05,1157.35,5238
1654834200,1157.35,1159.0,1157.05,1157.6,3036
1654834500,1157.6,1159.0,1156.4,1158.75,3425
1654834800,1158.8,1158.9,1157.2,1158.2,2343
1654835100,1158.2,1158.2,1157.0,1157.4,4145
1654835400,1157.3,1157.3,1156.25,1157.0,1803
1654835700,1157.0,1157.0,1156.4,1156.4,2261
1654836000,1156.95,1156.95,1156.4,1156.9,1613
1654836300,1156.9,1158.4,1156.4,1158.0,5280
1654836600,1157.9,1160.35,1157.9,1159.25,13277
1654836900,1159.25,1160.0,1158.8,1158.8,5076
1654837200,1158.8,1160.15,1158.6,1159.5,3285
1654837500,1159.5,1159.95,1158.3,1159.0,1434
1654837800,1159.0,1159.15,1157.6,1158.6,1817
1654838100,1158.6,1158.8,1157.3,1157.6,2818
1654838400,1157.6,1158.35,1155.9,1156.0,4855
1654838700,1155.65,1156.5,1154.6,1155.9,3634
1654839000,1155.9,1157.3,1155.6,1157.3,2300
1654839300,1157.3,1157.8,1156.0,1156.05,752
1654839600,1156.05,1157.55,1155.5,1157.35,3313
1654839900,1157.35,1159.65,1156.2,1158.8,7100
1654840200,1158.4,1159.65,1157.35,1159.55,6754
1654840500,1159.4,1161.2,1159.4,1159.8,6735
1654840800,1159.8,1160.5,1158.2,1160.45,11523
1654841100,1160.4,1160.9,1159.7,1160.0,5068
1654841400,1160.0,1160.6,1159.75,1160.0,6996
1654841700,1160.05,1160.75,1159.2,1160.0,3534
1654842000,1160.0,1160.8,1159.1,1159.95,5352
1654842300,1159.95,1160.55,1159.05,1160.05,5325
1654842600,1160.05,1160.2,1159.0,1160.0,9628
1654842900,1160.0,1160.95,1159.45,1160.5,9609
1654843200,1160.5,1161.2,1159.55,1160.0,40659
1654843500,1160.0,1160.15,1159.55,1159.95,3548
1654843800,1160.0,1160.2,1159.95,1160.2,2126
1654844100,1160.0,1160.2,1159.45,1160.0,3614
1654844400,1160.0,1162.0,1159.6,1160.2,6266
1654844700,1160.2,1160.85,1160.0,1160.45,1784
1654845000,1160.0,1161.4,1159.05,1161.35,12418
1654845300,1161.35,1161.9,1160.4,1160.75,1698
1654845600,1160.75,1161.7,1159.9,1161.7,3146
1654845900,1161.7,1161.85,1160.8,1161.55,2401
1654846200,1161.6,1161.6,1161.0,1161.0,2981
1654846500,1161.55,1161.6,1160.2,1161.05,7816
1654846800,1161.05,1161.35,1159.3,1160.0,4466
1654847100,1160.0,1161.0,1158.25,1159.1,9759
1654847400,1159.1,1159.95,1157.75,1158.75,8495
1654847700,1158.75,1159.25,1158.0,1158.55,4125
1654848000,1158.8,1158.95,1156.65,1157.9,8392
1654848300,1157.9,1161.05,1157.65,1161.05,5665
1654848600,1161.0,1163.6,1160.45,1162.75,16949
1654848900,1162.75,1162.9,1161.8,1162.5,2362
1654849200,1162.5,1162.5,1160.6,1161.4,4603
1654849500,1161.3,1162.4,1160.75,1161.95,5925
1654849800,1161.95,1162.15,1158.55,1159.0,9833
1654850100,1159.05,1159.25,1157.4,1159.2,17194
1654850400,1159.15,1160.7,1157.7,1160.65,7368
1654850700,1160.65,1161.35,1160.05,1160.1,9444
1654851000,1160.1,1160.55,1158.4,1158.4,5973
1654851300,1158.4,1159.35,1157.8,1158.55,4846
1654851600,1158.55,1159.8,1157.55,1158.35,5346
1654851900,1158.35,1159.5,1157.55,1158.0,7916
1654852200,1158.0,1159.3,1157.7,1159.15,3638
1654852500,1159.15,1160.9,1158.95,1159.3,11611
1654852800,1159.3,1160.3,1158.5,1159.35,4391
1654853100,1159.35,1159.4,1157.1,1157.2,4595
1654853400,1157.2,1159.45,1153.3,1159.45,27920
1654853700,1159.45,1159.65,1155.0,1157.2,18369
1654854000,1156.9,1156.9,1154.2,1154.7,13297
1654854300,1154.7,1155.4,1153.3,1154.7,20239
1654854600,1154.7,1154.7,1152.8,1153.0,26374
1654854900,1153.0,1160.15,1152.25,1154.5,20605
1655091900,1137.05,1159.9,1137.05,1153.3,79167
1655092200,1154.15,1161.8,1150.15,1152.55,48282
1655092500,1152.55,1152.65,1147.35,1149.9,13848
1655092800,1149.2,1149.85,1144.55,1146.65,12448
1655093100,1147.4,1150.0,1145.85,1147.55,6767
1655093400,1147.55,1147.9,1143.1,1143.1,9707
1655093700,1143.35,1143.9,1140.6,1140.9,7754
1655094000,1140.9,1143.6,1139.3,1142.25,13010
1655094300,1143.05,1143.05,1140.65,1140.7,6711
1655094600,1140.7,1141.7,1138.5,1139.0,11350
1655094900,1139.45,1139.45,1137.45,1138.0,5848
1655095200,1138.0,1138.3,1136.65,1137.65,6700
1655095500,1137.65,1138.0,1134.6,1135.0,8381
1655095800,1135.0,1136.55,1134.6,1136.2,8211
1655096100,1135.65,1139.0,1135.55,1138.45,8612
1655096400,1138.55,1140.25,1137.8,1140.0,13274
1655096700,1140.05,1141.25,1138.3,1140.0,5558
1655097000,1140.1,1141.0,1137.5,1138.05,9879
1655097300,1138.05,1138.9,1137.0,1137.15,6376
1655097600,1137.05,1140.25,1137.05,1139.6,5894
1655097900,1140.3,1140.9,1137.75,1138.55,4839
1655098200,1138.45,1140.85,1138.0,1140.45,4415
1655098500,1140.2,1140.75,1135.3,1135.3,119134
1655098800,1135.8,1137.0,1134.4,1137.0,9295
1655099100,1136.5,1138.4,1136.05,1137.5,8085
1655099400,1137.2,1138.0,1135.3,1136.8,7400
1655099700,1137.15,1137.85,1135.1,1135.85,5331
1655100000,1135.5,1136.4,1134.5,1135.45,7823
1655100300,1135.3,1136.3,1134.5,1135.95,3946
1655100600,1135.7,1137.25,1135.0,1135.85,9426
1655100900,1135.7,1138.7,1135.25,1138.35,10893
1655101200,1137.95,1139.5,1137.45,1138.9,9128
1655101500,1138.5,1139.15,1137.25,1138.0,2925
1655101800,1138.25,1139.5,1137.8,1139.0,16841
1655102100,1139.5,1139.5,1138.45,1138.75,8459
1655102400,1138.55,1139.2,1137.2,1138.15,9048
1655102700,1138.45,1138.65,1137.1,1137.65,120294
1655103000,1137.2,1137.4,1135.2,1136.5,11328
1655103300,1136.45,1137.2,1134.5,1135.5,8437
1655103600,1135.75,1136.5,1134.2,1135.5,5886
1655103900,1135.45,1136.9,1135.05,1136.0,2925
1655104200,1136.0,1137.0,1134.65,1134.95,2786
1655104500,1134.65,1135.3,1133.8,1135.0,4863
1655104800,1135.0,1135.65,1134.0,1134.15,2617
1655105100,1134.7,1135.4,1134.0,1135.35,2025
1655105400,1135.35,1136.75,1134.0,1135.2,3434
1655105700,1135.15,1136.0,1134.0,1134.85,2286
1655106000,1134.8,1135.95,1134.0,1135.0,4209
1655106300,1135.0,1136.5,1134.2,1136.05,4152
1655106600,1135.6,1136.8,1135.05,1136.4,5743
1655106900,1136.55,1137.75,1135.45,1136.15,4726
1655107200,1136.25,1137.65,1135.35,1137.55,6324
1655107500,1137.15,1138.0,1136.2,1137.0,9656
1655107800,1137.0,1138.0,1135.75,1136.8,5585
1655108100,1136.8,1138.0,1136.2,1137.3,7160
1655108400,1137.05,1138.0,1135.6,1136.6,8334
1655108700,1136.6,1137.8,1134.3,1137.8,7192
1655109000,1137.7,1137.95,1135.8,1136.75,7694
1655109300,1136.95,1137.7,1135.8,1137.7,6295
1655109600,1137.7,1138.85,1136.25,1137.15,8125
1655109900,1137.15,1138.7,1136.05,1137.45,7430
1655110200,1137.4,1139.1,1136.6,1139.1,9636
1655110500,1139.25,1140.85,1138.0,1139.35,21510
1655110800,1138.75,1140.0,1138.1,1140.0,8160
1655111100,1140.0,1140.05,1139.15,1140.0,6007
1655111400,1139.95,1140.1,1138.2,1139.1,12688
1655111700,1139.1,1140.25,1137.3,1140.25,6666
1655112000,1140.25,1142.1,1139.0,1139.35,8333
1655112300,1139.35,1140.3,1137.2,1138.8,13678
1655112600,1138.8,1138.8,1132.6,1133.15,22888
1655112900,1133.15,1134.75,1132.1,1134.0,16270
1655113200,1134.0,1137.05,1132.85,1135.6,28644
1655113500,1135.6,1136.2,1133.45,1133.9,20670
1655113800,1133.85,1133.9,1131.4,1131.7,28551
1655114100,1131.65,1135.2,1130.35,1131.65,25449
1655178300,1125.0,1145.0,1124.15,1137.5,43936
1655178600,1136.8,1136.8,1128.75,1129.4,21404
1655178900,1129.4,1130.85,1127.0,1130.0,20834
1655179200,1129.0,1131.4,1127.95,1129.25,14486
1655179500,1128.95,1132.7,1128.3,1131.1,12076
1655179800,1131.1,1131.45,1128.5,1130.0,9125
1655180100,1129.6,1131.2,1128.5,1129.85,9330
1655180400,1129.55,1132.0,1128.6,1130.35,14321
1655180700,1130.35,1133.0,1129.35,1132.7,6466
1655181000,1132.7,1132.75,1128.5,1129.9,9002
1655181300,1129.9,1130.3,1128.7,1128.75,4894
1655181600,1128.75,1132.95,1128.75,1129.25,14981
1655181900,1129.25,1132.0,1129.05,1131.25,6130
1655182200,1131.25,1133.9,1130.55,1132.9,10194
1655182500,1133.05,1135.95,1132.8,1133.25,8906
1655182800,1133.25,1134.75,1132.8,1133.45,6235
1655183100,1133.45,1134.0,1132.0,1133.55,5211
1655183400,1133.45,1133.45,1130.7,1131.8,7867
1655183700,1131.8,1132.6,1129.1,1130.35,9456
1655184000,1130.4,1130.75,1129.0,1130.2,8996
1655184300,1130.2,1131.05,1129.35,1130.0,6508
1655184600,1130.0,1131.65,1129.95,1130.35,8679
1655184900,1130.35,1134.5,1130.0,1133.75,12475
1655185200,1133.75,1136.0,1133.0,1134.45,10368
1655185500,1134.35,1140.15,1134.35,1139.5,20338
1655185800,1140.0,1141.1,1135.1,1136.15,15393
1655186100,1136.15,1140.05,1135.7,1137.35,6450
1655186400,1136.9,1139.75,1136.9,1137.3,8750
1655186700,1137.3,1138.1,1134.0,1137.05,7916
1655187000,1136.85,1136.95,1135.2,1136.0,4895
1655187300,1136.0,1136.05,1133.95,1133.95,5972
1655187600,1134.25,1135.7,1133.65,1134.05,4914
1655187900,1134.0,1135.25,1133.05,1133.5,4752
1655188200,1133.3,1136.95,1131.6,1135.65,8935
1655188500,1135.65,1135.7,1133.3,1133.3,5525
1655188800,1133.75,1134.85,1132.1,1133.5,6497
1655189100,1133.7,1136.0,1133.7,1136.0,5563
1655189400,1136.0,1136.4,1132.5,1132.5,7057
1655189700,1133.15,1133.15,1131.05,1132.4,6446
1655190000,1132.55,1133.1,1131.25,1132.0,5694
1655190300,1132.1,1134.7,1132.05,1133.95,5958
1655190600,1133.95,1136.9,1133.2,1135.6,6673
1655190900,1135.6,1136.5,1133.6,1135.1,6688
1655191200,1135.1,1135.4,1133.4,1134.75,9441
1655191500,1134.85,1136.15,1134.0,1134.9,4790
1655191800,1134.6,1136.1,1134.35,1135.35,4886
1655192100,1135.75,1135.75,1133.8,1135.45,4385
1655192400,1135.45,1139.9,1134.6,1139.35,6744
1655192700,1139.35,1139.8,1137.8,1137.8,8223
1655193000,1137.85,1141.0,1137.85,1138.6,11241
1655193300,1138.7,1139.0,1136.3,1136.95,7514
1655193600,1136.9,1138.25,1134.55,1135.1,9375
1655193900,1135.4,1137.85,1135.1,1137.3,13900
1655194200,1137.3,1140.45,1137.05,1138.8,6897
1655194500,1139.4,1140.0,1137.1,1137.25,5274
1655194800,1137.35,1138.95,1136.2,1138.0,8972
1655195100,1138.0,1138.1,1134.65,1134.75,8420
1655195400,1135.2,1136.9,1134.05,1135.0,10302
1655195700,1135.0,1136.15,1134.0,1135.3,6715
1655196000,1135.3,1135.55,1133.2,1133.75,7504
1655196300,1133.65,1135.1,1132.3,1135.0,7920
1655196600,1134.95,1134.95,1132.45,1132.9,6298
1655196900,1132.8,1135.05,1132.35,1135.05,6851
1655197200,1135.8,1136.0,1133.3,1133.45,6561
1655197500,1133.5,1134.55,1132.0,1133.5,7776
1655197800,1133.5,1135.6,1132.7,1135.15,8772
1655198100,1135.2,1135.25,1132.4,1134.95,8888
1655198400,1134.95,1134.95,1132.5,1134.7,7408
1655198700,1134.65,1134.85,1130.9,1131.0,8187
1655199000,1130.95,1132.4,1127.9,1127.9,31674
1655199300,1127.95,1133.15,1127.8,1130.6,24738
1655199600,1130.85,1133.05,1130.85,1132.85,16801
1655199900,1132.85,1135.2,1132.75,1134.7,22378
1655200200,1134.7,1134.7,1131.8,1131.85,22243
1655200500,1132.05,1135.0,1132.05,1133.05,20174
1655264700,1140.0,1144.7,1132.1,1137.0,63162
1655265000,1137.05,1139.05,1134.1,1137.4,19154
1655265300,1137.4,1139.6,1136.55,1137.3,15330
1655265600,1137.3,1137.65,1135.0,1135.65,10563
1655265900,1135.65,1137.7,1135.3,1137.4,7319
1655266200,1136.55,1136.85,1134.65,1136.1,6896
1655266500,1136.1,1138.55,1135.65,1137.0,5590
1655266800,1137.0,1137.0,1136.5,1136.8,3645
1655267100,1136.8,1137.0,1136.05,1137.0,1385
1655267400,1137.0,1137.0,1135.3,1136.0,2230
1655267700,1136.0,1137.0,1135.45,1136.0,3224
1655268000,1136.0,1137.8,1134.05,1134.05,38347
1655268300,1134.05,1134.55,1132.5,1132.6,7119
1655268600,1132.6,1133.7,1132.6,1133.1,4215
1655268900,1133.1,1133.8,1131.2,1131.25,5598
1655269200,1131.7,1131.95,1130.2,1130.35,4145
1655269500,1130.35,1133.0,1130.35,1133.0,5839
1655269800,1133.0,1133.85,1132.05,1132.95,5267
1655270100,1132.95,1134.25,1132.95,1134.25,2422
1655270400,1134.25,1135.95,1134.1,1134.3,6507
1655270700,1134.3,1135.25,1134.3,1135.15,3836
1655271000,1135.15,1135.5,1134.0,1134.2,5674
1655271300,1134.2,1135.5,1134.15,1135.0,3027
1655271600,1135.45,1136.0,1134.85,1135.0,6842
1655271900,1135.0,1135.65,1132.6,1133.0,46988
1655272200,1133.0,1133.2,1132.0,1132.0,38559
1655272500,1132.0,1132.0,1130.3,1130.3,10635
1655272800,1130.25,1130.8,1129.4,1129.8,15370
1655273100,1129.8,1130.0,1129.4,1129.4,6803
1655273400,1129.6,1129.9,1129.4,1129.4,7730
1655273700,1129.4,1130.0,1129.0,1129.8,4634
1655274000,1129.8,1131.75,1129.8,1131.0,57587
1655274300,1131.0,1134.35,1131.0,1133.9,4725
1655274600,1134.2,1135.8,1133.85,1135.0,8775
1655274900,1135.0,1137.0,1135.0,1137.0,12050
1655275200,1137.0,1137.0,1135.0,1135.0,35115
1655275500,1135.05,1136.0,1134.2,1135.65,5652
1655275800,1135.65,1136.5,1134.65,1136.25,4348
1655276100,1136.25,1136.35,1134.45,1134.45,4274
1655276400,1134.45,1135.75,1134.45,1135.7,4955
1655276700,1135.7,1135.7,1133.0,1133.0,4330
1655277000,1133.0,1133.35,1131.4,1131.6,6053
1655277300,1131.6,1134.15,1131.55,1133.45,3778
1655277600,1133.45,1133.75,1132.1,1132.1,2421
1655277900,1132.1,1132.4,1131.25,1131.85,2809
1655278200,1131.85,1131.85,1130.6,1131.1,7882
1655278500,1131.1,1133.3,1131.1,1133.3,3090
1655278800,1133.3,1134.7,1133.2,1134.55,3878
1655279100,1134.55,1134.7,1131.45,1132.6,12000
1655279400,1132.3,1132.6,1131.85,1131.85,878
1655279700,1131.85,1131.85,1130.0,1130.0,7785
1655280000,1130.0,1133.85,1129.3,1130.0,26386
1655280300,1130.0,1132.3,1129.5,1131.6,4708
1655280600,1131.6,1131.9,1130.85,1131.4,7972
1655280900,1131.4,1131.55,1130.95,1131.05,5605
1655281200,1131.05,1131.65,1130.55,1131.4,2651
1655281500,1131.55,1132.0,1130.8,1131.0,7757
1655281800,1131.0,1131.35,1130.65,1130.7,1048
1655282100,1130.7,1131.8,1129.75,1130.9,11817
1655282400,1130.9,1131.5,1130.7,1131.0,9101
1655282700,1131.0,1131.95,1129.55,1129.7,6424
1655283000,1129.7,1130.0,1128.6,1129.9,5597
1655283300,1129.9,1130.45,1129.25,1130.4,6412
1655283600,1130.4,1132.7,1129.2,1131.4,36371
1655283900,1130.8,1131.8,1130.5,1131.05,3583
1655284200,1131.05,1131.35,1131.05,1131.1,2164
1655284500,1131.1,1131.85,1129.95,1130.35,60605
1655284800,1130.35,1130.75,1129.35,1130.0,5079
1655285100,1130.6,1131.35,1130.1,1130.6,8929
1655285400,1130.45,1130.45,1127.85,1128.65,22985
1655285700,1128.95,1128.95,1125.85,1125.95,14936
1655286000,1125.95,1125.95,1124.95,1125.55,46529
1655286300,1125.55,1126.45,1124.3,1124.55,38775
1655286600,1124.55,1125.5,1122.8,1124.65,35172
1655286900,1124.65,1124.9,1122.9,1124.1,15829
1655351100,1131.35,1134.85,1120.25,1125.0,86367
1655351400,1125.0,1133.95,1125.0,1133.75,37377
1655351700,1133.75,1135.25,1132.0,1135.05,17172
1655352000,1135.0,1137.65,1133.25,1134.0,17561
1655352300,1134.0,1134.0,1131.0,1131.95,15044
1655352600,1131.95,1131.95,1130.35,1131.4,8555
1655352900,1131.0,1131.4,1125.9,1125.9,19007
1655353200,1125.5,1125.7,1123.55,1124.0,15183
1655353500,1124.05,1125.15,1121.5,1122.0,16016
1655353800,1122.0,1122.0,1118.7,1119.4,19770
1655354100,1119.6,1120.0,1118.3,1118.5,15528
1655354400,1118.5,1118.5,1115.6,1116.05,20896
1655354700,1116.05,1117.0,1115.4,1115.75,13442
1655355000,1115.75,1116.05,1114.0,1114.65,21689
1655355300,1114.65,1115.95,1114.35,1115.15,13440
1655355600,1115.15,1115.5,1113.0,1115.0,16022
1655355900,1114.95,1115.9,1112.5,1113.1,16366
1655356200,1113.55,1116.1,1113.1,1115.3,9749
1655356500,1115.3,1117.55,1115.0,1116.95,9345
1655356800,1116.95,1120.0,1116.95,1119.5,16601
1655357100,1119.5,1120.0,1119.4,1120.0,7048
1655357400,1120.0,1120.0,1119.4,1119.55,5203
1655357700,1119.55,1119.65,1116.35,1116.75,8060
1655358000,1116.35,1117.85,1116.0,1116.05,5929
1655358300,1116.05,1116.05,1113.0,1113.6,6108
1655358600,1113.6,1113.6,1109.0,1109.0,12227
1655358900,1108.95,1111.85,1108.95,1111.15,11345
1655359200,1111.65,1114.2,1111.15,1113.7,6091
1655359500,1113.7,1114.3,1110.0,1110.05,5590
1655359800,1110.05,1111.45,1108.4,1111.3,12293
1655360100,1110.85,1111.45,1109.75,1109.75,3630
1655360400,1109.75,1113.8,1109.6,1113.75,10198
1655360700,1113.75,1114.35,1109.2,1109.2,16418
1655361000,1109.2,1109.75,1108.1,1109.5,8800
1655361300,1109.5,1109.8,1107.0,1107.6,9904
1655361600,1107.6,1109.95,1107.3,1109.4,11454
1655361900,1109.4,1110.6,1108.9,1110.05,14932
1655362200,1110.05,1112.25,1109.75,1112.0,9483
1655362500,1112.0,1112.9,1111.05,1112.0,9640
1655362800,1112.0,1115.75,1111.5,1115.25,6877
1655363100,1115.25,1116.5,1114.65,1115.65,6977
1655363400,1115.65,1115.75,1113.05,1114.3,7749
1655363700,1113.45,1113.9,1112.0,1112.35,14116
1655364000,1112.35,1115.15,1112.0,1114.4,14467
1655364300,1114.3,1117.45,1112.65,1117.2,41715
1655364600,1117.3,1117.9,1111.6,1112.45,17437
1655364900,1112.45,1112.75,1108.15,1110.2,15491
1655365200,1109.5,1110.95,1107.75,1108.5,11134
1655365500,1108.5,1110.8,1107.55,1107.7,14129
1655365800,1108.55,1108.55,1104.75,1105.25,13694
1655366100,1105.25,1106.35,1103.0,1103.85,15516
1655366400,1103.55,1108.1,1100.7,1105.95,15930
1655366700,1105.95,1110.7,1104.35,1110.1,35087
1655367000,1110.1,1110.45,1105.6,1106.15,30668
1655367300,1106.1,1106.8,1104.0,1104.0,17217
1655367600,1104.0,1107.25,1104.0,1107.0,24509
1655367900,1107.0,1109.6,1106.35,1108.25,18254
1655368200,1108.2,1110.1,1107.15,1110.0,19775
1655368500,1110.1,1110.85,1108.3,1110.05,51068
1655368800,1110.05,1110.3,1103.9,1104.2,28545
1655369100,1104.2,1105.0,1101.9,1103.4,13327
1655369400,1103.4,1104.85,1101.15,1103.75,15100
1655369700,1103.75,1105.0,1103.0,1104.85,17000
1655370000,1104.85,1105.2,1102.0,1102.8,20062
1655370300,1103.5,1103.5,1099.9,1102.35,14019
1655370600,1102.35,1108.0,1100.5,1106.1,28715
1655370900,1106.0,1107.4,1102.55,1102.55,20607
1655371200,1102.6,1105.0,1102.55,1104.65,10691
1655371500,1104.65,1107.75,1104.5,1107.0,19225
1655371800,1107.0,1107.05,1102.45,1104.3,41879
1655372100,1103.7,1105.0,1102.1,1104.55,24814
1655372400,1104.65,1106.75,1104.05,1104.15,35838
1655372700,1104.45,1105.35,1104.3,1104.85,40679
1655373000,1104.85,1105.5,1104.8,1104.95,36080
1655373300,1105.0,1109.05,1104.85,1105.05,46382
1655437500,1105.15,1114.35,1098.85,1101.9,56454
1655437800,1102.0,1102.5,1098.75,1100.95,28572
1655438100,1100.95,1100.95,1095.1,1096.65,25856
1655438400,1096.65,1099.95,1095.2,1099.2,24379
1655438700,1099.15,1104.15,1098.7,1103.55,14074
1655439000,1103.75,1110.45,1103.5,1108.55,20031
1655439300,1108.9,1111.9,1107.0,1107.6,20078
1655439600,1107.75,1110.0,1104.0,1106.9,24829
1655439900,1107.3,1107.4,1100.5,1101.65,9889
1655440200,1102.1,1105.95,1099.55,1101.05,23937
1655440500,1101.05,1102.05,1098.0,1099.0,11235
1655440800,1097.25,1099.45,1096.0,1096.15,15471
1655441100,1096.15,1096.15,1092.0,1093.5,12042
1655441400,1092.95,1096.95,1092.3,1093.95,12287
1655441700,1093.9,1096.9,1093.35,1095.5,10448
1655442000,1095.45,1100.0,1094.1,1100.0,14816
1655442300,1099.9,1100.8,1099.25,1100.0,58509
1655442600,1099.95,1101.35,1098.65,1100.4,11328
1655442900,1100.4,1101.6,1098.3,1099.0,16719
1655443200,1098.9,1100.85,1098.55,1099.85,30224
1655443500,1099.85,1100.0,1097.0,1100.0,9875
1655443800,1099.95,1100.0,1098.8,1099.35,9792
1655444100,1099.05,1100.0,1097.9,1098.85,8855
1655444400,1098.75,1099.7,1098.15,1098.15,7077
1655444700,1098.25,1099.7,1098.0,1099.0,13835
1655445000,1099.0,1099.9,1096.4,1098.05,10966
1655445300,1098.05,1098.05,1093.05,1093.55,8870
1655445600,1093.25,1094.75,1092.1,1093.5,7255
1655445900,1093.15,1094.0,1090.95,1093.2,14041
1655446200,1093.6,1093.6,1090.9,1093.0,10288
1655446500,1093.0,1096.35,1093.0,1096.05,10184
1655446800,1096.05,1096.8,1095.0,1096.55,6267
1655447100,1096.55,1097.95,1095.1,1097.55,7540
1655447400,1096.85,1100.2,1096.85,1098.35,13345
1655447700,1097.85,1099.85,1097.5,1099.5,7281
1655448000,1099.2,1100.0,1096.7,1097.45,9806
1655448300,1097.15,1099.55,1096.45,1098.25,8052
1655448600,1098.25,1098.65,1096.0,1097.9,6305
1655448900,1097.9,1099.9,1095.6,1099.6,6010
1655449200,1099.6,1100.0,1097.3,1097.95,7172
1655449500,1097.95,1099.75,1097.4,1098.35,6112
1655449800,1098.35,1099.95,1089.15,1090.6,19052
1655450100,1090.75,1093.25,1087.55,1089.15,22334
1655450400,1089.15,1090.5,1087.1,1089.0,15391
1655450700,1089.0,1090.65,1085.4,1088.0,25589
1655451000,1088.0,1089.6,1085.0,1086.55,18366
1655451300,1086.4,1087.2,1084.0,1084.5,12753
1655451600,1084.5,1084.95,1082.5,1084.95,18000
1655451900,1084.95,1085.1,1082.55,1084.65,18170
1655452200,1084.65,1089.2,1084.1,1088.45,23281
1655452500,1088.45,1092.4,1087.8,1090.9,17895
1655452800,1090.9,1090.9,1087.75,1088.35,12256
1655453100,1088.35,1089.1,1085.3,1086.8,14220
1655453400,1086.8,1087.9,1085.6,1087.05,13428
1655453700,1087.05,1088.6,1087.0,1087.7,13831
1655454000,1087.7,1088.75,1086.8,1088.1,11486
1655454300,1088.1,1090.05,1086.7,1090.05,11224
1655454600,1090.05,1093.5,1087.6,1088.35,18307
1655454900,1087.45,1089.2,1086.5,1087.1,20949
1655455200,1087.1,1087.55,1084.2,1084.95,17366
1655455500,1084.95,1085.3,1082.6,1082.8,13871
1655455800,1082.8,1083.8,1080.6,1081.75,16889
1655456100,1082.0,1084.85,1082.0,1083.8,17329
1655456400,1083.8,1087.55,1082.5,1083.9,21853
1655456700,1083.9,1085.4,1082.85,1085.05,14519
1655457000,1085.05,1085.9,1083.5,1084.15,10344
1655457300,1084.15,1085.0,1082.25,1084.8,12666
1655457600,1084.45,1087.6,1082.9,1087.2,17244
1655457900,1087.2,1090.45,1086.9,1090.15,14080
1655458200,1090.15,1090.15,1080.1,1081.0,80954
1655458500,1082.55,1082.55,1078.1,1080.55,60859
1655458800,1080.55,1081.95,1076.85,1077.1,65473
1655459100,1076.9,1080.65,1075.9,1080.05,84937
1655459400,1080.0,1087.45,1080.0,1087.35,62571
1655459700,1087.3,1091.55,1080.15,1080.85,86947
1655696700,1078.15,1087.5,1078.15,1083.2,8514
1655697000,1082.9,1085.1,1080.15,1084.0,5383
1655697300,1084.0,1088.15,1082.0,1082.1,17077
1655697600,1082.1,1083.95,1078.0,1083.35,10246
1655697900,1083.4,1083.65,1080.65,1081.0,5420
1655698200,1081.4,1083.25,1080.6,1081.45,10137
1655698500,1081.45,1084.4,1080.75,1082.05,3285
1655698800,1082.0,1086.7,1082.0,1085.75,3541
1655699100,1085.75,1087.75,1084.7,1086.8,3552
1655699400,1086.8,1091.1,1086.3,1089.4,6020
1655699700,1089.4,1092.0,1088.75,1089.5,4614
1655700000,1089.5,1091.7,1088.8,1090.25,5235
1655700300,1089.5,1092.8,1089.3,1090.0,5187
1655700600,1089.55,1090.25,1086.55,1087.3,1444
1655700900,1086.75,1088.0,1085.0,1085.9,2606
1655701200,1085.9,1088.0,1085.2,1087.35,2160
1655701500,1087.35,1092.0,1087.0,1091.6,1198
1655701800,1091.45,1091.65,1088.5,1088.5,2815
1655702100,1088.6,1088.6,1084.0,1085.4,13308
1655702400,1085.4,1088.0,1082.15,1082.4,9329
1655702700,1082.4,1085.0,1080.6,1083.1,6425
1655703000,1083.0,1084.7,1082.3,1083.9,4032
1655703300,1083.85,1086.85,1083.45,1085.1,13142
1655703600,1085.1,1086.0,1083.05,1084.5,7864
1655703900,1084.2,1084.6,1082.9,1084.45,6749
1655704200,1084.1,1084.5,1082.9,1083.45,3393
1655704500,1083.55,1084.15,1082.9,1082.9,2315
1655704800,1083.45,1083.5,1082.5,1082.8,8009
1655705100,1083.0,1084.0,1083.0,1083.75,3505
1655705400,1083.0,1084.0,1082.4,1083.3,4642
1655705700,1083.3,1084.0,1082.9,1083.8,2762
1655706000,1083.5,1084.35,1083.0,1083.7,2952
1655706300,1083.25,1084.4,1083.0,1083.0,3098
1655706600,1083.0,1084.5,1082.85,1083.4,4708
1655706900,1083.95,1084.5,1083.0,1083.75,1926
1655707200,1083.75,1084.2,1083.0,1083.0,3666
1655707500,1083.0,1084.0,1083.0,1083.05,2674
1655707800,1083.15,1086.0,1083.15,1086.0,3979
1655708100,1087.1,1087.75,1084.35,1085.95,3693
1655708400,1085.9,1087.0,1085.15,1085.3,4281
1655708700,1085.3,1086.9,1084.6,1085.0,3024
1655709000,1085.2,1086.95,1085.0,1086.1,3091
1655709300,1086.1,1086.2,1085.0,1085.2,2497
1655709600,1085.4,1086.4,1083.4,1083.4,20631
1655709900,1083.85,1084.0,1080.3,1080.45,8848
1655710200,1080.15,1081.75,1079.25,1079.35,6087
1655710500,1079.4,1079.4,1077.1,1077.15,7693
1655710800,1077.15,1080.05,1076.1,1079.15,9781
1655711100,1079.15,1081.8,1077.0,1077.2,7342
1655711400,1077.0,1080.5,1076.5,1078.95,7665
1655711700,1078.95,1080.95,1078.15,1079.45,5132
1655712000,1079.45,1081.9,1078.0,1078.35,4837
1655712300,1078.1,1081.1,1077.25,1078.1,7869
1655712600,1078.1,1078.1,1076.1,1076.65,5334
1655712900,1076.65,1077.05,1074.0,1075.95,16128
1655713200,1075.3,1077.0,1074.55,1074.75,4255
1655713500,1074.85,1079.35,1073.9,1077.55,11731
1655713800,1077.55,1077.85,1074.45,1075.95,11626
1655714100,1075.95,1075.95,1072.7,1074.4,7054
1655714400,1074.75,1077.6,1073.05,1074.15,15475
1655714700,1074.05,1074.75,1072.55,1073.7,7435
1655715000,1073.7,1074.0,1070.0,1073.0,9394
1655715300,1072.05,1074.15,1071.45,1072.0,4569
1655715600,1071.8,1074.05,1071.1,1072.3,5441
1655715900,1072.3,1074.55,1071.0,1073.0,4328
1655716200,1073.0,1073.0,1070.5,1071.35,6055
1655716500,1071.3,1072.7,1069.15,1070.75,6497
1655716800,1070.75,1073.9,1070.75,1073.45,11533
1655717100,1073.2,1074.7,1071.4,1071.45,8105
1655717400,1071.45,1077.05,1070.4,1075.75,13215
1655717700,1075.9,1076.3,1073.75,1074.3,7395
1655718000,1074.05,1076.9,1073.3,1074.05,13517
1655718300,1074.05,1078.0,1074.05,1076.3,27902
1655718600,1076.4,1080.5,1076.3,1079.2,13728
1655718900,1079.25,1079.45,1072.5,1074.9,11863
1655783100,1080.1,1084.6,1077.35,1084.05,16043
1655783400,1084.05,1088.3,1082.75,1086.55,16750
1655783700,1086.55,1087.65,1081.0,1081.35,6778
1655784000,1081.35,1084.9,1081.3,1083.55,3560
1655784300,1083.55,1084.35,1081.4,1083.55,6215
1655784600,1083.2,1083.45,1082.2,1083.0,1658
1655784900,1083.0,1086.55,1082.4,1086.45,6938
1655785200,1086.5,1088.7,1085.05,1085.05,12556
1655785500,1085.05,1088.25,1085.05,1088.25,4143
1655785800,1088.25,1093.65,1088.0,1093.65,7952
1655786100,1093.65,1094.85,1091.9,1094.6,5836
1655786400,1094.6,1094.6,1091.9,1092.65,1899
1655786700,1092.65,1094.6,1092.05,1092.55,6256
1655787000,1092.55,1095.7,1091.4,1094.5,10323
1655787300,1094.4,1094.6,1092.05,1094.2,9584
1655787600,1093.9,1095.0,1093.45,1093.65,8260
1655787900,1093.65,1094.65,1092.5,1092.7,6040
1655788200,1093.2,1093.95,1092.05,1092.3,4942
1655788500,1092.35,1092.55,1090.45,1091.1,5640
1655788800,1091.1,1092.35,1089.45,1092.35,6925
1655789100,1092.35,1092.35,1090.75,1091.3,4513
1655789400,1091.3,1091.35,1088.0,1089.75,6189
1655789700,1089.75,1089.75,1088.1,1088.85,4185
1655790000,1088.85,1090.95,1088.35,1090.1,8890
1655790300,1090.05,1090.8,1088.8,1088.8,5137
1655790600,1088.55,1089.65,1088.1,1089.25,5404
1655790900,1089.25,1089.7,1088.05,1089.1,4314
1655791200,1089.05,1090.15,1088.3,1089.95,4630
1655791500,1089.95,1090.0,1088.15,1088.8,6038
1655791800,1088.9,1090.0,1088.4,1089.0,6190
1655792100,1089.0,1090.0,1088.75,1088.9,4065
1655792400,1088.9,1089.85,1088.75,1089.0,3638
1655792700,1089.0,1089.95,1088.75,1088.8,4251
1655793000,1088.85,1089.85,1088.75,1089.0,3672
1655793300,1089.0,1090.0,1088.75,1088.8,4511
1655793600,1088.75,1089.35,1088.75,1089.25,5674
1655793900,1089.25,1094.5,1089.2,1093.4,33907
1655794200,1093.4,1094.9,1093.3,1094.9,4396
1655794500,1094.9,1095.0,1093.95,1094.5,4109
1655794800,1094.5,1095.65,1094.25,1094.7,5211
1655795100,1094.45,1095.0,1093.0,1094.45,5823
1655795400,1093.8,1094.95,1093.05,1093.75,4174
1655795700,1093.8,1095.0,1093.7,1094.8,6006
1655796000,1094.8,1095.0,1093.5,1094.95,7193
1655796300,1095.0,1097.0,1094.95,1096.15,6246
1655796600,1096.15,1098.0,1096.15,1097.05,5280
1655796900,1097.1,1097.5,1095.8,1097.4,5564
1655797200,1097.4,1098.1,1097.05,1097.9,6150
1655797500,1097.85,1098.0,1095.0,1096.2,6786
1655797800,1096.2,1097.7,1095.35,1095.5,5110
1655798100,1095.5,1095.5,1092.4,1094.85,6756
1655798400,1094.85,1095.85,1093.7,1095.3,6132
1655798700,1095.2,1097.5,1093.55,1096.75,9567
1655799000,1096.8,1098.0,1096.05,1096.8,8410
1655799300,1096.8,1098.0,1095.25,1098.0,5523
1655799600,1098.0,1098.0,1096.15,1097.4,7211
1655799900,1097.4,1098.5,1096.65,1097.95,13289
1655800200,1098.0,1098.0,1092.6,1092.6,24654
1655800500,1092.8,1094.25,1092.2,1093.25,10245
1655800800,1093.2,1093.5,1089.65,1092.25,13210
1655801100,1092.2,1095.0,1091.8,1092.1,18067
1655801400,1092.15,1093.0,1090.8,1092.35,12782
1655801700,1092.35,1093.0,1091.45,1093.0,8117
1655802000,1093.0,1095.35,1092.35,1094.55,10344
1655802300,1094.55,1095.0,1093.05,1094.8,8266
1655802600,1094.7,1095.0,1091.2,1092.05,7194
1655802900,1091.75,1092.9,1091.0,1092.55,8094
1655803200,1092.4,1094.95,1091.4,1093.95,8701
1655803500,1093.95,1094.0,1092.55,1093.5,10020
1655803800,1093.9,1095.5,1093.3,1095.5,21212
1655804100,1095.95,1097.8,1095.85,1097.3,21654
1655804400,1097.35,1097.35,1095.05,1096.7,23568
1655804700,1096.75,1097.35,1095.6,1096.9,15325
1655805000,1096.75,1097.5,1096.05,1097.4,25177
1655805300,1097.4,1097.6,1095.0,1097.6,19136
1655869500,1095.5,1096.0,1081.25,1081.95,16228
1655869800,1081.95,1082.8,1078.3,1078.4,15113
1655870100,1077.85,1077.85,1074.5,1074.5,7253
1655870400,1074.25,1077.85,1073.4,1077.25,9235
1655870700,1077.25,1078.25,1075.0,1076.55,4479
1655871000,1076.55,1077.4,1074.9,1075.6,3351
1655871300,1076.05,1078.5,1075.15,1077.0,3877
1655871600,1076.5,1078.85,1076.35,1076.5,10266
1655871900,1076.5,1077.5,1075.6,1076.05,3412
1655872200,1076.05,1076.95,1072.6,1073.4,6742
1655872500,1073.4,1074.6,1071.6,1072.95,4180
1655872800,1072.95,1075.7,1071.6,1075.0,7471
1655873100,1075.0,1075.8,1073.4,1075.7,2192
1655873400,1075.7,1077.8,1075.0,1077.2,2795
1655873700,1077.2,1079.8,1076.7,1078.4,6800
1655874000,1078.4,1079.6,1077.05,1078.0,1913
1655874300,1078.2,1079.3,1077.25,1077.65,1527
1655874600,1077.65,1077.65,1074.9,1074.9,2675
1655874900,1074.05,1075.15,1073.1,1073.5,1321
1655875200,1073.5,1074.55,1072.8,1074.0,1884
1655875500,1073.65,1074.0,1072.5,1073.95,2909
1655875800,1073.95,1074.95,1072.95,1073.05,2564
1655876100,1073.05,1073.05,1069.0,1069.45,6792
1655876400,1069.45,1069.75,1067.85,1068.8,3615
1655876700,1068.8,1069.65,1066.6,1066.6,4988
1655877000,1066.6,1067.85,1064.45,1064.85,7058
1655877300,1064.85,1065.65,1062.8,1062.8,4917
1655877600,1062.95,1067.55,1062.9,1066.65,4304
1655877900,1066.65,1067.0,1065.85,1066.1,767
1655878200,1066.1,1066.55,1063.5,1064.0,2039
1655878500,1064.0,1066.2,1063.7,1064.7,3278
1655878800,1064.65,1064.9,1063.0,1063.85,4204
1655879100,1063.4,1063.9,1063.0,1063.8,1882
1655879400,1063.8,1064.95,1063.0,1064.15,1948
1655879700,1064.15,1065.0,1063.35,1064.9,954
1655880000,1064.4,1065.1,1063.1,1065.1,3789
1655880300,1065.1,1066.8,1065.0,1066.5,2493
1655880600,1066.5,1066.5,1065.1,1065.65,2344
1655880900,1065.65,1066.5,1065.0,1066.5,4031
1655881200,1066.5,1067.3,1064.35,1065.6,8649
1655881500,1065.6,1065.9,1064.0,1065.2,7937
1655881800,1065.2,1066.0,1065.0,1065.4,2170
1655882100,1065.4,1066.55,1065.0,1066.1,1143
1655882400,1065.25,1065.6,1063.1,1065.0,7199
1655882700,1065.0,1065.2,1062.6,1063.3,4965
1655883000,1063.3,1065.2,1062.9,1065.05,29299
1655883300,1065.05,1066.1,1064.25,1065.75,9902
1655883600,1065.75,1066.2,1064.2,1065.05,10675
1655883900,1065.05,1066.0,1064.55,1065.1,7979
1655884200,1065.5,1066.9,1063.3,1064.35,18811
1655884500,1064.35,1065.5,1063.4,1065.15,8825
1655884800,1065.15,1065.85,1063.35,1065.05,4712
1655885100,1065.05,1065.15,1064.8,1065.15,4998
1655885400,1065.15,1066.8,1065.0,1066.0,3003
1655885700,1066.0,1066.3,1065.0,1065.1,3289
1655886000,1065.1,1065.95,1065.0,1065.8,3258
1655886300,1065.8,1066.5,1065.0,1065.15,3425
1655886600,1065.15,1066.9,1065.15,1066.85,3623
1655886900,1066.7,1069.55,1066.7,1067.75,5021
1655887200,1067.75,1068.45,1065.85,1066.65,4526
1655887500,1066.65,1066.65,1065.0,1065.45,3537
1655887800,1065.45,1067.1,1065.25,1066.5,2943
1655888100,1066.5,1066.85,1065.25,1066.15,3089
1655888400,1066.15,1070.6,1066.05,1069.15,27988
1655888700,1069.15,1069.65,1065.1,1065.35,4265
1655889000,1065.35,1067.25,1065.0,1065.0,4594
1655889300,1065.0,1066.7,1065.0,1066.15,6406
1655889600,1066.15,1068.0,1065.7,1066.9,3812
1655889900,1066.9,1070.2,1065.3,1070.2,10259
1655890200,1069.6,1070.0,1066.2,1067.05,23506
1655890500,1067.05,1067.6,1065.0,1066.6,9808
1655890800,1067.9,1070.15,1066.55,1070.0,27851
1655891100,1069.95,1070.95,1069.4,1069.85,21718
1655891400,1070.0,1070.95,1069.35,1070.0,24119
1655891700,1070.05,1075.3,1068.0,1070.0,54507
1655955900,1077.0,1078.0,1061.45,1069.95,19068
1655956200,1070.3,1070.8,1067.3,1069.45,4934
1655956500,1069.45,1073.05,1068.5,1072.35,4161
1655956800,1072.4,1074.55,1071.8,1071.9,7410
1655957100,1072.0,1073.35,1068.8,1071.8,6246
1655957400,1071.8,1073.55,1071.6,1072.7,11264
1655957700,1072.7,1075.7,1072.25,1075.0,7353
1655958000,1075.0,1075.3,1073.2,1074.75,4630
1655958300,1074.75,1078.7,1074.45,1077.5,14348
1655958600,1078.1,1078.95,1076.2,1076.95,9996
1655958900,1076.95,1077.45,1075.6,1077.45,9504
1655959200,1077.45,1082.15,1077.2,1082.0,6930
1655959500,1081.95,1081.95,1079.0,1079.05,4336
1655959800,1079.05,1079.5,1077.5,1078.75,6572
1655960100,1078.8,1081.15,1077.75,1080.0,5988
1655960400,1080.0,1081.25,1079.25,1081.0,5360
1655960700,1080.7,1082.0,1080.0,1082.0,1999
1655961000,1082.4,1082.4,1078.0,1078.05,4639
1655961300,1078.05,1081.0,1078.0,1078.7,11080
1655961600,1078.45,1082.0,1078.45,1081.9,1214
1655961900,1081.9,1081.9,1080.4,1081.75,1754
1655962200,1081.8,1082.5,1081.55,1082.45,3692
1655962500,1082.45,1083.0,1080.0,1081.0,9896
1655962800,1081.0,1081.2,1078.8,1079.35,26466
1655963100,1079.35,1080.8,1079.3,1080.8,45800
1655963400,1080.7,1081.4,1080.0,1080.4,3021
1655963700,1080.4,1081.0,1079.75,1080.1,12028
1655964000,1080.1,1080.5,1079.6,1080.0,10140
1655964300,1080.25,1080.25,1076.65,1077.45,8091
1655964600,1077.45,1078.0,1076.85,1077.0,1576
1655964900,1077.0,1077.3,1075.7,1075.7,2045
1655965200,1075.25,1075.45,1073.15,1074.7,4433
1655965500,1074.7,1075.0,1073.0,1073.95,2251
1655965800,1073.95,1074.75,1072.9,1073.45,742
1655966100,1072.9,1075.0,1072.3,1074.1,1482
1655966400,1074.1,1075.0,1072.55,1073.4,4539
1655966700,1073.4,1075.0,1071.0,1071.0,1899
1655967000,1071.3,1071.3,1068.0,1070.0,8224
1655967300,1070.0,1072.0,1068.35,1068.55,3692
1655967600,1068.75,1072.0,1068.65,1071.95,4188
1655967900,1071.7,1073.8,1070.95,1072.65,2319
1655968200,1072.65,1072.65,1070.35,1071.55,1571
1655968500,1071.55,1071.55,1069.45,1069.65,1939
1655968800,1069.65,1070.75,1068.35,1068.85,4235
1655969100,1068.3,1070.0,1068.0,1069.8,5437
1655969400,1069.7,1070.0,1067.7,1069.95,4903
1655969700,1069.95,1070.0,1065.45,1067.1,7228
1655970000,1067.15,1067.85,1065.85,1066.9,6800
1655970300,1067.3,1070.0,1066.0,1069.95,4841
1655970600,1069.95,1070.15,1067.55,1070.0,23108
1655970900,1069.55,1070.0,1065.5,1067.35,7829
1655971200,1067.35,1070.0,1066.65,1068.75,12889
1655971500,1068.75,1070.55,1067.85,1068.4,31532
1655971800,1069.65,1076.5,1068.7,1075.2,30114
1655972100,1076.25,1076.95,1072.65,1074.1,35106
1655972400,1074.1,1077.55,1074.1,1077.5,2578
1655972700,1077.7,1077.75,1075.2,1076.55,3082
1655973000,1076.2,1077.8,1074.5,1075.85,5200
1655973300,1075.85,1076.1,1074.5,1075.0,1241
1655973600,1075.0,1077.5,1074.2,1076.2,6875
1655973900,1076.55,1079.45,1076.05,1078.35,5409
1655974200,1078.35,1078.95,1076.35,1077.4,4226
1655974500,1077.45,1078.35,1075.2,1076.0,4539
1655974800,1076.0,1079.9,1075.25,1077.95,8438
1655975100,1077.9,1078.5,1074.3,1075.4,19232
1655975400,1075.95,1077.65,1075.0,1076.7,36964
1655975700,1076.55,1078.0,1075.7,1077.05,9062
1655976000,1077.25,1078.0,1076.85,1077.3,4580
1655976300,1077.9,1078.0,1076.0,1076.0,12599
1655976600,1076.2,1076.45,1072.4,1075.0,36572
1655976900,1075.0,1075.0,1072.3,1072.6,42075
1655977200,1072.25,1074.9,1071.75,1074.0,60392
1655977500,1074.15,1074.9,1072.25,1074.0,69604
1655977800,1074.0,1074.8,1072.0,1072.55,51748
1655978100,1072.1,1075.35,1071.85,1072.1,27029
1656042300,1072.1,1081.2,1072.1,1078.5,17966
1656042600,1078.5,1082.95,1078.3,1082.75,8031
1656042900,1082.75,1086.85,1080.4,1084.0,14257
1656043200,1083.9,1088.15,1082.95,1087.3,8948
1656043500,1086.05,1087.15,1084.1,1086.25,11467
1656043800,1086.95,1089.05,1086.0,1087.2,6030
1656044100,1087.2,1089.15,1086.0,1086.15,5053
1656044400,1086.8,1089.9,1086.3,1089.75,3224
1656044700,1089.75,1089.75,1088.4,1088.65,3719
1656045000,1089.0,1092.55,1087.4,1091.45,6029
1656045300,1091.55,1092.9,1086.5,1087.35,5705
1656045600,1087.35,1087.75,1085.25,1087.45,3232
1656045900,1087.45,1087.45,1083.2,1084.05,7710
1656046200,1083.25,1085.7,1083.1,1084.45,3027
1656046500,1084.45,1084.45,1080.8,1083.75,7503
1656046800,1084.0,1084.0,1080.2,1080.9,6627
1656047100,1080.9,1081.1,1078.8,1080.55,3112
1656047400,1080.55,1081.35,1078.05,1081.35,5032
1656047700,1081.35,1081.35,1079.3,1079.65,3507
1656048000,1079.65,1080.0,1078.0,1078.25,3429
1656048300,1078.25,1082.1,1078.25,1082.1,2812
1656048600,1082.1,1082.5,1080.85,1082.2,3390
1656048900,1082.2,1082.5,1081.35,1081.5,1141
1656049200,1081.5,1082.25,1081.5,1082.05,1349
1656049500,1082.05,1083.95,1081.5,1082.45,3107
1656049800,1082.45,1082.45,1080.2,1080.2,3148
1656050100,1080.2,1080.7,1077.5,1078.05,4815
1656050400,1077.9,1078.45,1076.7,1078.45,3503
1656050700,1078.45,1080.95,1078.45,1080.85,8149
1656051000,1080.8,1082.2,1079.65,1082.2,5052
1656051300,1082.2,1083.25,1079.1,1081.7,11717
1656051600,1081.7,1082.65,1080.25,1080.55,2923
1656051900,1080.55,1080.55,1077.8,1079.05,2614
1656052200,1079.05,1081.5,1078.25,1080.85,5669
1656052500,1080.85,1080.95,1079.25,1080.6,2939
1656052800,1080.95,1081.4,1076.85,1076.85,5028
1656053100,1076.85,1076.95,1075.55,1076.2,7876
1656053400,1076.2,1076.45,1075.05,1075.05,2621
1656053700,1075.1,1079.0,1075.05,1078.8,9203
1656054000,1078.8,1079.35,1076.6,1077.0,4621
1656054300,1077.0,1079.15,1076.05,1078.55,2828
1656054600,1078.55,1079.6,1077.7,1077.9,3513
1656054900,1077.9,1078.65,1076.1,1077.8,3023
1656055200,1077.45,1077.45,1075.5,1076.95,11106
1656055500,1076.95,1076.95,1075.7,1076.0,472
1656055800,1076.0,1080.75,1076.0,1080.75,5261
1656056100,1080.75,1081.85,1080.25,1081.5,1724
1656056400,1081.5,1082.0,1081.0,1082.0,4436
1656056700,1082.0,1082.0,1081.0,1081.9,2133
1656057000,1081.9,1083.05,1081.3,1083.05,3834
1656057300,1082.55,1083.4,1081.75,1083.25,2265
1656057600,1083.25,1083.65,1082.9,1083.2,1798
1656057900,1083.2,1083.25,1082.15,1082.15,815
1656058200,1082.15,1082.95,1080.2,1080.25,5255
1656058500,1080.25,1082.2,1080.0,1081.9,9239
1656058800,1081.9,1082.5,1080.8,1080.8,4033
1656059100,1080.8,1082.0,1080.8,1081.8,1254
1656059400,1081.8,1082.45,1080.7,1080.75,1825
1656059700,1080.75,1081.8,1080.1,1080.8,29686
1656060000,1080.8,1081.1,1080.55,1080.85,7400
1656060300,1080.85,1081.35,1079.85,1080.3,13100
1656060600,1080.3,1080.3,1079.0,1079.5,3799
1656060900,1079.5,1081.0,1079.1,1080.6,3957
1656061200,1080.6,1082.3,1079.7,1079.7,2926
1656061500,1080.0,1081.3,1079.0,1080.3,3106
1656061800,1080.3,1080.6,1079.05,1079.4,2950
1656062100,1079.4,1079.95,1079.05,1079.6,1119
1656062400,1079.35,1079.35,1077.05,1077.05,8926
1656062700,1077.05,1077.5,1076.0,1077.0,7270
1656063000,1077.0,1077.6,1076.25,1076.9,23823
1656063300,1078.3,1078.35,1076.9,1078.35,27328
1656063600,1078.2,1080.0,1078.2,1079.65,13183
1656063900,1079.65,1080.0,1079.35,1079.55,26284
1656064200,1079.55,1079.55,1078.75,1079.5,13028
1656064500,1079.5,1079.65,1077.05,1077.05,12955
1656301500,1083.9,1090.15,1083.9,1087.35,15553
1656301800,1088.0,1092.8,1088.0,1091.9,12856
1656302100,1092.45,1095.5,1091.65,1094.5,19463
1656302400,1093.85,1094.7,1090.95,1091.0,16955
1656302700,1091.0,1095.9,1090.95,1093.9,12053
1656303000,1093.9,1093.9,1091.0,1091.65,3290
1656303300,1091.15,1091.15,1087.35,1088.8,8458
1656303600,1088.8,1089.0,1085.6,1085.8,6372
1656303900,1085.8,1086.1,1084.0,1084.6,5273
1656304200,1085.3,1086.35,1084.6,1085.95,5029
1656304500,1085.95,1086.5,1085.25,1085.5,2770
1656304800,1085.5,1086.2,1085.5,1085.5,5396
1656305100,1085.5,1086.0,1084.85,1085.2,3343
1656305400,1085.6,1089.2,1084.7,1089.1,4713
1656305700,1089.1,1089.45,1087.65,1088.0,7265
1656306000,1088.0,1088.2,1086.5,1088.0,4230
1656306300,1088.0,1088.0,1086.55,1087.0,3967
1656306600,1087.0,1089.0,1086.0,1086.3,14392
1656306900,1086.0,1086.35,1083.6,1084.55,2770
1656307200,1084.55,1085.35,1082.2,1085.35,6702
1656307500,1085.55,1085.9,1084.25,1085.0,4246
1656307800,1085.0,1085.85,1084.7,1085.0,14300
1656308100,1085.0,1086.2,1084.65,1085.0,16211
1656308400,1085.0,1086.7,1084.95,1086.2,18628
1656308700,1086.2,1086.75,1084.0,1085.05,5381
1656309000,1085.25,1086.0,1084.25,1085.0,2676
1656309300,1085.0,1085.1,1084.05,1084.15,1124
1656309600,1084.15,1084.15,1081.3,1083.2,7887
1656309900,1083.2,1083.7,1080.8,1081.25,4946
1656310200,1081.25,1083.0,1081.05,1081.45,1721
1656310500,1081.45,1082.25,1080.4,1081.9,2690
1656310800,1081.9,1082.6,1080.0,1080.1,7998
1656311100,1080.0,1082.35,1080.0,1082.35,4828
1656311400,1082.25,1082.6,1080.55,1081.0,2882
1656311700,1080.9,1081.8,1079.5,1080.0,39749
1656312000,1080.0,1080.0,1077.05,1077.05,21433
1656312300,1077.05,1081.15,1077.05,1079.0,84412
1656312600,1079.0,1083.0,1078.95,1082.0,20207
1656312900,1082.0,1083.0,1080.25,1081.5,8949
1656313200,1081.5,1082.5,1080.0,1081.75,32585
1656313500,1081.75,1083.0,1081.25,1081.75,18939
1656313800,1081.7,1083.0,1081.45,1082.55,13576
1656314100,1082.55,1086.25,1081.7,1086.0,6446
1656314400,1086.0,1089.2,1085.65,1088.8,5488
1656314700,1088.35,1089.8,1088.05,1088.95,4500
1656315000,1088.95,1091.55,1088.8,1090.9,11925
1656315300,1091.2,1094.0,1090.8,1093.1,8899
1656315600,1093.1,1093.65,1091.0,1091.05,5848
1656315900,1091.05,1092.85,1091.05,1092.5,6768
1656316200,1092.5,1092.5,1091.85,1092.0,2632
1656316500,1092.0,1093.65,1091.7,1093.45,4919
1656316800,1093.3,1094.8,1092.2,1092.45,8928
1656317100,1092.45,1094.7,1092.3,1094.05,2822
1656317400,1094.05,1095.0,1094.0,1095.0,4843
1656317700,1095.0,1096.6,1094.6,1094.7,7728
1656318000,1094.7,1094.8,1092.05,1092.75,5360
1656318300,1092.75,1095.0,1092.35,1094.85,6141
1656318600,1094.85,1096.0,1094.3,1095.0,5906
1656318900,1095.0,1095.0,1091.75,1092.15,5648
1656319200,1092.15,1092.95,1090.2,1092.7,7149
1656319500,1092.7,1093.1,1091.05,1092.95,4600
1656319800,1092.95,1092.95,1091.45,1092.0,3350
1656320100,1092.0,1092.0,1089.6,1091.6,5445
1656320400,1092.0,1094.5,1091.6,1093.15,5474
1656320700,1092.75,1092.75,1089.3,1089.3,6305
1656321000,1089.05,1090.65,1088.1,1088.75,6727
1656321300,1089.1,1091.0,1088.5,1090.45,5300
1656321600,1090.45,1091.05,1089.5,1089.55,3797
1656321900,1089.5,1092.1,1088.55,1091.6,6045
1656322200,1091.6,1091.7,1083.25,1084.5,23512
1656322500,1085.45,1086.8,1083.8,1084.55,21552
1656322800,1084.55,1086.2,1083.8,1085.65,20619
1656323100,1085.65,1085.8,1083.25,1084.75,25306
1656323400,1084.75,1085.3,1082.2,1082.85,26507
1656323700,1082.85,1085.0,1081.0,1084.5,20422
1656387900,1085.0,1090.0,1078.1,1079.55,15560
1656388200,1079.55,1080.0,1072.0,1073.3,15513
1656388500,1072.6,1073.45,1068.45,1068.8,17576
1656388800,1068.8,1071.95,1068.0,1071.85,7048
1656389100,1071.85,1072.0,1069.15,1069.7,4667
1656389400,1069.45,1073.6,1069.45,1071.4,10879
1656389700,1071.4,1072.2,1069.85,1070.1,3297
1656390000,1070.1,1070.4,1068.4,1068.55,4059
1656390300,1068.95,1069.2,1068.05,1068.5,3706
1656390600,1068.05,1069.9,1068.05,1069.0,2814
1656390900,1069.0,1072.85,1068.0,1071.55,6523
1656391200,1071.2,1072.0,1069.25,1070.05,5851
1656391500,1070.0,1072.35,1070.0,1071.9,3807
1656391800,1072.4,1073.65,1072.4,1073.6,4378
1656392100,1073.6,1078.45,1073.6,1076.95,9945
1656392400,1077.4,1079.75,1076.8,1079.25,7932
1656392700,1079.7,1080.0,1078.0,1079.55,6161
1656393000,1079.95,1080.95,1078.6,1080.2,4409
1656393300,1080.2,1080.7,1077.2,1077.3,4746
1656393600,1077.3,1078.55,1076.15,1078.25,4562
1656393900,1078.2,1079.1,1075.5,1076.25,5381
1656394200,1076.85,1078.3,1074.6,1074.6,9255
1656394500,1074.7,1076.95,1074.55,1075.35,4289
1656394800,1075.3,1076.6,1074.9,1075.25,11058
1656395100,1075.7,1076.0,1073.8,1074.3,4133
1656395400,1074.3,1075.45,1073.45,1073.85,3289
1656395700,1073.85,1074.8,1073.3,1074.2,3963
1656396000,1074.25,1075.5,1074.1,1075.45,6695
1656396300,1075.5,1078.75,1075.0,1078.2,7389
1656396600,1078.2,1080.5,1078.15,1080.15,5959
1656396900,1080.0,1080.95,1080.0,1080.05,4604
1656397200,1080.0,1082.4,1080.0,1081.9,7017
1656397500,1082.3,1082.5,1080.0,1081.0,4246
1656397800,1081.35,1081.95,1079.2,1079.2,5114
1656398100,1079.2,1081.2,1079.2,1080.05,4019
1656398400,1080.0,1081.7,1080.0,1080.25,3388
1656398700,1080.25,1081.15,1078.55,1080.55,6657
1656399000,1080.55,1081.75,1078.7,1080.75,9833
1656399300,1081.25,1081.65,1080.1,1080.1,4587
1656399600,1080.2,1084.8,1080.0,1083.65,4740
1656399900,1083.85,1085.55,1083.15,1085.1,5841
1656400200,1085.2,1086.75,1084.0,1084.25,4354
1656400500,1084.2,1085.7,1081.6,1082.6,5909
1656400800,1082.05,1084.2,1082.0,1084.0,3202
1656401100,1084.0,1085.05,1082.25,1082.55,4765
1656401400,1082.5,1083.5,1082.05,1082.4,5682
1656401700,1082.4,1082.4,1077.85,1078.6,12913
1656402000,1078.85,1079.95,1078.5,1078.5,6017
1656402300,1078.55,1078.95,1077.2,1078.35,6086
1656402600,1078.4,1080.15,1078.35,1079.25,4513
1656402900,1079.2,1081.25,1078.75,1080.05,5296
1656403200,1080.85,1081.8,1080.0,1081.4,4351
1656403500,1081.4,1084.8,1081.2,1083.75,5090
1656403800,1083.65,1084.2,1076.2,1076.95,16348
1656404100,1076.25,1081.45,1076.25,1080.85,5272
1656404400,1081.1,1083.35,1080.45,1081.35,3329
1656404700,1081.35,1082.45,1080.5,1081.1,3352
1656405000,1081.0,1082.8,1080.65,1080.8,3710
1656405300,1080.7,1082.75,1080.5,1080.95,2687
1656405600,1080.85,1081.55,1080.0,1080.8,2386
1656405900,1080.95,1081.6,1078.0,1078.05,6477
1656406200,1078.3,1079.4,1077.3,1078.2,7590
1656406500,1078.1,1079.4,1077.35,1078.35,10072
1656406800,1078.35,1079.35,1077.0,1078.6,11000
1656407100,1078.6,1080.0,1078.05,1078.35,7878
1656407400,1078.3,1080.45,1077.6,1077.8,10240
1656407700,1077.8,1078.25,1077.0,1077.5,6354
1656408000,1077.0,1078.55,1074.65,1077.5,10607
1656408300,1077.5,1078.45,1075.0,1076.75,7363
1656408600,1075.75,1078.1,1075.0,1076.45,21891
1656408900,1076.75,1077.95,1076.75,1077.9,18283
1656409200,1077.9,1078.6,1075.8,1076.95,19815
1656409500,1076.95,1080.0,1076.95,1079.1,20429
1656409800,1079.1,1079.8,1078.0,1079.8,20426
1656410100,1079.8,1085.05,1078.2,1080.75,22517
1656474300,1070.05,1088.0,1070.0,1082.05,38985
1656474600,1081.75,1085.85,1079.8,1084.4,33376
1656474900,1084.4,1084.8,1078.65,1078.65,30655
1656475200,1078.6,1078.8,1073.95,1075.65,18054
1656475500,1075.7,1077.95,1075.05,1075.5,12265
1656475800,1075.5,1076.25,1074.0,1075.55,6615
1656476100,1075.55,1076.3,1074.0,1075.55,21626
1656476400,1075.25,1077.15,1075.25,1075.9,6821
1656476700,1075.45,1075.55,1073.05,1073.6,4692
1656477000,1073.6,1074.8,1073.45,1074.2,5480
1656477300,1074.0,1075.0,1073.0,1073.6,4971
1656477600,1073.25,1074.05,1072.8,1073.15,6442
1656477900,1073.15,1074.8,1072.45,1074.05,5667
1656478200,1074.0,1075.45,1074.0,1074.4,5666
1656478500,1074.05,1075.05,1071.0,1071.55,7004
1656478800,1071.55,1073.7,1070.55,1073.35,4635
1656479100,1073.35,1073.75,1071.85,1072.3,7048
1656479400,1072.25,1073.65,1070.75,1072.3,7000
1656479700,1072.0,1073.25,1071.25,1072.25,4352
1656480000,1072.15,1073.95,1072.0,1073.65,3806
1656480300,1073.45,1073.95,1072.95,1073.3,4224
1656480600,1073.1,1073.75,1072.4,1072.7,4099
1656480900,1072.6,1074.3,1072.6,1074.15,3839
1656481200,1074.0,1074.8,1073.6,1074.5,3694
1656481500,1074.5,1075.7,1074.2,1074.4,7915
1656481800,1074.4,1074.95,1072.5,1073.35,5717
1656482100,1073.05,1074.05,1072.0,1072.5,5845
1656482400,1072.4,1073.1,1070.4,1071.65,10121
1656482700,1071.6,1072.35,1070.2,1071.3,6639
1656483000,1071.05,1071.75,1066.7,1067.95,14521
1656483300,1067.95,1068.95,1067.3,1067.5,7138
1656483600,1067.5,1068.0,1063.7,1066.35,20279
1656483900,1066.35,1066.95,1065.4,1066.95,4855
1656484200,1066.95,1067.65,1066.5,1066.75,6731
1656484500,1066.75,1068.0,1066.25,1066.75,3651
1656484800,1066.6,1067.3,1065.05,1065.15,5445
1656485100,1065.15,1066.7,1063.95,1063.95,5066
1656485400,1064.0,1064.0,1062.0,1062.9,11726
1656485700,1062.9,1063.6,1058.1,1058.95,12945
1656486000,1058.95,1060.15,1057.55,1060.15,8963
1656486300,1060.15,1061.65,1058.5,1058.5,6625
1656486600,1058.5,1059.0,1057.05,1057.55,5943
1656486900,1057.6,1059.5,1057.55,1058.1,6219
1656487200,1058.0,1059.7,1058.0,1059.7,6734
1656487500,1059.4,1059.9,1057.25,1059.15,5585
1656487800,1059.4,1059.95,1058.1,1059.0,2732
1656488100,1059.0,1060.6,1056.3,1056.65,12387
1656488400,1056.65,1057.5,1056.25,1056.85,6271
1656488700,1056.85,1057.0,1056.25,1056.8,4237
1656489000,1056.8,1057.65,1056.55,1056.8,3771
1656489300,1056.8,1057.4,1056.25,1056.3,4589
1656489600,1056.3,1058.25,1056.25,1057.0,5267
1656489900,1057.0,1057.85,1056.5,1057.05,4180
1656490200,1057.05,1057.85,1055.5,1055.5,10130
1656490500,1055.25,1055.9,1052.4,1053.3,11244
1656490800,1053.3,1053.85,1051.55,1053.15,6276
1656491100,1053.15,1055.8,1052.9,1055.8,11423
1656491400,1055.6,1056.95,1055.35,1056.5,9921
1656491700,1056.3,1060.75,1056.1,1060.2,10565
1656492000,1060.2,1060.9,1059.0,1059.3,7198
1656492300,1059.15,1060.0,1059.0,1059.7,8777
1656492600,1059.7,1063.5,1059.6,1062.7,10857
1656492900,1062.55,1063.2,1061.1,1061.5,6748
1656493200,1061.5,1063.0,1061.15,1062.4,8543
1656493500,1062.4,1063.0,1061.4,1063.0,12718
1656493800,1063.0,1064.0,1062.25,1063.45,8591
1656494100,1063.2,1065.0,1062.5,1062.9,8158
1656494400,1062.9,1065.0,1062.3,1063.4,10248
1656494700,1063.4,1063.7,1060.8,1062.6,11872
1656495000,1062.75,1076.8,1062.45,1074.5,119662
1656495300,1074.8,1074.8,1063.2,1064.2,145522
1656495600,1064.4,1067.35,1063.05,1066.25,108842
1656495900,1066.4,1068.2,1065.55,1066.95,77705
1656496200,1066.9,1067.8,1065.0,1067.4,88312
1656496500,1067.2,1071.7,1061.65,1071.0,67020
1656560700,1073.5,1079.95,1057.55,1069.0,54466
1656561000,1068.15,1068.15,1063.5,1066.05,21437
1656561300,1066.05,1067.9,1063.95,1065.45,21527
1656561600,1065.45,1071.55,1065.0,1071.35,16270
1656561900,1071.0,1077.25,1070.45,1075.9,33389
1656562200,1075.9,1079.45,1075.9,1079.0,24187
1656562500,1079.0,1080.85,1077.75,1079.45,25402
1656562800,1079.45,1083.5,1079.4,1082.8,28595
1656563100,1082.8,1082.8,1075.5,1078.3,32003
1656563400,1078.3,1078.9,1074.55,1078.3,9611
1656563700,1078.3,1078.95,1074.1,1075.2,14882
1656564000,1075.2,1079.7,1074.75,1079.2,11786
1656564300,1079.2,1081.45,1078.4,1079.75,18453
1656564600,1079.6,1081.25,1077.85,1081.25,13140
1656564900,1081.0,1081.35,1077.0,1078.9,16837
1656565200,1078.8,1079.45,1076.35,1078.95,9512
1656565500,1078.95,1078.95,1076.85,1077.55,12266
1656565800,1077.55,1078.1,1076.6,1077.9,9517
1656566100,1077.9,1077.9,1073.35,1075.55,17049
1656566400,1075.05,1075.2,1071.9,1072.55,15418
1656566700,1072.0,1075.0,1071.3,1075.0,7135
1656567000,1075.05,1077.95,1074.45,1077.5,7372
1656567300,1077.5,1083.2,1077.5,1082.55,14699
1656567600,1082.55,1086.7,1080.45,1083.35,24547
1656567900,1082.1,1084.95,1080.3,1083.25,24115
1656568200,1083.25,1085.95,1083.25,1084.9,18078
1656568500,1084.9,1085.0,1082.0,1083.0,15747
1656568800,1083.0,1083.8,1081.65,1082.35,10580
1656569100,1082.25,1082.25,1077.05,1077.1,25041
1656569400,1077.1,1080.5,1076.0,1079.25,14776
1656569700,1079.25,1083.2,1079.25,1081.8,10021
1656570000,1081.8,1082.55,1079.65,1082.0,13557
1656570300,1082.0,1084.25,1080.9,1082.3,12053
1656570600,1082.2,1083.85,1081.8,1082.1,7011
1656570900,1082.05,1083.6,1080.0,1082.3,11005
1656571200,1082.05,1083.5,1079.65,1080.55,9557
1656571500,1080.55,1083.5,1080.0,1082.45,8449
1656571800,1082.85,1082.9,1079.2,1079.2,7372
1656572100,1079.2,1079.3,1076.0,1076.0,13734
1656572400,1076.0,1076.1,1071.7,1073.65,22616
1656572700,1074.0,1079.55,1071.45,1079.3,19049
1656573000,1079.1,1082.3,1076.5,1076.55,15622
1656573300,1076.5,1080.1,1076.25,1078.1,13305
1656573600,1078.1,1081.6,1078.05,1081.2,13046
1656573900,1080.8,1081.6,1078.35,1079.7,6433
1656574200,1079.7,1079.95,1077.5,1078.5,7038
1656574500,1078.5,1078.5,1076.5,1077.3,6409
1656574800,1077.3,1079.0,1076.2,1078.5,7348
1656575100,1078.5,1079.05,1076.65,1079.0,7679
1656575400,1079.0,1079.0,1077.35,1077.6,7439
1656575700,1077.6,1082.0,1076.05,1081.25,8768
1656576000,1081.35,1084.1,1081.05,1084.1,11752
1656576300,1083.4,1085.3,1083.2,1084.5,8895
1656576600,1084.7,1086.35,1083.75,1085.9,21495
1656576900,1085.9,1087.5,1084.7,1085.3,18442
1656577200,1085.3,1086.0,1082.7,1084.0,16073
1656577500,1084.0,1086.2,1083.1,1085.3,9611
1656577800,1085.3,1090.0,1084.0,1089.5,24678
1656578100,1089.5,1092.65,1087.5,1092.0,46806
1656578400,1092.0,1092.5,1089.05,1090.75,37074
1656578700,1090.25,1090.4,1082.85,1083.5,29367
1656579000,1083.2,1084.9,1081.65,1084.0,19969
1656579300,1084.0,1085.7,1083.05,1085.65,13226
1656579600,1085.65,1085.8,1083.7,1083.9,11301
1656579900,1083.85,1086.95,1083.85,1086.0,9167
1656580200,1085.8,1089.85,1085.8,1086.6,16090
1656580500,1087.0,1088.45,1084.65,1087.85,18074
1656580800,1087.85,1089.8,1086.8,1089.45,18237
1656581100,1089.3,1090.75,1086.8,1089.9,37161
1656581400,1089.9,1089.9,1084.05,1084.1,71201
1656581700,1084.1,1085.5,1082.65,1082.65,67506
1656582000,1082.95,1083.15,1079.25,1080.75,76436
1656582300,1080.85,1081.1,1078.3,1079.25,68675
1656582600,1078.8,1080.95,1078.0,1079.05,68384
1656582900,1079.05,1082.0,1074.75,1074.75,52669
1656647100,1085.45,1086.95,1075.0,1082.2,24110
1656647400,1082.85,1085.9,1081.1,1084.5,18535
1656647700,1084.5,1085.85,1083.0,1084.4,9662
1656648000,1083.55,1089.95,1083.3,1089.3,11663
1656648300,1089.9,1089.9,1084.45,1085.95,6698
1656648600,1085.5,1087.05,1083.15,1086.45,4639
1656648900,1086.6,1088.0,1084.9,1086.45,15449
1656649200,1086.45,1087.8,1085.45,1086.05,3120
1656649500,1086.1,1088.4,1084.55,1088.05,3751
1656649800,1088.3,1089.1,1084.15,1086.05,8318
1656650100,1085.45,1086.15,1081.05,1082.2,8739
1656650400,1082.45,1085.0,1081.7,1084.0,2753
1656650700,1084.0,1084.0,1082.35,1083.95,4139
1656651000,1083.95,1086.0,1083.4,1085.95,2950
1656651300,1085.95,1086.0,1084.1,1085.0,3054
1656651600,1085.25,1085.25,1082.6,1082.6,3489
1656651900,1082.5,1082.75,1081.35,1082.35,3761
1656652200,1082.35,1083.85,1081.0,1081.5,3245
1656652500,1081.5,1082.0,1079.0,1079.15,4260
1656652800,1079.15,1080.55,1079.0,1079.35,2686
1656653100,1079.1,1080.7,1079.0,1079.9,1642
1656653400,1079.9,1079.9,1079.05,1079.5,1981
1656653700,1079.5,1081.05,1078.8,1080.65,4471
1656654000,1080.65,1084.3,1080.6,1084.0,4493
1656654300,1084.0,1087.0,1083.8,1086.0,7798
1656654600,1086.0,1088.25,1085.95,1087.75,3503
1656654900,1087.75,1087.9,1086.3,1086.3,2810
1656655200,1086.3,1086.8,1085.15,1086.75,2373
1656655500,1086.7,1087.75,1086.4,1087.45,9391
1656655800,1087.45,1089.65,1087.35,1089.2,14687
1656656100,1089.5,1090.5,1082.15,1082.75,13267
1656656400,1082.75,1083.3,1080.3,1081.6,5740
1656656700,1081.7,1082.65,1081.6,1082.4,2758
1656657000,1082.4,1083.05,1080.65,1082.1,8868
1656657300,1082.5,1082.55,1081.05,1082.0,1855
1656657600,1082.0,1082.4,1081.1,1082.0,1482
1656657900,1082.0,1082.85,1081.7,1082.1,1967
1656658200,1082.1,1084.0,1081.5,1082.85,3083
1656658500,1082.85,1083.55,1082.0,1083.35,1565
1656658800,1083.35,1083.35,1080.0,1080.15,5549
1656659100,1080.15,1083.1,1080.15,1083.1,6876
1656659400,1083.1,1085.45,1082.15,1084.45,10159
1656659700,1084.45,1084.7,1082.95,1083.45,1603
1656660000,1083.45,1085.75,1083.0,1085.15,5504
1656660300,1085.2,1087.7,1085.0,1087.15,5393
1656660600,1087.15,1089.95,1087.15,1089.95,8624
1656660900,1090.0,1093.0,1089.45,1091.9,7705
1656661200,1091.9,1092.95,1091.0,1092.1,7345
1656661500,1092.1,1092.6,1091.0,1091.0,5097
1656661800,1091.0,1093.0,1088.7,1089.85,7348
1656662100,1089.85,1090.35,1088.35,1088.35,2062
1656662400,1088.95,1090.0,1086.1,1086.45,4739
1656662700,1086.45,1087.0,1085.0,1086.75,3991
1656663000,1086.75,1087.0,1086.0,1087.0,2540
1656663300,1087.0,1090.8,1086.25,1090.6,6934
1656663600,1090.6,1092.95,1090.6,1091.65,8035
1656663900,1091.65,1092.55,1091.25,1091.8,4042
1656664200,1091.8,1093.0,1091.15,1091.9,5200
1656664500,1092.2,1095.0,1091.95,1094.8,5681
1656664800,1094.5,1094.5,1089.15,1089.15,6966
1656665100,1089.15,1090.0,1089.15,1089.6,1608
1656665400,1089.6,1090.25,1089.25,1089.95,2963
1656665700,1090.0,1090.0,1087.8,1089.2,4195
1656666000,1089.2,1095.0,1089.2,1094.85,21291
1656666300,1094.55,1096.0,1093.25,1094.5,15273
1656666600,1094.5,1095.75,1093.45,1095.65,19323
1656666900,1095.1,1097.0,1094.85,1095.3,23774
1656667200,1095.35,1096.7,1093.95,1095.8,19203
1656667500,1095.8,1096.8,1094.25,1094.55,28649
1656667800,1094.55,1097.1,1093.95,1096.7,37675
1656668100,1096.9,1099.0,1096.0,1098.7,32929
1656668400,1098.7,1101.95,1098.5,1101.6,30073
1656668700,1101.45,1101.5,1099.65,1101.2,34484
1656669000,1101.25,1104.5,1101.1,1104.4,38058
1656669300,1104.4,1105.35,1098.05,1104.8,26399
1656906300,1105.0,1117.55,1100.0,1104.1,97169
1656906600,1103.85,1104.85,1097.1,1097.5,23462
1656906900,1097.5,1099.75,1095.1,1097.65,15522
1656907200,1097.65,1099.5,1097.2,1097.8,10700
1656907500,1097.8,1102.8,1097.05,1101.75,16165
1656907800,1101.75,1103.4,1100.5,1102.95,15457
1656908100,1102.35,1107.0,1102.35,1105.45,32429
1656908400,1105.45,1107.35,1104.4,1104.4,20330
1656908700,1104.4,1104.9,1098.05,1098.55,15502
1656909000,1098.15,1099.9,1097.25,1098.4,8623
1656909300,1098.3,1099.8,1097.85,1099.15,9270
1656909600,1099.15,1099.85,1096.85,1098.85,8428
1656909900,1098.85,1100.2,1098.1,1099.2,14842
1656910200,1099.2,1101.0,1099.2,1100.0,28248
1656910500,1100.0,1100.25,1097.2,1099.0,13131
1656910800,1099.0,1099.45,1097.15,1098.65,7903
1656911100,1098.65,1100.55,1098.65,1099.5,6996
1656911400,1099.5,1100.7,1098.15,1100.1,7465
1656911700,1100.1,1104.95,1100.1,1104.15,14864
1656912000,1104.15,1105.6,1101.55,1105.0,12554
1656912300,1105.0,1110.7,1104.75,1109.95,20848
1656912600,1109.6,1111.0,1108.1,1110.55,118404
1656912900,1110.85,1112.0,1109.9,1110.45,17615
1656913200,1110.45,1112.5,1109.95,1112.5,15538
1656913500,1112.5,1116.0,1112.0,1114.0,73501
1656913800,1113.65,1114.0,1106.7,1107.45,9837
1656914100,1107.45,1109.95,1106.85,1108.65,8292
1656914400,1108.65,1110.0,1108.25,1109.0,6430
1656914700,1109.0,1109.0,1107.9,1108.7,8586
1656915000,1108.75,1109.5,1108.05,1108.45,5683
1656915300,1108.4,1108.85,1107.65,1108.5,6963
1656915600,1108.5,1112.8,1108.45,1112.1,38780
1656915900,1112.3,1115.3,1112.25,1114.9,10118
1656916200,1114.55,1117.7,1112.85,1112.85,12931
1656916500,1112.85,1113.35,1110.25,1110.7,6422
1656916800,1110.7,1110.85,1108.25,1110.0,10609
1656917100,1109.95,1111.8,1107.35,1111.55,11270
1656917400,1111.85,1114.6,1110.55,1114.3,16111
1656917700,1114.0,1116.45,1114.0,1115.4,13526
1656918000,1115.4,1118.0,1115.4,1117.75,13407
1656918300,1117.8,1118.0,1116.35,1117.0,8772
1656918600,1116.75,1118.65,1116.0,1118.65,30562
1656918900,1118.65,1121.75,1118.3,1121.6,18742
1656919200,1121.1,1122.0,1118.45,1118.55,59667
1656919500,1119.1,1120.0,1116.55,1118.2,17311
1656919800,1118.2,1118.85,1116.05,1116.8,7037
1656920100,1116.8,1120.0,1116.7,1119.25,9322
1656920400,1119.25,1119.8,1117.0,1117.4,11211
1656920700,1117.0,1119.55,1117.0,1118.45,10348
1656921000,1118.45,1120.0,1117.05,1118.9,16039
1656921300,1119.15,1119.45,1118.1,1118.8,7020
1656921600,1118.5,1119.0,1117.15,1117.35,5354
1656921900,1117.35,1120.0,1116.4,1119.75,52087
1656922200,1119.75,1120.0,1118.1,1118.75,13670
1656922500,1118.75,1119.5,1118.2,1118.6,6133
1656922800,1118.6,1119.9,1117.3,1119.15,6405
1656923100,1119.15,1120.0,1118.35,1118.8,5596
1656923400,1118.6,1119.3,1118.05,1119.05,5736
1656923700,1119.05,1120.0,1118.7,1119.45,9188
1656924000,1119.45,1119.45,1116.75,1117.4,12952
1656924300,1117.4,1118.45,1116.95,1117.25,10518
1656924600,1117.25,1118.5,1117.25,1118.0,10971
1656924900,1118.0,1119.0,1117.45,1118.95,19238
1656925200,1119.0,1119.0,1118.05,1118.2,28486
1656925500,1118.2,1118.8,1117.55,1117.6,11671
1656925800,1117.6,1118.3,1116.9,1118.0,9428
1656926100,1118.0,1119.0,1117.6,1118.8,24325
1656926400,1118.8,1119.6,1118.4,1118.75,21255
1656926700,1118.8,1121.15,1118.4,1119.45,22930
1656927000,1119.65,1119.7,1117.85,1118.5,48748
1656927300,1118.7,1119.0,1117.8,1118.15,14326
1656927600,1118.15,1119.0,1117.95,1118.95,24189
1656927900,1118.95,1119.0,1117.15,1117.8,28328
1656928200,1117.85,1117.85,1113.65,1113.65,24199
1656928500,1113.6,1118.55,1111.65,1116.35,19226
1656992700,1118.0,1125.65,1118.0,1124.15,20020
1656993000,1123.8,1128.0,1122.85,1126.5,25612
1656993300,1126.5,1126.75,1123.4,1125.6,18265
1656993600,1125.6,1125.8,1123.5,1123.6,9952
1656993900,1123.6,1127.0,1123.6,1126.45,16603
1656994200,1126.45,1127.3,1123.65,1126.95,55561
1656994500,1126.95,1127.6,1125.8,1126.05,15107
1656994800,1126.05,1127.55,1126.0,1127.05,5111
1656995100,1127.05,1127.8,1126.9,1127.45,5588
1656995400,1127.45,1130.0,1126.95,1129.75,68149
1656995700,1129.9,1131.35,1128.2,1129.2,76754
1656996000,1129.0,1129.4,1126.7,1127.0,44709
1656996300,1127.0,1127.35,1124.0,1124.8,6588
1656996600,1124.8,1124.85,1122.05,1123.15,12741
1656996900,1123.15,1123.2,1121.6,1122.4,4043
1656997200,1122.4,1122.4,1118.6,1119.65,8199
1656997500,1120.05,1123.0,1119.95,1122.95,14836
1656997800,1122.55,1125.25,1122.0,1124.95,9906
1656998100,1124.95,1125.15,1123.25,1124.35,6901
1656998400,1124.35,1125.15,1123.6,1125.0,2723
1656998700,1125.0,1125.6,1124.5,1124.95,4041
1656999000,1124.95,1125.1,1122.15,1123.0,3477
1656999300,1123.0,1125.45,1122.85,1125.0,3562
1656999600,1125.0,1125.6,1124.05,1124.85,2191
1656999900,1124.85,1125.0,1123.2,1124.55,2248
1657000200,1124.55,1125.65,1124.55,1125.05,1314
1657000500,1125.6,1125.65,1124.75,1124.75,2172
1657000800,1124.75,1127.0,1124.75,1126.2,7534
1657001100,1126.15,1127.0,1125.8,1126.25,5898
1657001400,1126.25,1126.75,1125.0,1125.05,2604
1657001700,1125.3,1125.7,1124.4,1124.5,5348
1657002000,1124.5,1125.0,1124.05,1124.95,2263
1657002300,1124.95,1125.0,1124.3,1124.8,1442
1657002600,1124.8,1125.0,1124.05,1124.8,1834
1657002900,1124.8,1125.25,1124.1,1125.0,3209
1657003200,1125.0,1125.6,1124.35,1125.0,1481
1657003500,1125.0,1125.65,1124.5,1125.15,1938
1657003800,1125.15,1125.55,1124.85,1124.85,1231
1657004100,1125.0,1125.2,1124.65,1124.65,1018
1657004400,1124.65,1125.0,1123.5,1123.75,3850
1657004700,1123.75,1124.45,1123.6,1124.45,1857
1657005000,1124.55,1124.55,1122.05,1122.65,3131
1657005300,1122.65,1124.7,1122.35,1124.35,3894
1657005600,1124.35,1125.0,1124.35,1124.9,1134
1657005900,1124.9,1125.0,1123.8,1124.2,4221
1657006200,1124.2,1125.5,1122.2,1125.0,10604
1657006500,1125.0,1125.3,1124.4,1124.45,3250
1657006800,1124.7,1125.75,1123.25,1124.95,10090
1657007100,1124.95,1125.0,1123.3,1124.9,3699
1657007400,1124.9,1125.35,1123.8,1124.3,2354
1657007700,1124.45,1125.0,1124.05,1124.2,1570
1657008000,1124.2,1124.5,1123.75,1124.5,5386
1657008300,1124.5,1125.05,1122.25,1123.15,22631
1657008600,1123.05,1124.45,1122.25,1123.3,12874
1657008900,1123.3,1123.95,1121.05,1121.7,21307
1657009200,1121.1,1122.55,1120.75,1121.8,18017
1657009500,1121.55,1121.8,1119.2,1120.85,35636
1657009800,1120.85,1123.45,1119.85,1120.05,22400
1657010100,1120.05,1120.9,1115.5,1118.0,27271
1657010400,1118.0,1118.55,1116.3,1117.65,17515
1657010700,1117.55,1119.95,1115.45,1115.9,10406
1657011000,1115.6,1119.15,1115.6,1117.6,12742
1657011300,1117.6,1120.3,1117.4,1117.5,10285
1657011600,1117.3,1119.75,1117.3,1119.75,12010
1657011900,1119.75,1119.75,1117.5,1117.8,10150
1657012200,1117.75,1118.4,1115.7,1117.7,11096
1657012500,1117.7,1118.7,1117.5,1117.6,8888
1657012800,1117.6,1117.6,1113.6,1114.45,17130
1657013100,1114.45,1116.5,1113.15,1115.15,12113
1657013400,1115.2,1115.2,1110.1,1110.5,30190
1657013700,1110.6,1117.6,1110.55,1117.25,39803
1657014000,1117.1,1117.1,1108.95,1109.2,23235
1657014300,1109.2,1111.4,1107.6,1110.85,36247
1657014600,1110.9,1110.9,1107.1,1109.55,40761
1657014900,1109.5,1114.2,1106.95,1114.2,28426
1657079100,1114.2,1122.9,1114.2,1121.0,16962
1657079400,1121.1,1125.0,1120.05,1124.25,16970
1657079700,1124.25,1125.0,1121.0,1121.0,12476
1657080000,1121.05,1123.4,1117.6,1121.1,17595
1657080300,1121.1,1124.8,1121.1,1121.65,7820
1657080600,1121.1,1122.9,1119.45,1119.7,8689
1657080900,1119.7,1122.05,1119.5,1121.55,7031
1657081200,1121.55,1124.25,1121.2,1124.0,14311
1657081500,1124.0,1124.85,1122.1,1123.1,5543
1657081800,1123.1,1124.4,1122.75,1124.4,4003
1657082100,1124.4,1124.5,1123.5,1124.25,3560
1657082400,1124.25,1125.0,1119.25,1120.3,18882
1657082700,1120.15,1122.2,1119.6,1121.4,5411
1657083000,1121.4,1121.6,1118.0,1120.1,5366
1657083300,1120.1,1122.15,1119.4,1120.3,4180
1657083600,1120.3,1122.95,1120.25,1122.15,7412
1657083900,1122.15,1122.35,1119.45,1120.05,2699
1657084200,1120.05,1120.8,1119.0,1120.45,3050
1657084500,1120.45,1120.5,1118.45,1120.1,2616
1657084800,1120.1,1120.2,1118.6,1119.1,1171
1657085100,1119.1,1119.3,1118.0,1118.95,1485
1657085400,1118.8,1121.7,1118.8,1120.35,4589
1657085700,1120.35,1121.6,1119.6,1119.75,2155
1657086000,1119.75,1119.75,1118.2,1119.05,1673
1657086300,1119.0,1119.05,1117.1,1117.9,6389
1657086600,1117.9,1120.75,1117.8,1120.2,8295
1657086900,1120.2,1120.55,1117.25,1117.6,7700
1657087200,1117.9,1118.0,1116.0,1116.45,7681
1657087500,1116.45,1117.05,1112.55,1114.1,12685
1657087800,1114.1,1115.05,1113.0,1114.95,4450
1657088100,1114.9,1115.0,1113.6,1114.5,3223
1657088400,1114.5,1115.1,1113.4,1115.0,4776
1657088700,1115.0,1115.0,1113.1,1113.2,2648
1657089000,1113.2,1115.0,1112.65,1114.15,10267
1657089300,1114.15,1114.65,1112.4,1114.45,1831
1657089600,1114.45,1115.3,1114.0,1114.3,4543
1657089900,1114.3,1116.2,1114.3,1115.0,16723
1657090200,1115.0,1115.6,1114.5,1115.0,12521
1657090500,1115.0,1115.15,1114.65,1114.65,9986
1657090800,1114.65,1117.8,1114.65,1116.95,15498
1657091100,1116.95,1117.75,1114.35,1114.35,7348
1657091400,1114.35,1114.7,1112.0,1112.0,5033
1657091700,1112.0,1115.05,1111.0,1114.95,10626
1657092000,1114.95,1118.6,1114.95,1117.05,11279
1657092300,1117.05,1120.8,1117.05,1120.8,6967
1657092600,1120.8,1120.8,1119.0,1119.75,6124
1657092900,1119.75,1122.0,1119.15,1120.95,5986
1657093200,1120.95,1122.0,1120.15,1122.0,5153
1657093500,1122.0,1122.0,1118.4,1118.75,4562
1657093800,1118.75,1119.1,1118.0,1118.0,2038
1657094100,1118.0,1118.0,1116.0,1117.05,2305
1657094400,1117.05,1119.2,1116.9,1117.65,5308
1657094700,1117.65,1121.5,1117.65,1119.65,6538
1657095000,1119.65,1120.1,1117.0,1117.3,3920
1657095300,1117.3,1117.7,1116.05,1116.05,2550
1657095600,1116.05,1118.4,1116.05,1118.4,2917
1657095900,1118.4,1118.5,1116.75,1117.15,3029
1657096200,1117.45,1117.45,1114.3,1114.4,6222
1657096500,1114.25,1117.0,1114.25,1115.7,5518
1657096800,1115.5,1116.3,1114.35,1114.8,2684
1657097100,1114.8,1118.05,1114.8,1116.8,6338
1657097400,1116.8,1117.5,1115.65,1116.55,2129
1657097700,1117.0,1119.0,1116.5,1117.25,3959
1657098000,1117.25,1117.25,1114.05,1114.35,5731
1657098300,1114.65,1115.0,1114.05,1114.95,3052
1657098600,1114.95,1115.2,1113.8,1114.05,4295
1657098900,1114.05,1115.0,1113.2,1114.8,3397
1657099200,1114.8,1115.0,1113.75,1114.85,4309
1657099500,1114.85,1115.0,1113.7,1114.1,10826
1657099800,1114.75,1115.0,1114.05,1114.4,25556
1657100100,1114.55,1115.0,1113.5,1114.65,27521
1657100400,1114.65,1117.45,1114.35,1116.95,25748
1657100700,1116.8,1117.95,1116.8,1117.85,20663
1657101000,1117.85,1117.85,1116.9,1117.05,17730
1657101300,1117.0,1119.0,1115.95,1116.15,29955
1657165500,1121.7,1123.0,1117.5,1118.65,58092
1657165800,1118.65,1120.0,1114.55,1115.1,27162
1657166100,1115.1,1115.35,1112.1,1113.5,15517
1657166400,1113.05,1118.2,1113.05,1116.9,16660
1657166700,1116.1,1116.9,1114.35,1116.05,10042
1657167000,1116.05,1116.05,1114.05,1114.8,7315
1657167300,1114.4,1114.65,1111.5,1112.8,14411
1657167600,1113.15,1113.3,1111.95,1112.05,5243
1657167900,1111.95,1114.8,1111.95,1113.6,10249
1657168200,1113.55,1113.7,1111.7,1113.7,12311
1657168500,1113.35,1113.9,1111.55,1111.75,5997
1657168800,1111.75,1112.35,1111.15,1111.9,6035
1657169100,1111.6,1113.25,1111.6,1113.25,6541
1657169400,1113.35,1113.85,1112.0,1112.25,2982
1657169700,1112.85,1113.4,1112.0,1112.0,2280
1657170000,1112.45,1113.25,1112.0,1113.25,3577
1657170300,1113.65,1114.45,1112.1,1112.8,22556
1657170600,1112.8,1115.65,1112.75,1115.65,12048
1657170900,1115.65,1116.5,1115.45,1116.35,6479
1657171200,1116.35,1118.85,1116.35,1116.9,11081
1657171500,1117.4,1117.4,1115.75,1116.65,5965
1657171800,1116.65,1117.0,1115.75,1116.75,2523
1657172100,1116.75,1117.0,1116.0,1116.1,2639
1657172400,1116.1,1116.25,1115.3,1116.25,4690
1657172700,1116.25,1116.3,1115.45,1116.0,4870
1657173000,1115.95,1116.4,1115.85,1116.2,3377
1657173300,1116.2,1119.55,1116.2,1118.65,8085
1657173600,1118.65,1119.3,1118.15,1119.05,7394
1657173900,1119.05,1120.1,1118.65,1119.3,5987
1657174200,1119.3,1120.0,1117.35,1118.05,3291
1657174500,1118.05,1118.25,1117.1,1117.6,3661
1657174800,1117.6,1117.6,1116.8,1117.4,3532
1657175100,1117.4,1119.6,1117.1,1119.6,3187
1657175400,1119.6,1120.0,1119.0,1119.55,2703
1657175700,1119.55,1120.5,1119.2,1119.7,7189
1657176000,1119.7,1119.95,1118.25,1118.3,2580
1657176300,1118.3,1119.85,1117.65,1119.75,2750
1657176600,1119.75,1121.5,1118.9,1121.5,4384
1657176900,1121.1,1122.8,1120.95,1121.5,13134
1657177200,1121.85,1122.7,1120.95,1121.25,4379
1657177500,1121.25,1121.95,1119.75,1121.85,6064
1657177800,1121.85,1123.95,1121.25,1122.55,16384
1657178100,1122.55,1122.55,1120.4,1120.8,3251
1657178400,1120.8,1123.4,1120.4,1122.65,10970
1657178700,1122.65,1122.65,1120.85,1121.0,2226
1657179000,1121.0,1123.25,1120.7,1122.3,8826
1657179300,1122.3,1123.0,1120.9,1121.25,11330
1657179600,1121.25,1121.95,1120.65,1121.45,2318
1657179900,1121.45,1123.2,1121.25,1122.4,6689
1657180200,1122.4,1123.5,1121.2,1123.4,4828
1657180500,1123.4,1126.2,1122.45,1124.3,32814
1657180800,1124.65,1125.85,1123.25,1124.95,9710
1657181100,1124.95,1126.3,1124.95,1125.15,8915
1657181400,1125.15,1127.0,1125.0,1126.65,13846
1657181700,1126.8,1126.85,1124.0,1124.55,12275
1657182000,1124.55,1125.0,1123.1,1123.45,9273
1657182300,1124.25,1125.2,1123.6,1124.8,11927
1657182600,1124.8,1125.9,1123.1,1123.1,6080
1657182900,1123.0,1126.0,1122.35,1123.95,15279
1657183200,1123.95,1124.45,1120.7,1121.9,15841
1657183500,1121.9,1121.95,1118.0,1118.0,12532
1657183800,1118.0,1119.75,1118.0,1119.7,5095
1657184100,1119.7,1120.95,1118.35,1120.95,8078
1657184400,1120.75,1123.0,1120.3,1122.1,5363
1657184700,1122.1,1126.0,1122.0,1124.6,10798
1657185000,1124.6,1125.55,1124.05,1125.1,10730
1657185300,1125.1,1127.0,1124.1,1126.95,9401
1657185600,1126.95,1126.95,1124.8,1125.4,9925
1657185900,1125.4,1126.15,1124.3,1124.7,5878
1657186200,1124.3,1125.55,1123.45,1123.55,27317
1657186500,1124.0,1124.95,1122.85,1123.55,16971
1657186800,1123.55,1125.15,1122.8,1123.25,13774
1657187100,1123.25,1123.8,1122.9,1123.8,21624
1657187400,1123.55,1123.8,1123.15,1123.25,24905
1657187700,1123.0,1130.0,1122.35,1128.0,47630
1657251900,1135.8,1136.05,1128.05,1131.55,36936
1657252200,1131.5,1135.5,1131.25,1133.5,26802
1657252500,1133.5,1134.0,1129.1,1130.05,19364
1657252800,1130.0,1132.15,1129.45,1131.8,12005
1657253100,1131.5,1133.0,1131.35,1132.85,5743
1657253400,1132.6,1133.0,1131.25,1132.25,5491
1657253700,1132.25,1132.75,1129.55,1132.0,8208
1657254000,1132.0,1132.55,1131.5,1131.55,8225
1657254300,1131.55,1133.85,1130.75,1133.65,7494
1657254600,1133.7,1133.85,1130.1,1132.75,27916
1657254900,1132.75,1133.35,1132.1,1132.9,6394
1657255200,1132.85,1133.4,1131.05,1133.35,8902
1657255500,1133.4,1134.4,1133.0,1133.85,8001
1657255800,1133.75,1133.9,1132.7,1133.1,6534
1657256100,1133.15,1133.5,1130.7,1131.05,10273
1657256400,1131.2,1131.65,1129.6,1130.0,11155
1657256700,1130.0,1133.7,1127.55,1133.15,38672
1657257000,1133.4,1137.6,1133.05,1137.0,93571
1657257300,1137.0,1138.5,1136.55,1138.3,26243
1657257600,1138.3,1141.0,1136.3,1136.85,59540
1657257900,1136.85,1136.9,1133.75,1134.25,7723
1657258200,1134.25,1135.7,1134.0,1135.3,7849
1657258500,1135.3,1136.1,1134.25,1134.6,8254
1657258800,1134.6,1135.0,1133.3,1133.75,9172
1657259100,1133.75,1134.4,1133.5,1133.8,4983
1657259400,1133.8,1135.2,1133.05,1133.3,32894
1657259700,1133.75,1134.1,1132.2,1132.7,6961
1657260000,1132.7,1135.55,1132.7,1135.15,7802
1657260300,1135.15,1137.55,1134.95,1137.15,8723
1657260600,1137.05,1137.8,1136.05,1136.3,5443
1657260900,1136.45,1136.8,1135.25,1135.65,4241
1657261200,1135.45,1135.65,1134.5,1135.0,6668
1657261500,1135.0,1135.0,1133.75,1134.7,5360
1657261800,1134.7,1136.3,1134.7,1136.2,6527
1657262100,1136.3,1136.85,1134.6,1136.45,4279
1657262400,1136.55,1136.55,1134.4,1135.1,5946
1657262700,1135.4,1135.5,1133.8,1135.0,4699
1657263000,1134.95,1135.7,1134.25,1135.0,12175
1657263300,1135.0,1137.0,1135.0,1136.6,7597
1657263600,1137.1,1137.3,1136.0,1136.7,4243
1657263900,1136.7,1136.8,1136.0,1136.45,3492
1657264200,1136.5,1140.1,1136.4,1138.05,54604
1657264500,1138.05,1140.7,1138.05,1140.05,12933
1657264800,1140.05,1143.1,1139.5,1142.0,10563
1657265100,1142.0,1144.5,1141.4,1144.5,20707
1657265400,1144.4,1145.6,1143.2,1145.6,18442
1657265700,1145.35,1148.8,1145.0,1147.6,31253
1657266000,1147.6,1147.65,1145.25,1147.35,19395
1657266300,1147.35,1147.7,1145.55,1146.65,12671
1657266600,1146.6,1147.15,1145.0,1145.85,19659
1657266900,1145.85,1147.7,1145.65,1146.25,10372
1657267200,1146.4,1148.5,1146.35,1147.6,12770
1657267500,1147.6,1148.55,1147.05,1148.55,12904
1657267800,1148.6,1149.4,1147.65,1148.95,21583
1657268100,1148.95,1149.0,1146.3,1146.95,13469
1657268400,1146.95,1147.0,1145.5,1145.6,10350
1657268700,1145.6,1147.0,1145.1,1147.0,18570
1657269000,1147.0,1147.0,1145.2,1146.7,9488
1657269300,1146.7,1148.9,1146.7,1148.7,10654
1657269600,1148.7,1149.0,1148.5,1148.9,7840
1657269900,1148.9,1149.0,1145.2,1146.0,8707
1657270200,1146.0,1147.15,1146.0,1146.0,6698
1657270500,1146.2,1146.95,1145.35,1145.6,9687
1657270800,1145.7,1145.7,1143.55,1144.5,17400
1657271100,1144.5,1145.0,1143.85,1144.0,6463
1657271400,1143.5,1145.5,1143.5,1145.3,5785
1657271700,1145.3,1147.6,1143.25,1144.0,19881
1657272000,1144.0,1144.7,1142.0,1143.7,13846
1657272300,1143.7,1144.95,1143.6,1143.8,4396
1657272600,1143.8,1148.1,1143.6,1147.0,22208
1657272900,1147.75,1148.5,1146.45,1147.65,17361
1657273200,1147.65,1149.0,1146.7,1148.15,15803
1657273500,1148.7,1148.85,1144.25,1146.5,22425
1657273800,1146.5,1147.9,1145.4,1147.3,23584
1657274100,1147.3,1148.0,1145.0,1147.0,18429
1657511100,1145.95,1150.0,1141.05,1149.2,14032
1657511400,1149.2,1153.45,1146.9,1147.1,13171
1657511700,1147.1,1149.0,1145.95,1148.0,3541
1657512000,1148.45,1150.8,1147.1,1150.0,5277
1657512300,1150.0,1151.0,1148.35,1149.2,3612
1657512600,1149.2,1153.0,1149.2,1153.0,2772
1657512900,1151.9,1152.95,1148.15,1149.5,3982
1657513200,1149.5,1149.75,1147.7,1148.9,1929
1657513500,1148.9,1151.5,1148.3,1149.45,4648
1657513800,1149.45,1152.9,1149.45,1151.05,6418
1657514100,1151.0,1153.9,1150.0,1153.9,7723
1657514400,1153.9,1154.9,1148.8,1150.2,17295
1657514700,1150.2,1150.3,1148.4,1148.4,2009
1657515000,1148.4,1151.05,1147.6,1151.0,4971
1657515300,1151.0,1151.55,1148.2,1150.45,3062
1657515600,1150.45,1155.0,1149.5,1152.5,36775
1657515900,1152.7,1155.1,1150.4,1151.0,30333
1657516200,1150.7,1151.8,1150.55,1151.35,2966
1657516500,1151.35,1153.2,1151.0,1152.35,2690
1657516800,1152.45,1153.95,1152.2,1152.45,2131
1657517100,1152.45,1153.0,1150.85,1151.0,4898
1657517400,1151.0,1151.9,1150.3,1150.9,3866
1657517700,1151.0,1151.2,1150.0,1150.0,6740
1657518000,1150.6,1150.7,1149.55,1150.0,4059
1657518300,1150.0,1150.0,1149.0,1149.7,3463
1657518600,1149.7,1150.0,1148.55,1150.0,5252
1657518900,1150.0,1150.0,1148.25,1149.45,3385
1657519200,1149.45,1150.0,1148.0,1148.2,4598
1657519500,1148.2,1149.0,1148.0,1148.65,2639
1657519800,1148.65,1148.65,1145.1,1146.95,9963
1657520100,1146.95,1147.25,1146.3,1147.1,3256
1657520400,1147.1,1147.5,1146.8,1147.0,1480
1657520700,1147.0,1147.25,1146.75,1147.25,5557
1657521000,1147.25,1148.0,1147.1,1148.0,11028
1657521300,1148.0,1148.0,1147.95,1148.0,13713
1657521600,1148.0,1148.0,1147.8,1148.0,6662
1657521900,1148.0,1148.75,1147.0,1148.75,11621
1657522200,1148.75,1150.0,1148.55,1149.8,4640
1657522500,1149.8,1150.2,1149.35,1149.85,8887
1657522800,1150.0,1150.4,1149.35,1150.05,5695
1657523100,1150.0,1151.0,1149.45,1150.0,9221
1657523400,1150.0,1150.25,1149.2,1149.5,5737
1657523700,1149.5,1149.85,1148.05,1149.45,4759
1657524000,1149.45,1149.95,1148.4,1149.15,3117
1657524300,1149.6,1149.8,1148.25,1149.5,4293
1657524600,1149.5,1150.0,1149.15,1149.95,3780
1657524900,1149.95,1150.0,1149.05,1150.0,913
1657525200,1150.0,1150.0,1149.75,1150.0,3754
1657525500,1150.0,1150.0,1149.3,1149.95,971
1657525800,1149.95,1150.0,1147.05,1147.55,3280
1657526100,1147.55,1148.65,1147.0,1147.45,2589
1657526400,1147.45,1148.45,1146.1,1148.0,2007
1657526700,1148.0,1148.1,1147.45,1148.0,2620
1657527000,1147.6,1148.4,1146.55,1148.0,2786
1657527300,1148.0,1148.1,1147.1,1148.0,9419
1657527600,1148.0,1148.1,1147.9,1148.0,2477
1657527900,1148.0,1149.15,1147.95,1148.3,3620
1657528200,1148.3,1149.7,1147.85,1148.9,2699
1657528500,1148.85,1150.2,1148.5,1149.0,2931
1657528800,1149.2,1150.0,1147.45,1147.8,3258
1657529100,1147.8,1148.1,1147.8,1148.0,24089
1657529400,1148.0,1151.0,1147.95,1150.2,10225
1657529700,1150.2,1150.8,1148.95,1150.0,4376
1657530000,1150.0,1150.0,1149.45,1150.0,3162
1657530300,1150.0,1150.0,1149.1,1149.35,3435
1657530600,1149.35,1150.05,1149.25,1150.0,7518
1657530900,1150.0,1151.0,1149.8,1150.0,28513
1657531200,1150.0,1150.9,1149.1,1149.9,9997
1657531500,1149.9,1150.0,1148.7,1149.2,4066
1657531800,1148.5,1150.0,1147.2,1148.95,16263
1657532100,1149.5,1149.95,1147.8,1149.3,9188
1657532400,1149.25,1149.4,1146.8,1146.8,10228
1657532700,1147.1,1147.9,1146.5,1147.0,15832
1657533000,1146.95,1147.0,1146.3,1146.7,17017
1657533300,1146.75,1146.8,1143.0,1144.65,13039
1657597500,1143.0,1145.85,1137.2,1138.85,14842
1657597800,1138.25,1140.35,1135.8,1139.5,9559
1657598100,1139.5,1140.15,1137.0,1137.0,8571
1657598400,1137.0,1138.35,1135.55,1136.35,9368
1657598700,1136.5,1141.2,1135.8,1136.15,12256
1657599000,1136.15,1137.25,1136.05,1136.55,2359
1657599300,1136.55,1138.1,1136.05,1137.3,2946
1657599600,1136.8,1138.95,1136.8,1138.75,2497
1657599900,1138.25,1138.3,1136.4,1136.8,1571
1657600200,1136.8,1139.3,1136.5,1139.15,3119
1657600500,1139.15,1140.0,1137.65,1138.15,1819
1657600800,1138.15,1139.2,1137.4,1137.4,1288
1657601100,1137.95,1137.95,1136.15,1137.0,1652
1657601400,1137.0,1138.15,1136.5,1137.75,1197
1657601700,1137.75,1139.4,1137.4,1139.35,1377
1657602000,1139.35,1139.4,1138.3,1138.3,3227
1657602300,1138.3,1139.15,1137.0,1137.4,1956
1657602600,1137.4,1137.8,1136.0,1137.0,2419
1657602900,1136.25,1137.0,1135.65,1135.9,1229
1657603200,1135.9,1137.95,1135.3,1136.5,4027
1657603500,1136.5,1139.8,1136.5,1138.9,4945
1657603800,1138.9,1139.5,1137.8,1138.85,3381
1657604100,1138.85,1139.5,1138.3,1138.9,1337
1657604400,1138.9,1139.5,1138.05,1138.85,2250
1657604700,1138.85,1139.25,1138.55,1139.0,1055
1657605000,1139.0,1139.8,1138.8,1139.5,1442
1657605300,1139.5,1141.1,1138.95,1140.95,4758
1657605600,1141.0,1142.25,1139.95,1141.8,3628
1657605900,1141.95,1142.8,1141.15,1141.9,3149
1657606200,1141.85,1143.95,1140.2,1143.45,5560
1657606500,1143.45,1144.0,1142.0,1144.0,3676
1657606800,1143.65,1144.5,1143.35,1144.35,4429
1657607100,1144.35,1145.0,1143.35,1143.7,4766
1657607400,1142.85,1143.45,1141.2,1142.0,2639
1657607700,1142.0,1142.9,1141.4,1141.75,1084
1657608000,1141.75,1141.75,1139.2,1139.7,2589
1657608300,1139.75,1140.9,1138.75,1139.45,2447
1657608600,1139.45,1139.55,1137.3,1137.5,2238
1657608900,1137.65,1139.25,1137.55,1138.55,1646
1657609200,1138.55,1140.45,1138.0,1139.75,2582
1657609500,1139.75,1140.8,1138.95,1140.8,1154
1657609800,1140.8,1140.8,1139.45,1139.95,1067
1657610100,1139.45,1139.95,1137.7,1138.35,1204
1657610400,1138.05,1139.65,1137.3,1138.2,1294
1657610700,1138.2,1138.8,1137.5,1138.1,1200
1657611000,1138.45,1139.15,1134.9,1135.0,7771
1657611300,1135.0,1137.25,1134.1,1136.8,3572
1657611600,1136.8,1138.3,1136.5,1137.85,2162
1657611900,1137.85,1139.05,1137.1,1138.0,1997
1657612200,1138.0,1139.75,1137.55,1138.2,6748
1657612500,1138.25,1139.75,1137.05,1139.55,1720
1657612800,1139.55,1142.2,1139.55,1141.95,5872
1657613100,1141.95,1144.0,1141.3,1143.35,5743
1657613400,1143.35,1144.65,1142.5,1144.15,6422
1657613700,1144.7,1144.7,1142.8,1143.4,2864
1657614000,1143.0,1144.2,1143.0,1143.5,4313
1657614300,1143.5,1144.0,1143.0,1143.6,3928
1657614600,1143.65,1143.8,1142.9,1143.8,7721
1657614900,1143.8,1144.3,1143.0,1143.5,1842
1657615200,1143.5,1143.95,1143.0,1143.5,1274
1657615500,1143.5,1143.8,1143.1,1143.75,1485
1657615800,1143.75,1143.8,1142.2,1143.35,3379
1657616100,1143.35,1146.0,1143.2,1145.7,3692
1657616400,1145.7,1146.95,1145.0,1145.6,5003
1657616700,1145.65,1147.0,1144.95,1145.3,4612
1657617000,1145.3,1146.6,1144.6,1145.5,6757
1657617300,1145.5,1146.75,1144.7,1144.95,4240
1657617600,1145.25,1146.6,1144.7,1145.6,21767
1657617900,1145.45,1146.35,1140.0,1140.0,14124
1657618200,1140.5,1142.15,1140.0,1141.35,7365
1657618500,1141.55,1141.6,1139.2,1140.5,7178
1657618800,1140.5,1140.95,1138.85,1140.7,8487
1657619100,1140.65,1140.7,1137.55,1138.0,8095
1657619400,1138.05,1139.15,1137.85,1138.55,9219
1657619700,1138.6,1140.55,1137.35,1137.35,7847
1657683900,1145.45,1149.75,1141.45,1144.3,6928
1657684200,1144.8,1145.75,1143.4,1145.4,4482
1657684500,1145.4,1148.6,1145.4,1147.7,8470
1657684800,1147.7,1150.8,1145.4,1145.75,7340
1657685100,1145.65,1146.6,1144.45,1144.75,2093
1657685400,1144.75,1145.0,1143.5,1144.9,3830
1657685700,1144.9,1147.2,1144.55,1145.9,2123
1657686000,1145.9,1145.9,1143.55,1143.95,2435
1657686300,1143.95,1144.0,1143.3,1144.0,1175
1657686600,1144.0,1144.0,1143.1,1143.25,733
1657686900,1143.25,1144.55,1143.25,1144.5,1179
1657687200,1144.5,1146.2,1144.0,1146.1,1916
1657687500,1146.6,1146.65,1144.05,1144.85,1261
1657687800,1144.85,1145.0,1143.0,1143.5,1852
1657688100,1143.5,1144.65,1142.5,1144.35,5694
1657688400,1144.35,1144.45,1143.0,1143.9,1806
1657688700,1143.9,1144.9,1142.25,1144.8,7178
1657689000,1144.8,1146.0,1144.2,1145.35,1908
1657689300,1145.35,1146.3,1145.0,1146.3,826
1657689600,1146.3,1146.6,1144.6,1145.9,2001
1657689900,1145.9,1146.0,1145.2,1145.35,1551
1657690200,1145.35,1145.95,1145.25,1145.3,914
1657690500,1145.3,1146.5,1145.15,1146.4,1486
1657690800,1146.4,1148.4,1146.4,1147.4,5110
1657691100,1147.4,1148.85,1147.0,1148.6,1217
1657691400,1148.6,1148.6,1147.15,1147.75,1774
1657691700,1147.75,1147.75,1145.5,1145.9,2335
1657692000,1145.9,1146.1,1145.55,1145.75,799
1657692300,1146.0,1146.0,1145.2,1145.45,1327
1657692600,1145.45,1145.45,1145.25,1145.35,688
1657692900,1145.4,1146.45,1145.2,1146.15,1749
1657693200,1146.15,1147.3,1145.6,1147.2,1314
1657693500,1147.2,1147.3,1144.35,1145.0,3520
1657693800,1145.0,1145.4,1144.35,1145.15,1416
1657694100,1145.15,1146.8,1144.8,1146.75,1443
1657694400,1146.75,1146.75,1145.0,1145.55,5086
1657694700,1146.3,1148.0,1144.85,1145.05,17026
1657695000,1145.05,1145.6,1143.45,1145.6,2589
1657695300,1145.65,1146.6,1145.05,1145.5,1869
1657695600,1145.5,1146.75,1145.15,1146.05,4418
1657695900,1146.5,1146.55,1144.8,1146.0,1953
1657696200,1146.0,1146.2,1145.0,1145.9,2870
1657696500,1145.85,1146.0,1144.45,1144.45,2558
1657696800,1144.45,1145.1,1143.9,1144.2,2795
1657697100,1144.0,1144.65,1143.0,1143.75,7297
1657697400,1143.25,1144.0,1142.0,1144.0,7423
1657697700,1144.0,1144.8,1143.7,1144.4,1817
1657698000,1144.4,1144.4,1142.25,1143.2,2831
1657698300,1143.2,1143.4,1141.1,1142.55,3409
1657698600,1142.55,1142.8,1142.2,1142.65,1258
1657698900,1142.65,1142.65,1138.25,1138.25,3578
1657699200,1138.1,1140.75,1137.6,1140.45,3363
1657699500,1140.7,1143.4,1140.5,1141.45,4400
1657699800,1141.45,1142.85,1141.0,1142.7,4353
1657700100,1142.7,1143.75,1141.85,1143.75,5590
1657700400,1143.75,1144.0,1141.45,1142.45,1843
1657700700,1142.45,1143.4,1141.9,1142.25,72470
1657701000,1142.25,1143.15,1141.1,1142.65,2956
1657701300,1142.65,1143.0,1141.9,1142.85,1691
1657701600,1142.85,1144.0,1141.9,1142.0,2000
1657701900,1142.4,1143.7,1141.8,1143.0,2465
1657702200,1143.0,1143.7,1141.95,1142.0,1687
1657702500,1142.0,1144.0,1142.0,1143.2,2793
1657702800,1143.65,1144.0,1142.0,1143.25,2872
1657703100,1143.25,1143.25,1141.25,1141.9,5141
1657703400,1141.9,1142.8,1141.4,1141.8,5192
1657703700,1141.75,1142.65,1141.0,1141.25,6032
1657704000,1141.25,1143.5,1140.45,1141.25,6255
1657704300,1141.15,1141.4,1139.15,1140.5,6423
1657704600,1141.0,1141.2,1138.3,1139.85,14264
1657704900,1139.55,1140.0,1138.95,1139.35,10524
1657705200,1139.4,1140.0,1138.95,1140.0,11319
1657705500,1140.0,1141.7,1139.4,1140.0,12674
1657705800,1139.95,1140.2,1139.05,1140.15,10543
1657706100,1140.2,1142.85,1138.6,1142.85,10834
1657770300,1143.1,1144.95,1139.35,1142.0,12044
1657770600,1142.05,1142.65,1140.0,1141.6,4521
1657770900,1141.6,1143.1,1141.35,1141.75,4451
1657771200,1141.75,1142.7,1139.95,1142.15,4654
1657771500,1142.15,1143.75,1141.8,1142.75,8378
1657771800,1142.75,1146.55,1142.25,1143.3,12660
1657772100,1143.3,1143.3,1142.1,1143.2,5524
1657772400,1143.2,1145.4,1143.2,1144.2,1662
1657772700,1144.2,1146.9,1144.2,1145.95,3884
1657773000,1145.95,1145.95,1143.7,1144.15,1853
1657773300,1144.15,1146.0,1144.15,1145.1,13240
1657773600,1145.5,1145.5,1144.0,1144.8,2600
1657773900,1144.8,1145.0,1143.45,1144.1,3645
1657774200,1144.2,1144.2,1143.5,1143.95,1135
1657774500,1143.95,1144.0,1143.55,1143.65,827
1657774800,1143.9,1145.0,1143.6,1144.7,1507
1657775100,1144.7,1144.7,1142.85,1142.95,1207
1657775400,1142.95,1143.7,1142.7,1143.7,1036
1657775700,1143.7,1143.7,1142.75,1143.0,781
1657776000,1143.0,1144.25,1142.95,1143.25,2444
1657776300,1143.25,1143.35,1143.05,1143.35,644
1657776600,1143.35,1143.95,1141.95,1142.8,3534
1657776900,1142.8,1143.35,1142.75,1143.0,1208
1657777200,1143.0,1143.3,1142.0,1142.8,2864
1657777500,1142.8,1142.8,1141.45,1142.25,4297
1657777800,1142.25,1142.9,1141.35,1141.75,10071
1657778100,1141.75,1142.2,1140.25,1140.5,1959
1657778400,1140.2,1140.45,1138.55,1139.25,3544
1657778700,1139.25,1140.0,1137.3,1139.3,3559
1657779000,1139.3,1140.2,1138.35,1139.35,1650
1657779300,1139.35,1139.85,1138.05,1139.75,2017
1657779600,1139.75,1141.3,1139.0,1140.6,1203
1657779900,1140.6,1141.05,1139.55,1141.05,3572
1657780200,1140.7,1141.1,1139.5,1139.9,3420
1657780500,1139.9,1139.9,1138.8,1138.8,602
1657780800,1138.8,1139.4,1138.55,1139.2,939
1657781100,1139.2,1141.45,1139.05,1140.5,1751
1657781400,1140.5,1140.5,1139.0,1139.4,158
1657781700,1139.4,1139.4,1137.5,1138.5,3447
1657782000,1138.5,1139.9,1138.3,1138.95,1606
1657782300,1138.95,1138.95,1137.65,1138.3,2065
1657782600,1138.3,1139.15,1138.15,1138.95,1857
1657782900,1138.95,1139.6,1138.3,1138.75,2097
1657783200,1138.55,1140.0,1138.55,1139.45,7635
1657783500,1139.45,1140.5,1139.45,1140.0,28141
1657783800,1140.0,1140.7,1138.25,1140.0,34214
1657784100,1140.0,1140.8,1139.3,1139.75,1551
1657784400,1139.75,1140.3,1138.9,1139.95,10903
1657784700,1139.95,1140.0,1139.7,1140.0,17732
1657785000,1140.0,1140.0,1139.6,1139.75,10607
1657785300,1139.75,1140.0,1139.45,1140.0,3704
1657785600,1140.0,1140.0,1139.15,1139.75,3530
1657785900,1139.75,1139.8,1138.8,1139.0,3291
1657786200,1138.95,1139.0,1137.6,1138.35,5766
1657786500,1138.35,1139.95,1138.3,1139.7,8362
1657786800,1139.7,1140.3,1139.35,1140.0,3984
1657787100,1140.0,1141.2,1139.95,1140.1,9202
1657787400,1140.1,1140.4,1139.0,1140.0,9141
1657787700,1140.0,1141.0,1139.9,1141.0,5041
1657788000,1141.0,1141.0,1138.35,1139.0,16931
1657788300,1139.0,1140.0,1137.9,1140.0,5179
1657788600,1139.8,1140.0,1138.05,1138.55,7723
1657788900,1138.55,1139.85,1138.25,1139.15,7031
1657789200,1139.15,1139.4,1136.6,1138.0,12684
1657789500,1138.0,1138.4,1134.35,1136.1,26786
1657789800,1136.1,1136.1,1133.05,1134.0,13385
1657790100,1134.0,1134.25,1132.2,1132.8,8253
1657790400,1132.8,1132.85,1130.05,1132.0,14540
1657790700,1132.0,1134.35,1130.45,1133.85,10923
1657791000,1134.55,1138.1,1134.05,1138.1,47096
1657791300,1138.35,1138.95,1137.15,1138.45,43936
1657791600,1138.55,1141.95,1138.35,1139.25,46883
1657791900,1139.5,1140.8,1138.5,1140.0,72965
1657792200,1140.3,1141.15,1137.75,1139.05,54898
1657792500,1139.05,1141.9,1137.3,1137.45,29597
1657856700,1144.65,1144.9,1139.95,1142.65,9590
1657857000,1142.65,1144.6,1141.9,1142.65,9205
1657857300,1142.65,1143.8,1140.85,1142.6,3151
1657857600,1142.6,1144.0,1141.2,1143.0,4871
1657857900,1143.0,1144.3,1142.15,1142.6,2397
1657858200,1142.6,1145.0,1142.6,1143.95,1725
1657858500,1143.95,1146.3,1143.5,1143.7,3707
1657858800,1143.7,1144.35,1140.6,1142.7,2702
1657859100,1142.7,1143.45,1142.0,1143.45,827
1657859400,1144.15,1144.15,1138.95,1138.95,6512
1657859700,1139.0,1139.6,1136.85,1139.2,4134
1657860000,1139.2,1140.95,1138.9,1140.5,636
1657860300,1140.5,1141.75,1139.9,1141.4,2221
1657860600,1141.4,1143.0,1140.85,1141.5,867
1657860900,1141.5,1142.5,1141.3,1141.8,1686
1657861200,1141.8,1142.0,1140.05,1141.0,1994
1657861500,1141.0,1143.75,1140.95,1143.7,2385
1657861800,1143.9,1145.7,1143.4,1145.7,7065
1657862100,1145.0,1146.2,1143.35,1143.95,5238
1657862400,1143.95,1145.0,1142.65,1144.0,4012
1657862700,1144.0,1144.45,1143.2,1144.1,517
1657863000,1144.1,1144.25,1142.4,1143.2,2262
1657863300,1143.2,1144.55,1142.1,1143.25,4117
1657863600,1143.25,1145.75,1142.0,1143.0,12876
1657863900,1143.0,1147.4,1142.75,1147.0,13349
1657864200,1147.0,1147.0,1145.6,1146.4,4275
1657864500,1146.4,1146.95,1145.05,1146.55,4600
1657864800,1146.55,1146.55,1145.3,1146.5,784
1657865100,1146.5,1146.65,1145.3,1146.1,1329
1657865400,1146.1,1146.1,1144.35,1144.6,835
1657865700,1144.6,1147.0,1144.6,1146.95,1768
1657866000,1146.95,1146.95,1143.85,1144.95,1726
1657866300,1144.95,1145.0,1143.55,1144.0,1540
1657866600,1144.0,1145.2,1143.45,1145.2,9030
1657866900,1145.2,1146.4,1144.4,1144.9,2549
1657867200,1144.9,1147.0,1144.45,1146.45,3930
1657867500,1146.45,1147.0,1145.35,1146.7,4533
1657867800,1146.7,1146.7,1144.9,1145.45,1281
1657868100,1145.45,1146.4,1144.55,1146.4,2988
1657868400,1146.3,1146.75,1145.8,1146.7,968
1657868700,1146.6,1146.8,1144.0,1146.35,8516
1657869000,1146.35,1146.35,1143.9,1144.35,1271
1657869300,1144.35,1146.9,1144.35,1146.3,2947
1657869600,1146.3,1146.3,1144.55,1145.9,2304
1657869900,1145.9,1146.75,1145.15,1146.75,1513
1657870200,1146.8,1149.6,1145.85,1149.6,11276
1657870500,1149.6,1151.0,1149.1,1149.75,23837
1657870800,1149.65,1149.75,1146.7,1146.7,3310
1657871100,1146.7,1148.1,1146.7,1148.0,2044
1657871400,1148.0,1149.0,1147.65,1148.75,1189
1657871700,1148.75,1149.0,1147.8,1148.6,4699
1657872000,1148.6,1149.75,1148.5,1149.75,2063
1657872300,1149.75,1150.5,1149.35,1150.5,2647
1657872600,1150.5,1152.0,1148.5,1148.5,7032
1657872900,1148.5,1150.4,1148.5,1149.0,4383
1657873200,1149.0,1150.2,1148.3,1150.0,1864
1657873500,1150.0,1151.0,1150.0,1150.85,8013
1657873800,1151.0,1151.9,1150.0,1150.65,4305
1657874100,1150.2,1151.5,1150.2,1151.5,8846
1657874400,1151.5,1151.5,1150.0,1151.25,8045
1657874700,1151.25,1151.5,1150.0,1151.4,7616
1657875000,1151.4,1151.75,1149.75,1151.0,15705
1657875300,1151.0,1151.2,1149.0,1150.7,12776
1657875600,1150.7,1151.6,1149.0,1150.45,12561
1657875900,1150.45,1152.0,1149.4,1152.0,60390
1657876200,1152.0,1152.0,1150.55,1150.85,36996
1657876500,1150.85,1150.85,1150.15,1150.75,2701
1657876800,1150.75,1151.9,1150.0,1151.75,11875
1657877100,1151.1,1152.0,1150.35,1152.0,2533
1657877400,1151.95,1157.75,1151.9,1157.2,25980
1657877700,1157.4,1158.1,1155.0,1156.95,36745
1657878000,1156.95,1157.7,1155.2,1155.35,25439
1657878300,1155.65,1156.4,1155.35,1155.65,18668
1657878600,1155.9,1156.4,1155.5,1156.35,19544
1657878900,1156.4,1156.4,1151.45,1154.95,41145
1658115900,1165.45,1165.7,1160.0,1165.7,34186
1658116200,1165.55,1166.15,1161.0,1161.25,23730
1658116500,1161.9,1163.25,1158.9,1163.2,17617
1658116800,1163.2,1169.5,1162.55,1169.35,27591
1658117100,1169.35,1169.9,1162.0,1163.95,30993
1658117400,1163.95,1164.3,1161.65,1162.45,7592
1658117700,1161.95,1164.7,1161.6,1162.15,5822
1658118000,1162.15,1163.5,1159.8,1160.2,4709
1658118300,1160.2,1160.8,1157.3,1159.95,8311
1658118600,1160.85,1162.5,1158.2,1158.2,4975
1658118900,1158.2,1161.85,1158.2,1160.75,4666
1658119200,1160.75,1162.85,1160.4,1161.25,8422
1658119500,1161.6,1162.65,1158.6,1158.75,3825
1658119800,1158.6,1162.95,1158.6,1160.85,3069
1658120100,1160.8,1161.5,1160.35,1160.35,1975
1658120400,1160.55,1161.6,1158.0,1158.4,3979
1658120700,1158.4,1159.2,1158.0,1158.65,1741
1658121000,1159.25,1161.0,1158.8,1160.65,2603
1658121300,1161.0,1163.0,1159.9,1162.4,11153
1658121600,1162.45,1163.5,1161.5,1162.8,2465
1658121900,1162.85,1164.6,1162.1,1164.6,3962
1658122200,1165.0,1165.55,1163.4,1165.25,7180
1658122500,1165.4,1166.05,1163.6,1165.45,3275
1658122800,1165.8,1165.8,1163.6,1164.65,2524
1658123100,1164.7,1164.95,1163.7,1163.75,1778
1658123400,1164.35,1164.85,1163.7,1164.2,2083
1658123700,1164.2,1164.6,1163.5,1164.0,1389
1658124000,1164.5,1165.45,1164.05,1164.3,1934
1658124300,1164.25,1164.8,1163.65,1164.3,8777
1658124600,1164.35,1164.45,1163.55,1164.0,872
1658124900,1164.0,1164.45,1163.9,1164.25,2512
1658125200,1164.4,1168.0,1163.85,1167.4,58713
1658125500,1167.45,1167.9,1166.6,1167.6,6621
1658125800,1167.8,1169.0,1167.05,1168.3,6386
1658126100,1168.3,1171.0,1168.0,1170.45,10372
1658126400,1170.45,1171.85,1170.45,1170.9,6462
1658126700,1170.5,1171.4,1170.05,1171.35,6398
1658127000,1171.0,1173.0,1170.0,1171.35,20322
1658127300,1171.2,1174.1,1171.0,1173.9,11811
1658127600,1173.85,1174.2,1172.75,1174.0,19112
1658127900,1174.0,1174.2,1172.1,1172.65,10819
1658128200,1172.2,1172.95,1170.6,1172.0,11530
1658128500,1172.0,1172.0,1170.0,1170.05,5568
1658128800,1170.0,1170.7,1168.2,1170.2,13197
1658129100,1170.15,1170.2,1169.35,1169.45,2542
1658129400,1169.35,1170.6,1168.15,1168.6,6546
1658129700,1169.4,1170.05,1168.55,1169.25,5405
1658130000,1169.25,1170.45,1169.15,1170.0,4852
1658130300,1170.5,1171.0,1169.85,1170.55,6418
1658130600,1170.75,1170.95,1168.4,1168.6,3297
1658130900,1169.1,1169.35,1168.0,1168.85,5323
1658131200,1168.9,1168.9,1167.1,1167.2,3237
1658131500,1167.25,1168.45,1166.95,1167.3,2824
1658131800,1167.35,1170.0,1167.0,1167.1,11934
1658132100,1167.1,1168.4,1166.05,1166.4,5593
1658132400,1166.4,1169.0,1165.55,1168.1,10655
1658132700,1168.65,1169.65,1167.55,1167.65,8493
1658133000,1168.0,1169.3,1167.75,1168.4,3424
1658133300,1168.8,1169.05,1167.1,1168.5,4591
1658133600,1168.5,1169.15,1167.9,1168.3,3885
1658133900,1167.95,1169.0,1167.7,1168.0,2240
1658134200,1168.0,1169.0,1167.15,1168.95,4499
1658134500,1168.95,1169.75,1168.0,1168.2,8512
1658134800,1168.55,1169.8,1168.35,1168.45,3155
1658135100,1168.45,1169.05,1166.75,1168.85,10411
1658135400,1168.7,1170.8,1168.55,1170.65,15412
1658135700,1170.5,1174.75,1170.35,1174.55,35975
1658136000,1174.0,1175.0,1172.2,1172.8,15472
1658136300,1172.75,1173.2,1169.0,1170.05,11149
1658136600,1170.65,1175.2,1170.1,1173.85,49853
1658136900,1173.85,1175.2,1172.45,1174.45,31669
1658137200,1174.45,1184.0,1172.1,1182.55,187288
1658137500,1182.4,1182.65,1176.35,1176.55,63911
1658137800,1176.45,1179.25,1175.6,1178.85,41863
1658138100,1178.8,1186.85,1176.2,1186.0,40898
1658202300,1176.4,1185.95,1171.0,1173.4,42989
1658202600,1173.4,1174.1,1171.85,1173.5,12847
1658202900,1173.5,1173.95,1167.0,1169.05,15762
1658203200,1168.95,1169.05,1165.7,1167.15,6166
1658203500,1167.15,1168.8,1163.45,1166.9,25305
1658203800,1167.6,1170.3,1166.1,1168.15,7575
1658204100,1168.15,1168.15,1166.35,1168.0,5900
1658204400,1168.1,1168.6,1166.5,1168.45,4534
1658204700,1168.45,1168.6,1166.5,1166.95,3412
1658205000,1166.9,1167.45,1165.5,1166.85,6855
1658205300,1166.85,1167.4,1165.25,1166.65,17694
1658205600,1166.6,1166.75,1165.0,1166.15,6579
1658205900,1166.15,1166.55,1165.0,1165.9,7507
1658206200,1165.9,1166.5,1165.1,1165.9,6641
1658206500,1165.9,1166.8,1165.85,1166.45,6254
1658206800,1166.05,1166.3,1164.65,1165.0,7928
1658207100,1165.0,1166.0,1165.0,1165.75,6106
1658207400,1165.7,1166.75,1165.65,1166.55,8795
1658207700,1166.15,1168.6,1164.6,1166.1,28673
1658208000,1166.1,1166.75,1165.25,1166.4,6808
1658208300,1166.4,1166.65,1165.3,1166.3,5227
1658208600,1166.3,1167.9,1165.65,1167.5,5638
1658208900,1167.5,1167.5,1166.0,1166.75,4376
1658209200,1166.75,1170.4,1166.7,1168.9,76360
1658209500,1168.9,1170.5,1168.4,1168.5,11413
1658209800,1168.5,1170.15,1168.4,1168.55,10001
1658210100,1168.55,1169.4,1163.8,1163.95,12963
1658210400,1163.95,1164.5,1162.3,1163.45,10078
1658210700,1163.4,1163.4,1161.0,1161.1,7250
1658211000,1161.1,1161.2,1160.0,1160.0,5730
1658211300,1160.0,1160.0,1158.5,1159.25,6850
1658211600,1159.25,1159.25,1157.1,1157.1,6326
1658211900,1157.1,1159.95,1155.5,1159.3,8583
1658212200,1159.3,1160.35,1159.25,1159.95,5493
1658212500,1159.95,1162.0,1159.4,1160.0,10839
1658212800,1160.0,1160.45,1159.45,1160.0,6454
1658213100,1160.0,1160.0,1159.35,1160.0,1940
1658213400,1159.8,1161.45,1159.45,1159.45,9268
1658213700,1159.45,1160.0,1159.45,1160.0,4290
1658214000,1159.95,1161.5,1159.95,1160.95,4799
1658214300,1160.95,1163.0,1160.9,1161.05,8128
1658214600,1161.05,1162.8,1160.95,1161.2,4913
1658214900,1161.2,1162.4,1160.45,1160.45,4671
1658215200,1160.45,1161.7,1159.3,1159.85,4626
1658215500,1159.7,1160.0,1159.0,1159.85,2995
1658215800,1159.95,1160.25,1158.5,1158.6,7497
1658216100,1158.6,1160.45,1158.6,1159.95,3658
1658216400,1159.95,1160.0,1158.9,1159.9,4961
1658216700,1159.65,1160.0,1157.55,1159.3,6009
1658217000,1159.3,1159.65,1158.6,1159.3,3767
1658217300,1159.3,1160.0,1157.6,1160.0,7341
1658217600,1159.65,1160.4,1158.6,1159.55,7234
1658217900,1159.55,1163.15,1159.25,1162.4,12731
1658218200,1162.4,1166.5,1162.35,1165.95,18721
1658218500,1165.95,1165.95,1159.4,1160.0,115067
1658218800,1160.0,1160.95,1157.75,1158.05,77602
1658219100,1157.95,1161.0,1157.55,1160.95,29759
1658219400,1160.95,1164.7,1160.45,1163.5,25223
1658219700,1163.5,1164.5,1163.5,1164.5,8439
1658220000,1164.5,1165.5,1162.35,1163.4,12676
1658220300,1163.1,1166.25,1161.65,1165.0,18182
1658220600,1165.0,1165.9,1164.05,1165.45,9217
1658220900,1165.45,1169.15,1165.2,1168.65,38042
1658221200,1168.8,1169.85,1167.35,1169.85,11433
1658221500,1169.85,1170.95,1169.0,1170.15,20527
1658221800,1170.15,1170.9,1169.2,1169.55,25190
1658222100,1169.0,1169.55,1165.2,1168.1,12103
1658222400,1168.1,1170.0,1166.7,1166.7,16047
1658222700,1166.65,1169.05,1166.65,1168.5,14792
1658223000,1168.45,1169.8,1168.2,1169.4,12299
1658223300,1169.5,1169.95,1168.4,1168.95,15730
1658223600,1168.95,1171.95,1168.9,1170.6,16147
1658223900,1170.7,1170.7,1169.0,1170.05,39373
1658224200,1170.05,1172.05,1169.2,1169.2,24039
1658224500,1169.15,1171.4,1167.7,1171.0,10835
1658288700,1175.0,1175.0,1166.05,1173.25,46332
1658289000,1172.6,1173.25,1166.85,1167.1,13105
1658289300,1167.1,1167.1,1163.8,1163.8,10091
1658289600,1164.35,1166.3,1163.5,1164.15,9665
1658289900,1164.15,1165.6,1164.15,1165.5,6441
1658290200,1166.3,1172.95,1166.3,1172.85,28758
1658290500,1172.95,1176.9,1170.7,1174.0,30769
1658290800,1173.95,1174.0,1171.35,1171.8,7693
1658291100,1171.8,1173.0,1170.6,1172.95,6323
1658291400,1171.05,1175.3,1171.05,1175.3,11526
1658291700,1175.0,1175.95,1171.7,1174.4,12639
1658292000,1174.55,1176.1,1173.15,1173.75,14954
1658292300,1173.7,1173.7,1171.1,1171.1,4591
1658292600,1171.1,1172.85,1170.85,1172.05,4199
1658292900,1172.25,1172.75,1172.0,1172.3,2725
1658293200,1172.0,1174.25,1170.3,1171.85,10061
1658293500,1172.3,1172.65,1171.45,1172.35,2956
1658293800,1172.3,1175.9,1171.05,1174.75,7674
1658294100,1174.7,1175.55,1172.2,1173.5,4800
1658294400,1173.45,1175.45,1173.35,1174.5,5467
1658294700,1174.45,1177.5,1174.35,1177.2,17317
1658295000,1177.2,1178.0,1176.2,1178.0,26387
1658295300,1178.0,1181.8,1177.9,1181.8,34420
1658295600,1181.65,1184.15,1180.85,1181.3,14366
1658295900,1181.3,1182.7,1180.05,1180.85,7807
1658296200,1180.85,1180.85,1180.0,1180.75,7214
1658296500,1180.75,1183.8,1180.35,1183.25,9857
1658296800,1183.3,1185.65,1183.0,1185.15,22468
1658297100,1185.15,1185.55,1184.95,1185.0,15172
1658297400,1185.0,1186.75,1184.95,1186.15,14214
1658297700,1186.4,1186.4,1185.0,1185.1,9099
1658298000,1185.1,1185.5,1184.45,1185.05,8015
1658298300,1185.05,1185.95,1184.45,1185.3,17552
1658298600,1185.3,1185.5,1184.4,1185.25,3441
1658298900,1185.25,1185.25,1182.1,1182.15,5908
1658299200,1182.15,1182.65,1181.25,1182.1,6964
1658299500,1182.1,1183.15,1182.0,1182.3,7260
1658299800,1182.3,1183.05,1181.55,1182.0,6384
1658300100,1182.0,1183.15,1181.5,1183.0,4063
1658300400,1183.0,1185.85,1181.35,1185.85,16729
1658300700,1185.85,1194.9,1185.55,1194.2,57469
1658301000,1194.2,1195.95,1191.85,1192.6,48352
1658301300,1192.6,1196.6,1192.3,1195.4,29464
1658301600,1195.4,1197.3,1194.55,1196.6,16487
1658301900,1196.95,1196.95,1195.0,1195.75,10843
1658302200,1195.75,1196.45,1194.4,1195.0,8812
1658302500,1195.0,1195.85,1193.75,1194.5,12074
1658302800,1194.0,1196.6,1194.0,1195.0,63760
1658303100,1195.0,1196.6,1194.0,1194.75,25944
1658303400,1194.7,1195.85,1194.15,1195.05,7859
1658303700,1195.05,1198.05,1194.5,1197.05,31528
1658304000,1197.25,1198.0,1195.8,1196.5,15244
1658304300,1196.5,1197.6,1195.0,1197.3,9383
1658304600,1197.65,1199.0,1196.2,1196.9,52332
1658304900,1196.9,1197.5,1196.05,1196.95,41861
1658305200,1196.95,1197.85,1196.15,1197.15,12406
1658305500,1196.6,1197.2,1195.75,1196.0,21017
1658305800,1195.8,1198.0,1193.85,1197.8,74792
1658306100,1197.1,1197.6,1195.5,1195.5,9838
1658306400,1195.5,1196.7,1195.0,1196.05,23672
1658306700,1196.0,1196.25,1194.25,1194.75,7205
1658307000,1194.75,1194.95,1192.8,1193.45,9935
1658307300,1193.0,1196.95,1193.0,1195.0,59611
1658307600,1195.7,1196.3,1194.45,1195.5,13981
1658307900,1195.0,1195.5,1193.0,1193.0,32480
1658308200,1193.5,1194.6,1193.0,1193.35,11198
1658308500,1193.5,1193.55,1188.7,1190.4,24274
1658308800,1190.45,1191.0,1189.0,1191.0,13265
1658309100,1191.0,1192.25,1189.0,1189.35,6300
1658309400,1189.35,1189.35,1186.5,1186.8,14453
1658309700,1186.8,1187.55,1182.5,1182.55,263199
1658310000,1182.55,1183.6,1181.05,1182.7,17218
1658310300,1182.7,1185.5,1182.7,1184.95,21708
1658310600,1184.95,1185.3,1183.45,1183.45,17238
1658310900,1183.8,1183.8,1179.05,1180.55,26929
1658375100,1187.0,1187.0,1180.05,1182.45,17665
1658375400,1182.45,1182.6,1178.0,1179.0,11736
1658375700,1179.0,1181.95,1178.7,1181.3,5200
1658376000,1181.95,1182.5,1180.2,1181.35,11878
1658376300,1181.45,1182.5,1179.55,1181.5,6973
1658376600,1181.5,1184.05,1181.35,1183.3,6161
1658376900,1183.3,1183.95,1182.7,1183.6,5213
1658377200,1183.6,1183.65,1180.25,1180.75,5972
1658377500,1180.7,1181.3,1176.75,1177.5,9733
1658377800,1177.05,1179.25,1175.1,1176.95,18321
1658378100,1176.85,1181.6,1176.7,1181.15,9481
1658378400,1181.15,1181.6,1176.4,1178.2,12778
1658378700,1178.9,1178.95,1177.5,1177.65,2773
1658379000,1177.65,1178.3,1177.4,1177.5,4214
1658379300,1178.9,1179.0,1177.7,1178.0,4592
1658379600,1178.0,1178.0,1176.2,1177.0,3223
1658379900,1177.0,1177.0,1175.0,1176.75,8283
1658380200,1176.75,1177.15,1173.0,1173.25,13476
1658380500,1173.5,1174.95,1173.0,1174.5,14700
1658380800,1174.5,1175.7,1174.5,1175.0,17476
1658381100,1175.0,1175.15,1173.9,1173.9,5212
1658381400,1174.0,1174.0,1172.15,1173.3,12982
1658381700,1173.45,1174.2,1172.4,1173.25,8732
1658382000,1172.9,1174.15,1172.5,1174.0,8965
1658382300,1174.0,1174.0,1173.65,1173.85,11098
1658382600,1173.9,1174.4,1173.8,1174.0,17900
1658382900,1174.0,1174.85,1173.4,1173.5,15641
1658383200,1173.5,1174.5,1172.7,1174.4,10636
1658383500,1174.4,1174.5,1173.05,1173.6,4001
1658383800,1173.6,1174.0,1172.15,1172.5,10999
1658384100,1172.45,1176.0,1172.45,1174.65,7357
1658384400,1174.65,1174.8,1173.35,1173.85,2862
1658384700,1173.85,1175.6,1173.65,1174.8,6434
1658385000,1174.8,1175.2,1174.4,1174.6,5783
1658385300,1174.6,1175.6,1174.2,1174.6,2115
1658385600,1174.6,1174.6,1173.6,1173.8,135129
1658385900,1173.8,1174.3,1171.4,1171.4,12054
1658386200,1171.4,1171.95,1169.0,1170.25,17892
1658386500,1169.55,1171.85,1169.55,1170.8,5278
1658386800,1170.8,1171.4,1169.5,1170.85,2436
1658387100,1170.85,1171.4,1169.55,1170.0,7324
1658387400,1169.95,1170.0,1169.5,1169.75,1787
1658387700,1169.7,1171.75,1169.55,1171.75,3586
1658388000,1171.75,1172.3,1170.35,1171.1,5561
1658388300,1171.1,1172.0,1171.1,1171.5,2728
1658388600,1171.45,1171.45,1169.65,1169.65,6138
1658388900,1169.7,1170.95,1166.55,1169.85,13296
1658389200,1169.85,1170.9,1169.2,1169.2,4430
1658389500,1169.2,1171.25,1168.1,1170.4,8107
1658389800,1170.4,1170.4,1167.7,1169.0,7938
1658390100,1169.0,1169.85,1165.9,1167.7,126561
1658390400,1167.7,1168.35,1166.5,1168.0,6188
1658390700,1168.0,1168.0,1165.5,1166.4,6723
1658391000,1166.4,1166.75,1164.6,1165.0,10814
1658391300,1165.0,1165.7,1164.5,1165.1,5107
1658391600,1165.1,1166.35,1163.25,1164.0,8571
1658391900,1164.05,1164.75,1163.0,1163.5,7873
1658392200,1163.7,1167.0,1163.5,1166.95,9928
1658392500,1166.95,1169.5,1166.65,1167.55,11734
1658392800,1167.55,1167.95,1166.3,1167.4,6224
1658393100,1167.4,1168.6,1167.2,1168.6,4176
1658393400,1168.6,1170.1,1168.25,1168.75,7203
1658393700,1168.75,1169.6,1168.15,1169.5,3873
1658394000,1169.5,1170.1,1168.2,1169.1,7063
1658394300,1168.75,1170.1,1168.4,1168.9,6183
1658394600,1168.9,1169.0,1167.2,1168.0,5327
1658394900,1167.95,1167.95,1165.2,1167.3,10078
1658395200,1167.35,1168.25,1166.5,1168.1,8509
1658395500,1168.1,1168.25,1166.25,1166.85,12432
1658395800,1167.15,1170.8,1166.6,1169.65,30672
1658396100,1169.65,1170.0,1168.9,1169.25,22551
1658396400,1169.25,1170.45,1169.2,1170.0,25854
1658396700,1170.25,1170.3,1168.0,1168.15,29748
1658397000,1168.05,1168.95,1166.95,1168.75,29215
1658397300,1168.7,1171.8,1166.9,1170.0,89986
1658461500,1169.55,1176.2,1169.55,1170.05,25064
1658461800,1170.05,1172.5,1170.0,1171.3,11983
1658462100,1171.4,1172.0,1165.05,1169.6,11445
1658462400,1169.75,1170.0,1168.05,1169.35,5534
1658462700,1169.35,1170.0,1168.05,1168.3,3899
1658463000,1168.65,1169.45,1167.0,1167.6,6849
1658463300,1167.0,1169.75,1166.2,1166.45,20004
1658463600,1166.2,1169.0,1165.65,1169.0,6274
1658463900,1169.0,1169.0,1166.5,1166.9,4098
1658464200,1166.9,1167.45,1166.0,1166.85,4199
1658464500,1166.85,1169.35,1166.6,1167.6,17000
1658464800,1167.6,1167.95,1165.65,1165.65,5922
1658465100,1165.05,1167.75,1165.05,1167.5,4903
1658465400,1167.2,1168.85,1167.2,1168.85,2975
1658465700,1168.85,1169.6,1165.25,1165.7,6433
1658466000,1165.75,1170.7,1165.5,1170.7,7485
1658466300,1169.4,1169.95,1165.3,1166.0,7879
1658466600,1166.0,1168.35,1165.0,1166.8,6575
1658466900,1166.8,1167.35,1166.0,1166.9,4408
1658467200,1166.9,1167.1,1165.2,1165.95,7814
1658467500,1165.95,1167.1,1165.85,1166.4,8938
1658467800,1166.4,1167.3,1165.35,1167.15,5510
1658468100,1167.0,1167.95,1165.35,1167.2,119811
1658468400,1167.0,1168.35,1166.8,1168.0,25112
1658468700,1168.0,1168.05,1167.1,1167.6,2028
1658469000,1167.6,1169.5,1167.5,1168.65,4243
1658469300,1168.65,1171.15,1168.15,1169.5,5740
1658469600,1169.45,1171.3,1169.35,1171.3,2494
1658469900,1171.4,1172.85,1170.7,1172.4,8508
1658470200,1172.4,1172.65,1170.15,1170.45,22343
1658470500,1170.05,1170.45,1168.05,1168.7,5139
1658470800,1168.2,1170.45,1168.1,1170.4,2715
1658471100,1170.0,1171.95,1168.05,1168.25,5274
1658471400,1168.25,1168.8,1167.25,1167.9,4069
1658471700,1167.5,1169.0,1167.35,1168.25,3050
1658472000,1167.55,1168.5,1167.25,1167.85,2895
1658472300,1167.85,1167.9,1166.45,1167.25,5399
1658472600,1166.9,1167.9,1166.5,1166.8,2961
1658472900,1166.5,1168.35,1166.5,1168.15,3277
1658473200,1168.15,1169.35,1167.8,1169.3,2967
1658473500,1169.3,1170.0,1168.4,1168.95,3396
1658473800,1168.95,1168.95,1165.5,1167.05,8578
1658474100,1167.05,1167.5,1166.05,1166.05,4735
1658474400,1166.65,1167.65,1166.05,1167.0,6304
1658474700,1167.0,1167.0,1165.75,1166.0,6506
1658475000,1166.0,1166.0,1161.55,1162.0,17529
1658475300,1162.0,1163.35,1160.3,1160.95,5222
1658475600,1160.95,1162.0,1160.75,1161.4,4863
1658475900,1161.4,1162.8,1161.05,1162.05,4770
1658476200,1161.6,1162.05,1160.6,1161.45,2907
1658476500,1161.45,1161.5,1158.4,1159.9,6820
1658476800,1159.95,1162.0,1159.75,1161.6,2813
1658477100,1161.6,1163.4,1160.05,1160.9,6468
1658477400,1160.9,1162.0,1160.05,1160.95,5770
1658477700,1160.95,1163.4,1160.0,1162.95,4801
1658478000,1163.0,1166.65,1161.75,1162.95,7548
1658478300,1162.95,1165.35,1162.55,1164.5,5805
1658478600,1164.0,1164.9,1163.5,1164.45,5894
1658478900,1164.45,1166.0,1164.4,1165.9,6909
1658479200,1165.9,1167.5,1165.85,1166.15,10287
1658479500,1166.7,1167.45,1165.45,1166.2,6742
1658479800,1166.2,1168.0,1166.2,1166.95,10707
1658480100,1166.95,1167.0,1165.7,1166.35,3813
1658480400,1166.35,1167.45,1165.8,1167.0,12276
1658480700,1167.0,1169.35,1165.55,1165.95,16136
1658481000,1165.55,1167.35,1165.05,1167.35,9634
1658481300,1167.4,1167.4,1165.05,1165.6,4993
1658481600,1165.6,1167.75,1165.55,1166.65,10510
1658481900,1166.6,1167.45,1164.5,1165.35,16727
1658482200,1165.45,1166.2,1164.8,1165.0,21986
1658482500,1165.0,1165.5,1164.5,1165.1,13469
1658482800,1165.15,1165.65,1164.55,1164.9,22538
1658483100,1164.85,1164.95,1164.05,1164.2,18138
1658483400,1164.15,1165.05,1164.15,1165.0,19172
1658483700,1164.95,1165.45,1164.0,1164.0,21473
1658720700,1172.0,1172.0,1160.85,1164.2,12446
1658721000,1164.3,1166.55,1164.3,1165.6,2619
1658721300,1165.2,1166.85,1164.25,1164.95,6533
1658721600,1164.15,1165.7,1163.0,1163.0,6047
1658721900,1163.0,1165.5,1162.9,1163.0,37685
1658722200,1162.3,1165.0,1162.3,1164.0,6474
1658722500,1164.25,1164.45,1162.1,1164.3,7447
1658722800,1164.3,1164.35,1161.0,1161.0,2615
1658723100,1161.05,1164.3,1161.0,1164.3,14942
1658723400,1164.8,1164.8,1161.2,1162.2,5635
1658723700,1161.55,1165.0,1161.55,1164.95,8858
1658724000,1165.0,1167.05,1164.45,1166.4,6055
1658724300,1165.5,1168.25,1165.05,1167.25,13594
1658724600,1167.5,1167.85,1167.0,1167.1,3285
1658724900,1167.1,1168.85,1164.95,1164.95,13868
1658725200,1164.75,1166.75,1164.75,1166.15,3928
1658725500,1166.15,1166.6,1163.45,1164.0,19032
1658725800,1164.0,1164.0,1162.2,1162.2,2602
1658726100,1162.2,1162.2,1159.4,1160.8,5868
1658726400,1160.8,1161.55,1159.2,1159.3,3918
1658726700,1160.0,1160.0,1156.35,1158.05,8723
1658727000,1158.05,1158.5,1155.0,1155.9,15255
1658727300,1155.1,1156.0,1153.4,1153.85,5487
1658727600,1153.85,1155.5,1151.55,1151.7,7653
1658727900,1151.7,1153.75,1150.4,1151.0,5757
1658728200,1151.0,1152.4,1150.3,1150.7,12814
1658728500,1150.7,1151.0,1148.2,1148.55,12321
1658728800,1148.55,1148.55,1147.5,1148.25,8538
1658729100,1148.25,1148.3,1147.0,1147.75,3818
1658729400,1147.75,1147.75,1145.5,1145.5,4305
1658729700,1145.5,1148.5,1144.65,1148.4,10593
1658730000,1148.4,1149.0,1147.15,1148.85,8292
1658730300,1148.85,1148.85,1147.35,1147.85,1747
1658730600,1147.85,1148.45,1147.35,1148.45,3377
1658730900,1148.45,1148.45,1146.0,1146.6,51811
1658731200,1146.6,1146.6,1145.55,1146.0,2311
1658731500,1146.0,1146.95,1145.6,1146.9,2777
1658731800,1146.9,1146.9,1143.3,1144.1,161610
1658732100,1144.1,1144.55,1141.8,1142.4,9539
1658732400,1142.4,1143.2,1141.35,1143.15,5258
1658732700,1143.15,1143.35,1141.0,1141.4,5268
1658733000,1141.4,1142.0,1141.15,1141.7,9186
1658733300,1141.7,1141.7,1140.0,1141.7,13510
1658733600,1141.7,1141.75,1141.25,1141.7,2238
1658733900,1141.7,1141.7,1139.3,1139.95,10261
1658734200,1139.95,1140.75,1139.2,1140.0,7978
1658734500,1140.0,1141.7,1139.75,1141.65,23845
1658734800,1141.65,1144.25,1141.55,1142.9,9831
1658735100,1142.9,1144.85,1142.35,1144.7,5079
1658735400,1144.7,1145.95,1142.0,1142.4,9897
1658735700,1142.4,1143.35,1141.55,1142.45,8903
1658736000,1142.45,1142.45,1140.8,1141.55,5418
1658736300,1141.55,1142.1,1140.75,1140.9,1986
1658736600,1140.9,1142.95,1140.8,1142.6,2389
1658736900,1142.6,1143.3,1141.6,1143.25,48800
1658737200,1142.6,1143.25,1142.25,1142.7,2284
1658737500,1142.7,1143.05,1141.65,1142.7,1965
1658737800,1142.7,1144.0,1142.0,1144.0,2568
1658738100,1144.0,1146.5,1143.9,1145.35,9509
1658738400,1145.35,1147.5,1145.35,1147.05,4561
1658738700,1147.05,1148.5,1146.05,1147.65,4867
1658739000,1147.0,1149.75,1146.0,1148.9,4598
1658739300,1148.9,1149.7,1147.7,1149.35,3692
1658739600,1149.35,1149.65,1146.05,1148.3,4040
1658739900,1148.3,1148.6,1146.25,1147.05,3932
1658740200,1147.05,1147.05,1145.7,1147.0,1578
1658740500,1147.0,1147.0,1146.0,1146.65,1450
1658740800,1146.65,1147.5,1146.0,1147.4,1860
1658741100,1147.4,1148.8,1145.8,1146.65,5030
1658741400,1146.9,1147.15,1144.55,1144.9,110954
1658741700,1144.9,1146.25,1144.25,1145.25,7519
1658742000,1145.25,1145.95,1144.2,1144.9,4298
1658742300,1144.6,1145.0,1142.25,1143.75,30194
1658742600,1144.35,1144.95,1142.05,1143.9,18730
1658742900,1143.95,1144.0,1140.6,1142.0,19669
1658807100,1142.0,1146.8,1137.45,1141.2,27296
1658807400,1141.2,1144.75,1141.05,1142.0,12193
1658807700,1142.0,1144.35,1142.0,1144.35,2524
1658808000,1144.35,1144.55,1142.3,1144.5,5823
1658808300,1143.8,1146.0,1143.15,1144.2,2610
1658808600,1143.75,1145.5,1142.15,1143.15,2902
1658808900,1143.15,1145.2,1141.65,1143.4,4335
1658809200,1143.0,1146.35,1142.65,1146.2,4869
1658809500,1146.2,1146.25,1144.0,1144.3,2023
1658809800,1144.85,1146.25,1144.6,1146.2,4325
1658810100,1146.2,1148.65,1146.0,1147.0,6833
1658810400,1147.0,1150.1,1146.3,1147.9,9431
1658810700,1148.4,1149.45,1146.0,1146.85,7295
1658811000,1146.85,1148.15,1146.85,1147.0,55951
1658811300,1147.0,1147.45,1145.35,1145.55,1591
1658811600,1145.45,1146.35,1144.35,1145.75,2344
1658811900,1147.2,1148.3,1146.0,1146.7,1625
1658812200,1146.7,1147.8,1146.7,1147.3,753
1658812500,1147.3,1149.0,1146.95,1148.35,1642
1658812800,1148.4,1148.75,1146.35,1147.1,2788
1658813100,1147.2,1147.4,1146.1,1146.95,1897
1658813400,1146.95,1146.95,1144.5,1145.3,916
1658813700,1145.3,1145.3,1142.0,1142.0,3900
1658814000,1142.0,1143.6,1142.0,1143.45,4705
1658814300,1143.45,1144.8,1143.15,1143.9,7885
1658814600,1143.9,1144.7,1143.0,1143.0,368
1658814900,1143.0,1143.25,1142.25,1143.25,861
1658815200,1143.3,1144.75,1142.65,1144.75,777
1658815500,1145.0,1145.0,1144.0,1144.15,1470
1658815800,1144.15,1145.0,1143.4,1144.15,942
1658816100,1144.15,1144.8,1143.15,1143.85,839
1658816400,1143.85,1145.0,1143.35,1144.9,867
1658816700,1144.95,1145.95,1144.85,1145.95,2472
1658817000,1145.95,1146.05,1144.1,1145.45,3622
1658817300,1145.45,1145.45,1143.5,1143.95,2550
1658817600,1143.95,1146.0,1143.3,1145.8,1766
1658817900,1146.0,1146.0,1144.25,1145.0,3188
1658818200,1145.0,1145.9,1144.35,1145.4,1484
1658818500,1145.4,1145.4,1141.0,1142.0,20245
1658818800,1142.0,1146.0,1141.9,1144.2,19817
1658819100,1144.2,1145.55,1143.3,1145.55,2977
1658819400,1145.15,1146.0,1144.6,1144.6,8653
1658819700,1144.6,1145.95,1143.7,1145.5,4737
1658820000,1145.9,1146.0,1143.25,1143.25,4611
1658820300,1142.65,1142.65,1139.75,1142.4,15110
1658820600,1141.65,1142.55,1140.0,1141.9,17354
1658820900,1142.0,1142.0,1140.8,1141.55,6812
1658821200,1141.55,1142.45,1141.1,1142.4,4342
1658821500,1142.4,1142.65,1141.65,1142.5,2108
1658821800,1142.5,1144.45,1142.5,1144.45,4441
1658822100,1144.45,1144.45,1142.75,1143.25,3204
1658822400,1143.25,1145.3,1143.25,1144.15,4088
1658822700,1144.15,1144.2,1141.65,1142.15,2313
1658823000,1142.15,1142.45,1141.25,1142.45,2871
1658823300,1142.45,1142.7,1141.3,1142.45,5665
1658823600,1142.45,1143.35,1141.95,1143.05,2083
1658823900,1143.05,1143.05,1140.7,1140.7,75540
1658824200,1140.7,1142.85,1140.05,1142.85,5703
1658824500,1143.0,1143.0,1141.5,1141.65,2348
1658824800,1141.65,1142.9,1141.45,1142.8,1537
1658825100,1142.3,1143.45,1141.3,1142.9,3954
1658825400,1142.9,1142.9,1140.5,1141.0,2400
1658825700,1141.0,1142.55,1140.6,1141.15,90708
1658826000,1141.15,1141.65,1139.7,1140.1,14753
1658826300,1140.3,1140.9,1138.35,1140.5,10317
1658826600,1140.5,1140.5,1137.0,1138.9,5034
1658826900,1138.9,1139.05,1137.4,1139.05,17645
1658827200,1139.05,1141.7,1137.9,1140.45,7344
1658827500,1140.95,1141.8,1140.1,1140.7,4643
1658827800,1140.05,1140.35,1138.85,1139.3,9354
1658828100,1138.65,1139.5,1137.45,1137.85,39550
1658828400,1137.9,1139.95,1137.85,1138.9,6805
1658828700,1138.75,1140.1,1136.6,1138.5,26203
1658829000,1138.5,1139.5,1138.0,1138.15,17151
1658829300,1138.55,1139.0,1135.0,1137.4,13556
1658893500,1140.0,1146.55,1137.0,1138.05,15303
1658893800,1138.05,1138.2,1135.4,1136.7,7998
1658894100,1136.7,1138.65,1136.5,1136.5,3678
1658894400,1136.5,1136.5,1132.2,1133.8,14578
1658894700,1133.8,1136.4,1133.05,1134.9,7683
1658895000,1135.25,1137.6,1134.5,1135.6,4726
1658895300,1135.6,1137.7,1135.15,1136.15,3401
1658895600,1136.15,1137.45,1135.25,1136.0,3503
1658895900,1136.0,1137.85,1135.5,1135.9,4897
1658896200,1135.8,1137.85,1135.0,1136.0,25228
1658896500,1136.0,1137.7,1135.8,1136.4,8770
1658896800,1136.4,1137.8,1135.85,1136.25,9041
1658897100,1136.25,1137.05,1135.5,1135.65,4187
1658897400,1135.65,1136.5,1133.4,1133.5,96709
1658897700,1133.95,1135.6,1133.95,1134.25,5504
1658898000,1134.25,1135.8,1134.25,1134.65,3547
1658898300,1134.5,1135.7,1134.25,1135.25,3699
1658898600,1135.25,1137.0,1134.5,1136.75,9046
1658898900,1136.75,1139.65,1136.75,1138.15,9803
1658899200,1138.15,1139.8,1137.5,1138.75,10800
1658899500,1138.75,1138.75,1136.15,1136.15,6997
1658899800,1136.15,1136.9,1136.0,1136.5,4082
1658900100,1136.5,1136.7,1135.0,1135.3,4630
1658900400,1135.3,1137.0,1134.9,1136.95,4435
1658900700,1136.95,1138.4,1136.2,1136.55,4910
1658901000,1136.55,1138.8,1136.2,1137.9,10560
1658901300,1137.8,1138.95,1136.5,1137.05,6284
1658901600,1137.05,1138.55,1136.05,1138.55,6624
1658901900,1138.6,1138.6,1136.1,1136.1,3186
1658902200,1136.1,1137.2,1135.65,1136.4,4784
1658902500,1136.4,1136.8,1135.6,1136.1,3629
1658902800,1136.1,1136.5,1133.8,1136.4,39505
1658903100,1136.2,1138.0,1135.8,1137.15,6294
1658903400,1137.15,1137.2,1136.05,1136.75,3735
1658903700,1136.75,1138.0,1136.2,1136.8,3683
1658904000,1136.8,1137.95,1135.6,1137.2,35054
1658904300,1137.2,1138.25,1135.7,1137.0,5051
1658904600,1137.0,1137.95,1135.5,1136.45,8204
1658904900,1137.0,1139.35,1136.1,1136.5,54000
1658905200,1136.5,1139.45,1136.5,1138.3,5990
1658905500,1138.3,1138.75,1137.45,1137.85,11601
1658905800,1137.85,1138.5,1137.55,1137.9,4528
1658906100,1137.85,1138.2,1137.0,1137.0,10028
1658906400,1137.0,1138.15,1134.6,1137.45,58934
1658906700,1137.45,1138.15,1136.25,1136.7,39707
1658907000,1136.7,1138.25,1135.85,1137.05,30940
1658907300,1137.05,1138.55,1136.15,1136.55,19084
1658907600,1137.2,1137.45,1136.1,1136.15,4369
1658907900,1136.15,1137.5,1135.2,1137.5,6305
1658908200,1137.5,1139.0,1135.95,1136.1,37717
1658908500,1136.5,1138.5,1136.2,1138.45,6154
1658908800,1138.45,1138.5,1137.5,1138.35,16002
1658909100,1138.0,1138.45,1137.0,1138.45,4682
1658909400,1138.45,1138.6,1136.5,1136.6,2613
1658909700,1136.6,1136.6,1135.7,1135.8,4281
1658910000,1135.5,1137.7,1135.35,1136.35,7660
1658910300,1136.6,1137.5,1135.4,1137.05,8237
1658910600,1137.05,1137.95,1136.65,1137.85,1873
1658910900,1137.9,1138.0,1136.75,1137.95,13202
1658911200,1137.95,1138.5,1137.05,1137.55,62404
1658911500,1137.55,1138.15,1137.0,1137.8,2269
1658911800,1137.8,1138.5,1136.75,1137.55,2841
1658912100,1137.8,1137.8,1136.75,1137.55,1952
1658912400,1136.9,1138.3,1136.6,1137.0,4625
1658912700,1137.0,1139.85,1136.95,1139.35,265267
1658913000,1139.35,1139.35,1137.0,1138.5,15964
1658913300,1138.7,1138.8,1137.05,1137.5,1917
1658913600,1137.5,1138.55,1137.0,1137.0,3114
1658913900,1137.0,1138.7,1137.0,1138.1,17171
1658914200,1138.35,1139.65,1137.3,1138.55,26136
1658914500,1138.95,1139.45,1134.65,1137.55,27560
1658914800,1137.55,1144.3,1137.25,1142.0,114107
1658915100,1142.0,1142.95,1140.1,1140.1,24273
1658915400,1140.25,1149.3,1140.25,1149.3,60278
1658915700,1149.55,1177.5,1148.6,1156.65,161376
1658979900,1155.0,1163.95,1149.55,1159.75,82204
1658980200,1159.65,1159.65,1147.5,1151.6,26665
1658980500,1151.6,1156.75,1151.6,1155.35,9570
1658980800,1157.1,1158.6,1155.0,1155.8,8606
1658981100,1155.8,1157.85,1154.25,1157.85,6636
1658981400,1157.85,1158.2,1156.25,1156.85,2922
1658981700,1156.85,1158.45,1156.05,1157.4,4297
1658982000,1156.4,1157.05,1154.65,1156.2,1831
1658982300,1156.25,1156.4,1154.3,1155.15,9456
1658982600,1155.15,1156.15,1154.15,1154.2,4897
1658982900,1154.2,1155.2,1152.8,1153.1,5708
1658983200,1153.95,1156.9,1153.25,1153.75,5507
1658983500,1154.4,1157.4,1153.75,1155.3,3313
1658983800,1155.3,1156.85,1155.15,1156.7,3416
1658984100,1156.6,1157.4,1155.25,1155.25,2601
1658984400,1155.25,1156.25,1154.6,1154.95,3178
1658984700,1154.95,1155.9,1154.4,1154.65,2068
1658985000,1154.65,1156.5,1154.65,1155.9,4093
1658985300,1155.9,1158.3,1155.85,1157.8,9661
1658985600,1157.8,1159.9,1157.4,1159.65,5258
1658985900,1159.9,1160.95,1158.7,1159.45,12953
1658986200,1160.0,1160.95,1159.1,1159.9,11017
1658986500,1160.0,1163.65,1159.9,1162.9,6695
1658986800,1162.9,1164.0,1161.3,1163.5,8005
1658987100,1163.5,1167.6,1163.0,1165.2,12635
1658987400,1165.65,1166.6,1163.25,1165.65,6926
1658987700,1165.95,1166.05,1163.5,1163.5,3182
1658988000,1164.05,1164.5,1161.6,1162.95,4683
1658988300,1163.35,1166.8,1162.4,1166.55,8075
1658988600,1166.8,1167.0,1162.55,1164.5,4943
1658988900,1164.5,1164.9,1162.75,1163.4,2885
1658989200,1163.2,1164.5,1163.05,1164.3,3357
1658989500,1164.3,1167.0,1163.7,1167.0,4908
1658989800,1167.0,1170.0,1167.0,1169.8,13210
1658990100,1169.75,1172.95,1167.0,1167.4,18955
1658990400,1167.75,1168.9,1164.65,1168.4,6333
1658990700,1168.55,1171.35,1167.25,1170.45,7253
1658991000,1170.45,1171.9,1170.0,1170.0,3647
1658991300,1170.55,1171.0,1168.0,1169.25,4613
1658991600,1169.3,1169.3,1168.0,1168.05,1887
1658991900,1168.05,1168.5,1165.8,1167.3,5142
1658992200,1167.3,1168.7,1166.25,1167.9,3373
1658992500,1167.9,1173.3,1166.9,1173.3,13138
1658992800,1172.8,1176.6,1172.65,1176.55,18692
1658993100,1176.55,1176.95,1174.35,1175.35,14651
1658993400,1175.8,1176.9,1174.1,1175.9,14361
1658993700,1175.85,1181.0,1175.15,1179.75,51654
1658994000,1180.2,1182.0,1179.75,1181.1,22784
1658994300,1181.9,1182.85,1180.0,1180.95,10464
1658994600,1181.2,1181.95,1180.0,1180.25,9923
1658994900,1180.95,1181.5,1180.2,1180.2,3877
1658995200,1180.65,1180.65,1178.75,1180.0,25330
1658995500,1180.0,1181.45,1179.65,1181.35,11948
1658995800,1181.35,1182.45,1180.0,1180.1,6433
1658996100,1180.65,1181.9,1180.0,1181.9,6109
1658996400,1181.9,1185.85,1180.8,1185.5,22445
1658996700,1185.5,1187.5,1185.0,1186.0,27125
1658997000,1186.2,1186.95,1185.0,1185.9,21033
1658997300,1185.9,1186.0,1182.0,1183.95,43016
1658997600,1184.85,1186.7,1184.5,1185.2,12294
1658997900,1185.2,1188.0,1185.0,1187.95,14467
1658998200,1187.7,1188.9,1185.9,1186.0,21533
1658998500,1186.5,1189.0,1185.7,1187.2,10096
1658998800,1187.85,1188.0,1185.5,1185.5,8292
1658999100,1185.5,1187.15,1183.75,1185.1,23402
1658999400,1185.1,1186.0,1182.0,1184.0,30619
1658999700,1184.0,1184.85,1182.2,1184.8,64214
1659000000,1185.4,1186.15,1183.2,1183.8,12849
1659000300,1184.1,1186.85,1183.85,1186.85,7750
1659000600,1186.4,1189.95,1186.3,1189.75,18375
1659000900,1189.75,1193.0,1188.4,1191.7,24102
1659001200,1190.75,1192.55,1190.1,1191.6,17088
1659001500,1191.6,1194.0,1190.6,1193.2,27646
1659001800,1193.2,1195.0,1190.0,1190.35,43685
1659002100,1190.35,1194.0,1189.55,1192.8,20556
1659066300,1262.7,1279.25,1241.0,1266.1,841336
1659066600,1266.3,1284.75,1266.2,1274.2,371627
1659066900,1273.35,1289.0,1270.35,1285.55,375409
1659067200,1286.1,1289.0,1279.2,1280.9,231373
1659067500,1279.9,1282.7,1270.25,1270.25,199725
1659067800,1270.25,1283.95,1270.0,1282.9,165635
1659068100,1282.2,1295.55,1280.7,1295.2,355304
1659068400,1295.55,1304.7,1293.55,1303.15,489433
1659068700,1303.15,1303.15,1295.0,1297.05,243228
1659069000,1296.55,1298.8,1291.7,1292.9,184639
1659069300,1293.1,1293.15,1289.4,1289.75,137743
1659069600,1289.75,1291.75,1288.05,1289.35,82808
1659069900,1288.5,1290.45,1284.0,1285.0,107085
1659070200,1284.65,1285.75,1281.8,1283.1,93871
1659070500,1282.85,1287.0,1278.6,1286.35,141074
1659070800,1285.8,1290.0,1284.7,1284.7,100042
1659071100,1286.15,1297.5,1285.3,1295.1,152141
1659071400,1295.15,1296.95,1292.55,1296.55,94088
1659071700,1296.55,1300.0,1295.8,1297.0,155411
1659072000,1297.0,1299.5,1293.85,1298.3,90045
1659072300,1298.3,1298.45,1296.2,1297.1,40386
1659072600,1297.3,1299.5,1294.05,1297.85,68789
1659072900,1297.3,1299.0,1296.0,1296.1,65218
1659073200,1296.1,1296.1,1293.6,1294.4,53193
1659073500,1295.05,1295.85,1294.3,1295.0,36769
1659073800,1295.0,1295.8,1294.4,1295.3,83078
1659074100,1295.3,1297.3,1295.0,1295.5,35404
1659074400,1295.5,1296.15,1294.85,1295.4,26246
1659074700,1295.4,1295.95,1293.75,1293.95,48080
1659075000,1293.95,1294.6,1291.4,1294.45,37177
1659075300,1294.45,1294.65,1293.5,1294.0,30187
1659075600,1294.0,1294.4,1293.55,1294.0,21381
1659075900,1294.3,1295.85,1293.85,1294.95,31460
1659076200,1295.0,1295.65,1294.5,1295.0,34711
1659076500,1295.0,1295.65,1294.55,1295.0,40090
1659076800,1295.0,1295.5,1293.2,1293.55,30310
1659077100,1293.4,1293.5,1286.75,1287.6,80903
1659077400,1287.5,1290.15,1286.85,1288.3,51619
1659077700,1288.65,1290.0,1288.25,1289.65,34850
1659078000,1290.0,1290.0,1287.4,1287.85,35538
1659078300,1287.35,1287.9,1284.1,1285.0,68379
1659078600,1284.75,1285.0,1281.35,1283.7,78031
1659078900,1284.0,1285.55,1282.55,1285.55,63795
1659079200,1285.55,1293.65,1285.55,1291.5,91561
1659079500,1291.5,1291.5,1289.3,1289.95,32807
1659079800,1289.95,1291.7,1289.75,1291.35,28615
1659080100,1291.5,1291.5,1289.0,1289.9,20019
1659080400,1289.8,1290.5,1289.1,1290.3,21157
1659080700,1290.0,1295.0,1289.9,1293.25,64183
1659081000,1293.75,1295.0,1293.0,1293.9,39206
1659081300,1293.85,1293.85,1289.8,1290.0,31331
1659081600,1290.0,1292.5,1289.4,1290.5,26158
1659081900,1290.05,1291.9,1288.0,1288.4,44971
1659082200,1288.45,1291.5,1288.35,1290.4,27160
1659082500,1290.15,1290.15,1288.25,1288.55,23287
1659082800,1288.5,1289.95,1285.65,1288.95,48758
1659083100,1288.8,1289.65,1287.6,1287.6,24712
1659083400,1287.6,1288.0,1283.45,1284.45,48248
1659083700,1284.3,1286.9,1283.5,1284.55,50921
1659084000,1285.25,1288.0,1284.25,1287.4,35460
1659084300,1287.4,1287.4,1284.45,1284.9,33144
1659084600,1285.45,1291.5,1284.5,1291.5,44980
1659084900,1290.9,1293.9,1287.55,1293.5,66918
1659085200,1293.3,1295.0,1292.25,1294.85,75449
1659085500,1294.85,1295.0,1290.1,1292.2,50434
1659085800,1292.0,1294.5,1288.1,1293.1,44553
1659086100,1293.6,1293.6,1291.55,1291.95,24725
1659086400,1291.95,1293.5,1288.05,1292.65,58752
1659086700,1293.0,1295.0,1292.05,1294.1,99037
1659087000,1295.0,1295.45,1294.0,1294.9,122120
1659087300,1294.9,1295.0,1291.1,1293.45,84968
1659087600,1294.1,1295.85,1292.6,1294.0,124311
1659087900,1292.7,1295.05,1292.7,1294.8,137640
1659088200,1295.0,1296.15,1292.2,1294.45,161461
1659088500,1294.4,1296.0,1292.5,1294.0,73919
1659325500,1300.0,1306.95,1287.4,1296.2,182303
1659325800,1296.1,1301.3,1293.65,1295.25,84375
1659326100,1296.1,1302.45,1295.25,1299.05,49094
1659326400,1298.0,1300.0,1297.5,1298.85,24257
1659326700,1299.6,1300.5,1296.0,1299.5,33419
1659327000,1299.5,1300.0,1296.25,1297.35,36741
1659327300,1296.75,1299.0,1293.75,1295.3,34396
1659327600,1295.3,1295.35,1289.5,1290.7,53325
1659327900,1290.7,1298.0,1289.7,1295.95,63179
1659328200,1295.95,1296.0,1289.95,1292.3,29434
1659328500,1292.15,1297.05,1291.85,1296.45,55241
1659328800,1296.4,1296.8,1295.0,1295.45,28699
1659329100,1295.65,1298.0,1295.0,1296.9,20799
1659329400,1297.2,1300.0,1296.2,1299.0,36512
1659329700,1299.15,1299.3,1297.15,1297.2,25410
1659330000,1297.7,1298.85,1296.3,1297.5,16966
1659330300,1297.15,1297.45,1295.05,1295.75,18167
1659330600,1295.1,1296.65,1295.0,1295.95,10561
1659330900,1295.65,1296.1,1295.0,1295.95,22906
1659331200,1295.95,1296.0,1292.0,1293.0,21813
1659331500,1293.0,1293.45,1289.1,1289.75,23286
1659331800,1289.75,1295.0,1289.2,1294.0,28885
1659332100,1294.85,1297.4,1292.2,1294.4,44619
1659332400,1294.4,1298.3,1293.45,1294.35,28900
1659332700,1295.05,1297.2,1294.3,1296.5,29552
1659333000,1297.1,1297.25,1295.0,1295.6,19227
1659333300,1295.1,1295.85,1294.95,1295.0,27378
1659333600,1295.3,1296.75,1293.0,1296.15,62744
1659333900,1294.7,1297.2,1293.25,1296.7,37458
1659334200,1297.2,1300.6,1296.5,1300.0,39715
1659334500,1300.0,1300.75,1298.15,1299.0,25598
1659334800,1299.05,1300.0,1298.7,1299.9,30766
1659335100,1299.9,1300.5,1298.15,1298.7,18707
1659335400,1298.25,1304.35,1298.0,1303.5,56238
1659335700,1303.15,1304.0,1300.0,1302.5,28981
1659336000,1303.2,1309.8,1302.05,1305.0,87154
1659336300,1305.0,1312.65,1304.25,1310.85,91645
1659336600,1310.85,1313.65,1309.1,1309.95,66960
1659336900,1310.0,1312.8,1309.95,1312.0,37034
1659337200,1312.0,1314.4,1310.65,1313.9,24163
1659337500,1313.95,1314.7,1308.0,1309.95,49580
1659337800,1309.95,1314.35,1309.25,1313.0,39956
1659338100,1313.0,1313.95,1311.05,1312.0,95114
1659338400,1311.55,1312.0,1309.2,1311.5,19102
1659338700,1311.5,1311.5,1310.05,1310.45,14903
1659339000,1311.0,1311.45,1310.0,1310.9,14526
1659339300,1310.9,1311.0,1308.2,1310.55,28655
1659339600,1310.55,1310.95,1299.75,1301.4,312683
1659339900,1301.15,1301.35,1296.0,1300.85,38302
1659340200,1300.85,1301.0,1300.0,1301.0,17431
1659340500,1301.0,1305.95,1300.9,1304.1,28447
1659340800,1304.1,1306.0,1303.55,1305.2,11470
1659341100,1305.8,1306.85,1302.4,1305.7,18799
1659341400,1305.7,1308.65,1305.1,1306.1,22629
1659341700,1307.3,1309.05,1306.45,1308.2,14517
1659342000,1308.25,1313.55,1308.0,1308.8,46313
1659342300,1308.8,1310.9,1308.35,1309.85,13891
1659342600,1309.85,1310.0,1308.65,1308.8,14056
1659342900,1308.8,1309.0,1305.0,1308.0,26965
1659343200,1307.85,1311.0,1307.5,1308.8,20437
1659343500,1308.8,1311.0,1308.0,1310.6,13593
1659343800,1310.6,1311.0,1308.8,1309.05,13360
1659344100,1309.65,1310.75,1309.1,1310.55,11049
1659344400,1310.55,1310.55,1308.25,1309.7,12740
1659344700,1309.7,1310.9,1308.7,1310.2,19275
1659345000,1310.2,1313.05,1310.1,1313.05,32593
1659345300,1312.85,1316.55,1310.35,1311.65,43604
1659345600,1312.0,1315.4,1311.55,1314.1,34476
1659345900,1314.1,1314.5,1311.35,1313.0,20827
1659346200,1313.75,1314.95,1312.0,1314.1,40996
1659346500,1314.1,1317.25,1314.1,1316.2,28680
1659346800,1316.2,1316.45,1313.15,1314.2,33909
1659347100,1313.85,1315.8,1313.25,1313.25,41559
1659347400,1313.25,1313.95,1311.7,1311.7,46202
1659347700,1311.7,1314.85,1305.7,1309.0,69238
1659411900,1310.0,1312.8,1294.15,1298.05,81922
1659412200,1297.15,1299.0,1294.9,1295.75,50936
1659412500,1295.65,1295.95,1288.55,1289.2,44645
1659412800,1289.5,1289.5,1286.5,1287.3,41246
1659413100,1287.1,1292.75,1286.3,1290.2,55681
1659413400,1290.6,1291.4,1289.5,1290.95,26998
1659413700,1290.95,1294.5,1290.0,1290.05,22380
1659414000,1290.0,1290.95,1285.0,1287.0,38986
1659414300,1287.0,1287.4,1285.9,1287.0,13958
1659414600,1286.95,1290.0,1286.1,1289.15,29199
1659414900,1289.15,1293.1,1288.5,1290.55,31739
1659415200,1290.15,1291.5,1287.0,1287.25,16263
1659415500,1287.25,1290.0,1287.05,1289.95,14664
1659415800,1290.0,1290.0,1287.0,1289.0,18695
1659416100,1289.0,1289.75,1287.95,1288.55,11756
1659416400,1288.55,1291.75,1288.25,1289.85,15490
1659416700,1289.95,1291.05,1288.5,1289.15,18181
1659417000,1289.15,1290.65,1288.5,1289.0,10038
1659417300,1289.8,1290.0,1289.0,1289.9,11283
1659417600,1289.5,1292.0,1288.95,1291.5,16472
1659417900,1291.6,1291.6,1289.55,1290.0,10672
1659418200,1290.0,1290.75,1288.0,1288.85,14843
1659418500,1288.85,1290.85,1288.0,1289.1,15372
1659418800,1289.1,1289.85,1287.35,1288.1,12817
1659419100,1288.1,1289.15,1287.1,1288.9,14458
1659419400,1288.9,1290.85,1287.05,1287.4,16074
1659419700,1287.25,1287.6,1286.1,1287.1,20386
1659420000,1287.1,1287.6,1286.55,1287.0,10342
1659420300,1287.0,1287.85,1286.05,1286.75,22851
1659420600,1286.75,1289.5,1286.75,1288.3,12319
1659420900,1288.3,1288.45,1286.5,1286.75,10740
1659421200,1286.75,1288.5,1284.9,1285.0,18080
1659421500,1283.75,1285.75,1282.1,1284.4,32767
1659421800,1284.35,1285.7,1284.15,1284.9,23261
1659422100,1284.9,1287.6,1283.1,1286.05,18492
1659422400,1286.05,1288.5,1286.05,1287.0,12794
1659422700,1287.0,1288.55,1285.15,1285.15,18203
1659423000,1285.1,1285.5,1283.5,1285.05,12409
1659423300,1285.1,1285.4,1284.55,1284.95,11984
1659423600,1285.0,1286.0,1284.95,1285.6,16514
1659423900,1285.6,1285.7,1281.1,1281.95,31027
1659424200,1282.4,1283.3,1280.45,1282.8,15770
1659424500,1282.8,1284.2,1281.5,1283.5,19636
1659424800,1283.5,1285.0,1282.9,1284.05,13460
1659425100,1284.05,1285.1,1283.35,1284.95,13934
1659425400,1284.95,1285.4,1283.4,1285.0,10114
1659425700,1285.0,1286.0,1284.0,1285.5,16577
1659426000,1285.5,1287.2,1285.5,1286.0,33626
1659426300,1286.0,1287.75,1285.45,1287.45,24359
1659426600,1287.45,1287.5,1286.55,1287.0,11823
1659426900,1287.0,1287.0,1285.8,1286.0,11931
1659427200,1286.0,1286.7,1285.75,1286.0,16353
1659427500,1286.0,1286.95,1284.05,1286.65,18210
1659427800,1286.7,1287.0,1285.3,1286.55,20233
1659428100,1286.55,1287.0,1285.05,1287.0,23186
1659428400,1287.0,1287.0,1286.45,1287.0,18692
1659428700,1287.0,1287.7,1286.2,1287.0,11398
1659429000,1287.0,1288.05,1285.6,1287.35,18003
1659429300,1287.35,1288.0,1286.5,1286.55,17208
1659429600,1286.8,1287.0,1286.0,1286.95,11899
1659429900,1286.8,1287.0,1286.05,1287.0,11864
1659430200,1287.0,1287.65,1286.6,1287.0,20743
1659430500,1287.0,1287.0,1286.5,1287.0,11631
1659430800,1287.0,1287.5,1286.35,1287.4,17609
1659431100,1287.5,1288.85,1286.2,1287.95,26110
1659431400,1286.95,1290.5,1286.95,1290.5,22216
1659431700,1290.3,1290.85,1286.4,1287.0,47680
1659432000,1287.0,1287.0,1283.7,1284.75,29309
1659432300,1284.75,1286.0,1284.2,1284.85,12197
1659432600,1284.8,1285.95,1283.2,1283.45,32613
1659432900,1283.5,1287.0,1283.5,1286.4,43007
1659433200,1285.85,1286.4,1284.0,1285.9,27139
1659433500,1285.9,1287.0,1284.2,1285.4,60846
1659433800,1285.2,1285.9,1282.75,1284.45,31132
1659434100,1284.45,1285.0,1281.15,1284.0,24115
1659498300,1283.0,1286.35,1275.05,1284.85,80252
1659498600,1284.65,1287.55,1276.25,1279.65,39759
1659498900,1279.7,1279.7,1273.0,1275.95,64244
1659499200,1276.0,1280.0,1274.55,1280.0,22313
1659499500,1279.6,1279.95,1274.5,1275.55,14125
1659499800,1275.35,1278.0,1275.35,1277.65,9230
1659500100,1278.0,1280.0,1277.0,1278.0,12404
1659500400,1277.9,1280.3,1277.8,1278.3,12133
1659500700,1278.35,1279.85,1277.15,1279.85,7312
1659501000,1279.8,1282.55,1279.0,1281.0,14928
1659501300,1280.4,1280.7,1278.35,1279.85,7639
1659501600,1279.85,1280.85,1275.0,1275.95,10156
1659501900,1275.95,1277.45,1274.3,1275.5,8821
1659502200,1275.55,1277.05,1274.55,1276.85,7516
1659502500,1277.05,1277.25,1271.85,1275.65,44216
1659502800,1275.65,1276.0,1274.2,1275.8,8904
1659503100,1275.8,1277.4,1275.0,1276.8,6128
1659503400,1276.7,1278.65,1276.35,1277.9,7417
1659503700,1278.0,1278.75,1277.15,1277.8,6306
1659504000,1277.7,1277.7,1275.55,1276.15,6724
1659504300,1276.15,1278.15,1276.15,1277.15,4213
1659504600,1277.2,1278.5,1276.7,1277.7,6735
1659504900,1277.8,1278.3,1274.0,1274.25,22912
1659505200,1274.4,1275.55,1273.5,1274.8,8954
1659505500,1274.8,1276.4,1274.0,1274.75,8527
1659505800,1275.0,1275.0,1271.7,1271.75,9970
1659506100,1272.0,1272.8,1270.2,1271.25,14327
1659506400,1271.95,1271.95,1269.6,1270.0,10527
1659506700,1270.0,1270.0,1268.05,1269.35,15328
1659507000,1269.75,1271.2,1269.35,1271.2,7155
1659507300,1271.2,1276.2,1271.15,1275.05,15361
1659507600,1274.95,1275.0,1273.05,1274.65,8635
1659507900,1274.95,1275.05,1274.5,1275.0,10309
1659508200,1275.05,1275.05,1271.5,1271.5,7987
1659508500,1271.7,1271.7,1270.65,1271.2,8430
1659508800,1271.25,1271.25,1262.8,1269.6,47597
1659509100,1269.45,1271.8,1268.65,1269.45,7877
1659509400,1269.45,1271.55,1269.45,1271.15,11523
1659509700,1271.15,1271.25,1270.0,1270.3,8149
1659510000,1270.2,1270.2,1267.0,1267.4,11773
1659510300,1267.7,1267.7,1263.95,1266.0,16853
1659510600,1265.8,1267.55,1264.85,1265.35,17225
1659510900,1265.3,1265.5,1265.0,1265.4,7148
1659511200,1265.5,1267.15,1262.9,1264.65,22594
1659511500,1264.65,1265.85,1263.9,1264.0,11208
1659511800,1264.05,1264.3,1263.0,1263.0,12166
1659512100,1263.25,1265.6,1260.45,1261.15,15084
1659512400,1261.1,1264.15,1260.0,1262.85,20691
1659512700,1262.9,1263.0,1260.75,1260.9,11535
1659513000,1260.85,1262.35,1258.6,1261.75,15382
1659513300,1261.75,1261.75,1260.25,1260.6,14705
1659513600,1260.7,1265.4,1260.65,1264.35,13341
1659513900,1264.65,1271.5,1264.05,1271.5,25750
1659514200,1272.05,1273.45,1270.0,1271.8,28972
1659514500,1272.5,1272.9,1270.55,1271.9,16550
1659514800,1271.9,1272.75,1270.0,1272.05,19442
1659515100,1272.1,1273.45,1271.75,1272.35,17133
1659515400,1272.15,1277.3,1271.0,1275.2,29955
1659515700,1275.6,1276.55,1274.55,1275.4,15194
1659516000,1275.45,1276.2,1274.3,1274.8,9005
1659516300,1274.85,1274.9,1270.85,1274.45,22961
1659516600,1274.5,1275.9,1272.35,1275.35,20024
1659516900,1275.3,1275.45,1273.0,1273.4,68600
1659517200,1273.45,1274.55,1271.9,1274.55,14661
1659517500,1274.55,1275.15,1271.1,1274.9,22648
1659517800,1274.95,1275.3,1274.15,1275.0,63205
1659518100,1275.0,1275.1,1274.5,1274.5,17905
1659518400,1274.55,1275.0,1273.05,1274.95,18588
1659518700,1274.65,1277.65,1273.85,1277.0,20200
1659519000,1276.95,1287.0,1276.95,1286.8,35357
1659519300,1286.8,1287.0,1284.1,1284.35,27995
1659519600,1284.5,1286.4,1282.9,1285.15,18064
1659519900,1285.25,1286.85,1281.4,1282.25,25917
1659520200,1282.3,1282.3,1280.0,1281.0,27245
1659520500,1281.3,1284.95,1280.05,1283.45,27179
1659584700,1284.1,1286.95,1275.9,1284.45,31413
1659585000,1284.45,1286.7,1281.55,1283.2,22925
1659585300,1283.2,1284.0,1283.0,1284.0,6427
1659585600,1284.0,1284.0,1281.8,1283.85,12042
1659585900,1283.85,1284.0,1282.15,1283.45,6500
1659586200,1283.5,1284.0,1282.75,1283.35,13032
1659586500,1283.05,1284.4,1281.8,1283.2,5645
1659586800,1283.2,1283.95,1280.25,1281.0,7383
1659587100,1280.95,1282.3,1279.0,1280.0,7720
1659587400,1280.0,1280.0,1276.75,1277.25,7188
1659587700,1277.3,1279.1,1277.3,1278.45,4377
1659588000,1278.3,1280.75,1277.05,1279.4,4493
1659588300,1279.4,1280.85,1277.9,1279.5,5068
1659588600,1279.5,1279.9,1278.5,1278.95,3471
1659588900,1278.95,1278.95,1277.05,1277.9,3859
1659589200,1278.25,1280.5,1277.6,1280.1,4392
1659589500,1280.05,1280.4,1279.4,1279.75,6623
1659589800,1279.75,1280.55,1278.7,1280.0,2242
1659590100,1280.0,1280.0,1279.0,1279.0,7023
1659590400,1279.0,1280.0,1279.0,1279.35,1900
1659590700,1279.35,1280.2,1279.35,1279.95,3591
1659591000,1279.95,1279.95,1277.4,1278.35,3396
1659591300,1278.35,1280.0,1278.1,1279.25,5780
1659591600,1279.1,1279.95,1278.6,1279.5,2764
1659591900,1279.5,1279.5,1272.55,1275.9,16257
1659592200,1275.95,1278.5,1275.45,1275.95,8735
1659592500,1276.0,1276.9,1274.3,1275.45,10807
1659592800,1275.5,1277.85,1273.85,1276.55,26916
1659593100,1276.7,1279.7,1276.4,1279.0,21735
1659593400,1279.0,1280.4,1278.0,1278.4,13672
1659593700,1278.4,1278.9,1274.65,1278.2,52660
1659594000,1278.2,1281.25,1277.9,1280.45,16881
1659594300,1280.05,1280.25,1276.4,1276.95,8774
1659594600,1276.9,1279.95,1276.05,1279.9,12601
1659594900,1279.8,1281.3,1279.0,1279.6,8377
1659595200,1279.55,1279.95,1276.55,1278.55,9876
1659595500,1278.75,1280.7,1278.75,1280.05,7377
1659595800,1280.05,1280.75,1278.65,1279.5,8306
1659596100,1279.5,1280.7,1278.2,1280.0,9397
1659596400,1280.0,1282.6,1279.7,1280.75,8322
1659596700,1280.75,1282.35,1280.75,1282.0,8524
1659597000,1282.25,1282.95,1281.15,1282.25,14668
1659597300,1282.25,1282.4,1281.05,1282.0,10059
1659597600,1282.0,1284.15,1281.4,1284.0,11612
1659597900,1284.0,1284.0,1282.6,1283.45,4830
1659598200,1283.95,1284.15,1282.0,1282.9,10220
1659598500,1282.95,1282.95,1280.0,1280.75,22296
1659598800,1280.75,1281.85,1280.0,1280.0,5689
1659599100,1280.05,1281.0,1279.0,1280.95,59022
1659599400,1280.95,1281.9,1280.35,1281.0,4719
1659599700,1281.05,1281.15,1280.25,1281.0,2448
1659600000,1281.0,1281.05,1279.4,1279.9,4422
1659600300,1279.9,1281.9,1279.1,1281.45,5721
1659600600,1281.45,1282.65,1280.0,1280.65,8229
1659600900,1280.75,1280.9,1279.3,1280.6,4306
1659601200,1280.4,1281.15,1277.65,1279.4,14904
1659601500,1279.4,1280.0,1278.0,1278.55,7166
1659601800,1278.55,1279.35,1277.5,1278.95,14874
1659602100,1279.0,1279.4,1278.0,1278.0,12990
1659602400,1278.55,1279.05,1277.5,1278.9,8590
1659602700,1278.9,1279.1,1277.65,1278.95,24474
1659603000,1278.95,1278.95,1275.1,1277.95,14755
1659603300,1277.75,1278.0,1276.45,1276.8,10308
1659603600,1276.8,1278.5,1276.55,1277.25,10807
1659603900,1277.25,1278.15,1274.0,1276.65,18464
1659604200,1276.6,1278.0,1275.55,1277.95,13756
1659604500,1277.55,1277.85,1270.25,1271.0,29812
1659604800,1271.0,1277.95,1271.0,1275.55,21403
1659605100,1275.55,1276.75,1274.15,1276.2,16130
1659605400,1275.65,1278.9,1275.65,1278.9,38888
1659605700,1278.9,1279.65,1278.1,1279.15,32260
1659606000,1279.2,1280.35,1277.35,1279.4,31277
1659606300,1279.7,1280.4,1277.75,1279.45,32932
1659606600,1279.45,1280.85,1278.75,1279.5,33483
1659606900,1279.1,1280.1,1274.5,1278.9,30200
1659671100,1285.2,1287.85,1281.6,1282.0,29272
1659671400,1282.0,1285.6,1282.0,1284.15,16145
1659671700,1284.15,1285.5,1282.9,1285.15,7641
1659672000,1285.15,1285.7,1283.25,1283.25,5727
1659672300,1283.65,1284.05,1282.0,1282.25,4215
1659672600,1282.5,1283.9,1278.0,1281.45,13246
1659672900,1281.45,1282.95,1280.2,1281.0,7997
1659673200,1281.0,1283.0,1280.0,1280.0,13149
1659673500,1280.0,1281.2,1278.05,1279.3,8941
1659673800,1278.55,1280.8,1277.4,1278.95,12627
1659674100,1278.95,1282.25,1277.25,1280.7,17141
1659674400,1280.0,1282.75,1278.0,1281.95,23862
1659674700,1282.0,1286.5,1281.5,1284.7,13539
1659675000,1284.7,1284.7,1282.1,1283.45,7348
1659675300,1283.45,1285.0,1282.8,1283.4,163867
1659675600,1283.4,1284.0,1282.95,1283.25,16868
1659675900,1283.15,1283.3,1278.0,1279.15,8233
1659676200,1279.15,1279.15,1274.0,1274.75,8711
1659676500,1274.6,1276.8,1274.0,1274.45,14794
1659676800,1274.0,1276.3,1274.0,1276.0,2324
1659677100,1276.0,1277.0,1275.6,1276.15,2668
1659677400,1276.15,1276.15,1270.5,1270.85,23031
1659677700,1270.85,1276.45,1270.7,1274.8,10291
1659678000,1274.8,1277.8,1274.8,1277.7,4491
1659678300,1277.7,1278.75,1275.5,1277.0,5679
1659678600,1277.0,1278.15,1276.5,1277.45,4880
1659678900,1277.45,1278.9,1276.65,1277.35,2683
1659679200,1277.35,1277.6,1276.25,1276.25,2241
1659679500,1276.45,1276.45,1273.5,1273.55,2530
1659679800,1273.55,1274.75,1271.0,1274.65,5542
1659680100,1274.65,1275.0,1274.0,1275.0,2957
1659680400,1275.0,1277.25,1275.0,1276.05,4039
1659680700,1276.05,1277.65,1274.0,1274.25,4339
1659681000,1274.25,1277.2,1274.05,1277.15,6235
1659681300,1277.05,1277.05,1275.05,1275.4,1602
1659681600,1275.4,1276.05,1274.45,1275.8,2559
1659681900,1275.8,1275.9,1274.4,1275.6,2852
1659682200,1275.6,1275.95,1274.9,1275.8,3029
1659682500,1275.8,1277.0,1274.0,1274.45,2575
1659682800,1274.45,1275.85,1274.3,1274.95,1803
1659683100,1274.95,1274.95,1274.0,1274.45,2507
1659683400,1274.45,1275.3,1271.0,1272.05,8602
1659683700,1272.05,1272.45,1271.4,1272.0,4473
1659684000,1271.5,1273.6,1271.4,1271.45,6063
1659684300,1271.45,1272.2,1271.0,1271.5,3465
1659684600,1271.5,1271.5,1266.35,1266.4,16456
1659684900,1266.3,1268.2,1266.15,1267.35,5427
1659685200,1267.35,1267.75,1263.65,1264.0,12934
1659685500,1264.35,1265.95,1262.0,1264.85,18509
1659685800,1264.85,1266.5,1264.0,1265.05,10882
1659686100,1264.75,1268.25,1264.75,1268.15,3754
1659686400,1268.25,1269.0,1265.85,1268.85,4561
1659686700,1268.85,1269.05,1265.25,1265.25,5332
1659687000,1265.8,1266.0,1264.6,1265.75,24465
1659687300,1265.0,1265.1,1264.4,1265.0,11498
1659687600,1265.0,1266.3,1264.75,1265.4,38274
1659687900,1265.4,1266.9,1264.15,1264.65,9367
1659688200,1265.55,1269.8,1265.4,1269.3,17720
1659688500,1269.8,1269.8,1268.25,1269.0,3415
1659688800,1269.25,1269.25,1265.5,1265.5,5290
1659689100,1265.05,1268.4,1265.0,1267.8,6045
1659689400,1267.8,1269.25,1267.5,1268.4,4296
1659689700,1268.35,1269.0,1264.05,1264.95,9260
1659690000,1264.95,1267.05,1263.4,1265.25,8884
1659690300,1265.25,1266.45,1261.2,1261.2,8051
1659690600,1261.2,1263.45,1260.95,1262.0,11075
1659690900,1262.0,1266.65,1261.75,1265.9,13217
1659691200,1265.9,1266.7,1264.75,1266.35,8653
1659691500,1266.35,1267.0,1264.15,1264.6,12149
1659691800,1265.0,1269.0,1264.95,1268.8,26503
1659692100,1268.8,1268.8,1265.55,1265.8,22414
1659692400,1265.9,1267.15,1263.5,1266.4,20732
1659692700,1266.4,1266.4,1263.6,1265.9,28583
1659693000,1265.8,1267.0,1265.75,1266.85,17173
1659693300,1266.85,1270.0,1263.0,1264.9,20061
1659930300,1261.2,1268.2,1251.25,1254.45,38597
1659930600,1253.35,1259.95,1252.75,1257.75,26088
1659930900,1257.75,1260.45,1256.85,1260.0,18221
1659931200,1260.0,1260.3,1255.65,1257.35,24221
1659931500,1257.35,1260.05,1255.75,1260.05,21508
1659931800,1260.05,1264.85,1258.8,1264.75,18447
1659932100,1264.9,1264.9,1262.55,1264.35,9241
1659932400,1264.45,1265.15,1262.85,1263.15,5392
1659932700,1263.85,1266.0,1263.25,1265.0,5413
1659933000,1265.0,1265.65,1263.9,1263.9,6202
1659933300,1263.45,1265.0,1262.15,1265.0,8887
1659933600,1265.0,1266.85,1264.6,1266.85,7997
1659933900,1266.85,1270.7,1266.25,1268.2,17146
1659934200,1268.2,1269.2,1263.25,1264.7,35616
1659934500,1264.7,1267.25,1264.0,1267.2,5849
1659934800,1267.2,1267.45,1265.1,1266.35,14363
1659935100,1266.4,1268.0,1266.05,1267.0,5044
1659935400,1266.95,1267.0,1264.45,1265.45,7913
1659935700,1265.4,1265.55,1261.0,1263.45,28944
1659936000,1263.45,1264.7,1261.3,1264.7,4088
1659936300,1264.7,1265.25,1263.8,1265.25,2557
1659936600,1265.0,1267.45,1264.55,1267.05,4461
1659936900,1267.05,1267.55,1265.8,1267.5,4674
1659937200,1267.5,1267.5,1266.65,1267.05,2646
1659937500,1267.05,1268.5,1265.6,1266.05,4799
1659937800,1266.05,1268.2,1265.65,1266.7,1461
1659938100,1266.7,1267.0,1265.55,1266.3,923
1659938400,1266.35,1267.3,1265.45,1266.9,1913
1659938700,1266.9,1267.0,1265.7,1266.55,1685
1659939000,1266.55,1266.6,1263.15,1263.25,4941
1659939300,1263.95,1266.0,1263.25,1265.25,6266
1659939600,1265.25,1267.1,1265.25,1266.5,3718
1659939900,1266.5,1267.2,1263.05,1263.75,7306
1659940200,1264.0,1265.5,1263.05,1265.0,8999
1659940500,1265.0,1267.75,1263.65,1267.35,24460
1659940800,1267.6,1267.9,1266.75,1267.65,5216
1659941100,1267.65,1267.95,1266.95,1266.95,4682
1659941400,1267.6,1268.0,1266.4,1266.95,7961
1659941700,1267.0,1267.85,1265.5,1266.5,9094
1659942000,1266.95,1267.2,1265.9,1266.9,5817
1659942300,1266.9,1268.0,1266.4,1267.85,5792
1659942600,1267.85,1268.8,1267.25,1268.35,9282
1659942900,1267.8,1268.5,1266.4,1267.1,9876
1659943200,1267.0,1268.6,1266.2,1267.75,29173
1659943500,1268.05,1268.15,1267.35,1268.15,4140
1659943800,1268.45,1269.55,1267.85,1269.5,7906
1659944100,1269.5,1269.5,1268.6,1269.0,4832
1659944400,1268.95,1269.5,1266.5,1267.0,5847
1659944700,1267.0,1268.5,1266.3,1267.0,17977
1659945000,1267.35,1269.3,1266.4,1267.25,23871
1659945300,1267.25,1268.9,1267.05,1268.8,4475
1659945600,1268.8,1269.8,1268.25,1269.5,19187
1659945900,1269.6,1269.6,1268.2,1268.95,6497
1659946200,1268.9,1269.0,1267.3,1268.6,12961
1659946500,1268.65,1268.65,1267.35,1267.95,7964
1659946800,1267.9,1269.0,1267.3,1268.15,6128
1659947100,1268.9,1270.65,1268.35,1270.05,15529
1659947400,1270.05,1272.35,1268.85,1269.6,25187
1659947700,1269.6,1270.0,1267.15,1268.8,11491
1659948000,1268.8,1268.8,1267.0,1267.65,4498
1659948300,1267.65,1269.65,1266.45,1267.85,5327
1659948600,1267.85,1270.25,1267.0,1269.95,25697
1659948900,1269.95,1270.25,1268.5,1269.25,27158
1659949200,1269.2,1271.0,1268.9,1269.95,10366
1659949500,1269.95,1270.5,1268.75,1268.75,14803
1659949800,1269.25,1269.5,1267.2,1267.55,8486
1659950100,1267.3,1271.1,1267.2,1270.0,13681
1659950400,1270.25,1271.9,1268.65,1270.0,20709
1659950700,1269.75,1271.0,1269.3,1269.75,14578
1659951000,1270.25,1270.75,1268.95,1269.95,37878
1659951300,1269.95,1271.05,1268.5,1269.25,33477
1659951600,1269.35,1271.55,1268.95,1270.7,49617
1659951900,1270.7,1270.7,1269.2,1270.15,26248
1659952200,1270.15,1271.05,1267.9,1270.75,28111
1659952500,1270.75,1272.0,1267.0,1270.85,29471
1660103100,1270.0,1294.3,1269.9,1293.1,69510
1660103400,1294.05,1294.05,1281.85,1286.9,70302
1660103700,1288.35,1291.75,1280.05,1285.7,58826
1660104000,1285.7,1287.95,1282.1,1282.1,67415
1660104300,1282.1,1286.0,1281.5,1285.3,26329
1660104600,1285.3,1287.0,1282.5,1284.7,13389
1660104900,1284.15,1286.1,1283.25,1284.65,9199
1660105200,1284.6,1287.25,1283.9,1286.05,12317
1660105500,1286.65,1286.65,1282.0,1285.0,19221
1660105800,1284.9,1285.3,1282.3,1282.8,19147
1660106100,1282.8,1285.0,1282.25,1284.4,10854
1660106400,1284.4,1285.45,1282.65,1284.55,8890
1660106700,1284.55,1285.0,1283.35,1284.0,9855
1660107000,1284.1,1284.95,1283.9,1284.95,5562
1660107300,1284.95,1285.0,1283.7,1284.5,5243
1660107600,1284.5,1285.0,1284.4,1284.85,5283
1660107900,1284.85,1285.05,1284.15,1285.0,14946
1660108200,1285.0,1285.0,1284.0,1285.0,3749
1660108500,1284.95,1285.0,1284.0,1284.95,6441
1660108800,1284.95,1285.0,1282.0,1283.3,14670
1660109100,1283.95,1284.85,1282.65,1283.45,5787
1660109400,1283.45,1284.35,1281.65,1283.5,7566
1660109700,1283.85,1283.95,1281.7,1282.4,7408
1660110000,1282.4,1283.0,1282.0,1282.4,7216
1660110300,1282.4,1282.4,1280.4,1281.35,5899
1660110600,1281.35,1281.7,1279.05,1280.0,15078
1660110900,1279.55,1281.0,1279.1,1280.45,10057
1660111200,1280.45,1281.7,1280.0,1280.75,9490
1660111500,1280.75,1281.45,1280.0,1280.85,5937
1660111800,1280.85,1281.05,1278.5,1279.7,6447
1660112100,1279.7,1280.15,1278.55,1279.5,6330
1660112400,1279.5,1280.0,1278.5,1279.9,9135
1660112700,1279.9,1280.3,1275.85,1278.1,26286
1660113000,1277.0,1277.95,1275.0,1275.85,12218
1660113300,1275.95,1277.0,1273.5,1275.25,12003
1660113600,1275.25,1275.5,1273.6,1275.0,12654
1660113900,1275.0,1279.05,1274.9,1278.0,9545
1660114200,1278.0,1279.0,1277.05,1278.85,8003
1660114500,1278.95,1279.1,1278.0,1279.1,6195
1660114800,1279.1,1279.6,1277.3,1278.5,8135
1660115100,1278.5,1279.1,1276.0,1278.0,10934
1660115400,1277.95,1278.0,1276.2,1277.95,8723
1660115700,1277.95,1278.1,1276.15,1277.75,14073
1660116000,1277.8,1280.4,1276.95,1280.4,26698
1660116300,1280.35,1280.4,1276.85,1277.75,13130
1660116600,1277.85,1278.0,1274.0,1275.0,11546
1660116900,1275.0,1275.95,1274.1,1275.5,10281
1660117200,1275.5,1275.5,1274.9,1275.45,8304
1660117500,1275.5,1277.65,1275.0,1276.55,8828
1660117800,1276.55,1276.9,1275.15,1276.0,5301
1660118100,1276.3,1277.0,1274.5,1275.0,7580
1660118400,1275.0,1275.35,1274.3,1275.0,10859
1660118700,1275.0,1275.0,1274.7,1274.9,8609
1660119000,1274.9,1276.0,1274.25,1275.0,20449
1660119300,1275.0,1275.8,1274.8,1275.1,18612
1660119600,1275.25,1275.6,1274.25,1274.7,7211
1660119900,1274.8,1275.2,1274.0,1274.35,6157
1660120200,1274.7,1274.8,1270.65,1272.2,22853
1660120500,1272.2,1274.45,1272.2,1274.0,7656
1660120800,1274.0,1276.05,1273.25,1275.0,9791
1660121100,1275.0,1275.0,1273.85,1274.0,7656
1660121400,1274.0,1275.0,1273.85,1275.0,6446
1660121700,1275.0,1276.3,1274.9,1275.0,40214
1660122000,1275.0,1275.45,1274.0,1275.0,7022
1660122300,1275.35,1275.35,1272.35,1272.85,20543
1660122600,1272.45,1272.85,1271.0,1272.45,6477
1660122900,1272.45,1272.8,1270.25,1270.95,6883
1660123200,1270.95,1272.0,1270.45,1271.1,7233
1660123500,1271.1,1271.45,1269.05,1270.85,19251
1660123800,1271.0,1273.35,1270.95,1272.9,28051
1660124100,1273.0,1274.6,1271.85,1274.4,27577
1660124400,1274.55,1274.8,1271.9,1274.25,34548
1660124700,1274.35,1275.0,1273.3,1275.0,24957
1660125000,1275.0,1275.0,1271.75,1273.45,40026
1660125300,1273.4,1275.6,1270.0,1270.0,28598
1660189500,1279.6,1283.95,1269.0,1270.15,26801
1660189800,1270.0,1278.4,1267.7,1278.4,18957
1660190100,1278.4,1278.4,1274.3,1274.95,22031
1660190400,1274.95,1276.0,1273.8,1274.4,3769
1660190700,1274.4,1276.05,1273.45,1274.85,211198
1660191000,1274.85,1275.7,1274.25,1275.15,3390
1660191300,1275.15,1276.9,1274.65,1276.0,24566
1660191600,1276.0,1276.9,1275.65,1276.5,11909
1660191900,1276.4,1277.05,1274.25,1275.0,16908
1660192200,1275.4,1276.05,1275.0,1275.65,6465
1660192500,1275.65,1275.75,1273.75,1275.0,8369
1660192800,1274.15,1274.85,1273.5,1273.5,4041
1660193100,1273.5,1273.5,1269.8,1270.85,14794
1660193400,1270.85,1273.1,1270.0,1270.15,8006
1660193700,1270.15,1271.35,1270.0,1270.9,4905
1660194000,1270.4,1271.0,1269.0,1270.0,5329
1660194300,1270.0,1271.85,1270.0,1271.35,2121
1660194600,1271.0,1271.6,1267.0,1267.45,7203
1660194900,1267.05,1267.7,1262.35,1264.0,14571
1660195200,1264.35,1265.0,1263.2,1264.0,12870
1660195500,1264.0,1264.35,1263.5,1264.0,2896
1660195800,1264.75,1265.25,1263.95,1264.05,10019
1660196100,1264.7,1265.85,1264.0,1264.85,8559
1660196400,1264.9,1265.3,1263.8,1264.0,7523
1660196700,1263.75,1265.0,1263.35,1264.0,6501
1660197000,1264.0,1265.0,1263.7,1264.75,4980
1660197300,1264.75,1264.8,1262.0,1262.95,6844
1660197600,1262.95,1265.0,1262.9,1264.0,10647
1660197900,1264.0,1265.15,1263.05,1264.55,4700
1660198200,1264.55,1264.85,1263.7,1264.0,2455
1660198500,1264.0,1265.0,1263.3,1265.0,3990
1660198800,1264.65,1265.0,1263.75,1264.0,5150
1660199100,1263.75,1265.0,1263.5,1264.9,3159
1660199400,1264.95,1265.45,1264.0,1265.25,5990
1660199700,1265.25,1265.35,1264.0,1264.95,4209
1660200000,1264.95,1265.0,1264.0,1264.1,3520
1660200300,1264.05,1268.7,1264.0,1265.7,12050
1660200600,1265.7,1267.0,1265.7,1266.3,3936
1660200900,1265.9,1266.8,1265.55,1266.55,4373
1660201200,1266.7,1266.7,1264.95,1265.1,4179
1660201500,1264.5,1265.3,1264.1,1264.45,3456
1660201800,1264.3,1267.1,1264.3,1267.1,8673
1660202100,1267.1,1268.15,1266.5,1268.0,8497
1660202400,1268.0,1268.15,1267.35,1267.9,17817
1660202700,1267.9,1268.2,1267.0,1267.35,5610
1660203000,1267.0,1267.4,1264.05,1264.95,12463
1660203300,1264.65,1265.85,1264.1,1264.85,4716
1660203600,1264.25,1265.0,1264.25,1264.6,5699
1660203900,1264.3,1265.45,1264.0,1264.5,6095
1660204200,1264.5,1265.0,1263.0,1264.2,5401
1660204500,1264.2,1264.5,1262.0,1263.95,7983
1660204800,1263.95,1264.2,1262.0,1264.0,3910
1660205100,1263.95,1265.0,1263.85,1264.45,7974
1660205400,1264.95,1265.0,1263.55,1264.0,4109
1660205700,1264.0,1265.0,1263.5,1264.0,3702
1660206000,1264.0,1265.0,1263.5,1264.9,5821
1660206300,1264.85,1265.0,1263.95,1264.15,3980
1660206600,1264.4,1265.0,1263.4,1264.0,4301
1660206900,1264.0,1265.0,1263.4,1264.0,4688
1660207200,1264.0,1265.0,1263.45,1264.0,6960
1660207500,1264.0,1264.5,1263.35,1263.95,3719
1660207800,1263.95,1265.0,1263.4,1264.5,6467
1660208100,1264.9,1265.0,1264.05,1264.6,5284
1660208400,1265.0,1265.0,1263.55,1264.0,11072
1660208700,1264.0,1264.0,1262.25,1262.95,6512
1660209000,1263.0,1263.0,1261.05,1262.05,9010
1660209300,1262.05,1262.5,1260.75,1261.5,6281
1660209600,1261.1,1262.0,1259.5,1260.35,13887
1660209900,1260.6,1264.0,1259.05,1262.8,56544
1660210200,1263.15,1263.75,1261.75,1262.4,21556
1660210500,1262.75,1264.0,1261.8,1263.0,15447
1660210800,1263.15,1263.75,1260.05,1260.75,25366
1660211100,1260.75,1261.95,1259.6,1261.95,37520
1660211400,1261.95,1261.95,1259.7,1261.5,26753
1660211700,1261.5,1262.0,1259.2,1259.2,21170
1660275900,1255.5,1263.95,1252.5,1262.1,42145
1660276200,1262.1,1269.2,1261.3,1267.3,21100
1660276500,1267.3,1269.25,1265.25,1268.15,14596
1660276800,1268.15,1269.4,1263.75,1264.95,9972
1660277100,1264.0,1264.0,1260.35,1263.0,10780
1660277400,1263.0,1266.0,1261.65,1266.0,4059
1660277700,1266.0,1270.0,1265.1,1270.0,9509
1660278000,1269.4,1275.8,1269.4,1272.65,93142
1660278300,1272.65,1274.0,1270.9,1274.0,76679
1660278600,1274.0,1275.0,1271.3,1272.4,19374
1660278900,1272.4,1273.3,1271.15,1272.25,8243
1660279200,1272.25,1273.75,1271.2,1273.35,4113
1660279500,1273.35,1273.45,1271.85,1272.75,6544
1660279800,1272.75,1275.7,1272.0,1275.7,11675
1660280100,1275.0,1278.45,1274.05,1277.7,16667
1660280400,1277.7,1282.4,1276.3,1281.6,33350
1660280700,1281.25,1281.25,1277.95,1278.25,25296
1660281000,1278.5,1282.4,1278.0,1281.9,17573
1660281300,1281.9,1285.5,1281.0,1285.0,53110
1660281600,1284.95,1287.95,1284.35,1286.45,37165
1660281900,1286.3,1286.45,1284.2,1285.0,17603
1660282200,1285.0,1285.5,1284.1,1284.8,11522
1660282500,1284.8,1286.6,1284.4,1286.0,10907
1660282800,1286.0,1286.6,1280.65,1281.9,13629
1660283100,1281.9,1284.75,1281.3,1284.55,6169
1660283400,1284.55,1284.65,1282.0,1283.55,5231
1660283700,1283.65,1285.35,1282.6,1284.5,7901
1660284000,1284.5,1285.95,1284.0,1285.1,6020
1660284300,1285.1,1285.8,1283.45,1285.2,33475
1660284600,1285.6,1285.65,1283.7,1285.0,15492
1660284900,1285.35,1285.35,1281.85,1283.1,32813
1660285200,1283.1,1283.5,1281.9,1282.8,19256
1660285500,1282.8,1283.4,1282.8,1283.0,6417
1660285800,1283.0,1283.5,1282.75,1283.3,13959
1660286100,1283.05,1283.35,1282.95,1283.1,6010
1660286400,1283.1,1283.3,1282.55,1283.15,15565
1660286700,1283.1,1283.1,1282.3,1283.0,17643
1660287000,1283.0,1283.45,1282.5,1283.0,12060
1660287300,1283.2,1283.2,1282.5,1283.0,4767
1660287600,1283.05,1283.4,1282.55,1283.05,10482
1660287900,1283.05,1283.3,1281.7,1283.1,10748
1660288200,1283.1,1283.5,1282.65,1283.3,7355
1660288500,1283.25,1283.25,1282.65,1283.0,21962
1660288800,1283.0,1283.25,1281.45,1283.25,71519
1660289100,1283.15,1287.0,1283.15,1285.4,18411
1660289400,1285.4,1287.5,1285.0,1287.1,15014
1660289700,1287.1,1287.45,1285.5,1286.5,10725
1660290000,1286.5,1287.0,1285.4,1286.0,9653
1660290300,1286.05,1286.5,1285.5,1286.25,3582
1660290600,1286.25,1287.15,1285.75,1286.25,5385
1660290900,1286.5,1287.0,1285.2,1286.45,4545
1660291200,1286.45,1286.7,1286.0,1286.0,3291
1660291500,1286.0,1286.95,1286.0,1286.1,2866
1660291800,1286.1,1287.95,1285.75,1286.5,19847
1660292100,1286.05,1287.0,1285.55,1286.05,16530
1660292400,1286.05,1286.7,1285.6,1286.25,3234
1660292700,1286.0,1287.25,1286.0,1287.0,21555
1660293000,1286.9,1289.85,1286.9,1288.35,23423
1660293300,1287.7,1288.0,1286.0,1287.5,22838
1660293600,1287.45,1288.25,1286.55,1288.1,4353
1660293900,1288.05,1288.6,1286.75,1287.55,28695
1660294200,1287.55,1287.55,1284.9,1287.05,48473
1660294500,1287.05,1287.55,1286.35,1287.05,34361
1660294800,1287.05,1287.65,1286.0,1286.55,8572
1660295100,1286.55,1287.3,1283.5,1285.0,27025
1660295400,1285.0,1287.5,1284.15,1286.8,39120
1660295700,1286.45,1286.85,1285.7,1286.7,15432
1660296000,1286.65,1287.5,1285.95,1286.95,14535
1660296300,1286.85,1287.65,1285.75,1286.0,34836
1660296600,1286.0,1287.45,1285.8,1287.05,22933
1660296900,1287.0,1287.1,1285.45,1286.85,36663
1660297200,1286.85,1287.35,1285.75,1286.1,50602
1660297500,1286.1,1288.55,1286.0,1286.75,43045
1660297800,1286.75,1288.2,1285.0,1285.85,54669
1660298100,1285.8,1288.45,1284.95,1286.0,32248
1660621500,1289.0,1294.95,1287.05,1290.45,28788
1660621800,1290.45,1300.8,1290.1,1296.5,38827
1660622100,1295.0,1295.95,1293.0,1295.55,29482
1660622400,1295.3,1298.8,1293.0,1293.0,23318
1660622700,1293.3,1298.0,1292.3,1296.2,15042
1660623000,1296.95,1304.7,1296.35,1303.7,31978
1660623300,1302.75,1306.0,1300.85,1303.65,39369
1660623600,1303.65,1305.0,1303.0,1303.95,130997
1660623900,1304.55,1312.0,1302.85,1310.3,56334
1660624200,1310.9,1314.3,1309.7,1310.1,46576
1660624500,1310.05,1314.6,1310.0,1312.5,43796
1660624800,1312.5,1312.5,1308.05,1310.2,17898
1660625100,1310.7,1313.9,1308.95,1313.0,25054
1660625400,1313.75,1319.0,1312.4,1319.0,40939
1660625700,1318.15,1319.0,1314.45,1314.8,36981
1660626000,1314.75,1316.0,1314.0,1314.9,14006
1660626300,1314.9,1320.0,1313.5,1319.2,36754
1660626600,1319.05,1321.0,1316.1,1317.0,44403
1660626900,1317.0,1317.15,1309.05,1313.05,35301
1660627200,1313.05,1315.0,1311.8,1312.5,13145
1660627500,1312.5,1313.65,1310.3,1312.75,7260
1660627800,1312.7,1315.4,1312.7,1314.0,8207
1660628100,1314.0,1316.0,1312.25,1312.6,22482
1660628400,1312.5,1314.7,1311.25,1311.9,12675
1660628700,1311.9,1313.25,1310.25,1310.35,11791
1660629000,1310.35,1310.35,1308.0,1309.15,14136
1660629300,1309.25,1311.2,1307.5,1310.25,18919
1660629600,1310.25,1310.7,1308.65,1310.1,20496
1660629900,1310.1,1310.45,1308.55,1310.35,5419
1660630200,1310.35,1312.05,1309.95,1311.5,4950
1660630500,1311.5,1316.6,1311.4,1315.3,15105
1660630800,1315.35,1315.5,1312.1,1315.0,11875
1660631100,1315.0,1315.65,1314.15,1315.15,4369
1660631400,1315.25,1316.0,1315.05,1315.1,6800
1660631700,1315.1,1316.0,1313.0,1315.15,9310
1660632000,1315.15,1315.95,1314.2,1315.5,5148
1660632300,1315.5,1316.0,1314.2,1315.0,4881
1660632600,1315.0,1315.15,1314.0,1314.4,110278
1660632900,1314.9,1318.55,1314.7,1316.9,38566
1660633200,1316.8,1317.95,1315.3,1317.65,7801
1660633500,1317.15,1317.6,1314.15,1314.55,5024
1660633800,1314.55,1315.95,1314.15,1315.75,3225
1660634100,1315.05,1316.0,1314.25,1314.65,7283
1660634400,1314.65,1315.7,1314.6,1314.95,5782
1660634700,1314.95,1315.55,1314.25,1314.45,7852
1660635000,1314.45,1315.7,1314.05,1314.95,6677
1660635300,1314.95,1315.9,1313.0,1313.0,14069
1660635600,1313.0,1313.55,1310.8,1311.25,24303
1660635900,1311.25,1312.75,1311.0,1312.0,6359
1660636200,1312.0,1312.55,1311.3,1311.5,3491
1660636500,1311.5,1313.35,1311.3,1312.95,9756
1660636800,1313.0,1313.9,1311.7,1312.4,5630
1660637100,1312.4,1314.0,1311.4,1314.0,9912
1660637400,1314.0,1315.8,1312.5,1314.05,86182
1660637700,1313.85,1313.85,1307.8,1307.8,23933
1660638000,1307.8,1311.2,1307.65,1309.1,35090
1660638300,1309.1,1309.5,1308.3,1309.5,4713
1660638600,1309.5,1310.55,1305.7,1305.7,14814
1660638900,1306.15,1309.2,1305.85,1306.25,12572
1660639200,1306.3,1308.1,1305.9,1306.75,10913
1660639500,1306.75,1309.65,1306.0,1308.4,24667
1660639800,1308.4,1309.95,1307.3,1307.3,5237
1660640100,1307.3,1308.85,1307.3,1308.15,3918
1660640400,1308.15,1308.8,1306.75,1306.75,7285
1660640700,1306.75,1307.5,1305.8,1306.1,6907
1660641000,1306.1,1306.95,1303.0,1303.0,17376
1660641300,1303.4,1305.95,1303.0,1305.35,23372
1660641600,1305.35,1305.35,1303.3,1303.7,15917
1660641900,1303.9,1305.45,1302.45,1304.45,13153
1660642200,1304.45,1312.15,1304.0,1309.45,51546
1660642500,1309.4,1313.4,1309.15,1310.2,31054
1660642800,1310.1,1311.7,1309.15,1311.2,27423
1660643100,1311.15,1311.6,1309.55,1310.05,34109
1660643400,1309.8,1311.6,1309.15,1310.9,39658
1660643700,1310.8,1311.8,1308.2,1308.25,19241
1660707900,1305.0,1315.8,1303.55,1309.75,49925
1660708200,1308.6,1309.4,1307.1,1308.0,20564
1660708500,1308.0,1311.85,1307.0,1311.15,48079
1660708800,1312.1,1315.4,1306.15,1315.0,76181
1660709100,1314.0,1315.85,1312.05,1312.1,26470
1660709400,1312.1,1314.85,1312.0,1313.3,20412
1660709700,1313.3,1315.65,1313.05,1314.15,24964
1660710000,1314.15,1317.0,1313.35,1316.7,11343
1660710300,1315.85,1321.0,1315.55,1320.95,77549
1660710600,1320.95,1320.95,1312.2,1312.2,34683
1660710900,1312.2,1313.8,1310.8,1313.05,21540
1660711200,1312.95,1313.05,1308.8,1309.05,19537
1660711500,1309.7,1309.7,1307.25,1307.65,13668
1660711800,1307.65,1307.9,1305.4,1307.15,10639
1660712100,1307.15,1307.7,1305.1,1307.2,7748
1660712400,1307.2,1309.3,1306.15,1307.85,12680
1660712700,1307.85,1308.8,1307.15,1308.8,8496
1660713000,1308.05,1308.7,1306.5,1307.75,7402
1660713300,1307.75,1308.0,1306.9,1307.35,5923
1660713600,1307.35,1308.3,1306.5,1308.0,9608
1660713900,1308.0,1308.05,1306.5,1307.25,5620
1660714200,1307.25,1307.85,1306.5,1307.0,13112
1660714500,1307.0,1307.5,1305.3,1306.0,10719
1660714800,1306.0,1306.5,1305.2,1305.2,5872
1660715100,1305.2,1306.55,1302.9,1304.3,24254
1660715400,1304.3,1305.15,1303.8,1304.0,7597
1660715700,1304.0,1304.9,1302.85,1303.15,6421
1660716000,1303.15,1304.75,1303.05,1303.65,4519
1660716300,1303.65,1304.25,1301.15,1301.95,15573
1660716600,1301.95,1302.4,1300.65,1300.8,8621
1660716900,1300.8,1301.55,1300.0,1300.4,6813
1660717200,1300.4,1300.75,1295.7,1297.75,17006
1660717500,1297.8,1299.9,1297.2,1298.4,7607
1660717800,1298.4,1299.55,1297.4,1299.55,5267
1660718100,1299.55,1299.55,1295.6,1296.1,8706
1660718400,1296.65,1296.65,1294.35,1295.1,7507
1660718700,1295.6,1295.85,1292.45,1294.85,14977
1660719000,1294.85,1294.85,1292.6,1293.15,8768
1660719300,1293.9,1295.2,1293.1,1294.25,5164
1660719600,1294.25,1295.3,1294.0,1294.0,4132
1660719900,1294.35,1295.9,1293.1,1295.2,5969
1660720200,1295.85,1300.45,1295.0,1298.8,22577
1660720500,1299.3,1302.65,1298.25,1301.95,8641
1660720800,1301.95,1302.25,1300.95,1302.15,7144
1660721100,1302.1,1303.45,1301.3,1302.75,4512
1660721400,1302.75,1305.55,1302.75,1303.75,10873
1660721700,1304.3,1304.45,1303.0,1303.95,4424
1660722000,1303.95,1306.0,1303.05,1305.9,11474
1660722300,1305.9,1306.9,1304.5,1305.3,9668
1660722600,1305.3,1306.05,1303.95,1304.95,7021
1660722900,1304.95,1306.75,1304.0,1305.95,5148
1660723200,1305.95,1306.0,1304.25,1304.35,3492
1660723500,1305.0,1305.2,1303.75,1305.0,4603
1660723800,1305.0,1305.75,1303.3,1303.7,4803
1660724100,1303.7,1305.75,1303.0,1305.35,7258
1660724400,1305.35,1307.0,1304.9,1307.0,11494
1660724700,1307.0,1308.0,1303.15,1303.75,15602
1660725000,1303.75,1304.75,1301.0,1304.6,12862
1660725300,1304.6,1304.6,1298.95,1299.6,20044
1660725600,1299.6,1300.85,1298.8,1299.9,11213
1660725900,1299.9,1300.75,1298.45,1300.0,10605
1660726200,1300.0,1300.45,1299.0,1299.75,11426
1660726500,1299.75,1300.0,1298.8,1299.0,5772
1660726800,1299.65,1300.05,1298.05,1300.0,43895
1660727100,1300.0,1301.8,1299.5,1300.0,33336
1660727400,1300.8,1301.0,1299.5,1300.65,31117
1660727700,1300.0,1301.5,1299.5,1300.2,30298
1660728000,1300.2,1300.95,1299.2,1300.0,32265
1660728300,1300.0,1303.35,1299.8,1303.35,15881
1660728600,1303.05,1304.9,1301.0,1303.5,17968
1660728900,1303.55,1305.7,1303.4,1305.65,17864
1660729200,1305.65,1307.0,1304.65,1307.0,20195
1660729500,1307.0,1307.0,1306.05,1306.7,17093
1660729800,1306.7,1307.55,1306.0,1306.8,19675
1660730100,1306.8,1307.0,1303.35,1305.0,15263
1660794300,1306.0,1313.4,1303.35,1311.6,16500
1660794600,1312.0,1314.5,1310.1,1312.45,17561
1660794900,1312.65,1314.8,1311.1,1313.7,13733
1660795200,1313.7,1323.0,1312.8,1322.4,40587
1660795500,1321.9,1328.0,1318.75,1323.3,115185
1660795800,1321.55,1325.2,1319.75,1324.5,61579
1660796100,1324.1,1331.6,1324.1,1329.2,95141
1660796400,1329.95,1331.1,1326.35,1329.5,48995
1660796700,1329.9,1329.95,1326.4,1328.25,39940
1660797000,1328.25,1333.0,1326.45,1331.9,49966
1660797300,1331.5,1332.0,1329.75,1330.2,35244
1660797600,1330.95,1332.0,1330.0,1330.0,26866
1660797900,1330.5,1330.5,1327.2,1328.8,24525
1660798200,1328.25,1328.8,1325.1,1326.8,26776
1660798500,1326.35,1327.55,1325.05,1325.05,18695
1660798800,1325.1,1327.0,1323.2,1324.9,31948
1660799100,1324.9,1326.95,1324.35,1326.2,14922
1660799400,1326.2,1328.0,1325.8,1327.5,13210
1660799700,1327.5,1328.55,1326.15,1328.55,13024
1660800000,1328.55,1330.0,1328.0,1329.8,11603
1660800300,1329.55,1329.7,1327.15,1328.9,17652
1660800600,1329.25,1331.9,1329.25,1330.3,25377
1660800900,1330.3,1331.85,1329.65,1330.3,12922
1660801200,1330.3,1330.95,1329.65,1330.5,7194
1660801500,1330.5,1331.0,1330.0,1330.45,25336
1660801800,1331.0,1332.0,1330.05,1331.5,17381
1660802100,1331.5,1331.5,1328.35,1328.95,11753
1660802400,1328.25,1328.9,1325.8,1328.8,21414
1660802700,1328.25,1330.0,1327.0,1328.0,8488
1660803000,1328.0,1329.0,1327.65,1328.9,5243
1660803300,1328.9,1329.0,1326.1,1327.1,9782
1660803600,1327.1,1327.75,1325.0,1325.1,10699
1660803900,1325.1,1325.75,1325.0,1325.45,6643
1660804200,1325.45,1325.45,1322.5,1323.0,24768
1660804500,1323.0,1325.55,1322.6,1325.0,4760
1660804800,1323.95,1325.15,1323.25,1324.35,6155
1660805100,1325.0,1325.05,1323.1,1325.0,5704
1660805400,1325.0,1325.0,1323.95,1324.7,2866
1660805700,1324.7,1324.8,1321.55,1321.95,9062
1660806000,1321.95,1324.0,1321.1,1323.0,7877
1660806300,1323.0,1323.8,1322.05,1322.9,8679
1660806600,1322.9,1324.5,1322.6,1324.25,4786
1660806900,1324.25,1324.6,1322.15,1322.35,7071
1660807200,1322.35,1323.25,1321.9,1322.85,7611
1660807500,1322.85,1323.1,1321.5,1322.15,4461
1660807800,1322.15,1324.8,1321.35,1323.9,4660
1660808100,1323.9,1325.75,1322.9,1325.75,9369
1660808400,1325.95,1326.9,1322.0,1323.85,10235
1660808700,1323.85,1325.0,1323.0,1324.35,2908
1660809000,1323.95,1324.3,1322.0,1323.2,5615
1660809300,1323.35,1324.5,1322.6,1324.5,2220
1660809600,1323.8,1324.8,1322.1,1323.4,5472
1660809900,1323.0,1324.0,1322.6,1323.7,2789
1660810200,1323.15,1324.2,1322.5,1323.4,5900
1660810500,1323.4,1324.0,1322.5,1322.75,15243
1660810800,1322.6,1323.85,1319.35,1323.85,25844
1660811100,1323.85,1323.85,1322.25,1323.7,14001
1660811400,1323.7,1323.7,1321.65,1322.3,10978
1660811700,1322.3,1323.7,1321.65,1323.4,6665
1660812000,1323.25,1325.5,1323.0,1325.0,21235
1660812300,1325.0,1325.85,1323.45,1324.9,9788
1660812600,1324.9,1324.95,1323.0,1324.0,7794
1660812900,1324.0,1324.9,1323.4,1324.0,5300
1660813200,1323.95,1325.5,1323.5,1325.0,7627
1660813500,1325.0,1325.45,1323.95,1325.0,7751
1660813800,1325.0,1325.3,1323.5,1325.05,7563
1660814100,1325.05,1326.7,1324.7,1325.0,58968
1660814400,1325.0,1326.0,1324.05,1325.8,66304
1660814700,1325.8,1326.8,1325.05,1326.0,21036
1660815000,1326.0,1326.9,1324.55,1326.0,34222
1660815300,1325.65,1327.0,1325.45,1325.95,17672
1660815600,1326.0,1326.35,1324.7,1325.1,33535
1660815900,1325.1,1325.65,1320.65,1321.6,39135
1660816200,1321.6,1323.5,1318.55,1323.2,31440
1660816500,1323.35,1325.15,1322.2,1323.0,16341
1660880700,1320.0,1333.7,1320.0,1331.05,48686
1660881000,1331.1,1334.7,1330.15,1332.2,32566
1660881300,1332.2,1333.0,1328.05,1328.15,25253
1660881600,1328.15,1330.2,1326.35,1327.25,13384
1660881900,1327.25,1327.3,1321.5,1323.7,15795
1660882200,1322.9,1324.0,1318.25,1320.45,17120
1660882500,1320.6,1322.3,1317.75,1322.3,14004
1660882800,1322.3,1323.0,1320.2,1321.55,7733
1660883100,1320.9,1322.0,1319.1,1321.35,7526
1660883400,1321.35,1322.0,1320.5,1321.35,3677
1660883700,1321.35,1324.05,1320.7,1323.35,11995
1660884000,1323.3,1323.4,1322.15,1323.4,2578
1660884300,1323.4,1325.65,1322.6,1323.8,8355
1660884600,1323.8,1325.5,1323.2,1325.0,2454
1660884900,1325.0,1331.0,1324.6,1328.85,24193
1660885200,1328.85,1328.85,1326.1,1327.8,4794
1660885500,1327.8,1328.25,1325.7,1326.7,3769
1660885800,1326.9,1326.9,1325.15,1326.65,7676
1660886100,1326.9,1326.9,1325.35,1326.5,4841
1660886400,1326.5,1327.95,1325.5,1327.15,2037
1660886700,1327.15,1327.95,1325.2,1325.2,5134
1660887000,1325.2,1325.8,1322.8,1323.35,7517
1660887300,1322.95,1323.0,1316.0,1317.45,16205
1660887600,1317.45,1321.15,1316.15,1320.95,8719
1660887900,1320.55,1322.6,1320.25,1321.0,7117
1660888200,1321.0,1321.0,1317.75,1317.75,5194
1660888500,1318.0,1318.0,1312.3,1314.25,28776
1660888800,1314.0,1317.0,1313.05,1316.75,4219
1660889100,1316.75,1316.8,1313.35,1315.15,7123
1660889400,1315.6,1318.9,1313.8,1313.8,10386
1660889700,1314.35,1319.35,1313.3,1318.25,4137
1660890000,1318.9,1320.25,1317.25,1317.25,4443
1660890300,1317.95,1318.8,1316.6,1317.9,3089
1660890600,1317.9,1319.95,1316.75,1319.85,7172
1660890900,1319.35,1319.95,1317.65,1318.85,3924
1660891200,1318.85,1319.5,1317.85,1318.95,3623
1660891500,1318.95,1320.0,1317.7,1318.65,2051
1660891800,1318.65,1318.65,1314.5,1314.5,3896
1660892100,1314.0,1315.1,1312.0,1315.1,5734
1660892400,1314.5,1317.3,1313.8,1317.25,5621
1660892700,1317.25,1319.75,1317.25,1319.6,4706
1660893000,1319.6,1320.0,1318.75,1319.05,4644
1660893300,1319.05,1319.95,1317.8,1317.8,2269
1660893600,1318.25,1320.65,1317.9,1320.0,7609
1660893900,1320.55,1320.95,1315.8,1317.45,7663
1660894200,1316.95,1318.8,1316.15,1318.0,4218
1660894500,1318.0,1318.0,1316.85,1318.0,1327
1660894800,1318.0,1319.0,1317.05,1317.9,5130
1660895100,1317.95,1319.0,1317.0,1318.0,2736
1660895400,1318.0,1318.25,1315.85,1317.9,4601
1660895700,1317.9,1321.45,1316.85,1320.9,17959
1660896000,1320.9,1320.9,1320.0,1320.35,26656
1660896300,1320.0,1320.45,1319.8,1319.8,25122
1660896600,1319.95,1320.5,1319.2,1319.7,4807
1660896900,1319.7,1319.7,1313.0,1313.0,13981
1660897200,1313.0,1313.05,1306.6,1308.25,25292
1660897500,1308.25,1308.9,1305.0,1306.4,17064
1660897800,1306.55,1306.6,1300.3,1303.9,20422
1660898100,1303.9,1304.75,1301.15,1301.3,14220
1660898400,1301.4,1305.8,1301.05,1303.3,12334
1660898700,1303.3,1304.8,1301.75,1303.05,15038
1660899000,1303.05,1305.0,1302.5,1303.35,16109
1660899300,1303.35,1307.3,1303.35,1304.55,23441
1660899600,1304.55,1304.55,1299.4,1301.0,18813
1660899900,1301.0,1301.9,1298.1,1298.5,19441
1660900200,1298.5,1302.9,1298.5,1301.05,20057
1660900500,1301.5,1302.45,1301.0,1301.25,16608
1660900800,1301.25,1301.45,1298.25,1299.7,21218
1660901100,1299.7,1301.35,1299.45,1300.7,15824
1660901400,1300.8,1301.65,1300.1,1300.55,21825
1660901700,1300.55,1300.55,1297.2,1297.95,28593
1660902000,1297.95,1298.8,1293.9,1294.75,39154
1660902300,1294.75,1296.6,1294.7,1296.45,36520
1660902600,1296.45,1297.25,1294.0,1294.25,25745
1660902900,1294.25,1296.65,1293.35,1295.0,16463
1661139900,1292.05,1311.4,1288.05,1304.3,63431
1661140200,1304.0,1305.95,1299.5,1303.95,36756
1661140500,1304.3,1304.65,1298.7,1301.05,34104
1661140800,1300.55,1303.0,1297.4,1297.45,19058
1661141100,1297.35,1300.65,1296.15,1300.1,46039
1661141400,1300.9,1301.0,1296.05,1299.8,13774
1661141700,1299.8,1300.0,1295.9,1298.0,13373
1661142000,1298.0,1298.85,1296.0,1298.7,6716
1661142300,1298.7,1300.0,1296.15,1297.0,13292
1661142600,1297.55,1297.95,1294.2,1296.15,16662
1661142900,1296.05,1296.4,1293.5,1295.05,15772
1661143200,1295.05,1295.35,1293.5,1293.95,6238
1661143500,1294.0,1295.0,1291.25,1293.05,18526
1661143800,1293.05,1294.15,1290.5,1291.35,15925
1661144100,1291.35,1291.9,1288.1,1289.35,19580
1661144400,1289.35,1291.6,1288.3,1290.0,10698
1661144700,1290.0,1290.95,1289.2,1289.55,3411
1661145000,1289.55,1291.5,1289.55,1290.15,11769
1661145300,1290.15,1292.0,1289.0,1291.25,5502
1661145600,1291.25,1293.9,1289.95,1290.15,17150
1661145900,1290.15,1291.0,1289.0,1289.95,4269
1661146200,1289.95,1290.0,1287.8,1289.35,18170
1661146500,1289.35,1290.0,1286.5,1286.5,10430
1661146800,1286.6,1289.0,1286.0,1288.7,4766
1661147100,1288.75,1290.0,1288.75,1289.0,4553
1661147400,1289.4,1290.0,1289.0,1290.0,3170
1661147700,1290.0,1290.0,1288.25,1289.95,7891
1661148000,1290.0,1290.0,1288.35,1288.95,4749
1661148300,1288.95,1289.5,1288.4,1288.55,3339
1661148600,1288.5,1290.0,1288.5,1289.45,3680
1661148900,1289.45,1290.0,1289.0,1289.0,9193
1661149200,1289.0,1290.0,1289.0,1290.0,5739
1661149500,1290.0,1290.0,1289.5,1290.0,3744
1661149800,1290.0,1291.45,1289.05,1289.85,15332
1661150100,1289.85,1290.0,1288.7,1289.6,12336
1661150400,1289.6,1290.0,1288.25,1289.4,7398
1661150700,1289.4,1291.55,1289.1,1289.95,15775
1661151000,1289.95,1290.0,1289.5,1289.7,1997
1661151300,1289.7,1290.0,1289.7,1289.7,4653
1661151600,1289.7,1290.0,1289.7,1290.0,2187
1661151900,1290.0,1290.5,1289.95,1290.5,6174
1661152200,1290.5,1290.5,1288.5,1288.5,9383
1661152500,1288.5,1289.65,1286.7,1289.25,3729
1661152800,1289.25,1289.75,1289.0,1289.0,1848
1661153100,1289.3,1289.35,1286.75,1288.15,9146
1661153400,1287.85,1289.9,1286.3,1289.35,12559
1661153700,1289.35,1290.0,1288.7,1289.0,4193
1661154000,1289.6,1289.7,1288.5,1288.55,2204
1661154300,1288.9,1290.0,1288.55,1290.0,6099
1661154600,1290.0,1290.0,1289.2,1289.9,8128
1661154900,1289.9,1290.0,1287.2,1287.7,6037
1661155200,1287.7,1288.7,1287.35,1288.1,3006
1661155500,1288.35,1289.0,1288.0,1288.9,4292
1661155800,1288.95,1289.0,1288.55,1288.6,1492
1661156100,1288.6,1290.0,1288.55,1290.0,7844
1661156400,1289.95,1290.0,1288.05,1288.85,8802
1661156700,1288.85,1289.75,1288.3,1289.25,4826
1661157000,1289.25,1290.0,1288.45,1288.95,8798
1661157300,1288.55,1290.35,1288.5,1288.95,21531
1661157600,1288.95,1289.75,1288.6,1289.75,5396
1661157900,1289.95,1290.0,1288.95,1289.1,10176
1661158200,1289.4,1289.9,1288.65,1289.15,7563
1661158500,1289.15,1290.0,1289.05,1289.9,10881
1661158800,1289.9,1289.9,1287.1,1288.05,13558
1661159100,1288.35,1289.0,1286.1,1288.05,15906
1661159400,1288.0,1288.7,1282.1,1283.75,26753
1661159700,1283.7,1284.7,1282.0,1284.7,11318
1661160000,1284.7,1285.6,1283.8,1285.0,9395
1661160300,1285.2,1285.2,1274.9,1276.0,27491
1661160600,1277.0,1277.15,1271.15,1272.25,23936
1661160900,1272.8,1277.35,1271.3,1276.8,27801
1661161200,1276.8,1277.3,1275.2,1276.65,28885
1661161500,1276.65,1277.5,1276.25,1276.8,26495
1661161800,1276.75,1277.95,1276.05,1277.55,32229
1661162100,1277.6,1278.4,1273.9,1277.0,26534
1661226300,1276.0,1288.0,1270.0,1285.95,21179
1661226600,1286.85,1286.85,1277.7,1278.8,14249
1661226900,1278.8,1280.9,1278.0,1280.3,5534
1661227200,1281.95,1286.3,1281.95,1285.15,10194
1661227500,1285.15,1285.7,1283.3,1284.0,3923
1661227800,1284.0,1285.05,1283.5,1284.0,3858
1661228100,1284.0,1289.0,1282.6,1289.0,6416
1661228400,1289.0,1292.65,1286.05,1289.55,9442
1661228700,1289.55,1290.6,1287.3,1289.45,7152
1661229000,1289.45,1290.1,1285.25,1285.65,2450
1661229300,1285.65,1286.35,1280.85,1281.2,9605
1661229600,1280.9,1281.3,1276.25,1276.25,8145
1661229900,1276.7,1280.85,1274.15,1278.9,8479
1661230200,1278.9,1281.05,1277.25,1280.0,5242
1661230500,1280.0,1280.8,1279.25,1280.0,2830
1661230800,1280.0,1280.95,1279.3,1280.0,10377
1661231100,1279.65,1279.95,1277.95,1279.2,2989
1661231400,1279.25,1280.0,1276.2,1280.0,6808
1661231700,1280.0,1280.0,1277.8,1279.9,5193
1661232000,1279.9,1280.0,1278.55,1278.8,3726
1661232300,1278.8,1280.0,1278.4,1279.95,7006
1661232600,1279.95,1280.0,1277.05,1278.35,4127
1661232900,1278.35,1279.4,1274.05,1275.0,18886
1661233200,1275.55,1280.0,1275.55,1279.95,5941
1661233500,1279.95,1280.0,1277.2,1280.0,11460
1661233800,1280.0,1280.25,1278.7,1280.0,3610
1661234100,1280.0,1280.0,1278.1,1279.0,2062
1661234400,1279.0,1281.0,1278.8,1281.0,10764
1661234700,1281.6,1281.6,1278.6,1279.7,4518
1661235000,1279.7,1280.55,1278.85,1279.95,6544
1661235300,1279.95,1280.0,1278.4,1280.0,2305
1661235600,1280.0,1280.0,1279.1,1280.0,3990
1661235900,1280.0,1280.1,1279.4,1280.0,3776
1661236200,1280.0,1281.0,1279.0,1280.0,5752
1661236500,1280.0,1280.45,1278.55,1280.3,25813
1661236800,1280.5,1282.9,1278.05,1281.2,15034
1661237100,1280.75,1281.35,1278.9,1281.35,11621
1661237400,1281.35,1281.75,1278.65,1280.25,14951
1661237700,1280.45,1283.35,1280.0,1282.0,9563
1661238000,1282.2,1284.3,1281.65,1283.35,3190
1661238300,1283.35,1285.3,1283.35,1284.5,4738
1661238600,1284.5,1285.55,1283.4,1285.25,7567
1661238900,1285.25,1285.3,1283.85,1285.3,6727
1661239200,1285.25,1287.0,1284.9,1287.0,5441
1661239500,1287.0,1287.0,1285.0,1286.05,5285
1661239800,1286.05,1286.8,1283.85,1284.55,3224
1661240100,1284.55,1285.8,1283.4,1284.7,2786
1661240400,1284.7,1286.6,1284.7,1285.75,7268
1661240700,1285.8,1285.8,1283.55,1283.55,2934
1661241000,1283.65,1284.45,1282.2,1283.5,2615
1661241300,1283.3,1285.35,1282.8,1283.0,28817
1661241600,1283.25,1284.1,1283.0,1283.45,3581
1661241900,1283.45,1283.45,1281.1,1281.8,5168
1661242200,1281.85,1281.85,1278.95,1279.3,4780
1661242500,1279.2,1279.9,1277.25,1279.35,6816
1661242800,1279.35,1279.35,1277.5,1278.4,4998
1661243100,1278.4,1279.1,1276.4,1278.85,8762
1661243400,1278.6,1279.9,1277.7,1277.95,8251
1661243700,1277.95,1280.25,1277.95,1279.6,6132
1661244000,1279.6,1281.65,1278.75,1280.0,30344
1661244300,1280.0,1280.55,1279.05,1279.75,7214
1661244600,1279.75,1282.15,1279.6,1280.2,15199
1661244900,1280.2,1280.75,1278.55,1278.55,36624
1661245200,1278.0,1280.0,1277.8,1279.6,16558
1661245500,1279.6,1279.95,1277.85,1279.4,12473
1661245800,1279.05,1279.95,1278.25,1279.4,7749
1661246100,1279.4,1280.45,1279.35,1280.3,27873
1661246400,1280.3,1280.5,1279.2,1279.95,18523
1661246700,1279.95,1280.0,1278.0,1279.5,13472
1661247000,1279.15,1280.0,1275.5,1277.05,22148
1661247300,1277.0,1278.4,1275.7,1278.05,13032
1661247600,1278.05,1279.65,1278.0,1278.9,15096
1661247900,1278.9,1279.6,1277.75,1279.1,17878
1661248200,1279.2,1280.0,1279.2,1280.0,53682
1661248500,1279.95,1282.9,1278.55,1282.9,49721
1661312700,1284.0,1284.0,1272.25,1275.2,27265
1661313000,1275.4,1283.9,1275.4,1283.9,17222
1661313300,1283.9,1285.05,1282.0,1283.0,9988
1661313600,1283.0,1283.0,1275.0,1276.0,7124
1661313900,1275.65,1278.8,1275.65,1277.2,8662
1661314200,1276.5,1277.2,1273.55,1275.95,9320
1661314500,1275.95,1282.05,1275.45,1280.15,8979
1661314800,1280.4,1282.45,1279.0,1280.5,13056
1661315100,1280.5,1280.5,1278.85,1279.8,4321
1661315400,1279.8,1283.75,1279.0,1283.3,10346
1661315700,1283.3,1284.6,1281.65,1282.5,7320
1661316000,1282.5,1284.75,1281.9,1284.05,6632
1661316300,1283.9,1286.0,1283.9,1286.0,6283
1661316600,1286.0,1287.95,1284.9,1285.8,10550
1661316900,1285.8,1288.35,1285.7,1286.85,12717
1661317200,1286.95,1288.85,1286.2,1287.7,10459
1661317500,1287.7,1288.0,1287.2,1287.9,4794
1661317800,1287.9,1288.0,1285.15,1286.3,6149
1661318100,1286.4,1287.4,1286.15,1287.1,3814
1661318400,1287.1,1288.0,1286.95,1287.75,3384
1661318700,1287.75,1288.0,1286.5,1286.55,2861
1661319000,1286.55,1287.45,1284.7,1285.1,7371
1661319300,1285.1,1287.6,1285.1,1287.6,3944
1661319600,1287.6,1288.0,1286.0,1287.8,4906
1661319900,1287.8,1289.9,1287.1,1289.65,7738
1661320200,1289.65,1289.65,1288.0,1288.5,5478
1661320500,1288.5,1289.45,1288.0,1288.9,9089
1661320800,1288.75,1289.4,1288.0,1289.4,4262
1661321100,1289.4,1289.5,1287.1,1288.95,8217
1661321400,1288.95,1289.0,1286.95,1288.75,5909
1661321700,1288.75,1289.05,1287.65,1288.7,5106
1661322000,1288.7,1288.8,1285.5,1286.1,4552
1661322300,1286.2,1286.2,1283.25,1283.25,6375
1661322600,1283.25,1285.1,1283.25,1283.75,3497
1661322900,1283.75,1286.75,1283.75,1285.5,4110
1661323200,1285.5,1286.65,1284.0,1285.9,4120
1661323500,1285.9,1286.75,1284.35,1286.7,3940
1661323800,1286.75,1287.95,1285.35,1286.55,7503
1661324100,1286.9,1288.35,1286.9,1287.05,4026
1661324400,1287.05,1289.85,1286.75,1289.05,6444
1661324700,1289.05,1289.9,1288.0,1288.65,3849
1661325000,1288.65,1289.0,1286.15,1286.5,5005
1661325300,1286.3,1287.1,1282.55,1284.9,11417
1661325600,1284.9,1284.9,1283.0,1283.0,15307
1661325900,1283.0,1283.15,1280.0,1281.7,13848
1661326200,1281.7,1282.15,1280.25,1280.6,6700
1661326500,1280.6,1281.3,1278.0,1279.2,10228
1661326800,1279.4,1282.0,1279.3,1280.6,6976
1661327100,1280.6,1280.6,1277.9,1278.6,13450
1661327400,1278.9,1280.5,1278.05,1279.35,5484
1661327700,1279.1,1280.45,1277.4,1278.4,5571
1661328000,1278.65,1280.5,1278.25,1280.25,5452
1661328300,1280.35,1280.45,1278.85,1279.45,4416
1661328600,1279.45,1282.1,1278.85,1281.1,6712
1661328900,1281.65,1282.65,1280.0,1280.9,7325
1661329200,1280.85,1281.5,1279.05,1279.7,5666
1661329500,1279.7,1280.0,1277.85,1279.45,5397
1661329800,1279.45,1283.0,1278.9,1283.0,7093
1661330100,1283.0,1285.95,1282.85,1285.6,10791
1661330400,1285.6,1286.6,1285.45,1285.9,5760
1661330700,1285.85,1286.0,1282.45,1282.45,7642
1661331000,1282.45,1283.55,1281.3,1283.55,6809
1661331300,1282.85,1283.7,1281.65,1283.25,5834
1661331600,1283.25,1283.5,1280.35,1282.8,17865
1661331900,1282.8,1283.5,1281.7,1282.95,11082
1661332200,1283.0,1284.5,1282.35,1283.2,15423
1661332500,1283.6,1284.2,1283.2,1283.25,35296
1661332800,1283.25,1284.2,1283.15,1283.9,17966
1661333100,1283.9,1285.0,1283.4,1284.0,18186
1661333400,1283.95,1289.9,1283.95,1288.05,26288
1661333700,1288.05,1289.0,1287.05,1287.85,17756
1661334000,1287.6,1288.4,1285.75,1286.85,18265
1661334300,1286.85,1288.5,1286.8,1288.0,8132
1661334600,1288.0,1289.55,1287.95,1289.25,12756
1661334900,1288.55,1289.95,1284.0,1284.0,9178
1661399100,1288.0,1304.25,1288.0,1301.15,38063
1661399400,1300.85,1304.0,1299.4,1303.0,40058
1661399700,1303.0,1308.35,1302.05,1306.0,32998
1661400000,1306.35,1306.35,1300.75,1303.0,21986
1661400300,1303.0,1304.0,1301.65,1301.8,14605
1661400600,1301.65,1305.4,1301.0,1305.05,23925
1661400900,1306.0,1307.75,1304.0,1307.15,18089
1661401200,1307.15,1307.5,1304.0,1305.1,15714
1661401500,1305.1,1306.75,1304.2,1304.55,8869
1661401800,1304.5,1306.2,1304.35,1306.0,7080
1661402100,1306.0,1306.2,1304.3,1304.95,18555
1661402400,1305.7,1305.95,1304.65,1305.8,6936
1661402700,1305.8,1307.25,1305.0,1306.3,15977
1661403000,1306.3,1312.4,1306.3,1312.4,43591
1661403300,1312.0,1312.5,1308.3,1311.35,23689
1661403600,1311.1,1316.0,1311.0,1315.0,46640
1661403900,1315.0,1315.8,1313.25,1313.25,15557
1661404200,1313.25,1315.3,1312.5,1314.8,12382
1661404500,1314.8,1315.0,1312.8,1312.95,10639
1661404800,1312.95,1313.6,1310.0,1311.25,15626
1661405100,1312.1,1314.6,1311.55,1314.45,10637
1661405400,1314.45,1314.6,1312.8,1313.05,7406
1661405700,1313.05,1313.5,1311.0,1312.55,12018
1661406000,1311.95,1313.2,1310.65,1311.0,13452
1661406300,1311.0,1312.5,1309.0,1310.95,15755
1661406600,1310.95,1312.0,1309.8,1310.35,8549
1661406900,1310.35,1311.6,1310.0,1310.7,6756
1661407200,1310.7,1312.1,1310.6,1311.95,7714
1661407500,1311.45,1313.95,1311.45,1313.5,10377
1661407800,1313.5,1315.95,1312.5,1313.0,19824
1661408100,1313.0,1313.8,1311.15,1312.95,17202
1661408400,1313.0,1315.2,1313.0,1314.1,12268
1661408700,1314.1,1314.4,1311.75,1312.95,16331
1661409000,1313.0,1313.55,1303.45,1312.05,90187
1661409300,1312.05,1314.45,1309.15,1310.0,16656
1661409600,1310.0,1310.45,1308.35,1310.0,9733
1661409900,1309.95,1310.0,1303.1,1303.8,30703
1661410200,1303.8,1308.85,1303.8,1308.0,18926
1661410500,1308.2,1310.0,1307.05,1308.0,8887
1661410800,1307.85,1309.2,1307.15,1308.0,6204
1661411100,1308.0,1310.0,1307.5,1308.75,4983
1661411400,1308.75,1309.3,1306.55,1307.0,5965
1661411700,1307.0,1308.6,1305.5,1308.2,7846
1661412000,1308.2,1310.0,1308.2,1308.95,6511
1661412300,1308.95,1309.45,1308.0,1308.55,7468
1661412600,1308.55,1308.8,1307.65,1307.75,7093
1661412900,1307.75,1308.4,1307.1,1307.8,9425
1661413200,1307.8,1307.8,1306.65,1306.65,6343
1661413500,1306.65,1308.25,1305.3,1305.35,8031
1661413800,1305.7,1305.95,1301.5,1303.05,20267
1661414100,1303.05,1304.6,1302.5,1303.1,10453
1661414400,1303.1,1304.7,1302.25,1304.25,8769
1661414700,1304.25,1304.7,1302.85,1303.6,9074
1661415000,1303.6,1304.6,1303.05,1304.55,12709
1661415300,1304.55,1305.0,1303.4,1304.85,13025
1661415600,1304.85,1305.95,1303.65,1304.9,12156
1661415900,1304.9,1306.7,1304.65,1304.95,9632
1661416200,1304.85,1305.95,1303.85,1305.1,18434
1661416500,1305.1,1305.95,1303.25,1305.15,13011
1661416800,1304.6,1305.2,1302.15,1303.5,10570
1661417100,1303.5,1306.0,1303.0,1303.4,14194
1661417400,1303.4,1303.5,1299.6,1299.9,26614
1661417700,1299.9,1300.55,1299.5,1300.3,10912
1661418000,1300.35,1300.35,1297.8,1299.95,12461
1661418300,1299.95,1302.0,1299.55,1299.65,13582
1661418600,1299.95,1301.0,1299.6,1299.75,17212
1661418900,1299.75,1301.0,1299.0,1299.95,13496
1661419200,1299.95,1301.05,1298.1,1299.95,25574
1661419500,1300.1,1300.5,1297.6,1298.6,26699
1661419800,1299.15,1300.5,1293.75,1296.25,43073
1661420100,1296.25,1298.95,1294.7,1298.3,18918
1661420400,1297.85,1298.9,1294.2,1295.55,32391
1661420700,1295.8,1297.5,1294.85,1297.5,26591
1661421000,1297.5,1299.95,1297.45,1299.25,18101
1661421300,1299.25,1299.95,1294.65,1295.0,13463
1661485500,1306.0,1323.95,1306.0,1315.45,84078
1661485800,1314.0,1314.4,1308.55,1309.15,40679
1661486100,1310.6,1314.4,1308.6,1311.75,18207
1661486400,1310.85,1314.35,1310.6,1313.6,12031
1661486700,1313.15,1315.15,1313.15,1314.6,10127
1661487000,1314.6,1319.1,1313.45,1318.5,14597
1661487300,1318.45,1318.5,1316.0,1317.1,12643
1661487600,1317.75,1318.0,1316.45,1316.45,6602
1661487900,1316.35,1316.45,1313.5,1314.4,13702
1661488200,1314.4,1315.95,1313.65,1314.2,10350
1661488500,1314.2,1316.75,1314.2,1316.0,5550
1661488800,1316.5,1321.0,1316.05,1320.1,18249
1661489100,1320.45,1321.0,1319.8,1320.9,8536
1661489400,1320.9,1322.0,1320.0,1321.9,9909
1661489700,1322.0,1324.7,1321.7,1323.15,17058
1661490000,1323.45,1323.45,1321.25,1321.7,10383
1661490300,1321.7,1322.5,1319.2,1319.2,10600
1661490600,1319.8,1320.25,1318.7,1319.15,7159
1661490900,1319.15,1320.9,1318.55,1320.0,8287
1661491200,1320.0,1320.25,1318.6,1319.0,6974
1661491500,1319.0,1319.0,1316.95,1317.35,6269
1661491800,1318.0,1319.7,1317.55,1319.7,3050
1661492100,1319.05,1321.0,1319.0,1321.0,5196
1661492400,1321.0,1322.25,1320.0,1320.65,7332
1661492700,1320.75,1321.05,1319.8,1321.05,3976
1661493000,1321.05,1323.8,1320.0,1323.8,10038
1661493300,1324.0,1326.0,1322.4,1324.7,17217
1661493600,1324.7,1327.5,1324.7,1327.0,23937
1661493900,1327.0,1327.4,1325.2,1325.65,9694
1661494200,1326.0,1327.0,1325.05,1326.0,10848
1661494500,1326.0,1326.0,1325.0,1325.4,4700
1661494800,1325.7,1325.95,1325.0,1325.6,6012
1661495100,1325.6,1325.65,1321.85,1321.95,21132
1661495400,1322.15,1326.0,1321.9,1325.55,14961
1661495700,1325.55,1325.65,1324.85,1325.65,11291
1661496000,1325.65,1326.0,1322.1,1322.85,15515
1661496300,1322.85,1323.1,1318.35,1319.0,18060
1661496600,1319.0,1319.75,1317.2,1317.6,10292
1661496900,1317.6,1319.0,1317.6,1318.55,7195
1661497200,1318.55,1319.15,1318.0,1318.3,9297
1661497500,1318.75,1319.15,1317.55,1319.0,3942
1661497800,1319.0,1319.0,1318.0,1318.75,3997
1661498100,1318.75,1319.0,1318.2,1318.25,2801
1661498400,1318.5,1319.2,1318.2,1319.0,2509
1661498700,1319.0,1319.15,1317.2,1318.15,4901
1661499000,1318.1,1318.95,1317.3,1318.5,2625
1661499300,1318.5,1318.5,1313.3,1315.65,19231
1661499600,1315.0,1318.0,1313.35,1317.25,24974
1661499900,1317.95,1319.15,1316.45,1318.95,3967
1661500200,1318.5,1319.0,1317.0,1317.55,3265
1661500500,1317.55,1318.6,1317.0,1317.35,3145
1661500800,1317.35,1318.25,1317.0,1317.95,3962
1661501100,1317.95,1317.95,1316.0,1316.0,8345
1661501400,1316.7,1317.55,1315.0,1317.2,6487
1661501700,1317.2,1317.9,1316.55,1317.15,4195
1661502000,1317.15,1318.0,1314.8,1315.4,9327
1661502300,1315.4,1315.65,1310.0,1312.15,36838
1661502600,1312.1,1317.65,1312.1,1317.4,9378
1661502900,1317.4,1317.75,1316.4,1317.5,4882
1661503200,1317.5,1318.0,1316.6,1317.85,4918
1661503500,1317.85,1317.85,1315.15,1316.05,16937
1661503800,1316.05,1316.45,1314.25,1315.0,4861
1661504100,1315.45,1315.7,1313.05,1314.35,7774
1661504400,1314.35,1314.6,1310.0,1310.0,5863
1661504700,1310.0,1313.1,1310.0,1311.5,6642
1661505000,1311.5,1314.4,1311.0,1314.15,6746
1661505300,1314.15,1315.8,1313.2,1315.75,6833
1661505600,1315.75,1316.4,1313.55,1313.55,8702
1661505900,1313.55,1315.85,1312.25,1315.85,6048
1661506200,1315.6,1315.6,1310.0,1312.4,18214
1661506500,1312.4,1315.95,1311.85,1313.4,26216
1661506800,1313.4,1315.4,1313.1,1314.3,6969
1661507100,1314.3,1316.0,1314.3,1315.05,12208
1661507400,1314.7,1315.0,1312.5,1313.15,17161
1661507700,1313.8,1316.45,1311.0,1314.6,10897
1661744700,1256.0,1298.5,1256.0,1296.3,46466
1661745000,1296.3,1303.8,1293.2,1301.4,24182
1661745300,1300.2,1305.65,1298.45,1298.85,14804
1661745600,1299.6,1300.95,1295.05,1300.15,15488
1661745900,1300.15,1300.9,1297.8,1300.9,13279
1661746200,1300.85,1302.55,1298.75,1301.05,6292
1661746500,1301.65,1303.1,1300.15,1302.15,4748
1661746800,1302.2,1302.85,1299.05,1301.8,7018
1661747100,1301.25,1303.0,1299.3,1302.25,5410
1661747400,1302.25,1302.85,1299.25,1299.95,5368
1661747700,1299.95,1301.4,1296.15,1300.7,5925
1661748000,1300.7,1301.85,1298.55,1299.75,2892
1661748300,1299.75,1300.05,1296.85,1297.45,6950
1661748600,1298.3,1298.3,1294.05,1294.8,5407
1661748900,1295.0,1297.1,1294.8,1295.75,2469
1661749200,1295.75,1298.0,1295.75,1296.0,1588
1661749500,1296.55,1297.0,1294.2,1295.25,6119
1661749800,1295.0,1296.35,1294.55,1294.9,3284
1661750100,1294.9,1295.8,1292.55,1293.0,4268
1661750400,1292.6,1296.5,1292.1,1296.5,5233
1661750700,1296.5,1297.9,1295.35,1297.05,3150
1661751000,1297.8,1299.85,1297.05,1299.45,3271
1661751300,1299.45,1303.55,1299.45,1303.4,3730
1661751600,1303.7,1303.95,1297.85,1300.85,12217
1661751900,1300.85,1303.25,1300.05,1303.25,3048
1661752200,1303.25,1308.0,1303.0,1306.35,20206
1661752500,1306.4,1309.9,1305.15,1305.55,15771
1661752800,1305.55,1307.5,1305.55,1307.2,8404
1661753100,1307.2,1308.55,1306.25,1307.9,11257
1661753400,1307.9,1308.35,1305.5,1306.95,7359
1661753700,1306.95,1308.05,1306.65,1307.75,6342
1661754000,1307.75,1308.75,1307.0,1308.5,4964
1661754300,1308.5,1310.9,1307.3,1309.0,6717
1661754600,1308.7,1309.2,1306.0,1307.85,8977
1661754900,1307.85,1308.55,1305.65,1306.95,17992
1661755200,1306.95,1307.35,1305.25,1305.8,6558
1661755500,1305.8,1306.7,1303.7,1303.7,16608
1661755800,1303.7,1306.0,1303.5,1304.3,7219
1661756100,1304.3,1306.0,1303.95,1304.75,6457
1661756400,1304.75,1305.0,1302.1,1304.8,10795
1661756700,1304.8,1305.85,1302.1,1302.1,10854
1661757000,1302.1,1303.2,1298.65,1300.3,7642
1661757300,1299.95,1300.5,1298.05,1299.2,7887
1661757600,1299.2,1299.65,1295.9,1296.15,9020
1661757900,1296.55,1298.6,1295.05,1298.15,8276
1661758200,1298.15,1298.75,1296.7,1298.55,8423
1661758500,1298.55,1299.45,1297.8,1299.2,7349
1661758800,1299.2,1299.2,1296.0,1297.35,7778
1661759100,1297.35,1299.25,1296.8,1299.25,5328
1661759400,1299.25,1300.0,1298.2,1299.8,6509
1661759700,1299.8,1300.0,1297.45,1298.25,5851
1661760000,1298.25,1299.25,1295.65,1296.3,7710
1661760300,1296.3,1298.55,1296.3,1298.05,5644
1661760600,1298.05,1299.6,1297.55,1298.85,8207
1661760900,1297.85,1300.0,1297.45,1299.55,36789
1661761200,1299.55,1299.55,1296.55,1298.25,8936
1661761500,1298.25,1298.95,1295.6,1298.9,8131
1661761800,1298.95,1299.15,1297.15,1297.8,6041
1661762100,1298.7,1298.7,1293.3,1295.95,18117
1661762400,1295.95,1297.85,1291.55,1293.0,22259
1661762700,1293.0,1297.9,1293.0,1296.05,6839
1661763000,1296.05,1297.4,1294.5,1297.25,6230
1661763300,1297.25,1298.0,1295.75,1297.5,10128
1661763600,1297.15,1299.05,1295.6,1295.6,15794
1661763900,1295.5,1300.0,1294.35,1300.0,11039
1661764200,1300.0,1300.2,1298.45,1299.8,11054
1661764500,1300.0,1300.0,1298.15,1299.2,9201
1661764800,1298.9,1299.8,1297.75,1298.5,7353
1661765100,1298.05,1298.6,1296.95,1297.7,8767
1661765400,1297.7,1298.65,1295.0,1298.15,11852
1661765700,1298.25,1299.1,1296.85,1297.8,11348
1661766000,1297.8,1299.1,1297.15,1298.1,10159
1661766300,1298.1,1298.95,1297.6,1298.45,9796
1661766600,1298.0,1299.0,1297.75,1298.9,14208
1661766900,1298.65,1300.0,1297.05,1300.0,15306
1661831100,1300.1,1321.55,1300.1,1318.05,46707
1661831400,1319.4,1319.45,1312.8,1316.4,28255
1661831700,1316.65,1317.1,1314.55,1316.4,12803
1661832000,1315.2,1316.4,1310.35,1310.6,19250
1661832300,1310.85,1311.95,1308.1,1309.05,6757
1661832600,1309.05,1310.0,1308.8,1309.6,3175
1661832900,1309.6,1313.45,1309.6,1313.45,9200
1661833200,1313.45,1315.95,1311.8,1311.95,15633
1661833500,1311.95,1314.2,1311.95,1313.05,5270
1661833800,1313.05,1314.0,1312.05,1312.95,3830
1661834100,1312.95,1313.3,1312.3,1313.25,1756
1661834400,1313.4,1313.65,1312.45,1313.6,2647
1661834700,1313.6,1313.6,1312.0,1312.2,1132
1661835000,1312.2,1313.55,1312.0,1313.05,1294
1661835300,1313.05,1314.25,1313.05,1313.75,2437
1661835600,1313.15,1313.85,1312.3,1312.7,1734
1661835900,1313.3,1313.3,1312.2,1312.4,1529
1661836200,1312.85,1316.0,1312.6,1315.95,7409
1661836500,1315.95,1320.5,1315.7,1319.55,19928
1661836800,1319.55,1321.45,1319.4,1320.5,9813
1661837100,1320.5,1323.0,1319.75,1320.7,15759
1661837400,1321.2,1322.75,1320.8,1322.35,7355
1661837700,1322.45,1323.0,1321.0,1322.5,7554
1661838000,1322.5,1323.9,1321.55,1322.4,7595
1661838300,1322.4,1323.75,1322.15,1323.35,7408
1661838600,1323.35,1323.35,1321.75,1321.75,6145
1661838900,1321.75,1322.95,1321.75,1321.8,2951
1661839200,1322.4,1322.45,1320.0,1320.85,4268
1661839500,1320.85,1321.45,1317.3,1319.25,10115
1661839800,1319.25,1320.9,1319.05,1320.85,4159
1661840100,1320.85,1320.9,1318.2,1319.6,6565
1661840400,1319.6,1319.95,1313.1,1313.35,20521
1661840700,1313.95,1314.25,1309.15,1311.75,30303
1661841000,1311.75,1313.05,1310.65,1313.05,4074
1661841300,1312.6,1314.75,1312.3,1314.25,5625
1661841600,1314.7,1316.8,1314.6,1315.9,6628
1661841900,1315.9,1316.6,1315.05,1316.05,3326
1661842200,1316.05,1316.05,1314.0,1314.25,3333
1661842500,1314.25,1315.0,1313.6,1313.6,1708
1661842800,1314.0,1314.0,1312.0,1312.0,3683
1661843100,1312.0,1312.6,1311.25,1311.9,1401
1661843400,1311.9,1313.6,1311.0,1313.4,6875
1661843700,1313.45,1315.35,1312.25,1315.0,9818
1661844000,1315.0,1316.75,1314.9,1315.3,8049
1661844300,1315.3,1315.95,1313.25,1313.45,2703
1661844600,1313.85,1314.0,1313.35,1314.0,3130
1661844900,1314.0,1315.4,1312.9,1313.05,8003
1661845200,1313.5,1314.15,1312.75,1313.0,6205
1661845500,1313.0,1317.0,1312.4,1316.8,8039
1661845800,1316.8,1317.45,1312.55,1313.3,8920
1661846100,1313.3,1314.7,1312.85,1313.65,4578
1661846400,1313.65,1314.4,1312.8,1314.4,3433
1661846700,1314.4,1316.55,1314.35,1316.15,5139
1661847000,1316.15,1317.0,1315.3,1317.0,2837
1661847300,1317.0,1321.0,1316.95,1320.5,13681
1661847600,1321.0,1323.0,1320.25,1320.25,43923
1661847900,1320.6,1321.0,1319.2,1319.6,6652
1661848200,1319.6,1321.6,1319.25,1321.6,3519
1661848500,1321.6,1321.6,1318.6,1320.0,6042
1661848800,1319.55,1321.0,1319.55,1321.0,5649
1661849100,1321.0,1323.3,1320.95,1323.0,17786
1661849400,1323.0,1323.65,1322.05,1322.95,6738
1661849700,1322.95,1323.1,1321.65,1322.2,12607
1661850000,1322.25,1323.35,1321.65,1322.85,9841
1661850300,1322.3,1322.95,1320.7,1321.6,5857
1661850600,1321.6,1323.0,1321.35,1322.9,12594
1661850900,1322.75,1323.5,1321.4,1322.9,8814
1661851200,1322.9,1324.1,1322.55,1323.2,28172
1661851500,1323.75,1323.75,1321.45,1321.45,7826
1661851800,1321.25,1328.0,1321.25,1327.9,87665
1661852100,1327.95,1333.15,1326.45,1330.55,90395
1661852400,1330.65,1333.65,1329.0,1333.0,68616
1661852700,1333.0,1333.0,1329.15,1329.95,85521
1661853000,1329.95,1330.0,1329.85,1330.0,67173
1661853300,1330.0,1330.0,1327.35,1330.0,57547
1662003900,1291.1,1307.9,1291.1,1299.8,185629
1662004200,1301.05,1304.0,1298.0,1300.85,61476
1662004500,1300.05,1309.95,1299.0,1299.85,58641
1662004800,1299.25,1301.0,1296.1,1296.9,32966
1662005100,1296.6,1297.65,1291.0,1292.2,63363
1662005400,1292.7,1297.0,1292.2,1295.75,45752
1662005700,1295.5,1305.0,1295.0,1303.8,78628
1662006000,1303.8,1304.9,1301.45,1302.0,88925
1662006300,1302.25,1302.85,1301.15,1301.25,22022
1662006600,1301.25,1301.9,1296.5,1299.6,26276
1662006900,1299.6,1300.85,1299.05,1299.5,16144
1662007200,1299.5,1300.65,1299.25,1300.0,20204
1662007500,1300.0,1306.65,1299.85,1306.05,73982
1662007800,1306.0,1307.0,1303.1,1306.75,38164
1662008100,1306.6,1311.9,1306.6,1311.15,51594
1662008400,1311.35,1313.0,1310.3,1311.85,37683
1662008700,1311.6,1311.85,1307.95,1308.0,20610
1662009000,1308.5,1310.3,1307.55,1309.4,15597
1662009300,1309.4,1309.85,1307.3,1307.3,14711
1662009600,1306.9,1308.15,1305.15,1306.5,19561
1662009900,1306.5,1307.1,1305.45,1307.1,11751
1662010200,1307.0,1307.95,1306.5,1307.75,7448
1662010500,1307.75,1310.0,1306.9,1309.6,7041
1662010800,1309.6,1310.85,1308.6,1309.2,11372
1662011100,1309.2,1309.3,1308.0,1308.6,8917
1662011400,1308.6,1308.7,1307.5,1307.75,6534
1662011700,1307.75,1308.0,1307.25,1307.5,6736
1662012000,1307.5,1308.4,1306.5,1306.9,8515
1662012300,1306.9,1308.0,1306.2,1307.55,7006
1662012600,1307.55,1308.4,1307.05,1307.8,7461
1662012900,1307.8,1308.35,1305.25,1305.85,13386
1662013200,1305.8,1306.25,1303.3,1304.25,10257
1662013500,1303.9,1304.1,1301.05,1301.6,13642
1662013800,1301.5,1303.85,1301.0,1302.45,5188
1662014100,1302.45,1302.5,1301.0,1301.3,5953
1662014400,1301.3,1303.1,1300.6,1302.85,16099
1662014700,1302.85,1303.0,1301.15,1301.6,8056
1662015000,1301.6,1301.7,1300.6,1300.7,6029
1662015300,1300.65,1300.75,1298.6,1299.0,19751
1662015600,1298.9,1299.0,1297.1,1298.0,9911
1662015900,1298.0,1298.75,1297.1,1298.4,5783
1662016200,1298.65,1300.1,1298.65,1299.2,6574
1662016500,1299.35,1301.0,1298.5,1299.0,7765
1662016800,1299.2,1300.1,1298.5,1300.0,6929
1662017100,1299.75,1300.0,1298.15,1298.5,9734
1662017400,1298.05,1299.0,1297.5,1298.15,7029
1662017700,1297.95,1299.75,1297.45,1299.15,8571
1662018000,1298.7,1298.95,1297.05,1298.5,10229
1662018300,1298.5,1299.8,1298.0,1299.65,6276
1662018600,1299.65,1302.2,1299.05,1301.5,14061
1662018900,1301.5,1304.6,1301.5,1304.05,23376
1662019200,1304.05,1305.85,1301.95,1301.95,24336
1662019500,1301.95,1302.25,1301.0,1301.05,4316
1662019800,1301.05,1301.05,1298.55,1299.65,8729
1662020100,1299.65,1300.5,1298.7,1298.8,7523
1662020400,1298.85,1299.7,1296.65,1297.05,10523
1662020700,1297.0,1297.05,1293.1,1293.4,21077
1662021000,1293.4,1294.45,1293.0,1294.35,11948
1662021300,1294.25,1295.3,1293.0,1294.85,16096
1662021600,1294.85,1296.95,1293.05,1295.3,25095
1662021900,1295.3,1296.0,1294.55,1294.8,9077
1662022200,1294.8,1295.05,1294.0,1294.85,5909
1662022500,1294.85,1297.95,1294.65,1296.0,22866
1662022800,1296.0,1299.9,1295.85,1299.0,12244
1662023100,1299.0,1299.55,1297.25,1299.1,24401
1662023400,1299.1,1300.0,1297.85,1299.65,9578
1662023700,1299.4,1299.9,1298.1,1298.8,8661
1662024000,1298.55,1299.2,1297.0,1299.15,12973
1662024300,1299.2,1300.75,1297.1,1298.35,90696
1662024600,1297.65,1298.5,1293.4,1295.1,88960
1662024900,1295.15,1297.55,1294.95,1297.05,183524
1662025200,1297.05,1299.9,1297.0,1299.1,25649
1662025500,1299.15,1299.6,1296.75,1297.05,39634
1662025800,1297.7,1298.35,1296.0,1297.65,36701
1662026100,1297.65,1301.9,1295.0,1299.7,62280
1662090300,1303.05,1310.75,1296.55,1304.5,48353
1662090600,1304.5,1311.0,1303.95,1309.8,37847
1662090900,1309.8,1310.0,1304.2,1305.1,21508
1662091200,1305.0,1306.2,1302.4,1302.95,16075
1662091500,1302.95,1304.95,1301.5,1304.7,9528
1662091800,1304.15,1304.9,1302.65,1303.15,6930
1662092100,1303.15,1306.0,1303.15,1304.65,10944
1662092400,1304.65,1304.65,1302.7,1303.5,5382
1662092700,1303.6,1303.6,1299.05,1301.3,21658
1662093000,1302.05,1302.05,1297.25,1297.5,9802
1662093300,1297.6,1298.2,1295.25,1297.05,9449
1662093600,1296.95,1296.95,1293.75,1295.05,11993
1662093900,1295.0,1295.25,1292.45,1294.4,11486
1662094200,1294.25,1295.9,1293.5,1293.5,8544
1662094500,1293.55,1296.85,1293.55,1296.45,6380
1662094800,1296.45,1296.85,1294.85,1295.3,7568
1662095100,1295.25,1296.25,1293.75,1294.5,8004
1662095400,1294.5,1296.8,1293.95,1296.8,7261
1662095700,1296.1,1298.9,1296.0,1297.2,18297
1662096000,1297.2,1298.0,1295.65,1295.75,6248
1662096300,1296.65,1297.95,1295.5,1297.25,10755
1662096600,1297.1,1299.45,1297.05,1299.35,3367
1662096900,1298.5,1299.0,1297.0,1298.45,3322
1662097200,1298.45,1302.15,1298.45,1301.25,15476
1662097500,1301.25,1303.5,1300.85,1302.5,21360
1662097800,1302.5,1302.55,1301.55,1302.55,7005
1662098100,1302.55,1302.65,1301.05,1301.6,12386
1662098400,1301.85,1301.85,1300.45,1301.05,7443
1662098700,1301.05,1303.9,1300.4,1303.85,11106
1662099000,1303.85,1306.85,1303.85,1306.45,13917
1662099300,1306.45,1306.9,1305.6,1306.9,8140
1662099600,1306.9,1307.9,1306.2,1307.75,10602
1662099900,1307.8,1307.8,1305.8,1306.75,7472
1662100200,1306.75,1308.45,1306.4,1307.9,7094
1662100500,1308.0,1308.45,1308.0,1308.3,4990
1662100800,1308.3,1308.3,1307.45,1307.85,4684
1662101100,1306.85,1307.85,1306.85,1307.8,5506
1662101400,1307.2,1308.9,1307.2,1308.45,9250
1662101700,1308.45,1308.45,1306.9,1308.05,12390
1662102000,1308.35,1308.4,1306.55,1308.15,5600
1662102300,1308.2,1308.4,1306.85,1307.75,6777
1662102600,1307.75,1308.0,1307.05,1307.85,3362
1662102900,1307.85,1308.25,1306.0,1307.85,9966
1662103200,1307.9,1307.9,1306.2,1307.25,7365
1662103500,1307.3,1307.5,1306.2,1307.25,4915
1662103800,1307.25,1308.15,1306.75,1307.3,10280
1662104100,1307.3,1307.6,1306.45,1307.2,5758
1662104400,1307.35,1307.35,1306.25,1306.95,4045
1662104700,1306.7,1307.5,1306.4,1307.1,5232
1662105000,1307.1,1307.1,1306.7,1307.0,4258
1662105300,1307.0,1307.05,1306.4,1306.95,4310
1662105600,1306.95,1307.5,1306.75,1307.5,5051
1662105900,1307.5,1308.1,1306.65,1307.7,9360
1662106200,1307.7,1308.0,1306.35,1306.7,9927
1662106500,1306.5,1306.9,1304.25,1305.7,7954
1662106800,1305.75,1306.8,1303.1,1303.6,8365
1662107100,1303.6,1304.6,1303.05,1304.05,5432
1662107400,1304.05,1305.0,1303.0,1304.0,7631
1662107700,1304.0,1304.0,1302.55,1302.95,5963
1662108000,1302.55,1305.6,1302.2,1305.5,10392
1662108300,1305.6,1307.25,1305.05,1305.95,6376
1662108600,1305.95,1306.0,1304.05,1304.95,4404
1662108900,1304.95,1305.9,1304.15,1305.0,4989
1662109200,1305.0,1305.05,1300.1,1303.0,21328
1662109500,1302.95,1303.0,1298.8,1299.85,16122
1662109800,1299.85,1299.85,1295.55,1297.0,10424
1662110100,1297.0,1297.0,1293.8,1295.85,13421
1662110400,1295.8,1295.95,1293.55,1294.05,14548
1662110700,1294.05,1296.0,1293.1,1295.25,35941
1662111000,1295.25,1296.35,1285.5,1290.05,79575
1662111300,1290.35,1291.5,1286.3,1287.65,56597
1662111600,1288.3,1291.45,1287.75,1290.0,47212
1662111900,1290.0,1291.95,1285.2,1285.4,75144
1662112200,1286.0,1287.65,1282.7,1284.95,75075
1662112500,1284.95,1286.85,1283.75,1285.5,74372
1662349500,1294.65,1296.0,1285.7,1291.15,13194
1662349800,1291.75,1291.9,1285.0,1286.85,12506
1662350100,1287.95,1288.05,1286.0,1287.55,6738
1662350400,1287.55,1291.0,1287.15,1291.0,5981
1662350700,1290.95,1291.05,1286.8,1286.8,6041
1662351000,1286.75,1288.95,1286.05,1287.55,2467
1662351300,1287.55,1288.95,1287.15,1287.3,2937
1662351600,1287.85,1288.65,1285.95,1288.6,56471
1662351900,1288.6,1288.95,1282.4,1283.4,12939
1662352200,1283.05,1284.0,1282.15,1283.2,7011
1662352500,1283.2,1283.55,1282.35,1283.35,4745
1662352800,1283.9,1283.9,1282.0,1283.1,2630
1662353100,1283.25,1284.0,1283.05,1283.9,6167
1662353400,1283.75,1286.45,1283.5,1286.45,20726
1662353700,1286.5,1288.7,1286.1,1287.9,15565
1662354000,1288.0,1290.75,1286.65,1290.0,19750
1662354300,1290.1,1290.85,1288.8,1290.35,8273
1662354600,1289.6,1293.35,1289.6,1292.5,7066
1662354900,1292.5,1293.0,1290.85,1292.85,4343
1662355200,1292.5,1292.95,1290.5,1291.2,2526
1662355500,1291.2,1291.3,1290.05,1290.75,3087
1662355800,1290.75,1291.6,1289.9,1291.2,3686
1662356100,1291.2,1292.0,1290.65,1291.85,2227
1662356400,1291.75,1292.65,1290.05,1291.05,3893
1662356700,1291.0,1291.0,1290.45,1290.65,2219
1662357000,1290.65,1292.95,1290.6,1291.6,7203
1662357300,1291.6,1291.6,1288.5,1291.15,10815
1662357600,1291.15,1291.15,1289.9,1291.0,3090
1662357900,1291.0,1291.45,1290.0,1290.05,951
1662358200,1290.05,1291.0,1289.7,1290.3,1874
1662358500,1290.3,1290.9,1290.15,1290.5,683
1662358800,1290.5,1290.6,1289.7,1290.1,4707
1662359100,1290.1,1290.75,1290.0,1290.75,424
1662359400,1290.75,1291.7,1290.05,1290.6,1856
1662359700,1290.6,1290.6,1289.95,1290.2,6405
1662360000,1290.2,1291.0,1290.0,1290.6,1112
1662360300,1290.6,1290.65,1290.0,1290.2,1050
1662360600,1290.2,1290.6,1290.0,1290.55,2310
1662360900,1290.55,1290.55,1288.85,1289.15,2074
1662361200,1289.15,1291.65,1288.95,1290.7,5143
1662361500,1291.05,1291.55,1290.2,1291.05,1943
1662361800,1291.05,1291.6,1290.5,1291.5,1263
1662362100,1291.5,1292.65,1291.0,1291.45,4203
1662362400,1291.35,1291.75,1289.85,1289.85,1901
1662362700,1289.85,1290.05,1289.15,1289.15,715
1662363000,1289.15,1291.95,1289.1,1290.5,1441
1662363300,1290.5,1290.55,1289.9,1290.1,1076
1662363600,1290.05,1290.25,1288.85,1290.0,22086
1662363900,1290.05,1290.6,1288.3,1289.45,24492
1662364200,1289.85,1290.8,1289.45,1290.05,3957
1662364500,1290.05,1291.8,1289.85,1291.8,2476
1662364800,1291.8,1291.8,1290.4,1291.45,967
1662365100,1291.45,1291.8,1290.35,1291.2,2181
1662365400,1291.8,1291.8,1290.4,1290.4,705
1662365700,1290.4,1292.25,1290.0,1292.2,2425
1662366000,1292.3,1292.45,1291.05,1292.45,1050
1662366300,1292.45,1294.5,1291.5,1294.05,5375
1662366600,1293.95,1294.15,1292.8,1293.3,2638
1662366900,1293.3,1295.55,1293.3,1294.0,5572
1662367200,1294.0,1294.0,1291.4,1293.55,5123
1662367500,1293.0,1293.75,1291.7,1292.7,2969
1662367800,1293.25,1293.25,1291.65,1291.65,653
1662368100,1291.65,1293.55,1291.65,1293.25,1994
1662368400,1293.2,1293.7,1292.65,1292.65,1396
1662368700,1292.65,1292.75,1291.0,1291.85,4747
1662369000,1291.8,1293.4,1291.3,1293.3,1394
1662369300,1293.3,1293.6,1292.2,1292.2,1897
1662369600,1292.2,1292.45,1291.7,1292.1,1213
1662369900,1292.1,1292.8,1291.0,1292.45,2237
1662370200,1292.85,1294.5,1292.5,1293.7,12251
1662370500,1293.65,1293.65,1293.2,1293.2,2651
1662370800,1293.25,1294.0,1293.15,1293.6,12544
1662371100,1293.5,1293.95,1293.0,1293.8,6512
1662371400,1293.8,1294.0,1293.6,1293.6,6333
1662371700,1293.6,1293.7,1290.5,1290.6,5399
1662435900,1293.0,1301.85,1285.05,1300.1,85680
1662436200,1300.1,1304.25,1299.25,1302.15,8396
1662436500,1302.75,1302.75,1296.2,1297.0,6469
1662436800,1297.0,1297.0,1293.55,1294.3,6702
1662437100,1294.3,1297.6,1293.7,1295.55,5542
1662437400,1295.55,1297.45,1295.55,1297.1,1952
1662437700,1297.1,1297.5,1295.05,1295.5,4114
1662438000,1295.5,1295.75,1293.45,1294.05,4161
1662438300,1292.05,1293.45,1291.5,1292.9,4122
1662438600,1292.9,1293.4,1290.55,1291.9,4381
1662438900,1291.9,1292.0,1290.15,1290.15,1788
1662439200,1290.15,1295.2,1289.7,1295.15,412651
1662439500,1295.15,1297.5,1294.5,1296.0,8323
1662439800,1296.0,1296.0,1293.3,1294.8,5244
1662440100,1294.8,1295.15,1292.05,1292.55,3053
1662440400,1292.55,1294.0,1291.65,1293.0,4123
1662440700,1292.95,1293.6,1291.5,1293.0,2614
1662441000,1293.0,1293.45,1290.0,1290.9,6386
1662441300,1290.9,1291.0,1287.85,1289.9,350647
1662441600,1289.9,1291.0,1287.5,1288.65,2965
1662441900,1288.65,1290.35,1288.5,1289.05,259041
1662442200,1289.05,1290.8,1289.0,1290.8,1146
1662442500,1290.95,1291.1,1289.3,1291.1,5400
1662442800,1291.1,1291.1,1289.15,1289.8,3956
1662443100,1289.95,1291.45,1289.95,1290.35,7948
1662443400,1291.0,1291.35,1289.15,1289.95,6503
1662443700,1289.95,1291.0,1289.0,1290.15,5587
1662444000,1290.15,1290.6,1288.2,1288.3,7368
1662444300,1288.95,1290.75,1287.8,1289.7,7231
1662444600,1289.7,1291.0,1288.6,1290.95,6972
1662444900,1290.95,1291.0,1288.0,1289.95,11762
1662445200,1289.8,1290.45,1288.55,1290.0,4291
1662445500,1290.35,1292.0,1288.55,1291.0,13340
1662445800,1291.1,1296.0,1290.8,1295.75,16505
1662446100,1295.8,1295.8,1293.35,1294.6,7318
1662446400,1294.6,1295.05,1293.3,1294.25,5951
1662446700,1294.3,1296.0,1293.7,1295.0,9042
1662447000,1294.95,1297.3,1294.55,1297.3,11528
1662447300,1297.3,1297.5,1296.1,1297.0,7065
1662447600,1297.0,1301.0,1296.25,1300.3,24466
1662447900,1300.3,1300.75,1297.75,1298.2,11233
1662448200,1298.2,1299.9,1297.65,1299.35,5043
1662448500,1299.35,1302.75,1299.3,1301.4,31555
1662448800,1301.4,1304.0,1300.95,1302.25,21402
1662449100,1302.25,1302.4,1297.2,1297.2,3164
1662449400,1297.2,1298.3,1295.0,1298.1,4196
1662449700,1298.1,1298.4,1296.0,1297.65,7146
1662450000,1297.55,1298.5,1295.25,1297.05,8427
1662450300,1297.05,1298.95,1296.5,1298.45,7196
1662450600,1298.05,1299.0,1296.55,1298.35,7757
1662450900,1298.35,1300.0,1298.35,1300.0,4087
1662451200,1300.0,1301.45,1298.6,1300.15,11352
1662451500,1300.05,1301.55,1296.85,1298.7,9395
1662451800,1298.8,1300.65,1297.85,1300.0,6955
1662452100,1300.0,1300.4,1296.8,1299.55,9181
1662452400,1299.55,1299.7,1296.0,1296.7,16320
1662452700,1296.7,1300.85,1296.55,1300.0,5895
1662453000,1300.3,1300.65,1296.0,1297.8,19984
1662453300,1297.8,1301.5,1297.2,1301.45,8959
1662453600,1301.45,1301.75,1299.8,1300.0,5286
1662453900,1299.35,1300.95,1299.35,1300.9,3380
1662454200,1300.85,1301.35,1300.0,1301.35,3070
1662454500,1301.35,1301.95,1300.0,1301.55,4171
1662454800,1301.5,1301.6,1300.2,1301.05,8030
1662455100,1301.05,1301.3,1298.55,1298.9,7125
1662455400,1299.95,1302.55,1299.95,1302.5,20211
1662455700,1302.45,1306.0,1302.4,1305.45,16243
1662456000,1304.8,1305.7,1302.1,1305.65,6548
1662456300,1305.65,1306.95,1303.85,1306.9,17268
1662456600,1305.45,1310.0,1305.45,1308.95,16462
1662456900,1309.45,1311.25,1309.2,1310.4,18783
1662457200,1310.5,1313.05,1309.55,1312.45,49647
1662457500,1312.5,1313.0,1310.25,1310.95,29819
1662457800,1310.95,1313.0,1310.95,1312.8,12745
1662458100,1312.85,1316.3,1312.45,1313.95,20184
1662522300,1304.0,1308.95,1301.2,1306.85,32632
1662522600,1306.3,1312.25,1305.7,1312.1,19568
1662522900,1311.95,1313.05,1309.65,1310.85,16905
1662523200,1310.25,1311.4,1306.8,1308.05,8172
1662523500,1307.45,1311.0,1307.0,1310.8,7581
1662523800,1310.95,1310.95,1308.55,1309.65,4050
1662524100,1310.15,1310.15,1307.55,1307.6,5506
1662524400,1307.9,1308.2,1302.2,1303.7,12429
1662524700,1303.7,1304.85,1301.65,1304.85,8436
1662525000,1304.8,1306.6,1304.0,1304.65,4824
1662525300,1303.95,1305.95,1303.05,1305.55,3595
1662525600,1305.95,1306.75,1305.2,1306.75,3006
1662525900,1306.75,1308.0,1305.75,1307.25,4308
1662526200,1306.35,1307.05,1305.2,1306.1,2523
1662526500,1305.6,1306.5,1304.15,1305.8,4444
1662526800,1305.15,1307.15,1305.0,1307.0,3606
1662527100,1306.5,1308.9,1306.0,1306.8,1809
1662527400,1306.8,1308.3,1306.2,1308.0,1945
1662527700,1308.0,1309.4,1307.9,1309.4,2275
1662528000,1309.4,1309.5,1308.0,1308.25,3077
1662528300,1308.7,1308.8,1307.75,1308.25,2688
1662528600,1308.0,1309.0,1308.0,1308.55,2187
1662528900,1308.55,1309.6,1308.25,1309.5,3261
1662529200,1309.5,1309.9,1308.7,1309.5,2312
1662529500,1309.5,1310.2,1309.0,1309.4,3562
1662529800,1309.4,1310.0,1309.0,1310.0,8887
1662530100,1310.0,1312.0,1309.95,1311.15,8335
1662530400,1311.15,1315.0,1310.95,1314.65,18948
1662530700,1314.65,1316.55,1313.8,1314.95,18537
1662531000,1314.95,1317.0,1313.95,1313.95,18859
1662531300,1313.95,1314.85,1312.85,1313.0,12852
1662531600,1312.85,1314.2,1311.6,1314.2,6379
1662531900,1314.1,1315.4,1313.3,1314.85,9844
1662532200,1314.85,1315.7,1313.75,1314.5,4467
1662532500,1314.5,1315.35,1314.0,1314.0,7580
1662532800,1314.0,1315.1,1313.7,1314.85,2303
1662533100,1314.85,1317.0,1314.8,1315.7,14074
1662533400,1315.7,1316.2,1314.1,1314.4,2347
1662533700,1314.4,1316.2,1314.4,1315.95,7548
1662534000,1315.75,1316.5,1314.55,1314.9,5258
1662534300,1314.85,1315.1,1313.2,1314.3,7023
1662534600,1314.3,1315.1,1313.85,1314.7,1731
1662534900,1315.0,1315.0,1313.25,1314.5,3158
1662535200,1314.5,1315.0,1314.0,1315.0,1348
1662535500,1315.0,1315.2,1314.5,1315.0,1254
1662535800,1315.0,1315.2,1314.8,1315.0,2233
1662536100,1315.0,1315.2,1314.0,1314.9,3626
1662536400,1314.9,1315.2,1314.0,1314.4,3646
1662536700,1314.45,1315.1,1314.35,1315.0,2319
1662537000,1315.0,1315.45,1313.45,1314.1,3394
1662537300,1314.05,1315.25,1313.25,1314.0,4299
1662537600,1314.0,1314.0,1311.65,1313.15,6108
1662537900,1312.75,1313.8,1312.6,1313.05,9038
1662538200,1313.05,1313.65,1312.0,1313.0,7288
1662538500,1313.0,1315.2,1311.8,1314.0,15323
1662538800,1314.75,1320.0,1314.0,1319.4,27720
1662539100,1319.45,1322.0,1318.7,1321.0,24836
1662539400,1321.0,1325.0,1320.65,1322.85,25475
1662539700,1322.85,1324.7,1322.1,1324.4,8238
1662540000,1324.35,1327.4,1323.5,1327.0,20354
1662540300,1327.0,1332.0,1326.4,1330.0,35714
1662540600,1331.05,1337.4,1330.0,1333.3,46552
1662540900,1333.3,1333.3,1330.0,1333.2,17503
1662541200,1333.5,1334.3,1330.4,1331.3,10427
1662541500,1331.3,1335.05,1328.65,1334.05,29060
1662541800,1334.7,1334.8,1332.1,1334.6,12824
1662542100,1334.6,1334.75,1327.55,1328.2,19955
1662542400,1328.2,1330.95,1325.35,1330.95,13752
1662542700,1331.0,1331.5,1327.9,1328.95,14856
1662543000,1328.75,1330.85,1327.0,1330.85,20810
1662543300,1330.85,1333.05,1330.5,1332.15,15133
1662543600,1332.3,1334.35,1330.7,1332.8,25320
1662543900,1333.25,1333.55,1331.0,1331.65,37561
1662544200,1332.3,1333.3,1329.2,1330.45,35321
1662544500,1330.45,1333.0,1329.95,1331.9,11413
1662608700,1338.0,1340.35,1323.9,1328.0,70443
1662609000,1328.55,1329.95,1326.5,1329.45,13169
1662609300,1329.45,1330.1,1325.55,1327.55,11115
1662609600,1327.55,1328.0,1325.0,1325.1,16037
1662609900,1325.1,1327.3,1325.1,1327.3,12290
1662610200,1327.3,1327.5,1320.4,1321.0,21075
1662610500,1321.0,1321.25,1318.4,1320.2,22261
1662610800,1320.2,1322.05,1320.1,1320.6,13786
1662611100,1320.6,1321.0,1316.5,1318.0,18214
1662611400,1318.0,1318.95,1317.45,1318.7,10760
1662611700,1318.7,1318.85,1317.3,1317.35,9334
1662612000,1317.35,1317.8,1311.5,1315.35,31193
1662612300,1315.2,1317.75,1313.1,1314.15,15235
1662612600,1314.0,1315.4,1312.5,1313.55,9169
1662612900,1313.55,1315.95,1313.55,1314.9,5664
1662613200,1314.9,1315.95,1312.85,1314.05,10274
1662613500,1314.05,1315.0,1313.15,1314.85,5024
1662613800,1314.75,1315.35,1313.4,1314.0,10748
1662614100,1314.0,1315.25,1313.35,1314.6,2307
1662614400,1314.95,1318.55,1314.6,1318.55,9396
1662614700,1318.75,1319.0,1316.4,1317.95,8821
1662615000,1317.95,1319.0,1317.95,1318.75,4304
1662615300,1318.8,1318.8,1318.0,1318.5,3062
1662615600,1318.8,1320.0,1318.5,1318.95,5330
1662615900,1318.95,1321.5,1318.95,1319.9,11556
1662616200,1319.9,1320.25,1317.75,1318.0,18773
1662616500,1318.0,1320.0,1318.0,1319.5,8989
1662616800,1319.5,1320.25,1318.05,1318.55,5137
1662617100,1318.55,1319.6,1316.85,1317.2,3525
1662617400,1317.2,1318.05,1316.0,1317.45,4231
1662617700,1317.45,1317.8,1315.2,1315.2,4179
1662618000,1315.2,1317.75,1314.55,1316.4,5877
1662618300,1316.4,1318.0,1316.4,1317.45,2038
1662618600,1317.45,1317.45,1315.0,1316.45,5702
1662618900,1316.45,1318.0,1316.25,1316.35,3847
1662619200,1316.35,1316.9,1314.35,1314.55,4792
1662619500,1314.55,1315.45,1314.15,1314.9,2309
1662619800,1314.85,1315.5,1314.85,1315.2,2122
1662620100,1315.2,1315.9,1314.3,1315.9,4228
1662620400,1315.9,1316.9,1315.2,1316.85,1718
1662620700,1316.5,1317.75,1316.5,1317.1,3118
1662621000,1317.1,1317.4,1316.5,1316.9,1974
1662621300,1316.9,1317.0,1316.0,1316.95,2572
1662621600,1316.45,1317.05,1314.55,1315.7,6728
1662621900,1315.7,1316.75,1315.2,1315.7,5141
1662622200,1314.55,1317.2,1314.55,1316.5,17146
1662622500,1316.5,1317.0,1316.0,1316.35,8614
1662622800,1316.0,1318.0,1316.0,1317.95,3960
1662623100,1317.5,1319.35,1317.1,1318.4,4326
1662623400,1318.4,1318.55,1317.8,1317.85,3728
1662623700,1318.25,1319.5,1317.9,1319.05,6705
1662624000,1318.3,1319.1,1318.0,1318.2,2075
1662624300,1318.35,1319.0,1317.25,1318.0,5390
1662624600,1317.95,1318.45,1317.7,1318.0,6618
1662624900,1318.05,1318.4,1317.6,1318.15,9172
1662625200,1318.0,1318.2,1307.2,1307.2,72394
1662625500,1307.3,1307.9,1305.5,1306.2,14263
1662625800,1306.75,1310.0,1306.1,1308.7,11334
1662626100,1308.8,1310.0,1308.2,1309.65,8204
1662626400,1309.95,1310.1,1306.85,1307.45,17330
1662626700,1308.05,1312.0,1304.75,1310.7,73697
1662627000,1310.45,1311.6,1309.55,1311.0,12066
1662627300,1311.4,1312.0,1307.15,1310.75,49496
1662627600,1310.8,1311.1,1308.75,1308.9,11763
1662627900,1308.9,1309.9,1307.85,1308.9,23625
1662628200,1309.25,1310.5,1308.25,1309.75,16302
1662628500,1310.05,1310.85,1307.55,1307.55,12600
1662628800,1308.05,1316.6,1307.6,1315.1,38545
1662629100,1315.05,1316.8,1314.1,1314.8,43543
1662629400,1314.1,1317.4,1313.3,1316.2,48964
1662629700,1316.2,1317.15,1315.25,1315.9,40520
1662630000,1315.9,1317.7,1315.9,1317.65,42655
1662630300,1317.7,1319.45,1316.4,1318.8,53561
1662630600,1319.4,1321.65,1316.3,1318.45,56667
1662630900,1318.45,1321.0,1314.15,1320.0,41145
1662695100,1322.05,1326.95,1322.0,1325.15,25356
1662695400,1325.15,1326.5,1323.0,1324.0,9289
1662695700,1324.65,1324.65,1320.2,1322.2,7057
1662696000,1321.1,1323.0,1320.05,1322.15,5273
1662696300,1322.15,1325.0,1321.15,1322.0,7581
1662696600,1322.0,1323.5,1321.0,1322.8,2596
1662696900,1323.2,1323.95,1321.85,1322.15,3720
1662697200,1322.15,1322.9,1320.05,1322.05,3834
1662697500,1322.05,1322.6,1321.5,1321.55,1653
1662697800,1321.9,1323.45,1321.5,1322.6,2240
1662698100,1322.7,1322.7,1318.35,1321.85,9335
1662698400,1322.0,1323.35,1320.85,1321.95,4934
1662698700,1321.15,1322.45,1320.7,1321.95,1771
1662699000,1321.95,1322.15,1320.5,1321.3,1822
1662699300,1321.3,1322.25,1320.65,1321.45,1147
1662699600,1321.45,1321.65,1320.5,1321.65,2783
1662699900,1321.65,1322.0,1320.75,1321.55,2354
1662700200,1321.6,1322.0,1320.75,1321.2,1711
1662700500,1321.2,1321.85,1320.05,1320.35,1742
1662700800,1320.35,1320.95,1318.4,1319.7,2607
1662701100,1319.7,1321.2,1319.5,1321.1,2650
1662701400,1320.55,1322.45,1320.55,1320.7,6279
1662701700,1320.7,1321.8,1318.05,1318.3,6458
1662702000,1318.8,1319.2,1315.25,1317.75,13404
1662702300,1318.1,1318.1,1315.95,1317.6,8502
1662702600,1317.6,1318.0,1315.8,1317.9,10873
1662702900,1318.0,1318.0,1316.0,1316.3,4457
1662703200,1316.55,1316.55,1313.25,1313.55,6888
1662703500,1313.5,1313.95,1312.3,1312.5,8009
1662703800,1313.0,1313.0,1310.5,1311.2,11684
1662704100,1311.65,1312.0,1307.65,1310.0,16123
1662704400,1310.0,1310.0,1307.0,1307.15,8385
1662704700,1307.85,1308.15,1306.7,1307.9,5636
1662705000,1307.9,1310.2,1307.05,1309.2,4667
1662705300,1309.2,1311.15,1308.65,1309.4,4017
1662705600,1309.7,1310.8,1309.5,1310.7,1653
1662705900,1310.7,1310.85,1309.0,1310.0,5263
1662706200,1310.45,1310.8,1309.1,1309.5,3077
1662706500,1309.5,1309.5,1306.0,1308.45,10031
1662706800,1308.45,1309.5,1307.5,1309.5,5339
1662707100,1309.5,1311.55,1309.4,1310.65,9985
1662707400,1310.65,1311.6,1309.5,1310.3,2988
1662707700,1310.3,1311.0,1309.4,1310.45,1477
1662708000,1310.25,1311.0,1308.5,1310.0,3690
1662708300,1310.0,1310.75,1309.2,1310.05,1273
1662708600,1310.55,1310.55,1308.5,1308.85,1385
1662708900,1308.85,1309.6,1307.6,1309.45,4600
1662709200,1309.45,1309.5,1308.0,1308.55,4440
1662709500,1308.35,1308.75,1306.7,1307.05,4552
1662709800,1307.05,1307.75,1304.7,1305.45,4682
1662710100,1305.4,1305.85,1303.25,1305.05,4727
1662710400,1305.05,1306.0,1304.25,1305.75,3213
1662710700,1305.65,1306.0,1303.2,1303.75,3653
1662711000,1303.55,1303.8,1301.2,1302.9,7618
1662711300,1302.9,1303.4,1301.65,1302.4,2282
1662711600,1302.7,1303.3,1300.1,1300.95,5469
1662711900,1300.95,1301.0,1298.75,1299.5,9405
1662712200,1300.3,1301.0,1299.1,1300.0,3687
1662712500,1299.5,1300.45,1299.05,1299.55,2782
1662712800,1299.45,1300.0,1298.8,1298.8,7283
1662713100,1299.0,1299.25,1297.0,1298.95,10274
1662713400,1298.95,1299.7,1297.9,1297.9,5282
1662713700,1297.9,1298.85,1297.6,1298.3,5945
1662714000,1298.85,1299.0,1298.2,1298.4,3753
1662714300,1298.4,1299.0,1298.25,1298.65,3966
1662714600,1298.9,1299.0,1298.0,1298.0,11410
1662714900,1298.0,1298.75,1297.9,1298.0,9433
1662715200,1298.0,1299.6,1297.95,1298.25,30530
1662715500,1298.0,1298.5,1297.7,1298.0,9522
1662715800,1298.0,1301.4,1298.0,1299.0,29164
1662716100,1299.0,1299.95,1296.65,1297.95,19523
1662716400,1297.95,1298.2,1295.2,1295.9,18570
1662716700,1295.55,1297.2,1295.0,1297.15,20065
1662717000,1297.15,1298.15,1295.15,1296.9,19209
1662717300,1297.0,1298.0,1291.3,1297.8,19392
1662954300,1297.8,1304.0,1297.45,1299.65,27787
1662954600,1300.6,1300.8,1297.5,1299.0,9779
1662954900,1299.0,1299.0,1297.3,1298.45,6072
1662955200,1298.0,1298.95,1295.1,1297.5,15547
1662955500,1297.5,1300.05,1297.5,1299.75,5818
1662955800,1299.75,1300.1,1299.0,1299.95,2665
1662956100,1299.95,1301.9,1299.55,1300.8,6164
1662956400,1300.8,1301.7,1299.35,1301.7,7162
1662956700,1301.75,1304.2,1301.4,1302.3,11740
1662957000,1303.0,1304.45,1301.4,1302.25,6861
1662957300,1302.1,1302.25,1300.0,1300.7,3878
1662957600,1300.55,1301.35,1299.35,1299.35,6029
1662957900,1299.75,1302.95,1299.35,1302.95,185653
1662958200,1302.95,1305.9,1300.95,1304.5,219047
1662958500,1304.6,1306.0,1302.55,1304.75,7952
1662958800,1304.75,1304.8,1303.55,1303.9,1846
1662959100,1303.9,1305.5,1303.25,1305.0,3391
1662959400,1305.0,1305.55,1302.4,1302.4,3087
1662959700,1303.45,1303.95,1302.5,1303.95,1450
1662960000,1303.25,1304.7,1302.7,1303.05,2151
1662960300,1303.65,1303.8,1300.4,1300.5,3781
1662960600,1300.5,1301.35,1298.55,1299.35,8997
1662960900,1298.5,1299.55,1298.0,1298.25,4802
1662961200,1298.25,1298.75,1296.7,1297.6,17301
1662961500,1297.8,1299.4,1296.65,1297.25,16073
1662961800,1297.25,1297.35,1295.05,1295.85,13408
1662962100,1295.85,1296.9,1295.5,1295.5,7871
1662962400,1295.5,1296.9,1295.5,1296.45,4797
1662962700,1296.55,1299.0,1295.55,1299.0,131869
1662963000,1299.35,1303.0,1298.45,1301.45,24146
1662963300,1301.45,1303.5,1301.0,1302.25,4876
1662963600,1302.95,1305.2,1302.05,1303.0,6029
1662963900,1303.05,1305.15,1303.05,1304.85,4524
1662964200,1304.85,1306.0,1304.0,1306.0,4817
1662964500,1306.65,1307.8,1305.4,1305.45,4693
1662964800,1306.0,1306.0,1304.8,1304.8,2227
1662965100,1305.85,1305.95,1302.25,1302.85,3833
1662965400,1303.45,1305.5,1302.6,1305.4,2541
1662965700,1305.4,1307.45,1305.05,1307.2,2395
1662966000,1307.15,1308.0,1306.6,1306.75,4163
1662966300,1307.5,1310.0,1306.7,1308.85,6820
1662966600,1309.0,1311.0,1308.95,1310.0,7610
1662966900,1310.25,1310.5,1308.2,1308.2,2457
1662967200,1309.3,1309.5,1307.05,1309.2,1839
1662967500,1309.25,1310.5,1308.6,1310.5,5205
1662967800,1310.5,1310.9,1307.05,1307.75,3761
1662968100,1307.75,1308.3,1307.05,1308.0,1134
1662968400,1308.0,1308.5,1307.0,1308.0,1209
1662968700,1308.0,1308.0,1305.05,1305.75,7300
1662969000,1306.0,1307.95,1305.3,1307.2,3790
1662969300,1307.2,1307.2,1305.45,1306.1,842
1662969600,1306.1,1307.5,1305.65,1306.8,745
1662969900,1306.8,1306.8,1304.05,1305.95,3403
1662970200,1305.55,1306.2,1303.25,1306.0,1881
1662970500,1306.0,1306.35,1304.75,1305.45,1727
1662970800,1305.45,1305.85,1303.2,1304.5,1583
1662971100,1304.5,1304.85,1302.4,1304.0,2433
1662971400,1304.0,1307.6,1304.0,1307.0,2339
1662971700,1307.2,1307.2,1305.4,1307.0,1318
1662972000,1307.0,1308.55,1307.0,1308.05,4963
1662972300,1308.0,1308.2,1307.15,1308.0,981
1662972600,1308.0,1308.95,1307.45,1308.0,2743
1662972900,1307.35,1308.0,1306.0,1307.0,1833
1662973200,1307.0,1308.0,1306.35,1307.55,2110
1662973500,1308.0,1308.0,1307.0,1308.0,1086
1662973800,1308.0,1308.1,1305.05,1305.05,3974
1662974100,1305.65,1306.9,1304.4,1306.2,3684
1662974400,1306.2,1308.0,1305.85,1307.8,2506
1662974700,1308.0,1308.0,1306.25,1306.5,6309
1662975000,1306.55,1308.0,1306.25,1307.65,15025
1662975300,1307.45,1308.65,1306.9,1308.35,12529
1662975600,1308.35,1308.95,1307.6,1307.95,10665
1662975900,1307.6,1308.0,1306.75,1307.0,18607
1662976200,1307.0,1307.0,1305.0,1305.85,16497
1662976500,1305.9,1306.0,1302.5,1305.0,33164
1663040700,1312.55,1325.8,1311.0,1323.5,64571
1663041000,1323.45,1328.85,1322.55,1328.25,65248
1663041300,1328.25,1333.75,1326.9,1332.55,66194
1663041600,1333.0,1335.0,1329.6,1334.6,42973
1663041900,1334.75,1335.0,1330.5,1332.0,30981
1663042200,1331.7,1333.0,1329.15,1329.4,21887
1663042500,1330.0,1330.0,1328.0,1328.2,33901
1663042800,1329.05,1330.0,1328.05,1329.85,17462
1663043100,1329.85,1329.95,1325.1,1326.6,36954
1663043400,1326.95,1330.0,1326.6,1329.2,18623
1663043700,1329.2,1330.2,1328.35,1329.2,8898
1663044000,1329.25,1329.35,1326.5,1326.6,9704
1663044300,1327.2,1329.0,1326.95,1328.3,7567
1663044600,1328.3,1330.0,1328.3,1329.9,8745
1663044900,1330.0,1330.0,1328.2,1328.45,28449
1663045200,1328.45,1329.5,1327.0,1328.0,18039
1663045500,1327.65,1329.0,1327.6,1327.85,6036
1663045800,1327.85,1327.95,1327.1,1327.65,6707
1663046100,1327.65,1328.6,1327.25,1327.8,7606
1663046400,1327.8,1328.05,1325.25,1325.45,10945
1663046700,1325.25,1325.45,1322.05,1322.8,22483
1663047000,1322.8,1322.9,1319.7,1320.45,22862
1663047300,1320.9,1320.9,1319.5,1319.95,10530
1663047600,1319.95,1320.25,1317.35,1319.2,10342
1663047900,1318.6,1320.0,1318.3,1319.35,8949
1663048200,1319.1,1320.0,1318.75,1319.75,5449
1663048500,1319.75,1320.0,1318.1,1319.65,2646
1663048800,1319.65,1319.75,1319.0,1319.2,3527
1663049100,1319.2,1319.25,1316.2,1316.5,8146
1663049400,1316.5,1318.5,1316.5,1318.3,5817
1663049700,1318.3,1320.0,1318.25,1319.55,3311
1663050000,1319.55,1319.85,1316.75,1318.4,4871
1663050300,1318.35,1320.0,1318.0,1318.0,5238
1663050600,1318.0,1318.4,1317.3,1318.15,2641
1663050900,1318.2,1319.0,1316.55,1318.1,10545
1663051200,1318.1,1319.4,1317.25,1318.5,4060
1663051500,1318.5,1319.1,1318.3,1318.85,2642
1663051800,1318.85,1319.0,1318.8,1318.85,2081
1663052100,1319.0,1320.0,1318.85,1319.85,3411
1663052400,1319.85,1320.0,1319.75,1319.8,12730
1663052700,1319.8,1320.0,1317.5,1317.95,4972
1663053000,1317.95,1318.85,1316.25,1318.25,3441
1663053300,1317.75,1320.0,1317.75,1319.1,6999
1663053600,1319.4,1320.0,1317.9,1318.3,9731
1663053900,1319.7,1319.7,1315.0,1315.6,14238
1663054200,1315.1,1316.0,1313.6,1316.0,8368
1663054500,1316.0,1316.0,1314.55,1315.8,5186
1663054800,1315.8,1315.8,1314.1,1314.2,6677
1663055100,1314.2,1317.5,1313.65,1317.45,3906
1663055400,1317.45,1317.5,1315.9,1316.45,3714
1663055700,1316.45,1318.25,1316.45,1317.75,3599
1663056000,1317.75,1318.9,1317.75,1318.9,4746
1663056300,1318.85,1318.85,1316.2,1318.2,11673
1663056600,1318.2,1318.25,1317.15,1317.65,4418
1663056900,1317.75,1318.5,1317.6,1318.45,4854
1663057200,1318.45,1320.0,1318.15,1319.8,15551
1663057500,1319.55,1320.0,1318.6,1318.6,7032
1663057800,1318.6,1319.05,1317.45,1317.7,7464
1663058100,1317.7,1319.95,1317.6,1319.55,4681
1663058400,1319.55,1320.0,1318.35,1319.15,12326
1663058700,1319.2,1319.25,1316.6,1316.6,7510
1663059000,1317.0,1318.25,1316.6,1318.25,4671
1663059300,1318.25,1319.95,1316.95,1318.85,16814
1663059600,1318.85,1320.0,1318.25,1319.5,17600
1663059900,1319.35,1319.9,1318.6,1319.4,6361
1663060200,1319.85,1321.55,1319.4,1320.95,36278
1663060500,1320.85,1321.0,1319.05,1319.5,21103
1663060800,1320.0,1321.95,1319.75,1319.9,33443
1663061100,1319.9,1323.45,1319.85,1322.75,22869
1663061400,1323.55,1326.0,1321.5,1324.35,36158
1663061700,1324.05,1325.35,1322.75,1324.65,21593
1663062000,1324.8,1325.55,1324.35,1325.35,26206
1663062300,1325.3,1325.35,1323.65,1325.0,33221
1663062600,1325.0,1325.2,1321.65,1324.85,36791
1663062900,1324.85,1326.95,1319.65,1324.0,28274
1663127100,1304.95,1315.0,1302.0,1313.45,25891
1663127400,1313.45,1318.5,1311.05,1318.15,13259
1663127700,1318.15,1320.0,1316.0,1319.3,7668
1663128000,1319.3,1319.3,1316.2,1316.5,8330
1663128300,1316.5,1318.0,1315.0,1315.0,8308
1663128600,1315.0,1316.5,1314.45,1315.15,7635
1663128900,1315.15,1315.7,1312.95,1315.7,5426
1663129200,1315.95,1315.95,1309.55,1309.55,11941
1663129500,1309.55,1310.2,1308.25,1308.65,6065
1663129800,1309.0,1310.65,1307.95,1310.1,6312
1663130100,1310.1,1310.95,1308.9,1310.6,4543
1663130400,1310.6,1312.05,1309.0,1309.0,5079
1663130700,1309.0,1309.0,1306.05,1306.3,17445
1663131000,1306.3,1307.25,1305.95,1306.5,5217
1663131300,1306.5,1306.7,1304.15,1305.65,6904
1663131600,1305.65,1307.9,1305.3,1306.15,6509
1663131900,1306.3,1308.75,1306.3,1307.6,6229
1663132200,1307.6,1309.0,1307.0,1307.55,3772
1663132500,1307.55,1308.0,1306.05,1306.55,4697
1663132800,1306.55,1311.2,1306.55,1310.25,6369
1663133100,1310.25,1311.1,1306.8,1307.0,15839
1663133400,1307.0,1307.25,1304.8,1306.4,8862
1663133700,1306.4,1307.3,1305.85,1306.7,3441
1663134000,1306.7,1307.6,1305.0,1306.15,4421
1663134300,1306.15,1307.8,1306.15,1307.05,2907
1663134600,1307.15,1308.6,1305.65,1307.8,7822
1663134900,1307.8,1309.6,1306.5,1308.3,6517
1663135200,1308.3,1308.3,1304.55,1305.05,9415
1663135500,1305.05,1307.85,1304.5,1306.4,7027
1663135800,1306.4,1308.0,1306.35,1307.75,1756
1663136100,1308.0,1308.75,1307.0,1307.0,3107
1663136400,1307.0,1307.75,1305.65,1307.75,3115
1663136700,1307.75,1308.5,1307.15,1308.2,1945
1663137000,1308.2,1310.7,1308.05,1309.45,6535
1663137300,1309.75,1310.95,1309.0,1309.05,5525
1663137600,1309.05,1309.75,1309.0,1309.25,2860
1663137900,1309.25,1311.3,1309.05,1309.35,5013
1663138200,1309.35,1310.35,1307.15,1309.7,7197
1663138500,1309.7,1311.3,1308.7,1310.4,6710
1663138800,1310.4,1311.75,1309.15,1309.8,4550
1663139100,1309.8,1310.85,1307.9,1309.15,8130
1663139400,1309.15,1309.95,1307.25,1307.75,9530
1663139700,1307.75,1308.75,1305.05,1305.75,8545
1663140000,1305.75,1306.75,1305.35,1305.55,2987
1663140300,1305.55,1306.6,1305.55,1306.15,3258
1663140600,1306.15,1308.35,1305.0,1307.35,5955
1663140900,1307.9,1308.4,1306.9,1307.1,2361
1663141200,1307.5,1308.0,1300.0,1302.5,70508
1663141500,1302.8,1303.95,1302.4,1303.7,11826
1663141800,1303.7,1303.7,1303.0,1303.4,2652
1663142100,1303.3,1304.3,1303.0,1303.4,105278
1663142400,1303.05,1303.5,1302.85,1303.5,6271
1663142700,1303.5,1304.2,1303.0,1304.2,4225
1663143000,1304.2,1304.7,1303.0,1303.05,3656
1663143300,1303.05,1303.75,1302.5,1302.6,4823
1663143600,1302.55,1302.7,1300.45,1302.1,12570
1663143900,1302.35,1303.1,1300.65,1301.4,10726
1663144200,1301.4,1302.95,1301.0,1302.45,4427
1663144500,1302.45,1307.0,1302.1,1306.75,8783
1663144800,1306.65,1307.55,1305.55,1306.25,7378
1663145100,1306.25,1306.95,1305.1,1305.55,5395
1663145400,1305.55,1306.9,1305.55,1305.95,7828
1663145700,1305.95,1306.2,1305.15,1305.9,5339
1663146000,1305.95,1305.95,1304.05,1305.15,7701
1663146300,1305.7,1306.0,1304.5,1304.8,8142
1663146600,1304.8,1304.95,1302.85,1304.05,8812
1663146900,1304.05,1307.55,1304.05,1307.55,14009
1663147200,1306.5,1308.05,1304.75,1306.55,23731
1663147500,1306.8,1306.9,1304.7,1305.1,9855
1663147800,1305.1,1306.15,1303.1,1303.55,22369
1663148100,1303.55,1306.2,1303.3,1306.1,23879
1663148400,1305.05,1305.75,1302.2,1302.35,17285
1663148700,1302.3,1303.35,1301.65,1302.1,23842
1663149000,1302.2,1302.9,1301.3,1302.15,22000
1663149300,1302.1,1304.95,1301.25,1304.0,22487
1663213500,1309.85,1317.0,1308.6,1314.75,26577
1663213800,1314.75,1316.3,1312.6,1314.35,12492
1663214100,1314.35,1315.15,1310.55,1311.7,7183
1663214400,1311.5,1311.8,1308.85,1309.55,9421
1663214700,1309.55,1310.8,1306.1,1306.2,9648
1663215000,1306.2,1307.0,1302.0,1304.0,12076
1663215300,1303.95,1305.35,1298.15,1298.95,45224
1663215600,1298.95,1299.0,1296.25,1296.75,21208
1663215900,1296.5,1296.7,1293.2,1293.65,24579
1663216200,1293.65,1296.0,1293.15,1295.45,20266
1663216500,1295.4,1296.85,1293.75,1293.75,10478
1663216800,1293.75,1294.0,1289.95,1291.1,39205
1663217100,1291.05,1291.05,1282.7,1288.6,39153
1663217400,1289.0,1289.95,1286.2,1286.45,8965
1663217700,1286.45,1287.3,1285.75,1286.85,5980
1663218000,1286.85,1287.55,1284.25,1284.5,10760
1663218300,1284.55,1284.6,1283.05,1284.1,10630
1663218600,1284.0,1284.0,1278.85,1279.25,25978
1663218900,1279.5,1280.35,1276.6,1279.1,15303
1663219200,1279.1,1286.35,1279.0,1286.35,21613
1663219500,1286.35,1291.5,1286.25,1289.6,21055
1663219800,1289.65,1295.0,1289.0,1289.65,22919
1663220100,1289.65,1290.5,1288.15,1290.0,10962
1663220400,1290.05,1290.1,1283.65,1284.95,38071
1663220700,1284.95,1288.0,1282.0,1287.9,9859
1663221000,1287.9,1288.3,1286.55,1288.25,9080
1663221300,1288.25,1288.25,1287.0,1287.65,8035
1663221600,1287.65,1288.25,1286.45,1287.95,6278
1663221900,1287.9,1288.5,1287.7,1288.1,6409
1663222200,1288.15,1288.35,1286.25,1288.1,7088
1663222500,1288.1,1288.5,1287.0,1288.15,7930
1663222800,1288.15,1288.3,1286.45,1286.75,8251
1663223100,1286.75,1288.2,1286.6,1288.0,6878
1663223400,1288.0,1288.0,1283.9,1283.9,11590
1663223700,1283.9,1286.45,1282.55,1285.95,10465
1663224000,1285.95,1286.65,1284.05,1285.95,6659
1663224300,1285.95,1286.0,1283.7,1284.95,8816
1663224600,1284.95,1286.15,1282.45,1283.6,131051
1663224900,1284.1,1285.15,1283.1,1285.15,7234
1663225200,1285.15,1287.0,1285.05,1286.25,13934
1663225500,1286.25,1288.15,1285.0,1288.0,31911
1663225800,1287.55,1290.8,1287.0,1290.05,63567
1663226100,1290.0,1290.1,1288.25,1289.1,42440
1663226400,1289.1,1291.75,1289.05,1291.75,20839
1663226700,1292.15,1292.3,1290.7,1291.55,10780
1663227000,1291.55,1293.3,1291.55,1292.95,4925
1663227300,1292.95,1294.7,1292.55,1293.4,11371
1663227600,1293.4,1295.7,1293.05,1294.35,12177
1663227900,1294.35,1295.15,1292.3,1295.15,9563
1663228200,1294.95,1294.95,1292.45,1293.05,11323
1663228500,1293.05,1293.05,1292.0,1292.45,5948
1663228800,1292.45,1293.45,1290.4,1291.05,14148
1663229100,1291.7,1291.7,1290.6,1290.8,4662
1663229400,1290.8,1291.4,1290.0,1290.05,11247
1663229700,1290.05,1291.7,1289.9,1291.4,9077
1663230000,1291.4,1291.6,1289.9,1291.4,27594
1663230300,1291.4,1292.95,1290.75,1292.7,8945
1663230600,1292.7,1293.05,1290.0,1292.5,14875
1663230900,1292.5,1294.9,1290.6,1294.35,14315
1663231200,1294.35,1295.5,1293.55,1295.5,13991
1663231500,1295.35,1297.0,1295.35,1297.0,15002
1663231800,1297.0,1299.6,1296.7,1298.8,20737
1663232100,1298.95,1298.95,1295.95,1296.0,15012
1663232400,1296.35,1298.0,1296.0,1297.75,8822
1663232700,1298.0,1300.0,1297.9,1300.0,14605
1663233000,1300.0,1302.85,1298.85,1302.6,17186
1663233300,1302.6,1302.6,1297.9,1300.8,25736
1663233600,1300.8,1302.9,1299.95,1300.55,22426
1663233900,1300.55,1301.35,1297.4,1300.35,18781
1663234200,1300.35,1301.55,1298.95,1300.95,40086
1663234500,1301.0,1301.0,1295.45,1296.05,42598
1663234800,1296.05,1296.45,1291.25,1291.55,41102
1663235100,1291.55,1292.4,1290.85,1292.1,22858
1663235400,1292.05,1292.15,1290.45,1291.2,35067
1663235700,1291.2,1293.3,1289.75,1293.0,25320
1663299900,1289.0,1289.0,1275.05,1277.8,38665
1663300200,1278.4,1280.0,1277.7,1280.0,29135
1663300500,1280.0,1286.95,1279.05,1286.95,64927
1663300800,1287.0,1294.85,1286.65,1294.55,21673
1663301100,1294.55,1299.0,1294.0,1299.0,18216
1663301400,1298.5,1298.6,1290.0,1291.65,16177
1663301700,1291.65,1292.8,1287.5,1289.2,6573
1663302000,1289.2,1289.2,1283.65,1284.4,18154
1663302300,1284.4,1284.6,1280.65,1282.1,23916
1663302600,1282.0,1285.85,1280.2,1284.15,14842
1663302900,1284.05,1289.0,1281.75,1287.5,11910
1663303200,1287.55,1291.0,1287.05,1290.75,7128
1663303500,1290.75,1294.0,1290.0,1293.85,10803
1663303800,1293.95,1296.9,1292.7,1296.05,11308
1663304100,1296.15,1298.75,1295.65,1297.6,14838
1663304400,1298.0,1298.0,1294.15,1295.0,13899
1663304700,1294.4,1294.95,1292.25,1293.6,9245
1663305000,1293.6,1294.15,1286.4,1286.85,15433
1663305300,1286.85,1288.7,1285.1,1287.95,7018
1663305600,1288.45,1292.6,1288.45,1291.0,8017
1663305900,1291.2,1295.0,1291.2,1293.85,8914
1663306200,1293.85,1295.0,1292.45,1294.2,4228
1663306500,1293.9,1296.0,1292.25,1295.15,6837
1663306800,1295.15,1297.65,1292.55,1296.65,9676
1663307100,1296.3,1299.0,1296.0,1299.0,7414
1663307400,1298.95,1301.9,1297.5,1299.0,16721
1663307700,1298.8,1301.0,1297.25,1298.35,9654
1663308000,1298.35,1299.7,1297.7,1298.4,5828
1663308300,1298.3,1299.7,1296.75,1297.1,6246
1663308600,1297.1,1298.5,1296.95,1298.2,5221
1663308900,1298.1,1299.75,1298.1,1299.7,6386
1663309200,1300.0,1302.5,1299.9,1301.45,8334
1663309500,1301.4,1302.95,1297.2,1298.2,13335
1663309800,1298.3,1298.55,1294.5,1295.0,10209
1663310100,1295.0,1295.0,1291.4,1294.0,11497
1663310400,1294.0,1296.25,1293.95,1295.35,4588
1663310700,1295.4,1298.15,1294.8,1297.55,7905
1663311000,1297.4,1299.2,1297.2,1299.0,5700
1663311300,1298.85,1300.0,1298.0,1299.65,7234
1663311600,1299.6,1301.3,1297.2,1299.95,11028
1663311900,1299.7,1299.8,1296.55,1298.15,6642
1663312200,1298.15,1298.15,1295.2,1297.55,7308
1663312500,1296.75,1298.7,1296.5,1297.3,7549
1663312800,1297.3,1298.25,1295.05,1298.15,7571
1663313100,1298.25,1298.25,1296.35,1297.25,6821
1663313400,1297.3,1298.2,1293.85,1294.7,11775
1663313700,1294.5,1294.6,1288.7,1289.6,10984
1663314000,1289.65,1291.15,1288.5,1290.0,5723
1663314300,1289.8,1291.5,1288.15,1288.95,8018
1663314600,1289.25,1291.0,1287.0,1289.95,7899
1663314900,1289.8,1294.0,1289.5,1293.7,5821
1663315200,1293.25,1294.15,1291.25,1292.35,9337
1663315500,1291.8,1294.3,1291.65,1293.1,10859
1663315800,1293.1,1293.45,1288.6,1290.95,7499
1663316100,1290.6,1292.0,1288.95,1290.9,10316
1663316400,1290.8,1291.9,1285.45,1287.75,10997
1663316700,1287.35,1288.9,1285.15,1288.3,10866
1663317000,1288.1,1288.8,1286.35,1288.75,7215
1663317300,1288.15,1289.9,1285.65,1286.2,13030
1663317600,1286.2,1288.7,1285.7,1286.7,8470
1663317900,1286.5,1288.0,1283.3,1283.95,10481
1663318200,1283.4,1283.95,1277.85,1279.9,14168
1663318500,1279.9,1280.9,1279.75,1280.25,14188
1663318800,1279.85,1280.4,1278.8,1280.05,17571
1663319100,1279.75,1280.65,1278.9,1279.8,16722
1663319400,1279.8,1280.4,1279.15,1279.85,15611
1663319700,1279.85,1280.35,1277.3,1278.5,21016
1663320000,1278.8,1284.7,1278.1,1283.75,16684
1663320300,1283.75,1287.35,1282.9,1286.55,16800
1663320600,1286.25,1286.3,1267.45,1271.85,140795
1663320900,1271.9,1275.95,1269.35,1275.55,159366
1663321200,1275.55,1275.55,1271.5,1273.05,149713
1663321500,1272.95,1275.3,1266.0,1266.35,160554
1663321800,1266.35,1272.95,1266.35,1272.8,160779
1663322100,1272.8,1276.5,1267.2,1275.95,97540
1663559100,1278.5,1294.0,1275.85,1285.1,54518
1663559400,1285.1,1285.15,1272.45,1273.9,23425
1663559700,1273.25,1279.95,1273.2,1278.7,15102
1663560000,1278.7,1288.45,1278.7,1286.9,24975
1663560300,1286.9,1287.9,1282.2,1282.2,10893
1663560600,1282.2,1282.85,1278.45,1280.0,11376
1663560900,1280.0,1288.2,1280.0,1288.15,8911
1663561200,1288.15,1293.95,1287.95,1293.5,19142
1663561500,1293.0,1295.9,1293.0,1295.25,18418
1663561800,1295.2,1299.3,1292.0,1292.3,22244
1663562100,1292.6,1295.8,1292.3,1295.5,10734
1663562400,1295.5,1295.5,1291.75,1292.95,11396
1663562700,1292.95,1298.05,1292.85,1297.2,11106
1663563000,1297.2,1298.85,1295.6,1295.6,11273
1663563300,1295.95,1297.0,1295.25,1296.5,8486
1663563600,1296.95,1297.95,1296.4,1297.75,6669
1663563900,1297.7,1298.8,1296.25,1298.8,4808
1663564200,1298.65,1301.85,1298.2,1298.6,8936
1663564500,1298.6,1298.6,1296.0,1296.15,7653
1663564800,1296.3,1297.8,1294.05,1295.0,4249
1663565100,1295.0,1296.55,1294.5,1296.55,3938
1663565400,1296.55,1299.0,1296.55,1298.9,4377
1663565700,1298.9,1298.95,1297.0,1297.95,6017
1663566000,1297.95,1300.0,1297.35,1299.75,5620
1663566300,1299.35,1300.0,1298.15,1299.0,6014
1663566600,1298.95,1298.95,1297.75,1298.2,2769
1663566900,1297.8,1299.4,1296.9,1297.0,6629
1663567200,1297.0,1298.05,1295.45,1296.1,6606
1663567500,1296.1,1297.2,1295.0,1297.2,6563
1663567800,1297.2,1297.75,1294.5,1294.6,6139
1663568100,1294.15,1296.0,1294.15,1295.55,6716
1663568400,1295.55,1296.65,1294.0,1294.0,6535
1663568700,1293.2,1297.2,1293.1,1297.15,9886
1663569000,1297.6,1299.3,1297.15,1299.0,6925
1663569300,1299.0,1299.3,1297.75,1298.0,3814
1663569600,1298.0,1298.7,1297.1,1297.95,2970
1663569900,1297.95,1298.45,1297.5,1298.3,2300
1663570200,1297.95,1300.0,1297.95,1299.0,6709
1663570500,1299.0,1300.25,1298.95,1299.4,10632
1663570800,1299.4,1299.4,1297.55,1297.8,2035
1663571100,1297.8,1299.4,1296.2,1299.35,5213
1663571400,1299.35,1299.35,1298.0,1298.55,2609
1663571700,1298.85,1299.5,1298.0,1299.5,3203
1663572000,1299.5,1299.95,1297.0,1297.0,3789
1663572300,1297.0,1297.3,1296.35,1297.3,2586
1663572600,1297.3,1298.95,1296.95,1298.25,3139
1663572900,1298.25,1299.0,1296.7,1298.15,3008
1663573200,1298.05,1298.65,1297.3,1298.15,2368
1663573500,1298.15,1299.95,1297.5,1298.9,5345
1663573800,1298.95,1299.95,1298.0,1298.25,7465
1663574100,1297.7,1299.95,1297.65,1299.2,5361
1663574400,1298.75,1300.0,1298.0,1299.0,3379
1663574700,1299.25,1308.0,1298.8,1308.0,38414
1663575000,1308.0,1308.0,1303.2,1306.85,12606
1663575300,1306.85,1308.0,1305.7,1306.5,10359
1663575600,1306.35,1307.85,1305.3,1307.05,5894
1663575900,1307.4,1308.0,1307.0,1307.55,23041
1663576200,1307.3,1307.85,1304.95,1306.2,6780
1663576500,1306.2,1306.25,1304.1,1305.5,4160
1663576800,1305.5,1307.6,1304.2,1306.95,7605
1663577100,1306.95,1308.0,1306.15,1306.2,11881
1663577400,1305.7,1306.65,1304.0,1305.15,14228
1663577700,1305.15,1305.25,1302.95,1303.45,18332
1663578000,1303.45,1305.0,1302.55,1305.0,10781
1663578300,1305.55,1307.0,1305.5,1306.9,17210
1663578600,1306.9,1307.0,1303.6,1305.85,16770
1663578900,1305.85,1306.2,1304.75,1305.05,11221
1663579200,1305.05,1306.85,1305.0,1305.7,16518
1663579500,1305.7,1307.0,1304.8,1306.55,11518
1663579800,1305.5,1306.65,1301.6,1303.0,35185
1663580100,1302.7,1303.75,1301.15,1302.5,25253
1663580400,1304.2,1305.0,1303.55,1304.0,23372
1663580700,1303.65,1304.1,1300.75,1301.45,33747
1663581000,1301.45,1304.45,1301.4,1302.85,28755
1663581300,1302.85,1305.0,1302.15,1305.0,18893
1663645500,1309.85,1321.5,1309.0,1317.1,49196
1663645800,1317.55,1322.5,1315.45,1322.3,42830
1663646100,1322.2,1322.2,1316.85,1318.3,16505
1663646400,1317.8,1318.95,1316.95,1317.4,8930
1663646700,1317.45,1318.35,1317.15,1318.25,7060
1663647000,1317.9,1317.95,1315.9,1316.25,6568
1663647300,1316.0,1318.75,1315.9,1317.15,11132
1663647600,1316.9,1317.2,1316.1,1316.5,6733
1663647900,1316.5,1318.7,1316.45,1318.5,5871
1663648200,1318.5,1319.1,1316.9,1317.2,7752
1663648500,1317.15,1318.4,1317.1,1317.9,3897
1663648800,1317.8,1317.8,1312.7,1315.0,12997
1663649100,1315.0,1316.95,1313.15,1316.2,12948
1663649400,1316.2,1317.6,1316.1,1316.25,5953
1663649700,1316.1,1319.0,1316.1,1318.55,5054
1663650000,1318.0,1320.2,1318.0,1320.0,12318
1663650300,1319.9,1322.0,1319.2,1319.6,7552
1663650600,1319.6,1320.25,1316.6,1317.4,5164
1663650900,1317.4,1318.9,1316.9,1317.55,6141
1663651200,1317.0,1317.95,1315.0,1315.0,5205
1663651500,1315.0,1316.55,1314.85,1316.55,7771
1663651800,1315.9,1316.95,1313.3,1313.6,4857
1663652100,1313.6,1315.75,1313.35,1315.75,4401
1663652400,1315.75,1317.45,1315.65,1317.05,5112
1663652700,1316.6,1317.75,1316.55,1317.75,3470
1663653000,1317.2,1317.75,1316.05,1316.05,4995
1663653300,1316.15,1316.15,1312.55,1314.25,6315
1663653600,1314.3,1315.6,1313.2,1313.5,5030
1663653900,1313.5,1315.0,1313.2,1315.0,3814
1663654200,1315.0,1315.9,1314.0,1314.0,4512
1663654500,1314.0,1315.9,1313.7,1315.7,3228
1663654800,1315.25,1315.8,1312.95,1314.95,4337
1663655100,1314.95,1315.3,1314.6,1314.95,2356
1663655400,1314.95,1315.8,1314.9,1315.5,1652
1663655700,1315.5,1316.85,1315.3,1316.75,3516
1663656000,1316.75,1318.6,1316.15,1318.6,3805
1663656300,1318.9,1321.0,1317.6,1318.25,14287
1663656600,1318.15,1318.8,1316.4,1318.8,6961
1663656900,1318.8,1318.8,1316.7,1318.75,5885
1663657200,1318.8,1321.0,1318.3,1321.0,12363
1663657500,1321.0,1321.0,1318.65,1319.55,11021
1663657800,1319.55,1321.0,1319.3,1320.95,3545
1663658100,1320.95,1320.95,1318.9,1319.0,5724
1663658400,1319.75,1320.4,1319.05,1320.0,3228
1663658700,1320.0,1320.0,1318.25,1319.7,4306
1663659000,1319.75,1320.0,1314.7,1316.05,10887
1663659300,1316.05,1318.8,1315.4,1318.8,7063
1663659600,1318.8,1319.85,1317.3,1319.8,7356
1663659900,1319.8,1319.9,1317.85,1319.05,5068
1663660200,1319.05,1319.65,1317.5,1317.8,3766
1663660500,1317.8,1318.45,1314.8,1316.35,5772
1663660800,1316.35,1316.85,1314.85,1316.8,3439
1663661100,1316.8,1317.55,1315.9,1316.95,4226
1663661400,1316.95,1317.0,1314.65,1316.25,5601
1663661700,1315.8,1316.5,1313.1,1314.9,7365
1663662000,1314.9,1315.8,1314.0,1315.4,6979
1663662300,1315.4,1317.55,1314.75,1317.1,5727
1663662600,1317.55,1318.0,1315.7,1315.8,10271
1663662900,1316.35,1317.9,1315.75,1317.25,4689
1663663200,1317.15,1317.9,1316.25,1316.45,8111
1663663500,1316.45,1317.85,1316.3,1317.7,4507
1663663800,1317.7,1318.0,1316.25,1317.05,7650
1663664100,1317.05,1317.7,1316.2,1317.05,6394
1663664400,1317.05,1319.8,1316.35,1316.35,14126
1663664700,1316.65,1317.45,1316.0,1317.15,5159
1663665000,1317.15,1319.3,1316.7,1318.75,5526
1663665300,1318.75,1318.75,1317.35,1318.1,9468
1663665600,1318.1,1318.1,1316.95,1317.2,4447
1663665900,1317.2,1318.75,1316.9,1318.6,7841
1663666200,1318.5,1318.75,1308.6,1309.25,26598
1663666500,1309.3,1310.65,1309.2,1310.4,16513
1663666800,1310.4,1310.4,1308.3,1308.9,20729
1663667100,1308.9,1309.0,1307.25,1307.65,21473
1663667400,1307.55,1307.55,1306.65,1306.75,24129
1663667700,1306.8,1310.85,1306.7,1309.0,21798
1663731900,1309.3,1318.75,1308.3,1311.85,14271
1663732200,1312.0,1314.95,1310.05,1311.65,11515
1663732500,1311.4,1315.0,1310.8,1314.1,5922
1663732800,1314.1,1315.0,1313.0,1314.1,3499
1663733100,1314.2,1314.35,1312.1,1313.6,4170
1663733400,1313.6,1313.6,1310.9,1311.1,4384
1663733700,1311.1,1311.3,1306.15,1307.35,5642
1663734000,1307.35,1308.4,1305.0,1307.1,6415
1663734300,1306.9,1309.6,1305.35,1307.4,4329
1663734600,1307.4,1307.4,1305.35,1306.35,2896
1663734900,1306.35,1309.3,1304.95,1308.5,4721
1663735200,1308.45,1310.95,1308.4,1310.2,5085
1663735500,1310.15,1310.5,1307.1,1307.35,2854
1663735800,1307.35,1309.95,1307.35,1309.95,1751
1663736100,1309.95,1309.95,1306.0,1307.5,26317
1663736400,1307.5,1308.35,1307.25,1307.55,2548
1663736700,1307.55,1308.3,1307.45,1307.5,1854
1663737000,1307.5,1308.6,1307.1,1307.75,4689
1663737300,1307.75,1308.7,1307.1,1307.3,3021
1663737600,1307.3,1308.55,1307.25,1307.8,2604
1663737900,1309.0,1309.0,1306.25,1308.05,12834
1663738200,1308.05,1308.95,1307.75,1307.95,1451
1663738500,1307.95,1308.45,1307.6,1307.6,2005
1663738800,1307.6,1308.15,1307.0,1307.6,3038
1663739100,1307.6,1308.55,1307.35,1308.55,2328
1663739400,1308.55,1308.9,1307.4,1307.45,3761
1663739700,1307.45,1308.6,1307.25,1307.45,7305
1663740000,1307.45,1308.1,1307.4,1307.65,2382
1663740300,1307.65,1308.5,1307.25,1307.35,3244
1663740600,1307.35,1308.0,1307.15,1307.35,5853
1663740900,1307.35,1308.45,1305.95,1306.25,9709
1663741200,1306.95,1307.35,1305.0,1306.9,14062
1663741500,1306.9,1307.65,1305.35,1307.0,15044
1663741800,1306.4,1307.25,1306.0,1306.5,14269
1663742100,1306.5,1307.9,1306.3,1306.35,6587
1663742400,1306.35,1307.3,1305.55,1306.3,6375
1663742700,1306.3,1306.3,1301.1,1302.4,5062
1663743000,1303.1,1303.1,1299.0,1300.5,4830
1663743300,1300.5,1300.95,1299.2,1300.8,2780
1663743600,1300.8,1301.5,1300.0,1300.5,2048
1663743900,1300.0,1301.0,1298.0,1300.4,6004
1663744200,1300.3,1303.15,1299.0,1302.75,2762
1663744500,1302.7,1305.45,1301.95,1304.3,3114
1663744800,1304.0,1304.7,1300.7,1302.4,1980
1663745100,1302.35,1304.8,1301.65,1303.35,3493
1663745400,1303.35,1304.35,1301.35,1301.75,1953
1663745700,1302.35,1302.85,1301.55,1301.95,1707
1663746000,1301.95,1303.2,1301.55,1303.05,2776
1663746300,1303.1,1304.15,1303.05,1303.1,1489
1663746600,1303.65,1303.8,1302.0,1302.25,1575
1663746900,1302.0,1303.7,1301.4,1303.5,2311
1663747200,1303.45,1304.95,1302.9,1304.25,4148
1663747500,1304.25,1304.95,1303.4,1304.95,1458
1663747800,1304.95,1306.0,1304.45,1305.55,2154
1663748100,1306.0,1307.8,1305.3,1306.35,3735
1663748400,1306.35,1307.2,1304.9,1305.95,2187
1663748700,1305.95,1305.95,1304.3,1305.05,3764
1663749000,1305.1,1306.95,1304.5,1306.95,3289
1663749300,1306.95,1307.8,1304.95,1305.65,3083
1663749600,1306.1,1307.75,1305.45,1306.9,2533
1663749900,1307.3,1307.3,1304.9,1305.15,4290
1663750200,1305.15,1306.05,1304.8,1305.35,2247
1663750500,1305.35,1306.1,1304.8,1305.0,1847
1663750800,1305.85,1306.85,1305.05,1305.4,10689
1663751100,1305.8,1306.95,1305.35,1306.0,10724
1663751400,1306.85,1307.95,1305.6,1305.95,6439
1663751700,1305.95,1307.0,1305.4,1306.3,3134
1663752000,1305.6,1307.0,1305.6,1306.45,1829
1663752300,1306.45,1307.8,1306.0,1306.6,5890
1663752600,1306.0,1306.85,1305.8,1305.8,16080
1663752900,1305.8,1306.35,1305.8,1306.0,14955
1663753200,1306.05,1307.2,1305.6,1306.05,16749
1663753500,1306.05,1306.45,1305.7,1306.25,18837
1663753800,1306.3,1308.2,1304.95,1304.95,24394
1663754100,1304.8,1308.1,1303.45,1303.45,15705
1663818300,1297.0,1299.95,1280.35,1289.0,42908
1663818600,1290.35,1292.75,1285.65,1288.6,17542
1663818900,1288.6,1289.7,1283.4,1288.25,15446
1663819200,1288.25,1288.25,1284.9,1287.0,8377
1663819500,1287.0,1288.75,1286.0,1286.1,63940
1663819800,1286.1,1286.9,1283.0,1283.0,9795
1663820100,1283.0,1284.0,1280.25,1282.7,13564
1663820400,1282.45,1284.5,1281.7,1283.45,12810
1663820700,1283.45,1285.45,1283.0,1285.35,7969
1663821000,1285.35,1285.35,1282.0,1282.2,10728
1663821300,1282.25,1282.25,1278.0,1279.3,23790
1663821600,1279.45,1280.0,1278.0,1278.3,9340
1663821900,1278.3,1278.3,1275.0,1275.55,20001
1663822200,1275.4,1275.4,1273.3,1275.15,18625
1663822500,1275.15,1277.9,1274.5,1275.35,10233
1663822800,1275.2,1275.95,1273.0,1275.0,15781
1663823100,1274.75,1275.95,1273.5,1274.4,5666
1663823400,1274.4,1275.65,1273.1,1273.1,7999
1663823700,1273.1,1276.65,1273.1,1276.5,14594
1663824000,1276.45,1279.15,1275.35,1276.55,11929
1663824300,1276.65,1276.65,1274.0,1274.75,7302
1663824600,1275.5,1277.0,1274.65,1275.7,5381
1663824900,1275.7,1275.75,1274.05,1274.25,6195
1663825200,1274.25,1274.55,1271.6,1273.2,16008
1663825500,1273.2,1274.2,1272.4,1273.6,4484
1663825800,1273.5,1273.8,1270.0,1271.4,16285
1663826100,1271.4,1271.95,1269.55,1270.2,13214
1663826400,1270.2,1272.85,1270.2,1271.55,8641
1663826700,1271.85,1274.3,1271.35,1273.55,7556
1663827000,1273.0,1273.55,1272.15,1272.45,5800
1663827300,1272.45,1272.6,1271.0,1271.0,7028
1663827600,1271.05,1272.25,1270.0,1270.0,10147
1663827900,1270.05,1270.7,1269.5,1270.65,13602
1663828200,1270.65,1270.65,1269.0,1270.3,11371
1663828500,1270.4,1272.15,1270.0,1270.05,7022
1663828800,1270.05,1273.35,1270.0,1272.1,8746
1663829100,1272.05,1273.0,1271.35,1272.5,6434
1663829400,1272.5,1272.6,1270.8,1270.8,5141
1663829700,1270.95,1270.95,1270.1,1270.1,6181
1663830000,1270.15,1270.85,1269.65,1270.15,10194
1663830300,1270.15,1272.0,1270.0,1271.7,6389
1663830600,1272.0,1272.35,1271.1,1271.15,10145
1663830900,1271.2,1271.9,1269.9,1271.4,12414
1663831200,1271.4,1273.5,1271.05,1273.5,6951
1663831500,1273.65,1275.8,1273.5,1275.05,9678
1663831800,1275.05,1277.8,1275.0,1277.8,11272
1663832100,1277.8,1279.0,1277.0,1278.95,9124
1663832400,1278.95,1279.0,1277.0,1278.5,16683
1663832700,1278.95,1282.45,1278.5,1281.9,13440
1663833000,1281.9,1282.0,1278.15,1279.2,6450
1663833300,1279.2,1280.8,1279.2,1280.05,7949
1663833600,1280.0,1281.9,1280.0,1281.65,5184
1663833900,1281.55,1282.5,1280.2,1282.1,11891
1663834200,1281.9,1283.3,1281.3,1282.55,5609
1663834500,1282.85,1288.3,1282.85,1288.3,23050
1663834800,1288.7,1290.9,1287.5,1288.1,14556
1663835100,1288.1,1288.65,1285.4,1286.55,11090
1663835400,1286.55,1288.0,1286.5,1287.65,7094
1663835700,1287.6,1289.5,1287.1,1288.6,5889
1663836000,1288.6,1291.0,1288.0,1290.7,14168
1663836300,1289.6,1290.7,1287.7,1288.15,8955
1663836600,1288.0,1289.05,1287.0,1288.3,6565
1663836900,1288.3,1288.45,1286.05,1287.5,6208
1663837200,1287.5,1288.25,1286.05,1286.55,6150
1663837500,1286.55,1287.0,1283.95,1286.5,11004
1663837800,1285.9,1289.0,1285.9,1288.85,6799
1663838100,1288.85,1290.5,1285.9,1285.9,6788
1663838400,1286.35,1287.35,1286.2,1287.0,5703
1663838700,1286.7,1288.75,1285.2,1287.25,9755
1663839000,1287.1,1288.2,1284.05,1285.05,21630
1663839300,1284.65,1287.65,1283.85,1284.05,21049
1663839600,1285.6,1286.8,1283.35,1286.05,17792
1663839900,1286.05,1287.5,1283.9,1285.25,25236
1663840200,1285.3,1286.55,1283.15,1285.25,25894
1663840500,1285.25,1289.0,1284.4,1287.75,25756
1663904700,1274.0,1289.95,1274.0,1282.0,18309
1663905000,1282.55,1284.5,1280.25,1283.65,7400
1663905300,1283.6,1287.35,1283.6,1285.65,6168
1663905600,1284.95,1285.5,1279.05,1279.05,13168
1663905900,1278.2,1280.55,1278.0,1278.1,4078
1663906200,1278.1,1283.8,1277.8,1283.6,6106
1663906500,1283.4,1283.45,1277.6,1277.6,4441
1663906800,1278.75,1281.0,1277.6,1280.0,3961
1663907100,1280.6,1281.5,1279.05,1280.25,3329
1663907400,1280.25,1280.25,1277.4,1278.45,3903
1663907700,1278.45,1279.75,1275.0,1275.55,3879
1663908000,1275.55,1278.0,1275.05,1276.7,3832
1663908300,1276.7,1277.0,1272.15,1274.05,5280
1663908600,1274.05,1279.6,1274.05,1277.25,5686
1663908900,1277.25,1277.8,1276.05,1276.2,1402
1663909200,1276.2,1276.8,1275.1,1276.0,1108
1663909500,1276.0,1277.0,1275.0,1275.8,1171
1663909800,1275.8,1275.85,1272.85,1272.85,2867
1663910100,1272.85,1274.35,1272.75,1273.95,3097
1663910400,1273.95,1274.8,1273.95,1274.2,8657
1663910700,1274.05,1274.1,1272.2,1272.3,4539
1663911000,1272.6,1273.05,1271.4,1272.4,6192
1663911300,1272.7,1272.7,1270.2,1270.75,6234
1663911600,1270.75,1271.2,1269.1,1269.9,11879
1663911900,1269.9,1270.0,1267.15,1268.85,12412
1663912200,1268.85,1272.7,1268.3,1271.25,6395
1663912500,1271.25,1274.35,1270.4,1272.25,6054
1663912800,1272.55,1272.55,1269.0,1270.6,4031
1663913100,1270.6,1270.65,1269.0,1269.9,4721
1663913400,1269.9,1273.55,1269.55,1272.65,3237
1663913700,1272.65,1274.55,1271.7,1274.4,5935
1663914000,1274.4,1274.4,1272.45,1273.55,1772
1663914300,1273.55,1275.75,1273.2,1273.75,5096
1663914600,1273.75,1275.0,1270.8,1271.55,5353
1663914900,1271.55,1273.0,1270.0,1273.0,1788
1663915200,1273.0,1273.3,1271.0,1271.0,2357
1663915500,1271.05,1271.05,1270.0,1270.1,4484
1663915800,1270.1,1270.1,1265.55,1266.35,7526
1663916100,1266.45,1271.95,1266.45,1271.95,3579
1663916400,1271.95,1271.95,1268.95,1269.55,2559
1663916700,1269.55,1270.0,1268.55,1268.75,1249
1663917000,1267.7,1271.5,1267.5,1271.5,2539
1663917300,1271.5,1276.35,1270.55,1276.05,7456
1663917600,1276.55,1279.4,1275.7,1279.0,6637
1663917900,1279.0,1281.85,1279.0,1279.75,6369
1663918200,1279.75,1279.75,1275.9,1278.0,8209
1663918500,1278.2,1278.25,1274.55,1275.0,4381
1663918800,1275.1,1276.5,1274.6,1275.95,7006
1663919100,1275.95,1278.1,1275.15,1278.0,5212
1663919400,1278.0,1278.1,1275.95,1276.75,1313
1663919700,1276.75,1276.8,1275.45,1275.8,2236
1663920000,1275.75,1276.45,1274.45,1275.5,8291
1663920300,1275.5,1275.55,1273.95,1275.0,3536
1663920600,1275.0,1275.1,1272.3,1272.8,2424
1663920900,1273.0,1275.15,1272.25,1274.6,5761
1663921200,1274.7,1274.95,1273.6,1274.35,2806
1663921500,1274.35,1274.65,1271.1,1271.2,3641
1663921800,1271.5,1271.5,1268.0,1268.95,11853
1663922100,1269.1,1272.5,1269.1,1271.1,5905
1663922400,1271.65,1274.0,1270.0,1272.0,5638
1663922700,1272.0,1273.55,1270.7,1271.3,5282
1663923000,1271.3,1271.4,1269.05,1269.05,6196
1663923300,1269.6,1269.6,1268.15,1269.1,5179
1663923600,1269.1,1269.7,1268.85,1269.45,3581
1663923900,1269.45,1274.0,1269.45,1273.15,6756
1663924200,1273.35,1273.35,1271.25,1271.9,5153
1663924500,1271.9,1272.55,1271.05,1271.85,3607
1663924800,1271.85,1274.9,1271.7,1274.6,7945
1663925100,1274.65,1274.65,1272.5,1273.05,3083
1663925400,1272.45,1273.6,1271.05,1272.6,9014
1663925700,1272.2,1273.45,1271.75,1273.3,8592
1663926000,1274.15,1274.5,1272.6,1272.7,5135
1663926300,1273.0,1273.8,1271.85,1273.45,9900
1663926600,1273.15,1273.45,1272.1,1273.15,10797
1663926900,1273.15,1277.0,1273.05,1277.0,7517
1664163900,1271.8,1271.8,1258.3,1259.35,44220
1664164200,1259.3,1262.45,1257.15,1261.9,22942
1664164500,1261.9,1268.0,1261.9,1264.35,20516
1664164800,1264.4,1266.7,1262.25,1263.3,11645
1664165100,1263.4,1264.35,1262.0,1263.2,19728
1664165400,1263.15,1263.45,1258.05,1258.05,16500
1664165700,1258.5,1260.5,1255.8,1257.35,16312
1664166000,1257.35,1264.8,1257.35,1264.15,17577
1664166300,1264.15,1264.6,1260.55,1260.9,12982
1664166600,1260.25,1260.95,1255.15,1256.0,22718
1664166900,1256.0,1258.35,1254.0,1255.85,12770
1664167200,1255.85,1257.4,1254.1,1256.9,6464
1664167500,1256.6,1259.5,1255.05,1257.0,11013
1664167800,1257.25,1260.2,1255.8,1260.15,19130
1664168100,1260.15,1262.1,1259.5,1260.3,16139
1664168400,1260.3,1262.1,1260.0,1260.9,6961
1664168700,1260.9,1261.05,1260.0,1261.0,9508
1664169000,1261.5,1264.9,1261.15,1264.4,5986
1664169300,1264.8,1266.0,1264.05,1265.0,25303
1664169600,1265.0,1267.85,1265.0,1267.0,28698
1664169900,1267.0,1267.0,1255.95,1258.45,43742
1664170200,1258.45,1258.45,1254.4,1256.05,18305
1664170500,1256.0,1256.0,1252.1,1253.75,13365
1664170800,1253.75,1254.85,1251.85,1254.55,13801
1664171100,1255.0,1257.25,1252.3,1257.1,9136
1664171400,1257.2,1257.3,1255.05,1255.5,7373
1664171700,1256.0,1258.15,1255.35,1257.6,7050
1664172000,1257.05,1259.35,1257.05,1258.15,4769
1664172300,1258.15,1259.2,1256.75,1258.55,7689
1664172600,1258.55,1260.3,1257.25,1258.65,5854
1664172900,1258.65,1260.95,1258.0,1260.95,5183
1664173200,1260.35,1265.9,1260.35,1265.4,11477
1664173500,1265.45,1266.95,1264.95,1266.75,11542
1664173800,1266.95,1268.0,1265.25,1267.85,21545
1664174100,1267.85,1267.95,1265.35,1266.0,17232
1664174400,1266.6,1267.45,1265.4,1267.2,7743
1664174700,1267.2,1269.6,1267.15,1268.25,42396
1664175000,1268.0,1268.0,1265.6,1267.75,15862
1664175300,1267.7,1268.5,1262.85,1263.0,33363
1664175600,1264.2,1266.4,1263.6,1263.9,18134
1664175900,1264.25,1265.15,1261.05,1264.0,11737
1664176200,1264.3,1265.5,1263.05,1265.0,10527
1664176500,1265.4,1269.2,1264.2,1267.5,10688
1664176800,1267.75,1268.8,1266.55,1267.1,6424
1664177100,1267.5,1269.8,1266.55,1266.9,8383
1664177400,1266.9,1270.0,1266.9,1269.45,24550
1664177700,1269.45,1269.95,1267.75,1268.0,7418
1664178000,1268.0,1268.0,1264.4,1266.1,25589
1664178300,1266.1,1267.0,1264.3,1265.15,16527
1664178600,1265.75,1267.35,1265.0,1266.35,5445
1664178900,1266.35,1267.7,1265.0,1267.0,9336
1664179200,1267.0,1267.0,1265.0,1266.95,10802
1664179500,1266.95,1267.6,1264.4,1265.4,17903
1664179800,1265.4,1266.2,1264.1,1265.1,12796
1664180100,1265.25,1265.25,1260.1,1261.75,8420
1664180400,1261.8,1263.9,1260.95,1263.5,13700
1664180700,1263.45,1265.6,1262.05,1263.85,7762
1664181000,1264.4,1268.55,1262.45,1268.55,30217
1664181300,1268.55,1269.75,1267.9,1269.0,22026
1664181600,1269.0,1269.0,1266.3,1266.6,17739
1664181900,1266.6,1270.0,1266.1,1270.0,27691
1664182200,1270.0,1270.0,1265.25,1266.85,26285
1664182500,1266.85,1267.0,1262.45,1265.3,8392
1664182800,1265.25,1266.35,1263.9,1266.35,4897
1664183100,1266.35,1267.45,1264.35,1267.3,5651
1664183400,1267.3,1269.45,1266.2,1266.2,12634
1664183700,1266.25,1267.75,1265.1,1266.35,8953
1664184000,1266.4,1267.0,1264.85,1265.85,6312
1664184300,1265.85,1267.1,1264.95,1266.75,7054
1664184600,1266.25,1266.25,1257.1,1257.35,54914
1664184900,1257.35,1260.0,1257.3,1259.4,33343
1664185200,1259.4,1262.0,1259.05,1260.85,24726
1664185500,1260.8,1260.85,1257.75,1258.75,32053
1664185800,1258.75,1261.45,1258.05,1261.15,39405
1664186100,1261.15,1265.0,1256.25,1259.25,26432
1664250300,1266.0,1270.65,1257.4,1266.0,28064
1664250600,1266.05,1268.5,1261.35,1266.65,13446
1664250900,1265.95,1266.75,1262.95,1264.0,7124
1664251200,1264.4,1267.05,1264.05,1266.55,2850
1664251500,1266.55,1267.1,1262.3,1263.5,3701
1664251800,1263.5,1264.25,1259.4,1259.5,10762
1664252100,1259.5,1260.15,1255.05,1259.55,15111
1664252400,1259.55,1263.1,1257.2,1257.3,9915
1664252700,1257.3,1262.15,1257.3,1261.95,6342
1664253000,1262.45,1263.0,1260.85,1262.95,4118
1664253300,1262.7,1262.95,1258.8,1259.0,5250
1664253600,1259.0,1260.45,1257.35,1258.6,5826
1664253900,1258.6,1261.35,1257.35,1259.8,6162
1664254200,1259.8,1259.85,1257.5,1257.5,6154
1664254500,1257.5,1257.65,1255.45,1256.55,5812
1664254800,1256.8,1258.9,1255.2,1258.9,6046
1664255100,1258.75,1259.7,1256.5,1257.2,6899
1664255400,1257.2,1258.3,1253.6,1255.55,6545
1664255700,1255.55,1255.6,1251.25,1252.95,13587
1664256000,1253.4,1254.75,1248.0,1249.1,17941
1664256300,1249.1,1252.8,1248.9,1251.1,11232
1664256600,1251.7,1251.7,1247.5,1248.75,21321
1664256900,1248.8,1249.0,1245.05,1246.05,13037
1664257200,1246.25,1248.5,1246.2,1247.4,8020
1664257500,1247.4,1249.85,1246.7,1247.8,12407
1664257800,1247.8,1248.95,1247.0,1248.85,7808
1664258100,1248.8,1249.8,1247.2,1248.9,7501
1664258400,1249.0,1250.65,1248.25,1250.05,7188
1664258700,1250.2,1250.2,1248.15,1249.15,4603
1664259000,1249.2,1249.95,1247.0,1249.25,5242
1664259300,1249.65,1252.45,1249.25,1252.45,8930
1664259600,1252.4,1255.8,1252.3,1255.8,8921
1664259900,1255.6,1258.0,1255.05,1257.95,10678
1664260200,1257.75,1259.55,1257.75,1259.2,9065
1664260500,1259.2,1261.05,1258.65,1260.5,12436
1664260800,1260.35,1261.75,1254.6,1254.95,20124
1664261100,1255.0,1255.75,1252.5,1254.45,8431
1664261400,1254.5,1255.0,1253.6,1254.95,5155
1664261700,1254.9,1255.0,1252.35,1253.4,10016
1664262000,1253.4,1255.35,1253.0,1255.0,10383
1664262300,1254.95,1255.0,1253.4,1254.9,2388
1664262600,1254.9,1255.0,1251.6,1252.8,6673
1664262900,1252.6,1253.95,1248.65,1249.3,43890
1664263200,1249.3,1250.15,1246.55,1247.95,8010
1664263500,1247.85,1250.85,1247.85,1250.65,11409
1664263800,1250.7,1254.1,1250.7,1252.85,8785
1664264100,1252.8,1255.25,1252.05,1254.55,5223
1664264400,1254.55,1256.2,1254.15,1255.45,3839
1664264700,1255.4,1258.75,1255.0,1257.45,3406
1664265000,1258.15,1258.3,1253.65,1256.45,5058
1664265300,1256.4,1257.8,1254.4,1256.75,4330
1664265600,1256.8,1259.5,1256.8,1258.5,7537
1664265900,1258.5,1259.6,1256.55,1258.35,3823
1664266200,1258.35,1258.95,1253.45,1256.0,5083
1664266500,1256.0,1257.45,1254.15,1254.9,2575
1664266800,1254.9,1256.35,1253.35,1254.85,5293
1664267100,1254.85,1255.9,1253.85,1254.7,3879
1664267400,1254.7,1255.0,1254.0,1254.7,4996
1664267700,1254.7,1255.0,1251.35,1252.1,3883
1664268000,1252.1,1252.4,1247.5,1247.95,12670
1664268300,1247.95,1249.4,1245.65,1245.75,6618
1664268600,1245.75,1247.0,1243.1,1244.8,19664
1664268900,1244.8,1245.45,1242.9,1243.6,6826
1664269200,1243.55,1244.95,1240.3,1243.7,23626
1664269500,1243.55,1245.5,1242.0,1242.5,10625
1664269800,1242.5,1242.5,1239.0,1240.3,15861
1664270100,1239.65,1240.95,1237.3,1237.95,14503
1664270400,1237.95,1243.4,1237.5,1241.4,21911
1664270700,1241.45,1241.55,1239.0,1239.5,9379
1664271000,1240.05,1242.0,1238.3,1241.05,26967
1664271300,1241.4,1244.95,1241.05,1244.7,19187
1664271600,1244.7,1245.7,1243.6,1244.05,20894
1664271900,1243.9,1245.0,1242.6,1244.35,24637
1664272200,1244.35,1244.4,1239.0,1240.6,39532
1664272500,1240.6,1248.25,1240.45,1242.0,20090
1664336700,1227.5,1235.0,1225.55,1226.4,58160
1664337000,1225.7,1231.0,1222.2,1223.6,54211
1664337300,1223.6,1223.6,1219.0,1220.0,37220
1664337600,1220.0,1220.0,1216.05,1217.65,36549
1664337900,1217.85,1220.75,1217.45,1220.5,26148
1664338200,1220.5,1221.7,1216.15,1216.75,18373
1664338500,1216.9,1226.5,1215.0,1225.55,44088
1664338800,1225.55,1232.35,1224.9,1232.35,20671
1664339100,1231.0,1232.8,1228.85,1229.55,32686
1664339400,1229.55,1234.2,1228.65,1234.2,34426
1664339700,1233.75,1236.3,1233.4,1233.65,17122
1664340000,1233.65,1241.95,1233.6,1240.1,39668
1664340300,1240.1,1240.5,1236.7,1239.75,19685
1664340600,1239.75,1241.85,1238.3,1239.05,21843
1664340900,1239.15,1239.55,1236.05,1236.35,9620
1664341200,1236.35,1237.2,1235.35,1237.0,6975
1664341500,1237.0,1237.1,1234.05,1235.1,12807
1664341800,1235.3,1235.3,1232.4,1233.45,11328
1664342100,1233.3,1234.25,1232.0,1233.65,7045
1664342400,1233.65,1236.7,1233.65,1235.95,7599
1664342700,1235.95,1239.0,1235.6,1238.95,6665
1664343000,1238.95,1238.95,1237.1,1238.15,3237
1664343300,1238.15,1240.8,1238.15,1239.35,14925
1664343600,1239.35,1243.4,1239.15,1242.9,8695
1664343900,1242.9,1244.4,1240.3,1240.65,6398
1664344200,1240.65,1242.0,1240.65,1242.0,4333
1664344500,1242.75,1243.45,1241.05,1242.0,3655
1664344800,1241.95,1246.0,1241.95,1245.5,3704
1664345100,1245.5,1247.55,1244.75,1247.5,6781
1664345400,1247.5,1249.8,1246.8,1247.9,6463
1664345700,1248.25,1249.15,1247.25,1247.95,5469
1664346000,1247.95,1250.85,1247.9,1248.8,13089
1664346300,1249.25,1249.8,1247.1,1248.8,8723
1664346600,1248.8,1250.75,1248.8,1250.75,3875
1664346900,1250.75,1250.75,1249.75,1250.15,7697
1664347200,1250.05,1250.05,1246.8,1246.8,11720
1664347500,1246.2,1246.5,1244.2,1245.7,7971
1664347800,1245.85,1247.85,1245.7,1245.95,6556
1664348100,1245.95,1246.4,1244.65,1245.35,5162
1664348400,1245.35,1245.8,1244.1,1245.1,9231
1664348700,1245.1,1245.65,1244.35,1244.9,7531
1664349000,1244.5,1245.4,1242.7,1243.5,4323
1664349300,1243.5,1245.5,1242.8,1245.2,5459
1664349600,1245.2,1245.65,1242.35,1242.85,8025
1664349900,1242.85,1243.4,1241.55,1241.75,10685
1664350200,1241.75,1241.85,1240.75,1240.9,15356
1664350500,1240.9,1241.0,1237.65,1239.35,9139
1664350800,1239.35,1241.1,1238.5,1240.15,8620
1664351100,1240.2,1241.35,1239.6,1240.8,7164
1664351400,1240.8,1241.2,1240.1,1241.0,5704
1664351700,1241.0,1241.1,1240.45,1241.0,5226
1664352000,1241.0,1241.05,1239.3,1240.4,10265
1664352300,1240.4,1241.0,1238.75,1240.75,7598
1664352600,1240.75,1241.0,1238.4,1239.3,5990
1664352900,1238.95,1240.7,1238.25,1238.3,8986
1664353200,1238.4,1240.2,1238.05,1238.2,6128
1664353500,1238.2,1238.45,1236.05,1237.4,9488
1664353800,1237.4,1237.5,1236.5,1237.35,7660
1664354100,1237.3,1238.9,1236.5,1237.3,9014
1664354400,1237.3,1240.85,1237.2,1239.65,11543
1664354700,1239.6,1240.95,1239.15,1240.55,6298
1664355000,1240.55,1240.55,1237.4,1238.0,9461
1664355300,1237.9,1237.9,1232.85,1235.3,17123
1664355600,1235.3,1237.3,1235.0,1235.45,8845
1664355900,1235.45,1238.4,1235.4,1237.95,9490
1664356200,1237.95,1239.05,1237.45,1238.85,6829
1664356500,1238.7,1239.45,1237.05,1237.7,10186
1664356800,1237.7,1239.4,1237.1,1238.55,6573
1664357100,1238.55,1239.7,1236.9,1238.9,17250
1664357400,1238.9,1239.4,1237.95,1239.1,29790
1664357700,1239.1,1242.0,1239.0,1241.55,30232
1664358000,1241.5,1243.15,1240.3,1240.45,29735
1664358300,1240.25,1240.7,1235.35,1237.1,26308
1664358600,1237.1,1239.7,1235.65,1236.35,49261
1664358900,1235.85,1236.45,1231.55,1232.25,18000
1664423100,1245.0,1251.0,1237.85,1242.7,23109
1664423400,1243.05,1243.65,1238.4,1240.3,18814
1664423700,1240.3,1241.25,1237.0,1237.95,20674
1664424000,1237.95,1242.0,1236.0,1238.05,13625
1664424300,1238.0,1239.6,1236.6,1238.0,13758
1664424600,1238.1,1239.95,1237.3,1238.5,10410
1664424900,1238.5,1238.5,1237.35,1237.95,7810
1664425200,1237.95,1239.55,1237.9,1238.05,5528
1664425500,1238.0,1239.6,1237.5,1237.85,10267
1664425800,1237.85,1239.55,1237.5,1238.0,7452
1664426100,1238.0,1239.25,1237.4,1238.4,60859
1664426400,1238.35,1241.5,1238.3,1241.25,9034
1664426700,1241.25,1242.0,1239.4,1240.2,9033
1664427000,1240.2,1241.15,1239.55,1240.45,7547
1664427300,1240.3,1241.75,1239.45,1240.35,5942
1664427600,1240.35,1240.75,1239.9,1240.45,96863
1664427900,1240.45,1242.1,1239.25,1242.1,4294
1664428200,1242.05,1243.3,1241.4,1243.0,8904
1664428500,1242.9,1246.35,1242.1,1244.75,6445
1664428800,1244.75,1247.0,1244.5,1246.8,7348
1664429100,1246.8,1249.45,1245.7,1248.3,10041
1664429400,1248.3,1250.65,1246.5,1246.85,13604
1664429700,1246.85,1247.4,1243.6,1245.4,13465
1664430000,1245.4,1245.8,1242.0,1244.3,5044
1664430300,1244.3,1245.0,1242.85,1243.65,5265
1664430600,1243.6,1243.6,1241.55,1243.15,3920
1664430900,1243.15,1243.8,1241.3,1243.15,3011
1664431200,1243.15,1245.15,1243.1,1244.85,8749
1664431500,1244.85,1245.9,1243.5,1244.6,10615
1664431800,1244.8,1245.65,1242.6,1243.25,9701
1664432100,1243.25,1243.7,1241.2,1242.4,9096
1664432400,1242.8,1243.85,1241.45,1243.15,3403
1664432700,1243.1,1243.95,1241.75,1242.65,12588
1664433000,1242.65,1245.5,1241.75,1245.25,4373
1664433300,1244.6,1245.05,1242.9,1243.1,53773
1664433600,1243.2,1243.75,1242.85,1243.35,5669
1664433900,1243.65,1244.2,1242.0,1243.0,174632
1664434200,1243.7,1243.7,1240.6,1241.85,7149
1664434500,1241.85,1242.55,1240.45,1241.15,154392
1664434800,1241.5,1242.35,1236.65,1237.2,17116
1664435100,1237.2,1239.9,1237.0,1239.35,5650
1664435400,1239.75,1241.45,1238.9,1240.45,6561
1664435700,1240.45,1241.25,1238.7,1240.2,7332
1664436000,1240.2,1241.2,1238.05,1240.45,20434
1664436300,1240.45,1241.95,1238.85,1240.05,4200
1664436600,1240.0,1240.9,1237.55,1239.0,25542
1664436900,1239.35,1240.35,1237.05,1239.35,15807
1664437200,1239.35,1241.25,1238.75,1239.5,11290
1664437500,1239.55,1240.7,1238.45,1239.5,11782
1664437800,1239.7,1240.35,1238.0,1240.15,16017
1664438100,1240.15,1240.85,1239.75,1240.1,4073
1664438400,1240.1,1241.55,1238.95,1240.85,10778
1664438700,1240.4,1241.15,1240.0,1240.85,1766
1664439000,1240.85,1240.9,1239.35,1240.1,1950
1664439300,1240.1,1240.75,1238.95,1240.75,3231
1664439600,1240.65,1241.4,1239.7,1240.35,3150
1664439900,1240.35,1241.2,1239.05,1239.6,4901
1664440200,1239.3,1241.0,1238.7,1240.95,5640
1664440500,1240.95,1241.1,1239.55,1240.0,3151
1664440800,1240.0,1240.8,1239.6,1240.6,2383
1664441100,1240.6,1240.6,1238.8,1240.1,3874
1664441400,1240.1,1240.55,1238.8,1239.45,5068
1664441700,1239.45,1240.5,1238.45,1239.85,7765
1664442000,1239.85,1241.0,1239.15,1240.45,6144
1664442300,1240.45,1242.6,1237.4,1241.75,10771
1664442600,1242.1,1242.1,1239.6,1239.6,5968
1664442900,1240.05,1240.35,1238.4,1238.65,5348
1664443200,1238.95,1241.0,1238.75,1240.65,5146
1664443500,1240.65,1240.95,1239.3,1239.4,6130
1664443800,1239.4,1240.4,1238.45,1239.55,49131
1664444100,1239.55,1241.0,1238.75,1239.5,52421
1664444400,1239.45,1240.5,1239.2,1239.7,54586
1664444700,1240.05,1240.95,1239.65,1240.0,49254
1664445000,1240.0,1240.05,1239.6,1240.0,53628
1664445300,1240.05,1243.0,1239.5,1240.0,25737
1664509500,1243.0,1243.95,1235.75,1240.4,19885
1664509800,1240.8,1241.75,1237.55,1238.65,18531
1664510100,1238.65,1240.25,1234.55,1238.15,228711
1664510400,1238.15,1241.3,1236.8,1237.75,5838
1664510700,1239.0,1241.1,1237.85,1238.85,10088
1664511000,1240.5,1242.9,1239.05,1239.6,7849
1664511300,1239.65,1241.0,1239.15,1239.7,4533
1664511600,1238.95,1239.15,1236.2,1237.3,7054
1664511900,1237.3,1240.95,1237.2,1239.5,3888
1664512200,1240.1,1248.3,1239.0,1247.35,11815
1664512500,1247.75,1247.75,1239.15,1242.95,6560
1664512800,1243.85,1246.7,1241.05,1246.5,5165
1664513100,1246.5,1251.8,1246.0,1251.05,6612
1664513400,1251.75,1255.0,1251.75,1253.4,6117
1664513700,1253.4,1253.4,1250.6,1251.1,6530
1664514000,1251.1,1253.45,1251.0,1252.85,2771
1664514300,1252.85,1254.2,1251.0,1253.7,3148
1664514600,1254.95,1258.0,1253.2,1253.2,10637
1664514900,1252.75,1253.85,1252.5,1253.4,1953
1664515200,1253.4,1253.55,1250.0,1250.0,3986
1664515500,1250.6,1251.0,1248.4,1249.75,120556
1664515800,1249.85,1250.05,1245.9,1245.9,5403
1664516100,1246.1,1249.65,1246.1,1249.0,2471
1664516400,1248.4,1253.1,1248.4,1251.2,2092
1664516700,1251.2,1254.45,1251.2,1254.0,1886
1664517000,1254.45,1254.45,1251.55,1252.6,2409
1664517300,1252.6,1252.85,1250.25,1250.25,2214
1664517600,1250.25,1256.75,1250.25,1255.85,3469
1664517900,1255.45,1256.45,1254.4,1255.85,3233
1664518200,1255.85,1257.75,1255.05,1255.85,3264
1664518500,1255.85,1257.2,1254.0,1254.7,113641
1664518800,1255.0,1255.0,1251.2,1252.5,9151
1664519100,1252.5,1253.7,1251.65,1253.0,1626
1664519400,1253.0,1256.0,1253.0,1254.75,54088
1664519700,1254.75,1254.75,1251.45,1251.9,4389
1664520000,1251.9,1252.0,1249.2,1249.3,3200
1664520300,1249.35,1251.0,1248.05,1250.1,1474
1664520600,1250.1,1252.0,1249.55,1252.0,2352
1664520900,1252.0,1252.9,1250.7,1251.75,1320
1664521200,1251.75,1253.9,1251.05,1251.8,2240
1664521500,1251.8,1253.05,1251.8,1252.25,3509
1664521800,1252.15,1253.0,1251.3,1253.0,2352
1664522100,1253.0,1254.0,1251.3,1251.45,6838
1664522400,1251.35,1253.0,1251.3,1252.7,5264
1664522700,1252.7,1254.95,1252.1,1254.75,2625
1664523000,1255.0,1255.0,1254.45,1254.95,2233
1664523300,1255.0,1255.0,1253.35,1255.0,1811
1664523600,1255.0,1255.0,1252.7,1253.9,2900
1664523900,1253.9,1255.0,1253.8,1254.45,1544
1664524200,1254.7,1255.0,1254.05,1255.0,1525
1664524500,1254.95,1255.0,1254.5,1254.9,1442
1664524800,1255.0,1255.0,1254.1,1254.1,2530
1664525100,1254.5,1255.0,1254.0,1254.0,3318
1664525400,1254.0,1255.0,1253.45,1254.6,3390
1664525700,1254.6,1256.0,1254.55,1255.5,16920
1664526000,1255.15,1256.0,1253.2,1253.3,238345
1664526300,1253.2,1253.55,1251.65,1252.65,4101
1664526600,1252.65,1255.0,1252.65,1254.95,5475
1664526900,1255.0,1255.0,1252.65,1254.8,4869
1664527200,1255.0,1255.0,1253.45,1254.8,5088
1664527500,1255.0,1256.0,1254.8,1255.25,16448
1664527800,1255.95,1256.0,1254.25,1254.65,13394
1664528100,1254.7,1255.3,1253.3,1254.3,6286
1664528400,1254.25,1255.0,1251.4,1252.05,5755
1664528700,1252.05,1252.55,1249.25,1249.8,6108
1664529000,1249.8,1251.35,1249.2,1249.85,2248
1664529300,1249.9,1252.15,1249.9,1251.05,2661
1664529600,1251.05,1252.0,1249.1,1251.75,5393
1664529900,1251.75,1252.0,1249.55,1251.75,3119
1664530200,1252.35,1252.35,1249.65,1251.15,48674
1664530500,1251.15,1251.15,1249.15,1249.45,38859
1664530800,1249.5,1249.5,1248.0,1248.15,48940
1664531100,1248.2,1251.75,1248.2,1251.75,44726
1664531400,1251.75,1251.95,1251.75,1251.9,39139
1664531700,1251.95,1251.95,1249.0,1250.0,33579
1664768700,1255.6,1256.65,1227.85,1251.4,54206
1664769000,1251.4,1251.75,1243.8,1246.35,11282
1664769300,1246.7,1247.2,1241.85,1244.0,12439
1664769600,1244.0,1245.7,1240.55,1240.95,6338
1664769900,1240.95,1241.35,1237.0,1237.0,8154
1664770200,1237.0,1238.55,1236.0,1236.1,3422
1664770500,1236.1,1239.25,1233.55,1234.1,8928
1664770800,1234.65,1237.0,1233.1,1234.75,5266
1664771100,1234.55,1235.1,1232.4,1234.7,4019
1664771400,1234.7,1235.05,1230.9,1231.5,5304
1664771700,1231.5,1233.9,1230.3,1233.55,5546
1664772000,1233.55,1236.8,1231.55,1235.05,6467
1664772300,1235.1,1235.85,1234.0,1235.8,4203
1664772600,1235.8,1238.65,1234.55,1237.8,6170
1664772900,1237.8,1237.8,1235.45,1236.3,1962
1664773200,1235.0,1237.0,1235.0,1236.65,5585
1664773500,1236.65,1236.65,1235.05,1236.4,1834
1664773800,1236.4,1238.45,1235.1,1237.55,3959
1664774100,1237.55,1240.6,1237.55,1239.85,5880
1664774400,1239.85,1239.85,1238.75,1239.55,4734
1664774700,1239.55,1240.4,1238.0,1240.4,4247
1664775000,1240.45,1240.7,1236.75,1238.25,7575
1664775300,1238.75,1240.4,1237.95,1238.3,4244
1664775600,1238.3,1240.7,1236.05,1240.5,7459
1664775900,1240.5,1245.0,1240.5,1245.0,18160
1664776200,1245.4,1247.75,1244.6,1246.95,12256
1664776500,1246.95,1247.7,1244.75,1245.55,3649
1664776800,1245.55,1247.65,1245.55,1246.0,4068
1664777100,1246.0,1246.0,1244.15,1244.5,2103
1664777400,1244.5,1246.5,1244.35,1245.75,5210
1664777700,1245.75,1246.4,1243.15,1243.8,3453
1664778000,1243.8,1243.8,1240.0,1241.8,4065
1664778300,1241.8,1242.85,1240.8,1242.05,4633
1664778600,1242.05,1242.05,1239.0,1239.6,4328
1664778900,1239.6,1240.4,1238.25,1239.05,3306
1664779200,1239.05,1241.1,1237.15,1240.2,5208
1664779500,1240.55,1243.65,1239.75,1242.6,9478
1664779800,1243.45,1244.45,1240.4,1243.0,12007
1664780100,1243.15,1243.9,1241.25,1243.9,9210
1664780400,1243.9,1244.55,1241.4,1244.4,7765
1664780700,1244.4,1249.35,1243.2,1248.85,25663
1664781000,1248.65,1248.65,1243.95,1246.0,7070
1664781300,1246.0,1250.0,1245.3,1248.95,12141
1664781600,1248.95,1251.7,1248.55,1250.65,7505
1664781900,1250.65,1251.4,1250.0,1250.95,5143
1664782200,1250.95,1252.05,1250.0,1250.45,6762
1664782500,1250.45,1253.95,1249.65,1253.0,11400
1664782800,1253.0,1253.5,1252.55,1252.95,4221
1664783100,1252.95,1255.55,1252.6,1254.65,16382
1664783400,1254.65,1254.75,1250.15,1253.4,18062
1664783700,1253.4,1255.5,1250.15,1250.65,83573
1664784000,1251.25,1251.25,1248.45,1250.05,12185
1664784300,1250.05,1250.7,1248.4,1248.4,5770
1664784600,1249.15,1250.1,1247.2,1247.8,6143
1664784900,1247.8,1248.85,1245.95,1246.2,8112
1664785200,1246.15,1248.45,1246.1,1247.05,7176
1664785500,1247.05,1247.75,1245.35,1246.25,5661
1664785800,1246.25,1251.55,1244.0,1251.35,19522
1664786100,1251.35,1251.55,1247.6,1248.4,9284
1664786400,1248.4,1248.8,1247.0,1247.6,8580
1664786700,1247.6,1248.5,1246.75,1248.25,8683
1664787000,1248.25,1249.0,1243.6,1245.45,109736
1664787300,1245.15,1247.0,1244.9,1246.65,6925
1664787600,1246.65,1247.0,1246.05,1246.9,6825
1664787900,1246.75,1246.75,1242.45,1243.45,90327
1664788200,1243.45,1244.15,1240.15,1241.4,9317
1664788500,1241.4,1241.95,1238.3,1239.8,7984
1664788800,1239.75,1240.6,1236.6,1237.75,9883
1664789100,1238.3,1242.0,1237.6,1241.5,8752
1664789400,1241.7,1241.7,1232.55,1233.55,24226
1664789700,1233.55,1238.7,1231.65,1238.5,13965
1664790000,1238.8,1239.2,1234.25,1237.6,22939
1664790300,1237.9,1241.45,1237.6,1239.95,19459
1664790600,1239.95,1240.65,1235.95,1237.05,36098
1664790900,1237.0,1241.95,1233.75,1234.45,27424
1664855100,1252.25,1265.0,1250.05,1258.3,19921
1664855400,1258.85,1259.5,1254.8,1255.9,5631
1664855700,1255.9,1257.05,1253.0,1255.5,4041
1664856000,1255.4,1255.65,1253.35,1254.45,4472
1664856300,1254.35,1256.5,1253.75,1254.7,3700
1664856600,1254.65,1258.75,1253.85,1258.75,2679
1664856900,1258.75,1261.05,1258.55,1259.55,9903
1664857200,1259.55,1260.0,1258.05,1259.5,4230
1664857500,1259.5,1260.0,1259.15,1260.0,13089
1664857800,1260.0,1260.6,1257.85,1258.0,7090
1664858100,1258.0,1259.1,1256.6,1259.0,3391
1664858400,1259.0,1259.0,1257.4,1258.3,4294
1664858700,1258.3,1258.55,1254.6,1257.95,5898
1664859000,1258.05,1259.0,1257.4,1259.0,2411
1664859300,1258.75,1259.0,1257.8,1258.0,4257
1664859600,1258.0,1258.85,1256.85,1257.5,2805
1664859900,1257.5,1258.7,1256.4,1258.7,3378
1664860200,1258.7,1259.0,1257.15,1258.65,3291
1664860500,1258.65,1259.0,1257.85,1258.0,7448
1664860800,1258.0,1260.75,1257.85,1260.5,8993
1664861100,1260.65,1261.5,1258.15,1258.5,9760
1664861400,1258.5,1260.45,1258.1,1259.85,5882
1664861700,1259.85,1260.95,1259.2,1259.9,14395
1664862000,1259.9,1261.7,1259.05,1259.45,14728
1664862300,1259.4,1259.5,1257.25,1257.35,3178
1664862600,1257.35,1257.75,1256.45,1256.7,2446
1664862900,1256.7,1260.0,1256.5,1260.0,3100
1664863200,1260.3,1260.3,1257.9,1259.1,4136
1664863500,1259.1,1259.95,1258.2,1259.2,2207
1664863800,1259.2,1260.0,1258.9,1259.6,3071
1664864100,1259.6,1260.0,1258.4,1259.1,3931
1664864400,1259.1,1260.4,1258.85,1259.7,5018
1664864700,1259.85,1260.6,1257.1,1257.1,3356
1664865000,1257.1,1259.25,1256.85,1257.85,3538
1664865300,1257.85,1259.85,1257.7,1259.75,2355
1664865600,1259.75,1259.75,1257.0,1257.0,5400
1664865900,1257.7,1257.7,1253.4,1254.0,11998
1664866200,1254.0,1254.9,1251.6,1251.9,8209
1664866500,1251.9,1254.35,1250.55,1254.35,13156
1664866800,1254.25,1256.55,1253.8,1256.35,4347
1664867100,1256.35,1257.35,1255.1,1257.2,2040
1664867400,1257.2,1260.45,1257.2,1260.45,4890
1664867700,1260.5,1260.6,1258.5,1259.3,3213
1664868000,1259.8,1259.8,1258.05,1258.05,4029
1664868300,1258.05,1258.6,1256.5,1257.0,2915
1664868600,1257.0,1257.85,1254.85,1255.5,4820
1664868900,1255.5,1256.9,1255.05,1256.05,2929
1664869200,1256.55,1257.0,1253.8,1254.55,4940
1664869500,1254.55,1255.2,1253.1,1255.05,4147
1664869800,1255.05,1255.2,1254.25,1254.9,2441
1664870100,1254.9,1257.0,1254.85,1256.9,2794
1664870400,1256.9,1257.0,1255.45,1257.0,3193
1664870700,1257.0,1257.75,1255.7,1256.9,3114
1664871000,1256.9,1258.35,1255.4,1255.85,3253
1664871300,1255.85,1257.35,1254.8,1257.0,2921
1664871600,1257.0,1257.6,1255.5,1255.65,4622
1664871900,1255.55,1256.0,1254.3,1255.45,2850
1664872200,1255.45,1257.35,1255.1,1257.0,4033
1664872500,1257.0,1258.55,1256.95,1257.95,3068
1664872800,1258.45,1258.6,1256.65,1257.5,3394
1664873100,1257.75,1257.8,1256.55,1256.95,2654
1664873400,1256.95,1257.75,1256.25,1256.55,3304
1664873700,1256.55,1257.5,1256.1,1256.75,3005
1664874000,1256.75,1259.9,1256.75,1259.85,5827
1664874300,1259.85,1259.9,1257.6,1257.95,4441
1664874600,1257.95,1258.65,1256.75,1257.25,5056
1664874900,1257.25,1258.1,1256.45,1257.85,5099
1664875200,1258.05,1258.5,1257.2,1258.35,5184
1664875500,1258.35,1261.4,1257.75,1260.5,11901
1664875800,1260.45,1261.4,1260.0,1261.4,9664
1664876100,1261.4,1262.3,1258.9,1259.65,11642
1664876400,1259.65,1260.0,1259.15,1259.7,7449
1664876700,1259.7,1262.3,1259.7,1260.6,10687
1664877000,1260.6,1262.9,1259.6,1261.1,12163
1664877300,1261.1,1262.6,1258.45,1259.9,7308
1665027900,1267.0,1279.95,1262.1,1263.85,42371
1665028200,1263.9,1265.95,1259.9,1265.35,14637
1665028500,1265.35,1267.9,1263.0,1267.65,12574
1665028800,1267.65,1269.0,1263.95,1266.15,11756
1665029100,1266.15,1267.65,1264.25,1267.15,7297
1665029400,1267.15,1267.15,1264.9,1265.3,3724
1665029700,1265.3,1267.3,1264.3,1267.3,6506
1665030000,1267.3,1271.9,1267.3,1269.2,12436
1665030300,1269.2,1270.8,1268.6,1270.25,9120
1665030600,1270.25,1271.95,1269.15,1271.85,6884
1665030900,1271.9,1273.65,1270.6,1272.6,6771
1665031200,1272.6,1273.15,1272.05,1272.35,2270
1665031500,1272.35,1273.2,1272.0,1272.1,5372
1665031800,1272.1,1272.7,1271.7,1272.15,1715
1665032100,1272.15,1272.5,1270.7,1270.7,10977
1665032400,1270.75,1271.55,1268.1,1268.1,4488
1665032700,1268.1,1268.1,1267.05,1267.65,5863
1665033000,1267.65,1268.3,1266.1,1266.15,5598
1665033300,1265.85,1265.95,1263.5,1263.6,5086
1665033600,1263.5,1264.7,1262.6,1264.15,5169
1665033900,1264.15,1265.35,1263.35,1263.8,4274
1665034200,1264.0,1266.25,1264.0,1266.0,2325
1665034500,1266.0,1268.0,1265.75,1267.85,3427
1665034800,1267.85,1267.85,1266.5,1266.6,3290
1665035100,1266.6,1266.75,1263.0,1265.0,14460
1665035400,1265.0,1265.0,1259.45,1259.65,20035
1665035700,1259.7,1259.7,1256.5,1259.4,18857
1665036000,1259.4,1260.55,1258.6,1259.7,2961
1665036300,1259.7,1263.05,1259.0,1262.4,2679
1665036600,1262.05,1262.6,1261.05,1261.3,3020
1665036900,1262.1,1263.5,1261.85,1263.35,2517
1665037200,1263.35,1266.6,1262.8,1265.0,2641
1665037500,1265.0,1266.85,1264.75,1265.8,2701
1665037800,1265.8,1266.55,1265.0,1266.1,2476
1665038100,1266.1,1267.0,1266.0,1266.05,2843
1665038400,1266.05,1269.55,1266.0,1269.25,6247
1665038700,1269.25,1271.55,1269.05,1269.65,8850
1665039000,1269.65,1269.65,1269.0,1269.25,4059
1665039300,1269.25,1270.7,1265.35,1265.35,14466
1665039600,1266.1,1266.8,1264.2,1264.75,7029
1665039900,1264.75,1265.05,1263.1,1264.15,3392
1665040200,1264.15,1265.5,1264.0,1265.15,1495
1665040500,1265.05,1267.55,1265.05,1267.45,1236
1665040800,1267.45,1267.9,1265.65,1265.85,2555
1665041100,1265.85,1266.75,1265.2,1265.9,2616
1665041400,1265.25,1265.55,1260.6,1262.2,9354
1665041700,1262.15,1262.15,1259.4,1260.2,5416
1665042000,1260.2,1263.55,1260.2,1262.75,12903
1665042300,1262.05,1262.05,1258.3,1258.8,13931
1665042600,1259.75,1259.75,1256.05,1257.0,14351
1665042900,1258.0,1258.5,1254.05,1255.55,19234
1665043200,1255.55,1256.75,1255.1,1256.15,19753
1665043500,1256.55,1257.4,1255.8,1256.55,12154
1665043800,1256.55,1256.55,1253.85,1254.0,19146
1665044100,1254.0,1254.55,1253.15,1253.35,10161
1665044400,1253.95,1254.55,1251.1,1252.3,36621
1665044700,1252.3,1252.7,1248.9,1249.2,20702
1665045000,1249.65,1250.5,1248.65,1249.25,13945
1665045300,1249.25,1249.25,1246.4,1247.6,11802
1665045600,1247.25,1248.55,1245.5,1246.7,15688
1665045900,1246.7,1248.1,1246.25,1248.0,12805
1665046200,1248.0,1248.25,1244.3,1245.25,18204
1665046500,1245.25,1246.95,1244.6,1245.3,20883
1665046800,1245.3,1247.05,1243.5,1245.8,27429
1665047100,1246.25,1248.95,1245.4,1247.2,22184
1665047400,1247.2,1247.5,1245.15,1247.3,13508
1665047700,1247.3,1248.6,1246.1,1246.65,20749
1665048000,1245.95,1247.05,1244.35,1245.05,13632
1665048300,1245.3,1247.35,1244.5,1246.7,12499
1665048600,1246.7,1248.35,1244.05,1245.7,28192
1665048900,1245.7,1245.95,1242.6,1245.1,28966
1665049200,1245.2,1248.0,1245.05,1246.0,27028
1665049500,1246.05,1247.9,1244.3,1245.25,30877
1665049800,1245.35,1245.35,1243.1,1243.3,35201
1665050100,1243.3,1249.6,1242.45,1244.05,30689
1665114300,1239.1,1254.15,1238.35,1249.5,25364
1665114600,1250.35,1254.0,1249.4,1254.0,12728
1665114900,1254.0,1256.9,1251.2,1251.65,13835
1665115200,1251.65,1251.8,1246.45,1247.1,9712
1665115500,1247.1,1248.3,1245.1,1245.4,4324
1665115800,1245.4,1246.25,1243.2,1243.65,6663
1665116100,1243.6,1250.0,1243.2,1249.45,15207
1665116400,1249.45,1249.9,1247.45,1249.5,1608
1665116700,1249.5,1253.0,1249.5,1252.95,5723
1665117000,1252.95,1254.95,1252.2,1254.4,10083
1665117300,1254.4,1254.4,1251.35,1253.6,4784
1665117600,1253.6,1253.6,1248.8,1249.25,4977
1665117900,1249.25,1249.65,1245.45,1246.15,7768
1665118200,1246.15,1247.45,1243.5,1244.9,10471
1665118500,1244.9,1247.95,1244.9,1247.0,11250
1665118800,1247.0,1252.3,1246.65,1252.05,3349
1665119100,1252.2,1253.2,1250.7,1251.25,4736
1665119400,1251.25,1254.0,1251.25,1253.7,3295
1665119700,1253.7,1253.7,1250.5,1250.7,1403
1665120000,1250.7,1251.05,1248.8,1250.05,8486
1665120300,1250.05,1250.05,1248.2,1249.1,1502
1665120600,1249.1,1249.35,1247.8,1249.35,2387
1665120900,1249.35,1250.35,1248.65,1248.75,127764
1665121200,1248.75,1251.95,1248.75,1251.25,4494
1665121500,1251.25,1251.5,1249.75,1251.05,1696
1665121800,1251.05,1253.2,1246.4,1247.7,23304
1665122100,1248.15,1251.0,1247.65,1248.9,2835
1665122400,1248.9,1251.5,1247.8,1249.45,2943
1665122700,1249.45,1250.9,1249.0,1249.85,1816
1665123000,1249.85,1250.8,1248.95,1249.9,1324
1665123300,1249.9,1251.25,1249.0,1251.15,1161
1665123600,1250.75,1252.8,1246.05,1246.1,11637
1665123900,1246.55,1246.55,1242.6,1244.65,6475
1665124200,1244.1,1244.65,1240.7,1240.7,5175
1665124500,1241.25,1242.25,1240.2,1240.55,4219
1665124800,1240.6,1242.6,1240.0,1242.0,7082
1665125100,1242.2,1245.85,1241.4,1245.6,5388
1665125400,1245.6,1246.0,1243.7,1244.85,3845
1665125700,1244.8,1245.7,1244.15,1244.65,3436
1665126000,1245.15,1245.85,1244.05,1245.0,4522
1665126300,1244.9,1246.0,1244.2,1245.3,3609
1665126600,1245.4,1248.9,1245.3,1248.8,4856
1665126900,1248.75,1250.45,1248.35,1249.85,5446
1665127200,1250.0,1250.2,1249.2,1249.75,3259
1665127500,1249.8,1250.0,1247.5,1248.05,4806
1665127800,1248.3,1250.0,1247.7,1249.35,3889
1665128100,1249.35,1250.0,1248.0,1248.15,3824
1665128400,1248.1,1249.0,1247.4,1248.25,3538
1665128700,1248.0,1248.4,1242.1,1242.75,13482
1665129000,1242.75,1244.55,1241.9,1244.3,6557
1665129300,1244.3,1244.45,1242.75,1243.25,5388
1665129600,1242.75,1243.9,1242.05,1242.65,2290
1665129900,1242.1,1243.9,1242.0,1243.1,2994
1665130200,1242.6,1244.6,1242.1,1243.8,4061
1665130500,1244.1,1244.65,1242.95,1244.6,1579
1665130800,1244.6,1247.2,1244.6,1246.4,4382
1665131100,1245.9,1246.45,1244.5,1245.25,1707
1665131400,1245.25,1245.85,1243.5,1245.65,1998
1665131700,1245.35,1246.95,1244.8,1246.2,1610
1665132000,1246.15,1246.55,1245.0,1245.45,2094
1665132300,1245.45,1247.75,1244.9,1247.65,2264
1665132600,1247.6,1247.85,1247.0,1247.25,1657
1665132900,1247.2,1247.2,1245.3,1245.85,2649
1665133200,1245.9,1247.2,1245.05,1246.6,3748
1665133500,1246.45,1249.1,1245.8,1247.9,3805
1665133800,1247.9,1248.7,1246.35,1247.0,3325
1665134100,1247.0,1247.0,1245.6,1246.05,3332
1665134400,1246.5,1247.3,1246.0,1246.65,3709
1665134700,1246.65,1246.65,1242.8,1244.35,6097
1665135000,1243.65,1244.0,1241.4,1243.25,19185
1665135300,1243.25,1245.15,1243.0,1244.8,8036
1665135600,1244.85,1244.85,1242.25,1243.15,8268
1665135900,1243.15,1243.6,1242.5,1243.55,10599
1665136200,1243.2,1244.6,1242.75,1243.45,12149
1665136500,1243.35,1245.9,1242.1,1243.3,10999
1665373500,1230.0,1235.75,1225.6,1228.6,22801
1665373800,1228.75,1230.65,1226.55,1227.1,12984
1665374100,1227.1,1228.9,1224.05,1227.3,16129
1665374400,1227.3,1230.5,1226.95,1226.95,7794
1665374700,1226.95,1228.55,1224.6,1227.05,6124
1665375000,1227.05,1228.5,1225.4,1225.5,1736
1665375300,1225.5,1225.5,1220.05,1220.55,10231
1665375600,1220.55,1222.6,1218.05,1220.6,9527
1665375900,1220.6,1224.55,1220.05,1222.0,5731
1665376200,1222.0,1224.65,1221.7,1223.8,4123
1665376500,1223.8,1226.3,1223.5,1225.5,4354
1665376800,1225.5,1227.2,1224.85,1226.95,5001
1665377100,1226.95,1227.5,1225.55,1227.25,4802
1665377400,1227.25,1229.7,1227.1,1229.7,4212
1665377700,1229.7,1230.75,1229.05,1230.0,3287
1665378000,1230.0,1230.35,1228.8,1229.4,8648
1665378300,1229.45,1229.55,1228.2,1229.4,20719
1665378600,1229.5,1229.5,1229.1,1229.4,4422
1665378900,1229.45,1230.75,1229.0,1229.9,6732
1665379200,1229.9,1230.45,1229.4,1229.4,3662
1665379500,1229.85,1230.1,1228.75,1229.05,7069
1665379800,1229.1,1229.75,1228.45,1229.45,19551
1665380100,1229.45,1230.4,1229.0,1229.0,7888
1665380400,1229.4,1230.0,1229.4,1229.85,1929
1665380700,1229.85,1231.75,1229.0,1229.4,11434
1665381000,1229.4,1229.7,1229.05,1229.35,8460
1665381300,1229.4,1229.45,1229.2,1229.4,4525
1665381600,1229.4,1230.6,1229.25,1229.35,5028
1665381900,1229.35,1229.35,1226.45,1226.65,3387
1665382200,1226.65,1228.8,1225.05,1228.8,4975
1665382500,1228.3,1230.55,1228.3,1229.0,2262
1665382800,1229.45,1230.95,1229.0,1230.4,2043
1665383100,1230.4,1231.2,1230.25,1230.5,1732
1665383400,1230.5,1230.55,1230.1,1230.1,3440
1665383700,1230.1,1230.5,1230.1,1230.3,4572
1665384000,1230.45,1230.5,1228.5,1228.85,3918
1665384300,1229.4,1229.95,1228.05,1228.05,1900
1665384600,1228.5,1228.5,1226.4,1227.0,1950
1665384900,1227.0,1227.5,1226.1,1227.0,2465
1665385200,1227.45,1230.6,1226.9,1230.5,4181
1665385500,1230.5,1231.25,1229.1,1231.1,4850
1665385800,1231.1,1231.25,1230.4,1230.8,1295
1665386100,1231.1,1231.85,1230.2,1231.3,2141
1665386400,1231.75,1233.45,1231.4,1233.35,5225
1665386700,1233.35,1233.35,1232.1,1232.15,2900
1665387000,1232.5,1232.5,1230.5,1230.85,1719
1665387300,1230.85,1232.65,1230.5,1232.65,1571
1665387600,1232.65,1233.7,1232.05,1233.0,2268
1665387900,1233.0,1234.5,1232.55,1233.3,6032
1665388200,1233.65,1233.65,1231.05,1231.7,2363
1665388500,1231.7,1232.0,1229.5,1231.65,3649
1665388800,1231.6,1231.8,1230.0,1230.7,4208
1665389100,1231.05,1233.35,1230.0,1232.95,9535
1665389400,1233.0,1234.95,1232.95,1233.45,8058
1665389700,1233.45,1233.95,1230.4,1230.7,14801
1665390000,1230.7,1232.45,1230.35,1231.5,6498
1665390300,1231.5,1233.75,1230.1,1230.35,9936
1665390600,1230.65,1230.65,1229.1,1229.95,15786
1665390900,1230.0,1230.1,1229.0,1229.75,11665
1665391200,1229.8,1232.35,1228.8,1230.6,9261
1665391500,1230.4,1232.7,1230.4,1231.45,5230
1665391800,1231.5,1231.7,1230.0,1230.85,5748
1665392100,1231.0,1231.0,1229.0,1230.55,7858
1665392400,1230.5,1232.65,1230.5,1231.65,5650
1665392700,1231.65,1233.65,1231.5,1233.05,8275
1665393000,1233.55,1233.65,1231.5,1232.15,5753
1665393300,1232.15,1234.7,1231.5,1234.65,5538
1665393600,1234.85,1237.6,1234.25,1237.0,11590
1665393900,1237.05,1239.0,1236.7,1237.95,16640
1665394200,1237.55,1238.55,1237.35,1237.5,9725
1665394500,1237.55,1241.45,1237.5,1241.0,18492
1665394800,1241.0,1243.95,1240.1,1240.1,16374
1665395100,1240.1,1240.25,1236.25,1236.25,10864
1665395400,1236.25,1238.05,1236.15,1237.65,12419
1665395700,1237.6,1240.75,1237.35,1239.95,9128
1665459900,1240.05,1243.0,1222.45,1228.8,23854
1665460200,1228.8,1231.5,1228.25,1229.9,6242
1665460500,1229.6,1230.05,1227.05,1228.15,4453
1665460800,1228.05,1233.45,1225.6,1230.4,10051
1665461100,1230.4,1231.55,1229.6,1231.25,5602
1665461400,1231.25,1232.35,1230.1,1231.75,7306
1665461700,1231.75,1232.85,1228.05,1228.3,25503
1665462000,1228.05,1228.2,1224.5,1224.7,11378
1665462300,1224.7,1225.3,1223.0,1223.15,13576
1665462600,1223.0,1225.25,1222.05,1223.05,9547
1665462900,1223.05,1226.35,1222.25,1225.1,8389
1665463200,1225.1,1225.7,1224.2,1225.2,24929
1665463500,1225.2,1228.0,1225.2,1227.4,14966
1665463800,1227.9,1228.95,1224.75,1224.75,13774
1665464100,1224.75,1226.4,1224.5,1224.85,5375
1665464400,1224.85,1226.5,1224.25,1224.25,4481
1665464700,1224.25,1228.3,1224.25,1227.0,5298
1665465000,1227.0,1228.3,1226.15,1226.5,4387
1665465300,1226.5,1228.1,1226.25,1228.1,2269
1665465600,1228.2,1228.85,1226.8,1227.1,10202
1665465900,1227.1,1228.55,1226.85,1228.55,3402
1665466200,1228.55,1229.1,1227.0,1227.65,3123
1665466500,1228.05,1228.75,1226.7,1228.05,5901
1665466800,1228.05,1228.6,1226.95,1227.35,2484
1665467100,1227.35,1227.45,1225.0,1225.95,3622
1665467400,1226.4,1226.4,1224.0,1225.1,10159
1665467700,1225.1,1225.6,1221.75,1222.0,13752
1665468000,1221.85,1222.5,1221.05,1221.3,9633
1665468300,1221.6,1221.8,1218.1,1218.75,10004
1665468600,1219.0,1221.05,1219.0,1221.05,4990
1665468900,1221.05,1221.3,1220.55,1221.2,3847
1665469200,1221.3,1222.2,1220.0,1221.4,8486
1665469500,1221.4,1221.4,1220.0,1220.5,3052
1665469800,1220.95,1222.0,1220.55,1221.2,3988
1665470100,1221.65,1222.0,1221.1,1221.5,3326
1665470400,1221.8,1221.9,1220.2,1220.2,7460
1665470700,1220.65,1220.95,1219.0,1219.5,9896
1665471000,1219.85,1219.85,1215.0,1215.35,11610
1665471300,1215.35,1216.05,1213.85,1214.65,7620
1665471600,1214.6,1216.3,1213.75,1216.3,6281
1665471900,1216.3,1216.3,1213.45,1213.9,4102
1665472200,1213.95,1215.5,1212.7,1213.55,5414
1665472500,1214.1,1216.5,1213.4,1216.0,6475
1665472800,1216.3,1216.3,1214.55,1214.55,4233
1665473100,1214.55,1218.1,1214.45,1217.4,6701
1665473400,1217.4,1218.2,1215.0,1215.15,3878
1665473700,1215.55,1216.65,1215.0,1215.05,4357
1665474000,1215.2,1215.25,1212.6,1214.65,6309
1665474300,1214.65,1215.35,1214.0,1214.3,3030
1665474600,1214.3,1215.9,1214.1,1215.9,1886
1665474900,1215.9,1215.95,1213.35,1213.9,4201
1665475200,1214.35,1214.6,1213.0,1214.6,3220
1665475500,1214.6,1214.6,1212.0,1213.5,3689
1665475800,1214.2,1214.75,1213.05,1214.0,5533
1665476100,1214.0,1214.55,1213.1,1214.0,4908
1665476400,1214.0,1214.5,1211.25,1211.25,5312
1665476700,1211.25,1211.8,1210.0,1210.3,5869
1665477000,1210.3,1210.9,1209.8,1210.65,4076
1665477300,1210.65,1210.9,1209.5,1210.7,3659
1665477600,1210.2,1212.6,1209.1,1212.6,3964
1665477900,1212.8,1214.4,1212.45,1213.9,5244
1665478200,1213.9,1214.4,1212.0,1212.5,6256
1665478500,1212.0,1212.5,1210.2,1210.8,4587
1665478800,1210.8,1211.7,1210.3,1211.05,3351
1665479100,1211.5,1212.0,1210.25,1210.25,6430
1665479400,1210.75,1210.75,1209.0,1210.0,7161
1665479700,1210.35,1210.8,1209.0,1209.0,8245
1665480000,1209.6,1209.6,1206.75,1206.95,14894
1665480300,1207.1,1208.15,1204.5,1204.5,47765
1665480600,1205.0,1208.75,1204.5,1206.0,44285
1665480900,1206.4,1209.2,1205.0,1207.65,26601
1665481200,1207.65,1208.15,1207.45,1208.05,26502
1665481500,1208.05,1208.05,1204.4,1205.15,30091
1665481800,1205.65,1207.3,1204.5,1204.55,31875
1665482100,1204.5,1204.55,1200.15,1203.65,12411
1665546300,1206.0,1211.45,1200.6,1210.5,13595
1665546600,1210.8,1212.6,1208.15,1211.9,17681
1665546900,1211.9,1214.4,1211.5,1213.5,6451
1665547200,1213.5,1218.25,1213.5,1217.35,9615
1665547500,1217.45,1220.0,1217.0,1219.3,11606
1665547800,1219.3,1220.45,1215.55,1216.75,7741
1665548100,1216.75,1219.85,1215.95,1216.7,5270
1665548400,1216.7,1218.85,1216.7,1217.1,5595
1665548700,1217.4,1217.4,1214.45,1215.5,4007
1665549000,1216.55,1216.55,1212.1,1212.85,3760
1665549300,1212.85,1213.5,1210.05,1211.0,2861
1665549600,1211.0,1211.5,1208.1,1208.1,8176
1665549900,1207.95,1208.15,1206.0,1206.4,10121
1665550200,1206.4,1206.45,1204.0,1204.6,6391
1665550500,1204.6,1208.0,1204.3,1206.2,12501
1665550800,1206.2,1208.55,1204.0,1204.0,4695
1665551100,1204.0,1205.5,1203.35,1204.75,5898
1665551400,1204.75,1208.0,1204.15,1206.4,3432
1665551700,1206.4,1206.65,1203.9,1203.9,4391
1665552000,1204.0,1206.5,1204.0,1204.9,7181
1665552300,1204.9,1205.6,1200.95,1201.95,7332
1665552600,1201.95,1202.55,1200.7,1201.45,5814
1665552900,1201.45,1202.5,1200.6,1201.5,5767
1665553200,1201.5,1203.95,1200.3,1203.65,5672
1665553500,1203.95,1205.8,1203.9,1204.7,4208
1665553800,1204.75,1205.5,1204.45,1205.1,2740
1665554100,1205.1,1206.0,1204.35,1204.6,3272
1665554400,1204.6,1207.0,1204.35,1205.25,3717
1665554700,1205.8,1208.4,1205.5,1207.75,6376
1665555000,1207.75,1208.35,1207.65,1208.0,4775
1665555300,1208.0,1208.05,1205.55,1205.55,5670
1665555600,1205.75,1205.75,1204.2,1205.0,4136
1665555900,1205.0,1206.25,1204.4,1206.0,5065
1665556200,1206.15,1210.75,1205.8,1209.25,36847
1665556500,1209.1,1209.9,1208.75,1209.75,23926
1665556800,1209.75,1211.2,1209.2,1210.05,7488
1665557100,1210.05,1211.2,1208.0,1210.45,20696
1665557400,1211.0,1211.2,1210.0,1210.2,4684
1665557700,1210.8,1211.2,1210.0,1210.3,4855
1665558000,1210.25,1211.05,1209.85,1210.45,7883
1665558300,1210.4,1211.55,1210.1,1210.4,6195
1665558600,1211.15,1211.25,1207.45,1208.35,14514
1665558900,1208.45,1208.45,1207.0,1207.65,5977
1665559200,1207.65,1209.95,1207.55,1209.05,9704
1665559500,1208.75,1209.5,1207.2,1208.0,5639
1665559800,1208.0,1209.4,1207.7,1208.65,4780
1665560100,1208.95,1209.4,1208.1,1208.75,4239
1665560400,1208.7,1209.95,1208.4,1208.6,5154
1665560700,1208.6,1210.8,1208.4,1209.3,5946
1665561000,1209.3,1210.35,1208.55,1210.2,4221
1665561300,1210.2,1210.3,1208.0,1208.3,5349
1665561600,1208.4,1209.65,1207.8,1209.1,4508
1665561900,1209.1,1209.35,1207.75,1208.45,4169
1665562200,1208.45,1209.2,1207.5,1208.0,4252
1665562500,1208.0,1209.0,1207.35,1208.7,4100
1665562800,1209.4,1209.7,1207.8,1209.0,4022
1665563100,1209.0,1209.85,1208.35,1208.5,3652
1665563400,1208.5,1210.0,1208.3,1209.45,3941
1665563700,1209.45,1210.9,1208.6,1210.15,12640
1665564000,1210.25,1211.85,1210.25,1211.0,8950
1665564300,1210.6,1212.5,1208.7,1212.05,33922
1665564600,1212.3,1213.8,1212.0,1213.3,4816
1665564900,1213.75,1214.85,1212.6,1212.75,4564
1665565200,1212.75,1214.85,1211.25,1214.05,24344
1665565500,1214.05,1214.4,1212.8,1213.3,5868
1665565800,1213.4,1214.25,1212.85,1213.45,6476
1665566100,1213.55,1213.6,1212.0,1212.3,7282
1665566400,1212.2,1214.0,1212.0,1212.5,6227
1665566700,1212.3,1212.8,1210.0,1211.05,20580
1665567000,1211.45,1213.35,1211.0,1213.0,15698
1665567300,1213.0,1215.45,1212.9,1214.95,22099
1665567600,1215.0,1215.35,1212.05,1213.25,16253
1665567900,1213.25,1213.4,1212.0,1212.0,24101
1665568200,1212.0,1212.8,1210.0,1211.15,70850
1665568500,1211.15,1215.0,1209.25,1210.0,13162
1665632700,1207.0,1216.55,1207.0,1213.0,17406
1665633000,1213.0,1213.4,1205.05,1206.9,15990
1665633300,1206.9,1207.0,1203.55,1205.2,80236
1665633600,1205.15,1205.8,1201.3,1201.7,115390
1665633900,1202.0,1203.8,1201.0,1203.75,4401
1665634200,1203.25,1203.65,1201.0,1201.1,3248
1665634500,1201.1,1201.4,1197.2,1197.5,14574
1665634800,1198.55,1198.55,1195.6,1195.85,8799
1665635100,1195.85,1197.25,1195.4,1195.4,4877
1665635400,1195.4,1195.7,1192.15,1192.15,10202
1665635700,1192.15,1194.05,1192.1,1192.5,6393
1665636000,1192.5,1195.3,1192.05,1194.5,5337
1665636300,1194.85,1194.85,1192.5,1193.25,2814
1665636600,1193.2,1196.7,1192.85,1194.55,5284
1665636900,1193.4,1195.0,1193.35,1194.65,2808
1665637200,1194.65,1195.45,1193.9,1195.45,3133
1665637500,1195.45,1196.75,1195.0,1196.35,4528
1665637800,1196.35,1196.5,1194.2,1195.55,3308
1665638100,1195.55,1196.7,1195.55,1196.0,1444
1665638400,1196.0,1196.1,1194.1,1195.35,2215
1665638700,1195.35,1195.6,1194.55,1194.55,4449
1665639000,1194.55,1194.55,1187.85,1190.0,18484
1665639300,1190.0,1191.5,1189.0,1189.8,7839
1665639600,1189.8,1191.0,1188.75,1189.7,3384
1665639900,1189.7,1191.0,1189.2,1191.0,3950
1665640200,1191.0,1191.45,1189.5,1189.95,2074
1665640500,1189.95,1189.95,1188.55,1189.5,3749
1665640800,1189.5,1189.5,1186.3,1188.45,6052
1665641100,1188.45,1190.0,1187.75,1190.0,2319
1665641400,1189.6,1190.0,1188.0,1188.7,1344
1665641700,1188.7,1188.9,1186.35,1188.2,9099
1665642000,1188.2,1188.45,1187.7,1188.45,1651
1665642300,1188.15,1188.85,1187.7,1188.55,2762
1665642600,1188.55,1189.25,1187.25,1189.1,3582
1665642900,1189.0,1190.2,1188.95,1190.15,7563
1665643200,1190.6,1191.15,1189.1,1189.95,2989
1665643500,1189.95,1192.9,1189.95,1191.0,7148
1665643800,1190.8,1191.0,1188.6,1190.15,5557
1665644100,1190.15,1190.85,1189.65,1189.9,4386
1665644400,1189.9,1190.05,1187.25,1189.0,6460
1665644700,1188.85,1190.75,1187.7,1189.55,3077
1665645000,1189.55,1190.3,1188.75,1189.85,2871
1665645300,1189.85,1190.3,1189.35,1190.1,3693
1665645600,1190.1,1191.2,1189.3,1190.8,5966
1665645900,1190.4,1191.95,1190.0,1191.1,2854
1665646200,1191.15,1191.45,1190.0,1190.95,5411
1665646500,1190.95,1191.35,1189.7,1190.35,3853
1665646800,1190.05,1191.75,1190.0,1191.15,2415
1665647100,1191.25,1191.7,1190.0,1190.5,2724
1665647400,1190.5,1190.5,1189.1,1190.3,13948
1665647700,1190.3,1191.15,1190.1,1190.3,2532
1665648000,1190.3,1191.3,1189.0,1189.05,4355
1665648300,1189.05,1190.55,1189.0,1189.35,6092
1665648600,1189.35,1190.8,1189.0,1190.6,2962
1665648900,1190.6,1191.55,1190.2,1190.8,4309
1665649200,1190.75,1190.75,1188.5,1190.1,8210
1665649500,1190.1,1190.1,1189.25,1189.9,2773
1665649800,1189.9,1190.1,1189.1,1190.05,3708
1665650100,1189.95,1191.0,1189.95,1191.0,2980
1665650400,1191.0,1191.9,1190.1,1190.75,2911
1665650700,1190.75,1191.15,1190.15,1190.35,1968
1665651000,1190.5,1191.3,1190.15,1191.15,4874
1665651300,1191.0,1192.4,1191.0,1192.15,6830
1665651600,1191.95,1192.5,1191.55,1191.75,2745
1665651900,1191.75,1191.85,1191.0,1191.5,2797
1665652200,1191.45,1194.25,1191.0,1194.2,3996
1665652500,1194.2,1195.0,1192.55,1193.6,5316
1665652800,1193.6,1194.2,1192.05,1192.5,4108
1665653100,1191.85,1192.6,1190.45,1191.0,4495
1665653400,1190.2,1191.1,1186.4,1188.05,28025
1665653700,1188.0,1190.5,1188.0,1188.65,21222
1665654000,1188.7,1188.75,1187.15,1188.55,23421
1665654300,1188.55,1189.8,1186.85,1187.7,27794
1665654600,1187.3,1187.7,1185.05,1187.25,28119
1665654900,1187.3,1193.55,1185.1,1187.0,18548
1665719100,1201.0,1217.05,1201.0,1215.65,27545
1665719400,1215.65,1216.7,1205.0,1205.85,18875
1665719700,1206.0,1209.75,1203.2,1209.15,11851
1665720000,1209.15,1211.95,1207.45,1208.3,8963
1665720300,1208.3,1211.2,1208.0,1208.9,4299
1665720600,1209.3,1209.35,1206.0,1207.55,2651
1665720900,1207.75,1209.5,1206.95,1209.5,4828
1665721200,1209.5,1209.85,1208.35,1209.65,1892
1665721500,1209.65,1211.9,1208.0,1211.05,4744
1665721800,1211.05,1211.75,1208.1,1208.95,2677
1665722100,1208.95,1209.35,1205.6,1206.95,3593
1665722400,1206.95,1207.85,1203.35,1205.95,4784
1665722700,1205.95,1205.95,1202.85,1202.85,1943
1665723000,1202.9,1203.0,1200.1,1200.45,4908
1665723300,1200.45,1201.7,1199.1,1200.9,6940
1665723600,1200.4,1202.7,1200.0,1200.45,4848
1665723900,1200.25,1200.65,1197.35,1198.65,10644
1665724200,1198.65,1200.0,1197.85,1198.6,23210
1665724500,1198.65,1200.75,1198.65,1200.35,8719
1665724800,1200.35,1200.65,1198.6,1199.05,4692
1665725100,1199.5,1199.55,1198.65,1199.25,3814
1665725400,1199.4,1199.9,1198.95,1199.0,14155
1665725700,1198.7,1199.4,1198.65,1199.4,3949
1665726000,1199.4,1199.45,1199.1,1199.35,5064
1665726300,1199.35,1199.4,1198.0,1198.7,3102
1665726600,1198.65,1199.0,1198.05,1198.95,2785
1665726900,1198.95,1199.1,1198.4,1199.0,3184
1665727200,1199.0,1199.0,1198.5,1198.55,2416
1665727500,1198.95,1199.15,1198.5,1198.8,7280
1665727800,1198.8,1199.0,1198.5,1198.95,6078
1665728100,1199.0,1199.05,1198.5,1199.0,4667
1665728400,1198.95,1199.0,1197.0,1197.9,8664
1665728700,1197.95,1198.15,1197.25,1198.05,5979
1665729000,1198.05,1198.2,1197.5,1198.1,7681
1665729300,1198.1,1201.15,1198.0,1200.75,15736
1665729600,1200.9,1204.5,1200.75,1202.3,17731
1665729900,1202.3,1203.75,1202.15,1202.7,4256
1665730200,1202.7,1203.55,1202.7,1203.05,2975
1665730500,1203.35,1204.2,1203.0,1203.0,4686
1665730800,1203.0,1203.0,1200.2,1200.2,6619
1665731100,1200.2,1202.3,1200.15,1201.1,6821
1665731400,1201.1,1202.1,1199.9,1201.45,7013
1665731700,1201.4,1201.6,1199.3,1199.85,6169
1665732000,1199.85,1200.45,1198.75,1199.6,8684
1665732300,1199.5,1200.3,1199.25,1199.3,4071
1665732600,1199.25,1199.9,1198.15,1199.0,4115
1665732900,1199.0,1199.1,1196.0,1197.0,8177
1665733200,1197.0,1198.15,1196.6,1197.0,6959
1665733500,1197.0,1197.45,1194.5,1195.0,16677
1665733800,1195.0,1196.5,1194.5,1196.25,7935
1665734100,1196.25,1196.5,1192.15,1192.85,12692
1665734400,1193.15,1195.95,1193.05,1195.05,9590
1665734700,1195.05,1195.6,1191.75,1194.95,9025
1665735000,1194.95,1195.45,1194.3,1194.85,5713
1665735300,1194.8,1195.0,1192.85,1193.95,6393
1665735600,1193.95,1194.0,1191.3,1193.4,10397
1665735900,1193.4,1193.4,1190.45,1190.75,14661
1665736200,1190.75,1192.1,1190.0,1191.55,13124
1665736500,1191.55,1192.2,1191.2,1191.2,3410
1665736800,1191.25,1192.05,1190.0,1190.1,4032
1665737100,1190.2,1190.65,1188.15,1188.9,8509
1665737400,1188.9,1188.9,1185.55,1186.4,7511
1665737700,1187.2,1187.2,1181.55,1183.45,20198
1665738000,1183.45,1183.45,1180.25,1180.95,8558
1665738300,1180.95,1182.2,1179.05,1181.4,11308
1665738600,1181.4,1185.25,1180.6,1183.9,10641
1665738900,1183.9,1187.3,1183.6,1186.5,8049
1665739200,1186.5,1187.0,1183.0,1183.35,4667
1665739500,1183.35,1183.55,1181.3,1182.8,6407
1665739800,1182.8,1183.25,1177.6,1178.55,32153
1665740100,1178.55,1180.95,1178.0,1179.9,27005
1665740400,1179.85,1180.55,1179.05,1179.65,30414
1665740700,1179.75,1182.4,1178.5,1180.05,33025
1665741000,1180.3,1180.3,1178.75,1180.0,26974
1665741300,1180.05,1182.0,1177.65,1179.9,22208
1665978300,1178.0,1178.0,1167.6,1173.85,26618
1665978600,1173.9,1181.35,1173.0,1181.35,16634
1665978900,1180.8,1180.8,1176.5,1178.45,10193
1665979200,1178.45,1182.0,1176.8,1179.15,10563
1665979500,1179.15,1182.0,1178.95,1180.2,10719
1665979800,1180.2,1182.95,1179.35,1181.85,8575
1665980100,1181.85,1182.0,1179.7,1180.1,7720
1665980400,1180.1,1183.95,1179.7,1182.5,8622
1665980700,1182.45,1185.2,1182.45,1184.2,12212
1665981000,1184.2,1185.45,1183.85,1185.0,5454
1665981300,1184.8,1187.4,1184.4,1185.0,26939
1665981600,1185.0,1186.8,1184.45,1186.7,11010
1665981900,1186.7,1188.7,1186.0,1188.55,16477
1665982200,1188.25,1189.0,1186.7,1187.3,9348
1665982500,1187.3,1190.1,1185.85,1186.0,97636
1665982800,1186.0,1187.5,1184.0,1186.7,10769
1665983100,1186.7,1192.0,1186.0,1191.2,82216
1665983400,1191.05,1193.0,1190.4,1192.2,10159
1665983700,1192.2,1192.25,1188.0,1188.3,9727
1665984000,1188.2,1188.9,1185.75,1186.1,9887
1665984300,1186.1,1186.9,1183.25,1185.85,10384
1665984600,1185.85,1187.3,1184.1,1184.25,8393
1665984900,1184.25,1186.65,1183.3,1184.7,9766
1665985200,1184.7,1185.5,1183.75,1184.2,9530
1665985500,1184.2,1184.45,1181.05,1181.9,15261
1665985800,1181.9,1186.2,1180.6,1183.95,28434
1665986100,1183.95,1184.0,1180.1,1180.3,20617
1665986400,1180.3,1181.85,1179.8,1181.3,8794
1665986700,1181.35,1181.55,1179.35,1180.0,6496
1665987000,1180.0,1180.55,1178.75,1180.15,13079
1665987300,1180.15,1180.9,1179.4,1180.05,12241
1665987600,1180.05,1181.85,1179.0,1179.4,9644
1665987900,1179.4,1180.6,1178.25,1180.0,12064
1665988200,1180.0,1180.65,1178.6,1179.35,9874
1665988500,1179.45,1180.5,1178.8,1179.8,10504
1665988800,1179.8,1184.05,1179.75,1183.5,18837
1665989100,1183.5,1186.1,1183.4,1185.15,21294
1665989400,1185.2,1186.9,1185.0,1185.55,27668
1665989700,1185.55,1187.5,1185.0,1185.2,13265
1665990000,1185.2,1187.8,1185.0,1187.2,14573
1665990300,1187.2,1187.95,1185.8,1187.0,12385
1665990600,1187.0,1188.65,1187.0,1187.0,8790
1665990900,1187.0,1190.5,1187.0,1190.0,55514
1665991200,1190.0,1190.6,1190.0,1190.0,21233
1665991500,1190.0,1190.05,1189.95,1190.05,12279
1665991800,1190.0,1190.05,1185.7,1185.95,16602
1665992100,1185.5,1185.5,1183.65,1185.25,10619
1665992400,1185.1,1185.3,1183.25,1184.15,9066
1665992700,1184.15,1185.0,1183.15,1184.05,9376
1665993000,1184.05,1186.95,1184.05,1186.95,21106
1665993300,1186.8,1186.8,1184.7,1185.0,38966
1665993600,1185.0,1188.65,1184.95,1186.45,25037
1665993900,1186.45,1189.0,1185.7,1188.55,27419
1665994200,1188.45,1188.8,1186.7,1188.2,8314
1665994500,1188.25,1188.95,1186.55,1187.2,10803
1665994800,1187.15,1188.0,1185.3,1185.6,15370
1665995100,1185.6,1187.95,1185.2,1187.4,10428
1665995400,1187.4,1188.05,1185.45,1185.5,12412
1665995700,1185.3,1189.75,1185.3,1189.65,13984
1665996000,1189.65,1194.95,1189.4,1191.45,31875
1665996300,1192.2,1192.6,1190.05,1191.3,13346
1665996600,1190.95,1192.95,1190.9,1192.65,8545
1665996900,1192.65,1193.0,1190.7,1190.8,12615
1665997200,1190.8,1192.0,1190.0,1191.05,37959
1665997500,1191.05,1196.75,1191.0,1196.1,19715
1665997800,1196.1,1197.4,1195.0,1196.15,14932
1665998100,1196.15,1196.4,1194.7,1195.95,14866
1665998400,1195.95,1196.85,1194.65,1196.6,13760
1665998700,1196.7,1198.65,1196.25,1197.35,12442
1665999000,1197.65,1198.4,1194.7,1195.55,29499
1665999300,1195.55,1195.55,1187.55,1188.1,90432
1665999600,1187.95,1190.3,1187.1,1189.95,50729
1665999900,1190.0,1190.5,1188.3,1188.3,25678
1666000200,1188.35,1191.7,1187.95,1188.65,106385
1666000500,1188.65,1189.45,1184.95,1185.95,109786
1666064700,1195.75,1199.9,1193.15,1197.3,19610
1666065000,1197.35,1199.95,1196.35,1196.75,22534
1666065300,1196.75,1199.1,1195.0,1198.75,68661
1666065600,1198.95,1206.0,1198.0,1204.85,17930
1666065900,1204.95,1205.8,1202.5,1204.65,12015
1666066200,1204.65,1208.85,1203.7,1207.9,43780
1666066500,1207.5,1210.65,1206.4,1208.8,23745
1666066800,1208.3,1209.6,1207.0,1208.15,7402
1666067100,1208.05,1208.05,1205.5,1206.2,15039
1666067400,1206.15,1207.0,1204.0,1205.8,14832
1666067700,1205.6,1208.65,1204.25,1206.6,22786
1666068000,1206.6,1206.85,1204.85,1206.2,64026
1666068300,1206.3,1208.2,1205.0,1205.25,7760
1666068600,1205.25,1206.0,1204.3,1205.0,7336
1666068900,1204.75,1206.0,1203.25,1203.75,9435
1666069200,1203.75,1203.8,1198.8,1199.05,21496
1666069500,1199.05,1199.95,1197.25,1197.35,7724
1666069800,1197.35,1199.95,1197.35,1199.4,7057
1666070100,1199.35,1199.9,1197.2,1197.75,9110
1666070400,1198.05,1198.7,1197.3,1197.35,6167
1666070700,1197.7,1200.7,1197.45,1199.95,7932
1666071000,1199.65,1200.8,1199.2,1200.5,6587
1666071300,1200.95,1200.95,1198.8,1199.8,9117
1666071600,1200.0,1200.0,1198.0,1198.25,5711
1666071900,1198.45,1198.45,1196.2,1198.45,5331
1666072200,1198.45,1201.5,1197.75,1200.15,6300
1666072500,1200.15,1200.95,1198.6,1198.75,5829
1666072800,1199.3,1199.75,1197.65,1199.75,3588
1666073100,1199.8,1199.8,1197.15,1197.15,4116
1666073400,1197.25,1199.5,1197.2,1199.0,3791
1666073700,1199.1,1199.5,1197.5,1197.5,3861
1666074000,1197.55,1198.8,1197.05,1198.0,2706
1666074300,1198.0,1200.5,1197.65,1200.25,4312
1666074600,1200.3,1200.7,1199.5,1200.15,4309
1666074900,1200.15,1200.8,1199.55,1200.8,7294
1666075200,1200.8,1200.8,1198.65,1199.8,10777
1666075500,1199.8,1199.8,1198.75,1199.75,4788
1666075800,1199.75,1200.15,1198.1,1198.65,56893
1666076100,1198.65,1199.9,1198.0,1198.65,6519
1666076400,1198.65,1199.25,1198.0,1198.9,6771
1666076700,1198.9,1199.9,1198.2,1199.85,4582
1666077000,1199.85,1199.9,1198.0,1198.05,5209
1666077300,1198.05,1199.4,1198.05,1198.85,4316
1666077600,1198.85,1199.4,1198.45,1198.95,4522
1666077900,1198.95,1199.1,1198.05,1198.7,5664
1666078200,1198.65,1199.15,1198.0,1199.0,4779
1666078500,1198.85,1199.75,1198.0,1198.35,5441
1666078800,1198.45,1199.9,1198.0,1199.45,9226
1666079100,1199.35,1205.05,1199.25,1204.75,34176
1666079400,1204.05,1205.4,1203.9,1204.15,10061
1666079700,1204.15,1206.0,1204.1,1205.3,7326
1666080000,1205.3,1206.1,1205.0,1205.35,5691
1666080300,1205.35,1206.0,1204.65,1204.8,6491
1666080600,1204.9,1206.25,1202.95,1204.15,7111
1666080900,1204.6,1205.65,1203.15,1204.35,55319
1666081200,1204.35,1206.25,1203.75,1205.0,16035
1666081500,1205.0,1205.0,1203.0,1204.4,6194
1666081800,1204.0,1205.5,1203.65,1205.0,90112
1666082100,1205.0,1206.55,1204.85,1205.05,9239
1666082400,1205.05,1208.15,1205.0,1207.45,10463
1666082700,1207.45,1212.0,1207.45,1211.75,14458
1666083000,1211.3,1220.8,1211.3,1220.8,32998
1666083300,1220.8,1221.0,1217.05,1219.5,20868
1666083600,1219.5,1220.0,1216.3,1219.6,25716
1666083900,1219.6,1223.0,1219.0,1221.0,32209
1666084200,1220.9,1222.0,1220.05,1220.55,16895
1666084500,1220.55,1222.7,1220.0,1222.15,16116
1666084800,1221.95,1223.75,1221.5,1223.0,22706
1666085100,1222.95,1226.0,1222.75,1225.65,25923
1666085400,1225.8,1225.8,1217.4,1218.95,118835
1666085700,1219.0,1219.0,1218.45,1218.9,23821
1666086000,1218.9,1219.35,1218.05,1218.7,32097
1666086300,1218.75,1219.7,1217.9,1219.05,31954
1666086600,1218.95,1219.25,1217.1,1218.05,40502
1666086900,1218.05,1220.0,1216.95,1220.0,34771
1666151100,1220.0,1224.0,1213.35,1220.7,17083
1666151400,1220.7,1227.35,1219.8,1226.85,9821
1666151700,1226.85,1227.45,1223.1,1227.3,10089
1666152000,1227.3,1227.3,1221.6,1221.75,14703
1666152300,1221.75,1223.55,1219.5,1220.45,6250
1666152600,1220.45,1223.0,1218.55,1222.85,6799
1666152900,1222.85,1227.0,1222.55,1226.8,13090
1666153200,1226.8,1228.8,1226.0,1226.0,9107
1666153500,1225.8,1227.0,1222.8,1223.0,10862
1666153800,1223.4,1225.75,1222.95,1225.4,3155
1666154100,1225.4,1225.4,1222.0,1223.0,4513
1666154400,1223.25,1223.25,1221.25,1222.1,5775
1666154700,1222.55,1223.8,1221.7,1223.4,3448
1666155000,1223.4,1223.65,1220.35,1220.9,4242
1666155300,1220.5,1220.9,1219.3,1220.0,3683
1666155600,1220.0,1222.75,1219.0,1222.55,9261
1666155900,1222.55,1223.35,1221.6,1222.7,6864
1666156200,1222.7,1223.25,1221.75,1222.15,4091
1666156500,1222.45,1222.6,1221.05,1222.35,2233
1666156800,1222.4,1223.0,1220.9,1221.4,7017
1666157100,1222.0,1222.7,1220.5,1221.8,3344
1666157400,1222.2,1225.05,1222.05,1224.35,37874
1666157700,1224.4,1225.85,1223.7,1224.45,4405
1666158000,1224.45,1225.0,1223.15,1223.4,3851
1666158300,1223.75,1225.0,1222.75,1225.0,17328
1666158600,1224.95,1226.5,1224.65,1225.9,6550
1666158900,1225.85,1225.85,1223.75,1224.75,3823
1666159200,1224.35,1226.3,1224.0,1226.3,4465
1666159500,1226.25,1226.35,1224.75,1225.6,4103
1666159800,1225.6,1225.65,1224.45,1225.0,2305
1666160100,1225.0,1226.25,1223.55,1226.25,6372
1666160400,1226.25,1226.9,1225.05,1226.55,7899
1666160700,1226.55,1227.0,1225.0,1225.05,9168
1666161000,1225.05,1231.3,1225.05,1231.0,19431
1666161300,1230.55,1231.15,1229.55,1229.75,60309
1666161600,1229.75,1230.4,1229.1,1229.55,7461
1666161900,1230.1,1233.8,1229.6,1231.5,43433
1666162200,1232.2,1233.75,1231.2,1233.7,32963
1666162500,1233.8,1233.8,1231.2,1232.75,18287
1666162800,1232.75,1232.9,1231.25,1231.95,2351
1666163100,1231.95,1233.25,1230.05,1233.0,50431
1666163400,1233.0,1233.0,1231.4,1231.9,7959
1666163700,1231.75,1231.75,1229.65,1229.7,5496
1666164000,1229.7,1230.0,1228.0,1228.3,9784
1666164300,1228.3,1233.0,1227.25,1232.5,52733
1666164600,1233.0,1233.35,1230.0,1230.8,7364
1666164900,1230.25,1230.8,1229.0,1229.4,4407
1666165200,1229.6,1231.45,1229.0,1230.25,33536
1666165500,1231.0,1231.0,1229.35,1230.1,2401
1666165800,1230.3,1231.0,1229.55,1229.95,4477
1666166100,1229.55,1231.1,1229.55,1229.9,4328
1666166400,1230.0,1231.4,1229.35,1229.95,4204
1666166700,1230.0,1230.95,1229.6,1230.0,2312
1666167000,1230.5,1230.7,1228.0,1228.2,4214
1666167300,1228.7,1229.35,1228.15,1229.0,2902
1666167600,1229.3,1229.5,1229.0,1229.25,2743
1666167900,1229.4,1230.6,1229.25,1229.65,3600
1666168200,1229.65,1230.65,1229.25,1230.55,3398
1666168500,1230.65,1231.4,1229.75,1229.75,4641
1666168800,1229.75,1232.0,1229.25,1231.95,4929
1666169100,1231.95,1232.0,1230.3,1230.65,3994
1666169400,1231.0,1231.0,1229.05,1229.45,3478
1666169700,1229.7,1229.95,1228.75,1229.95,6413
1666170000,1229.95,1230.55,1229.3,1230.15,47697
1666170300,1230.3,1231.65,1230.15,1231.0,8058
1666170600,1230.95,1231.0,1229.9,1230.35,7901
1666170900,1230.5,1231.4,1229.35,1231.0,8003
1666171200,1230.95,1231.0,1227.8,1229.55,28532
1666171500,1229.55,1229.75,1225.9,1228.7,14013
1666171800,1228.7,1231.0,1227.4,1229.45,22455
1666172100,1229.8,1231.5,1227.15,1227.95,30975
1666172400,1228.0,1228.7,1226.1,1226.35,23613
1666172700,1226.35,1226.9,1224.15,1226.3,26792
1666173000,1226.3,1226.3,1224.8,1224.9,24265
1666173300,1224.9,1228.6,1224.5,1225.1,26951
1666237500,1220.0,1225.15,1214.0,1219.95,36837
1666237800,1219.95,1220.0,1217.75,1219.8,13310
1666238100,1219.65,1220.95,1218.1,1220.0,20111
1666238400,1220.0,1220.0,1219.2,1220.0,10688
1666238700,1219.95,1220.0,1219.6,1220.0,4470
1666239000,1219.9,1220.0,1219.35,1219.55,5785
1666239300,1219.55,1220.0,1218.5,1219.65,6278
1666239600,1219.65,1220.0,1218.1,1219.15,5315
1666239900,1219.5,1220.0,1219.2,1219.65,4913
1666240200,1219.75,1220.0,1218.55,1219.05,4098
1666240500,1219.05,1219.4,1218.2,1218.3,1773
1666240800,1218.2,1219.35,1217.5,1218.7,5292
1666241100,1219.3,1220.55,1219.3,1219.95,13422
1666241400,1220.0,1220.35,1219.9,1219.95,21980
1666241700,1219.95,1220.45,1219.0,1219.6,12548
1666242000,1219.6,1220.5,1219.5,1219.85,8980
1666242300,1220.0,1222.6,1219.55,1222.35,11894
1666242600,1222.35,1223.55,1220.75,1222.0,45781
1666242900,1222.0,1224.0,1220.65,1223.25,2377
1666243200,1223.25,1224.25,1222.2,1222.5,4314
1666243500,1222.5,1223.3,1222.25,1222.55,4041
1666243800,1222.55,1223.95,1222.55,1223.1,4329
1666244100,1223.1,1225.2,1223.1,1223.75,13189
1666244400,1223.8,1225.95,1223.7,1225.15,8560
1666244700,1225.2,1226.2,1224.55,1225.55,6621
1666245000,1225.55,1226.0,1223.4,1225.15,36578
1666245300,1225.9,1225.95,1223.7,1224.6,5951
1666245600,1224.6,1224.75,1222.25,1223.15,19626
1666245900,1223.15,1224.75,1221.55,1222.15,67394
1666246200,1222.15,1224.0,1221.55,1222.5,1446
1666246500,1222.9,1224.5,1221.55,1223.75,2341
1666246800,1223.75,1225.05,1223.2,1224.8,1755
1666247100,1224.8,1226.0,1224.4,1226.0,2387
1666247400,1226.0,1226.0,1224.0,1224.45,2427
1666247700,1224.45,1224.9,1223.05,1224.6,5634
1666248000,1224.7,1224.95,1223.45,1224.25,4664
1666248300,1224.25,1226.85,1224.25,1226.25,4908
1666248600,1226.25,1229.1,1226.25,1227.6,2982
1666248900,1227.6,1228.4,1226.0,1226.15,7730
1666249200,1226.65,1227.0,1224.8,1224.8,5994
1666249500,1226.25,1226.25,1223.85,1224.25,8917
1666249800,1224.1,1224.8,1223.15,1223.95,7221
1666250100,1223.95,1225.5,1223.25,1225.05,4445
1666250400,1225.15,1225.45,1222.5,1222.65,5646
1666250700,1222.65,1224.4,1221.25,1223.1,5081
1666251000,1223.65,1224.4,1221.35,1223.4,4312
1666251300,1223.4,1223.4,1220.5,1222.65,7425
1666251600,1222.65,1223.25,1220.5,1222.6,3604
1666251900,1222.8,1222.95,1220.5,1221.0,5714
1666252200,1220.5,1222.6,1219.25,1221.05,6629
1666252500,1221.3,1223.0,1220.45,1222.6,2134
1666252800,1222.6,1224.5,1222.1,1223.8,2987
1666253100,1223.8,1224.7,1221.6,1222.75,43916
1666253400,1223.4,1223.4,1219.65,1220.2,12657
1666253700,1220.2,1220.5,1219.15,1219.75,5213
1666254000,1219.75,1220.05,1218.45,1218.45,5835
1666254300,1218.45,1220.35,1218.35,1219.1,3626
1666254600,1219.75,1220.95,1218.75,1219.55,12521
1666254900,1219.55,1220.6,1217.7,1219.45,54102
1666255200,1219.35,1220.1,1218.1,1219.1,10100
1666255500,1219.1,1219.85,1218.5,1219.15,3169
1666255800,1219.15,1219.45,1216.7,1217.05,13277
1666256100,1217.05,1217.75,1215.0,1217.2,13115
1666256400,1217.2,1220.2,1217.1,1219.35,6338
1666256700,1219.35,1222.25,1219.1,1221.05,4436
1666257000,1221.0,1221.55,1218.3,1219.15,8246
1666257300,1219.15,1219.85,1216.55,1218.3,13538
1666257600,1218.3,1219.55,1217.8,1218.95,3444
1666257900,1218.9,1219.15,1217.4,1218.8,8033
1666258200,1217.95,1222.45,1217.0,1221.8,27703
1666258500,1221.8,1222.5,1220.95,1222.0,18308
1666258800,1222.0,1223.1,1220.2,1222.75,29594
1666259100,1222.75,1225.55,1222.45,1224.95,19953
1666259400,1224.95,1225.45,1223.6,1225.2,23972
1666259700,1225.0,1230.0,1222.2,1226.3,24310
1666323900,1228.45,1240.65,1227.0,1234.75,40998
1666324200,1234.75,1238.1,1233.0,1233.8,16994
1666324500,1233.8,1238.0,1231.0,1238.0,22743
1666324800,1238.0,1239.2,1237.05,1237.05,12464
1666325100,1237.05,1246.35,1237.05,1244.2,23004
1666325400,1244.2,1244.2,1240.0,1241.65,9829
1666325700,1241.65,1241.65,1233.95,1238.7,20005
1666326000,1238.7,1242.9,1238.5,1242.9,16083
1666326300,1242.9,1244.35,1239.3,1240.0,83280
1666326600,1240.0,1240.55,1236.6,1239.05,8066
1666326900,1239.3,1240.65,1237.65,1240.0,10075
1666327200,1240.0,1240.6,1237.3,1238.8,2775
1666327500,1238.8,1239.55,1235.05,1236.15,4427
1666327800,1236.35,1239.1,1234.5,1239.1,12454
1666328100,1239.1,1239.1,1237.0,1237.5,4348
1666328400,1237.5,1238.6,1235.25,1238.6,4866
1666328700,1238.6,1243.95,1237.0,1239.95,70552
1666329000,1239.8,1242.0,1238.75,1241.0,19066
1666329300,1241.25,1241.5,1238.4,1239.3,7761
1666329600,1239.05,1240.0,1238.4,1239.8,4875
1666329900,1239.5,1239.8,1238.5,1239.75,4865
1666330200,1239.75,1240.0,1238.8,1240.0,2948
1666330500,1240.0,1240.7,1239.15,1239.8,3745
1666330800,1239.8,1240.7,1239.45,1240.0,6033
1666331100,1240.0,1240.0,1238.6,1238.6,1584
1666331400,1238.6,1242.45,1238.6,1242.45,9767
1666331700,1242.15,1244.05,1239.95,1242.0,27360
1666332000,1242.0,1248.0,1241.1,1247.2,22509
1666332300,1247.2,1247.65,1245.05,1246.0,8220
1666332600,1246.0,1248.0,1245.6,1246.6,10377
1666332900,1246.95,1247.5,1244.35,1244.45,9886
1666333200,1244.45,1245.6,1242.5,1243.2,13157
1666333500,1243.2,1245.65,1242.6,1244.35,5630
1666333800,1244.35,1245.6,1243.85,1245.0,1755
1666334100,1245.0,1246.85,1244.55,1246.6,5034
1666334400,1246.5,1248.0,1246.2,1247.0,3508
1666334700,1247.35,1247.7,1246.15,1247.15,4795
1666335000,1247.15,1247.7,1246.25,1246.8,2187
1666335300,1246.8,1247.6,1246.25,1247.25,5000
1666335600,1247.25,1247.3,1245.55,1246.35,5909
1666335900,1245.55,1245.65,1243.1,1245.4,5043
1666336200,1245.4,1246.35,1244.2,1244.2,3210
1666336500,1244.75,1245.9,1242.9,1242.95,3964
1666336800,1243.45,1243.8,1240.95,1243.15,7180
1666337100,1243.15,1243.95,1241.8,1243.85,51501
1666337400,1243.85,1244.9,1243.0,1243.35,1095
1666337700,1243.35,1243.9,1241.65,1242.35,2960
1666338000,1242.35,1242.95,1241.15,1241.55,1987
1666338300,1241.55,1242.3,1241.25,1241.45,2536
1666338600,1241.7,1242.25,1241.25,1241.65,885
1666338900,1241.65,1242.35,1241.5,1241.5,2263
1666339200,1242.25,1243.8,1241.1,1242.05,4315
1666339500,1242.05,1242.05,1238.6,1239.75,13636
1666339800,1239.75,1240.45,1238.85,1239.95,2898
1666340100,1239.95,1241.85,1238.55,1239.35,5970
1666340400,1238.65,1239.95,1235.8,1239.95,10414
1666340700,1240.25,1240.55,1238.5,1240.1,5884
1666341000,1240.35,1240.35,1236.5,1238.7,8205
1666341300,1239.0,1239.0,1236.5,1237.1,4744
1666341600,1237.55,1242.3,1237.0,1242.3,11648
1666341900,1242.6,1242.7,1238.35,1238.8,4355
1666342200,1238.8,1239.5,1237.05,1238.1,4071
1666342500,1238.1,1241.25,1236.45,1236.75,7983
1666342800,1237.0,1240.5,1236.35,1239.95,6200
1666343100,1239.1,1240.45,1236.0,1238.5,14819
1666343400,1238.55,1238.8,1232.25,1234.0,15946
1666343700,1233.8,1234.25,1232.0,1232.85,11545
1666344000,1232.8,1234.7,1232.3,1233.85,11431
1666344300,1233.85,1237.0,1233.15,1235.75,12993
1666344600,1235.05,1245.9,1234.0,1245.35,51666
1666344900,1245.35,1248.05,1244.2,1247.2,33992
1666345200,1247.2,1248.0,1246.05,1246.6,30281
1666345500,1246.5,1249.45,1246.15,1246.8,46996
1666345800,1246.8,1249.0,1246.8,1249.0,38780
1666346100,1249.0,1250.25,1243.3,1247.6,29720
1666615500,1268.95,1268.95,1253.4,1256.35,32052
1666615800,1256.35,1257.3,1252.0,1255.9,15421
1666616100,1255.9,1257.0,1238.8,1240.35,21746
1666616400,1240.35,1248.25,1240.35,1247.9,11370
1666616700,1247.95,1248.05,1245.65,1246.45,5476
1666617000,1246.45,1248.8,1243.1,1248.8,11833
1666617300,1248.8,1258.5,1247.8,1254.25,18318
1666617600,1254.25,1259.85,1253.2,1259.0,5603
1666617900,1259.0,1259.8,1258.05,1258.6,5392
1666618200,1258.6,1261.5,1258.6,1260.5,11463
1666618500,1260.5,1262.0,1258.1,1260.85,10697
1666618800,1260.85,1260.9,1252.6,1258.1,6359
1666669500,1261.6,1267.5,1254.25,1258.4,58887
1666669800,1258.4,1264.65,1257.0,1263.8,14465
1666670100,1263.8,1271.55,1263.45,1267.35,21350
1666670400,1267.35,1271.8,1266.0,1271.05,13529
1666670700,1271.05,1272.0,1265.35,1270.9,16632
1666671000,1270.3,1275.0,1268.0,1274.0,20734
1666671300,1274.0,1278.6,1272.75,1272.8,23319
1666671600,1272.35,1274.1,1268.3,1268.8,17018
1666671900,1268.8,1270.5,1267.45,1269.3,11148
1666672200,1269.3,1270.4,1266.95,1269.9,8828
1666672500,1269.9,1270.05,1265.15,1265.2,7295
1666672800,1265.2,1265.75,1262.95,1263.0,6014
1666673100,1263.0,1263.4,1259.25,1259.25,7834
1666673400,1259.25,1261.5,1259.2,1260.95,4047
1666673700,1260.95,1263.6,1260.8,1261.85,6001
1666674000,1262.15,1264.85,1261.85,1264.85,3873
1666674300,1264.85,1265.35,1264.45,1264.95,103601
1666674600,1264.8,1266.95,1264.75,1265.55,3594
1666674900,1265.55,1265.55,1263.65,1264.15,3833
1666675200,1264.15,1264.25,1259.5,1259.5,3389
1666675500,1259.95,1261.0,1259.1,1260.0,262420
1666675800,1260.0,1260.1,1258.8,1259.05,2193
1666676100,1259.05,1259.15,1256.8,1258.25,3974
1666676400,1258.25,1258.3,1256.5,1257.35,4602
1666676700,1257.35,1258.0,1255.7,1257.55,4053
1666677000,1257.55,1257.95,1254.65,1254.65,2545
1666677300,1254.65,1255.0,1252.0,1253.05,5389
1666677600,1253.0,1256.2,1253.0,1256.2,4078
1666677900,1256.2,1256.2,1251.0,1251.5,6167
1666678200,1251.5,1251.65,1248.6,1250.4,9839
1666678500,1250.4,1251.35,1249.95,1250.45,3538
1666678800,1250.5,1251.45,1250.0,1251.4,1871
1666679100,1251.0,1255.25,1250.5,1253.55,13421
1666679400,1253.55,1254.55,1252.95,1253.7,2692
1666679700,1253.7,1253.7,1250.6,1250.95,6576
1666680000,1250.95,1250.95,1250.05,1250.85,2899
1666680300,1250.85,1250.95,1250.55,1250.55,2465
1666680600,1249.35,1249.85,1246.05,1249.85,12408
1666680900,1249.75,1249.75,1247.0,1247.55,2045
1666681200,1247.55,1248.1,1246.5,1247.55,2584
1666681500,1247.5,1247.95,1246.5,1247.2,6378
1666681800,1247.35,1247.35,1243.2,1244.05,10034
1666682100,1244.05,1247.15,1243.35,1247.15,3922
1666682400,1247.15,1247.15,1245.55,1246.0,2868
1666682700,1245.9,1247.65,1245.85,1247.45,4192
1666683000,1247.45,1249.9,1247.35,1249.1,5350
1666683300,1249.65,1249.65,1247.45,1248.25,4347
1666683600,1248.25,1249.05,1244.75,1246.75,9495
1666683900,1246.75,1249.0,1246.75,1248.5,2104
1666684200,1248.5,1249.0,1247.55,1248.8,3592
1666684500,1248.2,1249.0,1247.3,1249.0,2905
1666684800,1249.0,1251.0,1248.1,1250.2,7979
1666685100,1250.2,1251.55,1250.1,1251.5,4115
1666685400,1251.5,1253.0,1251.3,1252.7,3699
1666685700,1252.7,1253.55,1252.4,1252.65,5778
1666686000,1252.2,1252.95,1250.9,1252.1,3251
1666686300,1252.05,1252.9,1250.4,1252.4,4389
1666686600,1252.4,1253.7,1251.65,1253.45,4211
1666686900,1253.45,1253.9,1251.0,1253.9,6423
1666687200,1253.55,1253.9,1252.7,1253.8,4363
1666687500,1253.8,1254.15,1251.55,1251.95,6981
1666687800,1251.55,1252.85,1251.0,1252.4,9830
1666688100,1252.4,1252.8,1251.15,1251.5,8087
1666688400,1251.95,1253.85,1251.2,1252.85,10381
1666688700,1253.25,1253.5,1252.0,1253.15,2127
1666689000,1253.15,1254.0,1251.85,1252.8,9764
1666689300,1252.8,1254.1,1252.8,1253.5,2542
1666689600,1253.5,1253.85,1251.9,1252.95,3826
1666689900,1253.4,1254.0,1253.0,1253.9,3572
1666690200,1253.85,1255.2,1253.15,1255.2,32577
1666690500,1255.0,1255.6,1254.8,1255.2,39472
1666690800,1255.45,1255.65,1253.85,1254.05,27706
1666691100,1254.0,1255.85,1254.0,1255.0,26891
1666691400,1255.0,1257.4,1254.9,1256.1,198291
1666691700,1256.1,1256.65,1253.55,1256.65,66205
1666842300,1255.5,1264.0,1249.05,1252.3,145683
1666842600,1252.2,1259.15,1252.2,1256.0,25622
1666842900,1256.0,1256.5,1251.05,1253.35,31246
1666843200,1253.35,1255.0,1248.0,1248.0,33728
1666843500,1247.6,1249.0,1245.2,1248.0,31531
1666843800,1248.0,1249.9,1247.85,1248.05,33747
1666844100,1248.05,1251.6,1248.05,1251.35,22069
1666844400,1251.5,1253.0,1248.25,1249.7,20810
1666844700,1249.7,1251.9,1248.9,1251.65,17416
1666845000,1252.4,1253.0,1251.25,1251.3,14882
1666845300,1251.3,1251.9,1249.0,1249.1,12050
1666845600,1249.0,1250.6,1248.9,1249.6,14204
1666845900,1249.8,1250.45,1247.5,1249.95,13958
1666846200,1249.95,1251.15,1249.5,1250.4,23664
1666846500,1250.4,1253.0,1250.1,1252.4,15963
1666846800,1252.4,1254.0,1251.85,1253.8,9419
1666847100,1254.0,1254.4,1252.8,1253.8,10166
1666847400,1253.8,1254.65,1253.2,1253.2,12120
1666847700,1253.2,1255.15,1252.95,1254.15,14741
1666848000,1254.2,1254.3,1253.0,1253.0,6363
1666848300,1253.0,1254.1,1253.0,1254.05,7010
1666848600,1254.05,1254.55,1253.85,1254.05,5465
1666848900,1253.95,1254.75,1253.25,1253.25,7587
1666849200,1253.25,1254.15,1253.2,1253.35,7358
1666849500,1253.35,1253.85,1251.3,1251.75,7976
1666849800,1251.75,1253.25,1251.75,1253.2,7782
1666850100,1253.15,1253.75,1252.0,1252.55,10903
1666850400,1252.55,1253.1,1251.1,1251.4,6913
1666850700,1251.4,1252.7,1250.7,1250.85,5899
1666851000,1250.75,1252.8,1249.95,1252.3,10994
1666851300,1252.3,1252.3,1251.1,1251.85,6284
1666851600,1251.85,1252.65,1250.0,1251.65,9676
1666851900,1251.6,1253.0,1250.35,1252.0,10786
1666852200,1252.0,1252.7,1249.95,1250.0,8171
1666852500,1250.0,1251.8,1248.85,1250.75,12087
1666852800,1250.7,1252.15,1250.7,1251.2,11218
1666853100,1251.15,1251.95,1250.0,1250.0,12789
1666853400,1250.0,1250.9,1244.0,1245.35,38952
1666853700,1245.75,1246.5,1243.55,1246.3,34675
1666854000,1246.1,1250.25,1246.1,1250.0,29630
1666854300,1250.0,1251.5,1247.9,1250.0,32283
1666854600,1250.5,1251.5,1249.9,1250.0,64691
1666854900,1250.0,1251.45,1249.35,1249.35,28602
1666855200,1250.0,1250.05,1247.0,1247.95,22086
1666855500,1247.95,1248.95,1247.85,1248.95,10498
1666855800,1248.95,1249.6,1247.7,1248.15,26947
1666856100,1248.15,1249.25,1246.45,1247.75,15373
1666856400,1247.75,1250.0,1247.0,1249.6,6698
1666856700,1250.0,1250.0,1247.35,1247.9,7733
1666857000,1247.9,1248.9,1247.55,1247.85,2796
1666857300,1247.85,1248.35,1246.0,1247.25,4045
1666857600,1247.35,1248.05,1245.0,1245.3,14436
1666857900,1245.3,1247.8,1245.3,1247.05,2362
1666858200,1247.1,1247.95,1246.55,1247.25,2355
1666858500,1247.2,1249.3,1246.45,1247.55,24873
1666858800,1247.55,1248.5,1245.55,1247.3,4944
1666859100,1247.2,1247.8,1245.65,1247.4,4258
1666859400,1247.4,1247.65,1245.8,1246.55,3432
1666859700,1246.5,1248.6,1246.5,1247.75,5312
1666860000,1247.75,1249.55,1247.2,1248.9,7086
1666860300,1248.9,1249.0,1247.7,1249.0,22378
1666860600,1248.9,1250.0,1248.6,1249.25,15488
1666860900,1249.5,1250.0,1248.65,1249.95,10054
1666861200,1249.95,1250.0,1247.55,1250.0,16450
1666861500,1249.95,1250.0,1247.6,1248.55,17748
1666861800,1248.55,1249.65,1247.7,1248.3,8177
1666862100,1248.35,1249.0,1247.7,1248.45,7342
1666862400,1248.45,1250.0,1247.5,1249.05,13305
1666862700,1249.1,1250.0,1248.3,1249.15,12103
1666863000,1249.25,1250.0,1248.55,1249.95,83160
1666863300,1250.0,1256.45,1249.95,1253.5,50934
1666863600,1252.6,1252.6,1250.0,1252.05,43583
1666863900,1252.05,1255.55,1250.35,1253.7,44965
1666864200,1253.65,1258.4,1253.65,1258.35,51971
1666864500,1258.35,1259.9,1250.0,1252.25,58076
1666928700,1259.2,1265.35,1255.05,1258.1,47200
1666929000,1259.4,1259.65,1253.0,1257.55,14257
1666929300,1257.55,1261.35,1256.0,1260.15,10433
1666929600,1260.15,1260.15,1257.1,1257.8,6921
1666929900,1257.7,1257.75,1255.25,1256.25,5190
1666930200,1256.25,1256.65,1252.5,1253.05,7183
1666930500,1253.05,1253.05,1250.25,1251.5,6888
1666930800,1251.8,1251.8,1250.0,1250.45,4392
1666931100,1250.45,1252.0,1249.0,1249.0,3338
1666931400,1249.25,1249.55,1248.15,1248.15,4421
1666931700,1248.15,1250.3,1247.7,1248.5,6602
1666932000,1248.5,1250.25,1248.0,1248.7,5120
1666932300,1248.7,1248.85,1247.5,1247.5,4817
1666932600,1247.95,1248.45,1247.0,1247.9,5460
1666932900,1247.9,1247.9,1247.2,1247.35,2072
1666933200,1247.35,1247.95,1247.15,1247.9,2003
1666933500,1247.9,1249.8,1247.4,1248.95,2388
1666933800,1248.95,1250.3,1246.15,1246.55,5257
1666934100,1246.45,1246.8,1244.45,1246.0,8488
1666934400,1245.4,1250.15,1245.4,1249.65,6429
1666934700,1249.8,1249.8,1248.2,1249.0,4403
1666935000,1249.15,1252.75,1248.5,1252.7,3573
1666935300,1252.7,1252.8,1250.5,1251.3,3216
1666935600,1251.3,1252.5,1250.65,1251.45,1939
1666935900,1251.45,1251.45,1250.0,1250.15,3225
1666936200,1250.1,1251.4,1249.3,1251.05,2883
1666936500,1251.05,1251.05,1250.0,1250.35,976
1666936800,1250.35,1252.4,1250.25,1251.65,2231
1666937100,1251.65,1253.55,1251.35,1252.3,8110
1666937400,1252.3,1252.3,1249.75,1250.4,2050
1666937700,1250.4,1251.55,1249.6,1251.45,1991
1666938000,1251.45,1251.55,1250.4,1250.7,2196
1666938300,1250.7,1253.0,1250.2,1252.2,2492
1666938600,1252.2,1252.2,1250.0,1252.0,1959
1666938900,1252.0,1252.35,1250.0,1250.6,2712
1666939200,1250.6,1251.85,1249.8,1250.4,2098
1666939500,1250.4,1253.0,1250.4,1250.45,1912
1666939800,1250.45,1251.1,1249.35,1250.35,11415
1666940100,1250.35,1251.5,1249.7,1251.15,12072
1666940400,1250.95,1251.95,1250.5,1251.95,1821
1666940700,1251.95,1252.65,1251.4,1252.65,1586
1666941000,1252.65,1252.65,1251.65,1251.9,1679
1666941300,1251.9,1252.5,1251.0,1252.0,4359
1666941600,1252.0,1252.35,1251.65,1251.9,1668
1666941900,1251.9,1252.6,1251.15,1251.85,1946
1666942200,1251.85,1252.4,1251.35,1252.0,3158
1666942500,1251.95,1254.35,1251.95,1253.65,3827
1666942800,1253.65,1253.65,1251.7,1252.15,4212
1666943100,1252.15,1253.1,1251.7,1252.85,1965
1666943400,1252.85,1253.4,1252.8,1253.0,2286
1666943700,1253.0,1253.0,1252.0,1252.5,2450
1666944000,1252.5,1252.95,1250.75,1251.15,2823
1666944300,1250.5,1254.5,1249.0,1253.7,15077
1666944600,1253.6,1253.8,1252.1,1253.1,2403
1666944900,1252.85,1253.75,1252.35,1252.9,2480
1666945200,1252.9,1253.0,1251.8,1252.45,1615
1666945500,1252.45,1252.5,1251.2,1252.5,3747
1666945800,1252.55,1252.7,1251.05,1251.45,1798
1666946100,1251.45,1252.4,1250.9,1251.4,1784
1666946400,1251.4,1252.0,1250.5,1250.95,3747
1666946700,1250.95,1252.25,1249.7,1250.0,1825
1666947000,1250.0,1251.0,1249.75,1250.55,7664
1666947300,1250.6,1251.0,1249.75,1250.0,4062
1666947600,1250.0,1250.5,1248.6,1250.35,82258
1666947900,1250.4,1250.75,1250.0,1250.05,3581
1666948200,1250.05,1250.95,1249.9,1250.9,2564
1666948500,1251.0,1251.0,1249.05,1250.15,3062
1666948800,1250.15,1250.55,1249.3,1250.05,22043
1666949100,1250.55,1251.0,1249.95,1250.0,3951
1666949400,1250.0,1253.0,1249.7,1252.5,18680
1666949700,1252.5,1254.7,1252.45,1252.9,19082
1666950000,1252.95,1253.0,1252.5,1252.65,14845
1666950300,1252.65,1253.45,1251.65,1251.65,14743
1666950600,1251.65,1254.75,1251.65,1252.9,20427
1666950900,1252.9,1253.9,1251.0,1251.95,12025
1667187900,1259.1,1270.2,1255.3,1269.5,30466
1667188200,1269.65,1271.9,1268.65,1269.35,23600
1667188500,1269.3,1273.75,1268.7,1271.0,20375
1667188800,1271.0,1271.6,1266.0,1266.0,11372
1667189100,1266.0,1266.0,1263.1,1264.5,4594
1667189400,1264.5,1264.5,1262.5,1263.0,2265
1667189700,1263.0,1263.65,1262.3,1262.95,2970
1667190000,1262.95,1264.05,1261.95,1261.95,1619
1667190300,1261.95,1263.8,1261.35,1262.45,4379
1667190600,1262.4,1265.25,1262.05,1265.25,4166
1667190900,1265.25,1266.35,1264.3,1264.5,3370
1667191200,1264.5,1265.75,1264.35,1265.4,1040
1667191500,1265.4,1266.9,1265.4,1266.4,2162
1667191800,1266.4,1267.0,1265.9,1265.9,1631
1667192100,1265.9,1266.1,1264.15,1264.25,985
1667192400,1264.25,1265.65,1263.9,1264.65,2388
1667192700,1264.65,1267.7,1264.65,1267.7,4376
1667193000,1267.7,1270.0,1267.7,1269.55,14168
1667193300,1269.55,1270.0,1266.25,1266.25,8153
1667193600,1266.25,1269.75,1266.25,1269.3,3080
1667193900,1269.3,1269.9,1268.75,1269.4,4249
1667194200,1269.4,1270.0,1268.5,1268.5,2302
1667194500,1268.5,1269.5,1268.5,1269.05,2343
1667194800,1269.05,1269.05,1266.3,1267.0,1845
1667195100,1267.0,1267.95,1265.8,1266.0,4969
1667195400,1266.0,1266.7,1265.0,1265.55,1301
1667195700,1265.3,1266.3,1265.3,1265.55,1727
1667196000,1265.5,1265.95,1264.75,1265.2,2069
1667196300,1265.2,1265.7,1264.75,1265.55,2406
1667196600,1265.55,1265.75,1264.85,1265.0,896
1667196900,1265.45,1265.45,1262.95,1263.3,5301
1667197200,1263.05,1265.0,1262.2,1264.2,2675
1667197500,1264.2,1264.35,1263.4,1264.25,982
1667197800,1264.25,1265.0,1263.25,1264.45,1377
1667198100,1264.45,1264.9,1263.8,1264.5,691
1667198400,1264.5,1265.0,1264.3,1264.9,11092
1667198700,1264.9,1265.0,1264.45,1265.0,1794
1667199000,1265.0,1265.0,1264.6,1264.95,436
1667199300,1264.95,1265.0,1264.95,1264.95,1074
1667199600,1264.95,1265.2,1264.0,1264.2,2757
1667199900,1264.2,1264.9,1263.85,1264.4,982
1667200200,1264.4,1265.0,1264.4,1264.8,659
1667200500,1264.8,1265.2,1264.8,1265.1,2408
1667200800,1265.1,1265.1,1263.6,1264.7,1892
1667201100,1264.7,1265.1,1263.65,1265.05,1799
1667201400,1265.05,1265.1,1263.8,1265.1,1429
1667201700,1265.1,1265.1,1264.4,1264.9,1102
1667202000,1264.9,1265.4,1264.55,1265.4,2363
1667202300,1265.4,1266.55,1265.15,1266.55,4072
1667202600,1266.55,1267.6,1265.0,1265.5,3854
1667202900,1265.5,1266.4,1265.0,1265.5,865
1667203200,1265.95,1266.0,1265.0,1265.6,519
1667203500,1265.25,1265.4,1264.45,1265.05,1281
1667203800,1264.65,1265.25,1264.1,1264.65,2002
1667204100,1264.65,1265.0,1264.4,1264.5,2184
1667204400,1264.5,1265.75,1264.5,1264.95,2441
1667204700,1264.95,1267.15,1264.95,1266.0,1423
1667205000,1266.35,1266.45,1265.15,1266.1,999
1667205300,1266.1,1267.0,1265.8,1266.25,1420
1667205600,1266.25,1266.6,1264.7,1265.2,740
1667205900,1265.2,1265.8,1263.05,1264.9,3294
1667206200,1265.55,1267.3,1265.55,1266.7,3904
1667206500,1266.7,1267.8,1265.75,1267.8,1698
1667206800,1267.8,1270.0,1267.8,1269.25,4294
1667207100,1269.25,1270.0,1268.1,1269.2,5012
1667207400,1269.2,1270.0,1268.4,1269.4,4833
1667207700,1269.2,1270.0,1268.25,1269.5,4749
1667208000,1269.5,1270.0,1268.45,1269.7,7102
1667208300,1269.7,1270.0,1268.1,1268.25,11991
1667208600,1268.15,1268.15,1265.55,1266.4,40330
1667208900,1266.15,1267.5,1265.8,1267.15,40412
1667209200,1267.15,1267.35,1264.9,1266.4,42257
1667209500,1266.35,1267.0,1264.5,1265.6,41308
1667209800,1265.55,1266.35,1264.2,1265.55,60055
1667210100,1265.5,1270.0,1265.45,1265.95,32555
1667274300,1265.95,1285.0,1260.05,1284.5,34663
1667274600,1284.5,1286.4,1278.15,1279.0,58526
1667274900,1280.4,1282.35,1278.9,1280.05,18116
1667275200,1280.05,1280.15,1274.4,1274.45,23442
1667275500,1274.8,1284.6,1274.65,1279.45,20247
1667275800,1279.5,1279.7,1275.65,1277.85,10384
1667276100,1277.85,1280.0,1276.0,1277.0,10947
1667276400,1277.0,1282.0,1275.25,1278.85,27507
1667276700,1278.85,1279.85,1276.05,1278.0,8184
1667277000,1278.0,1278.3,1275.0,1275.65,7538
1667277300,1275.65,1279.4,1275.2,1278.7,10336
1667277600,1278.7,1278.75,1276.15,1276.35,6546
1667277900,1276.35,1277.5,1276.0,1276.0,6518
1667278200,1276.0,1279.9,1275.2,1277.8,7389
1667278500,1277.8,1279.9,1277.75,1279.7,8887
1667278800,1279.7,1282.0,1279.35,1279.6,172583
1667279100,1279.6,1279.65,1278.85,1278.85,5737
1667279400,1278.95,1279.05,1278.7,1279.0,4359
1667279700,1278.7,1279.0,1274.9,1275.0,218223
1667280000,1275.0,1279.1,1274.85,1278.7,12826
1667280300,1278.7,1280.0,1278.2,1279.65,6824
1667280600,1279.65,1280.0,1279.05,1280.0,7227
1667280900,1280.0,1280.35,1279.3,1280.0,25121
1667281200,1280.0,1280.0,1278.85,1279.95,2661
1667281500,1279.95,1280.0,1278.75,1279.95,2851
1667281800,1279.95,1280.0,1278.5,1279.9,3283
1667282100,1279.35,1280.0,1278.0,1278.55,2831
1667282400,1278.55,1278.55,1276.1,1277.7,4087
1667282700,1277.7,1279.3,1277.7,1278.6,4689
1667283000,1279.25,1279.45,1277.6,1279.05,2658
1667283300,1279.05,1279.7,1278.2,1278.9,2298
1667283600,1278.9,1279.65,1278.25,1279.25,2161
1667283900,1279.25,1279.55,1277.65,1279.2,3450
1667284200,1279.2,1280.0,1278.15,1280.0,3337
1667284500,1279.95,1280.0,1278.1,1279.95,3391
1667284800,1279.95,1279.95,1278.4,1279.75,3849
1667285100,1279.8,1279.85,1278.45,1279.25,3212
1667285400,1279.0,1281.25,1278.35,1280.7,12613
1667285700,1280.7,1281.4,1279.2,1280.7,4897
1667286000,1280.7,1280.7,1279.05,1279.35,2847
1667286300,1279.35,1280.1,1278.05,1279.45,2286
1667286600,1279.45,1280.4,1278.6,1280.4,3600
1667286900,1280.4,1280.55,1276.8,1277.15,8760
1667287200,1277.15,1277.8,1275.15,1276.55,4302
1667287500,1276.5,1277.6,1275.55,1277.5,4094
1667287800,1277.5,1278.0,1274.95,1275.5,8667
1667288100,1275.5,1275.5,1271.3,1273.3,10407
1667288400,1273.3,1274.05,1272.7,1273.4,7086
1667288700,1273.4,1277.1,1272.15,1276.5,6310
1667289000,1276.1,1277.75,1275.5,1276.45,4526
1667289300,1276.45,1276.85,1275.3,1276.5,3262
1667289600,1276.5,1277.45,1275.4,1276.65,3961
1667289900,1276.2,1276.8,1274.1,1274.95,4460
1667290200,1274.95,1275.35,1270.85,1270.9,8419
1667290500,1270.9,1272.3,1270.1,1270.55,5744
1667290800,1270.55,1275.15,1270.15,1274.55,6748
1667291100,1274.55,1275.0,1272.0,1272.7,3971
1667291400,1272.7,1275.0,1272.35,1273.4,3727
1667291700,1273.4,1273.9,1271.4,1273.15,3518
1667292000,1273.15,1274.05,1272.7,1274.05,2724
1667292300,1274.2,1275.0,1273.0,1274.4,6421
1667292600,1273.8,1274.5,1272.8,1273.95,3579
1667292900,1273.95,1274.5,1272.5,1272.5,4569
1667293200,1272.2,1274.95,1272.05,1274.15,4093
1667293500,1274.15,1274.15,1272.05,1272.5,4390
1667293800,1272.65,1274.3,1271.5,1273.3,4532
1667294100,1273.3,1274.7,1271.55,1274.25,6781
1667294400,1274.3,1274.4,1270.25,1271.8,4532
1667294700,1271.8,1272.95,1267.0,1267.7,7477
1667295000,1264.8,1269.1,1264.75,1268.35,20356
1667295300,1268.3,1268.7,1266.7,1267.7,12280
1667295600,1268.5,1269.95,1267.15,1269.4,17328
1667295900,1269.15,1269.95,1268.1,1269.3,15674
1667296200,1269.3,1270.95,1268.8,1268.8,27264
1667296500,1268.75,1274.4,1266.8,1267.55,14971
1667360700,1275.1,1276.35,1268.35,1273.7,21588
1667361000,1273.5,1276.4,1269.3,1272.7,14579
1667361300,1272.7,1272.7,1266.5,1267.1,7058
1667361600,1267.1,1268.9,1265.1,1266.65,6783
1667361900,1266.85,1272.3,1265.8,1270.05,5219
1667362200,1270.05,1270.25,1267.05,1269.75,5144
1667362500,1269.75,1271.75,1268.25,1269.45,5643
1667362800,1270.0,1270.0,1267.1,1267.8,4371
1667363100,1267.8,1271.7,1266.9,1271.5,3109
1667363400,1271.5,1272.45,1269.0,1270.1,2946
1667363700,1270.1,1270.1,1265.0,1269.0,5290
1667364000,1269.0,1272.95,1268.15,1271.2,7256
1667364300,1271.2,1273.55,1271.0,1272.6,3516
1667364600,1273.0,1273.0,1269.0,1269.8,3144
1667364900,1269.8,1271.5,1268.2,1269.65,3887
1667365200,1269.65,1271.45,1269.05,1270.0,2588
1667365500,1269.75,1271.55,1267.35,1271.4,3939
1667365800,1271.4,1273.0,1270.5,1273.0,2963
1667366100,1272.6,1274.05,1271.2,1272.7,2845
1667366400,1272.7,1273.2,1268.9,1270.5,4368
1667366700,1270.5,1271.9,1268.75,1271.2,3028
1667367000,1271.2,1271.8,1267.4,1268.85,4189
1667367300,1268.85,1269.95,1268.05,1268.75,2765
1667367600,1268.35,1269.7,1267.75,1269.2,2352
1667367900,1269.2,1270.35,1268.75,1269.6,2340
1667368200,1269.25,1269.9,1267.7,1269.3,1716
1667368500,1269.3,1270.0,1267.8,1268.3,1511
1667368800,1268.3,1269.35,1266.5,1267.15,1958
1667369100,1267.15,1268.0,1266.4,1267.35,2454
1667369400,1267.35,1268.3,1266.7,1266.7,1847
1667369700,1266.4,1267.6,1265.65,1267.3,2912
1667370000,1267.3,1267.5,1266.15,1266.85,1777
1667370300,1266.85,1266.85,1263.9,1265.95,6181
1667370600,1265.95,1267.6,1264.05,1264.55,5292
1667370900,1264.55,1265.15,1264.2,1264.25,1025
1667371200,1264.25,1267.0,1264.25,1265.55,3227
1667371500,1265.55,1266.3,1262.5,1264.5,4419
1667371800,1265.25,1266.35,1264.6,1265.25,2256
1667372100,1265.25,1267.0,1265.25,1266.6,669
1667372400,1266.6,1267.35,1265.25,1265.25,1957
1667372700,1265.25,1266.05,1264.2,1264.55,1511
1667373000,1264.55,1264.8,1262.55,1263.6,5931
1667373300,1263.6,1265.75,1263.6,1264.8,1379
1667373600,1265.25,1265.55,1264.65,1265.55,3276
1667373900,1265.05,1267.0,1265.05,1266.15,3976
1667374200,1266.15,1267.95,1266.15,1267.65,6601
1667374500,1267.65,1271.95,1267.5,1271.55,5818
1667374800,1271.6,1273.0,1270.25,1272.65,6884
1667375100,1272.65,1274.0,1270.95,1273.75,8479
1667375400,1273.75,1273.95,1271.25,1272.65,6397
1667375700,1272.65,1272.7,1272.15,1272.25,1167
1667376000,1272.6,1273.0,1272.3,1273.0,3540
1667376300,1273.0,1273.0,1271.05,1271.9,3562
1667376600,1271.9,1272.05,1270.0,1270.6,2417
1667376900,1270.6,1271.45,1269.9,1270.0,2540
1667377200,1270.0,1271.4,1269.65,1270.0,2979
1667377500,1269.95,1270.85,1268.7,1269.6,1897
1667377800,1268.85,1269.95,1267.45,1268.8,3852
1667378100,1268.8,1269.9,1268.2,1268.9,3936
1667378400,1268.9,1271.2,1268.85,1270.2,4827
1667378700,1270.6,1272.0,1269.5,1271.8,2565
1667379000,1271.8,1272.5,1269.8,1271.3,3482
1667379300,1271.3,1271.95,1270.3,1271.3,1967
1667379600,1271.4,1274.0,1271.3,1273.8,5330
1667379900,1273.8,1277.0,1272.35,1274.15,14190
1667380200,1274.15,1279.4,1273.95,1276.0,20746
1667380500,1276.0,1276.0,1272.85,1273.6,4158
1667380800,1274.2,1275.0,1273.4,1274.25,2238
1667381100,1274.25,1275.95,1273.45,1273.45,6952
1667381400,1272.65,1275.35,1272.65,1274.0,8112
1667381700,1274.55,1274.9,1273.2,1274.7,7244
1667382000,1274.7,1274.7,1273.1,1273.2,5377
1667382300,1273.2,1274.0,1271.35,1271.65,9365
1667382600,1271.65,1271.7,1269.95,1271.4,17513
1667382900,1271.4,1274.3,1270.95,1274.2,8433
1667447100,1263.0,1272.6,1263.0,1272.0,14259
1667447400,1272.0,1272.0,1266.6,1268.8,8539
1667447700,1268.8,1270.9,1265.75,1268.25,9797
1667448000,1268.25,1271.25,1268.1,1271.1,3149
1667448300,1271.1,1271.2,1268.2,1268.5,4928
1667448600,1268.2,1268.4,1266.05,1267.8,3648
1667448900,1267.8,1268.45,1265.25,1265.5,4360
1667449200,1265.5,1270.45,1265.0,1270.0,4673
1667449500,1270.0,1270.2,1268.25,1268.5,2469
1667449800,1268.5,1268.6,1266.5,1266.9,2615
1667450100,1266.9,1268.45,1265.4,1268.45,1964
1667450400,1268.45,1275.0,1267.85,1274.55,38829
1667450700,1274.8,1276.0,1274.35,1275.85,18495
1667451000,1275.85,1275.9,1275.15,1275.15,1757
1667451300,1275.15,1275.9,1275.15,1275.65,2279
1667451600,1275.9,1275.9,1273.75,1274.45,5380
1667451900,1274.45,1274.8,1273.0,1274.05,6840
1667452200,1273.5,1274.45,1272.75,1273.35,1228
1667452500,1273.3,1273.7,1272.85,1273.45,1613
1667452800,1273.45,1273.6,1272.45,1272.8,1068
1667453100,1272.8,1272.8,1271.8,1271.8,754
1667453400,1272.25,1272.25,1269.85,1271.3,2900
1667453700,1271.3,1271.3,1268.85,1270.1,2825
1667454000,1270.1,1272.0,1270.1,1272.0,2061
1667454300,1272.0,1273.1,1271.65,1272.7,2195
1667454600,1272.7,1272.7,1271.7,1271.75,483
1667454900,1271.75,1272.0,1271.0,1272.0,884
1667455200,1272.0,1272.0,1270.55,1270.55,931
1667455500,1270.55,1270.55,1269.0,1269.0,555
1667455800,1269.0,1269.6,1267.8,1268.6,3278
1667456100,1268.6,1270.5,1267.8,1269.75,3998
1667456400,1269.75,1270.9,1269.75,1270.0,2463
1667456700,1270.0,1270.65,1270.0,1270.2,1381
1667457000,1270.0,1271.5,1270.0,1271.5,3184
1667457300,1271.1,1274.0,1271.1,1274.0,2218
1667457600,1274.0,1275.0,1273.9,1274.7,4205
1667457900,1274.7,1276.15,1274.15,1275.7,7975
1667458200,1275.7,1277.45,1275.05,1277.45,1765
1667458500,1277.45,1279.8,1277.3,1279.65,7109
1667458800,1279.65,1281.0,1277.8,1279.35,10844
1667459100,1279.35,1279.35,1277.65,1277.65,5496
1667459400,1278.5,1278.5,1276.55,1277.65,4483
1667459700,1277.65,1278.0,1277.05,1277.95,3034
1667460000,1277.95,1277.95,1275.15,1275.65,6586
1667460300,1275.95,1276.0,1274.65,1275.2,7396
1667460600,1275.2,1275.2,1273.4,1275.1,5099
1667460900,1275.1,1275.5,1275.0,1275.15,3136
1667461200,1275.15,1276.35,1274.6,1276.0,7991
1667461500,1276.0,1276.0,1274.4,1275.25,2549
1667461800,1275.85,1275.9,1274.75,1274.85,2146
1667462100,1274.85,1277.75,1274.85,1276.2,2895
1667462400,1276.75,1276.75,1275.55,1276.1,2173
1667462700,1276.1,1277.8,1276.1,1277.75,1989
1667463000,1277.75,1279.4,1277.4,1277.8,4160
1667463300,1277.8,1278.55,1277.0,1277.1,2639
1667463600,1277.1,1277.8,1275.8,1276.25,2440
1667463900,1276.25,1276.75,1274.55,1274.55,3072
1667464200,1274.55,1276.55,1274.55,1275.55,5691
1667464500,1275.55,1276.65,1275.5,1275.95,3454
1667464800,1275.95,1277.25,1274.95,1277.1,4054
1667465100,1276.75,1277.25,1275.9,1276.5,3856
1667465400,1276.5,1277.15,1275.95,1276.45,3269
1667465700,1276.45,1276.55,1274.55,1275.1,4154
1667466000,1275.1,1276.25,1273.7,1274.7,6204
1667466300,1274.75,1275.5,1274.1,1274.2,3090
1667466600,1274.2,1275.1,1273.5,1273.5,1873
1667466900,1273.5,1273.8,1272.5,1273.8,2099
1667467200,1274.3,1275.65,1273.45,1275.05,4796
1667467500,1275.05,1275.05,1271.2,1271.65,10826
1667467800,1271.7,1275.95,1271.7,1274.7,19946
1667468100,1274.7,1278.5,1274.0,1278.5,18442
1667468400,1278.45,1280.45,1276.1,1278.8,21465
1667468700,1278.75,1278.8,1275.45,1276.25,16953
1667469000,1276.25,1277.6,1275.35,1276.1,18987
1667469300,1276.1,1279.2,1272.5,1275.0,14680
1667533500,1280.0,1281.85,1272.85,1276.35,7673
1667533800,1275.25,1277.75,1274.05,1275.05,6154
1667534100,1275.05,1277.1,1274.65,1277.1,1350
1667534400,1277.1,1278.05,1272.55,1274.5,3226
1667534700,1274.85,1275.6,1273.3,1273.5,1901
1667535000,1274.05,1275.05,1271.5,1273.95,2404
1667535300,1273.25,1274.1,1268.8,1268.8,5016
1667535600,1269.35,1269.5,1267.55,1269.0,7245
1667535900,1269.0,1270.35,1269.0,1269.1,3428
1667536200,1269.1,1269.4,1264.05,1267.0,7328
1667536500,1267.0,1267.0,1264.2,1266.25,8607
1667536800,1266.25,1267.45,1265.0,1266.2,2220
1667537100,1266.2,1266.85,1265.55,1266.2,1155
1667537400,1266.3,1266.8,1265.35,1265.35,3512
1667537700,1266.0,1266.55,1265.45,1266.25,1545
1667538000,1266.25,1268.0,1266.25,1266.6,1089
1667538300,1266.6,1267.65,1265.95,1266.9,6955
1667538600,1266.9,1268.7,1266.9,1268.7,1378
1667538900,1268.7,1268.75,1266.8,1267.05,4822
1667539200,1267.05,1267.4,1266.45,1266.8,1003
1667539500,1266.8,1266.95,1265.15,1265.55,676
1667539800,1266.2,1266.25,1264.45,1264.8,7556
1667540100,1264.2,1266.8,1263.85,1265.55,1421
1667540400,1265.55,1266.25,1265.5,1265.55,1256
1667540700,1265.55,1266.0,1265.0,1265.8,6015
1667541000,1265.8,1266.25,1265.8,1266.1,1066
1667541300,1266.1,1266.6,1266.05,1266.15,655
1667541600,1266.2,1266.8,1265.05,1265.3,883
1667541900,1264.9,1265.1,1263.5,1264.1,5153
1667542200,1264.1,1265.25,1264.1,1264.2,976
1667542500,1264.2,1264.95,1263.9,1264.45,1291
1667542800,1264.95,1264.95,1263.05,1263.7,3238
1667543100,1264.2,1268.45,1263.5,1266.75,11008
1667543400,1266.75,1267.75,1266.4,1267.25,8435
1667543700,1267.25,1267.5,1266.25,1266.95,2635
1667544000,1266.95,1267.4,1265.85,1266.05,2941
1667544300,1266.05,1266.1,1264.05,1264.15,5298
1667544600,1264.1,1265.5,1264.05,1265.05,7017
1667544900,1265.05,1266.25,1265.05,1265.15,3123
1667545200,1265.15,1265.5,1264.6,1265.3,8197
1667545500,1265.3,1266.9,1264.95,1265.3,2777
1667545800,1265.3,1265.8,1264.55,1265.05,1021
1667546100,1265.05,1265.5,1264.85,1264.95,1468
1667546400,1264.95,1265.5,1264.2,1264.5,5893
1667546700,1265.05,1265.15,1264.55,1264.8,128
1667547000,1264.8,1265.2,1264.45,1264.9,710
1667547300,1264.9,1265.15,1264.45,1264.55,6660
1667547600,1264.55,1265.1,1263.95,1264.3,695
1667547900,1264.3,1265.1,1264.3,1265.0,461
1667548200,1265.1,1265.1,1264.75,1265.1,6516
1667548500,1265.15,1265.15,1264.3,1264.95,5953
1667548800,1265.1,1265.2,1264.3,1265.0,2007
1667549100,1265.0,1265.45,1264.2,1264.85,1394
1667549400,1264.85,1265.2,1264.85,1264.95,887
1667549700,1265.0,1265.45,1263.45,1263.45,1796
1667550000,1263.45,1265.0,1263.05,1265.0,3096
1667550300,1264.95,1265.35,1264.2,1264.45,2940
1667550600,1264.2,1264.65,1263.1,1263.8,1439
1667550900,1263.8,1264.15,1260.6,1261.25,6907
1667551200,1261.15,1262.1,1260.1,1261.95,3573
1667551500,1261.85,1262.3,1260.85,1261.55,2418
1667551800,1261.55,1262.0,1259.5,1259.8,4125
1667552100,1259.8,1261.55,1259.8,1261.25,2306
1667552400,1261.25,1262.55,1260.7,1262.25,2772
1667552700,1262.25,1262.6,1261.1,1262.55,3937
1667553000,1262.6,1265.0,1261.7,1264.6,11941
1667553300,1264.6,1265.35,1264.05,1265.0,4324
1667553600,1265.0,1265.15,1264.0,1264.95,14840
1667553900,1264.65,1265.35,1264.65,1265.0,8622
1667554200,1265.05,1265.55,1264.1,1264.4,5544
1667554500,1264.35,1265.0,1263.6,1264.7,10495
1667554800,1264.8,1265.0,1264.05,1264.75,12488
1667555100,1265.0,1266.4,1264.75,1265.0,11056
1667555400,1265.6,1267.0,1264.2,1266.95,13445
1667555700,1266.95,1268.95,1263.4,1263.4,14437
1667792700,1271.95,1276.95,1266.5,1272.8,15334
1667793000,1272.85,1275.15,1271.7,1273.9,12658
1667793300,1273.5,1274.6,1271.95,1273.75,8321
1667793600,1273.75,1275.4,1270.45,1271.3,6470
1667793900,1270.85,1271.75,1268.8,1271.2,4384
1667794200,1271.2,1271.6,1269.35,1270.7,7212
1667794500,1270.7,1271.35,1268.6,1269.45,21351
1667794800,1269.45,1269.45,1265.6,1266.15,5180
1667795100,1266.0,1269.45,1265.4,1269.05,11605
1667795400,1268.55,1269.7,1267.05,1267.55,2515
1667795700,1267.55,1270.95,1267.35,1270.05,4690
1667796000,1270.05,1270.05,1268.2,1268.3,2284
1667796300,1268.3,1268.3,1266.5,1267.05,1628
1667796600,1267.3,1270.15,1266.65,1270.0,6570
1667796900,1270.0,1270.0,1267.5,1269.9,2949
1667797200,1269.9,1271.65,1269.6,1270.5,12107
1667797500,1270.5,1271.55,1270.0,1271.5,3328
1667797800,1271.55,1271.55,1269.5,1270.8,2430
1667798100,1270.8,1272.05,1268.6,1270.4,9777
1667798400,1270.4,1271.8,1269.8,1270.7,4672
1667798700,1270.65,1271.0,1269.2,1270.6,4230
1667799000,1270.6,1272.0,1270.2,1270.2,4364
1667799300,1270.5,1271.3,1269.9,1270.4,3358
1667799600,1270.4,1270.4,1268.75,1270.0,4932
1667799900,1270.0,1270.3,1268.75,1269.15,2169
1667800200,1269.15,1270.95,1268.95,1270.55,4957
1667800500,1270.55,1270.55,1268.35,1268.35,2382
1667800800,1268.1,1270.0,1268.1,1268.95,17034
1667801100,1268.95,1269.7,1268.55,1268.6,1388
1667801400,1268.6,1268.75,1267.3,1267.3,5163
1667801700,1267.3,1268.4,1266.8,1268.1,3380
1667802000,1268.1,1268.25,1267.35,1267.35,1125
1667802300,1267.35,1269.85,1267.0,1269.75,9246
1667802600,1269.75,1270.7,1268.05,1269.7,2890
1667802900,1269.7,1269.95,1268.1,1268.35,2226
1667803200,1268.35,1270.2,1268.35,1270.05,1459
1667803500,1270.05,1270.3,1269.55,1270.2,1389
1667803800,1270.2,1270.65,1270.0,1270.2,1266
1667804100,1270.2,1271.25,1270.2,1270.55,1953
1667804400,1270.55,1271.45,1269.85,1269.85,1449
1667804700,1269.8,1269.8,1268.45,1269.4,1586
1667805000,1269.4,1269.4,1267.65,1267.8,3427
1667805300,1267.8,1268.45,1267.05,1268.2,9765
1667805600,1268.2,1269.2,1267.7,1267.7,1709
1667805900,1267.7,1267.9,1267.3,1267.55,1243
1667806200,1267.55,1269.5,1267.45,1267.8,2600
1667806500,1267.8,1269.0,1267.45,1268.3,2703
1667806800,1268.3,1269.65,1268.25,1269.0,2291
1667807100,1269.0,1270.75,1268.65,1270.3,2556
1667807400,1270.25,1270.4,1268.35,1269.0,1718
1667807700,1268.5,1269.4,1267.6,1269.0,10721
1667808000,1269.0,1269.1,1267.0,1268.15,4527
1667808300,1268.15,1270.9,1268.05,1270.9,2367
1667808600,1271.05,1271.15,1268.85,1269.1,1819
1667808900,1269.1,1270.35,1269.1,1270.3,1677
1667809200,1270.3,1270.65,1269.0,1269.5,5861
1667809500,1269.55,1271.15,1268.85,1271.15,7285
1667809800,1271.15,1272.65,1270.4,1271.05,3914
1667810100,1271.05,1273.05,1270.0,1272.05,8611
1667810400,1272.05,1273.2,1270.15,1270.8,2111
1667810700,1270.8,1273.05,1270.8,1271.75,1271
1667811000,1271.75,1272.9,1271.7,1272.4,2386
1667811300,1272.4,1274.5,1272.1,1274.4,3058
1667811600,1274.4,1276.1,1274.4,1275.05,4309
1667811900,1275.05,1275.95,1274.15,1274.6,12469
1667812200,1274.6,1275.1,1272.6,1273.85,2404
1667812500,1273.85,1275.5,1273.55,1273.55,5775
1667812800,1273.55,1275.8,1273.25,1274.15,6930
1667813100,1274.15,1275.7,1272.0,1275.0,6829
1667813400,1274.6,1279.7,1274.6,1278.75,22887
1667813700,1278.75,1279.4,1276.8,1277.75,23782
1667814000,1277.55,1280.0,1277.55,1280.0,16301
1667814300,1279.95,1280.55,1277.0,1277.25,26955
1667814600,1276.9,1280.3,1276.45,1279.85,23358
1667814900,1279.85,1282.0,1276.55,1279.3,14025
1667965500,1290.0,1290.0,1283.0,1284.85,26186
1667965800,1284.85,1286.2,1283.1,1286.0,82365
1667966100,1286.0,1286.0,1280.25,1281.95,11820
1667966400,1281.95,1285.3,1281.55,1282.3,9268
1667966700,1282.6,1283.9,1280.5,1281.6,2863
1667967000,1281.6,1282.65,1278.55,1279.95,7676
1667967300,1279.9,1281.0,1278.9,1281.0,3248
1667967600,1281.0,1282.6,1280.65,1281.5,4674
1667967900,1281.5,1281.65,1277.55,1277.55,3729
1667968200,1277.55,1277.85,1274.05,1276.4,6947
1667968500,1276.4,1277.5,1273.8,1274.1,4222
1667968800,1274.1,1274.75,1272.0,1272.55,3826
1667969100,1272.55,1273.6,1272.45,1272.7,2666
1667969400,1272.7,1273.1,1271.3,1271.7,2433
1667969700,1271.7,1272.3,1271.3,1271.45,2902
1667970000,1271.45,1271.45,1268.85,1269.0,6174
1667970300,1269.0,1270.0,1268.4,1269.6,2806
1667970600,1269.6,1269.6,1267.55,1267.75,7647
1667970900,1267.75,1268.95,1267.6,1267.85,255762
1667971200,1267.85,1268.45,1261.0,1264.0,15237
1667971500,1264.0,1264.0,1259.1,1259.9,17250
1667971800,1259.9,1260.9,1258.55,1260.1,18369
1667972100,1260.1,1267.15,1259.95,1265.7,19021
1667972400,1265.75,1268.0,1265.75,1267.4,12063
1667972700,1267.4,1268.9,1267.2,1267.4,5677
1667973000,1267.4,1268.1,1267.1,1267.4,3874
1667973300,1267.4,1268.0,1266.35,1267.55,33227
1667973600,1267.55,1268.0,1267.3,1267.45,8117
1667973900,1267.45,1268.0,1267.3,1268.0,6598
1667974200,1268.0,1268.0,1267.65,1267.65,5365
1667974500,1267.65,1267.65,1267.2,1267.3,2162
1667974800,1267.3,1268.0,1267.25,1267.7,4853
1667975100,1267.75,1269.05,1267.75,1268.0,4692
1667975400,1268.0,1268.0,1266.9,1266.9,1820
1667975700,1266.9,1268.0,1266.75,1267.95,3487
1667976000,1267.45,1267.95,1265.4,1265.45,8198
1667976300,1265.0,1266.0,1261.2,1261.7,66084
1667976600,1262.4,1263.0,1261.0,1262.8,9399
1667976900,1262.8,1263.0,1261.65,1262.2,2528
1667977200,1262.2,1263.85,1262.0,1262.65,3448
1667977500,1262.6,1265.25,1262.6,1263.4,3751
1667977800,1263.4,1265.4,1263.15,1264.45,3591
1667978100,1264.45,1265.55,1264.45,1265.3,1300
1667978400,1265.5,1266.05,1264.6,1264.8,2370
1667978700,1264.8,1266.95,1264.7,1266.55,2419
1667979000,1266.85,1267.7,1266.1,1267.55,2969
1667979300,1266.95,1268.4,1266.9,1266.9,2050
1667979600,1266.95,1268.0,1266.9,1267.05,3054
1667979900,1267.05,1268.0,1266.95,1267.65,4221
1667980200,1267.65,1268.45,1267.45,1267.9,2482
1667980500,1267.9,1268.0,1267.5,1267.75,2903
1667980800,1267.75,1268.55,1267.75,1268.05,1498
1667981100,1268.05,1268.8,1268.05,1268.35,1387
1667981400,1268.35,1268.5,1267.6,1267.85,1268
1667981700,1267.8,1268.8,1267.8,1268.0,1942
1667982000,1267.9,1267.95,1266.65,1266.65,1289
1667982300,1266.65,1268.0,1265.8,1267.85,2076
1667982600,1267.85,1268.0,1266.35,1267.05,1625
1667982900,1267.05,1267.5,1266.6,1267.1,2395
1667983200,1267.15,1268.0,1267.15,1267.95,1378
1667983500,1267.95,1268.0,1265.6,1266.15,5256
1667983800,1266.25,1267.45,1265.0,1265.05,4042
1667984100,1265.05,1265.35,1264.05,1264.5,4205
1667984400,1264.45,1264.45,1262.45,1262.6,4440
1667984700,1262.6,1263.2,1261.3,1261.3,9053
1667985000,1261.3,1261.55,1258.9,1258.9,11255
1667985300,1258.9,1260.25,1256.05,1256.85,9673
1667985600,1257.05,1258.85,1256.45,1257.85,13208
1667985900,1258.25,1258.25,1257.1,1258.05,20438
1667986200,1258.15,1261.55,1257.95,1261.2,24631
1667986500,1261.5,1265.35,1261.2,1264.95,23429
1667986800,1265.0,1265.0,1263.5,1263.7,25645
1667987100,1263.7,1265.95,1263.3,1265.95,26500
1667987400,1265.95,1267.2,1263.1,1264.95,39306
1667987700,1264.95,1265.5,1259.7,1263.0,24133
1668051900,1268.1,1268.1,1250.0,1262.85,15287
1668052200,1262.85,1265.95,1259.5,1260.9,6392
1668052500,1260.9,1260.9,1257.05,1257.8,4929
1668052800,1257.8,1257.9,1253.85,1255.0,5001
1668053100,1255.0,1255.0,1249.0,1249.95,10782
1668053400,1250.0,1250.0,1248.15,1249.0,7088
1668053700,1249.0,1249.8,1248.0,1248.7,3848
1668054000,1248.45,1248.45,1245.55,1246.95,5988
1668054300,1246.95,1247.25,1244.3,1245.0,6758
1668054600,1245.0,1246.4,1244.3,1244.8,5464
1668054900,1244.8,1246.0,1244.5,1245.8,3772
1668055200,1246.0,1246.05,1245.1,1245.4,6199
1668055500,1245.4,1247.5,1245.4,1247.0,5161
1668055800,1247.0,1247.0,1243.65,1244.1,11082
1668056100,1244.1,1244.4,1243.2,1243.2,7378
1668056400,1243.25,1243.25,1240.5,1241.15,13752
1668056700,1241.15,1241.5,1238.25,1239.55,11397
1668057000,1239.55,1240.25,1238.45,1238.9,5928
1668057300,1238.9,1240.35,1238.55,1239.45,4044
1668057600,1238.85,1240.45,1238.85,1239.0,2424
1668057900,1239.0,1240.45,1237.05,1238.2,3683
1668058200,1238.2,1239.0,1238.2,1238.9,2490
1668058500,1238.9,1239.85,1238.45,1239.0,2427
1668058800,1239.0,1239.8,1238.5,1238.95,4099
1668059100,1238.95,1239.6,1237.0,1237.95,4396
1668059400,1237.6,1238.05,1234.0,1234.7,10157
1668059700,1234.7,1236.75,1234.3,1235.05,3977
1668060000,1235.05,1235.4,1231.75,1233.5,6886
1668060300,1233.9,1234.1,1233.0,1233.35,3341
1668060600,1233.8,1234.0,1233.3,1234.0,5758
1668060900,1234.0,1234.0,1233.0,1233.65,4400
1668061200,1233.65,1234.25,1232.85,1233.95,6188
1668061500,1233.95,1234.0,1231.9,1232.05,9283
1668061800,1232.05,1233.05,1230.4,1230.55,4639
1668062100,1230.55,1231.15,1230.25,1230.25,2624
1668062400,1230.25,1231.1,1229.2,1229.2,4208
1668062700,1229.2,1230.0,1228.6,1229.0,5300
1668063000,1229.0,1229.25,1227.75,1228.0,21702
1668063300,1228.0,1228.85,1225.95,1225.95,12798
1668063600,1225.95,1228.05,1225.95,1227.3,17416
1668063900,1227.3,1231.95,1227.3,1230.8,8548
1668064200,1230.8,1232.55,1230.8,1232.3,5030
1668064500,1232.3,1234.35,1231.3,1234.25,9646
1668064800,1234.25,1234.7,1232.75,1233.7,7281
1668065100,1233.7,1234.0,1231.85,1231.95,7626
1668065400,1231.95,1233.45,1230.85,1230.85,6065
1668065700,1230.85,1231.65,1230.1,1230.45,3596
1668066000,1230.55,1231.25,1229.35,1229.95,6044
1668066300,1229.95,1231.0,1229.5,1230.55,3579
1668066600,1230.55,1231.4,1228.85,1229.0,8037
1668066900,1229.0,1232.5,1228.95,1232.5,7428
1668067200,1232.5,1234.0,1232.3,1233.7,3843
1668067500,1233.05,1234.0,1233.0,1233.2,2358
1668067800,1233.2,1233.6,1232.05,1232.85,2880
1668068100,1232.85,1233.4,1231.85,1232.5,2185
1668068400,1232.5,1232.9,1231.85,1232.5,858
1668068700,1232.5,1233.0,1231.6,1232.25,2727
1668069000,1231.9,1234.05,1231.9,1233.65,4103
1668069300,1233.85,1234.05,1232.15,1233.2,3766
1668069600,1233.2,1233.85,1231.8,1231.85,1633
1668069900,1231.7,1232.7,1231.25,1232.0,1919
1668070200,1232.0,1232.25,1230.45,1231.8,1794
1668070500,1231.8,1232.2,1230.75,1231.5,1665
1668070800,1231.5,1233.15,1231.05,1233.15,3442
1668071100,1233.15,1234.0,1231.25,1231.25,3254
1668071400,1231.55,1233.45,1230.75,1232.0,2104
1668071700,1231.15,1232.2,1230.95,1231.5,2659
1668072000,1231.2,1233.45,1230.2,1233.45,4426
1668072300,1233.45,1233.45,1230.6,1232.5,12497
1668072600,1232.4,1237.35,1231.25,1236.3,16106
1668072900,1236.15,1239.55,1235.75,1239.55,12424
1668073200,1239.55,1239.95,1238.75,1239.5,14908
1668073500,1239.5,1240.0,1238.5,1239.55,12841
1668073800,1239.9,1241.95,1238.55,1240.25,13937
1668074100,1240.2,1240.7,1233.0,1240.4,17727
1668138300,1251.0,1261.15,1251.0,1259.55,23243
1668138600,1260.1,1262.25,1258.0,1260.1,13692
1668138900,1259.9,1261.45,1258.7,1259.65,9408
1668139200,1259.65,1263.2,1257.95,1260.2,21300
1668139500,1260.2,1263.0,1258.0,1260.55,8708
1668139800,1260.55,1261.4,1257.95,1259.5,11252
1668140100,1259.65,1261.55,1259.25,1261.5,3611
1668140400,1261.5,1263.9,1261.05,1261.75,7207
1668140700,1261.75,1262.85,1260.65,1262.3,4768
1668141000,1261.65,1264.0,1261.65,1263.5,10998
1668141300,1263.5,1267.0,1262.65,1266.9,15129
1668141600,1266.9,1266.9,1265.1,1265.2,4915
1668141900,1265.85,1268.7,1264.25,1264.9,25382
1668142200,1264.9,1266.8,1263.3,1266.55,24484
1668142500,1266.55,1268.75,1266.0,1268.5,11162
1668142800,1268.5,1271.85,1268.1,1271.85,17443
1668143100,1271.85,1273.2,1269.3,1269.7,12535
1668143400,1270.3,1271.15,1268.35,1268.75,8737
1668143700,1268.75,1269.75,1267.25,1268.0,76840
1668144000,1267.4,1267.4,1262.9,1263.35,22379
1668144300,1263.35,1263.45,1261.7,1263.3,10987
1668144600,1263.3,1265.7,1261.85,1265.15,13085
1668144900,1264.7,1265.3,1262.2,1262.75,13354
1668145200,1262.75,1263.2,1260.6,1261.85,9156
1668145500,1261.85,1262.5,1261.3,1261.7,9080
1668145800,1261.7,1261.9,1259.0,1259.75,17798
1668146100,1259.75,1259.9,1257.35,1257.35,14183
1668146400,1257.35,1259.0,1257.2,1258.35,8013
1668146700,1258.35,1260.0,1258.25,1258.35,7673
1668147000,1258.35,1258.85,1253.8,1254.5,17974
1668147300,1254.5,1255.05,1249.15,1249.95,20203
1668147600,1249.9,1251.65,1249.05,1250.0,8414
1668147900,1249.7,1251.35,1249.25,1250.4,9853
1668148200,1250.55,1250.7,1249.05,1249.85,6195
1668148500,1250.0,1251.8,1249.6,1250.0,8239
1668148800,1250.0,1251.5,1249.35,1250.15,5260
1668149100,1250.15,1251.3,1249.55,1250.1,5298
1668149400,1250.1,1250.85,1248.8,1250.0,3804
1668149700,1250.0,1250.85,1248.1,1248.65,5309
1668150000,1248.65,1249.15,1244.5,1248.2,14983
1668150300,1248.2,1248.2,1245.2,1245.2,4165
1668150600,1245.2,1245.75,1244.05,1245.15,4965
1668150900,1245.15,1246.75,1243.6,1244.15,7623
1668151200,1244.05,1245.75,1243.7,1244.7,6801
1668151500,1244.7,1244.7,1243.5,1243.7,2505
1668151800,1243.7,1243.7,1241.15,1242.45,5456
1668152100,1242.45,1244.5,1240.4,1244.5,5278
1668152400,1244.5,1245.15,1244.3,1245.05,12702
1668152700,1245.05,1246.0,1243.6,1245.05,5083
1668153000,1245.05,1245.35,1241.0,1241.3,5477
1668153300,1241.4,1242.9,1240.5,1240.85,4778
1668153600,1240.85,1242.15,1238.7,1239.4,5558
1668153900,1239.05,1240.2,1239.0,1240.1,3010
1668154200,1240.1,1241.35,1239.65,1240.1,65952
1668154500,1240.1,1240.1,1238.35,1239.95,6082
1668154800,1239.95,1240.0,1239.05,1240.0,2425
1668155100,1240.0,1243.35,1239.7,1243.0,10412
1668155400,1243.4,1244.45,1239.6,1240.4,10220
1668155700,1240.4,1243.0,1240.0,1241.65,236728
1668156000,1241.8,1244.25,1241.8,1243.3,7632
1668156300,1243.3,1244.1,1241.15,1241.2,7845
1668156600,1241.45,1242.4,1240.7,1240.75,5746
1668156900,1240.75,1242.05,1240.4,1240.75,5843
1668157200,1240.75,1242.95,1240.45,1242.05,7772
1668157500,1242.0,1245.55,1242.0,1245.25,7491
1668157800,1245.6,1246.35,1243.35,1244.0,12044
1668158100,1244.5,1245.2,1244.25,1244.75,10292
1668158400,1244.55,1245.75,1244.05,1245.3,7455
1668158700,1245.3,1245.75,1245.0,1245.1,7024
1668159000,1245.3,1250.0,1245.3,1249.95,13470
1668159300,1249.95,1251.4,1249.1,1251.05,14352
1668159600,1251.05,1251.95,1249.65,1251.85,16112
1668159900,1250.45,1252.0,1249.8,1252.0,18209
1668160200,1252.0,1252.0,1249.75,1251.05,26702
1668160500,1251.2,1253.1,1245.75,1253.1,16667
1668397500,1251.0,1259.45,1246.7,1254.45,17889
1668397800,1254.45,1254.75,1250.4,1250.4,10888
1668398100,1251.1,1251.1,1247.2,1247.4,3377
1668398400,1247.75,1248.75,1245.75,1246.6,3633
1668398700,1246.6,1249.15,1246.0,1248.45,3412
1668399000,1248.45,1253.95,1248.25,1253.85,5871
1668399300,1253.85,1258.05,1253.65,1254.7,8179
1668399600,1254.7,1254.7,1251.85,1254.7,3496
1668399900,1254.7,1258.95,1254.7,1258.4,16794
1668400200,1258.4,1258.75,1254.8,1255.7,7187
1668400500,1255.7,1255.7,1252.0,1252.25,2959
1668400800,1252.25,1252.25,1250.85,1252.1,2095
1668401100,1252.1,1252.1,1249.7,1250.85,3406
1668401400,1250.85,1250.95,1249.45,1250.1,3530
1668401700,1250.1,1250.9,1250.0,1250.85,3571
1668402000,1250.85,1251.0,1250.0,1250.4,2880
1668402300,1250.4,1253.45,1250.35,1253.45,4048
1668402600,1253.45,1253.45,1250.55,1251.85,3964
1668402900,1251.85,1257.45,1251.65,1256.65,6509
1668403200,1256.65,1259.9,1256.65,1259.0,12888
1668403500,1259.0,1259.5,1255.95,1256.75,5932
1668403800,1256.75,1257.35,1255.0,1255.25,7774
1668404100,1255.25,1255.6,1253.05,1253.45,3768
1668404400,1253.45,1254.0,1252.0,1253.25,3193
1668404700,1253.25,1254.35,1252.35,1252.65,3525
1668405000,1252.65,1254.15,1252.0,1252.5,3699
1668405300,1252.5,1253.35,1251.9,1252.05,2810
1668405600,1252.05,1252.1,1250.3,1251.0,2817
1668405900,1251.0,1251.7,1250.65,1250.65,1776
1668406200,1250.65,1251.2,1250.0,1250.0,4200
1668406500,1250.0,1250.75,1250.0,1250.6,17769
1668406800,1250.6,1252.05,1250.0,1250.0,6474
1668407100,1250.0,1255.35,1250.0,1255.3,33775
1668407400,1255.3,1255.3,1253.25,1253.25,6840
1668407700,1253.25,1253.25,1250.0,1250.3,6472
1668408000,1250.35,1251.8,1249.7,1250.8,6610
1668408300,1250.8,1252.5,1249.8,1250.55,6636
1668408600,1250.55,1250.55,1249.3,1249.5,11004
1668408900,1249.5,1250.0,1249.3,1249.8,9779
1668409200,1249.8,1249.8,1248.2,1249.05,4451
1668409500,1249.05,1249.25,1248.75,1248.8,2587
1668409800,1248.85,1248.85,1248.5,1248.85,6175
1668410100,1248.85,1248.85,1248.25,1248.25,7330
1668410400,1248.25,1248.55,1246.05,1248.3,12650
1668410700,1248.3,1248.35,1245.0,1245.6,6888
1668411000,1245.65,1247.25,1244.45,1246.8,114258
1668411300,1246.8,1247.9,1246.05,1247.85,8119
1668411600,1247.8,1247.85,1247.8,1247.85,5285
1668411900,1247.85,1247.85,1247.0,1247.0,5142
1668412200,1247.0,1247.2,1245.0,1245.2,5671
1668412500,1245.2,1246.0,1245.1,1245.35,8324
1668412800,1245.85,1246.0,1245.0,1245.15,3557
1668413100,1245.15,1245.3,1244.15,1245.3,5859
1668413400,1245.3,1245.75,1245.3,1245.75,3509
1668413700,1245.75,1245.75,1241.1,1241.1,25121
1668414000,1241.1,1242.4,1240.0,1241.1,22517
1668414300,1241.1,1242.15,1239.95,1240.3,21987
1668414600,1240.3,1243.35,1240.3,1242.45,5256
1668414900,1242.45,1245.75,1242.45,1245.0,7568
1668415200,1245.0,1245.75,1244.95,1245.75,4962
1668415500,1245.75,1248.65,1245.7,1248.0,9331
1668415800,1248.35,1250.0,1247.65,1248.6,13849
1668416100,1248.6,1250.05,1248.55,1249.95,14220
1668416400,1249.95,1250.0,1248.65,1250.0,9026
1668416700,1249.95,1250.1,1248.7,1249.7,12030
1668417000,1249.7,1249.75,1249.65,1249.7,6866
1668417300,1249.7,1250.05,1248.8,1250.0,20722
1668417600,1250.0,1250.05,1248.8,1249.55,25393
1668417900,1249.7,1250.0,1249.0,1249.95,6205
1668418200,1249.9,1250.95,1249.05,1249.05,28622
1668418500,1249.05,1250.0,1247.65,1249.65,15878
1668418800,1249.65,1249.7,1247.5,1248.25,8653
1668419100,1248.25,1248.6,1246.75,1246.9,13759
1668419400,1246.9,1247.6,1246.9,1247.6,15830
1668419700,1247.6,1248.8,1241.95,1244.15,12951
1668483900,1248.6,1248.6,1238.5,1242.95,16627
1668484200,1246.3,1257.3,1242.85,1244.25,24876
1668484500,1243.55,1246.75,1243.55,1246.65,3945
1668484800,1246.65,1248.0,1245.95,1247.35,3534
1668485100,1247.35,1247.35,1245.25,1246.0,1657
1668485400,1246.0,1247.35,1245.0,1245.25,4726
1668485700,1245.25,1246.5,1244.7,1246.0,2962
1668486000,1245.95,1249.9,1245.85,1248.7,8652
1668486300,1248.7,1249.15,1247.0,1248.75,3931
1668486600,1248.8,1248.95,1246.1,1247.1,6859
1668486900,1247.1,1247.95,1246.7,1246.7,1096
1668487200,1246.7,1248.3,1246.2,1248.25,2000
1668487500,1248.25,1250.0,1247.8,1249.75,3817
1668487800,1249.55,1249.95,1249.0,1249.75,1610
1668488100,1249.75,1250.0,1248.8,1249.95,10014
1668488400,1249.95,1250.35,1248.9,1249.1,162846
1668488700,1249.25,1249.4,1248.3,1249.05,2727
1668489000,1249.05,1249.5,1248.65,1249.25,1743
1668489300,1249.25,1250.4,1249.25,1249.5,2422
1668489600,1249.5,1249.5,1249.0,1249.05,4998
1668489900,1249.05,1249.4,1248.65,1249.4,8160
1668490200,1249.3,1249.95,1248.8,1249.05,5065
1668490500,1249.05,1249.85,1248.8,1249.15,5633
1668490800,1249.15,1249.65,1249.0,1249.0,3404
1668491100,1249.0,1249.7,1248.65,1249.1,3560
1668491400,1249.1,1249.7,1249.0,1249.3,157618
1668491700,1249.3,1249.4,1247.5,1247.55,3403
1668492000,1247.55,1248.3,1246.45,1247.8,2503
1668492300,1247.8,1247.8,1246.1,1246.5,1510
1668492600,1246.5,1247.25,1246.5,1247.15,1023
1668492900,1247.15,1247.15,1243.7,1243.7,4268
1668493200,1243.7,1244.7,1243.1,1244.05,2882
1668493500,1244.05,1244.1,1242.1,1242.55,4860
1668493800,1242.55,1246.6,1242.5,1245.85,3822
1668494100,1245.9,1247.25,1245.4,1247.05,7486
1668494400,1247.2,1247.25,1246.15,1246.85,3012
1668494700,1246.85,1248.85,1246.4,1248.35,3229
1668495000,1248.35,1249.8,1248.25,1249.55,5912
1668495300,1249.55,1250.9,1248.5,1248.5,18837
1668495600,1248.5,1250.6,1248.5,1249.05,9124
1668495900,1249.05,1249.65,1248.75,1249.25,841
1668496200,1249.25,1250.0,1248.8,1249.35,4635
1668496500,1249.35,1250.0,1249.0,1249.2,1964
1668496800,1249.2,1249.8,1248.75,1249.2,1254
1668497100,1249.2,1250.0,1248.85,1249.35,2202
1668497400,1249.35,1250.7,1249.3,1249.5,3317
1668497700,1249.5,1250.95,1249.5,1249.95,4524
1668498000,1249.95,1250.65,1249.45,1249.95,1855
1668498300,1249.95,1250.1,1249.9,1249.95,2771
1668498600,1249.7,1250.3,1249.65,1249.65,1580
1668498900,1249.65,1249.9,1249.35,1249.35,1170
1668499200,1249.35,1249.95,1248.8,1249.15,1146
1668499500,1248.8,1249.5,1248.8,1249.35,1420
1668499800,1249.35,1250.0,1249.25,1249.65,2940
1668500100,1249.65,1250.0,1249.6,1249.75,3826
1668500400,1249.8,1250.0,1249.6,1249.7,4143
1668500700,1249.7,1249.7,1248.9,1249.55,1915
1668501000,1249.5,1250.0,1249.25,1249.25,2980
1668501300,1249.25,1249.45,1249.0,1249.25,1947
1668501600,1249.3,1250.0,1248.0,1249.65,17393
1668501900,1249.8,1250.3,1249.65,1249.85,2358
1668502200,1249.85,1250.45,1248.95,1249.65,17774
1668502500,1249.65,1250.45,1249.35,1249.65,2392
1668502800,1249.65,1250.45,1249.35,1249.7,3426
1668503100,1249.7,1250.45,1249.45,1249.9,6750
1668503400,1249.9,1250.4,1249.4,1249.8,6086
1668503700,1250.0,1251.95,1249.7,1251.5,6993
1668504000,1251.55,1252.45,1249.7,1250.75,6763
1668504300,1250.5,1255.0,1249.7,1255.0,8126
1668504600,1255.2,1259.5,1255.1,1257.75,27949
1668504900,1258.15,1261.25,1257.75,1261.0,20019
1668505200,1261.2,1261.75,1259.0,1259.7,20507
1668505500,1259.65,1260.2,1258.35,1259.65,17778
1668505800,1259.75,1260.15,1258.7,1258.95,23732
1668506100,1258.95,1262.0,1257.95,1262.0,14361
1668570300,1260.0,1265.55,1247.9,1257.2,23689
1668570600,1257.2,1257.6,1253.55,1255.0,4776
1668570900,1255.0,1255.9,1251.6,1252.15,3932
1668571200,1252.15,1253.0,1250.55,1253.0,5511
1668571500,1253.0,1253.5,1251.2,1251.2,4101
1668571800,1252.1,1253.0,1251.0,1252.15,5342
1668572100,1252.15,1252.6,1250.5,1251.25,2558
1668572400,1251.65,1253.95,1250.85,1252.45,7045
1668572700,1252.45,1252.45,1248.8,1249.85,6085
1668573000,1249.8,1250.55,1248.75,1250.05,12875
1668573300,1250.05,1251.55,1249.2,1251.45,2956
1668573600,1251.45,1253.0,1250.8,1252.6,254691
1668573900,1252.6,1255.9,1251.05,1251.1,11214
1668574200,1251.15,1252.3,1251.0,1251.05,20766
1668574500,1251.2,1252.25,1250.85,1250.9,78816
1668574800,1250.9,1251.0,1249.85,1249.95,6494
1668575100,1250.0,1250.0,1248.7,1249.55,11909
1668575400,1249.55,1250.0,1246.85,1248.7,7242
1668575700,1248.7,1250.0,1247.6,1250.0,4324
1668576000,1250.0,1250.0,1249.55,1249.95,6452
1668576300,1250.0,1250.0,1249.55,1250.0,9583
1668576600,1250.0,1250.0,1249.15,1249.8,4366
1668576900,1249.7,1250.0,1246.3,1248.5,12511
1668577200,1248.45,1248.95,1248.0,1248.95,6056
1668577500,1248.95,1250.0,1248.3,1250.0,6235
1668577800,1250.0,1250.0,1249.05,1250.0,8438
1668578100,1249.95,1250.0,1249.6,1250.0,7287
1668578400,1249.85,1250.0,1249.8,1249.9,7583
1668578700,1249.9,1250.0,1249.4,1250.0,4230
1668579000,1250.0,1252.5,1249.7,1252.5,15129
1668579300,1252.4,1253.5,1250.45,1250.7,7523
1668579600,1250.7,1251.0,1248.0,1248.5,8976
1668579900,1248.5,1249.0,1247.05,1248.1,4658
1668580200,1248.1,1249.25,1247.5,1248.45,3506
1668580500,1248.15,1249.1,1246.9,1247.5,6198
1668580800,1247.5,1248.25,1247.45,1247.95,3690
1668581100,1247.95,1248.0,1246.55,1247.7,11007
1668581400,1247.7,1248.5,1246.9,1248.35,5278
1668581700,1248.35,1248.9,1247.4,1248.7,3805
1668582000,1248.75,1248.95,1247.95,1248.4,7002
1668582300,1248.35,1250.0,1248.35,1249.25,3939
1668582600,1249.25,1250.55,1248.6,1248.6,13660
1668582900,1248.6,1252.55,1248.05,1250.05,115385
1668583200,1250.0,1250.75,1247.95,1250.05,13356
1668583500,1250.05,1250.55,1249.85,1250.5,21227
1668583800,1250.5,1251.0,1250.25,1250.5,13309
1668584100,1250.5,1251.35,1250.25,1251.0,12105
1668584400,1251.0,1252.4,1250.9,1252.1,18385
1668584700,1252.1,1252.75,1250.95,1251.05,7975
1668585000,1251.0,1252.15,1251.0,1251.45,9916
1668585300,1251.45,1252.65,1251.0,1252.15,11684
1668585600,1252.1,1256.3,1252.05,1255.0,20270
1668585900,1255.0,1255.85,1254.1,1254.65,9441
1668586200,1254.75,1256.2,1254.75,1255.25,13477
1668586500,1255.2,1256.2,1254.7,1255.5,12515
1668586800,1255.15,1256.3,1255.0,1255.05,14708
1668587100,1255.05,1255.6,1254.8,1255.0,9924
1668587400,1255.0,1255.35,1253.0,1253.0,15709
1668587700,1253.0,1254.8,1252.7,1254.05,16823
1668588000,1254.05,1255.55,1254.0,1255.0,11349
1668588300,1255.0,1256.4,1255.0,1255.0,11164
1668588600,1255.0,1255.95,1255.0,1255.4,13084
1668588900,1255.6,1255.8,1254.65,1255.0,11021
1668589200,1255.0,1255.1,1255.0,1255.0,25351
1668589500,1255.0,1255.05,1253.0,1253.75,16022
1668589800,1253.75,1254.55,1252.65,1253.2,19884
1668590100,1253.05,1255.3,1253.05,1254.0,20506
1668590400,1254.0,1255.45,1253.3,1254.05,14076
1668590700,1253.4,1255.2,1253.1,1253.3,14976
1668591000,1253.5,1255.9,1253.1,1254.1,23570
1668591300,1254.0,1257.95,1254.0,1255.8,23558
1668591600,1255.7,1255.75,1254.0,1254.0,21320
1668591900,1254.05,1255.55,1254.05,1255.05,26721
1668592200,1255.0,1255.65,1255.0,1255.5,28072
1668592500,1255.45,1255.9,1255.0,1255.85,21424
1668656700,1255.5,1258.05,1244.0,1250.55,6830
1668657000,1250.55,1250.95,1247.45,1247.45,4475
1668657300,1247.6,1249.75,1246.0,1249.3,4640
1668657600,1249.3,1249.8,1248.3,1249.25,202621
1668657900,1248.85,1250.0,1248.75,1249.15,7396
1668658200,1249.15,1249.7,1248.9,1249.6,17546
1668658500,1249.65,1255.2,1249.25,1255.2,11151
1668658800,1255.35,1261.15,1254.3,1259.0,18597
1668659100,1259.0,1259.95,1258.35,1259.75,89425
1668659400,1259.75,1259.9,1255.3,1255.35,6101
1668659700,1255.45,1256.95,1255.1,1256.95,2242
1668660000,1256.95,1257.95,1255.95,1257.25,2562
1668660300,1256.8,1259.95,1256.8,1259.05,3428
1668660600,1259.05,1259.95,1254.7,1254.7,4942
1668660900,1254.7,1255.05,1252.55,1254.5,4676
1668661200,1254.5,1256.35,1251.25,1251.6,6872
1668661500,1251.6,1253.95,1251.5,1252.75,2457
1668661800,1252.75,1253.85,1252.7,1253.55,739
1668662100,1253.55,1253.6,1252.85,1253.15,2322
1668662400,1253.15,1254.6,1253.0,1253.2,3256
1668662700,1253.2,1253.45,1251.5,1251.9,15947
1668663000,1251.9,1252.0,1250.0,1250.65,3188
1668663300,1250.65,1251.5,1250.3,1250.45,5575
1668663600,1250.45,1250.75,1249.7,1250.0,3250
1668663900,1250.0,1250.4,1249.0,1249.0,2397
1668664200,1249.0,1250.4,1248.6,1249.7,2281
1668664500,1249.7,1250.35,1249.0,1250.0,1262
1668664800,1250.0,1251.45,1249.8,1251.35,4215
1668665100,1251.3,1252.2,1250.25,1251.4,3188
1668665400,1251.4,1252.3,1251.4,1251.75,1951
1668665700,1251.75,1253.4,1250.95,1252.55,6786
1668666000,1252.55,1253.0,1250.9,1251.05,4213
1668666300,1251.05,1252.35,1250.4,1251.8,3893
1668666600,1251.7,1252.2,1251.25,1251.65,4495
1668666900,1251.65,1252.15,1250.55,1251.7,3250
1668667200,1251.7,1252.6,1251.0,1251.55,3388
1668667500,1251.45,1252.6,1251.3,1251.65,3471
1668667800,1251.6,1252.0,1250.55,1251.0,6191
1668668100,1251.05,1251.05,1250.95,1251.0,2093
1668668400,1251.0,1252.55,1251.0,1252.3,27163
1668668700,1252.3,1253.5,1252.0,1253.5,10046
1668669000,1253.5,1253.7,1251.95,1252.2,3661
1668669300,1252.2,1252.8,1251.65,1252.25,3856
1668669600,1252.25,1252.35,1251.95,1252.0,936
1668669900,1252.0,1252.5,1251.7,1252.5,3936
1668670200,1252.35,1254.6,1251.35,1252.45,55416
1668670500,1252.35,1257.6,1251.35,1255.05,21669
1668670800,1255.05,1256.65,1254.95,1255.0,3288
1668671100,1255.0,1255.9,1254.8,1255.0,1392
1668671400,1255.0,1256.4,1255.0,1255.9,2548
1668671700,1255.9,1256.0,1254.95,1255.25,972
1668672000,1255.05,1256.6,1255.0,1256.3,1512
1668672300,1255.8,1257.4,1255.65,1255.7,2220
1668672600,1255.7,1256.55,1254.6,1255.25,4611
1668672900,1255.25,1255.55,1254.35,1254.95,1501
1668673200,1255.5,1255.75,1254.8,1255.0,1690
1668673500,1255.0,1256.9,1255.0,1256.9,1366
1668673800,1256.9,1257.15,1255.0,1257.15,1914
1668674100,1257.15,1257.15,1255.1,1256.05,1380
1668674400,1255.65,1256.85,1255.1,1255.85,3018
1668674700,1255.85,1257.0,1255.65,1256.5,3210
1668675000,1256.5,1256.75,1255.85,1256.7,1711
1668675300,1256.7,1256.95,1255.0,1255.0,2604
1668675600,1255.0,1256.5,1254.7,1255.75,5573
1668675900,1255.75,1256.35,1255.0,1255.4,1955
1668676200,1255.4,1255.9,1254.95,1255.6,2615
1668676500,1255.6,1258.5,1255.45,1256.3,5688
1668676800,1257.0,1257.0,1254.55,1255.05,7446
1668677100,1255.05,1255.95,1254.5,1255.55,4690
1668677400,1255.45,1256.65,1255.0,1255.85,15966
1668677700,1255.85,1256.85,1255.0,1255.95,12017
1668678000,1256.15,1257.1,1252.85,1253.75,36166
1668678300,1253.75,1255.05,1252.45,1253.0,22926
1668678600,1253.0,1253.95,1251.5,1253.15,19083
1668678900,1253.25,1257.0,1247.5,1257.0,16851
1668743100,1254.35,1258.35,1251.05,1254.1,22750
1668743400,1254.7,1261.0,1253.4,1259.8,15755
1668743700,1260.0,1260.7,1255.0,1257.0,23163
1668744000,1257.0,1257.5,1255.5,1256.65,16439
1668744300,1256.65,1259.4,1256.25,1257.5,3773
1668744600,1257.55,1259.4,1256.3,1256.3,4554
1668744900,1256.4,1256.4,1251.85,1252.35,7623
1668745200,1252.35,1252.35,1248.85,1249.3,8785
1668745500,1249.3,1249.65,1245.9,1246.95,3721
1668745800,1246.95,1247.35,1243.4,1244.85,5180
1668746100,1244.85,1246.05,1242.5,1243.1,10099
1668746400,1243.1,1247.0,1243.1,1247.0,89695
1668746700,1246.0,1247.6,1244.85,1247.55,11339
1668747000,1247.55,1249.0,1247.5,1249.0,5090
1668747300,1249.0,1250.5,1247.15,1247.5,3472
1668747600,1247.5,1248.95,1246.5,1246.55,2674
1668747900,1246.6,1247.0,1244.75,1245.35,10975
1668748200,1245.2,1248.0,1245.2,1248.0,3506
1668748500,1248.0,1248.9,1245.1,1246.1,129093
1668748800,1246.1,1246.75,1245.0,1246.7,190667
1668749100,1246.7,1247.2,1245.6,1247.2,6118
1668749400,1247.2,1248.7,1247.15,1248.7,1298
1668749700,1248.7,1249.9,1247.6,1249.0,5381
1668750000,1249.0,1249.45,1248.0,1248.55,1402
1668750300,1248.55,1249.25,1245.85,1246.65,2010
1668750600,1246.65,1247.1,1246.2,1246.6,2115
1668750900,1246.6,1248.9,1246.6,1246.75,2178
1668751200,1246.75,1247.95,1246.6,1247.6,816
1668751500,1247.6,1248.6,1247.35,1248.6,910
1668751800,1248.6,1250.6,1248.45,1249.7,2783
1668752100,1249.7,1250.75,1249.25,1250.25,2346
1668752400,1250.25,1251.35,1249.65,1249.8,3049
1668752700,1249.8,1249.9,1248.65,1249.4,1145
1668753000,1249.4,1249.4,1248.25,1248.6,2793
1668753300,1248.6,1250.2,1248.4,1249.95,3440
1668753600,1249.95,1250.0,1249.55,1249.8,626
1668753900,1249.8,1250.0,1249.65,1250.0,2881
1668754200,1249.65,1250.0,1246.8,1249.25,8302
1668754500,1249.25,1250.0,1246.65,1249.5,38341
1668754800,1249.5,1249.55,1245.25,1246.7,28656
1668755100,1246.35,1248.0,1244.95,1246.85,142508
1668755400,1246.45,1248.2,1246.45,1248.05,2098
1668755700,1247.8,1248.35,1246.0,1246.35,3944
1668756000,1246.35,1246.95,1246.0,1246.45,3564
1668756300,1246.45,1246.65,1246.0,1246.5,1681
1668756600,1246.3,1246.65,1241.4,1242.0,34912
1668756900,1242.0,1242.75,1240.65,1241.5,4610
1668757200,1241.5,1242.75,1241.1,1242.0,6605
1668757500,1242.0,1243.75,1241.5,1242.1,5863
1668757800,1242.1,1242.6,1241.0,1242.0,3545
1668758100,1242.0,1242.5,1241.45,1242.2,2222
1668758400,1242.2,1242.2,1241.35,1241.8,3173
1668758700,1241.8,1242.3,1240.15,1240.85,6262
1668759000,1240.85,1240.85,1237.65,1238.85,5041
1668759300,1238.85,1240.55,1238.1,1240.45,4158
1668759600,1240.45,1240.45,1239.5,1239.9,4715
1668759900,1239.9,1240.05,1239.0,1240.05,1593
1668760200,1240.35,1241.2,1239.4,1239.5,3762
1668760500,1239.5,1241.4,1239.25,1239.8,2461
1668760800,1239.8,1239.9,1238.6,1238.75,6998
1668761100,1238.75,1241.4,1238.6,1240.55,15067
1668761400,1240.55,1240.55,1238.0,1238.2,19248
1668761700,1238.2,1240.0,1238.0,1240.0,17790
1668762000,1240.0,1240.95,1238.9,1240.75,11938
1668762300,1240.75,1241.45,1239.65,1240.0,21441
1668762600,1240.0,1242.55,1240.0,1242.2,13160
1668762900,1242.2,1242.85,1239.95,1240.0,7524
1668763200,1240.0,1242.1,1240.0,1242.0,9237
1668763500,1242.0,1242.4,1237.9,1239.1,13065
1668763800,1238.85,1244.9,1238.15,1243.65,16561
1668764100,1243.6,1245.0,1243.3,1245.0,20083
1668764400,1244.9,1245.0,1243.55,1244.4,18244
1668764700,1244.4,1245.0,1238.5,1239.25,41385
1668765000,1239.25,1243.8,1238.95,1243.5,34451
1668765300,1243.5,1245.0,1239.9,1240.45,58940
1669002300,1230.1,1248.9,1225.35,1228.2,30964
1669002600,1228.25,1229.9,1222.1,1224.8,14832
1669002900,1224.1,1226.8,1218.35,1220.0,23016
1669003200,1220.45,1221.2,1216.2,1216.4,14076
1669003500,1216.45,1218.6,1215.55,1217.2,8496
1669003800,1216.8,1216.85,1208.5,1210.0,22149
1669004100,1209.45,1215.0,1209.45,1213.8,15726
1669004400,1213.8,1214.65,1212.15,1214.65,5789
1669004700,1214.2,1217.2,1214.1,1215.05,15328
1669005000,1215.05,1217.1,1213.3,1217.05,7980
1669005300,1217.05,1218.15,1215.65,1217.05,14930
1669005600,1217.05,1217.3,1214.1,1215.3,6284
1669005900,1215.3,1215.3,1213.2,1214.65,7772
1669006200,1214.7,1214.85,1212.0,1212.45,7172
1669006500,1212.45,1213.9,1210.3,1211.05,54348
1669006800,1211.0,1212.85,1208.05,1210.0,24190
1669007100,1210.0,1210.3,1208.7,1209.0,10067
1669007400,1209.45,1209.5,1206.15,1209.0,16910
1669007700,1209.0,1209.5,1208.35,1209.0,33728
1669008000,1209.0,1210.0,1208.5,1209.9,6543
1669008300,1209.9,1211.55,1209.55,1211.55,19911
1669008600,1211.5,1213.0,1210.9,1212.7,9189
1669008900,1213.0,1214.0,1211.55,1211.55,51332
1669009200,1211.95,1212.8,1211.6,1212.2,1891
1669009500,1212.2,1214.0,1212.2,1214.0,2156
1669009800,1213.95,1214.2,1213.0,1213.0,5157
1669010100,1212.8,1213.0,1211.5,1211.65,2267
1669010400,1211.65,1211.65,1208.9,1210.0,7602
1669010700,1210.0,1215.85,1205.5,1214.55,38457
1669011000,1215.0,1215.5,1210.9,1210.9,6449
1669011300,1210.9,1211.9,1210.2,1210.85,3775
1669011600,1210.85,1213.75,1210.85,1211.7,1866
1669011900,1211.7,1212.6,1211.1,1211.3,2272
1669012200,1211.3,1211.7,1210.0,1211.1,2915
1669012500,1211.1,1215.0,1210.55,1214.5,15373
1669012800,1214.5,1216.65,1214.5,1216.35,7103
1669013100,1216.35,1219.55,1215.05,1215.7,12394
1669013400,1215.8,1216.6,1215.1,1216.0,5048
1669013700,1216.0,1218.85,1215.55,1218.45,10890
1669014000,1218.45,1218.45,1217.25,1217.9,3923
1669014300,1217.9,1218.15,1215.5,1215.65,3637
1669014600,1215.65,1216.8,1215.0,1216.0,3856
1669014900,1216.0,1216.6,1215.0,1216.4,3920
1669015200,1216.4,1217.9,1215.9,1217.0,2488
1669015500,1217.0,1217.6,1216.1,1217.5,2760
1669015800,1217.5,1217.5,1215.5,1215.75,1505
1669016100,1215.75,1220.3,1215.2,1220.25,24348
1669016400,1220.3,1220.3,1219.0,1219.9,8143
1669016700,1219.9,1220.4,1219.0,1219.55,7643
1669017000,1219.55,1221.35,1219.0,1220.2,16879
1669017300,1220.2,1221.0,1219.75,1220.85,6135
1669017600,1220.85,1221.0,1219.7,1220.05,2872
1669017900,1220.3,1220.8,1220.0,1220.25,2395
1669018200,1220.75,1220.85,1219.5,1219.5,8178
1669018500,1219.75,1220.75,1219.0,1219.65,9522
1669018800,1220.1,1220.5,1219.6,1220.25,2882
1669019100,1220.6,1220.7,1219.9,1219.95,2419
1669019400,1220.4,1220.4,1219.4,1220.2,3711
1669019700,1220.2,1220.55,1219.55,1220.0,2000
1669020000,1220.0,1222.75,1219.6,1220.5,9846
1669020300,1220.5,1221.0,1220.05,1220.5,4331
1669020600,1220.5,1222.0,1220.0,1221.1,10317
1669020900,1221.1,1224.4,1220.4,1224.2,4467
1669021200,1224.2,1224.6,1221.5,1222.2,5121
1669021500,1222.0,1224.65,1222.0,1224.65,4930
1669021800,1224.7,1226.95,1224.55,1225.9,216393
1669022100,1225.9,1228.2,1225.15,1227.25,7192
1669022400,1227.25,1227.65,1225.85,1227.05,4802
1669022700,1227.05,1228.0,1226.25,1227.05,6328
1669023000,1226.85,1227.9,1224.9,1226.25,15368
1669023300,1226.25,1227.4,1224.45,1224.5,13563
1669023600,1225.05,1227.2,1224.55,1226.0,16091
1669023900,1226.0,1227.05,1225.8,1226.85,16521
1669024200,1226.85,1228.75,1225.0,1226.85,17091
1669024500,1226.85,1228.15,1220.9,1227.5,21254
1669088700,1232.7,1232.75,1222.2,1225.2,25367
1669089000,1225.6,1225.95,1223.5,1225.7,10533
1669089300,1225.7,1228.55,1225.3,1228.55,7379
1669089600,1228.65,1228.8,1227.5,1228.35,9007
1669089900,1228.15,1232.8,1228.15,1232.8,7015
1669090200,1232.7,1233.3,1230.5,1232.4,7595
1669090500,1232.25,1233.9,1231.15,1232.8,4540
1669090800,1233.0,1234.7,1231.5,1234.7,8450
1669091100,1234.7,1235.2,1232.95,1234.3,12580
1669091400,1234.6,1235.0,1233.85,1234.7,6388
1669091700,1234.7,1234.75,1233.6,1234.15,3615
1669092000,1234.15,1235.0,1233.75,1233.95,3588
1669092300,1233.95,1234.0,1232.1,1233.45,5534
1669092600,1233.45,1234.0,1233.15,1234.0,2977
1669092900,1234.0,1235.0,1233.95,1234.75,4486
1669093200,1234.85,1235.0,1234.5,1234.9,6032
1669093500,1234.9,1235.0,1234.9,1235.0,4663
1669093800,1235.0,1235.95,1234.45,1234.7,22212
1669094100,1234.75,1234.75,1231.25,1231.4,8920
1669094400,1231.4,1231.55,1230.3,1230.5,3094
1669094700,1230.5,1230.8,1229.15,1229.9,3597
1669095000,1229.9,1230.4,1229.2,1229.65,3316
1669095300,1229.65,1231.75,1229.65,1230.05,2704
1669095600,1230.5,1230.5,1228.65,1228.65,85239
1669095900,1228.65,1229.0,1227.1,1227.7,3081
1669096200,1227.7,1230.0,1227.6,1228.75,11983
1669096500,1228.75,1230.0,1228.1,1229.0,6708
1669096800,1229.0,1230.3,1228.6,1230.0,5428
1669097100,1230.05,1230.3,1229.75,1230.0,6816
1669097400,1229.95,1230.05,1229.95,1230.0,3031
1669097700,1230.0,1230.0,1228.65,1229.15,3752
1669098000,1228.95,1230.0,1227.65,1227.9,117073
1669098300,1227.9,1229.9,1227.0,1229.4,6120
1669098600,1229.4,1229.5,1228.5,1228.85,1991
1669098900,1228.85,1230.0,1228.55,1229.0,2642
1669099200,1229.0,1230.4,1228.55,1228.6,2946
1669099500,1228.6,1229.95,1228.25,1229.95,1874
1669099800,1229.95,1230.0,1229.35,1229.35,3285
1669100100,1229.35,1230.0,1228.5,1229.85,3192
1669100400,1229.85,1230.0,1229.3,1229.9,3461
1669100700,1229.9,1230.0,1228.4,1229.25,3712
1669101000,1229.25,1230.0,1228.15,1229.45,2375
1669101300,1229.45,1230.0,1228.5,1229.9,3359
1669101600,1229.9,1230.0,1229.75,1230.0,2176
1669101900,1230.0,1230.0,1229.95,1230.0,2735
1669102200,1230.0,1230.0,1229.95,1230.0,6511
1669102500,1230.0,1230.0,1229.9,1229.9,3652
1669102800,1229.9,1230.0,1229.15,1229.75,2658
1669103100,1229.75,1230.1,1228.65,1229.8,2327
1669103400,1229.8,1230.2,1228.35,1229.65,2521
1669103700,1229.65,1230.0,1228.65,1229.55,2025
1669104000,1229.55,1230.0,1228.9,1229.45,2391
1669104300,1229.45,1230.0,1228.8,1229.4,2691
1669104600,1229.4,1230.0,1228.6,1228.75,3896
1669104900,1228.8,1229.95,1228.75,1229.75,2400
1669105200,1230.0,1230.0,1229.15,1229.6,3236
1669105500,1229.6,1230.0,1229.45,1229.75,5413
1669105800,1229.75,1230.25,1229.0,1230.0,2725
1669106100,1230.0,1230.0,1229.9,1230.0,3794
1669106400,1230.0,1230.2,1229.75,1229.95,3192
1669106700,1229.95,1230.0,1228.3,1229.55,4140
1669107000,1229.55,1230.25,1227.2,1227.2,4638
1669107300,1227.2,1228.65,1225.0,1225.4,13204
1669107600,1225.25,1225.7,1222.0,1222.9,13005
1669107900,1222.9,1224.2,1222.8,1223.2,11446
1669108200,1223.2,1224.0,1221.35,1222.05,10999
1669108500,1221.4,1222.9,1221.1,1221.5,10144
1669108800,1221.55,1223.05,1219.65,1220.9,17708
1669109100,1220.25,1224.45,1220.15,1224.4,11021
1669109400,1224.1,1227.85,1223.6,1227.5,34273
1669109700,1227.5,1232.7,1227.45,1232.35,18923
1669110000,1232.35,1232.5,1227.55,1229.65,18270
1669110300,1229.65,1230.45,1229.55,1230.0,19931
1669110600,1230.0,1230.0,1229.35,1230.0,28970
1669110900,1229.95,1232.75,1228.8,1228.8,27246
1669175100,1234.95,1234.95,1229.2,1233.45,17717
1669175400,1233.1,1233.8,1231.9,1232.9,5592
1669175700,1232.9,1233.85,1232.1,1233.55,2849
1669176000,1233.55,1234.0,1232.85,1234.0,3155
1669176300,1234.0,1235.0,1232.0,1232.85,7043
1669176600,1232.85,1232.9,1231.2,1232.05,2546
1669176900,1232.05,1232.05,1231.0,1232.0,15408
1669177200,1231.95,1232.3,1231.4,1231.8,20676
1669177500,1231.8,1232.0,1230.55,1231.1,15568
1669177800,1231.05,1232.0,1230.55,1231.85,4679
1669178100,1231.85,1232.0,1230.45,1231.35,8259
1669178400,1231.35,1231.85,1229.7,1230.0,6028
1669178700,1230.0,1230.55,1229.2,1230.0,4515
1669179000,1229.75,1230.0,1227.6,1229.0,9883
1669179300,1229.0,1229.95,1228.7,1229.95,3797
1669179600,1229.8,1230.4,1229.75,1229.75,4469
1669179900,1229.95,1230.65,1229.35,1229.95,6788
1669180200,1229.95,1230.65,1229.1,1230.0,10262
1669180500,1230.0,1230.75,1229.6,1230.0,5580
1669180800,1230.0,1230.85,1228.9,1230.0,15076
1669181100,1230.0,1230.6,1228.0,1228.6,13145
1669181400,1228.6,1229.75,1227.15,1228.65,15633
1669181700,1228.65,1230.0,1228.3,1229.9,12124
1669182000,1229.9,1230.0,1229.0,1229.0,916
1669182300,1229.0,1229.5,1228.25,1228.65,1571
1669182600,1228.65,1230.0,1228.5,1230.0,2979
1669182900,1230.0,1230.0,1228.85,1229.6,2373
1669183200,1229.6,1230.0,1228.85,1229.95,1600
1669183500,1229.95,1230.0,1229.45,1229.9,4189
1669183800,1229.9,1229.9,1228.85,1229.05,3168
1669184100,1229.05,1229.8,1229.0,1229.6,828
1669184400,1229.6,1229.95,1229.2,1229.9,998
1669184700,1229.9,1229.95,1229.45,1229.7,1701
1669185000,1229.7,1230.0,1229.45,1229.95,2069
1669185300,1229.95,1229.95,1229.1,1229.85,1732
1669185600,1229.85,1229.95,1229.4,1229.9,1100
1669185900,1229.9,1229.95,1229.0,1229.25,1330
1669186200,1229.65,1229.85,1228.9,1228.9,1492
1669186500,1228.9,1229.4,1228.0,1228.2,1641
1669186800,1227.7,1228.3,1226.4,1227.7,2560
1669187100,1227.7,1228.2,1226.95,1227.55,205202
1669187400,1227.55,1227.7,1225.4,1225.4,2675
1669187700,1225.4,1225.9,1224.15,1224.5,3934
1669188000,1224.55,1225.4,1224.55,1225.1,1387
1669188300,1225.4,1226.8,1225.1,1226.25,3284
1669188600,1226.25,1226.75,1224.55,1224.55,4860
1669188900,1224.55,1225.3,1224.4,1225.15,1739
1669189200,1225.0,1225.55,1224.6,1225.0,1618
1669189500,1225.0,1225.55,1224.7,1225.45,4862
1669189800,1225.45,1225.7,1224.5,1224.7,2656
1669190100,1225.0,1225.25,1224.1,1225.0,5828
1669190400,1225.5,1225.5,1220.45,1220.9,25411
1669190700,1220.9,1221.65,1220.05,1220.5,9377
1669191000,1220.5,1221.1,1220.0,1220.05,4490
1669191300,1220.05,1221.6,1218.55,1220.8,12967
1669191600,1220.8,1220.8,1218.9,1219.5,6869
1669191900,1219.5,1220.0,1218.0,1218.2,5750
1669192200,1218.2,1218.95,1217.15,1218.3,2928
1669192500,1218.3,1219.8,1218.0,1219.0,4089
1669192800,1219.05,1219.9,1218.6,1219.4,4634
1669193100,1219.1,1219.7,1218.45,1218.45,3525
1669193400,1218.45,1219.5,1218.4,1219.05,2929
1669193700,1219.05,1220.0,1219.05,1219.95,2268
1669194000,1220.0,1220.5,1219.5,1219.95,14280
1669194300,1219.95,1220.8,1219.5,1219.95,15670
1669194600,1219.9,1222.7,1219.8,1221.8,21500
1669194900,1222.0,1222.25,1220.2,1221.15,17011
1669195200,1221.15,1223.65,1220.25,1222.0,17009
1669195500,1222.0,1223.0,1221.6,1222.7,17215
1669195800,1222.9,1224.5,1221.7,1224.45,23195
1669196100,1224.45,1225.0,1222.3,1224.7,25493
1669196400,1225.05,1227.2,1224.0,1226.9,34124
1669196700,1227.1,1229.0,1226.0,1229.0,85348
1669197000,1229.35,1229.75,1226.9,1229.45,24357
1669197300,1229.6,1230.0,1227.0,1230.0,18381
1669261500,1230.0,1230.85,1220.25,1230.3,27293
1669261800,1230.75,1232.75,1229.6,1232.75,8181
1669262100,1232.25,1233.0,1231.0,1232.05,8792
1669262400,1232.05,1235.0,1231.9,1232.7,12161
1669262700,1232.7,1232.7,1230.15,1231.7,2391
1669263000,1231.7,1233.75,1230.7,1232.45,9158
1669263300,1232.45,1236.0,1232.45,1234.75,79335
1669263600,1234.75,1236.45,1230.5,1234.65,69897
1669263900,1234.65,1235.5,1232.95,1234.9,34540
1669264200,1234.9,1235.0,1232.5,1234.95,30210
1669264500,1234.95,1235.0,1233.75,1233.8,8467
1669264800,1233.8,1234.35,1232.55,1232.8,2798
1669265100,1232.8,1233.9,1231.35,1233.7,4348
1669265400,1233.7,1235.0,1233.7,1235.0,8488
1669265700,1235.0,1235.0,1234.1,1234.75,8011
1669266000,1234.75,1235.0,1233.3,1235.0,22670
1669266300,1235.0,1235.0,1233.6,1234.3,5935
1669266600,1233.95,1234.8,1233.55,1233.55,5484
1669266900,1233.85,1234.25,1231.85,1231.85,7056
1669267200,1231.75,1232.3,1231.1,1231.35,2761
1669267500,1231.3,1232.55,1230.4,1230.6,1805
1669267800,1230.6,1231.45,1230.05,1230.1,1407
1669268100,1230.1,1232.55,1230.1,1232.15,2448
1669268400,1231.6,1232.2,1230.1,1230.8,2279
1669268700,1230.25,1231.0,1230.1,1230.2,2610
1669269000,1230.2,1231.0,1229.55,1231.0,6398
1669269300,1231.0,1233.85,1230.0,1232.25,13657
1669269600,1232.25,1232.85,1230.4,1231.4,1635
1669269900,1230.95,1232.5,1230.95,1232.35,1598
1669270200,1232.35,1233.0,1231.65,1232.55,6306
1669270500,1232.55,1234.75,1232.1,1234.0,6819
1669270800,1233.9,1234.0,1232.85,1233.45,1692
1669271100,1233.45,1234.0,1232.35,1232.55,2877
1669271400,1232.5,1233.35,1232.15,1233.15,2347
1669271700,1232.95,1233.0,1232.0,1232.6,1495
1669272000,1232.6,1235.55,1232.5,1235.55,27481
1669272300,1235.55,1236.0,1233.3,1233.4,5105
1669272600,1233.4,1234.15,1232.5,1234.1,10406
1669272900,1234.1,1235.7,1233.65,1235.35,1087
1669273200,1235.35,1235.5,1234.7,1234.95,1581
1669273500,1234.95,1235.0,1234.4,1235.0,2401
1669273800,1234.95,1235.0,1234.6,1234.95,14846
1669274100,1234.9,1235.5,1234.55,1235.0,22730
1669274400,1235.0,1236.0,1235.0,1235.5,20368
1669274700,1235.5,1238.4,1235.5,1236.85,329180
1669275000,1236.85,1237.0,1235.35,1235.35,5528
1669275300,1235.0,1236.6,1235.0,1236.05,4540
1669275600,1235.85,1236.75,1235.05,1236.75,2954
1669275900,1236.6,1237.0,1235.0,1235.65,9860
1669276200,1235.65,1236.75,1235.1,1236.0,2659
1669276500,1236.0,1236.0,1234.95,1234.95,6626
1669276800,1234.95,1235.85,1233.6,1234.1,2312
1669277100,1234.1,1235.0,1232.0,1232.65,9785
1669277400,1232.65,1234.5,1232.65,1233.5,6703
1669277700,1233.5,1234.05,1232.25,1233.35,2891
1669278000,1233.35,1233.5,1231.55,1232.9,5123
1669278300,1232.9,1232.9,1231.0,1231.0,234091
1669278600,1231.0,1231.25,1228.85,1229.15,5516
1669278900,1229.15,1231.55,1229.15,1230.6,7507
1669279200,1230.9,1231.85,1229.2,1231.85,8928
1669279500,1231.65,1235.0,1231.65,1232.2,7937
1669279800,1232.3,1234.4,1232.0,1232.0,33547
1669280100,1232.0,1233.0,1231.8,1232.2,2612
1669280400,1232.2,1234.7,1232.2,1232.5,3587
1669280700,1232.5,1235.0,1232.5,1232.75,14839
1669281000,1232.65,1234.6,1232.0,1234.6,2011
1669281300,1234.85,1235.0,1232.05,1232.05,4749
1669281600,1232.05,1233.6,1231.65,1232.0,5071
1669281900,1232.65,1234.6,1232.0,1233.35,7457
1669282200,1233.95,1243.5,1233.0,1243.0,67878
1669282500,1243.0,1245.25,1240.9,1242.25,78584
1669282800,1242.0,1242.4,1241.0,1241.95,59176
1669283100,1241.95,1242.7,1240.35,1241.25,38866
1669283400,1241.3,1241.5,1239.45,1239.95,166687
1669283700,1239.05,1245.35,1237.75,1244.6,60410
1669347900,1248.2,1254.95,1238.4,1239.2,35578
1669348200,1239.2,1243.8,1238.0,1242.75,17761
1669348500,1242.7,1243.9,1240.75,1242.15,8494
1669348800,1242.15,1245.5,1241.3,1244.0,26907
1669349100,1244.0,1246.2,1242.45,1245.6,11339
1669349400,1245.6,1245.6,1240.2,1240.2,21088
1669349700,1240.2,1242.5,1238.85,1242.0,15693
1669350000,1242.0,1244.3,1242.0,1242.7,11619
1669350300,1242.7,1243.2,1241.0,1242.05,12372
1669350600,1242.0,1243.45,1242.0,1242.95,10924
1669350900,1242.95,1245.5,1242.35,1244.75,2498
1669351200,1244.75,1246.0,1244.65,1245.3,2635
1669351500,1245.3,1246.9,1245.3,1245.5,2369
1669351800,1245.5,1245.7,1241.9,1242.0,25750
1669352100,1242.0,1242.05,1239.25,1239.25,55381
1669352400,1239.65,1241.35,1237.95,1241.35,10360
1669352700,1241.35,1242.15,1238.95,1240.0,11838
1669353000,1240.0,1240.5,1239.95,1240.0,6328
1669353300,1239.95,1240.0,1239.0,1239.65,2443
1669353600,1239.65,1240.35,1239.0,1239.25,6018
1669353900,1239.0,1240.35,1239.0,1240.0,852
1669354200,1240.0,1240.45,1239.9,1240.0,14485
1669354500,1240.0,1240.6,1239.9,1240.2,3361
1669354800,1240.2,1241.0,1240.0,1240.0,2734
1669355100,1240.0,1240.95,1239.85,1240.5,4343
1669355400,1240.5,1240.75,1239.95,1240.0,2799
1669355700,1240.0,1240.45,1239.9,1240.0,12460
1669356000,1240.0,1240.7,1239.85,1240.0,8115
1669356300,1240.0,1240.55,1239.25,1240.0,5667
1669356600,1240.0,1240.0,1237.55,1239.25,5544
1669356900,1239.15,1240.0,1238.9,1239.0,2784
1669357200,1238.85,1239.85,1237.85,1239.0,10887
1669357500,1239.0,1239.0,1234.25,1235.0,12617
1669357800,1235.0,1235.0,1234.0,1234.6,4473
1669358100,1234.6,1235.0,1233.4,1233.9,4820
1669358400,1233.9,1234.9,1233.05,1233.55,2636
1669358700,1233.55,1234.3,1231.7,1232.05,13986
1669359000,1232.05,1233.0,1231.3,1232.2,9654
1669359300,1232.3,1232.3,1230.55,1231.3,4970
1669359600,1231.3,1231.3,1229.6,1229.6,8605
1669359900,1229.75,1231.45,1229.1,1229.85,7079
1669360200,1229.75,1230.9,1229.75,1230.0,7975
1669360500,1230.0,1230.0,1229.5,1230.0,4077
1669360800,1230.0,1232.2,1229.95,1232.2,4482
1669361100,1232.2,1232.7,1230.0,1231.1,195820
1669361400,1230.8,1233.6,1230.0,1233.6,25422
1669361700,1233.6,1233.6,1232.35,1232.9,3196
1669362000,1232.9,1234.75,1232.45,1234.55,4681
1669362300,1234.55,1234.75,1234.3,1234.4,2568
1669362600,1234.4,1234.8,1234.15,1234.5,2110
1669362900,1234.5,1236.1,1234.45,1235.6,4347
1669363200,1235.6,1236.3,1234.8,1235.9,3067
1669363500,1235.9,1235.9,1234.85,1235.65,9365
1669363800,1235.65,1236.6,1235.15,1236.0,56292
1669364100,1236.0,1236.05,1234.15,1234.65,31807
1669364400,1234.65,1235.55,1234.35,1235.55,1875
1669364700,1235.8,1235.85,1234.95,1234.95,3457
1669365000,1234.95,1236.0,1234.95,1235.8,6505
1669365300,1235.8,1236.65,1235.0,1236.4,26755
1669365600,1236.0,1236.75,1235.35,1236.0,16078
1669365900,1236.0,1236.55,1235.0,1236.5,16485
1669366200,1236.5,1236.95,1235.55,1236.75,11905
1669366500,1236.55,1237.5,1236.0,1237.45,5769
1669366800,1237.45,1237.95,1236.15,1237.05,41856
1669367100,1237.05,1237.45,1234.45,1234.95,17443
1669367400,1234.95,1236.95,1234.65,1235.65,34115
1669367700,1235.8,1236.65,1234.4,1236.15,50095
1669368000,1236.15,1236.6,1235.05,1236.3,51159
1669368300,1236.25,1236.7,1235.3,1236.05,47351
1669368600,1236.45,1236.95,1235.0,1235.9,45872
1669368900,1236.0,1236.05,1234.1,1235.0,35251
1669369200,1235.0,1235.8,1234.4,1235.05,17995
1669369500,1235.0,1235.4,1233.85,1235.0,34332
1669369800,1235.0,1235.6,1234.05,1235.0,106806
1669370100,1235.0,1238.85,1234.15,1237.0,58713
1669607100,1230.0,1245.0,1227.0,1244.25,17316
1669607400,1244.25,1255.8,1243.5,1254.7,26939
1669607700,1255.0,1256.95,1251.9,1256.35,27936
1669608000,1256.35,1264.2,1254.35,1263.0,33793
1669608300,1263.0,1268.65,1257.9,1265.75,50340
1669608600,1265.7,1269.5,1264.0,1266.1,29934
1669608900,1266.1,1267.3,1264.2,1267.0,12803
1669609200,1267.0,1267.75,1265.0,1266.65,12037
1669609500,1266.65,1267.0,1257.7,1258.1,56276
1669609800,1258.8,1258.9,1255.0,1256.65,24135
1669610100,1256.65,1260.0,1256.65,1258.0,15802
1669610400,1258.0,1258.4,1256.1,1256.9,11597
1669610700,1256.9,1257.6,1255.7,1257.0,9736
1669611000,1257.3,1258.0,1255.25,1256.8,14045
1669611300,1256.8,1260.0,1256.0,1260.0,22871
1669611600,1259.95,1260.0,1257.75,1258.75,12008
1669611900,1258.75,1259.0,1255.75,1256.95,11337
1669612200,1256.95,1257.15,1255.3,1256.0,12932
1669612500,1256.0,1256.4,1255.7,1256.2,10098
1669612800,1256.2,1256.25,1252.4,1252.8,22715
1669613100,1252.3,1252.45,1249.75,1250.0,13571
1669613400,1250.0,1251.45,1247.55,1247.55,17373
1669613700,1247.55,1250.0,1247.55,1249.95,6152
1669614000,1249.95,1250.0,1248.1,1250.0,6470
1669614300,1250.0,1250.0,1248.65,1248.65,38646
1669614600,1248.65,1248.75,1245.4,1246.75,7204
1669614900,1246.75,1247.45,1245.7,1247.2,4095
1669615200,1247.2,1250.0,1246.7,1249.75,6898
1669615500,1249.75,1250.0,1248.0,1248.9,6050
1669615800,1248.9,1250.0,1248.5,1250.0,18825
1669616100,1250.0,1250.0,1248.6,1248.6,5836
1669616400,1248.6,1249.45,1248.35,1248.35,4715
1669616700,1248.35,1248.45,1247.0,1248.0,9672
1669617000,1248.0,1248.0,1247.05,1247.7,5238
1669617300,1247.7,1248.0,1246.35,1247.0,4552
1669617600,1247.0,1247.0,1246.55,1246.6,4454
1669617900,1247.0,1247.0,1245.8,1246.0,4699
1669618200,1246.0,1246.0,1245.35,1246.0,8144
1669618500,1246.0,1248.0,1245.35,1246.0,13138
1669618800,1246.0,1246.4,1245.65,1246.0,7687
1669619100,1246.0,1246.85,1245.65,1246.0,9191
1669619400,1246.0,1246.35,1243.8,1243.8,12953
1669619700,1244.0,1245.0,1243.65,1244.95,4421
1669620000,1244.95,1244.95,1244.35,1244.95,7599
1669620300,1244.95,1244.95,1244.1,1244.45,5053
1669620600,1244.45,1246.55,1244.45,1246.15,12474
1669620900,1246.15,1249.05,1246.05,1247.7,12635
1669621200,1247.7,1248.9,1246.5,1248.9,5452
1669621500,1248.9,1249.95,1247.3,1249.95,15790
1669621800,1249.85,1250.0,1249.4,1249.85,8406
1669622100,1249.9,1250.05,1248.2,1249.7,14632
1669622400,1249.7,1250.0,1248.0,1249.65,11415
1669622700,1249.65,1250.0,1248.1,1249.45,11842
1669623000,1249.45,1250.1,1248.9,1249.0,12085
1669623300,1249.0,1250.1,1248.75,1249.8,9585
1669623600,1249.8,1250.3,1248.95,1249.75,9026
1669623900,1249.75,1251.2,1248.95,1250.0,12034
1669624200,1250.0,1251.9,1249.45,1250.0,12273
1669624500,1250.0,1254.7,1249.75,1254.7,27554
1669624800,1254.7,1254.7,1251.3,1252.35,6914
1669625100,1252.35,1252.9,1250.85,1252.35,11438
1669625400,1252.35,1253.55,1251.8,1253.1,5630
1669625700,1253.1,1253.4,1251.35,1252.8,5760
1669626000,1252.8,1252.95,1251.6,1252.2,6331
1669626300,1252.2,1253.0,1251.1,1252.8,7247
1669626600,1252.8,1253.95,1252.15,1253.5,8202
1669626900,1253.5,1254.8,1253.25,1254.8,12064
1669627200,1254.8,1254.8,1252.0,1252.05,10326
1669627500,1252.05,1252.95,1251.1,1251.65,16495
1669627800,1251.65,1252.85,1251.0,1252.55,18685
1669628100,1252.55,1254.55,1252.15,1253.0,20646
1669628400,1253.0,1254.9,1251.5,1254.4,12517
1669628700,1254.5,1254.7,1252.65,1253.65,23563
1669629000,1253.6,1254.65,1252.55,1254.5,37815
1669629300,1254.5,1258.0,1253.0,1258.0,26608
1669693500,1253.5,1255.3,1247.95,1254.7,30586
1669693800,1254.7,1257.5,1253.15,1255.55,11917
1669694100,1256.0,1256.0,1253.2,1255.1,10310
1669694400,1254.7,1257.0,1254.55,1256.05,15071
1669694700,1256.0,1256.75,1254.45,1255.15,6756
1669695000,1255.1,1257.0,1255.0,1255.15,7419
1669695300,1255.35,1256.0,1254.2,1255.0,15004
1669695600,1255.05,1256.0,1254.65,1255.8,11251
1669695900,1255.9,1256.7,1254.9,1256.1,11898
1669696200,1256.1,1258.25,1256.1,1256.75,14057
1669696500,1256.75,1257.6,1256.1,1257.0,6289
1669696800,1257.0,1259.5,1256.8,1259.3,6523
1669697100,1259.3,1263.0,1259.0,1262.75,14691
1669697400,1262.25,1263.0,1260.7,1262.85,7658
1669697700,1262.8,1262.95,1260.35,1261.1,11844
1669698000,1261.1,1261.1,1258.4,1259.85,9152
1669698300,1260.0,1260.4,1259.5,1260.25,3897
1669698600,1260.25,1261.0,1259.1,1260.25,6801
1669698900,1260.5,1263.6,1260.45,1263.0,12907
1669699200,1262.75,1265.85,1262.75,1265.5,16524
1669699500,1265.5,1267.15,1264.15,1265.55,11117
1669699800,1265.55,1265.55,1261.1,1263.7,16746
1669700100,1263.75,1264.8,1263.0,1263.75,6937
1669700400,1263.75,1265.55,1263.1,1264.3,6834
1669700700,1264.3,1265.0,1263.65,1265.0,4919
1669701000,1265.0,1265.7,1264.9,1265.2,3962
1669701300,1265.2,1265.5,1259.65,1260.0,25219
1669701600,1260.0,1260.0,1256.3,1256.7,22134
1669701900,1257.45,1257.7,1254.8,1255.05,7433
1669702200,1255.05,1255.15,1253.8,1254.1,7441
1669702500,1254.1,1254.55,1253.0,1253.75,4238
1669702800,1253.75,1254.5,1253.2,1254.5,3859
1669703100,1254.5,1256.15,1254.1,1255.6,10485
1669703400,1255.65,1256.5,1255.45,1256.35,5559
1669703700,1256.4,1258.2,1256.1,1257.6,4204
1669704000,1257.65,1258.0,1256.0,1257.3,9050
1669704300,1257.3,1258.2,1256.75,1257.9,5330
1669704600,1257.9,1260.0,1257.9,1259.5,15423
1669704900,1259.5,1260.0,1259.45,1260.0,11700
1669705200,1259.9,1266.25,1259.7,1266.25,54031
1669705500,1266.25,1270.95,1264.5,1268.2,55876
1669705800,1268.2,1269.75,1266.55,1267.35,20142
1669706100,1267.3,1271.05,1266.0,1268.45,34536
1669706400,1268.45,1272.9,1267.85,1270.2,32680
1669706700,1270.45,1273.3,1270.15,1270.7,27330
1669707000,1271.0,1272.0,1270.0,1270.25,32224
1669707300,1270.25,1273.3,1269.0,1272.3,16250
1669707600,1272.65,1272.65,1271.05,1271.05,6084
1669707900,1271.05,1271.65,1269.6,1269.85,9381
1669708200,1269.85,1271.3,1269.85,1270.45,10832
1669708500,1270.5,1271.2,1270.1,1270.45,6141
1669708800,1270.95,1272.6,1270.45,1271.95,8273
1669709100,1271.95,1272.8,1271.35,1271.45,16092
1669709400,1271.35,1272.15,1270.35,1270.45,6417
1669709700,1270.7,1271.0,1268.8,1268.95,7908
1669710000,1268.85,1269.3,1268.4,1268.55,4935
1669710300,1268.55,1269.65,1267.6,1267.7,8559
1669710600,1267.7,1268.4,1266.9,1267.2,8193
1669710900,1267.3,1267.95,1266.05,1266.75,7887
1669711200,1266.55,1267.55,1264.45,1265.1,8368
1669711500,1265.1,1265.9,1264.5,1265.6,8451
1669711800,1264.9,1265.7,1264.0,1264.2,6798
1669712100,1264.25,1265.0,1263.05,1263.35,6499
1669712400,1263.35,1264.55,1262.6,1262.8,9167
1669712700,1262.8,1263.6,1259.2,1259.8,11804
1669713000,1259.8,1260.35,1256.5,1257.4,13721
1669713300,1257.35,1257.35,1255.2,1255.55,14963
1669713600,1255.4,1256.15,1252.05,1252.75,30600
1669713900,1252.45,1255.35,1252.35,1254.0,20950
1669714200,1254.15,1259.45,1254.0,1258.5,31433
1669714500,1258.55,1260.25,1257.4,1259.45,21773
1669714800,1259.6,1259.6,1257.5,1258.0,19021
1669715100,1258.0,1261.25,1257.85,1261.25,20988
1669715400,1261.1,1262.1,1258.15,1258.25,27651
1669715700,1258.8,1261.15,1256.15,1256.5,30136
1669779900,1258.35,1266.7,1253.1,1264.05,24320
1669780200,1264.05,1266.95,1264.0,1266.4,10033
1669780500,1266.4,1269.2,1266.4,1267.7,5612
1669780800,1268.0,1270.0,1266.1,1266.25,19509
1669781100,1266.55,1269.2,1265.2,1265.9,20414
1669781400,1265.75,1265.75,1264.0,1264.2,7571
1669781700,1264.2,1264.45,1260.9,1264.2,6976
1669782000,1264.2,1264.65,1260.0,1260.0,4367
1669782300,1260.5,1261.25,1259.1,1260.5,15311
1669782600,1260.5,1260.5,1258.05,1259.95,5258
1669782900,1259.55,1259.6,1258.0,1259.0,5205
1669783200,1259.0,1259.0,1256.05,1256.8,12089
1669783500,1256.7,1257.75,1255.25,1255.85,8081
1669783800,1255.85,1256.15,1252.75,1254.0,16768
1669784100,1254.0,1255.35,1253.6,1253.75,5832
1669784400,1254.35,1258.0,1253.9,1257.3,6321
1669784700,1257.3,1258.9,1256.65,1257.85,4934
1669785000,1257.85,1258.3,1256.2,1256.25,3757
1669785300,1256.25,1256.5,1255.25,1256.05,4832
1669785600,1256.05,1258.0,1256.05,1257.95,3766
1669785900,1257.95,1259.65,1257.8,1258.4,9375
1669786200,1258.4,1260.75,1258.4,1259.75,6823
1669786500,1259.75,1260.55,1258.1,1259.95,20685
1669786800,1259.95,1261.0,1259.6,1261.0,11944
1669787100,1261.0,1263.9,1261.0,1261.85,13283
1669787400,1261.6,1261.85,1260.35,1260.65,5285
1669787700,1260.65,1266.0,1260.6,1264.6,13804
1669788000,1263.5,1264.1,1262.8,1263.45,5963
1669788300,1263.45,1264.9,1263.35,1264.65,5355
1669788600,1264.4,1264.75,1263.8,1264.1,8086
1669788900,1264.55,1266.9,1263.85,1264.35,9551
1669789200,1264.25,1264.65,1262.05,1262.05,6189
1669789500,1262.05,1263.85,1261.25,1262.75,5508
1669789800,1262.75,1263.9,1262.4,1263.2,6166
1669790100,1263.15,1264.65,1263.0,1264.0,5256
1669790400,1264.0,1264.3,1261.0,1261.25,8749
1669790700,1261.25,1262.75,1261.25,1262.55,4680
1669791000,1262.55,1264.75,1262.3,1264.6,4317
1669791300,1264.6,1267.95,1264.6,1267.45,7143
1669791600,1267.45,1271.15,1266.55,1269.05,13039
1669791900,1269.05,1272.0,1268.85,1272.0,9333
1669792200,1272.0,1273.35,1271.85,1272.2,8807
1669792500,1272.3,1272.3,1270.05,1271.1,14600
1669792800,1271.1,1271.5,1270.7,1271.25,4760
1669793100,1271.25,1273.4,1271.25,1272.75,6262
1669793400,1272.75,1273.8,1272.45,1272.45,7679
1669793700,1272.45,1273.0,1269.8,1272.05,9081
1669794000,1271.65,1273.5,1270.15,1273.1,7076
1669794300,1273.1,1274.9,1272.45,1272.45,9271
1669794600,1272.45,1272.95,1271.25,1272.3,5791
1669794900,1272.3,1274.8,1272.0,1272.0,15314
1669795200,1272.0,1276.95,1272.0,1275.7,15794
1669795500,1275.7,1277.0,1275.0,1275.3,9267
1669795800,1275.3,1278.5,1275.3,1276.95,14046
1669796100,1276.95,1277.2,1275.35,1276.8,8039
1669796400,1277.2,1277.2,1274.0,1275.45,14906
1669796700,1275.9,1276.95,1275.15,1276.0,10800
1669797000,1276.0,1277.0,1275.25,1275.25,8327
1669797300,1275.25,1275.75,1273.85,1275.4,12524
1669797600,1275.4,1277.0,1275.3,1277.0,7565
1669797900,1276.5,1277.25,1274.55,1275.8,19829
1669798200,1275.8,1277.45,1275.6,1277.0,7428
1669798500,1277.45,1282.0,1277.0,1280.55,27454
1669798800,1280.25,1282.5,1280.1,1281.7,15940
1669799100,1281.7,1283.85,1279.5,1283.55,18527
1669799400,1283.55,1284.0,1282.35,1282.9,14363
1669799700,1282.9,1283.45,1281.45,1282.15,11453
1669800000,1282.15,1283.55,1282.0,1282.2,10125
1669800300,1282.2,1283.0,1279.6,1281.15,14972
1669800600,1281.3,1285.0,1280.9,1284.2,142738
1669800900,1284.25,1286.5,1282.25,1284.05,119600
1669801200,1284.0,1284.7,1280.35,1284.1,121436
1669801500,1284.1,1284.15,1282.8,1282.85,89202
1669801800,1282.85,1282.85,1280.75,1280.9,126804
1669802100,1280.9,1289.7,1280.85,1289.05,99053
1669866300,1290.0,1290.0,1276.2,1283.15,29085
1669866600,1283.45,1285.05,1282.3,1284.45,9005
1669866900,1284.45,1284.45,1281.65,1282.55,7830
1669867200,1282.55,1283.65,1281.4,1281.8,6408
1669867500,1281.8,1283.0,1281.2,1282.1,10057
1669867800,1282.5,1284.35,1282.0,1283.75,6620
1669868100,1283.75,1283.75,1282.0,1282.0,5844
1669868400,1282.0,1282.2,1279.15,1280.55,8000
1669868700,1280.15,1281.15,1279.75,1280.0,4599
1669869000,1279.35,1282.8,1279.35,1282.8,9685
1669869300,1282.8,1283.95,1282.5,1282.7,4155
1669869600,1282.7,1284.95,1281.3,1281.3,14750
1669869900,1281.35,1281.35,1279.5,1279.75,7193
1669870200,1279.5,1280.4,1277.4,1279.75,10113
1669870500,1279.75,1281.1,1277.65,1278.15,7239
1669870800,1278.1,1280.1,1277.65,1279.5,7754
1669871100,1279.5,1279.5,1277.9,1278.2,7230
1669871400,1278.2,1278.2,1276.5,1277.05,8109
1669871700,1277.05,1277.7,1276.3,1277.45,7882
1669872000,1277.45,1281.0,1277.25,1280.25,7446
1669872300,1280.25,1281.45,1279.2,1279.65,6668
1669872600,1279.65,1279.9,1278.2,1278.4,8235
1669872900,1278.4,1279.75,1277.05,1279.0,8764
1669873200,1279.0,1280.65,1278.6,1280.65,4356
1669873500,1280.65,1280.9,1279.85,1280.05,5330
1669873800,1280.05,1283.25,1280.0,1283.0,4590
1669874100,1283.0,1285.0,1282.2,1282.2,8394
1669874400,1282.2,1283.5,1281.75,1282.15,5253
1669874700,1282.15,1282.15,1279.65,1281.3,5463
1669875000,1281.3,1281.3,1279.1,1279.45,4842
1669875300,1279.15,1280.3,1279.15,1279.7,5314
1669875600,1279.7,1280.0,1278.15,1279.3,11992
1669875900,1279.3,1279.3,1277.7,1277.9,8024
1669876200,1277.9,1279.15,1277.0,1278.9,10042
1669876500,1278.5,1279.55,1278.5,1279.2,3827
1669876800,1279.2,1280.3,1278.9,1279.9,5721
1669877100,1280.0,1282.0,1279.95,1281.7,6308
1669877400,1281.7,1282.5,1281.05,1281.45,8123
1669877700,1281.45,1282.3,1280.8,1281.2,4434
1669878000,1281.0,1282.25,1281.0,1281.85,6335
1669878300,1281.85,1282.25,1281.15,1281.45,5053
1669878600,1281.45,1281.45,1280.05,1280.05,9931
1669878900,1280.05,1280.3,1279.45,1280.15,7559
1669879200,1280.15,1280.15,1279.65,1279.7,3909
1669879500,1279.7,1279.7,1279.5,1279.55,3006
1669879800,1279.55,1280.75,1279.5,1280.65,9283
1669880100,1280.65,1281.0,1280.0,1280.95,5279
1669880400,1280.95,1281.0,1280.1,1281.0,3806
1669880700,1281.0,1281.5,1280.6,1280.95,4702
1669881000,1281.0,1282.0,1280.35,1281.8,10937
1669881300,1281.8,1282.6,1281.5,1282.05,19046
1669881600,1282.0,1288.2,1281.25,1288.2,35196
1669881900,1287.45,1288.6,1285.2,1288.4,21598
1669882200,1288.7,1288.95,1286.3,1288.0,9606
1669882500,1288.0,1289.0,1287.7,1289.0,10848
1669882800,1289.5,1289.6,1288.4,1288.55,11694
1669883100,1288.85,1296.2,1287.3,1292.45,49441
1669883400,1292.45,1294.9,1292.05,1293.65,27188
1669883700,1293.65,1298.15,1293.25,1294.75,25672
1669884000,1294.6,1296.85,1294.0,1295.4,19103
1669884300,1295.4,1295.95,1293.0,1294.05,20105
1669884600,1294.05,1294.05,1290.65,1291.35,20069
1669884900,1291.35,1291.7,1289.3,1290.35,18755
1669885200,1289.7,1290.35,1286.85,1287.85,24032
1669885500,1287.3,1288.1,1286.95,1287.85,19580
1669885800,1287.85,1291.0,1287.85,1290.1,16889
1669886100,1290.4,1290.4,1287.7,1287.7,14549
1669886400,1287.7,1287.95,1285.1,1285.25,17332
1669886700,1285.2,1290.5,1285.2,1289.25,21737
1669887000,1289.35,1292.0,1289.35,1292.0,26464
1669887300,1292.0,1292.0,1288.85,1288.85,32670
1669887600,1288.65,1291.4,1288.35,1290.9,22769
1669887900,1290.9,1291.5,1290.45,1291.1,26081
1669888200,1291.1,1291.4,1288.5,1288.55,31012
1669888500,1288.55,1295.0,1288.5,1295.0,31533
1669952700,1292.0,1296.95,1269.15,1273.0,160568
1669953000,1272.6,1276.95,1271.6,1275.3,43289
1669953300,1274.8,1279.65,1274.8,1278.6,22013
1669953600,1278.6,1279.7,1276.45,1278.0,18806
1669953900,1278.0,1281.85,1277.6,1280.7,11793
1669954200,1280.2,1280.85,1279.3,1280.0,6338
1669954500,1280.0,1280.0,1275.9,1277.55,8402
1669954800,1277.55,1280.25,1277.4,1280.1,6664
1669955100,1280.1,1280.2,1276.55,1276.95,4941
1669955400,1276.95,1277.4,1273.15,1273.5,7349
1669955700,1273.9,1275.0,1273.8,1274.25,3364
1669956000,1274.25,1275.2,1273.5,1274.25,7628
1669956300,1274.25,1274.55,1273.25,1273.65,5622
1669956600,1273.7,1274.0,1272.0,1272.3,6378
1669956900,1272.35,1272.8,1271.1,1272.65,8044
1669957200,1272.65,1272.9,1270.5,1271.9,6996
1669957500,1271.9,1275.45,1271.8,1274.55,12824
1669957800,1274.75,1274.75,1274.25,1274.5,4042
1669958100,1274.55,1276.15,1274.55,1275.15,6878
1669958400,1275.15,1276.4,1275.15,1275.45,6036
1669958700,1275.8,1276.65,1275.1,1276.65,10400
1669959000,1276.65,1278.15,1275.75,1277.7,8038
1669959300,1278.15,1279.95,1277.85,1278.75,7647
1669959600,1278.75,1279.6,1277.35,1279.6,5712
1669959900,1279.6,1280.1,1277.9,1280.0,4540
1669960200,1280.05,1281.95,1280.0,1280.65,8119
1669960500,1280.65,1281.0,1277.5,1278.05,6659
1669960800,1278.05,1279.3,1277.45,1278.65,4067
1669961100,1278.65,1279.65,1277.9,1277.9,6265
1669961400,1277.9,1278.75,1275.75,1276.75,6377
1669961700,1276.75,1276.75,1275.1,1275.1,9322
1669962000,1275.05,1276.7,1272.95,1273.0,20212
1669962300,1272.95,1273.2,1271.4,1271.5,9402
1669962600,1271.4,1272.95,1271.4,1272.95,9695
1669962900,1272.65,1274.9,1271.65,1271.75,17235
1669963200,1271.75,1271.8,1270.45,1270.45,17940
1669963500,1270.45,1270.55,1270.45,1270.5,7203
1669963800,1270.5,1272.5,1270.35,1270.8,50795
1669964100,1270.8,1270.95,1267.4,1267.75,21099
1669964400,1267.75,1268.0,1265.5,1265.75,22246
1669964700,1265.75,1267.0,1265.0,1265.35,20460
1669965000,1265.0,1267.8,1265.0,1267.05,17685
1669965300,1267.05,1267.45,1266.1,1267.0,12794
1669965600,1266.95,1269.4,1266.95,1268.55,16394
1669965900,1268.55,1269.4,1268.05,1269.4,8910
1669966200,1269.2,1269.2,1268.25,1269.05,9013
1669966500,1269.05,1272.0,1268.85,1271.95,14230
1669966800,1271.95,1273.0,1270.5,1272.45,36223
1669967100,1272.5,1275.0,1272.45,1275.0,14617
1669967400,1274.95,1275.5,1273.95,1275.45,16450
1669967700,1275.5,1275.95,1275.5,1275.8,14390
1669968000,1275.85,1280.0,1275.8,1279.85,19218
1669968300,1280.0,1282.75,1280.0,1281.45,36418
1669968600,1281.4,1283.5,1280.15,1282.55,20262
1669968900,1282.7,1285.8,1282.55,1285.75,21579
1669969200,1285.8,1286.95,1284.25,1286.9,22528
1669969500,1286.8,1288.45,1285.8,1287.85,24370
1669969800,1288.15,1291.0,1287.85,1290.4,24138
1669970100,1290.4,1291.0,1289.3,1290.3,21517
1669970400,1290.3,1291.95,1289.0,1290.4,21598
1669970700,1290.55,1292.7,1289.15,1291.65,24906
1669971000,1291.65,1295.0,1291.65,1295.0,22818
1669971300,1294.85,1295.0,1293.0,1294.75,23021
1669971600,1294.75,1295.25,1293.8,1293.8,23819
1669971900,1294.05,1295.35,1293.7,1295.35,17949
1669972200,1295.6,1297.55,1294.05,1294.8,40651
1669972500,1294.85,1296.55,1294.5,1295.35,31161
1669972800,1295.15,1295.15,1292.8,1293.5,26982
1669973100,1293.4,1294.75,1290.2,1290.3,23340
1669973400,1290.3,1294.0,1290.3,1293.95,43168
1669973700,1293.7,1295.4,1293.6,1294.1,58831
1669974000,1294.1,1295.4,1292.6,1294.45,51939
1669974300,1294.45,1296.9,1293.6,1296.4,98167
1669974600,1296.4,1298.35,1295.7,1297.0,74464
1669974900,1296.55,1299.95,1291.85,1295.0,48773
1670211900,1298.1,1298.1,1281.25,1285.15,28049
1670212200,1285.15,1285.75,1282.25,1283.05,25142
1670212500,1283.05,1286.75,1282.05,1285.5,14194
1670212800,1285.1,1286.05,1282.1,1282.1,9807
1670213100,1282.1,1283.0,1280.2,1281.5,18271
1670213400,1282.2,1282.5,1280.0,1280.55,9816
1670213700,1280.55,1280.85,1279.2,1280.4,12257
1670214000,1280.3,1281.0,1277.8,1278.5,21519
1670214300,1278.5,1278.6,1276.6,1277.5,14333
1670214600,1277.5,1277.5,1275.0,1275.0,9228
1670214900,1275.0,1276.6,1275.0,1275.0,8753
1670215200,1275.55,1276.6,1273.65,1274.15,17995
1670215500,1274.75,1277.55,1274.75,1276.55,13001
1670215800,1277.2,1278.55,1276.05,1277.5,18377
1670216100,1278.0,1280.0,1277.75,1280.0,7489
1670216400,1280.0,1280.4,1279.05,1279.8,6396
1670216700,1279.8,1279.95,1277.3,1277.35,5695
1670217000,1277.0,1277.5,1276.3,1277.5,2662
1670217300,1277.5,1278.0,1277.05,1277.95,4011
1670217600,1277.55,1278.35,1277.55,1278.25,4452
1670217900,1278.25,1278.85,1277.9,1278.6,2752
1670218200,1278.6,1278.75,1278.1,1278.75,2507
1670218500,1278.75,1278.75,1277.0,1278.05,7606
1670218800,1278.1,1278.9,1277.3,1278.75,6573
1670219100,1278.75,1280.4,1278.1,1279.75,7580
1670219400,1279.75,1283.0,1279.65,1282.85,16909
1670219700,1282.85,1284.1,1281.75,1282.2,10977
1670220000,1282.25,1283.15,1279.45,1279.5,8734
1670220300,1279.5,1280.5,1278.8,1280.5,8363
1670220600,1280.2,1281.95,1280.2,1280.85,5316
1670220900,1280.85,1282.0,1280.5,1282.0,2164
1670221200,1281.65,1283.6,1281.65,1283.3,3099
1670221500,1283.3,1284.0,1283.0,1283.65,5500
1670221800,1283.65,1284.3,1283.0,1284.3,3468
1670222100,1284.3,1284.9,1283.3,1284.2,3433
1670222400,1284.2,1286.0,1283.45,1286.0,5405
1670222700,1286.0,1288.0,1285.5,1286.95,6811
1670223000,1286.95,1289.2,1285.0,1287.6,8954
1670223300,1287.9,1291.7,1287.55,1291.1,13973
1670223600,1291.1,1292.0,1287.7,1289.2,8352
1670223900,1288.95,1290.3,1288.4,1288.4,3217
1670224200,1288.4,1290.4,1287.65,1290.0,3788
1670224500,1290.0,1290.2,1288.6,1289.3,3626
1670224800,1289.3,1291.0,1288.0,1288.8,5832
1670225100,1288.8,1288.85,1286.9,1286.95,3971
1670225400,1286.95,1288.0,1286.95,1287.95,2103
1670225700,1287.8,1287.9,1286.55,1286.75,3895
1670226000,1286.75,1287.95,1285.9,1285.9,2901
1670226300,1285.9,1287.25,1284.75,1284.85,9759
1670226600,1284.85,1285.55,1284.25,1284.8,6214
1670226900,1284.8,1285.75,1284.05,1284.9,4566
1670227200,1284.9,1285.25,1284.25,1284.25,3367
1670227500,1284.25,1285.05,1282.65,1282.65,2748
1670227800,1282.65,1284.35,1281.5,1283.6,5942
1670228100,1283.6,1284.25,1282.15,1283.35,6629
1670228400,1283.35,1283.5,1281.05,1281.15,5683
1670228700,1281.15,1281.9,1279.6,1280.05,10969
1670229000,1280.4,1280.5,1278.3,1279.95,10274
1670229300,1279.95,1280.5,1279.05,1279.65,10779
1670229600,1279.65,1280.5,1279.6,1280.25,4187
1670229900,1280.25,1280.5,1278.6,1279.1,4956
1670230200,1279.1,1279.75,1278.65,1279.65,2511
1670230500,1280.0,1284.45,1279.6,1284.4,20737
1670230800,1284.45,1286.0,1284.0,1285.55,6386
1670231100,1285.55,1287.35,1283.6,1283.75,4082
1670231400,1283.75,1287.15,1283.75,1286.6,4089
1670231700,1286.6,1287.4,1284.85,1286.8,4670
1670232000,1286.8,1287.0,1284.75,1285.6,4239
1670232300,1285.45,1286.45,1283.35,1285.5,4080
1670232600,1285.5,1287.1,1285.0,1286.35,21846
1670232900,1286.35,1287.25,1284.55,1286.4,25942
1670233200,1286.4,1286.65,1285.15,1285.45,15083
1670233500,1285.45,1285.5,1282.7,1284.0,19270
1670233800,1284.0,1284.65,1280.65,1282.7,30522
1670234100,1282.6,1284.85,1280.0,1283.85,14804
1670211900,1298.1,1298.1,1281.25,1285.15,28049
1670212200,1285.15,1285.75,1282.25,1283.05,25142
1670212500,1283.05,1286.75,1282.05,1285.5,14194
1670212800,1285.1,1286.05,1282.1,1282.1,9807
1670213100,1282.1,1283.0,1280.2,1281.5,18271
1670213400,1282.2,1282.5,1280.0,1280.55,9816
1670213700,1280.55,1280.85,1279.2,1280.4,12257
1670214000,1280.3,1281.0,1277.8,1278.5,21519
1670214300,1278.5,1278.6,1276.6,1277.5,14333
1670214600,1277.5,1277.5,1275.0,1275.0,9228
1670214900,1275.0,1276.6,1275.0,1275.0,8753
1670215200,1275.55,1276.6,1273.65,1274.15,17995
1670215500,1274.75,1277.55,1274.75,1276.55,13001
1670215800,1277.2,1278.55,1276.05,1277.5,18377
1670216100,1278.0,1280.0,1277.75,1280.0,7489
1670216400,1280.0,1280.4,1279.05,1279.8,6396
1670216700,1279.8,1279.95,1277.3,1277.35,5695
1670217000,1277.0,1277.5,1276.3,1277.5,2662
1670217300,1277.5,1278.0,1277.05,1277.95,4011
1670217600,1277.55,1278.35,1277.55,1278.25,4452
1670217900,1278.25,1278.85,1277.9,1278.6,2752
1670218200,1278.6,1278.75,1278.1,1278.75,2507
1670218500,1278.75,1278.75,1277.0,1278.05,7606
1670218800,1278.1,1278.9,1277.3,1278.75,6573
1670219100,1278.75,1280.4,1278.1,1279.75,7580
1670219400,1279.75,1283.0,1279.65,1282.85,16909
1670219700,1282.85,1284.1,1281.75,1282.2,10977
1670220000,1282.25,1283.15,1279.45,1279.5,8734
1670220300,1279.5,1280.5,1278.8,1280.5,8363
1670220600,1280.2,1281.95,1280.2,1280.85,5316
1670220900,1280.85,1282.0,1280.5,1282.0,2164
1670221200,1281.65,1283.6,1281.65,1283.3,3099
1670221500,1283.3,1284.0,1283.0,1283.65,5500
1670221800,1283.65,1284.3,1283.0,1284.3,3468
1670222100,1284.3,1284.9,1283.3,1284.2,3433
1670222400,1284.2,1286.0,1283.45,1286.0,5405
1670222700,1286.0,1288.0,1285.5,1286.95,6811
1670223000,1286.95,1289.2,1285.0,1287.6,8954
1670223300,1287.9,1291.7,1287.55,1291.1,13973
1670223600,1291.1,1292.0,1287.7,1289.2,8352
1670223900,1288.95,1290.3,1288.4,1288.4,3217
1670224200,1288.4,1290.4,1287.65,1290.0,3788
1670224500,1290.0,1290.2,1288.6,1289.3,3626
1670224800,1289.3,1291.0,1288.0,1288.8,5832
1670225100,1288.8,1288.85,1286.9,1286.95,3971
1670225400,1286.95,1288.0,1286.95,1287.95,2103
1670225700,1287.8,1287.9,1286.55,1286.75,3895
1670226000,1286.75,1287.95,1285.9,1285.9,2901
1670226300,1285.9,1287.25,1284.75,1284.85,9759
1670226600,1284.85,1285.55,1284.25,1284.8,6214
1670226900,1284.8,1285.75,1284.05,1284.9,4566
1670227200,1284.9,1285.25,1284.25,1284.25,3367
1670227500,1284.25,1285.05,1282.65,1282.65,2748
1670227800,1282.65,1284.35,1281.5,1283.6,5942
1670228100,1283.6,1284.25,1282.15,1283.35,6629
1670228400,1283.35,1283.5,1281.05,1281.15,5683
1670228700,1281.15,1281.9,1279.6,1280.05,10969
1670229000,1280.4,1280.5,1278.3,1279.95,10274
1670229300,1279.95,1280.5,1279.05,1279.65,10779
1670229600,1279.65,1280.5,1279.6,1280.25,4187
1670229900,1280.25,1280.5,1278.6,1279.1,4956
1670230200,1279.1,1279.75,1278.65,1279.65,2511
1670230500,1280.0,1284.45,1279.6,1284.4,20737
1670230800,1284.45,1286.0,1284.0,1285.55,6386
1670231100,1285.55,1287.35,1283.6,1283.75,4082
1670231400,1283.75,1287.15,1283.75,1286.6,4089
1670231700,1286.6,1287.4,1284.85,1286.8,4670
1670232000,1286.8,1287.0,1284.75,1285.6,4239
1670232300,1285.45,1286.45,1283.35,1285.5,4080
1670232600,1285.5,1287.1,1285.0,1286.35,21846
1670232900,1286.35,1287.25,1284.55,1286.4,25942
1670233200,1286.4,1286.65,1285.15,1285.45,15083
1670233500,1285.45,1285.5,1282.7,1284.0,19270
1670233800,1284.0,1284.65,1280.65,1282.7,30522
1670234100,1282.6,1284.85,1280.0,1283.85,14804
1670298300,1286.0,1309.0,1284.55,1308.85,99250
1670298600,1307.65,1310.95,1304.0,1309.5,324706
1670298900,1310.05,1313.5,1306.9,1309.45,123925
1670299200,1309.05,1310.25,1302.2,1303.45,102865
1670299500,1303.0,1304.2,1298.9,1302.05,114157
1670299800,1302.3,1303.85,1299.35,1300.0,47720
1670300100,1300.0,1300.0,1295.7,1297.0,49901
1670300400,1297.0,1297.55,1291.3,1291.7,46071
1670300700,1291.9,1293.4,1289.05,1292.65,45646
1670301000,1292.55,1293.5,1287.1,1290.6,49696
1670301300,1290.7,1291.55,1289.05,1289.3,15621
1670301600,1289.9,1289.95,1287.0,1288.9,19829
1670301900,1288.9,1289.9,1287.3,1289.9,15347
1670302200,1289.55,1293.0,1288.35,1289.5,42297
1670302500,1289.5,1291.35,1288.4,1291.2,19125
1670302800,1291.15,1291.5,1288.55,1289.4,7219
1670303100,1289.85,1290.5,1288.5,1289.7,32065
1670303400,1289.4,1290.35,1288.55,1288.95,7990
1670303700,1288.95,1290.95,1288.65,1290.0,16646
1670304000,1290.0,1290.85,1288.95,1290.35,8394
1670304300,1290.35,1290.4,1289.25,1289.8,9006
1670304600,1289.8,1290.0,1288.6,1290.0,9914
1670304900,1290.0,1290.3,1289.0,1290.0,6097
1670305200,1290.0,1290.0,1288.0,1288.5,10278
1670305500,1288.5,1289.8,1287.3,1287.7,9094
1670305800,1288.0,1288.8,1287.2,1287.7,6118
1670306100,1287.7,1288.35,1287.6,1288.0,3821
1670306400,1288.0,1288.0,1285.35,1287.85,14121
1670306700,1287.85,1288.05,1286.95,1287.95,13966
1670307000,1288.0,1288.0,1286.8,1287.8,6845
1670307300,1287.85,1288.0,1287.0,1287.85,7112
1670307600,1287.85,1288.0,1286.1,1287.6,6411
1670307900,1287.6,1287.6,1285.0,1286.75,12657
1670308200,1286.75,1288.0,1285.35,1288.0,5823
1670308500,1288.0,1288.0,1286.1,1286.75,4992
1670308800,1287.05,1287.15,1285.0,1285.1,8545
1670309100,1285.1,1286.4,1282.6,1285.8,18891
1670309400,1286.25,1287.55,1285.25,1285.75,9511
1670309700,1285.75,1286.0,1285.2,1286.0,4298
1670310000,1286.0,1286.0,1283.85,1285.5,6219
1670310300,1285.7,1286.0,1283.65,1284.85,5876
1670310600,1284.85,1285.8,1284.0,1285.0,5266
1670310900,1285.0,1285.0,1284.0,1284.0,5119
1670311200,1284.0,1285.0,1283.5,1285.0,5492
1670311500,1285.0,1285.0,1283.5,1284.45,5635
1670311800,1284.7,1285.0,1284.15,1285.0,11209
1670312100,1285.0,1285.05,1284.3,1284.85,8099
1670312400,1284.85,1285.0,1284.35,1285.0,9750
1670312700,1285.0,1285.45,1284.75,1284.75,5700
1670313000,1284.75,1286.45,1284.75,1285.25,10542
1670313300,1285.25,1286.0,1285.0,1285.85,5576
1670313600,1285.85,1288.35,1285.0,1287.45,22692
1670313900,1287.45,1289.35,1287.35,1288.35,14500
1670314200,1288.35,1288.4,1287.4,1288.1,6093
1670314500,1288.1,1289.9,1287.4,1289.85,10060
1670314800,1289.85,1289.9,1287.2,1288.85,10417
1670315100,1288.85,1289.05,1285.0,1285.0,18410
1670315400,1285.0,1286.8,1284.0,1286.2,15351
1670315700,1286.1,1287.15,1286.1,1286.5,12296
1670316000,1286.5,1288.2,1286.3,1287.6,10640
1670316300,1287.25,1288.6,1287.15,1287.95,12811
1670316600,1287.95,1288.9,1287.25,1288.0,16768
1670316900,1288.0,1288.0,1287.0,1287.95,11256
1670317200,1287.95,1288.0,1286.25,1286.25,15657
1670317500,1286.25,1287.0,1285.0,1285.6,9509
1670317800,1285.1,1286.95,1284.3,1286.0,12275
1670318100,1286.0,1287.25,1285.65,1286.9,7587
1670318400,1286.9,1286.9,1285.0,1285.1,12803
1670318700,1285.1,1286.7,1284.5,1286.55,13375
1670319000,1287.15,1288.0,1285.6,1286.8,41026
1670319300,1286.8,1287.9,1284.6,1286.0,38541
1670319600,1286.0,1286.5,1284.85,1286.2,50327
1670319900,1286.05,1286.2,1283.5,1283.75,60531
1670320200,1283.7,1286.0,1281.55,1283.95,77366
1670320500,1284.1,1286.2,1282.55,1282.55,49153
1670384700,1285.9,1293.95,1285.9,1288.7,45152
1670385000,1288.8,1295.0,1288.05,1293.9,34893
1670385300,1293.9,1296.6,1292.5,1292.5,22071
1670385600,1292.6,1292.6,1288.3,1288.3,21437
1670385900,1288.95,1289.55,1285.8,1287.75,14747
1670386200,1287.75,1290.95,1287.45,1290.7,10863
1670386500,1290.7,1292.5,1290.05,1291.25,6490
1670386800,1291.25,1291.55,1290.0,1290.1,5125
1670387100,1290.1,1290.2,1287.65,1288.5,7642
1670387400,1288.55,1288.55,1287.15,1288.55,2913
1670387700,1288.55,1289.4,1288.55,1288.85,2728
1670388000,1288.85,1288.85,1287.0,1287.8,6425
1670388300,1287.8,1288.95,1287.0,1287.7,9882
1670388600,1287.7,1289.65,1287.0,1289.65,4137
1670388900,1289.35,1289.45,1287.85,1288.0,3079
1670389200,1288.0,1288.95,1287.85,1288.7,3323
1670389500,1288.7,1288.7,1287.45,1287.85,2860
1670389800,1287.8,1287.85,1285.1,1285.35,8067
1670390100,1285.55,1285.55,1282.05,1284.5,12686
1670390400,1284.5,1284.6,1280.55,1281.3,6627
1670390700,1281.3,1282.6,1280.0,1281.0,6159
1670391000,1281.0,1281.55,1279.9,1281.0,5030
1670391300,1281.0,1282.8,1280.3,1280.4,4412
1670391600,1280.4,1283.45,1280.35,1283.35,3708
1670391900,1283.35,1283.9,1281.7,1282.15,3792
1670392200,1282.15,1282.15,1280.1,1280.3,2829
1670392500,1280.3,1281.8,1280.15,1281.8,2717
1670392800,1281.95,1282.95,1277.1,1279.6,8507
1670393100,1279.6,1280.3,1278.8,1278.95,5170
1670393400,1278.95,1279.1,1277.5,1279.0,1676
1670393700,1278.9,1279.0,1278.2,1278.9,2196
1670394000,1278.9,1279.0,1278.2,1278.2,4675
1670394300,1278.35,1278.55,1277.5,1278.4,2016
1670394600,1278.4,1278.95,1278.0,1278.35,2240
1670394900,1278.3,1279.0,1278.3,1279.0,2734
1670395200,1279.0,1279.0,1278.95,1279.0,1621
1670395500,1279.0,1279.0,1278.95,1278.95,1276
1670395800,1278.95,1279.3,1278.95,1279.0,2459
1670396100,1279.0,1279.2,1277.8,1277.8,4614
1670396400,1278.0,1278.95,1277.25,1278.05,1848
1670396700,1278.05,1278.8,1277.25,1277.65,1468
1670397000,1277.65,1277.75,1275.2,1275.2,3206
1670397300,1275.65,1276.9,1275.05,1276.0,3429
1670397600,1276.25,1276.75,1275.0,1275.55,2128
1670397900,1275.55,1276.5,1275.55,1275.6,2054
1670398200,1275.6,1276.65,1275.55,1276.05,2496
1670398500,1276.0,1276.7,1275.0,1276.0,4866
1670398800,1276.0,1276.0,1273.65,1275.1,3864
1670399100,1275.1,1275.9,1274.25,1274.85,2642
1670399400,1274.45,1275.5,1274.3,1274.65,2133
1670399700,1274.65,1274.65,1271.05,1272.05,5509
1670400000,1272.05,1275.0,1272.0,1274.8,3755
1670400300,1274.8,1275.0,1271.5,1272.2,3287
1670400600,1272.2,1274.0,1272.0,1273.5,4072
1670400900,1273.5,1274.6,1272.65,1272.65,2434
1670401200,1272.65,1272.8,1271.05,1271.5,3636
1670401500,1271.15,1272.0,1271.0,1271.65,3753
1670401800,1271.55,1271.6,1271.0,1271.15,2527
1670402100,1271.15,1272.0,1268.0,1268.7,7380
1670402400,1268.0,1268.75,1266.6,1267.6,6258
1670402700,1267.4,1269.6,1267.4,1268.85,4027
1670403000,1268.8,1269.55,1268.2,1268.8,2168
1670403300,1268.8,1270.0,1268.65,1270.0,2789
1670403600,1269.8,1270.4,1269.35,1269.5,10511
1670403900,1269.45,1270.0,1267.4,1269.55,4158
1670404200,1269.5,1269.85,1269.2,1269.35,2789
1670404500,1269.35,1270.1,1268.15,1268.25,8843
1670404800,1268.15,1270.0,1267.85,1268.9,7395
1670405100,1268.65,1270.5,1268.1,1270.0,5207
1670405400,1269.7,1269.9,1267.1,1267.1,15631
1670405700,1267.2,1267.6,1263.95,1264.95,18101
1670406000,1265.65,1266.7,1263.25,1263.6,11801
1670406300,1263.6,1263.9,1262.45,1262.9,13578
1670406600,1262.95,1264.0,1261.45,1263.9,21664
1670406900,1260.65,1261.8,1259.0,1259.0,133740
1670471100,1242.0,1262.05,1242.0,1245.1,66333
1670471400,1245.1,1248.75,1242.3,1245.3,40336
1670471700,1245.3,1251.0,1244.95,1250.35,33540
1670472000,1250.5,1255.95,1250.5,1255.2,40693
1670472300,1255.2,1256.0,1252.65,1253.95,25279
1670472600,1254.6,1255.7,1253.7,1255.3,5653
1670472900,1255.3,1258.0,1253.4,1257.0,18972
1670473200,1257.0,1258.65,1255.1,1256.9,10050
1670473500,1256.9,1258.4,1255.1,1258.0,7094
1670473800,1258.0,1259.0,1257.1,1257.1,5737
1670474100,1257.1,1257.15,1252.9,1254.5,7162
1670474400,1254.4,1255.95,1254.4,1254.8,2619
1670474700,1254.8,1255.95,1254.25,1254.55,2968
1670475000,1254.75,1254.8,1250.4,1251.6,11169
1670475300,1251.6,1251.65,1250.5,1251.0,3732
1670475600,1251.25,1251.25,1250.2,1250.9,3650
1670475900,1250.9,1251.55,1250.35,1250.8,1965
1670476200,1250.8,1251.5,1250.5,1250.6,3065
1670476500,1250.6,1250.95,1250.2,1250.95,747
1670476800,1250.95,1250.95,1250.2,1250.4,2139
1670477100,1250.85,1250.85,1250.0,1250.2,2309
1670477400,1250.2,1254.0,1250.2,1252.85,6661
1670477700,1252.85,1253.1,1252.0,1253.1,2479
1670478000,1253.1,1253.5,1251.85,1252.2,950
1670478300,1252.2,1253.85,1252.0,1253.35,1796
1670478600,1253.35,1255.1,1253.35,1254.4,1602
1670478900,1254.4,1254.4,1252.35,1252.7,943
1670479200,1252.7,1255.4,1252.7,1255.0,6280
1670479500,1255.0,1257.5,1255.0,1257.0,8326
1670479800,1257.0,1257.35,1255.0,1255.7,6308
1670480100,1255.8,1257.5,1255.05,1257.35,658
1670480400,1257.5,1257.8,1256.0,1256.0,1717
1670480700,1256.0,1256.3,1255.0,1256.2,1913
1670481000,1256.2,1256.4,1255.0,1255.4,1604
1670481300,1255.4,1257.35,1255.4,1257.0,2119
1670481600,1257.0,1257.45,1256.15,1256.8,1831
1670481900,1256.8,1258.9,1256.15,1258.0,4478
1670482200,1258.0,1258.0,1256.05,1256.8,1367
1670482500,1256.8,1257.0,1255.0,1256.0,3309
1670482800,1256.0,1256.0,1255.45,1255.8,467
1670483100,1255.85,1256.4,1255.0,1256.35,3195
1670483400,1256.9,1258.35,1255.25,1255.25,2458
1670483700,1255.25,1256.15,1255.0,1256.0,891
1670484000,1256.0,1256.0,1255.4,1255.75,471
1670484300,1255.75,1256.1,1255.45,1255.8,937
1670484600,1255.8,1257.35,1255.55,1255.65,1355
1670484900,1255.65,1256.15,1254.85,1255.0,4317
1670485200,1255.0,1258.5,1255.0,1258.2,3097
1670485500,1258.2,1259.9,1258.2,1259.05,3724
1670485800,1259.05,1259.55,1257.4,1259.15,1274
1670486100,1259.15,1259.8,1258.25,1259.6,2647
1670486400,1259.6,1260.55,1257.85,1260.55,6178
1670486700,1260.3,1260.55,1258.7,1259.1,3221
1670487000,1259.1,1260.15,1258.5,1259.25,4470
1670487300,1259.25,1263.35,1258.3,1262.2,17273
1670487600,1262.2,1262.9,1260.55,1261.8,2345
1670487900,1261.8,1261.9,1260.0,1261.65,4477
1670488200,1261.65,1262.35,1260.95,1262.25,2544
1670488500,1262.25,1263.1,1261.5,1262.95,2790
1670488800,1262.95,1263.05,1260.15,1261.55,4060
1670489100,1261.55,1263.7,1261.55,1261.85,2946
1670489400,1261.85,1262.5,1260.15,1262.0,2259
1670489700,1261.35,1264.1,1261.35,1262.35,8802
1670490000,1262.35,1263.6,1261.55,1263.6,3166
1670490300,1263.6,1264.6,1263.0,1263.95,3287
1670490600,1263.95,1264.0,1263.0,1263.05,2299
1670490900,1263.05,1264.5,1261.8,1263.45,6495
1670491200,1263.95,1264.45,1262.55,1264.45,2684
1670491500,1264.45,1264.45,1262.35,1263.0,5065
1670491800,1264.25,1268.65,1263.45,1268.1,31709
1670492100,1268.45,1268.45,1265.75,1266.15,18738
1670492400,1267.3,1268.75,1266.55,1268.15,20502
1670492700,1268.2,1268.3,1265.9,1266.8,27723
1670493000,1266.8,1268.15,1266.15,1266.95,25192
1670493300,1266.95,1268.0,1264.3,1268.0,20089
1670557500,1277.0,1277.0,1265.1,1266.5,32593
1670557800,1266.35,1266.35,1263.55,1264.2,11544
1670558100,1264.1,1264.95,1258.2,1258.65,15275
1670558400,1258.65,1260.35,1257.05,1259.65,12819
1670558700,1259.65,1260.9,1258.8,1259.15,6138
1670559000,1259.15,1261.0,1258.0,1258.5,8370
1670559300,1258.5,1265.2,1258.35,1264.75,32546
1670559600,1264.6,1265.75,1262.65,1263.8,6630
1670559900,1263.8,1266.9,1262.7,1266.3,8554
1670560200,1266.3,1266.45,1265.4,1266.3,4878
1670560500,1266.25,1267.75,1265.4,1266.55,5570
1670560800,1266.0,1266.0,1265.0,1265.0,9756
1670561100,1265.0,1265.95,1263.8,1265.45,8595
1670561400,1265.45,1266.35,1265.0,1265.55,3427
1670561700,1265.0,1265.75,1265.0,1265.2,2621
1670562000,1265.1,1265.1,1261.4,1261.6,3372
1670562300,1261.6,1266.3,1261.25,1266.0,8347
1670562600,1266.0,1266.95,1265.55,1266.55,3775
1670562900,1266.55,1266.55,1265.85,1266.25,3771
1670563200,1266.25,1266.25,1265.45,1266.05,4629
1670563500,1266.05,1266.15,1265.75,1265.8,6062
1670563800,1266.1,1266.2,1265.8,1266.0,1901
1670564100,1266.0,1266.4,1266.0,1266.25,3551
1670564400,1266.25,1267.35,1265.65,1266.0,5334
1670564700,1266.1,1266.9,1265.95,1266.7,2223
1670565000,1266.7,1266.7,1265.55,1266.15,2701
1670565300,1266.15,1266.35,1265.55,1266.0,5600
1670565600,1266.1,1266.8,1265.6,1266.4,3318
1670565900,1266.4,1266.55,1264.95,1265.2,15520
1670566200,1265.2,1266.55,1265.2,1266.05,4260
1670566500,1266.05,1266.15,1265.75,1266.1,6672
1670566800,1266.1,1266.9,1265.95,1266.05,3112
1670567100,1266.05,1266.15,1265.2,1265.3,3078
1670567400,1265.25,1266.75,1264.7,1266.0,3019
1670567700,1266.05,1269.0,1266.0,1268.9,4149
1670568000,1268.9,1269.0,1268.0,1268.05,2009
1670568300,1268.05,1268.6,1267.95,1268.55,2430
1670568600,1268.55,1268.55,1268.35,1268.4,1325
1670568900,1268.4,1268.4,1267.6,1268.05,7066
1670569200,1268.05,1270.6,1268.0,1268.05,34106
1670569500,1268.05,1268.05,1268.0,1268.05,25442
1670569800,1268.05,1268.05,1262.25,1262.45,6741
1670570100,1262.5,1262.5,1258.4,1258.45,7472
1670570400,1258.45,1262.85,1257.8,1262.45,18146
1670570700,1262.45,1264.2,1261.65,1263.85,14079
1670571000,1263.55,1266.0,1262.4,1264.7,10206
1670571300,1264.85,1267.15,1264.15,1265.4,8532
1670571600,1265.4,1267.95,1264.1,1267.0,11239
1670571900,1267.0,1267.9,1266.25,1267.5,8430
1670572200,1267.5,1268.0,1266.0,1266.3,8853
1670572500,1266.3,1268.05,1266.05,1267.95,8487
1670572800,1267.95,1268.0,1266.55,1267.8,7023
1670573100,1267.8,1270.7,1267.2,1268.0,8886
1670573400,1268.0,1269.75,1267.25,1267.75,7839
1670573700,1267.75,1268.7,1266.0,1268.7,8755
1670574000,1268.7,1270.45,1268.05,1269.95,6830
1670574300,1269.95,1270.1,1267.85,1268.7,7835
1670574600,1268.7,1269.5,1266.1,1268.2,7459
1670574900,1268.2,1269.75,1267.8,1267.8,7260
1670575200,1267.8,1268.35,1264.85,1266.4,11303
1670575500,1266.4,1266.4,1262.8,1264.15,8387
1670575800,1264.3,1266.5,1262.05,1266.1,12873
1670576100,1266.15,1266.5,1265.0,1265.8,9604
1670576400,1265.25,1269.0,1265.2,1268.8,12451
1670576700,1268.8,1270.1,1267.6,1268.45,8868
1670577000,1268.45,1269.9,1268.3,1269.7,8617
1670577300,1269.65,1271.3,1269.65,1270.0,7848
1670577600,1270.0,1270.55,1267.7,1268.1,7273
1670577900,1268.1,1269.15,1267.05,1268.75,7349
1670578200,1269.05,1270.3,1268.55,1269.9,12163
1670578500,1269.9,1270.35,1269.05,1270.05,14713
1670578800,1270.05,1270.45,1268.5,1269.1,10831
1670579100,1269.2,1270.0,1268.6,1269.95,16510
1670579400,1270.0,1270.0,1268.05,1269.4,15164
1670579700,1269.4,1270.0,1266.15,1268.65,11614
1670816700,1268.95,1269.0,1254.4,1261.25,12329
1670817000,1262.45,1263.65,1260.05,1263.65,5657
1670817300,1263.65,1263.7,1255.45,1255.45,3843
1670817600,1256.2,1258.1,1253.05,1258.05,10369
1670817900,1258.8,1262.2,1258.8,1260.25,6020
1670818200,1262.0,1262.95,1260.65,1262.1,3786
1670818500,1262.1,1263.4,1261.3,1262.95,2034
1670818800,1262.95,1263.0,1260.2,1260.5,2148
1670819100,1260.8,1262.9,1260.15,1260.15,944
1670819400,1260.15,1262.0,1259.6,1260.8,2171
1670819700,1260.8,1263.0,1260.75,1260.85,2325
1670820000,1260.85,1262.8,1260.85,1262.8,1300
1670820300,1262.8,1265.55,1261.4,1265.05,2163
1670820600,1265.05,1267.75,1264.55,1267.0,3423
1670820900,1267.0,1267.0,1265.75,1267.0,1585
1670821200,1267.0,1268.7,1265.65,1268.7,4424
1670821500,1268.7,1269.95,1266.45,1268.1,5932
1670821800,1268.1,1271.4,1268.1,1270.4,31543
1670822100,1270.4,1273.0,1269.25,1270.6,4779
1670822400,1270.6,1270.6,1267.4,1267.95,21823
1670822700,1268.0,1269.15,1266.1,1268.0,6615
1670823000,1268.0,1269.45,1268.0,1269.3,2451
1670823300,1269.3,1269.7,1266.65,1269.15,8052
1670823600,1269.15,1269.8,1267.95,1269.6,3453
1670823900,1269.65,1271.35,1268.1,1270.65,8322
1670824200,1270.8,1271.0,1268.5,1268.95,5868
1670824500,1269.0,1269.0,1266.8,1268.35,4540
1670824800,1268.35,1269.0,1267.4,1268.25,2282
1670825100,1268.45,1269.3,1266.65,1266.8,7863
1670825400,1267.65,1268.0,1266.6,1267.95,5276
1670825700,1268.0,1268.0,1266.5,1267.35,4620
1670826000,1268.0,1268.0,1266.05,1266.95,7644
1670826300,1267.0,1267.0,1266.2,1266.95,5855
1670826600,1266.85,1267.0,1265.15,1266.45,4375
1670826900,1266.45,1267.0,1265.55,1266.0,10282
1670827200,1266.0,1266.05,1265.85,1266.0,5829
1670827500,1266.0,1266.05,1265.95,1266.0,9751
1670827800,1266.0,1267.55,1265.95,1266.9,6966
1670828100,1267.1,1269.0,1266.95,1268.1,4579
1670828400,1268.15,1268.2,1266.35,1267.2,5197
1670828700,1267.2,1268.6,1266.55,1268.25,4340
1670829000,1268.25,1268.65,1267.45,1268.0,2890
1670829300,1268.0,1269.0,1267.9,1267.9,3543
1670829600,1267.9,1269.9,1267.9,1268.95,3224
1670829900,1268.95,1269.6,1268.0,1268.65,4143
1670830200,1268.65,1269.5,1268.0,1268.75,5085
1670830500,1268.75,1269.25,1267.7,1268.85,3363
1670830800,1268.85,1269.4,1267.8,1268.45,3918
1670831100,1268.45,1269.25,1268.0,1268.2,3046
1670831400,1268.2,1269.55,1268.0,1268.8,4393
1670831700,1268.95,1269.25,1267.2,1268.3,3446
1670832000,1267.75,1269.05,1266.2,1267.75,3218
1670832300,1267.75,1268.75,1266.75,1267.5,5644
1670832600,1266.65,1268.45,1266.1,1267.4,3676
1670832900,1267.4,1268.3,1266.65,1268.25,3142
1670833200,1268.05,1268.6,1266.65,1267.55,3038
1670833500,1267.65,1268.4,1266.9,1267.85,4978
1670833800,1267.85,1268.25,1267.0,1267.6,3631
1670834100,1267.6,1268.25,1266.8,1268.1,3435
1670834400,1268.0,1268.15,1266.6,1267.85,3389
1670834700,1267.85,1267.9,1266.3,1266.35,3164
1670835000,1266.35,1266.8,1264.75,1265.25,4012
1670835300,1265.25,1265.6,1264.05,1264.85,3686
1670835600,1264.85,1265.0,1263.0,1263.95,6558
1670835900,1263.95,1264.0,1263.0,1263.95,3057
1670836200,1264.0,1264.0,1262.15,1263.0,3661
1670836500,1263.0,1263.7,1261.45,1263.0,3609
1670836800,1263.0,1263.25,1262.0,1262.95,5428
1670837100,1262.95,1263.0,1259.55,1260.0,7949
1670837400,1260.7,1263.05,1260.1,1262.95,20434
1670837700,1262.95,1264.0,1262.9,1263.0,28382
1670838000,1263.75,1263.75,1261.0,1262.95,21682
1670838300,1262.95,1265.0,1262.95,1264.0,20640
1670838600,1264.0,1264.95,1263.95,1263.95,18703
1670838900,1264.0,1264.75,1260.0,1260.0,23514
1670903100,1265.5,1269.55,1264.25,1266.7,17679
1670903400,1266.7,1270.5,1266.25,1270.5,9206
1670903700,1270.5,1272.2,1268.4,1272.2,9021
1670904000,1272.2,1274.9,1270.8,1270.8,8849
1670904300,1270.55,1272.95,1269.1,1272.95,4056
1670904600,1272.95,1272.95,1267.75,1270.35,5504
1670904900,1270.35,1272.75,1270.2,1271.1,3897
1670905200,1271.1,1271.1,1267.05,1267.55,3612
1670905500,1267.55,1267.7,1265.8,1266.65,2646
1670905800,1266.65,1267.0,1265.9,1266.8,3502
1670906100,1266.8,1268.0,1266.25,1267.55,1800
1670906400,1267.55,1268.55,1267.55,1268.5,1138
1670906700,1268.15,1269.2,1268.15,1268.4,3056
1670907000,1268.4,1268.4,1266.0,1266.25,3480
1670907300,1266.25,1267.55,1263.15,1264.05,7073
1670907600,1264.05,1264.4,1261.25,1261.25,4974
1670907900,1261.25,1262.15,1259.25,1261.35,2519
1670908200,1261.85,1263.4,1261.35,1262.65,1491
1670908500,1262.65,1264.2,1262.65,1262.75,3520
1670908800,1262.75,1262.9,1262.4,1262.5,998
1670909100,1262.5,1262.95,1262.05,1262.3,2307
1670909400,1262.05,1266.0,1262.05,1265.8,4477
1670909700,1265.8,1267.65,1265.8,1267.65,1118
1670910000,1267.7,1268.4,1266.3,1266.8,8273
1670910300,1266.8,1268.35,1266.8,1267.9,2239
1670910600,1267.75,1268.65,1267.75,1268.6,2282
1670910900,1268.6,1271.0,1268.6,1270.0,3655
1670911200,1270.0,1271.25,1269.55,1270.3,2468
1670911500,1270.6,1271.4,1269.65,1270.8,3615
1670911800,1270.8,1271.05,1267.25,1268.4,5811
1670912100,1268.1,1270.8,1267.25,1270.8,2977
1670912400,1270.8,1273.8,1270.8,1272.95,23805
1670912700,1272.95,1273.05,1268.0,1270.0,21971
1670913000,1270.0,1270.0,1268.35,1269.65,1722
1670913300,1269.65,1270.0,1268.75,1269.45,1912
1670913600,1269.45,1270.0,1269.15,1270.0,2437
1670913900,1270.0,1270.6,1269.5,1270.45,11574
1670914200,1270.45,1270.55,1268.2,1269.9,48299
1670914500,1269.9,1270.0,1269.55,1269.85,1426
1670914800,1269.85,1270.0,1269.55,1269.55,4743
1670915100,1269.55,1269.55,1268.15,1268.15,3685
1670915400,1268.35,1270.6,1268.35,1269.5,6094
1670915700,1269.5,1269.5,1269.1,1269.3,1182
1670916000,1269.3,1270.0,1268.55,1269.95,1859
1670916300,1269.95,1270.0,1269.55,1269.6,5648
1670916600,1269.65,1269.75,1269.0,1269.45,1743
1670916900,1269.45,1270.3,1269.45,1270.0,7854
1670917200,1270.0,1270.2,1269.3,1269.65,4358
1670917500,1270.2,1270.2,1269.45,1270.0,3587
1670917800,1270.0,1270.0,1269.85,1269.85,4922
1670918100,1269.95,1269.95,1269.5,1269.5,2334
1670918400,1269.95,1270.0,1269.5,1270.0,4374
1670918700,1269.55,1270.0,1269.55,1270.0,5066
1670919000,1270.0,1270.1,1269.35,1270.0,52790
1670919300,1270.0,1270.9,1270.0,1270.05,5500
1670919600,1270.15,1271.6,1270.0,1270.65,2922
1670919900,1270.65,1271.95,1270.45,1271.5,4201
1670920200,1271.55,1271.6,1270.0,1270.3,3440
1670920500,1270.3,1270.9,1269.9,1270.8,3724
1670920800,1270.8,1270.8,1270.35,1270.4,2704
1670921100,1270.4,1270.4,1270.0,1270.1,3173
1670921400,1270.6,1270.6,1270.0,1270.0,6284
1670921700,1270.05,1271.2,1270.0,1270.7,3932
1670922000,1270.55,1274.0,1270.5,1272.9,7647
1670922300,1272.95,1273.5,1272.15,1273.2,3707
1670922600,1273.2,1273.5,1271.75,1272.1,5367
1670922900,1272.45,1274.5,1272.45,1273.1,7510
1670923200,1273.1,1273.8,1271.9,1273.5,4311
1670923500,1273.5,1274.75,1272.95,1274.1,6831
1670923800,1274.4,1276.95,1274.2,1276.75,25643
1670924100,1276.75,1278.0,1276.75,1277.7,25213
1670924400,1277.7,1279.0,1277.7,1278.0,27462
1670924700,1277.9,1279.0,1277.45,1278.85,22220
1670925000,1278.85,1280.15,1278.8,1279.95,25385
1670925300,1280.1,1280.35,1270.4,1275.0,39770
1670989500,1285.0,1286.0,1278.6,1280.0,23608
1670989800,1280.25,1282.75,1278.0,1281.75,8785
1670990100,1281.75,1282.1,1280.0,1281.25,7443
1670990400,1280.7,1282.0,1280.1,1281.45,10578
1670990700,1281.45,1281.45,1279.65,1280.05,7332
1670991000,1280.05,1280.8,1279.45,1280.0,2951
1670991300,1280.0,1280.25,1279.55,1280.0,2117
1670991600,1280.0,1280.25,1278.25,1280.0,7752
1670991900,1280.0,1280.1,1279.3,1279.7,10265
1670992200,1280.0,1281.35,1279.6,1281.35,12536
1670992500,1281.0,1281.8,1280.0,1280.7,4542
1670992800,1280.7,1281.9,1280.4,1281.3,5848
1670993100,1281.3,1281.8,1279.85,1280.0,11958
1670993400,1280.6,1281.75,1279.35,1281.1,27301
1670993700,1281.1,1281.1,1279.3,1280.25,9553
1670994000,1280.25,1280.3,1279.7,1280.0,2522
1670994300,1279.95,1280.0,1278.15,1278.65,4412
1670994600,1278.4,1279.0,1277.1,1277.4,2923
1670994900,1277.4,1278.4,1277.2,1278.4,1649
1670995200,1278.4,1279.55,1278.0,1279.0,2105
1670995500,1279.0,1279.75,1278.5,1278.5,2048
1670995800,1278.5,1279.05,1278.5,1279.0,1073
1670996100,1279.0,1279.75,1278.9,1279.65,335
1670996400,1279.65,1279.8,1279.05,1279.25,407
1670996700,1279.25,1280.0,1279.25,1279.9,2358
1670997000,1279.9,1280.4,1279.6,1280.3,7479
1670997300,1280.3,1280.3,1279.65,1280.0,2507
1670997600,1280.0,1280.4,1279.6,1279.95,2340
1670997900,1279.95,1279.95,1278.85,1279.5,1605
1670998200,1279.5,1280.0,1279.05,1279.9,2456
1670998500,1279.9,1280.0,1279.0,1279.6,2522
1670998800,1279.75,1280.0,1278.6,1278.75,1274
1670999100,1278.75,1279.3,1278.7,1279.15,1279
1670999400,1279.15,1280.0,1279.05,1279.7,3566
1670999700,1279.7,1280.0,1279.7,1280.0,1860
1671000000,1280.0,1280.0,1279.7,1279.7,2919
1671000300,1279.95,1280.0,1279.7,1280.0,879
1671000600,1280.0,1280.0,1279.0,1279.0,5756
1671000900,1279.0,1279.45,1278.65,1279.0,1461
1671001200,1279.05,1279.95,1279.05,1279.65,1152
1671001500,1279.95,1280.0,1278.55,1278.6,2887
1671001800,1278.6,1279.75,1278.55,1279.5,1155
1671002100,1279.5,1280.0,1277.9,1278.05,4671
1671002400,1278.05,1278.45,1276.35,1277.85,4613
1671002700,1277.8,1277.8,1275.1,1275.5,4354
1671003000,1275.5,1278.0,1275.3,1278.0,2900
1671003300,1278.35,1279.0,1277.45,1278.75,6205
1671003600,1278.75,1278.75,1276.05,1277.3,4828
1671003900,1276.7,1277.25,1275.55,1276.7,1690
1671004200,1276.7,1276.9,1274.9,1275.2,3801
1671004500,1275.2,1275.9,1274.0,1274.4,3851
1671004800,1274.3,1274.7,1272.55,1273.9,4106
1671005100,1273.9,1274.0,1271.55,1272.95,3846
1671005400,1272.9,1274.3,1272.3,1274.3,2133
1671005700,1274.3,1274.3,1272.55,1272.8,3816
1671006000,1272.95,1274.05,1272.2,1273.1,3665
1671006300,1273.4,1273.5,1270.05,1271.3,7135
1671006600,1271.3,1274.95,1270.4,1273.45,6250
1671006900,1273.45,1274.5,1272.55,1273.5,6826
1671007200,1273.5,1273.9,1272.15,1272.55,4734
1671007500,1272.55,1274.45,1272.55,1273.75,13678
1671007800,1273.75,1274.4,1273.0,1274.05,12829
1671008100,1273.7,1274.4,1272.95,1274.0,12905
1671008400,1274.0,1275.05,1273.05,1274.2,28035
1671008700,1274.2,1274.2,1271.2,1272.25,33027
1671009000,1272.65,1275.55,1271.55,1275.2,71413
1671009300,1275.2,1275.55,1272.45,1274.15,14650
1671009600,1274.15,1275.05,1273.05,1273.75,9125
1671009900,1273.75,1275.2,1273.35,1274.5,7062
1671010200,1275.45,1275.45,1270.2,1272.05,18486
1671010500,1272.05,1272.2,1270.05,1270.7,15515
1671010800,1270.85,1270.9,1268.8,1269.85,17441
1671011100,1269.85,1270.5,1268.55,1268.75,19437
1671011400,1268.75,1268.8,1266.6,1266.7,20152
1671011700,1266.7,1272.0,1266.7,1272.0,19388
1671075900,1274.95,1289.55,1272.55,1284.0,86679
1671076200,1284.15,1287.9,1281.0,1287.9,46793
1671076500,1287.9,1293.0,1286.5,1291.05,69801
1671076800,1291.2,1295.0,1290.9,1294.0,75720
1671077100,1294.0,1294.75,1288.0,1288.7,52838
1671077400,1288.2,1289.0,1284.3,1286.0,44645
1671077700,1286.0,1286.0,1283.1,1284.55,25411
1671078000,1284.55,1288.4,1284.55,1285.1,18873
1671078300,1285.1,1288.0,1285.05,1286.55,13207
1671078600,1286.55,1287.2,1285.3,1285.4,10103
1671078900,1285.3,1285.55,1283.5,1284.65,13879
1671079200,1284.3,1284.35,1283.55,1284.3,10586
1671079500,1283.7,1289.2,1283.55,1289.2,13850
1671079800,1288.5,1289.9,1283.95,1285.2,43880
1671080100,1285.75,1286.95,1284.15,1285.75,17448
1671080400,1285.75,1287.0,1283.85,1286.65,14326
1671080700,1286.75,1287.8,1285.9,1287.55,8972
1671081000,1288.5,1289.05,1287.3,1287.65,7676
1671081300,1287.65,1290.0,1287.45,1289.45,21183
1671081600,1289.8,1290.0,1287.65,1288.65,14773
1671081900,1288.65,1290.0,1288.25,1289.7,10162
1671082200,1289.7,1289.9,1287.65,1288.6,6387
1671082500,1288.35,1290.0,1288.15,1288.85,10354
1671082800,1288.8,1289.9,1288.0,1289.8,6168
1671083100,1289.8,1289.8,1288.2,1288.85,5600
1671083400,1288.75,1290.0,1288.4,1288.65,52417
1671083700,1288.55,1288.9,1288.0,1288.35,4714
1671084000,1288.45,1288.45,1285.55,1286.7,9841
1671084300,1286.7,1288.0,1286.3,1286.75,4947
1671084600,1286.75,1287.6,1286.5,1287.0,4058
1671084900,1287.0,1287.0,1285.25,1286.1,7822
1671085200,1286.1,1286.1,1284.0,1284.0,13953
1671085500,1284.0,1284.35,1281.9,1284.35,19577
1671085800,1284.5,1284.9,1282.5,1282.75,5653
1671086100,1282.75,1283.0,1281.2,1282.05,9003
1671086400,1282.1,1282.35,1280.05,1280.85,10887
1671086700,1281.1,1282.9,1281.1,1282.15,8047
1671087000,1282.15,1282.6,1280.55,1280.7,6425
1671087300,1280.7,1285.95,1280.3,1283.9,14130
1671087600,1283.9,1284.25,1281.0,1281.6,7084
1671087900,1281.5,1281.5,1277.3,1278.4,23984
1671088200,1278.95,1280.0,1277.9,1279.4,7618
1671088500,1279.5,1280.0,1277.85,1279.2,9582
1671088800,1279.45,1279.55,1278.1,1278.55,5652
1671089100,1278.3,1278.55,1277.55,1277.8,5493
1671089400,1277.8,1280.0,1277.8,1279.45,9185
1671089700,1279.65,1281.4,1279.0,1280.75,9840
1671090000,1280.8,1280.85,1279.4,1280.7,4394
1671090300,1280.45,1281.3,1279.55,1280.95,4961
1671090600,1280.9,1281.0,1279.8,1281.0,4684
1671090900,1280.85,1280.85,1280.0,1280.2,5627
1671091200,1280.15,1283.8,1279.55,1283.0,7553
1671091500,1283.0,1283.3,1281.35,1282.25,4345
1671091800,1282.55,1282.55,1281.55,1282.1,6822
1671092100,1282.1,1283.45,1282.0,1282.45,12760
1671092400,1282.5,1282.55,1281.2,1282.0,15868
1671092700,1282.0,1283.05,1281.15,1282.15,11779
1671093000,1282.0,1283.8,1281.6,1283.35,7601
1671093300,1283.3,1283.6,1282.8,1283.15,3052
1671093600,1283.15,1284.0,1282.5,1283.85,8363
1671093900,1283.85,1285.0,1283.3,1284.3,8799
1671094200,1284.4,1284.55,1282.95,1283.2,3862
1671094500,1283.2,1283.85,1282.05,1283.1,10390
1671094800,1283.1,1283.15,1278.05,1279.0,34281
1671095100,1278.7,1280.35,1276.8,1277.7,10295
1671095400,1277.65,1278.3,1273.0,1273.05,18628
1671095700,1273.65,1276.0,1273.0,1274.05,8823
1671096000,1274.05,1274.05,1270.05,1272.4,15857
1671096300,1272.35,1275.35,1270.65,1273.8,10471
1671096600,1274.0,1279.85,1274.0,1276.9,28007
1671096900,1276.9,1277.0,1274.25,1274.9,22818
1671097200,1274.9,1275.45,1270.65,1271.2,24947
1671097500,1271.25,1274.0,1271.2,1272.2,28697
1671097800,1272.2,1273.0,1268.65,1270.05,35927
1671098100,1270.55,1274.0,1269.3,1274.0,39623
1671162300,1263.0,1269.3,1260.5,1265.9,16598
1671162600,1265.9,1268.95,1263.1,1268.4,9208
1671162900,1268.8,1268.9,1265.8,1266.45,6372
1671163200,1267.0,1271.9,1266.9,1271.3,6280
1671163500,1270.8,1272.0,1269.45,1270.15,6672
1671163800,1270.15,1271.25,1268.0,1268.05,4954
1671164100,1268.05,1269.5,1266.15,1267.75,4272
1671164400,1267.75,1274.7,1267.7,1273.9,14008
1671164700,1274.65,1274.65,1272.55,1273.95,11839
1671165000,1274.0,1274.3,1271.15,1273.45,10915
1671165300,1273.45,1274.85,1272.6,1274.15,13190
1671165600,1274.15,1274.6,1270.9,1272.0,2930
1671165900,1271.9,1274.4,1270.9,1271.95,5857
1671166200,1271.95,1274.35,1270.85,1273.3,12431
1671166500,1273.3,1275.65,1272.5,1274.0,7644
1671166800,1274.2,1275.5,1273.6,1274.95,4038
1671167100,1274.95,1275.5,1274.0,1274.15,3700
1671167400,1274.75,1274.75,1274.0,1274.45,4198
1671167700,1274.45,1275.0,1271.25,1271.4,6255
1671168000,1271.3,1272.05,1269.0,1272.05,10565
1671168300,1272.05,1272.05,1270.55,1270.9,1576
1671168600,1270.9,1270.9,1269.7,1270.9,5416
1671168900,1270.9,1271.45,1270.0,1270.25,1584
1671169200,1270.25,1272.1,1269.5,1272.05,3152
1671169500,1271.9,1273.1,1271.1,1272.35,3695
1671169800,1272.35,1274.75,1272.0,1274.75,4769
1671170100,1274.75,1277.9,1274.6,1276.15,6235
1671170400,1276.15,1277.25,1275.0,1275.0,4512
1671170700,1275.0,1275.8,1273.3,1275.5,4336
1671171000,1275.5,1276.5,1275.0,1275.3,1217
1671171300,1275.0,1275.95,1275.0,1275.4,1600
1671171600,1275.4,1275.45,1275.0,1275.0,4492
1671171900,1275.25,1275.9,1275.0,1275.15,1355
1671172200,1275.15,1276.0,1274.9,1275.9,4446
1671172500,1275.9,1275.9,1275.15,1275.65,1500
1671172800,1275.65,1275.65,1275.0,1275.6,8932
1671173100,1275.6,1277.0,1275.25,1275.95,2968
1671173400,1275.95,1276.85,1275.7,1276.6,4380
1671173700,1276.6,1276.6,1276.0,1276.15,939
1671174000,1276.15,1277.2,1275.0,1275.25,2705
1671174300,1275.25,1276.65,1275.0,1276.65,3232
1671174600,1276.65,1278.75,1276.45,1277.75,3681
1671174900,1277.75,1278.0,1275.25,1275.95,1982
1671175200,1275.95,1275.95,1274.9,1275.05,7916
1671175500,1275.0,1275.95,1274.95,1275.05,6850
1671175800,1275.05,1277.0,1275.0,1275.75,3593
1671176100,1275.75,1277.35,1269.15,1270.0,23731
1671176400,1270.0,1270.95,1269.1,1270.3,5721
1671176700,1270.3,1270.5,1269.1,1269.8,5469
1671177000,1269.2,1269.8,1266.85,1267.3,4622
1671177300,1267.3,1267.75,1265.95,1266.1,4395
1671177600,1266.3,1266.95,1265.1,1265.95,4638
1671177900,1265.95,1265.95,1265.0,1265.5,2440
1671178200,1265.5,1265.5,1262.5,1262.9,5540
1671178500,1262.9,1262.9,1260.65,1261.65,5758
1671178800,1261.15,1262.25,1260.0,1260.45,79845
1671179100,1260.45,1263.05,1258.35,1263.05,8366
1671179400,1263.05,1263.55,1262.05,1262.3,2190
1671179700,1262.7,1265.4,1261.1,1261.55,7255
1671180000,1261.55,1263.0,1260.9,1261.75,6071
1671180300,1261.75,1262.2,1260.1,1260.4,2612
1671180600,1260.4,1260.95,1259.75,1260.1,5986
1671180900,1260.1,1260.1,1257.0,1257.5,7372
1671181200,1257.5,1257.8,1253.6,1256.35,18184
1671181500,1256.35,1257.2,1254.9,1256.0,9852
1671181800,1256.0,1256.0,1254.15,1255.55,5611
1671182100,1255.55,1255.55,1254.55,1254.75,5324
1671182400,1254.75,1254.75,1253.35,1253.6,3881
1671182700,1253.6,1254.4,1251.7,1253.2,8601
1671183000,1253.0,1256.5,1253.0,1254.1,36147
1671183300,1254.05,1254.45,1252.8,1253.35,33092
1671183600,1253.4,1254.0,1250.6,1253.85,43619
1671183900,1253.9,1256.35,1253.7,1255.0,43126
1671184200,1254.9,1255.0,1251.6,1255.0,40479
1671184500,1254.95,1262.45,1253.95,1256.05,31261
1671421500,1254.2,1266.8,1251.35,1256.95,21202
1671421800,1257.5,1259.35,1254.9,1258.45,8152
1671422100,1258.45,1260.85,1255.1,1257.2,7443
1671422400,1257.0,1259.6,1253.5,1259.5,5301
1671422700,1260.05,1262.35,1257.6,1258.4,4110
1671423000,1258.4,1260.5,1256.0,1259.85,4255
1671423300,1259.6,1261.0,1258.5,1258.5,2700
1671423600,1258.4,1260.95,1258.0,1259.4,3048
1671423900,1259.4,1260.8,1257.95,1259.75,4320
1671424200,1259.8,1262.6,1259.65,1261.15,5738
1671424500,1261.0,1262.9,1260.6,1260.75,3103
1671424800,1260.75,1262.3,1260.55,1260.55,4483
1671425100,1260.8,1261.5,1259.95,1261.05,2482
1671425400,1261.05,1262.3,1260.8,1261.7,1025
1671425700,1261.7,1262.7,1260.55,1262.45,5618
1671426000,1262.65,1263.0,1260.15,1260.15,2448
1671426300,1260.15,1261.05,1258.85,1259.35,4538
1671426600,1259.0,1260.05,1258.8,1259.3,1479
1671426900,1259.3,1261.25,1259.0,1259.0,5055
1671427200,1259.0,1259.35,1258.5,1258.95,3267
1671427500,1258.95,1259.65,1258.75,1259.4,1964
1671427800,1259.4,1261.95,1258.9,1259.65,4037
1671428100,1259.65,1261.15,1259.5,1261.15,1221
1671428400,1261.15,1263.6,1259.95,1263.25,6147
1671428700,1263.25,1266.7,1263.05,1265.2,8988
1671429000,1265.2,1265.75,1264.8,1265.5,2016
1671429300,1265.5,1266.05,1264.85,1265.95,3118
1671429600,1265.95,1266.6,1265.05,1265.9,4942
1671429900,1265.9,1268.55,1265.05,1268.35,5178
1671430200,1268.0,1268.0,1265.95,1267.9,2863
1671430500,1267.9,1268.6,1267.9,1268.2,2925
1671430800,1268.15,1269.3,1267.75,1268.8,4365
1671431100,1268.8,1269.15,1266.0,1266.95,1665
1671431400,1267.0,1267.7,1266.35,1266.4,3042
1671431700,1266.75,1268.5,1266.0,1267.05,2259
1671432000,1267.0,1268.4,1266.15,1268.0,1630
1671432300,1268.1,1269.0,1267.85,1268.15,1989
1671432600,1268.15,1268.6,1267.35,1268.3,1100
1671432900,1268.3,1268.3,1266.55,1267.6,1044
1671433200,1267.15,1267.15,1265.15,1265.4,2425
1671433500,1265.4,1266.6,1265.2,1265.5,5783
1671433800,1265.5,1265.5,1264.45,1264.7,3027
1671434100,1264.7,1264.75,1262.65,1263.7,3850
1671434400,1263.7,1264.35,1263.0,1263.3,1465
1671434700,1263.3,1263.85,1259.4,1260.05,14991
1671435000,1259.7,1260.6,1258.3,1258.5,8693
1671435300,1258.6,1259.95,1257.1,1257.7,13112
1671435600,1257.7,1260.4,1257.55,1259.85,7244
1671435900,1259.85,1262.0,1259.2,1261.2,1613
1671436200,1261.2,1263.0,1261.2,1261.65,4960
1671436500,1261.65,1262.0,1261.05,1261.6,1917
1671436800,1261.6,1264.0,1261.5,1262.5,9932
1671437100,1262.6,1266.35,1262.6,1266.0,2546
1671437400,1266.0,1266.4,1265.1,1266.4,3961
1671437700,1267.25,1267.7,1266.5,1266.55,2512
1671438000,1266.8,1267.95,1265.95,1267.95,2797
1671438300,1267.2,1267.35,1265.9,1266.95,1056
1671438600,1267.0,1268.75,1266.9,1266.9,1624
1671438900,1266.9,1268.5,1266.5,1267.55,2005
1671439200,1267.55,1268.75,1267.45,1267.75,1373
1671439500,1267.75,1268.75,1265.75,1266.3,2318
1671439800,1266.3,1267.2,1266.2,1266.6,1577
1671440100,1266.6,1267.95,1266.2,1267.7,1843
1671440400,1267.7,1268.5,1266.55,1267.0,2009
1671440700,1267.0,1269.95,1267.0,1269.5,2835
1671441000,1269.5,1270.9,1267.35,1267.95,3657
1671441300,1267.95,1270.0,1267.75,1269.55,1734
1671441600,1269.55,1269.7,1268.15,1269.45,1966
1671441900,1268.6,1270.0,1268.0,1270.0,1706
1671442200,1269.2,1270.7,1267.15,1267.35,18309
1671442500,1267.55,1267.55,1265.1,1266.4,13790
1671442800,1266.4,1268.65,1265.05,1267.05,14764
1671443100,1266.6,1268.45,1266.6,1267.45,15152
1671443400,1267.45,1269.25,1266.25,1268.85,21177
1671443700,1268.8,1269.1,1266.05,1266.05,18262
1671507900,1260.0,1269.0,1248.15,1251.6,32862
1671508200,1251.3,1255.0,1251.0,1253.2,7720
1671508500,1253.2,1253.2,1250.1,1252.3,5801
1671508800,1252.3,1252.35,1247.0,1247.1,15782
1671509100,1247.1,1248.0,1245.0,1246.55,8441
1671509400,1246.55,1249.3,1246.1,1249.1,6765
1671509700,1249.1,1249.45,1246.5,1246.8,6567
1671510000,1246.8,1248.9,1246.8,1247.6,4148
1671510300,1247.6,1247.7,1245.2,1245.6,5233
1671510600,1245.75,1245.75,1242.1,1244.5,13508
1671510900,1245.05,1250.0,1244.6,1247.9,10730
1671511200,1247.9,1248.9,1244.45,1244.45,3459
1671511500,1244.45,1244.45,1239.3,1242.0,13918
1671511800,1242.0,1244.25,1240.85,1244.25,8706
1671512100,1244.4,1245.2,1242.35,1242.45,3450
1671512400,1242.45,1246.0,1242.45,1243.75,2897
1671512700,1243.75,1244.0,1241.7,1242.7,7282
1671513000,1242.7,1243.55,1240.8,1240.85,8535
1671513300,1240.85,1241.75,1240.2,1241.05,3102
1671513600,1241.05,1243.45,1240.2,1240.45,4970
1671513900,1240.45,1242.0,1240.05,1241.0,6631
1671514200,1241.0,1241.8,1238.6,1240.0,6110
1671514500,1240.0,1240.6,1239.1,1240.35,9241
1671514800,1240.0,1241.55,1240.0,1241.0,3116
1671515100,1241.0,1241.55,1237.85,1239.2,8797
1671515400,1239.2,1240.35,1239.1,1240.0,5629
1671515700,1240.25,1241.05,1240.0,1241.0,14061
1671516000,1241.0,1241.6,1240.65,1241.0,21581
1671516300,1241.15,1241.7,1240.8,1241.0,6140
1671516600,1241.05,1243.1,1241.0,1242.05,8088
1671516900,1242.05,1242.95,1242.0,1242.0,6281
1671517200,1242.0,1244.0,1242.0,1242.25,7161
1671517500,1242.25,1243.05,1242.0,1242.85,4077
1671517800,1242.85,1242.85,1242.0,1242.0,4237
1671518100,1242.05,1242.8,1242.0,1242.0,3017
1671518400,1242.0,1242.05,1242.0,1242.0,5617
1671518700,1242.0,1242.25,1242.0,1242.0,3348
1671519000,1242.0,1243.5,1242.0,1243.4,6377
1671519300,1243.2,1244.95,1243.05,1244.0,8353
1671519600,1244.0,1244.7,1243.15,1244.3,3472
1671519900,1244.3,1245.6,1243.9,1245.0,3951
1671520200,1245.0,1247.0,1245.0,1245.65,7128
1671520500,1245.5,1246.1,1244.6,1244.6,17412
1671520800,1245.0,1245.55,1241.7,1243.2,5180
1671521100,1243.2,1244.0,1241.65,1242.75,2639
1671521400,1242.95,1245.0,1242.75,1244.2,3825
1671521700,1244.7,1245.6,1243.15,1244.8,7229
1671522000,1244.8,1246.15,1243.55,1243.55,9622
1671522300,1243.65,1245.5,1242.8,1243.05,7941
1671522600,1242.8,1242.8,1240.2,1241.6,17106
1671522900,1241.95,1241.95,1240.0,1240.8,10091
1671523200,1240.8,1241.7,1239.15,1240.05,8440
1671523500,1240.25,1240.4,1239.65,1240.05,6930
1671523800,1240.3,1241.95,1240.0,1240.3,9062
1671524100,1241.0,1241.0,1239.25,1239.6,8659
1671524400,1240.0,1240.35,1239.25,1239.65,17332
1671524700,1240.1,1240.35,1239.25,1239.6,14926
1671525000,1240.0,1240.4,1239.4,1239.55,16338
1671525300,1240.0,1240.3,1239.0,1239.0,9310
1671525600,1239.1,1240.0,1238.1,1238.1,13297
1671525900,1238.25,1238.65,1237.1,1238.3,12357
1671526200,1238.05,1239.65,1237.55,1238.0,11745
1671526500,1238.25,1239.5,1237.85,1238.5,15340
1671526800,1238.5,1239.5,1237.4,1238.05,15039
1671527100,1238.05,1238.55,1236.4,1236.4,13723
1671527400,1236.65,1238.15,1235.2,1236.1,21312
1671527700,1235.65,1236.3,1233.05,1234.0,21451
1671528000,1234.0,1234.35,1233.55,1233.6,12752
1671528300,1233.6,1236.1,1233.55,1233.85,32375
1671528600,1234.75,1236.0,1232.05,1233.45,100285
1671528900,1233.3,1234.4,1229.05,1231.8,110612
1671529200,1231.8,1232.7,1230.7,1231.8,163321
1671529500,1230.65,1232.0,1229.85,1230.35,154508
1671529800,1230.25,1231.95,1229.5,1230.75,162542
1671530100,1230.15,1231.0,1229.05,1229.4,118576
1671594300,1231.05,1239.65,1225.0,1236.95,63278
1671594600,1236.35,1240.55,1236.35,1240.1,36035
1671594900,1240.1,1242.0,1239.0,1239.15,22651
1671595200,1239.0,1240.45,1237.15,1239.65,18127
1671595500,1239.65,1241.0,1238.1,1240.4,18709
1671595800,1240.4,1244.8,1238.95,1243.0,19789
1671596100,1243.0,1243.0,1241.3,1242.0,10786
1671596400,1241.7,1242.0,1237.75,1238.65,10800
1671596700,1238.8,1241.55,1236.25,1239.95,14921
1671597000,1239.95,1240.0,1237.35,1238.9,8683
1671597300,1238.35,1239.9,1238.35,1239.85,3573
1671597600,1239.95,1239.95,1238.05,1238.25,13380
1671597900,1238.25,1239.3,1237.45,1237.45,6678
1671598200,1237.5,1238.2,1235.65,1238.2,12270
1671598500,1238.2,1238.5,1236.8,1237.8,8203
1671598800,1237.4,1239.55,1237.05,1237.75,10971
1671599100,1237.75,1237.8,1235.45,1237.5,14971
1671599400,1237.5,1239.35,1236.5,1236.95,25216
1671599700,1236.95,1238.95,1236.35,1237.45,44420
1671600000,1237.45,1237.8,1236.2,1237.0,17821
1671600300,1236.95,1237.0,1236.1,1236.7,10279
1671600600,1236.7,1238.65,1236.3,1236.65,13390
1671600900,1236.65,1237.2,1234.65,1235.5,12893
1671601200,1235.5,1237.45,1234.6,1234.65,17666
1671601500,1234.6,1236.0,1233.4,1234.75,12281
1671601800,1234.4,1235.25,1233.55,1233.55,9475
1671602100,1233.55,1233.7,1232.2,1232.55,8221
1671602400,1232.55,1235.2,1232.25,1235.2,9676
1671602700,1234.8,1236.5,1233.85,1235.4,10844
1671603000,1235.4,1236.6,1235.4,1236.1,7134
1671603300,1236.15,1236.8,1234.1,1234.1,7785
1671603600,1234.5,1236.25,1234.3,1235.45,8073
1671603900,1235.35,1235.35,1233.1,1234.8,8525
1671604200,1234.8,1235.4,1232.75,1232.75,6911
1671604500,1232.9,1233.95,1232.8,1233.15,6926
1671604800,1233.15,1234.4,1232.15,1232.25,12199
1671605100,1232.25,1233.4,1232.0,1232.15,12226
1671605400,1232.1,1234.25,1232.1,1233.65,8268
1671605700,1233.55,1233.6,1232.2,1232.65,7255
1671606000,1232.55,1233.0,1228.05,1228.05,25850
1671606300,1228.05,1230.0,1227.9,1229.6,11875
1671606600,1229.6,1230.75,1228.0,1228.7,12557
1671606900,1228.75,1229.1,1225.5,1225.65,22731
1671607200,1225.75,1225.95,1222.15,1222.7,20992
1671607500,1222.75,1228.4,1221.6,1227.95,21654
1671607800,1227.95,1231.5,1227.95,1230.35,12710
1671608100,1230.35,1232.35,1229.6,1231.8,10301
1671608400,1232.05,1232.95,1230.55,1231.3,9917
1671608700,1230.9,1231.3,1229.65,1229.75,5355
1671609000,1229.7,1231.5,1229.7,1231.05,6143
1671609300,1231.05,1232.0,1230.05,1231.4,11550
1671609600,1231.0,1233.5,1231.0,1232.1,7829
1671609900,1232.1,1232.75,1230.8,1230.85,8803
1671610200,1230.8,1232.2,1230.05,1231.85,6345
1671610500,1231.85,1233.0,1230.55,1231.5,11820
1671610800,1231.5,1232.6,1228.75,1231.0,15267
1671611100,1231.0,1233.6,1226.8,1229.35,46584
1671611400,1228.95,1230.2,1225.5,1227.0,12691
1671611700,1226.5,1231.75,1226.1,1231.75,11113
1671612000,1231.7,1234.0,1231.4,1232.25,20112
1671612300,1232.3,1237.45,1232.0,1232.95,16946
1671612600,1233.0,1234.75,1232.4,1234.7,8347
1671612900,1234.45,1236.5,1234.45,1236.25,12387
1671613200,1236.25,1239.65,1236.25,1239.65,14561
1671613500,1239.65,1239.65,1236.5,1238.0,30203
1671613800,1237.9,1238.5,1236.75,1238.0,17542
1671614100,1237.95,1238.5,1237.8,1238.0,20562
1671614400,1237.95,1238.7,1234.7,1235.0,20824
1671614700,1235.0,1235.0,1233.6,1235.0,14172
1671615000,1235.35,1238.5,1234.7,1236.05,36293
1671615300,1236.0,1236.55,1233.4,1235.6,38571
1671615600,1236.15,1236.15,1232.3,1232.5,36225
1671615900,1232.45,1232.5,1231.75,1231.85,35443
1671616200,1231.85,1235.6,1231.85,1233.45,48931
1671616500,1233.4,1234.75,1230.3,1234.25,41751
1671680700,1234.4,1245.0,1234.4,1242.45,31800
1671681000,1242.9,1244.6,1240.0,1240.15,9848
1671681300,1240.15,1240.75,1236.8,1239.1,7158
1671681600,1238.7,1239.25,1234.4,1234.7,9028
1671681900,1234.8,1235.95,1232.6,1233.85,5732
1671682200,1233.85,1235.9,1232.05,1235.9,5270
1671682500,1235.5,1240.0,1235.4,1237.9,7278
1671682800,1237.8,1238.95,1236.75,1238.35,2400
1671683100,1238.35,1238.35,1237.25,1237.7,3311
1671683400,1237.75,1238.0,1235.3,1236.25,5422
1671683700,1236.25,1238.0,1235.3,1236.1,3360
1671684000,1236.05,1236.1,1232.3,1232.8,3957
1671684300,1232.05,1233.65,1229.95,1231.6,4486
1671684600,1232.05,1232.25,1230.4,1231.5,3206
1671684900,1231.1,1233.0,1230.55,1232.1,4004
1671685200,1232.1,1233.2,1231.05,1231.25,2154
1671685500,1231.3,1232.4,1229.15,1231.0,4594
1671685800,1230.75,1233.0,1230.75,1233.0,3858
1671686100,1233.0,1234.95,1232.15,1232.45,4695
1671686400,1232.45,1235.25,1231.45,1235.2,4331
1671686700,1235.2,1236.8,1233.15,1236.8,7070
1671687000,1236.95,1238.3,1234.4,1235.15,11394
1671687300,1235.0,1236.05,1234.5,1235.45,8890
1671687600,1235.4,1237.0,1235.05,1236.45,9333
1671687900,1236.5,1237.75,1236.3,1236.7,2843
1671688200,1236.7,1237.75,1236.1,1237.4,3416
1671688500,1237.3,1239.3,1236.85,1238.0,8093
1671688800,1238.0,1239.0,1236.85,1237.6,6938
1671689100,1237.6,1238.25,1235.8,1237.35,6400
1671689400,1237.35,1237.35,1235.15,1235.6,6249
1671689700,1235.4,1237.0,1234.8,1236.9,8074
1671690000,1236.9,1236.95,1235.55,1236.6,4149
1671690300,1236.6,1237.2,1236.25,1236.7,3097
1671690600,1236.7,1237.2,1235.8,1237.0,5944
1671690900,1237.65,1242.0,1237.0,1242.0,400114
1671691200,1242.05,1244.95,1241.05,1244.0,16561
1671691500,1244.0,1247.7,1243.5,1246.9,34580
1671691800,1247.2,1249.0,1246.1,1247.85,25806
1671692100,1248.0,1248.2,1243.7,1245.3,19560
1671692400,1245.3,1245.6,1243.85,1244.7,7880
1671692700,1244.7,1244.7,1242.6,1243.85,7864
1671693000,1243.85,1244.5,1240.05,1241.7,15142
1671693300,1241.35,1243.45,1241.05,1242.6,6626
1671693600,1242.0,1243.05,1240.8,1242.0,5538
1671693900,1242.0,1243.4,1241.65,1243.0,5215
1671694200,1242.6,1243.4,1241.6,1242.5,3956
1671694500,1242.5,1243.4,1242.4,1243.0,4854
1671694800,1243.0,1243.6,1241.65,1242.3,5019
1671695100,1242.3,1243.15,1241.85,1242.95,2805
1671695400,1242.95,1243.0,1241.95,1243.0,2488
1671695700,1243.0,1243.2,1242.0,1242.3,2779
1671696000,1242.2,1243.25,1241.55,1242.65,9412
1671696300,1242.65,1243.2,1242.2,1243.0,1672
1671696600,1243.0,1243.55,1242.25,1243.0,2615
1671696900,1243.0,1243.3,1242.3,1243.0,2525
1671697200,1243.0,1243.0,1242.0,1242.95,3440
1671697500,1242.95,1243.75,1241.45,1243.45,3136
1671697800,1243.45,1245.45,1243.45,1245.0,5993
1671698100,1244.95,1245.4,1242.45,1244.1,3484
1671698400,1244.4,1244.8,1243.05,1243.85,2952
1671698700,1243.85,1244.75,1239.95,1243.65,7385
1671699000,1243.65,1244.55,1243.05,1244.0,21607
1671699300,1244.0,1244.2,1241.25,1241.65,5071
1671699600,1241.65,1244.7,1240.5,1243.75,16719
1671699900,1243.8,1244.65,1242.6,1243.85,14988
1671700200,1243.9,1244.3,1242.3,1242.6,17503
1671700500,1242.6,1244.45,1242.05,1243.95,23545
1671700800,1243.95,1244.4,1242.85,1243.9,18562
1671701100,1243.55,1244.25,1242.7,1243.5,17655
1671701400,1243.75,1244.6,1242.55,1244.2,32279
1671701700,1244.0,1244.55,1243.5,1244.05,21425
1671702000,1244.25,1248.3,1244.0,1245.9,43076
1671702300,1245.9,1246.3,1243.95,1245.0,58540
1671702600,1244.9,1245.4,1240.8,1242.95,39171
1671702900,1243.55,1245.75,1240.05,1245.0,18878
1671767100,1239.3,1245.95,1234.1,1241.2,23537
1671767400,1241.2,1242.1,1238.05,1241.2,6656
1671767700,1241.2,1243.65,1240.65,1240.65,5092
1671768000,1240.15,1243.65,1239.5,1243.1,6783
1671768300,1243.55,1247.4,1243.45,1246.65,7430
1671768600,1246.65,1248.0,1245.6,1246.0,8675
1671768900,1245.85,1245.85,1242.0,1242.05,6499
1671769200,1242.05,1243.75,1241.1,1241.95,4359
1671769500,1241.1,1241.95,1239.4,1240.0,3622
1671769800,1240.0,1240.75,1235.05,1236.35,9054
1671770100,1236.0,1238.8,1235.05,1236.95,6990
1671770400,1236.95,1238.9,1236.45,1236.8,4934
1671770700,1236.8,1236.8,1233.15,1233.15,11242
1671771000,1233.25,1234.15,1230.0,1231.2,5560
1671771300,1231.25,1232.0,1230.65,1231.3,1843
1671771600,1231.3,1235.3,1231.3,1234.75,6598
1671771900,1234.55,1234.75,1230.45,1230.45,6248
1671772200,1230.4,1234.95,1230.25,1234.95,3160
1671772500,1234.75,1235.0,1232.9,1233.25,2548
1671772800,1233.0,1235.3,1232.75,1232.75,3227
1671773100,1232.7,1233.45,1232.0,1232.9,1786
1671773400,1232.9,1233.0,1231.0,1231.5,2042
1671773700,1231.55,1232.3,1230.6,1232.1,1702
1671774000,1232.1,1232.1,1229.4,1230.1,2935
1671774300,1230.45,1231.2,1229.25,1230.0,3793
1671774600,1230.0,1231.15,1228.8,1230.95,3264
1671774900,1230.95,1231.25,1227.55,1228.7,4387
1671775200,1229.15,1230.15,1228.25,1229.25,3442
1671775500,1229.3,1233.9,1228.6,1233.9,112612
1671775800,1233.55,1234.0,1230.2,1232.25,2812
1671776100,1232.05,1232.8,1230.5,1232.05,2092
1671776400,1232.05,1233.85,1232.05,1233.65,5483
1671776700,1233.45,1234.4,1232.2,1233.6,100398
1671777000,1233.9,1235.0,1232.6,1234.1,4774
1671777300,1234.1,1234.35,1231.6,1232.85,3579
1671777600,1231.9,1234.2,1231.9,1233.8,1992
1671777900,1233.9,1236.9,1233.3,1235.95,5729
1671778200,1235.95,1236.55,1234.85,1234.95,5656
1671778500,1234.9,1234.9,1230.2,1230.2,5077
1671778800,1230.2,1231.95,1228.5,1231.25,6775
1671779100,1231.15,1233.05,1229.65,1229.8,7965
1671779400,1229.7,1231.4,1227.5,1227.85,6917
1671779700,1227.95,1229.0,1226.0,1226.1,10036
1671780000,1226.1,1226.2,1221.15,1222.7,13309
1671780300,1222.95,1225.0,1221.55,1222.2,11722
1671780600,1222.15,1222.15,1219.95,1220.3,9933
1671780900,1220.1,1223.1,1219.0,1221.9,12428
1671781200,1221.9,1222.45,1219.05,1220.0,9805
1671781500,1220.0,1221.2,1218.65,1219.05,10707
1671781800,1219.2,1220.75,1218.7,1219.7,8464
1671782100,1219.2,1220.5,1218.85,1219.75,9349
1671782400,1219.7,1220.0,1217.3,1218.05,24127
1671782700,1217.55,1220.35,1216.75,1218.05,13776
1671783000,1218.05,1222.45,1217.4,1221.2,3945
1671783300,1221.45,1224.5,1221.45,1223.65,5573
1671783600,1223.65,1223.95,1222.25,1223.45,3806
1671783900,1223.45,1225.95,1223.45,1225.0,12998
1671784200,1225.0,1225.15,1222.8,1224.15,5150
1671784500,1223.9,1225.0,1223.7,1224.95,5286
1671784800,1224.95,1225.0,1221.25,1221.25,4030
1671785100,1221.95,1222.7,1220.1,1220.55,3153
1671785400,1220.55,1220.95,1218.25,1218.75,3700
1671785700,1218.75,1222.45,1218.75,1221.8,13127
1671786000,1221.8,1223.2,1220.5,1221.0,10101
1671786300,1220.95,1226.0,1220.45,1225.3,14898
1671786600,1225.3,1226.15,1223.55,1225.0,23107
1671786900,1225.0,1225.0,1223.0,1224.2,20668
1671787200,1224.2,1225.0,1223.8,1224.9,18977
1671787500,1224.8,1225.0,1224.0,1224.65,16114
1671787800,1224.65,1225.95,1223.0,1224.95,32879
1671788100,1224.95,1225.0,1221.0,1223.95,26669
1671788400,1224.0,1225.0,1224.0,1224.9,24983
1671788700,1224.9,1225.0,1223.2,1225.0,21017
1671789000,1225.0,1225.05,1224.2,1225.0,21728
1671789300,1225.0,1225.05,1224.0,1225.0,21172
1672026300,1222.95,1231.25,1205.0,1224.0,10749
1672026600,1224.6,1225.75,1222.75,1224.5,3437
1672026900,1224.5,1225.7,1223.15,1224.3,3047
1672027200,1224.3,1225.2,1222.65,1223.7,5172
1672027500,1224.2,1227.25,1223.5,1225.55,4997
1672027800,1225.25,1226.3,1224.1,1224.7,2108
1672028100,1224.95,1226.1,1223.95,1225.5,2881
1672028400,1225.3,1226.3,1223.3,1225.65,4741
1672028700,1225.25,1225.45,1223.05,1223.05,1111
1672029000,1223.5,1224.95,1222.2,1224.25,1758
1672029300,1224.25,1225.15,1223.0,1224.5,2441
1672029600,1224.5,1225.0,1223.6,1225.0,943
1672029900,1225.0,1225.0,1223.2,1223.4,3263
1672030200,1223.4,1224.0,1222.05,1223.7,1141
1672030500,1223.7,1225.8,1223.0,1225.45,2720
1672030800,1225.65,1227.4,1224.9,1226.3,4265
1672031100,1226.3,1228.4,1226.3,1228.25,4761
1672031400,1228.25,1228.7,1226.4,1228.7,1740
1672031700,1228.6,1229.0,1227.6,1228.6,2528
1672032000,1228.6,1229.55,1228.5,1228.5,2246
1672032300,1228.55,1228.55,1227.1,1227.75,2364
1672032600,1227.65,1228.0,1226.75,1227.15,2766
1672032900,1227.15,1228.0,1226.85,1227.05,2010
1672033200,1227.05,1229.15,1227.0,1228.3,2464
1672033500,1228.3,1231.25,1227.75,1231.0,6111
1672033800,1231.0,1233.95,1230.45,1233.6,7376
1672034100,1233.65,1233.65,1231.25,1231.25,3299
1672034400,1231.25,1233.0,1231.25,1232.8,1905
1672034700,1232.4,1232.75,1231.45,1232.55,1791
1672035000,1232.55,1233.9,1232.1,1233.0,3115
1672035300,1233.0,1233.0,1231.85,1232.0,2439
1672035600,1232.0,1233.0,1231.35,1231.45,1725
1672035900,1231.45,1232.0,1230.55,1232.0,2087
1672036200,1231.65,1233.0,1231.05,1232.05,7550
1672036500,1231.7,1231.85,1230.75,1231.4,1972
1672036800,1231.4,1232.5,1231.0,1231.45,1240
1672037100,1231.4,1235.5,1230.9,1234.2,5744
1672037400,1233.45,1235.0,1233.45,1235.0,2109
1672037700,1234.8,1236.45,1234.55,1236.0,2450
1672038000,1235.7,1235.7,1233.85,1234.4,1997
1672038300,1234.1,1236.95,1233.25,1235.15,3487
1672038600,1235.1,1236.6,1234.8,1235.9,2530
1672038900,1235.85,1235.85,1235.0,1235.5,1609
1672039200,1235.25,1238.9,1234.7,1238.3,56198
1672039500,1238.55,1239.0,1237.4,1238.55,5924
1672039800,1238.5,1240.0,1238.15,1239.85,3729
1672040100,1239.85,1241.7,1239.1,1240.5,3647
1672040400,1240.25,1241.55,1239.45,1241.1,5323
1672040700,1241.45,1242.65,1241.1,1241.65,2509
1672041000,1241.5,1242.2,1240.0,1240.95,3843
1672041300,1240.6,1241.75,1240.25,1241.75,2642
1672041600,1241.75,1244.3,1241.45,1244.2,6979
1672041900,1244.2,1245.5,1243.55,1244.95,5683
1672042200,1244.6,1245.55,1242.4,1242.6,2740
1672042500,1242.6,1243.85,1241.9,1243.0,4074
1672042800,1243.5,1244.15,1240.65,1241.85,4393
1672043100,1241.85,1241.85,1238.85,1240.0,4322
1672043400,1240.0,1243.3,1239.8,1243.3,3489
1672043700,1243.2,1243.4,1241.35,1242.9,2476
1672044000,1243.0,1244.4,1242.95,1244.2,2666
1672044300,1244.2,1245.6,1242.75,1243.95,6234
1672044600,1243.95,1244.55,1243.55,1243.85,1931
1672044900,1243.8,1244.55,1242.45,1243.25,2898
1672045200,1243.25,1247.0,1243.0,1247.0,6090
1672045500,1247.0,1247.0,1243.4,1247.0,6104
1672045800,1245.0,1246.7,1244.15,1245.75,232864
1672046100,1245.65,1248.1,1245.15,1248.1,7913
1672046400,1248.1,1249.35,1247.05,1247.8,4223
1672046700,1247.45,1247.75,1245.5,1247.0,3428
1672047000,1245.9,1247.25,1245.4,1245.8,5553
1672047300,1245.2,1245.8,1243.4,1244.45,3570
1672047600,1243.85,1244.4,1242.0,1244.4,4203
1672047900,1244.4,1245.4,1242.35,1244.9,7428
1672048200,1244.8,1245.55,1243.5,1244.2,4550
1672048500,1243.9,1247.5,1235.1,1243.0,12704
1672112700,1243.5,1254.35,1243.5,1251.95,10551
1672113000,1251.6,1254.75,1250.45,1253.4,9770
1672113300,1252.85,1253.35,1250.2,1251.65,3599
1672113600,1251.65,1254.6,1251.05,1254.25,6468
1672113900,1254.25,1254.35,1250.85,1251.95,6020
1672114200,1251.95,1252.95,1248.35,1248.35,8826
1672114500,1248.35,1248.35,1244.25,1245.2,5013
1672114800,1245.2,1245.9,1243.65,1243.65,1962
1672115100,1243.65,1245.75,1242.45,1245.45,3235
1672115400,1245.2,1245.25,1241.05,1242.8,10243
1672115700,1243.0,1244.3,1242.5,1243.95,4683
1672116000,1244.05,1244.7,1240.6,1241.1,7226
1672116300,1241.1,1243.1,1240.7,1242.75,3193
1672116600,1242.75,1243.25,1241.75,1241.75,1314
1672116900,1242.1,1243.35,1241.35,1243.2,3866
1672117200,1243.05,1244.15,1241.65,1243.1,5397
1672117500,1242.95,1245.0,1242.95,1244.2,29185
1672117800,1244.2,1244.2,1242.4,1242.4,1093
1672118100,1243.3,1243.35,1241.1,1242.6,1764
1672118400,1242.6,1244.4,1241.95,1243.35,3373
1672118700,1243.35,1243.9,1242.2,1242.5,1242
1672119000,1242.5,1243.7,1242.0,1243.15,4784
1672119300,1243.35,1244.15,1242.25,1242.75,2059
1672119600,1242.7,1243.4,1241.35,1242.0,1170
1672119900,1241.75,1242.6,1240.65,1242.6,1743
1672120200,1242.6,1244.0,1242.15,1243.0,1682
1672120500,1243.0,1243.95,1242.5,1243.2,322
1672120800,1243.15,1243.95,1242.8,1243.25,517
1672121100,1243.1,1243.3,1242.05,1242.55,517
1672121400,1242.55,1243.15,1241.15,1241.4,2242
1672121700,1241.4,1241.9,1239.3,1240.25,2894
1672122000,1240.55,1242.75,1240.0,1242.75,1002
1672122300,1242.75,1242.85,1241.85,1242.15,1324
1672122600,1242.55,1243.9,1241.25,1243.3,2538
1672122900,1243.25,1247.35,1242.25,1246.55,10091
1672123200,1246.55,1248.25,1245.8,1245.95,4007
1672123500,1246.35,1247.5,1245.3,1246.7,4140
1672123800,1247.15,1247.4,1246.2,1246.25,1441
1672124100,1246.2,1246.4,1244.35,1245.25,1978
1672124400,1245.2,1246.0,1244.75,1245.65,1927
1672124700,1245.95,1246.0,1244.45,1244.7,2392
1672125000,1245.0,1245.4,1244.05,1244.7,2172
1672125300,1244.7,1245.1,1242.05,1242.1,2488
1672125600,1242.0,1242.3,1240.0,1241.9,3336
1672125900,1241.3,1242.75,1240.75,1241.75,1919
1672126200,1241.75,1243.6,1241.15,1242.85,576
1672126500,1242.7,1244.0,1241.1,1242.4,3210
1672126800,1242.4,1243.0,1241.3,1241.8,1868
1672127100,1241.7,1242.45,1241.25,1241.5,1317
1672127400,1241.3,1241.4,1236.45,1241.15,5999
1672127700,1241.4,1242.8,1241.15,1242.25,3072
1672128000,1242.25,1242.8,1241.85,1242.75,989
1672128300,1242.75,1243.4,1241.85,1243.1,1482
1672128600,1243.1,1243.95,1241.9,1242.35,1115
1672128900,1242.25,1245.95,1242.25,1245.6,5326
1672129200,1245.65,1246.35,1244.5,1245.2,6219
1672129500,1245.15,1245.75,1242.5,1243.75,152086
1672129800,1244.25,1244.25,1241.5,1241.95,2758
1672130100,1241.95,1245.0,1241.95,1245.0,2527
1672130400,1245.0,1245.4,1242.35,1243.85,4831
1672130700,1243.45,1244.75,1241.8,1241.8,1783
1672131000,1241.8,1242.65,1238.15,1239.95,3724
1672131300,1239.95,1239.95,1236.1,1237.05,5322
1672131600,1237.05,1238.8,1235.1,1236.6,5845
1672131900,1236.6,1238.55,1236.05,1237.95,1319
1672132200,1237.9,1243.4,1237.3,1242.75,5448
1672132500,1242.75,1243.4,1239.1,1241.95,5468
1672132800,1241.95,1243.0,1240.0,1242.8,4120
1672133100,1242.8,1242.8,1240.55,1241.75,9007
1672133400,1241.75,1242.25,1239.3,1241.1,4572
1672133700,1241.1,1241.8,1237.9,1238.35,6721
1672134000,1238.75,1242.0,1237.2,1241.25,13507
1672134300,1241.55,1242.8,1239.65,1242.55,9523
1672134600,1242.8,1243.4,1240.35,1241.7,9644
1672134900,1241.7,1243.95,1235.55,1242.5,5425
1672199100,1241.0,1245.85,1232.1,1241.35,13817
1672199400,1240.55,1242.0,1237.4,1240.2,10226
1672199700,1240.2,1242.95,1239.05,1239.8,4444
1672200000,1239.8,1241.95,1238.7,1240.75,3265
1672200300,1240.75,1241.7,1237.95,1241.45,5949
1672200600,1241.45,1241.65,1240.05,1240.85,1782
1672200900,1240.85,1242.75,1240.4,1241.45,3857
1672201200,1241.45,1244.5,1240.6,1244.5,2674
1672201500,1244.5,1244.5,1242.45,1243.35,2480
1672201800,1243.35,1243.9,1242.45,1242.7,2875
1672202100,1242.7,1243.2,1242.15,1242.35,1454
1672202400,1242.65,1243.45,1240.9,1241.1,1629
1672202700,1241.1,1242.15,1240.55,1241.25,1503
1672203000,1241.65,1241.65,1239.0,1239.3,1790
1672203300,1239.3,1239.65,1234.1,1234.55,8188
1672203600,1234.55,1235.0,1232.7,1233.7,4329
1672203900,1233.7,1234.0,1233.0,1233.85,2203
1672204200,1233.85,1234.45,1233.05,1234.05,2616
1672204500,1234.05,1234.1,1233.0,1233.0,1527
1672204800,1232.7,1234.0,1232.5,1233.5,2346
1672205100,1233.5,1235.0,1233.3,1235.0,2296
1672205400,1235.0,1235.0,1233.75,1234.0,1940
1672205700,1234.0,1234.65,1234.0,1234.15,856
1672206000,1234.15,1235.85,1234.05,1235.4,1332
1672206300,1235.4,1235.75,1234.9,1235.15,1764
1672206600,1235.15,1235.5,1234.7,1235.4,1406
1672206900,1235.4,1235.75,1234.35,1235.55,2146
1672207200,1235.2,1236.15,1234.45,1235.4,2249
1672207500,1235.5,1236.05,1235.05,1236.0,1290
1672207800,1235.8,1237.0,1235.8,1236.95,4638
1672208100,1236.95,1237.05,1235.65,1235.95,3490
1672208400,1235.95,1237.8,1235.7,1237.0,8337
1672208700,1237.0,1239.75,1237.0,1238.85,3124
1672209000,1238.15,1241.0,1237.6,1241.0,8599
1672209300,1240.95,1241.55,1240.0,1240.5,2505
1672209600,1240.5,1241.0,1239.75,1241.0,2701
1672209900,1241.0,1241.8,1239.95,1240.5,2695
1672210200,1240.75,1240.9,1238.55,1239.45,8440
1672210500,1238.85,1241.0,1238.85,1240.2,5247
1672210800,1240.75,1243.0,1240.15,1242.1,5527
1672211100,1242.45,1247.25,1241.55,1247.05,13352
1672211400,1247.2,1247.2,1243.8,1244.05,5077
1672211700,1244.9,1246.0,1242.9,1245.4,6237
1672212000,1246.0,1247.05,1245.15,1245.5,6757
1672212300,1245.5,1246.6,1243.4,1243.4,2815
1672212600,1243.4,1245.3,1242.85,1243.9,7503
1672212900,1243.9,1245.3,1243.25,1243.65,3074
1672213200,1243.65,1244.0,1241.0,1241.0,2019
1672213500,1241.0,1243.5,1240.0,1243.5,3368
1672213800,1244.0,1246.0,1243.2,1245.15,4923
1672214100,1245.65,1245.75,1243.75,1244.6,3887
1672214400,1244.95,1246.0,1244.0,1245.7,1684
1672214700,1245.7,1248.75,1245.5,1247.7,8617
1672215000,1247.95,1249.9,1247.6,1248.0,6456
1672215300,1248.0,1248.25,1246.85,1247.6,2803
1672215600,1247.6,1249.0,1246.75,1248.6,4340
1672215900,1248.6,1248.85,1247.1,1247.9,3727
1672216200,1248.1,1248.3,1246.9,1247.85,2685
1672216500,1247.85,1249.0,1247.3,1248.2,2392
1672216800,1248.6,1249.0,1247.3,1248.1,2591
1672217100,1248.4,1248.4,1245.3,1246.3,1829
1672217400,1246.3,1246.5,1244.3,1245.6,2496
1672217700,1245.6,1247.95,1245.1,1246.45,2813
1672218000,1246.45,1247.6,1245.6,1245.65,3717
1672218300,1245.65,1246.3,1244.2,1245.1,2919
1672218600,1245.1,1246.3,1244.2,1245.05,4761
1672218900,1245.05,1247.65,1243.75,1247.0,4077
1672219200,1247.25,1248.0,1243.9,1244.55,3061
1672219500,1244.55,1244.55,1240.8,1241.4,3419
1672219800,1241.4,1242.85,1240.85,1240.9,17038
1672220100,1240.85,1244.35,1240.7,1244.0,15607
1672220400,1244.1,1244.25,1240.6,1242.0,21498
1672220700,1242.0,1242.15,1241.8,1242.15,13263
1672221000,1242.15,1242.15,1240.0,1240.2,19575
1672221300,1240.2,1246.0,1240.2,1241.9,16018
1672285500,1238.0,1238.0,1232.15,1232.75,8933
1672285800,1232.75,1233.2,1229.85,1232.1,5931
1672286100,1232.0,1234.3,1231.5,1233.9,3621
1672286400,1233.9,1237.0,1233.3,1235.0,6073
1672286700,1235.0,1235.45,1233.05,1233.05,4205
1672287000,1233.05,1233.05,1230.9,1232.5,2960
1672287300,1232.5,1234.75,1232.05,1232.85,2630
1672287600,1232.85,1234.05,1232.05,1232.05,2656
1672287900,1232.05,1232.9,1229.05,1232.6,4483
1672288200,1232.6,1233.05,1231.75,1232.9,3095
1672288500,1232.9,1233.2,1231.25,1232.25,2793
1672288800,1232.25,1232.8,1231.35,1231.4,3915
1672289100,1231.4,1232.8,1229.6,1231.75,6346
1672289400,1231.75,1232.65,1229.65,1231.75,5511
1672289700,1231.75,1232.45,1231.2,1232.0,3923
1672290000,1232.0,1233.7,1231.55,1232.95,6608
1672290300,1233.35,1237.65,1232.8,1237.6,10018
1672290600,1237.6,1238.7,1236.8,1237.8,3874
1672290900,1237.8,1238.8,1236.75,1238.7,3648
1672291200,1238.7,1238.8,1237.85,1238.75,3597
1672291500,1238.75,1239.8,1238.1,1238.15,3083
1672291800,1238.8,1238.85,1237.55,1238.4,3892
1672292100,1238.4,1238.4,1235.2,1236.75,4434
1672292400,1236.75,1237.0,1235.25,1236.6,5586
1672292700,1236.6,1236.85,1235.1,1235.1,2529
1672293000,1235.1,1235.1,1233.8,1234.75,6361
1672293300,1234.75,1237.9,1234.65,1237.9,2891
1672293600,1237.9,1238.55,1237.1,1238.15,6163
1672293900,1238.15,1239.2,1236.9,1239.2,8984
1672294200,1239.2,1242.65,1238.75,1240.35,6779
1672294500,1240.8,1242.95,1240.0,1242.5,4247
1672294800,1242.5,1245.2,1242.45,1245.0,10162
1672295100,1245.0,1245.1,1240.15,1240.15,7359
1672295400,1240.15,1241.65,1238.6,1241.35,2912
1672295700,1241.35,1241.35,1237.0,1238.7,12912
1672296000,1238.7,1240.75,1238.15,1240.0,2615
1672296300,1239.95,1240.65,1239.0,1239.0,4102
1672296600,1239.0,1240.0,1238.9,1240.0,2740
1672296900,1240.0,1241.4,1238.7,1240.0,4709
1672297200,1240.0,1240.0,1238.25,1239.3,2720
1672297500,1239.3,1242.15,1238.05,1240.95,4747
1672297800,1241.2,1243.85,1240.55,1243.2,4510
1672298100,1243.2,1243.8,1242.25,1243.0,7896
1672298400,1243.0,1248.0,1242.4,1247.95,19155
1672298700,1247.9,1250.35,1247.0,1248.1,49949
1672299000,1248.4,1249.2,1247.0,1249.15,80536
1672299300,1249.35,1250.0,1248.25,1248.9,4432
1672299600,1248.9,1249.65,1247.75,1249.6,4610
1672299900,1249.6,1249.75,1247.55,1247.55,3818
1672300200,1247.55,1248.55,1245.95,1246.35,4604
1672300500,1245.7,1246.5,1243.45,1243.95,6542
1672300800,1244.1,1246.0,1243.65,1244.0,12400
1672301100,1244.0,1245.0,1243.15,1245.0,4180
1672301400,1245.0,1246.05,1242.4,1246.0,7786
1672301700,1246.0,1246.7,1244.15,1245.35,4558
1672302000,1245.0,1246.15,1245.0,1245.35,3523
1672302300,1245.35,1246.95,1244.9,1246.4,7290
1672302600,1246.4,1247.3,1245.0,1246.4,2120
1672302900,1246.4,1246.5,1243.65,1245.55,5057
1672303200,1245.55,1245.6,1243.0,1244.45,5247
1672303500,1244.5,1244.55,1241.0,1242.95,8656
1672303800,1242.95,1246.4,1241.45,1246.35,4671
1672304100,1246.35,1248.0,1245.15,1247.3,5754
1672304400,1247.15,1248.0,1246.5,1247.95,3882
1672304700,1248.0,1248.45,1246.45,1247.15,5237
1672305000,1247.15,1249.6,1246.6,1249.45,9640
1672305300,1249.5,1253.5,1249.0,1253.25,14399
1672305600,1252.45,1255.0,1252.45,1254.1,9365
1672305900,1254.1,1255.5,1252.5,1253.1,14670
1672306200,1254.0,1258.45,1252.5,1258.0,31580
1672306500,1258.5,1261.8,1257.5,1261.45,31742
1672306800,1261.05,1262.8,1257.1,1259.75,32631
1672307100,1259.85,1260.0,1258.4,1259.9,22122
1672307400,1259.95,1259.95,1256.35,1257.65,18795
1672307700,1257.6,1260.0,1257.45,1260.0,18550
1672371900,1262.0,1263.8,1246.75,1246.85,22675
1672372200,1247.6,1247.95,1244.0,1246.35,18208
1672372500,1246.35,1250.05,1246.05,1248.05,11112
1672372800,1248.0,1248.0,1244.1,1244.1,9842
1672373100,1244.45,1248.4,1243.0,1247.9,21945
1672373400,1248.05,1250.35,1247.35,1248.75,16687
1672373700,1248.75,1248.75,1245.05,1246.35,9122
1672374000,1246.35,1250.75,1245.6,1250.2,11809
1672374300,1250.4,1252.0,1247.65,1247.8,10826
1672374600,1247.8,1249.5,1246.2,1248.5,10982
1672374900,1248.5,1249.95,1247.9,1248.9,8190
1672375200,1248.9,1249.6,1246.7,1247.05,6924
1672375500,1247.05,1248.7,1246.8,1248.65,3893
1672375800,1248.65,1250.8,1246.15,1246.3,13932
1672376100,1246.2,1246.8,1244.2,1244.45,14342
1672376400,1244.45,1245.3,1243.05,1245.0,11716
1672376700,1245.0,1246.4,1241.65,1243.0,25102
1672377000,1243.0,1244.4,1243.0,1243.55,9379
1672377300,1243.55,1243.55,1242.0,1243.05,12867
1672377600,1243.05,1243.9,1242.1,1242.2,7227
1672377900,1242.2,1242.85,1241.05,1241.05,11734
1672378200,1241.05,1242.65,1239.5,1239.75,16950
1672378500,1239.75,1240.65,1239.05,1239.75,9964
1672378800,1239.75,1242.5,1239.5,1242.0,18191
1672379100,1241.8,1242.2,1240.2,1242.0,16209
1672379400,1242.0,1242.5,1241.3,1242.0,10362
1672379700,1242.0,1243.15,1241.75,1242.6,12864
1672380000,1242.6,1243.0,1242.25,1242.25,7012
1672380300,1242.25,1242.3,1242.0,1242.0,7997
1672380600,1242.0,1242.5,1241.75,1242.0,9053
1672380900,1242.0,1242.1,1242.0,1242.05,4652
1672381200,1242.05,1242.5,1242.0,1242.05,4410
1672381500,1242.05,1242.5,1241.75,1242.3,9574
1672381800,1242.3,1242.7,1240.3,1242.05,13720
1672382100,1242.0,1243.05,1241.35,1241.4,7325
1672382400,1241.1,1242.0,1240.0,1240.35,7161
1672382700,1240.35,1241.0,1238.5,1240.0,13813
1672383000,1240.0,1240.75,1239.6,1239.95,6300
1672383300,1239.95,1240.4,1239.55,1239.95,4326
1672383600,1239.95,1240.0,1239.0,1239.85,8694
1672383900,1240.0,1240.3,1239.5,1240.1,7843
1672384200,1240.0,1241.25,1239.0,1240.5,15311
1672384500,1240.4,1242.55,1239.8,1241.0,16405
1672384800,1241.0,1241.0,1239.85,1240.25,8564
1672385100,1240.25,1240.45,1239.8,1240.1,6025
1672385400,1240.1,1240.15,1236.6,1237.4,25818
1672385700,1237.4,1239.1,1237.1,1238.75,12063
1672386000,1238.75,1239.55,1237.35,1238.65,5668
1672386300,1238.2,1238.7,1237.1,1237.95,6126
1672386600,1237.95,1239.35,1237.75,1238.15,4321
1672386900,1238.15,1239.9,1238.1,1239.4,5263
1672387200,1239.3,1239.9,1238.0,1238.4,3034
1672387500,1239.1,1239.1,1234.5,1234.75,34152
1672387800,1234.75,1235.65,1233.15,1235.0,17790
1672388100,1235.0,1235.8,1234.6,1234.9,7341
1672388400,1234.65,1235.15,1233.65,1234.8,7891
1672388700,1234.65,1235.0,1233.5,1234.05,11170
1672389000,1234.05,1235.0,1233.5,1233.9,9433
1672389300,1233.9,1234.7,1231.35,1231.45,14120
1672389600,1231.45,1234.5,1231.0,1234.35,30325
1672389900,1234.3,1236.1,1233.15,1234.2,13376
1672390200,1234.2,1234.3,1232.6,1233.35,7919
1672390500,1233.35,1233.35,1231.5,1232.0,8423
1672390800,1232.0,1233.65,1231.2,1232.6,8673
1672391100,1232.65,1234.4,1232.65,1233.75,8134
1672391400,1233.75,1234.5,1233.0,1234.1,10587
1672391700,1234.05,1237.7,1233.6,1236.7,20237
1672392000,1236.55,1237.0,1235.5,1236.05,11506
1672392300,1236.05,1239.15,1236.05,1238.9,21130
1672392600,1238.9,1238.9,1229.65,1229.65,33876
1672392900,1229.55,1233.05,1229.4,1232.95,38081
1672393200,1234.05,1234.05,1231.3,1231.7,23107
1672393500,1231.55,1232.65,1229.1,1230.65,49004
1672393800,1230.3,1233.0,1228.8,1230.9,48104
1672394100,1230.9,1233.5,1229.0,1233.5,44433
1672631100,1230.0,1233.5,1225.7,1225.7,15308
1672631400,1226.35,1227.85,1223.5,1227.0,14997
1672631700,1226.95,1227.15,1222.0,1223.5,7398
1672632000,1223.5,1226.0,1222.05,1225.15,6801
1672632300,1224.6,1227.0,1224.0,1227.0,3552
1672632600,1228.0,1228.2,1226.75,1227.7,7245
1672632900,1227.7,1230.0,1226.4,1230.0,4845
1672633200,1230.0,1231.95,1229.4,1230.1,4157
1672633500,1230.1,1230.65,1228.85,1229.95,2991
1672633800,1229.95,1233.4,1229.55,1232.1,3430
1672634100,1232.75,1234.75,1231.5,1232.4,5806
1672634400,1232.4,1233.55,1232.05,1232.05,2383
1672634700,1231.95,1232.55,1231.15,1232.4,3175
1672635000,1232.35,1233.0,1232.1,1232.85,1432
1672635300,1232.85,1233.95,1232.7,1232.8,2346
1672635600,1232.8,1233.9,1232.7,1233.0,2194
1672635900,1233.5,1235.75,1233.0,1235.05,3363
1672636200,1235.5,1235.5,1233.35,1235.35,2147
1672636500,1235.35,1236.0,1233.0,1234.0,3690
1672636800,1234.0,1234.45,1233.05,1234.1,2264
1672637100,1233.25,1234.6,1233.25,1234.2,444
1672637400,1234.2,1235.0,1234.1,1234.5,963
1672637700,1234.5,1235.5,1234.5,1235.5,479
1672638000,1235.5,1235.65,1233.7,1233.75,1900
1672638300,1234.45,1234.45,1232.7,1233.5,2011
1672638600,1233.5,1233.75,1232.5,1233.25,1616
1672638900,1233.25,1234.2,1232.45,1233.4,881
1672639200,1233.45,1233.45,1231.5,1232.0,1992
1672639500,1232.0,1232.85,1230.3,1232.85,2278
1672639800,1232.85,1233.55,1232.5,1233.0,1018
1672640100,1233.0,1233.9,1232.3,1232.3,1686
1672640400,1232.75,1232.85,1230.05,1230.5,1671
1672640700,1230.5,1231.45,1230.1,1230.65,945
1672641000,1231.0,1232.0,1230.65,1232.0,915
1672641300,1232.0,1234.4,1232.0,1232.6,102772
1672641600,1232.6,1234.4,1232.6,1233.5,1156
1672641900,1233.5,1234.4,1233.0,1233.05,1489
1672642200,1233.05,1233.6,1228.4,1229.35,12062
1672642500,1229.35,1229.35,1225.6,1225.6,12364
1672642800,1225.6,1227.0,1224.45,1224.95,11264
1672643100,1224.95,1225.75,1222.05,1222.15,9209
1672643400,1222.5,1224.85,1222.2,1223.55,4787
1672643700,1223.6,1224.95,1223.6,1224.3,1641
1672644000,1224.25,1225.0,1224.1,1224.15,1930
1672644300,1224.15,1225.15,1224.0,1225.15,1894
1672644600,1225.15,1228.7,1224.85,1228.0,11360
1672644900,1228.0,1229.6,1228.0,1228.65,4696
1672645200,1228.65,1231.0,1228.5,1230.6,3736
1672645500,1230.0,1231.45,1230.0,1230.0,9644
1672645800,1230.0,1231.4,1230.0,1231.15,3624
1672646100,1231.15,1231.65,1230.0,1230.6,5412
1672646400,1230.6,1231.45,1230.0,1230.95,15286
1672646700,1230.0,1230.85,1230.0,1230.25,32265
1672647000,1230.25,1231.1,1228.2,1230.0,28360
1672647300,1230.0,1231.55,1229.9,1230.15,20986
1672647600,1230.15,1230.5,1229.65,1230.1,10462
1672647900,1230.1,1231.35,1230.0,1230.0,4669
1672648200,1230.4,1231.5,1230.0,1230.75,3263
1672648500,1230.75,1231.85,1230.0,1231.6,3093
1672648800,1231.6,1231.8,1230.0,1230.0,3746
1672649100,1230.0,1230.6,1229.7,1230.4,14219
1672649400,1230.4,1230.45,1228.25,1228.85,10766
1672649700,1228.85,1230.9,1228.35,1229.7,3515
1672650000,1229.7,1231.8,1229.0,1231.65,4545
1672650300,1232.95,1232.95,1230.6,1231.0,5144
1672650600,1231.0,1232.75,1230.85,1232.5,3826
1672650900,1232.5,1237.0,1232.15,1236.5,30605
1672651200,1236.0,1236.95,1235.0,1236.0,14469
1672651500,1236.0,1236.5,1235.1,1235.45,5477
1672651800,1235.45,1239.4,1234.85,1238.8,53073
1672652100,1239.15,1241.3,1238.35,1241.0,30052
1672652400,1241.0,1241.6,1240.05,1240.15,16873
1672652700,1240.5,1240.85,1240.0,1240.35,11718
1672653000,1240.35,1242.25,1240.35,1241.6,33127
1672653300,1241.65,1247.65,1239.0,1243.0,25624
1672717500,1244.7,1246.3,1227.7,1228.45,33680
1672717800,1229.3,1230.95,1226.4,1229.6,22685
1672718100,1229.65,1233.95,1228.0,1233.2,29190
1672718400,1234.0,1237.15,1232.45,1236.8,28784
1672718700,1236.85,1241.5,1235.0,1239.55,44951
1672719000,1239.55,1241.4,1239.25,1240.3,23869
1672719300,1240.3,1243.3,1239.25,1239.9,20738
1672719600,1239.7,1241.5,1239.1,1240.5,14085
1672719900,1240.5,1242.6,1240.5,1242.05,11573
1672720200,1242.05,1242.05,1239.0,1239.0,11436
1672720500,1239.3,1240.8,1239.0,1240.4,8483
1672720800,1240.55,1240.55,1236.4,1237.7,8433
1672721100,1237.7,1239.9,1237.0,1239.5,4790
1672721400,1239.5,1239.8,1235.3,1236.15,247025
1672721700,1235.5,1245.0,1235.35,1243.2,18014
1672722000,1243.2,1244.75,1243.2,1243.5,8211
1672722300,1243.5,1246.15,1243.0,1245.0,13645
1672722600,1245.0,1245.5,1243.25,1244.1,13742
1672722900,1244.1,1244.5,1241.35,1244.4,17986
1672723200,1244.4,1252.0,1243.95,1251.95,29187
1672723500,1251.95,1254.8,1251.95,1253.9,23404
1672723800,1253.5,1261.8,1253.4,1261.5,31470
1672724100,1261.5,1269.2,1260.45,1269.0,107842
1672724400,1269.0,1272.5,1265.2,1265.2,41965
1672724700,1264.05,1271.1,1264.0,1270.0,53388
1672725000,1269.2,1270.5,1266.0,1267.45,27345
1672725300,1267.0,1268.1,1263.3,1264.8,24535
1672725600,1264.8,1268.0,1264.3,1267.95,11991
1672725900,1267.95,1268.75,1267.1,1268.05,12790
1672726200,1268.05,1268.45,1267.2,1267.5,6429
1672726500,1267.25,1267.45,1265.2,1265.5,9605
1672726800,1265.35,1267.25,1265.3,1266.05,25703
1672727100,1266.05,1267.1,1265.0,1265.3,17626
1672727400,1265.3,1265.75,1264.15,1264.7,8468
1672727700,1264.3,1264.8,1258.85,1259.6,17660
1672728000,1259.35,1260.75,1258.0,1259.95,16966
1672728300,1259.95,1259.95,1256.05,1256.3,12348
1672728600,1256.5,1257.9,1255.05,1255.9,21964
1672728900,1255.5,1258.4,1255.45,1256.9,10145
1672729200,1256.5,1258.9,1256.5,1258.8,9280
1672729500,1258.8,1264.9,1258.45,1264.7,22961
1672729800,1264.7,1265.8,1263.45,1264.3,15527
1672730100,1264.45,1265.0,1264.0,1264.05,8110
1672730400,1264.55,1265.0,1262.8,1265.0,14757
1672730700,1265.0,1266.05,1264.0,1265.45,22684
1672731000,1265.45,1269.95,1265.2,1269.0,34051
1672731300,1269.25,1269.95,1266.35,1266.7,23194
1672731600,1266.7,1271.8,1266.35,1271.35,40096
1672731900,1271.35,1275.0,1271.2,1274.1,45843
1672732200,1273.95,1274.9,1271.75,1274.4,21271
1672732500,1274.4,1274.4,1272.0,1272.45,15129
1672732800,1272.0,1274.75,1272.0,1274.05,15436
1672733100,1274.0,1274.5,1271.55,1272.8,23064
1672733400,1273.45,1273.9,1272.0,1272.4,11089
1672733700,1271.6,1272.15,1270.5,1271.3,16197
1672734000,1271.35,1272.65,1270.0,1270.1,15827
1672734300,1269.5,1271.45,1269.3,1271.35,11597
1672734600,1271.35,1271.95,1270.5,1271.0,17445
1672734900,1271.0,1271.0,1269.05,1269.8,14354
1672735200,1269.45,1270.45,1269.15,1269.4,11740
1672735500,1269.4,1271.05,1268.8,1270.65,12235
1672735800,1270.4,1273.0,1270.15,1271.1,24029
1672736100,1271.6,1272.9,1271.2,1272.0,11527
1672736400,1271.5,1271.95,1269.4,1269.5,20235
1672736700,1269.25,1270.0,1269.2,1269.95,8638
1672737000,1270.0,1270.8,1268.15,1269.35,35153
1672737300,1269.35,1272.85,1269.35,1272.25,18413
1672737600,1272.8,1273.35,1270.75,1271.95,15306
1672737900,1271.95,1271.95,1268.25,1270.5,16060
1672738200,1269.0,1269.5,1266.3,1268.6,31521
1672738500,1268.55,1271.05,1268.0,1270.25,20333
1672738800,1270.2,1270.4,1268.65,1269.0,31310
1672739100,1269.0,1269.55,1267.0,1267.7,44488
1672739400,1267.75,1269.85,1266.75,1268.45,54771
1672739700,1268.45,1270.05,1267.0,1267.55,24119
1672803900,1268.35,1272.05,1261.05,1272.0,35316
1672804200,1270.6,1276.45,1269.2,1275.15,33591
1672804500,1275.9,1277.85,1272.9,1275.0,34579
1672804800,1274.75,1278.9,1273.6,1277.85,64224
1672805100,1277.85,1278.05,1271.0,1271.55,31710
1672805400,1270.85,1277.9,1270.85,1276.95,15857
1672805700,1276.95,1278.4,1275.0,1277.0,21132
1672806000,1277.0,1282.3,1276.35,1277.25,47301
1672806300,1277.25,1278.85,1272.7,1272.85,23270
1672806600,1272.8,1273.55,1270.65,1273.55,25248
1672806900,1273.55,1275.4,1272.3,1272.3,15466
1672807200,1272.35,1274.4,1272.0,1272.8,7830
1672807500,1272.75,1272.75,1270.2,1272.55,6384
1672807800,1272.55,1274.85,1271.0,1273.55,7249
1672808100,1274.25,1275.55,1273.0,1274.4,9213
1672808400,1274.4,1274.4,1272.15,1273.95,8035
1672808700,1273.95,1274.0,1272.5,1273.5,4628
1672809000,1272.95,1273.45,1271.9,1273.35,6968
1672809300,1273.4,1274.05,1273.0,1274.0,7588
1672809600,1274.0,1274.5,1273.0,1273.45,19769
1672809900,1273.45,1274.4,1273.35,1274.0,6656
1672810200,1273.95,1274.0,1271.0,1271.05,9049
1672810500,1271.05,1271.05,1267.3,1268.25,18946
1672810800,1268.55,1269.9,1266.05,1269.45,16944
1672811100,1269.5,1273.4,1269.0,1273.4,10167
1672811400,1273.4,1273.75,1271.4,1272.9,12230
1672811700,1272.9,1274.4,1272.9,1274.0,11279
1672812000,1273.8,1274.45,1273.5,1274.0,9860
1672812300,1273.95,1274.0,1272.55,1273.4,10027
1672812600,1273.45,1274.75,1272.9,1274.7,13047
1672812900,1274.7,1275.3,1272.65,1273.4,12131
1672813200,1273.4,1274.55,1272.0,1273.8,12964
1672813500,1273.8,1274.35,1272.3,1272.5,9102
1672813800,1272.5,1273.45,1270.2,1271.8,9091
1672814100,1271.8,1273.7,1271.1,1272.75,12762
1672814400,1272.8,1273.15,1270.0,1270.0,15007
1672814700,1270.7,1274.95,1270.1,1271.25,20531
1672815000,1271.25,1271.5,1266.3,1269.0,18647
1672815300,1269.0,1269.45,1266.1,1268.0,13863
1672815600,1268.0,1268.75,1265.0,1266.8,11032
1672815900,1266.8,1269.2,1265.3,1267.7,12362
1672816200,1267.7,1268.55,1266.6,1267.75,7673
1672816500,1267.8,1268.9,1267.25,1268.05,4819
1672816800,1268.0,1269.65,1268.0,1269.65,4908
1672817100,1269.85,1270.8,1268.05,1268.9,7198
1672817400,1269.0,1271.65,1268.35,1270.4,6442
1672817700,1270.3,1272.8,1270.15,1270.65,11055
1672818000,1271.05,1272.1,1268.85,1272.1,7005
1672818300,1272.15,1272.85,1271.2,1271.35,8404
1672818600,1271.8,1272.9,1270.65,1272.4,4703
1672818900,1272.45,1272.6,1269.95,1270.2,6482
1672819200,1270.5,1271.45,1269.25,1269.65,6270
1672819500,1270.05,1271.65,1269.75,1270.05,5170
1672819800,1270.25,1271.25,1269.6,1270.05,9421
1672820100,1270.55,1270.8,1269.25,1270.0,7129
1672820400,1270.0,1270.4,1267.65,1268.4,9294
1672820700,1268.4,1269.35,1268.0,1268.95,8478
1672821000,1269.0,1269.55,1268.3,1269.05,9595
1672821300,1269.2,1269.75,1268.8,1269.65,6877
1672821600,1269.7,1270.0,1268.35,1269.45,8853
1672821900,1269.5,1269.5,1268.25,1268.4,6561
1672822200,1268.45,1268.45,1266.8,1267.7,10934
1672822500,1267.9,1268.0,1265.6,1266.25,9471
1672822800,1266.5,1266.7,1263.6,1264.45,10200
1672823100,1264.45,1264.95,1263.35,1264.0,12017
1672823400,1264.2,1264.4,1263.0,1263.5,10561
1672823700,1263.55,1263.8,1260.5,1262.25,16595
1672824000,1262.4,1263.8,1259.3,1262.7,10910
1672824300,1262.8,1264.6,1262.3,1263.55,12859
1672824600,1263.95,1263.95,1260.5,1261.1,15668
1672824900,1261.25,1262.75,1260.0,1262.45,17885
1672825200,1262.45,1263.2,1260.0,1261.25,26021
1672825500,1261.25,1261.25,1257.4,1257.8,30041
1672825800,1257.8,1258.0,1255.15,1255.6,27963
1672826100,1256.25,1261.45,1253.05,1260.65,23881
1672890300,1260.65,1264.0,1255.05,1262.25,46349
1672890600,1262.25,1263.4,1257.45,1261.3,19796
1672890900,1261.3,1267.4,1260.65,1265.6,29747
1672891200,1265.0,1269.45,1265.0,1268.45,16629
1672891500,1268.45,1269.8,1267.5,1269.45,8713
1672891800,1269.45,1274.55,1269.35,1269.9,28919
1672892100,1269.9,1270.0,1268.5,1268.95,20129
1672892400,1268.95,1269.05,1266.4,1267.05,11952
1672892700,1267.05,1268.85,1266.9,1268.25,7568
1672893000,1268.25,1271.2,1267.2,1270.75,7735
1672893300,1270.75,1271.2,1266.65,1267.65,8037
1672893600,1267.7,1272.6,1267.5,1272.35,12019
1672893900,1272.5,1273.9,1268.65,1269.5,15494
1672894200,1269.5,1269.5,1265.0,1266.35,10274
1672894500,1266.35,1268.15,1265.65,1266.05,5187
1672894800,1266.3,1267.65,1265.35,1266.6,8355
1672895100,1266.6,1267.65,1265.9,1266.0,6237
1672895400,1266.0,1268.0,1265.9,1266.95,6392
1672895700,1266.95,1268.5,1266.45,1267.75,2937
1672896000,1267.75,1268.4,1266.0,1266.7,6008
1672896300,1266.7,1268.25,1266.0,1267.55,5084
1672896600,1267.55,1268.25,1267.0,1267.15,2330
1672896900,1267.15,1269.55,1267.15,1267.8,6207
1672897200,1267.8,1267.9,1266.0,1266.7,7260
1672897500,1266.7,1268.4,1266.7,1267.1,4975
1672897800,1266.95,1268.25,1266.5,1267.25,4181
1672898100,1267.25,1268.8,1266.6,1268.4,3648
1672898400,1268.4,1269.65,1267.45,1268.3,2580
1672898700,1268.3,1269.1,1266.9,1267.0,4932
1672899000,1267.0,1268.95,1266.5,1267.2,5663
1672899300,1267.2,1268.4,1267.0,1267.65,2963
1672899600,1267.0,1267.35,1265.95,1266.0,4727
1672899900,1266.0,1266.85,1264.0,1266.0,17795
1672900200,1266.0,1266.05,1263.2,1264.0,9524
1672900500,1264.0,1265.45,1263.2,1264.0,10995
1672900800,1264.0,1265.3,1263.7,1264.05,7275
1672901100,1264.55,1264.65,1264.0,1264.55,2451
1672901400,1264.55,1265.25,1263.25,1263.25,5968
1672901700,1263.15,1265.15,1263.0,1263.6,9869
1672902000,1263.5,1264.7,1262.95,1264.0,5365
1672902300,1264.0,1264.65,1263.7,1264.0,3955
1672902600,1264.0,1265.75,1264.0,1264.0,4295
1672902900,1264.0,1265.1,1263.0,1264.05,3612
1672903200,1264.05,1266.55,1264.0,1265.0,8045
1672903500,1265.0,1267.5,1265.0,1266.3,5210
1672903800,1266.3,1266.55,1265.0,1265.45,5425
1672904100,1265.45,1266.6,1264.55,1265.9,9281
1672904400,1265.9,1267.05,1265.55,1266.65,4619
1672904700,1266.65,1266.95,1265.1,1265.75,4987
1672905000,1265.75,1266.65,1265.5,1265.5,3965
1672905300,1265.5,1267.15,1265.5,1266.5,5142
1672905600,1266.45,1266.65,1265.3,1266.0,15712
1672905900,1266.0,1266.75,1266.0,1266.0,10840
1672906200,1266.0,1266.05,1262.65,1264.0,11841
1672906500,1264.0,1265.45,1263.35,1264.0,13045
1672906800,1264.6,1264.6,1262.1,1263.7,14328
1672907100,1263.75,1264.5,1262.55,1263.05,8255
1672907400,1263.05,1264.65,1262.65,1264.1,4610
1672907700,1264.5,1264.65,1262.5,1263.95,9006
1672908000,1263.6,1265.35,1262.8,1263.6,9156
1672908300,1263.55,1264.35,1262.25,1262.7,12875
1672908600,1262.75,1265.4,1262.65,1265.35,13114
1672908900,1265.0,1267.05,1264.4,1266.7,19498
1672909200,1267.65,1267.65,1265.55,1266.8,16152
1672909500,1266.75,1267.45,1264.0,1265.0,13501
1672909800,1265.0,1267.2,1265.0,1265.75,12729
1672910100,1265.75,1267.5,1265.3,1267.0,6284
1672910400,1267.0,1267.0,1265.0,1265.7,8387
1672910700,1265.7,1266.45,1264.2,1264.5,10331
1672911000,1265.15,1267.6,1264.5,1267.0,51466
1672911300,1267.0,1267.0,1265.1,1266.85,34492
1672911600,1266.85,1267.45,1266.0,1266.8,31155
1672911900,1266.55,1268.6,1265.95,1268.55,32245
1672912200,1268.6,1270.55,1268.0,1269.5,28090
1672912500,1269.6,1273.0,1268.0,1272.0,30348
1672976700,1270.95,1277.45,1269.1,1276.5,28229
1672977000,1275.95,1278.0,1272.25,1273.95,28931
1672977300,1273.95,1273.95,1268.7,1269.8,23951
1672977600,1268.95,1275.9,1268.45,1274.75,27105
1672977900,1275.0,1275.3,1272.45,1274.15,13361
1672978200,1274.15,1276.8,1272.65,1276.1,17421
1672978500,1276.1,1276.6,1274.15,1274.7,4808
1672978800,1274.7,1277.0,1274.0,1274.35,5018
1672979100,1274.35,1276.7,1273.15,1276.2,8071
1672979400,1276.2,1276.3,1273.2,1274.65,6199
1672979700,1274.65,1275.4,1272.85,1272.85,3399
1672980000,1272.85,1273.75,1272.05,1272.6,4212
1672980300,1272.6,1274.55,1272.6,1273.45,7405
1672980600,1273.45,1275.4,1273.0,1273.45,6505
1672980900,1273.45,1273.9,1270.1,1271.3,3244
1672981200,1271.3,1273.5,1270.5,1273.0,7112
1672981500,1273.0,1274.0,1272.5,1272.95,2298
1672981800,1272.95,1273.0,1270.6,1271.75,2997
1672982100,1271.75,1275.05,1271.0,1273.0,183278
1672982400,1273.0,1273.75,1272.45,1272.85,1058
1672982700,1272.85,1273.8,1272.85,1273.5,1692
1672983000,1273.5,1274.25,1272.95,1273.0,3074
1672983300,1273.0,1273.5,1273.0,1273.05,1577
1672983600,1273.05,1275.55,1273.0,1273.95,18365
1672983900,1273.95,1276.0,1273.95,1275.5,13386
1672984200,1276.05,1276.5,1274.8,1275.0,10971
1672984500,1275.0,1276.4,1274.85,1275.85,3164
1672984800,1276.4,1276.85,1275.7,1276.0,16058
1672985100,1276.0,1281.0,1275.0,1280.15,36157
1672985400,1280.15,1287.35,1279.85,1284.9,43656
1672985700,1284.55,1285.8,1280.7,1282.1,33018
1672986000,1282.1,1282.5,1279.3,1282.05,11554
1672986300,1282.05,1286.4,1282.0,1285.1,19818
1672986600,1285.1,1285.75,1284.35,1285.0,237153
1672986900,1285.2,1286.0,1284.0,1285.4,62785
1672987200,1285.05,1285.85,1285.0,1285.5,38054
1672987500,1285.25,1285.8,1284.5,1285.0,32142
1672987800,1285.0,1285.35,1285.0,1285.15,16022
1672988100,1285.15,1285.15,1281.7,1282.05,11195
1672988400,1282.05,1282.85,1281.0,1282.0,7292
1672988700,1282.1,1282.1,1280.1,1281.4,15942
1672989000,1281.4,1281.85,1280.1,1281.1,5054
1672989300,1281.2,1282.0,1281.0,1281.65,6024
1672989600,1281.7,1281.7,1279.55,1280.1,4940
1672989900,1280.1,1280.5,1278.15,1278.8,10170
1672990200,1278.6,1279.65,1277.9,1278.3,9523
1672990500,1278.3,1279.15,1278.0,1278.85,6661
1672990800,1278.85,1283.0,1278.85,1282.35,11254
1672991100,1282.35,1284.7,1281.2,1284.0,13235
1672991400,1284.0,1284.6,1282.3,1283.5,27125
1672991700,1283.5,1283.5,1280.2,1280.2,14137
1672992000,1280.1,1282.2,1280.0,1281.05,23411
1672992300,1281.0,1283.1,1280.7,1283.05,14549
1672992600,1283.05,1283.4,1282.1,1282.85,9500
1672992900,1282.85,1283.95,1282.4,1283.85,10656
1672993200,1283.9,1283.9,1282.9,1283.25,11558
1672993500,1283.2,1283.2,1279.05,1279.05,19626
1672993800,1279.65,1280.05,1276.9,1278.5,18603
1672994100,1278.5,1279.2,1277.45,1277.85,11130
1672994400,1277.75,1278.5,1277.15,1277.7,6053
1672994700,1277.6,1277.7,1274.4,1275.85,19801
1672995000,1275.6,1276.5,1275.0,1276.0,17147
1672995300,1275.95,1276.2,1274.05,1274.55,11097
1672995600,1274.55,1275.35,1273.05,1274.25,14390
1672995900,1274.05,1274.15,1272.5,1273.65,10338
1672996200,1273.65,1273.65,1270.0,1270.0,24401
1672996500,1270.0,1272.9,1269.05,1272.3,11228
1672996800,1272.15,1273.35,1271.0,1271.55,11838
1672997100,1271.55,1271.6,1268.45,1269.05,20933
1672997400,1268.95,1269.1,1266.5,1266.95,44267
1672997700,1267.0,1271.4,1266.75,1271.4,145123
1672998000,1271.4,1275.4,1271.35,1273.35,19346
1672998300,1273.35,1273.95,1272.0,1273.5,14089
1672998600,1273.5,1273.5,1269.75,1271.4,48864
1672998900,1271.45,1272.0,1270.0,1270.0,11708
1673235900,1275.4,1283.0,1271.15,1277.6,15302
1673236200,1277.6,1279.65,1276.0,1279.1,6967
1673236500,1279.1,1282.7,1277.75,1282.7,8132
1673236800,1282.7,1283.85,1280.25,1282.2,13818
1673237100,1282.75,1283.5,1281.7,1283.2,7935
1673237400,1283.2,1284.8,1282.65,1282.65,10270
1673237700,1282.65,1284.4,1282.5,1283.5,9642
1673238000,1283.5,1286.6,1283.0,1286.6,10949
1673238300,1286.6,1287.6,1285.65,1286.4,7913
1673238600,1286.4,1289.0,1286.4,1288.65,10810
1673238900,1288.65,1288.65,1285.75,1285.75,6563
1673239200,1285.75,1285.75,1283.25,1285.05,5718
1673239500,1285.05,1288.65,1285.05,1287.0,3625
1673239800,1287.65,1288.2,1285.25,1288.0,3927
1673240100,1288.0,1288.5,1287.05,1287.35,4558
1673240400,1287.35,1287.8,1286.1,1286.35,9249
1673240700,1286.35,1289.5,1285.8,1289.5,12596
1673241000,1289.5,1291.9,1289.1,1291.6,18103
1673241300,1291.0,1293.2,1290.25,1290.25,11752
1673241600,1290.4,1291.0,1288.05,1289.45,9315
1673241900,1289.4,1290.0,1286.55,1288.85,8516
1673242200,1288.8,1289.45,1287.15,1288.9,2099
1673242500,1288.95,1289.5,1288.05,1288.25,3320
1673242800,1288.25,1289.85,1287.45,1287.75,6334
1673243100,1287.75,1289.1,1286.9,1288.05,5551
1673243400,1288.05,1289.2,1285.0,1286.0,9871
1673243700,1286.0,1286.0,1284.7,1285.35,9699
1673244000,1285.35,1286.35,1284.7,1286.0,6252
1673244300,1286.0,1286.5,1285.4,1286.0,10883
1673244600,1286.0,1287.35,1286.0,1286.4,5378
1673244900,1286.2,1289.5,1286.0,1289.5,9595
1673245200,1288.75,1290.0,1287.9,1289.3,6211
1673245500,1289.6,1290.0,1288.4,1289.0,6703
1673245800,1289.5,1289.95,1288.25,1288.4,4941
1673246100,1288.4,1291.0,1288.3,1291.0,18494
1673246400,1291.0,1291.8,1289.85,1290.0,45855
1673246700,1290.55,1293.95,1289.9,1293.9,147297
1673247000,1293.9,1296.75,1293.25,1296.75,34638
1673247300,1296.75,1296.75,1287.85,1289.7,29904
1673247600,1289.65,1292.9,1288.9,1291.6,14041
1673247900,1291.6,1291.8,1289.0,1291.55,56783
1673248200,1291.75,1292.5,1290.55,1292.45,6938
1673248500,1292.85,1295.65,1291.3,1295.0,12231
1673248800,1295.6,1296.5,1295.0,1296.05,24342
1673249100,1296.05,1296.5,1295.0,1295.3,6060
1673249400,1295.4,1295.9,1295.0,1295.2,6444
1673249700,1295.2,1296.0,1295.0,1295.55,7182
1673250000,1295.55,1296.0,1295.0,1295.55,7366
1673250300,1295.5,1295.6,1292.15,1292.95,18337
1673250600,1292.95,1295.0,1292.25,1295.0,6093
1673250900,1294.95,1296.0,1293.6,1294.1,5658
1673251200,1294.1,1296.0,1293.4,1295.5,4974
1673251500,1295.95,1296.35,1294.9,1295.95,5854
1673251800,1295.9,1296.0,1294.2,1294.5,5412
1673252100,1294.5,1295.0,1293.0,1293.25,5641
1673252400,1293.55,1293.95,1290.4,1290.65,8205
1673252700,1290.65,1293.25,1290.6,1292.05,5361
1673253000,1292.4,1292.4,1290.6,1291.05,2880
1673253300,1290.6,1293.0,1290.0,1291.3,5302
1673253600,1291.1,1292.3,1290.0,1290.6,8958
1673253900,1290.85,1293.0,1290.05,1292.4,17967
1673254200,1292.4,1296.75,1292.0,1296.75,30220
1673254500,1295.9,1296.35,1294.0,1294.0,46259
1673254800,1294.0,1296.5,1294.0,1296.5,25160
1673255100,1296.5,1302.0,1296.0,1301.75,41477
1673255400,1301.75,1304.95,1301.5,1303.5,48048
1673255700,1303.55,1303.55,1299.75,1301.7,44207
1673256000,1301.65,1305.0,1301.65,1304.95,32768
1673256300,1304.95,1307.95,1302.1,1303.5,55954
1673256600,1303.5,1306.95,1303.25,1305.15,46923
1673256900,1305.2,1306.3,1303.5,1304.5,62405
1673257200,1305.1,1307.2,1304.55,1306.45,59856
1673257500,1306.4,1306.9,1304.1,1305.45,53117
1673257800,1305.45,1307.0,1304.65,1306.8,29441
1673258100,1306.95,1313.9,1306.95,1310.2,55257
1673322300,1306.35,1310.75,1302.75,1309.0,33594
1673322600,1308.1,1309.7,1306.5,1307.85,22174
1673322900,1307.85,1309.5,1306.8,1307.8,10685
1673323200,1308.2,1310.0,1307.0,1309.5,17635
1673323500,1310.0,1310.65,1308.85,1309.55,11524
1673323800,1309.3,1313.65,1309.05,1313.0,17309
1673324100,1312.6,1313.4,1310.1,1310.3,10937
1673324400,1310.65,1310.65,1308.0,1308.55,14089
1673324700,1308.0,1310.45,1307.5,1308.95,15869
1673325000,1308.7,1309.55,1306.0,1306.3,22871
1673325300,1306.55,1306.8,1305.05,1306.35,9897
1673325600,1306.35,1306.8,1303.3,1306.05,10114
1673325900,1306.05,1306.45,1305.3,1305.8,3199
1673326200,1305.8,1307.0,1303.9,1303.95,6514
1673326500,1303.95,1305.3,1303.6,1304.05,5176
1673326800,1304.05,1305.35,1304.05,1304.6,2834
1673327100,1304.7,1304.8,1302.05,1304.4,6987
1673327400,1304.4,1304.45,1301.4,1302.0,4799
1673327700,1301.4,1305.0,1300.8,1304.4,7690
1673328000,1304.65,1305.35,1303.3,1304.95,4567
1673328300,1304.55,1305.0,1303.35,1304.9,5160
1673328600,1305.0,1305.0,1302.95,1303.8,3555
1673328900,1304.3,1304.4,1303.15,1304.35,2466
1673329200,1304.4,1305.0,1303.55,1304.25,4221
1673329500,1304.25,1304.95,1303.05,1304.7,3218
1673329800,1304.7,1305.0,1304.0,1304.25,2857
1673330100,1304.2,1304.9,1303.1,1304.5,2413
1673330400,1304.5,1304.5,1301.0,1302.95,5887
1673330700,1302.0,1303.65,1301.65,1303.05,3278
1673331000,1303.05,1303.85,1301.95,1302.1,4257
1673331300,1302.1,1304.2,1301.5,1302.9,5434
1673331600,1302.9,1303.35,1301.45,1302.1,2862
1673331900,1302.1,1304.5,1302.0,1304.05,3102
1673332200,1304.15,1305.0,1303.8,1304.25,3600
1673332500,1304.2,1304.95,1303.7,1304.4,2786
1673332800,1304.4,1306.2,1304.35,1304.95,7838
1673333100,1305.65,1305.65,1304.05,1304.4,4019
1673333400,1304.4,1305.0,1304.2,1304.75,2474
1673333700,1304.8,1305.55,1303.95,1304.8,7286
1673334000,1305.0,1306.2,1304.5,1304.55,10697
1673334300,1304.75,1305.3,1302.3,1302.55,9731
1673334600,1302.55,1303.25,1299.1,1300.4,11779
1673334900,1300.9,1300.9,1297.9,1300.0,10594
1673335200,1299.55,1302.5,1299.05,1301.85,5442
1673335500,1301.85,1302.6,1301.0,1301.8,6424
1673335800,1301.35,1304.65,1301.05,1304.0,10531
1673336100,1303.7,1305.0,1302.95,1304.3,9613
1673336400,1304.35,1305.0,1303.15,1303.2,4536
1673336700,1303.2,1304.0,1301.5,1301.55,4032
1673337000,1301.55,1303.15,1301.55,1303.0,5858
1673337300,1303.0,1305.0,1302.05,1303.55,7821
1673337600,1303.85,1304.95,1302.9,1302.9,5019
1673337900,1302.95,1304.35,1302.4,1304.2,5491
1673338200,1304.1,1304.3,1300.9,1302.15,7374
1673338500,1302.15,1303.45,1301.0,1301.8,13969
1673338800,1301.8,1304.85,1300.85,1304.15,56800
1673339100,1304.15,1305.0,1303.6,1303.65,8201
1673339400,1304.05,1305.0,1303.2,1304.7,7008
1673339700,1304.5,1305.0,1302.95,1303.35,11848
1673340000,1303.35,1304.0,1301.85,1301.85,50501
1673340300,1301.85,1303.6,1301.35,1302.2,64844
1673340600,1302.2,1303.0,1301.45,1302.45,37615
1673340900,1302.3,1302.65,1300.5,1301.35,10237
1673341200,1301.4,1301.9,1299.55,1300.2,20943
1673341500,1300.45,1301.75,1299.5,1301.25,13980
1673341800,1301.15,1301.9,1299.5,1299.6,14954
1673342100,1299.6,1301.3,1298.9,1300.45,14058
1673342400,1300.45,1302.0,1300.25,1300.25,18042
1673342700,1300.25,1301.8,1299.2,1301.4,16846
1673343000,1301.4,1304.0,1301.3,1302.55,30664
1673343300,1302.55,1304.0,1301.0,1303.15,42601
1673343600,1303.2,1304.35,1302.9,1303.75,33556
1673343900,1303.6,1303.75,1300.1,1300.6,36830
1673344200,1300.7,1302.95,1300.15,1302.95,33694
1673344500,1302.9,1305.0,1300.6,1301.3,30472
1673408700,1309.15,1309.15,1294.25,1296.0,22768
1673409000,1296.0,1296.0,1292.45,1294.5,14397
1673409300,1294.5,1296.5,1293.95,1295.65,8147
1673409600,1295.65,1295.65,1293.9,1294.8,9434
1673409900,1294.4,1300.75,1293.65,1299.35,19188
1673410200,1299.95,1299.95,1296.35,1297.5,5223
1673410500,1297.5,1299.95,1296.55,1298.0,8111
1673410800,1298.0,1299.25,1296.95,1297.55,7796
1673411100,1297.55,1297.75,1295.65,1297.15,3642
1673411400,1297.15,1298.75,1297.1,1297.75,3912
1673411700,1297.75,1299.0,1296.45,1297.3,4270
1673412000,1297.2,1299.95,1297.2,1299.25,8539
1673412300,1299.25,1300.15,1299.2,1299.2,4091
1673412600,1299.2,1299.9,1298.0,1299.9,5684
1673412900,1299.9,1300.9,1299.15,1299.5,3678
1673413200,1299.15,1300.3,1299.15,1300.0,2805
1673413500,1300.0,1301.0,1299.65,1300.15,5418
1673413800,1300.15,1300.9,1299.65,1300.5,5334
1673414100,1300.1,1300.85,1299.5,1300.05,4849
1673414400,1300.05,1300.5,1299.35,1300.4,9108
1673414700,1300.4,1300.55,1296.9,1297.25,8213
1673415000,1297.55,1298.0,1295.55,1295.65,7687
1673415300,1295.65,1297.8,1295.45,1297.35,6259
1673415600,1297.35,1297.65,1296.75,1297.65,1503
1673415900,1297.65,1297.95,1296.7,1297.25,2769
1673416200,1298.25,1298.55,1295.0,1296.2,4359
1673416500,1296.2,1297.25,1295.8,1296.75,1383
1673416800,1296.75,1297.25,1295.1,1295.1,2277
1673417100,1295.05,1296.35,1295.0,1295.45,2554
1673417400,1295.95,1297.8,1295.4,1296.2,5120
1673417700,1296.35,1296.9,1295.45,1296.1,2142
1673418000,1296.1,1297.7,1295.95,1297.15,2399
1673418300,1297.15,1297.7,1295.95,1296.1,2907
1673418600,1296.05,1298.5,1296.05,1297.0,6078
1673418900,1297.0,1297.3,1293.85,1294.5,5683
1673419200,1294.5,1295.45,1293.9,1294.35,3022
1673419500,1294.35,1294.6,1293.8,1294.6,2512
1673419800,1294.9,1297.15,1294.9,1296.55,4001
1673420100,1296.5,1297.0,1295.45,1296.6,1807
1673420400,1296.3,1296.7,1295.7,1295.9,1724
1673420700,1295.9,1297.5,1295.9,1296.9,2936
1673421000,1296.35,1297.95,1296.35,1296.95,4986
1673421300,1296.95,1297.4,1295.7,1296.45,2904
1673421600,1296.2,1298.5,1295.5,1297.3,3687
1673421900,1297.3,1299.0,1297.25,1298.5,6674
1673422200,1298.1,1299.95,1297.4,1298.0,10906
1673422500,1298.0,1299.0,1297.75,1298.85,3008
1673422800,1298.35,1299.0,1297.0,1297.2,4760
1673423100,1297.2,1298.3,1297.15,1297.55,1998
1673423400,1297.5,1298.0,1296.3,1296.4,4300
1673423700,1296.4,1297.7,1296.2,1297.4,1814
1673424000,1296.9,1297.85,1296.35,1297.45,3824
1673424300,1297.45,1298.7,1296.85,1298.0,5811
1673424600,1298.0,1299.1,1298.0,1298.35,7304
1673424900,1298.15,1298.3,1295.6,1295.6,3521
1673425200,1295.6,1296.65,1295.5,1295.95,3363
1673425500,1296.25,1296.9,1295.45,1296.3,4897
1673425800,1296.75,1296.75,1294.55,1295.65,4749
1673426100,1295.65,1295.65,1294.05,1295.25,5215
1673426400,1294.85,1295.95,1294.8,1295.45,2709
1673426700,1295.45,1295.95,1293.5,1293.5,4494
1673427000,1293.5,1295.8,1293.45,1295.8,2916
1673427300,1295.8,1296.0,1294.85,1295.9,2979
1673427600,1295.9,1296.1,1295.25,1295.8,4364
1673427900,1295.65,1296.95,1295.6,1296.4,4007
1673428200,1296.6,1297.5,1296.0,1297.25,7584
1673428500,1297.25,1299.75,1296.9,1298.15,18167
1673428800,1298.15,1301.95,1297.55,1301.65,35685
1673429100,1301.85,1302.0,1299.85,1300.85,50068
1673429400,1300.85,1301.2,1293.15,1293.2,34675
1673429700,1293.3,1293.35,1288.0,1290.15,41033
1673430000,1290.15,1292.0,1289.4,1290.9,28461
1673430300,1290.9,1291.6,1289.5,1290.1,41180
1673430600,1291.45,1291.95,1289.35,1290.25,26311
1673430900,1290.55,1292.0,1287.35,1287.7,28910
1673495100,1291.3,1299.6,1291.3,1295.8,24908
1673495400,1295.8,1300.0,1295.3,1299.25,13901
1673495700,1298.1,1300.05,1298.0,1299.85,9932
1673496000,1299.85,1302.45,1299.4,1300.1,12149
1673496300,1300.1,1302.9,1300.0,1302.8,14818
1673496600,1302.8,1304.75,1299.75,1300.25,28138
1673496900,1300.95,1303.2,1300.0,1302.6,12820
1673497200,1302.6,1304.0,1301.8,1303.05,7626
1673497500,1303.05,1304.0,1301.4,1302.4,6038
1673497800,1302.4,1302.6,1301.0,1301.6,5293
1673498100,1301.55,1302.8,1300.7,1302.0,10071
1673498400,1301.95,1304.0,1301.45,1301.45,5747
1673498700,1301.45,1303.75,1301.0,1302.95,24792
1673499000,1302.85,1303.25,1301.7,1302.55,3493
1673499300,1302.55,1304.0,1302.3,1304.0,10864
1673499600,1304.0,1305.0,1301.3,1301.45,12900
1673499900,1301.45,1301.8,1298.1,1300.0,14494
1673500200,1299.65,1302.0,1299.65,1302.0,13687
1673500500,1302.0,1303.0,1300.45,1300.45,9195
1673500800,1300.9,1301.0,1299.0,1299.2,21322
1673501100,1299.2,1299.85,1296.85,1297.65,19082
1673501400,1298.0,1298.45,1296.25,1297.55,8704
1673501700,1298.0,1298.2,1296.65,1297.45,4726
1673502000,1297.45,1298.85,1296.0,1297.65,16248
1673502300,1298.3,1298.5,1296.6,1296.6,5386
1673502600,1296.6,1297.45,1296.0,1296.05,5053
1673502900,1296.05,1297.35,1295.0,1295.3,12513
1673503200,1295.3,1297.0,1293.35,1295.35,8365
1673503500,1295.35,1297.7,1295.35,1297.4,6074
1673503800,1297.4,1298.4,1297.2,1297.95,8427
1673504100,1297.95,1298.25,1297.25,1297.95,8159
1673504400,1297.25,1299.4,1297.25,1298.5,20329
1673504700,1298.55,1301.55,1298.55,1300.0,11677
1673505000,1300.45,1302.0,1300.0,1302.0,5924
1673505300,1302.0,1302.95,1301.15,1302.05,7308
1673505600,1302.05,1302.4,1300.0,1300.85,11572
1673505900,1301.5,1302.3,1300.55,1301.95,7930
1673506200,1301.95,1302.75,1300.5,1302.0,13270
1673506500,1302.2,1302.6,1301.3,1302.05,8292
1673506800,1302.05,1302.1,1301.3,1302.05,8662
1673507100,1302.0,1302.5,1301.4,1302.1,9074
1673507400,1302.1,1302.6,1301.3,1302.15,8584
1673507700,1302.15,1302.3,1301.45,1302.15,5170
1673508000,1302.15,1304.45,1301.0,1303.1,14221
1673508300,1303.1,1303.4,1302.0,1302.3,9486
1673508600,1302.3,1303.95,1302.0,1303.6,9827
1673508900,1303.25,1306.85,1303.25,1305.9,16427
1673509200,1305.5,1306.85,1305.0,1305.05,13229
1673509500,1305.05,1305.55,1302.6,1305.35,15404
1673509800,1305.35,1306.1,1300.4,1302.2,23529
1673510100,1302.15,1303.5,1301.5,1302.9,11348
1673510400,1303.3,1305.35,1302.8,1304.45,8759
1673510700,1304.45,1305.2,1302.6,1304.4,11753
1673511000,1304.4,1304.55,1302.0,1303.25,8228
1673511300,1303.25,1305.0,1303.1,1304.85,7534
1673511600,1304.85,1305.15,1304.3,1305.0,11153
1673511900,1305.0,1306.8,1304.85,1306.6,12442
1673512200,1306.6,1308.0,1306.1,1306.5,11197
1673512500,1306.45,1307.0,1305.65,1306.95,8596
1673512800,1306.95,1307.85,1305.85,1306.8,10132
1673513100,1306.8,1309.05,1305.85,1308.75,12568
1673513400,1308.75,1313.85,1308.75,1313.5,41019
1673513700,1313.25,1315.0,1312.4,1314.35,57769
1673514000,1314.35,1314.8,1311.2,1311.55,35843
1673514300,1311.95,1312.4,1310.0,1311.65,23330
1673514600,1311.65,1314.75,1311.0,1311.7,27399
1673514900,1311.75,1314.9,1311.65,1314.8,16079
1673515200,1314.85,1316.9,1313.05,1314.45,64546
1673515500,1314.45,1315.0,1312.5,1312.5,33974
1673515800,1313.0,1314.0,1312.25,1313.25,42224
1673516100,1313.4,1315.55,1313.0,1315.55,50759
1673516400,1315.55,1316.0,1314.65,1314.95,51945
1673516700,1315.0,1316.0,1314.45,1315.7,60781
1673517000,1315.4,1320.0,1315.0,1316.9,92679
1673517300,1316.9,1318.2,1314.0,1316.0,80307
1673581500,1319.0,1323.0,1313.65,1318.0,112915
1673581800,1318.0,1321.5,1317.75,1320.15,39855
1673582100,1320.15,1322.0,1318.55,1321.3,46272
1673582400,1321.5,1323.8,1319.0,1321.9,62015
1673582700,1321.9,1323.5,1321.9,1322.55,19694
1673583000,1322.5,1323.55,1316.8,1317.95,74503
1673583300,1317.55,1318.0,1315.3,1316.5,28898
1673583600,1316.5,1320.0,1316.2,1319.1,18323
1673583900,1319.1,1321.0,1318.2,1321.0,19275
1673584200,1321.0,1323.2,1320.9,1322.0,18085
1673584500,1322.0,1322.6,1319.5,1322.0,10991
1673584800,1322.0,1326.0,1318.2,1320.15,63338
1673585100,1320.15,1321.8,1319.0,1319.0,7606
1673585400,1319.0,1320.0,1319.0,1319.55,6242
1673585700,1319.6,1320.0,1315.8,1316.0,14317
1673586000,1316.0,1316.5,1310.2,1314.45,28636
1673586300,1314.45,1315.05,1313.0,1315.05,9583
1673586600,1314.9,1315.25,1313.7,1314.3,4782
1673586900,1314.6,1315.9,1314.15,1315.6,5352
1673587200,1315.6,1315.7,1313.2,1314.6,51779
1673587500,1314.6,1315.0,1313.0,1315.0,7007
1673587800,1315.0,1316.15,1314.3,1315.6,4729
1673588100,1315.0,1315.55,1314.4,1314.9,2520
1673588400,1314.9,1315.65,1314.15,1315.15,3379
1673588700,1315.15,1315.15,1313.0,1314.25,4950
1673589000,1314.25,1315.0,1313.05,1314.15,4587
1673589300,1314.1,1314.7,1312.0,1312.6,11661
1673589600,1312.6,1312.8,1310.25,1311.65,46173
1673589900,1310.9,1311.2,1308.2,1310.15,16048
1673590200,1310.15,1310.7,1308.1,1308.9,7060
1673590500,1308.9,1310.95,1308.5,1308.7,9794
1673590800,1308.7,1308.7,1307.0,1308.0,13064
1673591100,1308.0,1308.0,1307.1,1307.3,7040
1673591400,1307.3,1310.4,1307.25,1310.35,9373
1673591700,1310.35,1311.45,1308.1,1311.45,10422
1673592000,1311.0,1313.0,1310.4,1312.3,8285
1673592300,1312.3,1314.0,1311.65,1312.6,6748
1673592600,1312.6,1314.0,1312.1,1313.95,9688
1673592900,1313.95,1314.3,1312.75,1313.6,8600
1673593200,1313.1,1313.9,1312.35,1313.75,5238
1673593500,1313.75,1314.6,1313.6,1313.75,9490
1673593800,1313.75,1314.0,1313.0,1313.55,5342
1673594100,1313.55,1314.7,1313.2,1314.5,7409
1673594400,1314.5,1314.75,1313.75,1313.75,10489
1673594700,1313.75,1314.55,1313.6,1313.95,7041
1673595000,1314.0,1314.25,1313.0,1313.75,6133
1673595300,1314.05,1314.4,1313.75,1313.75,6178
1673595600,1313.85,1314.75,1313.75,1314.05,12637
1673595900,1314.1,1318.85,1313.85,1318.2,16948
1673596200,1318.35,1321.45,1318.35,1318.9,30206
1673596500,1318.7,1320.0,1317.55,1318.95,9100
1673596800,1319.3,1319.3,1316.05,1316.3,9619
1673597100,1316.05,1318.0,1315.4,1316.8,6564
1673597400,1316.8,1319.05,1316.55,1318.3,6266
1673597700,1318.3,1319.95,1318.0,1318.0,5759
1673598000,1318.2,1318.75,1315.25,1315.5,6898
1673598300,1315.95,1317.1,1314.5,1314.75,7470
1673598600,1314.8,1316.4,1314.5,1315.3,4246
1673598900,1315.7,1315.7,1312.6,1314.0,7682
1673599200,1314.0,1314.0,1311.25,1312.5,18621
1673599500,1312.5,1314.2,1312.45,1313.45,5800
1673599800,1313.25,1313.45,1312.1,1313.05,5743
1673600100,1313.0,1313.0,1309.2,1309.75,8334
1673600400,1309.75,1311.7,1308.5,1310.75,6797
1673600700,1311.2,1311.25,1310.0,1310.65,3731
1673601000,1310.65,1312.15,1310.2,1311.5,6171
1673601300,1312.1,1313.7,1310.05,1310.15,8493
1673601600,1310.65,1312.45,1310.25,1311.0,6560
1673601900,1311.0,1311.95,1310.15,1310.5,5652
1673602200,1310.5,1312.95,1310.5,1312.15,13513
1673602500,1312.15,1313.4,1311.95,1312.8,16961
1673602800,1313.9,1313.9,1312.3,1312.6,17337
1673603100,1312.6,1314.0,1312.3,1312.95,24739
1673603400,1312.95,1314.65,1312.95,1313.95,21129
1673603700,1313.95,1314.4,1306.0,1307.0,27441
1673840700,1319.55,1322.75,1308.05,1319.6,50576
1673841000,1319.6,1320.7,1315.35,1318.5,19332
1673841300,1318.5,1318.5,1314.75,1317.8,9088
1673841600,1317.8,1318.05,1314.0,1314.9,16291
1673841900,1314.9,1318.5,1313.65,1317.65,7829
1673842200,1317.65,1320.35,1317.05,1319.55,11787
1673842500,1319.55,1320.05,1316.1,1316.1,11596
1673842800,1316.0,1317.35,1313.15,1313.35,6612
1673843100,1313.35,1315.0,1313.1,1314.2,4396
1673843400,1314.2,1315.0,1313.1,1313.1,3822
1673843700,1313.1,1314.0,1309.25,1309.4,12188
1673844000,1309.35,1310.6,1308.95,1310.0,4368
1673844300,1310.0,1310.5,1308.15,1308.55,3728
1673844600,1308.55,1309.75,1308.55,1309.0,7726
1673844900,1309.0,1309.55,1306.55,1308.05,14716
1673845200,1308.05,1309.3,1307.9,1309.0,1273
1673845500,1309.15,1309.45,1308.2,1309.0,3405
1673845800,1309.0,1309.55,1308.45,1309.0,3409
1673846100,1309.0,1309.55,1307.95,1308.75,3276
1673846400,1308.75,1308.8,1306.3,1307.0,11592
1673846700,1306.8,1307.55,1305.65,1307.0,4086
1673847000,1307.0,1307.8,1306.2,1307.5,5700
1673847300,1307.5,1310.25,1307.5,1309.0,10596
1673847600,1309.05,1309.5,1307.0,1307.95,4406
1673847900,1307.95,1308.45,1305.35,1305.4,2433
1673848200,1305.95,1306.3,1304.45,1304.6,4979
1673848500,1304.6,1305.5,1303.55,1304.15,4440
1673848800,1304.15,1305.15,1303.25,1303.25,3715
1673849100,1303.95,1304.2,1302.25,1302.35,5220
1673849400,1302.35,1303.0,1302.15,1302.5,4344
1673849700,1302.5,1304.7,1302.4,1303.4,4187
1673850000,1303.4,1303.5,1300.95,1302.65,9009
1673850300,1303.15,1303.15,1299.65,1299.7,19519
1673850600,1299.6,1300.8,1298.3,1299.65,5611
1673850900,1298.8,1300.2,1298.7,1299.95,1736
1673851200,1299.95,1300.0,1298.5,1299.5,3488
1673851500,1299.5,1299.5,1298.3,1298.7,3018
1673851800,1298.7,1300.0,1298.7,1300.0,2808
1673852100,1300.0,1300.45,1299.5,1299.6,1976
1673852400,1299.9,1300.0,1298.0,1298.35,2248
1673852700,1298.2,1300.3,1298.2,1299.0,8789
1673853000,1299.0,1300.0,1298.35,1300.0,3038
1673853300,1300.0,1300.5,1299.0,1300.0,3473
1673853600,1300.0,1300.2,1299.2,1299.9,1823
1673853900,1300.0,1300.3,1299.35,1299.5,2004
1673854200,1299.5,1300.5,1299.5,1300.0,2759
1673854500,1300.0,1300.35,1299.5,1300.0,2740
1673854800,1299.55,1300.65,1299.55,1300.0,5755
1673855100,1300.0,1300.65,1299.5,1299.95,3081
1673855400,1299.95,1300.05,1299.0,1300.0,3765
1673855700,1300.0,1300.6,1299.4,1300.0,4524
1673856000,1300.0,1300.45,1299.5,1300.0,2632
1673856300,1300.0,1300.05,1296.75,1297.85,5647
1673856600,1297.85,1299.0,1296.8,1297.65,3584
1673856900,1297.7,1300.0,1296.6,1299.35,8464
1673857200,1299.35,1299.65,1297.8,1298.9,6206
1673857500,1298.9,1298.9,1296.85,1298.45,6509
1673857800,1298.45,1299.5,1297.6,1299.2,7635
1673858100,1299.2,1300.4,1298.15,1298.95,8917
1673858400,1298.5,1300.0,1298.25,1299.35,5254
1673858700,1299.05,1299.65,1298.05,1299.5,4336
1673859000,1299.45,1300.35,1298.75,1299.9,8410
1673859300,1299.9,1300.5,1299.0,1299.0,4592
1673859600,1299.0,1303.25,1298.95,1301.05,14435
1673859900,1301.05,1301.35,1299.0,1299.6,5991
1673860200,1299.45,1301.75,1298.9,1300.15,11480
1673860500,1300.35,1300.9,1299.05,1299.5,4197
1673860800,1299.5,1301.4,1299.05,1299.9,13424
1673861100,1299.95,1300.5,1299.05,1299.95,8312
1673861400,1300.0,1300.75,1299.05,1300.0,24680
1673861700,1300.0,1300.5,1299.0,1299.9,9858
1673862000,1299.95,1302.45,1299.8,1301.8,17517
1673862300,1301.85,1302.3,1300.35,1300.5,21474
1673862600,1300.5,1303.05,1300.05,1301.0,26086
1673862900,1301.0,1302.05,1295.0,1297.65,16978
1673927100,1304.7,1305.2,1297.45,1304.3,24361
1673927400,1304.85,1305.75,1303.25,1304.7,10112
1673927700,1304.7,1305.0,1303.55,1304.75,2286
1673928000,1305.3,1308.75,1305.3,1307.15,16520
1673928300,1307.15,1309.45,1306.75,1308.95,5594
1673928600,1308.95,1308.95,1305.25,1307.25,6352
1673928900,1307.0,1308.95,1305.2,1308.9,5459
1673929200,1308.9,1310.4,1307.9,1310.4,6284
1673929500,1310.4,1310.4,1307.3,1309.35,14482
1673929800,1309.35,1310.0,1308.55,1309.1,5023
1673930100,1309.1,1309.35,1305.9,1306.3,4242
1673930400,1305.55,1306.3,1303.5,1305.0,5639
1673930700,1305.0,1306.85,1304.8,1306.85,36831
1673931000,1306.85,1307.1,1306.85,1307.0,4960
1673931300,1307.0,1307.5,1306.45,1306.95,5410
1673931600,1307.0,1307.5,1306.95,1307.0,2689
1673931900,1307.0,1307.9,1304.8,1305.0,48356
1673932200,1305.0,1305.0,1302.2,1303.0,3605
1673932500,1303.0,1303.0,1299.05,1299.75,5717
1673932800,1299.75,1300.8,1299.55,1299.95,5695
1673933100,1299.95,1300.0,1297.65,1298.0,4747
1673933400,1297.9,1298.6,1295.05,1297.85,8433
1673933700,1297.85,1300.7,1297.0,1299.65,3964
1673934000,1299.65,1300.0,1298.6,1299.4,2442
1673934300,1299.4,1300.25,1297.8,1298.0,2449
1673934600,1298.0,1300.35,1298.0,1299.4,6755
1673934900,1299.4,1301.5,1299.0,1299.0,5718
1673935200,1299.0,1300.1,1298.0,1299.75,8355
1673935500,1299.95,1300.0,1298.2,1298.75,2162
1673935800,1298.75,1300.0,1298.55,1299.65,1890
1673936100,1299.65,1300.55,1299.4,1299.45,2331
1673936400,1300.0,1300.0,1298.55,1298.55,2464
1673936700,1298.55,1300.7,1298.55,1299.3,9425
1673937000,1299.25,1300.45,1299.0,1299.5,2138
1673937300,1299.5,1300.15,1298.75,1299.7,5018
1673937600,1299.7,1300.15,1299.65,1299.7,3725
1673937900,1299.7,1300.25,1297.7,1297.7,5122
1673938200,1297.7,1298.9,1297.45,1297.45,3730
1673938500,1297.45,1298.4,1295.9,1296.65,4504
1673938800,1296.65,1297.85,1295.7,1296.2,4213
1673939100,1296.2,1296.9,1295.0,1295.05,4443
1673939400,1295.05,1297.0,1295.0,1297.0,5430
1673939700,1297.0,1297.0,1296.7,1296.95,7327
1673940000,1297.0,1301.8,1297.0,1300.0,9632
1673940300,1300.0,1300.55,1298.85,1300.0,5698
1673940600,1299.5,1300.0,1299.45,1299.9,4318
1673940900,1300.0,1300.05,1299.05,1300.0,32261
1673941200,1300.0,1300.0,1297.85,1299.75,25334
1673941500,1299.75,1300.0,1298.25,1299.35,1773
1673941800,1299.35,1299.95,1298.15,1298.45,2167
1673942100,1298.45,1299.15,1294.5,1297.8,18325
1673942400,1298.65,1300.0,1298.25,1300.0,3780
1673942700,1300.0,1300.45,1299.45,1299.8,7588
1673943000,1299.9,1301.6,1298.7,1301.6,5058
1673943300,1301.5,1303.0,1298.45,1299.35,18829
1673943600,1299.9,1300.0,1298.35,1299.65,2575
1673943900,1299.65,1300.0,1298.4,1298.7,2465
1673944200,1299.0,1300.0,1298.75,1299.5,2311
1673944500,1300.0,1301.15,1299.5,1299.9,4541
1673944800,1300.0,1300.45,1299.7,1299.95,6864
1673945100,1300.0,1300.45,1299.35,1299.8,14677
1673945400,1299.8,1300.9,1299.75,1300.0,31315
1673945700,1300.0,1301.2,1299.8,1299.95,20450
1673946000,1300.0,1300.0,1299.85,1300.0,4436
1673946300,1300.0,1300.1,1299.6,1300.0,8577
1673946600,1299.95,1300.0,1298.7,1298.9,5920
1673946900,1298.9,1299.15,1298.0,1299.0,18322
1673947200,1299.0,1299.4,1298.85,1299.0,7675
1673947500,1299.0,1299.0,1296.55,1298.15,13409
1673947800,1297.75,1299.8,1297.35,1298.95,54072
1673948100,1298.9,1299.1,1298.75,1299.0,50894
1673948400,1298.95,1299.35,1298.95,1299.0,50500
1673948700,1299.0,1299.15,1298.1,1298.75,60277
1673949000,1298.6,1298.7,1295.55,1297.7,46299
1673949300,1297.95,1299.0,1295.75,1299.0,28599
1674013500,1309.0,1317.75,1302.15,1316.0,146886
1674013800,1316.7,1322.0,1314.9,1319.3,79609
1674014100,1319.3,1320.9,1316.0,1319.6,33574
1674014400,1319.6,1320.0,1310.55,1311.6,43285
1674014700,1311.6,1314.6,1309.9,1314.6,34052
1674015000,1314.95,1317.55,1313.2,1315.2,24869
1674015300,1315.2,1315.55,1310.2,1311.6,22909
1674015600,1311.6,1312.25,1310.25,1310.8,7925
1674015900,1310.8,1315.0,1310.6,1313.55,12185
1674016200,1313.45,1314.55,1312.1,1312.75,10755
1674016500,1312.8,1313.65,1311.85,1313.05,7785
1674016800,1313.05,1314.6,1312.0,1313.0,4284
1674017100,1313.0,1315.0,1312.5,1312.8,7620
1674017400,1312.8,1315.4,1311.9,1314.55,9348
1674017700,1314.55,1315.55,1313.0,1313.9,8819
1674018000,1313.9,1314.5,1312.25,1312.9,4111
1674018300,1313.3,1314.95,1311.2,1311.85,7040
1674018600,1311.85,1313.25,1311.1,1312.75,4365
1674018900,1312.75,1313.8,1311.75,1313.15,5126
1674019200,1313.15,1313.4,1312.15,1313.0,3499
1674019500,1312.45,1312.95,1311.2,1311.75,7259
1674019800,1311.8,1313.35,1311.8,1312.95,9213
1674020100,1312.95,1313.65,1311.05,1312.9,11620
1674020400,1312.9,1313.7,1312.55,1312.9,4585
1674020700,1312.85,1313.2,1311.25,1311.25,5633
1674021000,1311.25,1312.0,1310.0,1310.25,34048
1674021300,1310.25,1312.0,1310.2,1311.0,5660
1674021600,1310.3,1311.5,1310.0,1310.45,5957
1674021900,1310.45,1311.5,1309.55,1311.05,13000
1674022200,1311.05,1312.0,1310.65,1311.15,8679
1674022500,1311.15,1311.7,1310.0,1310.7,7238
1674022800,1310.7,1310.95,1307.5,1309.4,9263
1674023100,1309.4,1309.7,1307.6,1307.75,13852
1674023400,1307.75,1308.55,1306.85,1307.35,10616
1674023700,1307.35,1308.0,1306.8,1307.75,10634
1674024000,1307.75,1308.35,1307.05,1308.15,13496
1674024300,1308.15,1308.25,1307.1,1307.85,4827
1674024600,1307.85,1308.4,1307.65,1307.85,4825
1674024900,1307.85,1308.25,1306.8,1307.0,5869
1674025200,1307.0,1308.25,1306.8,1308.25,5166
1674025500,1308.25,1308.5,1307.45,1307.95,6823
1674025800,1307.95,1308.4,1307.1,1307.95,5614
1674026100,1307.95,1308.5,1307.85,1308.5,6135
1674026400,1308.3,1308.5,1307.4,1307.95,3913
1674026700,1307.95,1308.45,1305.7,1306.95,11213
1674027000,1306.95,1307.3,1306.4,1307.15,5868
1674027300,1307.15,1307.65,1306.85,1307.5,7936
1674027600,1307.5,1307.65,1306.2,1307.1,11409
1674027900,1307.1,1307.8,1306.5,1307.75,5022
1674028200,1307.75,1308.8,1307.4,1307.95,7821
1674028500,1307.9,1308.05,1307.25,1307.5,5760
1674028800,1307.5,1308.0,1305.9,1307.05,5591
1674029100,1307.0,1307.55,1306.6,1307.45,3161
1674029400,1307.45,1308.0,1307.05,1307.85,9494
1674029700,1307.85,1308.7,1305.8,1306.75,12045
1674030000,1306.3,1307.7,1306.05,1307.05,4599
1674030300,1307.0,1307.1,1306.0,1306.0,6328
1674030600,1306.0,1307.1,1306.0,1306.55,4668
1674030900,1306.25,1307.1,1306.0,1306.6,4459
1674031200,1306.6,1307.95,1306.25,1307.5,8670
1674031500,1307.4,1307.95,1306.05,1307.0,14203
1674031800,1306.75,1307.35,1305.4,1305.6,8875
1674032100,1305.6,1306.5,1305.0,1306.3,9586
1674032400,1305.85,1307.45,1305.65,1305.95,17338
1674032700,1306.4,1307.0,1305.2,1306.0,17551
1674033000,1306.0,1306.3,1305.55,1305.55,9721
1674033300,1305.55,1306.0,1304.7,1305.9,6973
1674033600,1305.9,1306.05,1305.35,1305.6,5471
1674033900,1305.6,1306.05,1304.8,1305.1,13238
1674034200,1305.4,1309.75,1305.1,1309.6,35260
1674034500,1309.65,1312.85,1309.65,1311.4,26455
1674034800,1311.4,1312.0,1309.65,1311.9,25257
1674035100,1311.85,1312.85,1309.7,1311.55,26127
1674035400,1311.65,1312.0,1311.5,1312.0,24767
1674035700,1312.1,1314.05,1309.15,1310.0,25016
1674099900,1313.0,1313.0,1303.6,1309.5,38544
1674100200,1309.5,1310.6,1307.15,1307.65,10154
1674100500,1307.55,1307.75,1304.2,1306.0,9417
1674100800,1306.0,1309.0,1305.6,1308.05,4649
1674101100,1308.05,1309.95,1307.45,1307.7,7579
1674101400,1308.4,1309.5,1307.15,1307.95,4048
1674101700,1307.95,1309.5,1307.65,1309.4,3436
1674102000,1309.4,1310.75,1309.15,1310.3,3469
1674102300,1310.35,1310.7,1309.6,1309.95,4995
1674102600,1309.95,1310.6,1305.1,1305.5,31396
1674102900,1305.5,1305.95,1304.5,1305.9,3778
1674103200,1305.9,1307.15,1304.9,1305.5,6199
1674103500,1305.5,1309.3,1305.45,1309.1,8655
1674103800,1309.05,1311.75,1307.2,1311.0,14044
1674104100,1310.95,1313.75,1310.5,1311.9,11798
1674104400,1311.85,1315.75,1311.85,1315.05,15255
1674104700,1315.05,1318.45,1313.65,1317.0,20268
1674105000,1317.0,1319.5,1314.9,1319.5,15766
1674105300,1319.3,1321.8,1318.05,1321.55,29431
1674105600,1321.55,1326.0,1320.6,1325.6,149981
1674105900,1325.05,1327.0,1324.2,1324.45,50914
1674106200,1324.45,1325.85,1323.2,1325.65,15308
1674106500,1325.65,1325.8,1324.0,1324.1,9506
1674106800,1324.1,1324.2,1321.3,1321.6,17790
1674107100,1321.55,1322.45,1320.05,1322.4,14251
1674107400,1322.4,1322.6,1321.3,1322.15,14486
1674107700,1322.15,1324.3,1322.0,1324.05,11845
1674108000,1324.05,1324.35,1322.6,1322.95,9203
1674108300,1322.45,1323.5,1321.4,1322.75,10624
1674108600,1322.75,1323.95,1322.75,1323.65,5938
1674108900,1323.65,1324.6,1323.25,1323.25,10553
1674109200,1323.25,1324.1,1323.25,1323.35,4947
1674109500,1323.35,1323.5,1321.5,1322.2,6095
1674109800,1322.2,1322.85,1321.0,1321.0,5090
1674110100,1321.15,1322.95,1320.6,1322.45,9583
1674110400,1322.45,1323.9,1320.95,1321.85,18294
1674110700,1321.9,1324.45,1321.9,1323.5,12219
1674111000,1323.45,1324.25,1322.65,1323.3,19127
1674111300,1322.9,1328.8,1322.75,1327.2,41339
1674111600,1327.75,1329.0,1326.65,1328.15,42888
1674111900,1327.6,1328.45,1327.25,1327.4,17676
1674112200,1327.35,1330.0,1326.7,1328.65,24345
1674112500,1328.65,1329.6,1328.1,1328.4,12080
1674112800,1328.45,1329.7,1327.0,1328.4,16035
1674113100,1328.4,1329.25,1327.95,1328.85,7686
1674113400,1328.35,1329.95,1327.0,1327.75,15981
1674113700,1327.7,1329.8,1326.65,1328.35,13237
1674114000,1327.85,1328.6,1326.45,1326.95,19917
1674114300,1326.55,1328.3,1325.45,1327.8,11052
1674114600,1327.8,1328.5,1326.75,1328.0,10731
1674114900,1328.0,1328.3,1326.4,1326.65,12875
1674115200,1326.6,1328.35,1326.5,1327.5,9783
1674115500,1327.5,1328.4,1327.2,1327.2,6568
1674115800,1327.25,1328.0,1324.8,1325.1,20640
1674116100,1325.1,1326.55,1324.8,1326.2,9799
1674116400,1326.2,1327.05,1324.4,1325.05,13389
1674116700,1325.05,1326.0,1325.0,1325.0,9620
1674117000,1325.0,1325.55,1324.8,1325.55,3915
1674117300,1325.2,1325.9,1324.8,1325.0,6504
1674117600,1324.8,1325.6,1324.1,1325.1,6136
1674117900,1325.1,1326.25,1324.85,1325.0,12314
1674118200,1325.0,1325.1,1323.4,1323.95,11057
1674118500,1323.4,1325.0,1323.35,1324.0,5756
1674118800,1324.1,1325.0,1324.1,1324.2,6623
1674119100,1324.2,1325.0,1324.15,1324.3,9021
1674119400,1324.3,1325.0,1324.25,1324.8,9998
1674119700,1324.85,1325.0,1323.6,1324.25,6577
1674120000,1324.25,1324.65,1322.7,1324.65,10192
1674120300,1324.65,1324.75,1323.6,1324.0,7905
1674120600,1323.85,1325.0,1322.8,1324.55,16701
1674120900,1324.55,1324.8,1323.55,1323.85,14474
1674121200,1323.85,1324.55,1323.2,1323.95,14321
1674121500,1323.95,1324.2,1322.05,1323.75,26613
1674121800,1323.75,1323.75,1321.2,1322.55,48294
1674122100,1322.4,1323.55,1320.0,1320.5,17156
1674186300,1324.05,1325.95,1315.0,1318.95,18488
1674186600,1318.95,1321.9,1318.65,1320.65,8332
1674186900,1320.65,1320.65,1318.0,1318.15,6823
1674187200,1318.55,1319.35,1316.8,1318.9,12999
1674187500,1319.0,1319.0,1313.25,1313.3,12884
1674187800,1313.8,1313.8,1308.95,1309.15,16196
1674188100,1309.15,1309.15,1306.1,1307.45,15339
1674188400,1307.45,1313.5,1307.45,1312.6,10303
1674188700,1312.6,1314.55,1311.75,1312.3,5863
1674189000,1312.35,1312.7,1308.35,1308.9,8639
1674189300,1308.9,1310.3,1308.5,1310.05,6107
1674189600,1310.05,1313.8,1309.3,1313.3,11013
1674189900,1313.3,1314.45,1312.5,1312.8,5563
1674190200,1312.8,1312.8,1309.45,1310.0,7488
1674190500,1310.0,1312.0,1310.0,1310.0,4692
1674190800,1310.0,1310.95,1309.3,1309.3,1986
1674191100,1309.95,1309.95,1308.4,1309.3,6774
1674191400,1309.7,1309.7,1308.05,1309.15,3980
1674191700,1309.2,1310.0,1308.1,1309.55,1922
1674192000,1309.55,1310.0,1308.3,1310.0,1592
1674192300,1310.0,1311.0,1309.9,1309.9,3985
1674192600,1309.75,1309.75,1308.75,1308.95,3172
1674192900,1308.95,1309.3,1308.0,1308.4,6858
1674193200,1308.4,1308.4,1307.55,1307.55,7039
1674193500,1307.55,1307.55,1301.65,1302.7,20258
1674193800,1303.0,1305.5,1302.6,1304.4,18704
1674194100,1304.4,1306.35,1303.0,1306.35,6287
1674194400,1306.35,1307.65,1306.0,1307.0,3476
1674194700,1307.0,1307.0,1304.5,1304.75,1714
1674195000,1304.75,1304.85,1302.95,1303.4,3408
1674195300,1302.85,1305.2,1302.55,1303.7,5719
1674195600,1303.7,1303.75,1303.1,1303.5,1308
1674195900,1303.5,1305.95,1303.35,1304.75,4370
1674196200,1304.75,1306.6,1304.0,1306.6,3049
1674196500,1306.45,1310.6,1306.45,1308.9,16268
1674196800,1308.9,1310.6,1307.05,1307.8,6808
1674197100,1307.75,1309.8,1304.65,1309.8,16576
1674197400,1309.75,1309.9,1307.9,1309.9,7361
1674197700,1309.9,1310.0,1306.45,1308.0,15577
1674198000,1308.0,1308.0,1303.6,1304.2,10157
1674198300,1304.5,1305.3,1303.55,1305.3,10650
1674198600,1305.55,1307.85,1305.3,1306.8,8707
1674198900,1306.8,1307.25,1305.35,1306.1,2978
1674199200,1305.9,1307.0,1305.4,1306.75,4695
1674199500,1306.75,1306.75,1303.5,1303.85,13509
1674199800,1303.85,1304.4,1302.05,1303.95,12519
1674200100,1303.9,1305.65,1303.1,1305.0,5794
1674200400,1305.0,1306.6,1304.0,1306.35,5760
1674200700,1306.35,1308.0,1304.6,1308.0,5462
1674201000,1308.2,1309.45,1307.85,1309.35,9163
1674201300,1309.3,1309.3,1307.35,1308.3,6880
1674201600,1308.3,1308.35,1306.1,1308.2,11803
1674201900,1308.2,1308.3,1305.5,1305.95,9004
1674202200,1305.5,1306.45,1304.0,1304.35,11424
1674202500,1304.35,1306.1,1304.25,1305.8,10007
1674202800,1305.95,1306.9,1300.1,1300.1,19871
1674203100,1300.5,1301.65,1296.1,1299.6,38755
1674203400,1299.6,1300.0,1297.7,1298.0,15032
1674203700,1298.0,1300.0,1297.05,1299.85,15506
1674204000,1299.85,1300.3,1297.7,1299.9,13005
1674204300,1299.9,1300.3,1295.6,1297.2,17697
1674204600,1297.2,1297.55,1295.0,1296.85,16846
1674204900,1296.6,1297.95,1294.9,1297.05,11163
1674205200,1297.5,1298.9,1296.75,1298.1,20055
1674205500,1298.3,1298.3,1294.7,1296.25,10938
1674205800,1296.1,1296.7,1294.1,1295.65,29076
1674206100,1295.65,1297.3,1292.35,1294.2,33576
1674206400,1294.2,1296.0,1293.2,1293.75,8654
1674206700,1293.9,1294.95,1292.65,1293.5,28578
1674207000,1293.45,1296.5,1293.45,1295.05,32708
1674207300,1295.05,1295.85,1293.4,1295.05,43548
1674207600,1295.05,1295.15,1294.55,1295.1,32827
1674207900,1295.1,1296.9,1295.0,1296.1,35717
1674208200,1296.1,1298.6,1295.0,1296.65,51014
1674208500,1297.6,1301.3,1295.45,1298.7,34256
1674445500,1285.0,1318.15,1280.0,1308.25,183981
1674445800,1308.8,1311.95,1302.0,1302.0,49249
1674446100,1302.05,1303.85,1298.05,1303.3,22396
1674446400,1303.3,1305.75,1299.7,1300.0,25581
1674446700,1300.0,1304.65,1299.1,1303.6,17024
1674447000,1303.5,1305.55,1301.15,1302.0,8916
1674447300,1302.0,1302.5,1298.95,1300.6,19040
1674447600,1300.6,1302.0,1298.95,1299.9,11674
1674447900,1299.5,1299.9,1294.15,1295.15,23659
1674448200,1295.2,1298.0,1294.7,1297.9,16811
1674448500,1297.9,1298.65,1294.2,1294.6,7394
1674448800,1294.8,1295.0,1293.55,1294.2,25857
1674449100,1294.2,1295.0,1294.2,1294.9,15837
1674449400,1294.9,1296.4,1288.65,1290.0,33289
1674449700,1290.0,1294.8,1290.0,1290.35,56821
1674450000,1290.35,1291.8,1289.4,1290.4,8205
1674450300,1290.15,1291.35,1288.6,1289.6,6170
1674450600,1289.6,1290.45,1287.85,1288.85,9244
1674450900,1288.85,1290.0,1288.5,1288.8,6058
1674451200,1288.8,1289.75,1288.5,1288.5,7451
1674451500,1288.55,1289.0,1285.1,1287.0,13509
1674451800,1287.0,1288.5,1286.1,1286.4,21014
1674452100,1286.4,1291.6,1285.35,1291.6,28168
1674452400,1291.6,1292.6,1287.0,1290.2,27109
1674452700,1290.9,1292.1,1287.85,1288.1,31984
1674453000,1288.1,1290.55,1288.05,1288.45,5338
1674453300,1288.45,1288.9,1287.05,1287.5,3001
1674453600,1287.5,1291.25,1287.35,1290.9,5665
1674453900,1290.75,1292.0,1290.1,1291.55,6271
1674454200,1291.55,1296.6,1291.55,1296.3,16817
1674454500,1296.3,1298.0,1295.65,1295.95,17928
1674454800,1295.95,1296.75,1293.85,1293.95,8995
1674455100,1293.95,1294.05,1292.4,1293.6,8973
1674455400,1293.6,1293.95,1292.4,1293.3,13522
1674455700,1293.3,1293.6,1292.8,1293.5,21912
1674456000,1293.15,1293.5,1290.1,1291.3,11172
1674456300,1291.3,1292.7,1290.1,1290.55,8372
1674456600,1290.55,1293.5,1290.05,1293.3,11649
1674456900,1293.2,1294.95,1292.7,1293.5,11504
1674457200,1293.0,1294.0,1291.0,1291.2,19522
1674457500,1291.15,1293.2,1291.05,1292.0,8400
1674457800,1292.0,1293.55,1291.5,1292.55,5444
1674458100,1292.55,1293.7,1292.5,1293.1,5057
1674458400,1293.05,1294.4,1291.85,1291.85,8928
1674458700,1291.8,1293.25,1291.7,1292.05,10237
1674459000,1292.05,1292.75,1291.15,1291.95,11091
1674459300,1291.8,1294.15,1290.5,1293.85,20187
1674459600,1294.0,1294.2,1291.8,1292.35,18572
1674459900,1292.3,1293.05,1290.55,1291.75,31607
1674460200,1291.75,1292.8,1291.1,1291.4,14115
1674460500,1291.4,1291.5,1289.3,1289.6,6990
1674460800,1289.25,1290.35,1289.2,1289.95,3065
1674461100,1289.85,1291.0,1288.75,1289.5,9238
1674461400,1289.5,1290.85,1289.1,1290.55,13457
1674461700,1290.55,1291.3,1288.6,1290.75,14293
1674462000,1290.75,1291.75,1289.55,1289.55,7697
1674462300,1290.3,1291.15,1288.2,1288.95,12404
1674462600,1289.4,1291.0,1289.1,1289.75,3218
1674462900,1289.75,1289.8,1288.2,1288.45,7024
1674463200,1288.45,1289.2,1287.55,1288.35,8048
1674463500,1288.35,1290.05,1287.8,1290.0,10675
1674463800,1290.0,1291.0,1289.45,1290.05,5678
1674464100,1290.2,1290.95,1289.55,1290.9,5395
1674464400,1290.9,1292.85,1290.05,1290.8,13937
1674464700,1290.8,1292.8,1289.95,1292.0,8972
1674465000,1292.0,1293.35,1291.5,1293.35,16125
1674465300,1293.35,1294.0,1291.15,1294.0,18562
1674465600,1293.7,1294.0,1290.4,1292.9,13396
1674465900,1292.9,1294.75,1292.25,1293.55,15554
1674466200,1293.5,1295.5,1293.25,1295.0,32228
1674466500,1295.0,1296.0,1293.1,1294.05,37711
1674466800,1294.5,1296.0,1293.7,1295.9,18560
1674467100,1295.9,1297.0,1295.05,1296.05,19160
1674467400,1296.05,1297.15,1295.0,1295.4,39200
1674467700,1295.4,1300.0,1295.0,1295.7,29722
1674531900,1296.0,1301.0,1291.85,1293.2,30171
1674532200,1293.2,1293.2,1287.9,1291.2,13004
1674532500,1291.2,1291.95,1290.25,1291.0,2552
1674532800,1291.0,1294.95,1290.8,1294.75,6947
1674533100,1294.75,1295.35,1293.65,1294.55,5942
1674533400,1294.55,1295.95,1293.3,1294.9,6224
1674533700,1294.9,1294.9,1293.05,1293.7,3428
1674534000,1293.7,1293.9,1292.65,1292.95,3298
1674534300,1293.0,1295.75,1292.95,1295.4,7079
1674534600,1295.4,1295.4,1293.25,1293.7,1861
1674534900,1293.8,1293.8,1292.4,1292.9,4299
1674535200,1292.9,1294.45,1292.25,1293.55,4087
1674535500,1293.55,1293.65,1292.05,1292.85,5036
1674535800,1292.85,1293.0,1290.8,1291.35,5405
1674536100,1291.35,1291.45,1289.6,1289.6,3991
1674536400,1289.95,1291.65,1289.65,1291.4,1908
1674536700,1291.4,1291.8,1290.15,1291.75,3142
1674537000,1291.75,1293.4,1291.75,1293.05,4740
1674537300,1293.35,1293.35,1290.45,1291.3,3403
1674537600,1291.3,1291.3,1289.4,1289.75,4755
1674537900,1289.75,1290.3,1289.05,1289.95,2148
1674538200,1289.95,1291.1,1289.8,1290.05,5204
1674538500,1290.05,1290.45,1287.85,1287.85,5430
1674538800,1287.85,1288.1,1286.05,1286.75,6940
1674539100,1286.75,1287.0,1285.4,1285.75,5216
1674539400,1285.75,1285.95,1285.0,1285.0,5372
1674539700,1285.0,1285.8,1284.4,1284.75,4014
1674540000,1284.75,1285.5,1284.5,1284.5,4944
1674540300,1284.5,1285.05,1283.0,1283.1,4243
1674540600,1283.1,1283.85,1282.0,1282.05,8544
1674540900,1282.05,1284.4,1281.8,1282.3,11697
1674541200,1282.3,1284.5,1282.0,1282.0,15709
1674541500,1282.0,1282.35,1281.05,1281.6,4235
1674541800,1281.65,1282.75,1281.25,1281.85,8306
1674542100,1282.2,1282.8,1281.25,1281.75,9626
1674542400,1281.75,1281.95,1278.5,1279.5,14321
1674542700,1279.5,1280.1,1279.3,1280.0,4554
1674543000,1280.0,1280.0,1279.1,1279.4,3980
1674543300,1279.25,1279.5,1277.75,1278.35,6959
1674543600,1278.35,1281.6,1278.0,1279.65,21095
1674543900,1279.5,1279.8,1278.95,1279.4,2654
1674544200,1279.35,1280.0,1279.35,1279.65,5136
1674544500,1279.55,1280.0,1279.2,1279.55,5976
1674544800,1279.55,1280.0,1279.45,1279.6,5650
1674545100,1279.55,1279.6,1278.0,1278.15,14690
1674545400,1278.2,1278.5,1278.15,1278.3,3859
1674545700,1278.35,1279.15,1278.1,1278.5,9857
1674546000,1278.4,1279.15,1278.35,1278.4,5091
1674546300,1278.35,1278.7,1278.1,1278.5,3380
1674546600,1278.5,1278.5,1275.55,1276.3,18627
1674546900,1275.8,1278.25,1275.8,1277.35,11416
1674547200,1277.45,1278.65,1276.3,1276.75,9543
1674547500,1276.9,1278.0,1276.5,1277.6,3923
1674547800,1277.6,1278.05,1276.95,1277.1,6318
1674548100,1277.05,1277.35,1275.9,1277.35,6817
1674548400,1276.95,1277.55,1276.6,1276.65,5192
1674548700,1276.6,1277.05,1275.7,1276.45,10522
1674549000,1276.65,1276.65,1275.1,1275.2,16496
1674549300,1275.2,1275.25,1273.7,1274.95,16251
1674549600,1274.95,1275.2,1273.55,1274.5,12853
1674549900,1274.4,1274.5,1272.75,1273.85,9963
1674550200,1273.85,1274.5,1273.0,1273.1,4577
1674550500,1273.1,1273.1,1272.0,1272.55,11973
1674550800,1272.55,1274.0,1272.0,1272.4,9761
1674551100,1272.35,1272.5,1271.15,1271.65,17803
1674551400,1271.6,1272.5,1270.85,1271.25,9032
1674551700,1271.15,1273.45,1271.1,1273.45,6848
1674552000,1273.45,1274.8,1272.1,1272.6,5523
1674552300,1272.6,1272.9,1271.25,1272.35,11597
1674552600,1272.3,1274.7,1271.85,1273.0,14126
1674552900,1273.0,1274.75,1272.95,1273.95,17809
1674553200,1274.7,1275.0,1272.35,1272.95,40191
1674553500,1272.4,1273.95,1272.3,1272.95,11659
1674553800,1272.95,1273.0,1270.2,1271.8,20166
1674554100,1271.8,1274.55,1270.55,1272.65,18144
1674618300,1273.2,1278.8,1264.3,1265.65,25602
1674618600,1265.5,1265.95,1260.15,1262.4,20281
1674618900,1262.9,1263.55,1259.3,1261.15,6410
1674619200,1261.15,1261.75,1258.5,1258.6,6329
1674619500,1259.3,1259.95,1258.0,1259.4,5102
1674619800,1259.3,1259.4,1258.45,1258.95,1292
1674620100,1259.0,1259.0,1257.0,1257.8,4275
1674620400,1257.8,1258.4,1257.05,1257.05,5172
1674620700,1257.5,1259.9,1256.05,1259.9,5018
1674621000,1259.85,1259.95,1256.7,1259.05,4672
1674621300,1259.05,1259.7,1257.85,1258.3,2133
1674621600,1258.3,1258.3,1255.0,1255.75,4229
1674621900,1255.55,1258.5,1255.5,1258.3,2331
1674622200,1258.25,1259.95,1257.6,1259.95,1252
1674622500,1259.95,1260.3,1258.8,1258.85,5604
1674622800,1259.4,1259.8,1258.15,1258.3,1775
1674623100,1258.7,1258.9,1258.0,1258.8,2209
1674623400,1258.8,1259.5,1258.05,1259.15,2903
1674623700,1259.15,1259.45,1257.3,1258.65,3639
1674624000,1258.65,1258.65,1257.4,1257.8,2540
1674624300,1257.8,1257.8,1254.7,1254.9,7364
1674624600,1255.0,1257.8,1254.1,1257.8,6506
1674624900,1257.8,1257.8,1256.0,1257.7,7288
1674625200,1257.55,1257.8,1256.95,1257.8,1649
1674625500,1257.75,1257.8,1256.55,1257.8,3657
1674625800,1257.8,1257.8,1254.75,1254.75,5892
1674626100,1255.0,1255.0,1252.6,1254.1,13425
1674626400,1254.1,1254.1,1250.3,1251.65,8766
1674626700,1251.65,1254.0,1250.05,1252.9,8816
1674627000,1253.0,1254.0,1252.5,1253.45,5553
1674627300,1253.45,1253.65,1252.4,1253.35,4136
1674627600,1253.3,1253.7,1251.95,1253.05,4799
1674627900,1253.05,1253.1,1251.75,1252.45,3644
1674628200,1252.45,1253.7,1252.05,1253.05,4096
1674628500,1253.05,1255.0,1251.95,1252.0,8484
1674628800,1252.45,1254.35,1252.0,1254.05,5336
1674629100,1254.05,1256.4,1253.65,1254.95,8973
1674629400,1254.95,1255.95,1254.1,1255.95,6220
1674629700,1255.95,1257.0,1255.0,1256.85,5079
1674630000,1257.0,1257.8,1256.4,1257.8,5001
1674630300,1257.8,1257.8,1256.7,1257.45,2897
1674630600,1257.45,1257.45,1255.35,1256.0,8397
1674630900,1256.0,1256.1,1255.35,1255.8,10045
1674631200,1255.8,1257.2,1255.4,1256.7,11609
1674631500,1256.35,1256.9,1255.1,1256.0,3700
1674631800,1256.0,1256.15,1255.2,1255.9,2266
1674632100,1255.85,1256.35,1255.05,1255.75,3324
1674632400,1255.75,1256.1,1255.0,1256.0,2381
1674632700,1256.0,1256.0,1255.0,1255.65,3104
1674633000,1255.75,1256.0,1255.1,1255.95,3931
1674633300,1255.95,1256.0,1254.7,1256.0,6156
1674633600,1256.0,1256.0,1255.2,1256.0,10236
1674633900,1256.0,1256.75,1255.25,1256.0,8710
1674634200,1256.0,1256.45,1255.35,1256.0,4274
1674634500,1255.9,1256.4,1255.5,1255.75,5939
1674634800,1256.0,1256.3,1255.0,1256.0,5647
1674635100,1256.0,1256.3,1255.0,1256.0,5266
1674635400,1256.0,1256.7,1255.05,1256.35,5649
1674635700,1256.8,1258.15,1256.5,1258.0,6085
1674636000,1258.2,1259.15,1257.5,1258.4,7641
1674636300,1258.4,1259.0,1257.6,1258.95,6397
1674636600,1259.0,1259.0,1256.7,1257.95,5199
1674636900,1257.95,1258.4,1256.85,1257.4,5236
1674637200,1257.6,1257.95,1255.8,1257.1,8453
1674637500,1257.1,1257.1,1255.55,1256.25,5668
1674637800,1256.3,1256.65,1255.25,1256.4,12847
1674638100,1256.4,1257.1,1255.75,1256.5,4887
1674638400,1256.5,1260.8,1256.0,1258.3,13013
1674638700,1258.3,1260.3,1255.7,1260.3,19959
1674639000,1260.3,1261.55,1259.65,1260.05,14727
1674639300,1260.65,1260.65,1254.55,1258.95,26665
1674639600,1258.2,1259.15,1257.05,1258.15,15720
1674639900,1258.15,1259.4,1254.9,1256.0,43042
1674640200,1256.0,1259.6,1255.05,1259.3,22451
1674640500,1259.55,1260.5,1254.3,1255.0,40326
1674791100,1263.7,1291.5,1260.1,1262.45,45929
1674791400,1262.45,1262.85,1246.1,1246.5,29559
1674791700,1246.9,1247.05,1242.65,1246.8,11033
1674792000,1246.5,1250.75,1245.3,1246.85,9741
1674792300,1246.85,1251.15,1245.25,1246.15,16571
1674792600,1246.1,1246.1,1238.4,1240.5,47921
1674792900,1240.45,1243.75,1237.8,1239.25,26194
1674793200,1239.25,1239.5,1235.35,1235.75,18357
1674793500,1235.75,1238.8,1233.0,1238.0,18161
1674793800,1238.2,1240.9,1236.75,1239.9,16880
1674794100,1240.0,1245.55,1239.3,1244.9,8103
1674794400,1245.0,1248.85,1244.9,1247.9,6285
1674794700,1247.9,1249.7,1247.6,1249.1,5673
1674795000,1249.1,1253.35,1249.05,1252.85,15865
1674795300,1252.85,1255.45,1249.7,1249.9,10471
1674795600,1249.9,1254.7,1248.35,1252.1,12250
1674795900,1252.1,1260.5,1252.1,1259.85,21027
1674796200,1259.85,1262.2,1258.0,1258.0,19562
1674796500,1258.3,1258.3,1251.0,1251.5,11101
1674796800,1251.55,1254.95,1250.0,1254.35,6800
1674797100,1254.4,1254.6,1250.0,1251.0,188976
1674797400,1251.0,1251.0,1249.25,1250.85,5919
1674797700,1250.85,1251.35,1249.55,1250.25,7434
1674798000,1250.25,1251.0,1247.65,1247.65,5202
1674798300,1247.7,1248.55,1246.2,1247.55,9406
1674798600,1247.55,1248.7,1246.0,1248.35,5224
1674798900,1248.35,1249.5,1242.65,1242.65,7477
1674799200,1242.65,1246.5,1241.95,1246.2,4938
1674799500,1246.2,1247.9,1246.2,1247.8,3129
1674799800,1247.8,1248.7,1246.4,1248.25,4167
1674800100,1247.7,1248.25,1246.2,1246.25,3529
1674800400,1246.25,1248.2,1244.95,1247.2,5014
1674800700,1247.2,1251.0,1247.15,1250.95,6552
1674801000,1250.95,1250.95,1247.25,1249.75,4300
1674801300,1249.75,1249.9,1245.4,1247.05,6241
1674801600,1247.1,1248.6,1244.85,1248.25,7621
1674801900,1247.9,1251.0,1247.8,1249.6,8265
1674802200,1249.6,1250.3,1248.25,1248.8,5361
1674802500,1248.8,1250.4,1247.95,1249.1,6853
1674802800,1249.1,1250.65,1247.5,1247.7,5600
1674803100,1247.7,1251.0,1247.55,1250.0,12469
1674803400,1250.0,1251.0,1249.65,1250.15,16087
1674803700,1250.15,1250.5,1244.7,1245.35,21629
1674804000,1245.35,1250.0,1245.3,1246.5,6787
1674804300,1246.5,1249.5,1245.0,1245.0,5444
1674804600,1245.0,1245.55,1242.05,1242.1,6676
1674804900,1242.1,1242.15,1238.0,1241.05,8384
1674805200,1241.75,1242.5,1234.1,1234.1,10806
1674805500,1234.3,1237.0,1231.45,1236.05,7853
1674805800,1236.05,1236.35,1232.1,1234.3,12188
1674806100,1234.3,1234.8,1230.6,1231.0,11834
1674806400,1231.0,1234.0,1231.0,1231.9,6718
1674806700,1231.9,1237.75,1231.8,1236.65,16001
1674807000,1236.65,1237.15,1233.75,1234.55,9885
1674807300,1234.45,1236.4,1232.1,1232.1,6058
1674807600,1232.15,1233.1,1230.0,1230.75,10632
1674807900,1230.75,1234.5,1230.75,1232.55,7528
1674808200,1232.55,1236.4,1232.05,1235.25,6184
1674808500,1235.25,1237.35,1232.05,1232.05,6556
1674808800,1232.05,1236.5,1231.8,1236.1,7077
1674809100,1236.1,1241.9,1236.1,1238.95,10507
1674809400,1239.0,1239.9,1237.15,1238.65,7906
1674809700,1238.65,1239.2,1237.75,1238.7,5946
1674810000,1238.7,1242.3,1237.35,1241.05,17547
1674810300,1241.05,1241.4,1236.3,1240.3,9398
1674810600,1240.4,1245.0,1240.4,1243.8,17360
1674810900,1243.9,1245.0,1242.1,1243.75,13051
1674811200,1243.75,1245.35,1242.0,1244.9,15417
1674811500,1244.9,1245.65,1243.25,1244.95,13360
1674811800,1245.5,1251.55,1245.1,1250.95,39938
1674812100,1251.0,1251.45,1250.85,1250.95,28288
1674812400,1251.0,1251.0,1250.95,1251.0,22280
1674812700,1251.0,1251.05,1250.95,1251.0,32731
1674813000,1251.0,1251.1,1250.95,1251.0,34595
1674813300,1251.0,1252.55,1245.1,1252.0,40323
1675050300,1222.0,1244.45,1215.9,1216.3,118948
1675050600,1216.4,1229.15,1215.6,1228.9,98229
1675050900,1228.9,1229.3,1218.55,1222.5,93751
1675051200,1222.5,1227.25,1222.5,1224.7,62572
1675051500,1225.0,1225.35,1220.55,1223.1,61205
1675051800,1223.1,1225.0,1219.1,1223.5,34633
1675052100,1222.85,1226.2,1221.55,1225.7,30190
1675052400,1225.4,1226.35,1224.0,1224.6,24354
1675052700,1224.6,1226.65,1223.6,1225.0,21211
1675053000,1225.0,1226.0,1224.0,1225.45,22764
1675053300,1225.45,1227.7,1224.75,1227.5,23234
1675053600,1227.5,1232.9,1227.0,1231.8,34979
1675053900,1231.85,1233.9,1231.25,1233.2,20888
1675054200,1233.25,1235.0,1231.2,1231.5,49954
1675054500,1231.7,1232.6,1228.5,1228.5,52779
1675054800,1228.5,1228.5,1225.0,1225.95,22577
1675055100,1226.45,1227.3,1225.7,1226.05,6389
1675055400,1226.05,1226.45,1225.0,1225.0,13997
1675055700,1225.0,1225.85,1224.1,1225.05,9529
1675056000,1225.05,1225.75,1224.5,1225.0,7176
1675056300,1225.05,1228.4,1225.0,1227.4,12589
1675056600,1226.7,1228.05,1225.4,1226.4,10126
1675056900,1226.55,1228.45,1226.0,1228.45,14010
1675057200,1228.05,1228.5,1226.0,1226.0,6956
1675057500,1226.2,1227.0,1225.7,1226.95,11293
1675057800,1227.15,1228.55,1226.75,1227.15,6326
1675058100,1227.45,1230.0,1225.8,1225.95,42635
1675058400,1225.95,1226.75,1223.0,1226.0,34937
1675058700,1226.1,1226.2,1223.0,1223.45,21466
1675059000,1223.45,1226.15,1223.35,1225.15,12962
1675059300,1225.15,1225.7,1225.0,1225.05,7653
1675059600,1225.05,1229.7,1225.0,1229.7,21558
1675059900,1229.7,1230.85,1228.6,1229.45,14041
1675060200,1229.55,1229.65,1227.15,1227.35,9064
1675060500,1227.7,1228.9,1227.35,1228.4,11912
1675060800,1228.4,1228.65,1227.05,1227.3,7901
1675061100,1227.25,1227.5,1225.3,1225.5,4770
1675061400,1225.6,1225.6,1223.5,1224.0,9155
1675061700,1224.05,1224.1,1223.0,1223.0,11847
1675062000,1223.0,1223.05,1221.0,1221.0,14817
1675062300,1221.1,1221.95,1221.0,1221.95,8474
1675062600,1221.85,1223.4,1221.5,1222.1,6712
1675062900,1222.25,1223.3,1221.7,1222.15,7470
1675063200,1222.1,1223.65,1221.85,1222.5,5282
1675063500,1222.5,1225.75,1222.5,1223.5,9069
1675063800,1223.95,1224.25,1219.15,1220.6,21448
1675064100,1220.3,1221.4,1217.95,1221.2,32103
1675064400,1221.65,1221.7,1219.0,1220.35,6439
1675064700,1220.3,1224.2,1220.3,1223.4,11940
1675065000,1223.4,1223.75,1221.45,1222.95,14141
1675065300,1223.0,1230.0,1222.6,1229.3,18965
1675065600,1228.75,1228.75,1222.65,1224.15,14981
1675065900,1223.65,1225.2,1223.0,1223.75,4247
1675066200,1223.55,1224.45,1222.7,1224.45,7151
1675066500,1224.4,1225.5,1223.4,1224.25,5203
1675066800,1224.55,1224.55,1222.4,1223.4,9943
1675067100,1222.8,1224.1,1222.5,1224.1,8789
1675067400,1224.0,1227.55,1222.5,1227.1,8524
1675067700,1226.35,1227.05,1225.1,1225.65,4175
1675068000,1225.85,1227.0,1225.15,1227.0,7191
1675068300,1226.4,1227.45,1225.3,1226.35,11502
1675068600,1225.95,1227.15,1225.0,1225.7,12365
1675068900,1225.7,1227.6,1225.0,1225.3,8311
1675069200,1225.1,1228.15,1225.1,1226.95,9891
1675069500,1226.5,1228.2,1225.0,1225.7,11993
1675069800,1225.3,1227.05,1223.1,1224.25,10536
1675070100,1223.85,1224.0,1221.0,1221.8,25257
1675070400,1221.7,1223.95,1220.3,1223.05,17648
1675070700,1222.6,1224.4,1221.05,1223.15,9243
1675071000,1223.15,1235.9,1223.15,1234.7,53179
1675071300,1234.7,1235.05,1230.4,1230.75,43295
1675071600,1231.0,1232.75,1230.75,1232.75,39789
1675071900,1232.5,1233.15,1232.15,1232.9,36287
1675072200,1232.85,1237.65,1232.85,1237.65,67377
1675072500,1237.7,1238.4,1230.0,1236.35,26552
1675136700,1243.7,1243.7,1233.45,1233.45,28166
1675137000,1233.55,1234.55,1222.35,1222.4,30813
1675137300,1223.05,1228.35,1221.0,1227.4,25151
1675137600,1227.35,1227.35,1218.3,1219.25,26767
1675137900,1219.25,1221.05,1218.0,1220.05,17811
1675138200,1220.05,1222.4,1218.65,1219.65,12529
1675138500,1219.65,1221.7,1219.45,1221.7,9406
1675138800,1221.3,1223.0,1220.0,1221.35,10595
1675139100,1221.25,1221.45,1215.6,1218.95,80134
1675139400,1218.95,1219.45,1218.0,1218.25,6772
1675139700,1218.25,1219.9,1218.0,1219.05,9406
1675140000,1219.35,1219.45,1217.95,1219.35,3451
1675140300,1219.35,1220.2,1218.25,1218.5,17316
1675140600,1218.5,1220.0,1218.35,1219.5,5626
1675140900,1219.5,1220.05,1218.0,1220.05,5115
1675141200,1220.05,1221.35,1219.2,1219.35,5598
1675141500,1219.35,1221.15,1219.3,1219.3,13777
1675141800,1219.3,1221.45,1217.65,1220.6,25393
1675142100,1220.65,1223.55,1220.6,1220.8,13690
1675142400,1220.8,1222.45,1219.25,1219.75,81116
1675142700,1219.55,1221.0,1219.3,1219.5,25419
1675143000,1219.5,1220.6,1219.2,1219.2,5249
1675143300,1219.2,1219.5,1217.5,1217.55,4442
1675143600,1217.55,1219.45,1217.55,1219.25,1658
1675143900,1219.25,1220.6,1219.0,1219.35,12519
1675144200,1219.35,1220.55,1219.35,1220.05,5927
1675144500,1220.05,1221.85,1219.1,1219.65,6784
1675144800,1219.6,1221.1,1219.5,1220.5,13420
1675145100,1220.5,1221.65,1219.5,1219.85,10784
1675145400,1219.85,1221.45,1219.6,1220.05,9274
1675145700,1220.05,1222.0,1220.0,1220.1,14200
1675146000,1220.1,1220.15,1218.0,1218.8,8868
1675146300,1218.8,1218.9,1218.3,1218.5,3338
1675146600,1218.5,1218.75,1217.05,1217.55,4614
1675146900,1217.55,1219.0,1217.1,1217.3,5400
1675147200,1217.3,1218.65,1217.0,1217.6,10808
1675147500,1217.6,1218.7,1217.45,1217.9,3514
1675147800,1217.9,1219.45,1217.7,1218.9,6087
1675148100,1219.05,1220.65,1219.05,1220.65,9173
1675148400,1220.65,1221.45,1220.0,1220.6,6343
1675148700,1220.6,1222.7,1220.4,1221.45,11633
1675149000,1221.6,1223.95,1221.15,1223.25,17369
1675149300,1223.25,1224.6,1223.0,1224.4,15291
1675149600,1224.4,1225.25,1224.2,1224.35,27913
1675149900,1224.05,1224.8,1217.6,1217.6,202739
1675150200,1218.0,1218.95,1217.0,1217.65,11124
1675150500,1217.65,1220.4,1215.7,1217.4,34840
1675150800,1217.05,1218.5,1215.6,1217.7,13526
1675151100,1217.9,1220.25,1217.65,1219.55,22889
1675151400,1219.1,1222.2,1219.1,1221.15,17019
1675151700,1221.15,1221.3,1220.0,1220.0,10266
1675152000,1220.0,1220.05,1217.35,1217.9,12669
1675152300,1217.9,1221.0,1217.3,1218.9,33729
1675152600,1218.9,1219.75,1218.0,1219.35,10054
1675152900,1218.65,1220.6,1217.85,1219.6,12634
1675153200,1219.65,1219.7,1218.35,1218.7,10157
1675153500,1218.7,1219.65,1217.9,1218.6,10448
1675153800,1218.6,1219.5,1217.05,1218.1,12981
1675154100,1218.3,1219.35,1214.55,1214.65,15673
1675154400,1214.8,1215.85,1213.2,1214.65,14911
1675154700,1214.4,1214.6,1212.65,1213.2,16496
1675155000,1213.15,1215.25,1212.55,1215.25,17081
1675155300,1215.15,1218.0,1214.9,1217.25,18769
1675155600,1217.25,1218.0,1216.55,1218.0,11638
1675155900,1217.7,1217.75,1215.3,1215.3,11265
1675156200,1215.35,1216.55,1215.1,1216.15,33126
1675156500,1216.15,1217.65,1215.3,1216.05,17745
1675156800,1216.1,1219.25,1216.1,1218.9,15736
1675157100,1218.9,1221.35,1218.8,1221.05,14942
1675157400,1220.95,1221.0,1217.0,1219.4,75767
1675157700,1219.4,1220.8,1218.9,1220.2,92165
1675158000,1220.2,1221.0,1218.7,1220.95,97861
1675158300,1220.95,1220.95,1219.15,1219.45,89163
1675158600,1219.05,1219.5,1218.2,1219.35,79329
1675158900,1219.35,1220.5,1217.75,1220.0,54006
1675223100,1219.55,1225.85,1218.2,1218.5,28224
1675223400,1218.5,1221.75,1218.5,1219.9,23091
1675223700,1219.9,1219.9,1215.6,1217.7,10667
1675224000,1217.7,1218.05,1216.5,1217.95,5261
1675224300,1217.95,1219.85,1216.2,1219.35,6197
1675224600,1219.35,1222.7,1219.0,1222.2,4288
1675224900,1222.2,1222.95,1220.1,1220.55,3201
1675225200,1220.55,1221.75,1219.35,1220.0,6699
1675225500,1220.0,1220.0,1217.95,1218.95,4500
1675225800,1218.95,1222.45,1218.5,1222.35,3749
1675226100,1222.35,1222.35,1220.3,1220.3,4134
1675226400,1220.3,1220.45,1219.0,1220.15,2637
1675226700,1220.3,1220.65,1218.0,1220.5,8659
1675227000,1220.6,1221.45,1220.0,1221.25,7393
1675227300,1221.5,1221.95,1221.0,1221.3,5535
1675227600,1221.2,1222.1,1221.15,1221.95,2562
1675227900,1221.95,1226.8,1221.8,1226.8,16944
1675228200,1226.8,1228.75,1223.1,1223.75,14729
1675228500,1223.75,1225.5,1223.75,1224.95,3678
1675228800,1224.95,1225.1,1223.95,1224.15,8294
1675229100,1224.15,1224.9,1224.15,1224.65,3276
1675229400,1224.65,1226.5,1224.65,1226.0,3846
1675229700,1226.0,1227.05,1225.9,1226.75,3600
1675230000,1226.75,1227.25,1224.5,1225.8,6714
1675230300,1225.8,1226.15,1223.05,1223.05,8440
1675230600,1223.05,1223.1,1221.1,1221.3,11821
1675230900,1221.3,1224.7,1221.3,1224.1,7615
1675231200,1224.1,1226.4,1223.05,1223.05,5507
1675231500,1223.1,1223.75,1222.3,1223.05,16409
1675231800,1223.05,1224.5,1223.05,1223.6,6286
1675232100,1223.6,1225.0,1223.5,1224.55,5528
1675232400,1224.55,1224.55,1223.0,1223.0,3520
1675232700,1223.0,1223.55,1221.05,1221.05,8790
1675233000,1221.05,1221.1,1220.1,1220.1,14230
1675233300,1220.1,1221.25,1220.1,1221.15,5775
1675233600,1221.15,1221.65,1220.1,1220.15,9939
1675233900,1220.4,1222.8,1220.3,1222.15,6485
1675234200,1222.0,1223.45,1220.1,1222.7,14200
1675234500,1222.7,1225.05,1219.55,1221.6,29129
1675234800,1221.6,1225.25,1221.55,1222.7,19946
1675235100,1222.55,1223.0,1153.65,1157.15,233829
1675235400,1157.4,1186.45,1156.05,1176.45,103265
1675235700,1176.15,1184.55,1173.05,1183.85,54238
1675236000,1183.85,1186.45,1179.15,1181.7,126686
1675236300,1181.7,1181.75,1169.95,1170.0,449650
1675236600,1170.0,1181.95,1168.05,1180.0,292685
1675236900,1180.0,1180.0,1149.0,1150.0,546418
1675237200,1150.0,1150.85,1137.0,1139.0,370237
1675237500,1138.95,1146.5,1135.8,1140.1,415238
1675237800,1140.1,1141.4,1133.0,1136.3,358860
1675238100,1136.35,1140.6,1135.05,1139.9,262546
1675238400,1139.85,1145.6,1139.85,1139.85,296154
1675238700,1139.95,1141.85,1133.7,1134.2,223324
1675239000,1134.2,1139.5,1128.0,1128.4,321234
1675239300,1128.4,1130.4,1123.6,1128.5,423116
1675239600,1128.5,1128.95,1117.5,1121.3,252266
1675239900,1121.2,1124.1,1113.95,1118.75,241727
1675240200,1118.75,1119.95,1113.35,1116.15,241791
1675240500,1116.05,1116.85,1111.5,1114.5,86179
1675240800,1114.5,1117.4,1110.05,1114.95,238261
1675241100,1115.0,1120.0,1112.05,1114.8,240418
1675241400,1114.95,1115.0,1105.55,1107.45,101534
1675241700,1107.45,1109.6,1104.3,1105.6,117802
1675242000,1105.85,1106.2,1097.6,1097.6,230292
1675242300,1097.6,1097.6,1097.6,1097.6,50978
1675242600,1097.6,1097.6,1097.6,1097.6,43678
1675242900,1097.6,1097.6,1073.15,1077.9,218327
1675243200,1076.1,1105.8,1068.85,1099.1,245485
1675243500,1099.15,1099.15,1088.85,1092.95,108118
1675243800,1093.15,1109.2,1093.15,1104.9,129031
1675244100,1104.9,1108.5,1103.0,1106.15,136359
1675244400,1106.5,1114.4,1104.3,1112.9,219859
1675244700,1113.0,1113.9,1110.85,1111.4,197321
1675245000,1111.4,1113.35,1108.85,1110.15,268594
1675245300,1110.15,1115.0,1108.65,1114.5,259322
1675309500,1090.2,1137.85,1090.2,1130.8,427772
1675309800,1130.05,1131.1,1110.55,1124.65,384334
1675310100,1124.95,1126.2,1115.45,1123.0,146451
1675310400,1123.0,1132.05,1118.0,1127.8,139829
1675310700,1127.9,1133.5,1126.0,1131.0,249884
1675311000,1131.0,1135.0,1129.4,1132.0,302679
1675311300,1131.9,1133.75,1130.0,1133.75,98466
1675311600,1134.1,1136.4,1130.8,1136.25,128132
1675311900,1136.15,1141.0,1134.0,1140.6,164382
1675312200,1140.6,1155.0,1140.3,1151.15,253463
1675312500,1150.3,1152.35,1134.8,1138.7,261272
1675312800,1138.7,1140.1,1129.9,1131.7,304274
1675313100,1131.9,1139.05,1130.25,1139.05,209802
1675313400,1138.95,1138.95,1133.8,1137.5,53928
1675313700,1137.75,1140.0,1136.35,1136.65,29503
1675314000,1136.8,1138.25,1130.4,1131.0,53940
1675314300,1131.0,1131.9,1130.75,1131.0,41156
1675314600,1131.0,1131.05,1118.8,1119.2,133482
1675314900,1118.85,1120.6,1111.85,1112.0,87522
1675315200,1112.0,1116.0,1107.6,1108.1,144522
1675315500,1108.0,1110.0,1106.0,1108.4,73144
1675315800,1108.9,1110.05,1107.7,1110.05,69064
1675316100,1110.05,1111.3,1106.65,1109.35,59394
1675316400,1109.45,1113.15,1108.25,1109.35,105419
1675316700,1109.2,1109.9,1107.25,1108.0,35203
1675317000,1108.05,1110.0,1103.65,1109.9,85762
1675317300,1109.9,1110.0,1106.3,1107.9,25129
1675317600,1107.9,1110.0,1107.55,1108.45,21641
1675317900,1108.45,1111.0,1108.45,1109.0,33835
1675318200,1109.0,1111.95,1108.75,1111.95,36704
1675318500,1111.95,1114.5,1111.15,1112.65,44838
1675318800,1113.3,1114.65,1111.2,1111.8,35852
1675319100,1111.9,1112.55,1108.35,1109.8,46908
1675319400,1109.8,1111.1,1107.15,1109.75,59699
1675319700,1109.75,1111.0,1109.0,1109.8,148988
1675320000,1109.8,1110.95,1109.05,1109.95,62300
1675320300,1109.9,1110.4,1109.0,1110.0,61191
1675320600,1109.9,1110.15,1108.0,1109.1,59616
1675320900,1109.15,1109.35,1106.2,1108.3,34323
1675321200,1108.3,1110.0,1107.85,1109.95,32933
1675321500,1109.95,1110.3,1106.85,1107.05,444429
1675321800,1107.05,1108.8,1105.7,1108.3,37205
1675322100,1108.35,1110.1,1108.3,1109.95,36429
1675322400,1110.05,1110.15,1109.25,1109.6,44473
1675322700,1109.6,1110.0,1108.6,1108.9,31591
1675323000,1108.95,1109.95,1107.35,1108.0,28554
1675323300,1108.0,1110.0,1108.0,1108.45,100242
1675323600,1108.45,1109.15,1107.0,1107.7,37630
1675323900,1107.65,1107.7,1104.15,1106.65,40101
1675324200,1106.65,1107.0,1102.8,1104.8,56999
1675324500,1104.85,1105.6,1103.75,1104.7,28513
1675324800,1104.7,1104.7,1100.7,1101.0,33803
1675325100,1100.7,1100.95,1099.0,1100.0,56739
1675325400,1100.0,1107.15,1099.95,1106.1,38426
1675325700,1106.15,1108.25,1103.3,1107.55,26684
1675326000,1108.05,1108.1,1102.8,1102.95,36297
1675326300,1103.75,1103.95,1099.0,1100.0,173440
1675326600,1100.0,1100.0,1099.0,1099.2,37042
1675326900,1099.25,1100.0,1094.0,1095.65,79683
1675327200,1095.55,1096.45,1092.05,1094.2,72854
1675327500,1094.5,1100.0,1094.15,1099.1,90094
1675327800,1099.3,1100.45,1092.5,1096.3,105575
1675328100,1096.35,1100.0,1094.1,1095.05,106904
1675328400,1095.45,1095.95,1088.75,1095.1,220161
1675328700,1095.3,1104.0,1095.3,1102.25,87333
1675329000,1102.3,1106.75,1100.45,1101.25,77555
1675329300,1102.05,1105.0,1100.8,1101.0,96149
1675329600,1101.25,1103.3,1100.0,1101.55,169147
1675329900,1101.65,1103.05,1098.5,1099.7,67018
1675330200,1099.85,1101.4,1098.05,1100.6,82413
1675330500,1101.15,1109.0,1101.05,1108.65,112023
1675330800,1108.6,1110.1,1106.25,1109.95,268432
1675331100,1110.0,1110.0,1107.1,1107.1,154083
1675331400,1107.95,1109.85,1107.05,1109.0,254164
1675331700,1109.0,1114.35,1107.05,1110.0,464793
1675395900,1115.0,1145.65,1115.0,1135.5,190111
1675396200,1136.0,1137.0,1128.65,1130.55,124117
1675396500,1131.15,1138.0,1129.5,1138.0,69663
1675396800,1138.0,1138.65,1130.9,1134.55,135150
1675397100,1134.3,1134.45,1127.75,1127.75,117869
1675397400,1127.95,1129.55,1125.85,1129.35,64420
1675397700,1129.3,1131.65,1128.0,1128.45,70175
1675398000,1128.45,1128.5,1125.5,1125.55,40651
1675398300,1125.55,1125.95,1124.0,1124.2,46920
1675398600,1124.2,1124.2,1121.45,1122.0,44101
1675398900,1121.8,1122.15,1120.5,1120.55,25595
1675399200,1120.55,1121.2,1120.0,1120.45,22842
1675399500,1120.35,1127.95,1120.1,1124.55,71451
1675399800,1124.6,1124.7,1121.95,1124.0,133948
1675400100,1124.25,1127.25,1124.0,1127.15,22676
1675400400,1126.85,1127.35,1120.5,1120.75,16867
1675400700,1120.55,1121.7,1120.25,1121.4,66673
1675401000,1121.45,1121.7,1118.0,1120.05,53898
1675401300,1120.0,1121.6,1119.75,1121.35,58908
1675401600,1121.5,1123.25,1121.0,1121.75,27849
1675401900,1121.6,1122.45,1119.95,1119.95,84215
1675402200,1119.95,1120.65,1118.1,1119.6,214582
1675402500,1119.6,1121.0,1118.5,1119.8,221764
1675402800,1119.9,1120.5,1118.0,1119.4,182843
1675403100,1119.35,1123.5,1119.2,1120.05,148333
1675403400,1120.1,1120.1,1118.6,1119.55,16480
1675403700,1119.55,1120.45,1118.25,1119.45,71139
1675404000,1119.35,1119.5,1115.4,1116.65,23044
1675404300,1116.4,1120.25,1115.7,1119.85,17313
1675404600,1119.6,1120.4,1118.9,1120.0,14766
1675404900,1120.05,1123.25,1120.0,1122.85,14057
1675405200,1122.55,1123.2,1121.3,1121.8,18809
1675405500,1122.05,1124.0,1120.0,1122.75,32718
1675405800,1122.8,1123.2,1119.85,1122.45,35601
1675406100,1122.1,1123.25,1121.05,1122.3,12511
1675406400,1122.25,1122.85,1120.0,1121.75,13421
1675406700,1122.05,1123.8,1121.9,1122.4,13143
1675407000,1122.3,1123.6,1121.85,1122.3,16954
1675407300,1122.3,1123.15,1120.85,1122.5,22539
1675407600,1122.55,1123.0,1119.75,1120.85,23086
1675407900,1120.85,1122.6,1119.25,1121.9,16893
1675408200,1121.85,1124.6,1121.15,1122.55,25289
1675408500,1122.55,1124.6,1122.1,1123.15,13357
1675408800,1123.3,1125.8,1123.0,1125.1,55535
1675409100,1125.1,1126.1,1124.6,1125.0,21983
1675409400,1125.0,1126.05,1125.0,1125.2,13735
1675409700,1125.2,1125.7,1124.4,1125.1,18240
1675410000,1125.0,1126.1,1124.6,1126.1,25714
1675410300,1126.1,1129.05,1126.0,1128.15,19710
1675410600,1128.4,1130.8,1127.55,1128.5,50002
1675410900,1128.1,1128.25,1125.1,1128.0,29021
1675411200,1127.95,1130.0,1126.6,1130.0,17738
1675411500,1130.0,1133.55,1129.0,1130.15,70730
1675411800,1130.0,1132.5,1129.2,1130.8,34833
1675412100,1130.75,1131.6,1130.0,1131.45,22041
1675412400,1131.45,1132.0,1130.1,1131.0,22626
1675412700,1131.55,1132.25,1130.05,1132.25,20366
1675413000,1132.2,1133.25,1130.1,1131.05,22998
1675413300,1130.8,1132.8,1130.8,1131.6,25566
1675413600,1131.5,1132.0,1130.65,1131.05,35554
1675413900,1131.0,1135.0,1130.8,1134.9,23251
1675414200,1134.95,1138.4,1134.75,1136.35,23747
1675414500,1136.05,1137.5,1134.5,1134.5,29077
1675414800,1135.0,1136.45,1133.5,1133.75,40148
1675415100,1133.95,1135.25,1133.0,1133.7,20904
1675415400,1133.9,1134.3,1130.25,1130.8,73978
1675415700,1130.9,1132.35,1130.6,1132.05,73092
1675416000,1132.05,1136.05,1132.05,1134.25,43969
1675416300,1134.15,1137.1,1134.15,1136.05,36048
1675416600,1136.0,1139.75,1135.3,1136.25,85821
1675416900,1136.1,1137.6,1136.0,1136.85,78112
1675417200,1137.65,1137.85,1136.15,1137.55,101941
1675417500,1137.55,1141.8,1137.45,1140.9,104713
1675417800,1141.95,1143.1,1140.3,1141.75,77511
1675418100,1141.75,1142.0,1134.0,1137.0,81399
1675655100,1127.2,1134.45,1115.0,1117.05,148309
1675655400,1117.3,1120.65,1115.95,1117.0,87665
1675655700,1116.5,1117.35,1115.95,1116.2,52524
1675656000,1116.9,1118.95,1115.75,1117.75,52851
1675656300,1117.6,1118.05,1115.9,1117.5,32314
1675656600,1117.65,1122.0,1117.5,1118.3,35133
1675656900,1118.3,1119.55,1117.5,1119.4,54257
1675657200,1120.0,1124.0,1118.55,1121.15,50385
1675657500,1121.65,1130.0,1121.65,1129.6,245724
1675657800,1128.65,1141.2,1128.65,1136.15,85749
1675658100,1136.15,1136.25,1134.0,1134.25,70467
1675658400,1134.3,1134.9,1130.1,1130.8,53772
1675658700,1130.6,1131.0,1129.5,1130.1,41158
1675659000,1130.0,1130.05,1129.05,1129.35,22018
1675659300,1129.3,1131.2,1128.2,1130.0,27195
1675659600,1130.0,1130.5,1129.65,1130.0,54335
1675659900,1130.0,1130.05,1126.05,1126.9,30888
1675660200,1126.9,1128.95,1125.0,1126.2,29512
1675660500,1126.2,1126.55,1125.0,1126.2,24005
1675660800,1126.2,1132.8,1126.1,1129.9,34505
1675661100,1129.85,1130.95,1127.85,1130.1,29884
1675661400,1130.0,1132.95,1129.5,1131.85,30103
1675661700,1131.35,1136.65,1130.6,1133.0,26941
1675662000,1132.0,1136.2,1130.5,1134.9,31188
1675662300,1134.25,1138.65,1134.0,1137.55,54598
1675662600,1137.35,1138.5,1136.2,1136.2,17742
1675662900,1136.0,1136.95,1133.8,1134.3,14125
1675663200,1134.3,1138.15,1134.0,1136.0,28423
1675663500,1136.35,1136.65,1135.05,1135.75,21694
1675663800,1135.75,1139.6,1134.55,1136.75,28963
1675664100,1136.75,1138.0,1135.0,1138.0,54775
1675664400,1137.5,1138.1,1134.55,1136.65,44609
1675664700,1136.45,1138.5,1136.15,1137.0,22155
1675665000,1136.9,1137.25,1135.05,1135.1,11753
1675665300,1135.05,1137.0,1134.8,1135.05,30486
1675665600,1136.3,1137.9,1134.8,1135.3,60580
1675665900,1135.5,1137.55,1135.35,1136.25,25939
1675666200,1135.8,1137.25,1135.35,1135.85,91775
1675666500,1135.45,1142.05,1134.9,1138.0,24618
1675666800,1138.6,1139.0,1135.0,1135.0,31251
1675667100,1135.0,1139.5,1135.0,1137.7,26622
1675667400,1137.4,1137.8,1135.65,1135.85,17373
1675667700,1135.35,1138.65,1134.85,1137.05,49470
1675668000,1136.95,1138.15,1136.6,1137.55,70855
1675668300,1136.95,1138.05,1136.6,1137.0,17576
1675668600,1137.0,1138.3,1133.45,1135.8,36314
1675668900,1135.75,1136.8,1135.55,1136.05,53416
1675669200,1136.0,1137.55,1135.25,1137.3,40313
1675669500,1137.25,1138.75,1137.05,1138.0,12550
1675669800,1138.05,1138.65,1135.5,1136.0,26908
1675670100,1135.95,1138.0,1135.9,1136.1,20905
1675670400,1136.05,1136.85,1135.9,1136.05,22912
1675670700,1136.0,1138.7,1135.7,1136.25,39208
1675671000,1136.4,1137.9,1135.1,1135.1,23051
1675671300,1135.05,1135.95,1133.1,1134.0,16391
1675671600,1133.95,1134.5,1132.7,1133.2,22005
1675671900,1133.15,1135.7,1133.1,1134.35,14524
1675672200,1134.35,1136.95,1134.35,1135.6,12356
1675672500,1135.6,1136.3,1132.8,1134.0,14835
1675672800,1133.95,1134.5,1132.75,1133.5,25343
1675673100,1133.4,1134.65,1132.8,1134.55,16601
1675673400,1134.35,1134.8,1132.9,1134.05,12769
1675673700,1134.0,1135.75,1133.3,1135.6,12214
1675674000,1135.55,1136.75,1134.0,1134.45,17699
1675674300,1134.4,1137.15,1134.4,1136.05,15944
1675674600,1136.0,1136.55,1135.2,1136.1,17207
1675674900,1136.0,1138.0,1136.0,1136.65,26364
1675675200,1136.55,1137.9,1135.4,1136.5,22208
1675675500,1136.25,1137.8,1135.55,1137.1,29953
1675675800,1136.9,1139.25,1134.75,1136.15,50501
1675676100,1135.85,1138.2,1135.3,1136.2,54694
1675676400,1138.3,1139.15,1135.45,1136.25,47179
1675676700,1136.15,1140.4,1136.15,1139.7,33009
1675677000,1139.7,1143.3,1139.7,1142.65,39708
1675677300,1142.75,1146.85,1137.25,1142.45,34671
1675741500,1143.0,1143.0,1130.0,1141.85,57310
1675741800,1142.05,1142.75,1136.2,1136.7,25853
1675742100,1136.7,1137.85,1132.65,1135.5,35502
1675742400,1135.5,1137.8,1133.9,1135.35,14979
1675742700,1135.35,1137.25,1133.75,1137.1,17533
1675743000,1137.0,1137.95,1134.0,1136.6,21796
1675743300,1136.15,1136.25,1133.65,1134.3,13826
1675743600,1134.3,1135.1,1134.0,1134.0,9302
1675743900,1134.25,1135.5,1134.1,1135.0,9158
1675744200,1134.95,1135.6,1134.15,1134.65,9356
1675744500,1134.55,1135.0,1133.0,1134.1,14986
1675744800,1134.1,1136.05,1134.1,1135.35,9752
1675745100,1135.35,1137.6,1135.0,1135.6,12870
1675745400,1135.05,1138.8,1135.0,1138.75,15512
1675745700,1138.7,1138.7,1137.45,1138.35,16742
1675746000,1138.35,1138.5,1138.0,1138.0,13739
1675746300,1138.1,1141.95,1137.8,1140.35,16156
1675746600,1140.2,1140.5,1139.0,1139.5,18516
1675746900,1139.5,1142.25,1139.4,1141.85,9417
1675747200,1141.6,1143.75,1140.3,1140.4,10979
1675747500,1140.35,1144.8,1140.2,1144.8,17952
1675747800,1144.9,1147.85,1144.2,1145.6,31500
1675748100,1145.45,1147.2,1145.0,1145.0,15345
1675748400,1145.5,1146.2,1142.1,1142.95,18793
1675748700,1143.2,1147.2,1142.5,1142.75,8814
1675749000,1142.65,1142.7,1136.4,1136.85,12094
1675749300,1136.85,1139.8,1136.45,1137.9,13777
1675749600,1137.85,1139.55,1137.65,1138.55,6776
1675749900,1138.35,1139.85,1136.55,1137.4,8417
1675750200,1137.1,1137.55,1135.7,1136.3,8728
1675750500,1136.3,1137.7,1136.1,1137.6,8043
1675750800,1137.1,1137.85,1136.0,1136.45,8310
1675751100,1136.25,1136.85,1135.9,1135.9,8837
1675751400,1136.15,1137.25,1135.85,1136.45,9509
1675751700,1136.4,1137.3,1136.0,1136.5,9369
1675752000,1136.35,1137.25,1136.0,1136.65,39400
1675752300,1136.65,1141.45,1136.3,1137.5,50776
1675752600,1137.55,1137.75,1135.0,1135.25,14597
1675752900,1136.1,1136.1,1135.0,1135.2,11988
1675753200,1135.1,1135.95,1135.0,1135.5,20268
1675753500,1135.8,1135.95,1135.0,1135.65,11496
1675753800,1135.3,1135.55,1135.0,1135.0,14387
1675754100,1135.0,1135.3,1132.45,1133.4,14994
1675754400,1133.0,1135.0,1131.1,1132.7,24097
1675754700,1132.75,1132.9,1129.5,1131.05,25508
1675755000,1130.4,1130.95,1129.4,1130.35,18057
1675755300,1130.25,1130.85,1129.95,1130.0,16473
1675755600,1130.0,1131.0,1130.0,1130.0,17090
1675755900,1130.35,1131.1,1127.8,1128.65,18392
1675756200,1128.65,1129.35,1127.9,1128.6,10886
1675756500,1128.5,1129.35,1127.95,1128.7,13388
1675756800,1128.7,1132.2,1128.4,1132.0,131055
1675757100,1131.5,1132.5,1130.15,1131.8,26376
1675757400,1131.8,1133.55,1129.8,1131.6,32693
1675757700,1131.6,1132.6,1131.0,1131.4,22099
1675758000,1131.4,1132.3,1127.8,1128.25,15727
1675758300,1128.15,1128.15,1124.45,1124.65,18166
1675758600,1124.65,1127.35,1124.65,1126.9,13564
1675758900,1126.9,1128.7,1125.4,1126.9,16933
1675759200,1126.75,1128.6,1126.25,1126.95,13582
1675759500,1126.85,1128.1,1125.9,1127.05,14062
1675759800,1127.1,1128.4,1127.05,1128.05,16037
1675760100,1128.2,1131.2,1127.15,1130.1,16580
1675760400,1130.05,1130.9,1127.8,1130.2,21963
1675760700,1130.15,1131.3,1129.7,1130.05,22549
1675761000,1130.05,1131.1,1129.4,1130.1,26801
1675761300,1130.1,1130.25,1127.45,1128.4,20596
1675761600,1128.4,1129.0,1127.2,1128.85,48731
1675761900,1128.45,1131.4,1128.45,1130.25,21845
1675762200,1130.45,1132.0,1128.8,1129.6,42562
1675762500,1129.6,1130.75,1129.35,1129.95,36380
1675762800,1130.35,1133.75,1130.1,1133.5,93247
1675763100,1133.4,1133.8,1130.95,1132.2,56189
1675763400,1132.35,1134.2,1130.4,1131.95,72025
1675763700,1131.95,1135.0,1130.05,1135.0,80316
1675827900,1140.0,1157.35,1135.15,1151.55,204560
1675828200,1151.65,1151.65,1146.55,1150.55,76465
1675828500,1150.85,1150.85,1147.0,1149.1,37986
1675828800,1149.1,1151.4,1146.0,1151.0,79900
1675829100,1151.0,1152.75,1148.65,1150.0,162923
1675829400,1150.1,1151.0,1149.6,1150.5,12836
1675829700,1150.05,1150.6,1148.6,1150.05,38478
1675830000,1150.15,1150.5,1148.3,1149.85,35373
1675830300,1149.75,1151.55,1149.0,1150.6,131087
1675830600,1150.6,1156.35,1149.65,1155.5,26341
1675830900,1155.35,1162.7,1155.1,1158.4,71061
1675831200,1158.45,1161.8,1152.3,1161.35,49203
1675831500,1161.0,1161.5,1157.35,1160.15,47335
1675831800,1160.1,1164.0,1160.1,1164.0,89446
1675832100,1164.0,1166.0,1163.55,1165.8,75308
1675832400,1165.8,1167.85,1162.8,1164.3,53423
1675832700,1164.3,1166.9,1164.1,1165.9,40001
1675833000,1165.75,1166.4,1158.9,1159.8,38231
1675833300,1159.9,1160.65,1152.2,1153.0,56860
1675833600,1153.0,1154.65,1151.0,1153.25,21560
1675833900,1153.25,1154.5,1153.0,1154.1,16911
1675834200,1154.05,1156.95,1153.75,1155.05,23716
1675834500,1155.05,1157.15,1154.65,1156.85,68730
1675834800,1156.85,1157.4,1154.35,1156.2,89981
1675835100,1155.95,1157.6,1155.5,1156.2,39369
1675835400,1156.2,1159.95,1156.2,1159.95,44082
1675835700,1159.95,1164.05,1159.95,1163.0,54533
1675836000,1163.05,1165.55,1162.4,1162.4,43530
1675836300,1162.55,1162.85,1158.7,1159.2,34955
1675836600,1159.1,1159.7,1156.5,1158.05,20836
1675836900,1158.05,1160.2,1157.6,1160.2,15625
1675837200,1159.95,1163.1,1159.15,1161.35,19604
1675837500,1161.35,1163.15,1161.25,1161.3,28727
1675837800,1161.15,1163.75,1160.1,1163.75,19198
1675838100,1163.75,1167.35,1163.1,1163.6,33136
1675838400,1163.7,1165.0,1162.0,1164.65,125261
1675838700,1164.7,1166.65,1164.3,1165.8,20629
1675839000,1165.85,1166.1,1162.15,1164.05,20863
1675839300,1164.1,1165.0,1163.25,1164.9,14531
1675839600,1164.95,1166.05,1163.1,1164.7,35384
1675839900,1164.35,1164.85,1162.05,1162.05,18177
1675840200,1162.15,1164.2,1160.4,1162.4,23358
1675840500,1162.45,1162.95,1160.5,1160.6,15513
1675840800,1160.55,1163.4,1159.45,1162.4,21705
1675841100,1162.3,1163.2,1161.05,1162.8,13633
1675841400,1163.2,1164.95,1162.5,1163.65,30332
1675841700,1163.65,1164.0,1160.4,1162.35,19420
1675842000,1162.35,1163.85,1162.0,1163.75,13456
1675842300,1163.5,1164.65,1162.2,1163.0,13995
1675842600,1163.0,1164.9,1163.0,1164.45,19112
1675842900,1164.45,1166.35,1164.0,1165.8,23880
1675843200,1165.8,1166.9,1165.3,1165.95,23059
1675843500,1166.35,1166.4,1161.65,1161.7,48598
1675843800,1161.8,1166.1,1161.8,1166.0,21800
1675844100,1165.8,1165.8,1164.05,1165.55,15347
1675844400,1165.55,1167.0,1164.8,1166.85,40811
1675844700,1166.7,1172.0,1163.0,1164.0,83106
1675845000,1163.6,1164.1,1159.25,1162.0,72946
1675845300,1161.9,1162.95,1160.0,1161.8,29288
1675845600,1161.75,1163.75,1160.2,1163.4,23325
1675845900,1163.1,1165.05,1163.1,1164.75,20545
1675846200,1165.05,1165.05,1161.85,1163.65,26711
1675846500,1163.7,1164.4,1162.15,1163.55,26933
1675846800,1163.35,1165.1,1162.4,1165.1,26521
1675847100,1165.0,1166.2,1163.6,1164.05,34628
1675847400,1164.0,1165.45,1163.85,1165.1,31211
1675847700,1165.05,1167.15,1164.25,1165.95,33924
1675848000,1165.95,1166.35,1164.0,1165.2,31138
1675848300,1165.2,1166.85,1164.15,1166.65,32290
1675848600,1166.65,1166.65,1164.0,1164.65,64875
1675848900,1164.3,1164.9,1163.9,1163.95,49070
1675849200,1163.7,1165.5,1163.5,1164.55,64393
1675849500,1164.25,1166.8,1164.0,1166.1,52801
1675849800,1165.85,1166.4,1164.0,1164.85,51879
1675850100,1164.95,1167.75,1163.0,1164.2,28185
1675914300,1170.6,1176.0,1162.75,1170.9,156866
1675914600,1170.9,1176.9,1169.95,1175.3,91816
1675914900,1175.3,1176.2,1171.6,1175.5,82802
1675915200,1175.5,1176.95,1171.45,1176.95,56787
1675915500,1176.45,1176.9,1172.8,1173.7,47565
1675915800,1172.9,1173.6,1171.0,1171.75,38839
1675916100,1171.4,1171.95,1169.0,1171.25,47224
1675916400,1171.25,1172.7,1170.0,1170.05,34272
1675916700,1170.05,1173.85,1170.0,1173.0,101956
1675917000,1172.5,1174.8,1172.5,1172.6,28349
1675917300,1172.6,1172.75,1169.75,1172.2,18276
1675917600,1172.3,1173.0,1172.25,1172.5,32970
1675917900,1172.8,1172.8,1167.75,1169.9,19941
1675918200,1169.0,1170.55,1167.55,1170.0,12845
1675918500,1169.95,1171.95,1169.9,1171.75,15873
1675918800,1171.75,1172.95,1171.65,1172.5,13336
1675919100,1172.5,1173.0,1168.6,1168.6,44053
1675919400,1168.6,1170.5,1167.0,1168.05,31891
1675919700,1168.05,1168.85,1166.7,1168.25,19924
1675920000,1168.5,1171.75,1168.0,1170.9,24558
1675920300,1170.85,1174.15,1170.8,1173.4,28698
1675920600,1173.35,1173.4,1173.25,1173.3,7350
1675920900,1173.05,1175.85,1171.15,1174.4,52875
1675921200,1174.4,1177.8,1174.25,1175.1,22391
1675921500,1175.1,1177.75,1175.05,1176.1,21826
1675921800,1176.1,1177.2,1175.25,1176.1,18772
1675922100,1176.1,1177.8,1175.8,1177.4,15842
1675922400,1177.4,1178.1,1175.75,1176.95,13639
1675922700,1176.95,1176.95,1176.0,1176.4,7389
1675923000,1176.4,1177.0,1176.0,1177.0,15156
1675923300,1177.0,1182.3,1176.65,1180.65,36027
1675923600,1180.15,1181.0,1179.0,1179.7,19131
1675923900,1179.7,1181.4,1179.35,1180.65,12918
1675924200,1181.05,1181.8,1180.75,1181.4,12077
1675924500,1181.8,1181.95,1179.1,1179.45,24236
1675924800,1179.45,1180.0,1179.15,1179.55,11348
1675925100,1179.55,1179.55,1177.0,1177.7,20789
1675925400,1177.7,1180.7,1175.4,1180.65,21436
1675925700,1180.65,1180.65,1177.25,1178.2,127213
1675926000,1178.2,1178.2,1176.0,1176.2,9301
1675926300,1176.2,1177.55,1176.05,1177.25,11948
1675926600,1177.55,1180.0,1177.3,1179.1,16160
1675926900,1179.1,1179.1,1178.95,1178.95,5573
1675927200,1179.0,1179.95,1177.1,1178.8,12841
1675927500,1178.8,1179.95,1178.65,1178.8,11811
1675927800,1178.85,1178.85,1178.65,1178.7,5003
1675928100,1178.65,1178.7,1177.85,1177.9,13922
1675928400,1177.9,1177.9,1175.0,1175.9,19912
1675928700,1175.9,1175.9,1174.6,1175.05,7247
1675929000,1175.05,1175.05,1173.7,1174.0,13600
1675929300,1174.0,1176.45,1173.95,1175.7,9712
1675929600,1175.7,1178.55,1175.6,1178.05,13250
1675929900,1178.05,1178.05,1177.25,1177.3,8168
1675930200,1177.3,1177.6,1175.8,1177.05,15390
1675930500,1177.1,1177.55,1176.55,1176.75,10963
1675930800,1176.75,1177.0,1176.5,1176.55,10868
1675931100,1176.55,1176.75,1174.7,1176.45,16324
1675931400,1176.45,1179.7,1176.3,1179.7,23383
1675931700,1179.7,1180.0,1178.65,1179.85,26310
1675932000,1179.85,1181.9,1179.3,1179.75,28080
1675932300,1179.75,1182.4,1179.1,1179.75,39370
1675932600,1179.75,1181.7,1179.15,1181.7,21182
1675932900,1181.7,1182.0,1180.3,1181.35,28130
1675933200,1181.35,1182.0,1181.0,1181.75,19509
1675933500,1181.8,1185.0,1179.25,1179.35,48481
1675933800,1179.3,1181.9,1179.3,1181.9,14932
1675934100,1181.9,1182.6,1180.3,1180.8,27015
1675934400,1180.75,1181.65,1180.45,1180.9,19983
1675934700,1180.9,1182.0,1180.85,1181.4,18614
1675935000,1181.7,1182.4,1178.05,1179.1,49720
1675935300,1179.8,1179.85,1177.8,1179.85,36796
1675935600,1179.3,1181.25,1179.3,1180.85,40232
1675935900,1180.85,1181.4,1180.0,1180.75,47120
1675936200,1180.75,1182.7,1179.8,1181.8,46071
1675936500,1182.0,1182.6,1177.6,1182.0,28328
1676000700,1179.85,1179.85,1170.25,1177.2,34786
1676001000,1177.2,1181.7,1169.1,1174.3,31165
1676001300,1174.05,1174.05,1171.55,1173.0,10386
1676001600,1172.95,1173.0,1169.25,1169.4,10048
1676001900,1169.35,1170.35,1167.1,1167.25,11905
1676002200,1167.15,1176.85,1167.05,1175.8,19452
1676002500,1175.8,1176.9,1174.2,1174.35,11954
1676002800,1174.35,1176.55,1174.0,1174.9,15082
1676003100,1174.95,1175.35,1173.1,1174.65,6097
1676003400,1174.6,1175.4,1173.75,1174.7,4587
1676003700,1174.7,1174.9,1172.1,1173.15,8887
1676004000,1173.3,1177.9,1172.35,1177.0,82185
1676004300,1177.0,1179.0,1176.15,1178.15,51502
1676004600,1178.15,1178.85,1177.75,1177.95,12862
1676004900,1178.5,1181.5,1176.45,1180.9,55269
1676005200,1180.9,1181.4,1180.0,1180.85,21854
1676005500,1180.8,1183.7,1180.8,1183.05,50298
1676005800,1183.0,1184.05,1183.0,1183.05,25677
1676006100,1183.0,1184.45,1183.0,1183.15,50917
1676006400,1183.15,1184.1,1183.0,1183.1,11436
1676006700,1183.05,1183.7,1181.05,1183.05,152829
1676007000,1183.05,1183.3,1183.0,1183.05,39075
1676007300,1183.0,1184.9,1183.0,1184.85,18854
1676007600,1184.85,1184.9,1183.0,1183.1,7200
1676007900,1183.1,1183.1,1183.0,1183.0,12123
1676008200,1183.05,1183.85,1183.0,1183.55,12631
1676008500,1183.55,1183.55,1183.0,1183.05,6906
1676008800,1183.05,1183.65,1181.0,1181.0,24831
1676009100,1181.0,1181.4,1181.0,1181.1,51575
1676009400,1181.1,1182.0,1179.1,1180.0,26883
1676009700,1180.15,1180.15,1177.6,1177.9,16061
1676010000,1177.9,1178.5,1177.45,1178.0,6266
1676010300,1178.0,1179.0,1177.8,1177.95,79843
1676010600,1178.0,1178.75,1177.9,1178.05,4247
1676010900,1178.0,1178.05,1177.15,1177.45,6065
1676011200,1177.45,1177.45,1175.7,1176.85,8667
1676011500,1176.9,1177.0,1175.9,1176.1,4032
1676011800,1176.1,1176.95,1176.0,1176.4,5945
1676012100,1176.4,1177.75,1176.1,1176.25,7014
1676012400,1176.25,1177.4,1175.9,1177.0,6622
1676012700,1177.0,1177.2,1177.0,1177.1,3609
1676013000,1177.05,1177.75,1176.7,1177.5,179852
1676013300,1177.5,1179.4,1177.25,1178.55,10458
1676013600,1178.55,1178.85,1177.95,1178.55,4403
1676013900,1178.5,1179.0,1178.05,1178.65,9270
1676014200,1178.65,1178.9,1178.45,1178.55,4599
1676014500,1178.55,1180.65,1178.45,1180.05,7460
1676014800,1180.0,1181.0,1179.55,1181.0,9270
1676015100,1181.0,1181.0,1180.0,1180.05,3026
1676015400,1180.05,1180.6,1179.9,1180.0,6118
1676015700,1180.05,1180.45,1179.8,1180.0,7777
1676016000,1180.0,1180.6,1179.8,1180.05,9779
1676016300,1180.0,1180.6,1179.95,1180.4,6238
1676016600,1180.4,1181.85,1180.0,1181.15,8161
1676016900,1181.05,1182.4,1180.65,1180.8,4731
1676017200,1180.8,1182.05,1180.65,1181.35,5285
1676017500,1181.35,1184.0,1181.15,1183.5,10069
1676017800,1183.5,1184.9,1183.35,1184.5,9648
1676018100,1184.5,1184.8,1183.95,1184.0,7099
1676018400,1183.95,1184.55,1183.6,1184.0,15561
1676018700,1184.0,1186.2,1183.2,1185.05,11868
1676019000,1185.0,1185.05,1183.8,1184.0,10542
1676019300,1184.0,1185.4,1184.0,1184.5,9511
1676019600,1183.95,1185.1,1183.4,1183.4,11492
1676019900,1183.4,1185.2,1182.8,1185.15,10607
1676020200,1185.2,1185.5,1183.15,1183.7,15384
1676020500,1183.7,1184.4,1179.95,1180.8,18888
1676020800,1180.8,1182.2,1180.5,1181.5,12167
1676021100,1181.2,1181.2,1178.9,1179.9,15616
1676021400,1179.95,1183.8,1179.95,1183.45,33011
1676021700,1183.9,1184.85,1183.05,1184.5,35081
1676022000,1184.8,1186.5,1183.8,1183.95,30649
1676022300,1183.95,1186.4,1183.75,1185.35,28940
1676022600,1184.75,1186.2,1183.4,1184.7,39981
1676022900,1184.7,1187.5,1181.75,1181.85,23738
1676259900,1180.2,1183.95,1174.5,1181.95,20964
1676260200,1181.95,1184.8,1180.4,1184.8,8518
1676260500,1184.8,1187.95,1181.95,1183.55,14737
1676260800,1183.9,1183.9,1175.0,1175.05,18237
1676261100,1175.05,1178.0,1174.0,1176.0,9178
1676261400,1176.0,1177.6,1173.05,1175.3,17159
1676261700,1175.3,1175.95,1173.9,1175.05,10776
1676262000,1175.05,1175.45,1174.4,1175.15,3680
1676262300,1175.15,1175.7,1174.1,1175.0,4281
1676262600,1175.0,1175.9,1174.4,1175.0,10122
1676262900,1175.2,1175.85,1174.55,1175.1,2873
1676263200,1175.1,1175.45,1174.3,1175.2,4954
1676263500,1175.15,1176.05,1174.7,1176.05,5899
1676263800,1176.05,1176.85,1174.25,1175.05,8223
1676264100,1175.05,1175.55,1174.0,1175.0,5884
1676264400,1175.0,1175.35,1174.4,1175.15,4161
1676264700,1175.15,1175.35,1174.6,1175.35,3387
1676265000,1175.35,1175.4,1174.85,1175.2,3426
1676265300,1175.2,1177.8,1175.0,1177.45,7604
1676265600,1177.45,1177.95,1175.9,1176.85,5449
1676265900,1176.85,1177.9,1175.05,1177.8,19321
1676266200,1177.8,1177.8,1175.5,1176.1,3782
1676266500,1176.1,1176.8,1175.25,1176.75,2016
1676266800,1176.75,1181.15,1176.35,1179.55,8441
1676267100,1179.55,1182.45,1179.5,1180.55,6075
1676267400,1180.6,1180.95,1179.7,1179.8,3155
1676267700,1179.8,1180.7,1177.1,1178.1,5867
1676268000,1178.1,1178.6,1175.05,1176.6,16400
1676268300,1176.6,1177.3,1174.65,1175.1,4636
1676268600,1175.1,1175.8,1174.55,1175.0,3892
1676268900,1175.0,1176.5,1174.6,1175.9,2198
1676269200,1176.3,1176.35,1174.8,1175.0,4972
1676269500,1175.0,1176.3,1175.0,1175.75,2461
1676269800,1175.75,1175.75,1173.7,1174.4,4260
1676270100,1174.9,1174.9,1173.7,1174.15,4423
1676270400,1174.15,1176.5,1174.15,1175.0,11049
1676270700,1175.0,1175.75,1174.6,1175.05,3665
1676271000,1175.05,1176.4,1174.55,1175.3,8302
1676271300,1175.3,1176.2,1175.1,1175.35,2745
1676271600,1175.7,1175.7,1174.95,1175.35,3234
1676271900,1175.65,1175.65,1174.75,1175.0,3158
1676272200,1175.0,1177.15,1174.75,1176.9,8270
1676272500,1176.9,1177.0,1175.0,1175.45,6056
1676272800,1176.0,1176.25,1174.55,1175.6,4556
1676273100,1175.6,1176.7,1175.6,1176.2,3566
1676273400,1176.5,1176.5,1174.6,1175.6,5402
1676273700,1175.0,1176.1,1174.75,1175.45,3121
1676274000,1175.2,1176.9,1174.75,1176.9,2986
1676274300,1176.9,1177.0,1174.6,1175.0,7002
1676274600,1174.75,1175.95,1174.7,1175.0,5164
1676274900,1175.0,1175.75,1174.55,1175.35,4304
1676275200,1175.35,1175.9,1174.2,1175.2,13424
1676275500,1175.2,1175.2,1174.7,1175.1,6752
1676275800,1175.1,1175.1,1174.75,1175.0,5057
1676276100,1175.05,1175.75,1174.85,1175.0,3745
1676276400,1175.0,1175.55,1174.8,1175.0,3439
1676276700,1175.0,1175.65,1174.85,1175.35,3411
1676277000,1175.45,1176.75,1174.55,1175.0,14593
1676277300,1175.0,1176.65,1174.85,1175.0,14730
1676277600,1175.0,1176.1,1174.05,1174.8,9781
1676277900,1175.0,1175.55,1174.55,1175.0,10154
1676278200,1175.0,1180.4,1174.95,1179.2,31997
1676278500,1179.5,1180.7,1178.75,1178.75,10490
1676278800,1178.7,1180.85,1177.45,1180.4,5468
1676279100,1180.4,1181.2,1178.55,1179.55,6868
1676279400,1179.55,1181.25,1179.0,1181.25,12782
1676279700,1181.25,1182.4,1180.65,1181.75,12387
1676280000,1181.75,1183.3,1181.2,1183.0,14798
1676280300,1183.0,1184.85,1181.55,1182.25,44425
1676280600,1182.3,1182.8,1178.95,1180.0,55130
1676280900,1180.0,1180.15,1178.55,1179.95,39968
1676281200,1179.95,1179.95,1176.25,1177.85,47683
1676281500,1177.85,1179.45,1177.7,1179.2,36004
1676281800,1179.2,1179.2,1176.2,1176.3,40453
1676282100,1176.35,1182.0,1175.0,1178.55,24459
1676346300,1178.0,1181.45,1166.05,1166.35,33115
1676346600,1166.55,1174.95,1164.55,1174.9,31443
1676346900,1174.9,1175.95,1173.05,1174.35,16489
1676347200,1174.35,1175.0,1172.55,1174.0,8344
1676347500,1174.0,1175.0,1169.0,1169.05,11937
1676347800,1169.05,1169.75,1166.05,1166.8,13603
1676348100,1166.8,1169.25,1166.1,1169.25,11550
1676348400,1169.25,1169.45,1166.0,1166.95,9561
1676348700,1166.75,1168.2,1164.2,1164.85,10948
1676349000,1164.4,1165.95,1163.0,1165.45,10876
1676349300,1165.45,1165.45,1163.55,1164.95,7992
1676349600,1164.95,1164.95,1160.6,1160.95,14086
1676349900,1160.95,1162.5,1160.85,1161.85,9731
1676350200,1161.85,1163.8,1160.95,1161.85,10733
1676350500,1161.85,1164.95,1161.65,1164.3,9551
1676350800,1164.6,1166.25,1164.3,1165.9,7410
1676351100,1165.9,1169.95,1162.1,1162.1,16399
1676351400,1162.1,1163.15,1158.5,1158.6,25762
1676351700,1159.05,1159.05,1155.1,1156.25,27090
1676352000,1156.25,1157.75,1155.15,1157.2,10924
1676352300,1157.2,1157.2,1155.5,1155.85,10138
1676352600,1156.15,1161.2,1156.05,1160.55,12349
1676352900,1160.55,1161.45,1159.75,1159.9,8906
1676353200,1159.9,1160.75,1159.5,1159.85,3847
1676353500,1159.85,1160.0,1158.4,1160.0,7129
1676353800,1160.0,1165.95,1159.95,1165.75,12445
1676354100,1165.65,1165.75,1160.55,1160.55,7943
1676354400,1160.55,1162.6,1160.4,1161.0,2659
1676354700,1161.0,1161.15,1159.0,1159.5,6877
1676355000,1159.5,1161.0,1159.15,1160.5,3708
1676355300,1160.5,1161.65,1160.05,1160.9,33403
1676355600,1160.9,1166.5,1160.9,1166.5,25652
1676355900,1166.5,1170.0,1166.5,1167.15,32468
1676356200,1167.0,1167.0,1164.5,1165.2,12053
1676356500,1165.2,1167.0,1164.5,1164.8,9404
1676356800,1164.65,1166.7,1164.2,1165.0,9988
1676357100,1165.0,1166.2,1164.7,1165.65,11017
1676357400,1165.65,1165.65,1164.2,1165.0,5801
1676357700,1165.0,1165.5,1164.1,1164.7,13071
1676358000,1164.7,1165.15,1164.25,1165.0,5104
1676358300,1164.95,1166.4,1164.75,1166.4,7061
1676358600,1166.55,1166.95,1165.15,1166.1,11934
1676358900,1166.1,1166.5,1165.7,1166.0,7568
1676359200,1166.0,1168.0,1165.7,1166.95,8495
1676359500,1166.95,1167.9,1166.55,1167.15,11263
1676359800,1167.15,1169.8,1167.1,1168.75,34754
1676360100,1168.75,1168.75,1167.0,1167.05,11149
1676360400,1167.0,1167.05,1165.1,1165.25,9609
1676360700,1165.45,1166.25,1164.4,1166.2,7334
1676361000,1166.2,1166.5,1165.45,1166.15,7817
1676361300,1166.15,1166.5,1165.45,1165.75,9519
1676361600,1165.75,1166.35,1164.7,1165.5,9255
1676361900,1165.5,1166.0,1164.95,1165.4,6544
1676362200,1165.4,1165.65,1165.0,1165.0,7446
1676362500,1165.1,1165.8,1164.35,1165.1,7901
1676362800,1165.1,1168.65,1165.05,1167.5,14698
1676363100,1166.55,1167.65,1166.55,1166.85,11056
1676363400,1166.85,1167.45,1164.55,1165.0,10410
1676363700,1165.0,1165.75,1164.5,1165.0,6314
1676364000,1165.0,1165.6,1163.9,1164.25,12400
1676364300,1164.25,1166.0,1164.25,1165.1,14195
1676364600,1165.1,1165.9,1164.5,1164.95,8439
1676364900,1164.95,1164.95,1164.9,1164.95,6610
1676365200,1164.9,1165.5,1164.8,1164.95,15832
1676365500,1164.85,1166.2,1164.65,1165.0,11886
1676365800,1165.0,1165.45,1164.5,1165.0,10005
1676366100,1164.95,1165.05,1164.55,1164.75,14169
1676366400,1164.75,1165.7,1164.25,1164.7,11116
1676366700,1164.7,1166.0,1164.6,1165.35,10666
1676367000,1165.65,1165.65,1162.7,1163.0,28245
1676367300,1163.0,1163.65,1161.1,1162.15,30368
1676367600,1162.15,1162.5,1160.6,1160.85,16696
1676367900,1160.85,1162.05,1160.85,1161.8,19205
1676368200,1161.8,1161.8,1159.75,1160.55,27052
1676368500,1160.55,1161.95,1158.85,1160.9,21234
1676432700,1160.9,1165.0,1157.05,1164.25,16189
1676433000,1164.25,1167.65,1156.15,1156.25,46070
1676433300,1156.25,1157.05,1153.5,1154.1,13493
1676433600,1154.1,1154.3,1150.05,1153.65,27726
1676433900,1153.6,1158.8,1153.6,1155.45,36418
1676434200,1155.5,1155.85,1151.45,1152.0,18386
1676434500,1152.0,1152.9,1151.0,1152.4,8067
1676434800,1152.4,1153.9,1150.5,1150.5,10200
1676435100,1151.0,1152.4,1150.3,1150.3,6100
1676435400,1150.3,1152.1,1150.0,1151.3,6867
1676435700,1151.3,1154.7,1151.3,1152.05,11237
1676436000,1152.15,1152.95,1151.6,1152.7,3233
1676436300,1152.3,1155.2,1152.3,1154.1,9481
1676436600,1154.2,1155.2,1152.65,1152.7,5417
1676436900,1153.25,1153.25,1152.5,1152.55,4041
1676437200,1152.55,1158.0,1152.55,1158.0,35364
1676437500,1158.25,1159.4,1157.0,1159.4,27190
1676437800,1159.45,1159.6,1156.65,1157.65,11958
1676438100,1157.65,1159.95,1157.15,1157.8,6635
1676438400,1157.8,1159.0,1157.8,1158.45,2453
1676438700,1158.45,1161.5,1158.25,1160.65,120372
1676439000,1160.85,1161.25,1159.6,1160.15,2433
1676439300,1160.15,1160.95,1158.85,1160.15,6919
1676439600,1160.3,1166.8,1160.3,1161.35,20981
1676439900,1161.35,1164.1,1161.3,1164.1,13022
1676440200,1164.1,1165.0,1163.35,1164.45,6312
1676440500,1164.2,1164.45,1161.5,1162.2,7249
1676440800,1162.2,1163.0,1161.25,1161.9,14586
1676441100,1161.9,1163.0,1161.45,1161.6,3594
1676441400,1161.65,1164.75,1161.65,1164.15,16321
1676441700,1164.15,1164.7,1162.35,1162.55,9163
1676442000,1162.5,1163.95,1162.5,1162.65,4566
1676442300,1162.65,1163.5,1161.2,1161.2,9132
1676442600,1161.2,1161.75,1160.1,1160.1,14333
1676442900,1160.1,1162.3,1160.0,1161.55,5585
1676443200,1161.55,1163.0,1161.5,1162.3,15152
1676443500,1162.3,1163.45,1160.8,1161.75,4995
1676443800,1161.75,1164.4,1161.75,1163.75,5356
1676444100,1163.75,1165.9,1163.1,1164.15,8618
1676444400,1164.15,1167.5,1164.15,1166.15,11554
1676444700,1166.15,1166.9,1165.15,1166.4,16530
1676445000,1166.4,1169.8,1166.35,1167.3,10813
1676445300,1167.3,1170.95,1167.2,1168.5,68170
1676445600,1168.5,1171.4,1168.15,1169.5,8719
1676445900,1169.5,1170.4,1169.05,1169.9,5428
1676446200,1169.9,1170.45,1167.95,1169.15,22322
1676446500,1169.15,1170.65,1167.9,1170.65,5759
1676446800,1170.1,1172.4,1169.6,1171.85,15681
1676447100,1171.85,1175.15,1171.05,1175.0,32918
1676447400,1175.0,1176.0,1173.65,1173.65,15450
1676447700,1174.0,1174.95,1172.65,1172.8,10888
1676448000,1172.8,1173.45,1170.75,1172.05,18756
1676448300,1171.85,1172.95,1169.6,1169.8,28316
1676448600,1169.8,1170.9,1169.35,1170.5,11311
1676448900,1170.5,1171.75,1169.5,1170.6,17406
1676449200,1170.75,1173.0,1170.7,1171.25,5960
1676449500,1171.25,1172.75,1171.0,1171.85,14695
1676449800,1171.95,1173.85,1171.95,1172.55,7855
1676450100,1172.3,1175.0,1172.15,1173.7,6638
1676450400,1173.7,1174.9,1172.75,1173.05,9505
1676450700,1173.05,1175.95,1172.45,1175.95,20517
1676451000,1176.0,1177.55,1175.55,1176.05,13815
1676451300,1176.05,1176.7,1174.05,1175.75,14854
1676451600,1175.75,1179.5,1174.95,1177.95,24216
1676451900,1177.95,1178.35,1176.75,1176.9,4204
1676452200,1176.85,1176.9,1176.0,1176.85,5623
1676452500,1176.85,1178.0,1176.05,1177.45,14186
1676452800,1177.45,1179.1,1177.4,1177.9,4610
1676453100,1177.9,1177.9,1176.5,1176.9,13633
1676453400,1176.9,1181.95,1176.05,1180.9,45260
1676453700,1180.9,1182.25,1180.0,1181.8,18388
1676454000,1181.75,1181.9,1179.8,1180.0,27359
1676454300,1180.0,1181.85,1179.6,1181.25,30047
1676454600,1181.2,1183.85,1180.65,1180.9,34881
1676454900,1180.9,1182.05,1177.1,1177.1,31229
1676519100,1186.3,1186.3,1169.55,1175.15,18142
1676519400,1175.15,1179.95,1174.05,1177.05,10272
1676519700,1177.05,1177.75,1175.05,1176.0,4342
1676520000,1176.0,1179.5,1176.0,1177.8,4087
1676520300,1177.75,1179.95,1177.5,1178.45,3458
1676520600,1178.45,1178.45,1176.2,1177.0,4176
1676520900,1177.0,1177.0,1175.0,1175.8,5575
1676521200,1175.8,1177.4,1175.0,1175.7,3943
1676521500,1175.7,1176.2,1175.05,1176.2,1937
1676521800,1176.2,1176.6,1172.75,1173.5,10922
1676522100,1173.45,1174.95,1172.9,1174.9,3258
1676522400,1174.9,1174.9,1173.35,1173.95,6650
1676522700,1174.0,1175.8,1173.95,1175.7,2836
1676523000,1175.7,1178.95,1174.25,1178.85,11513
1676523300,1178.85,1178.85,1175.1,1176.4,6990
1676523600,1176.05,1176.4,1174.6,1176.3,2529
1676523900,1176.3,1177.35,1176.0,1177.35,2042
1676524200,1177.35,1177.35,1175.65,1176.7,4450
1676524500,1176.7,1178.55,1176.35,1177.0,3969
1676524800,1176.95,1176.95,1176.0,1176.15,3470
1676525100,1176.15,1177.15,1175.8,1176.95,1203
1676525400,1176.95,1177.05,1176.0,1176.0,2520
1676525700,1176.0,1177.0,1175.4,1176.0,2428
1676526000,1176.0,1177.55,1175.45,1177.1,18616
1676526300,1177.1,1177.9,1176.35,1176.95,1184
1676526600,1176.95,1177.95,1176.0,1176.5,3153
1676526900,1176.5,1177.9,1176.0,1176.5,3194
1676527200,1176.5,1177.45,1176.0,1176.0,2079
1676527500,1176.0,1177.4,1175.55,1176.55,2070
1676527800,1176.55,1178.3,1175.95,1178.1,4850
1676528100,1178.1,1180.3,1178.1,1178.75,10352
1676528400,1178.75,1179.7,1178.2,1178.5,2707
1676528700,1178.5,1178.5,1176.8,1176.85,3873
1676529000,1177.35,1177.35,1175.75,1177.15,3697
1676529300,1177.15,1177.85,1176.0,1176.25,1463
1676529600,1176.25,1176.8,1175.7,1176.0,1476
1676529900,1176.0,1178.6,1175.8,1176.05,4055
1676530200,1176.05,1176.75,1175.5,1176.0,5976
1676530500,1176.0,1176.0,1174.65,1175.9,2365
1676530800,1175.95,1176.25,1175.25,1175.55,1980
1676531100,1175.55,1175.55,1173.8,1174.45,3342
1676531400,1174.45,1174.45,1173.6,1174.0,1693
1676531700,1173.6,1174.05,1172.65,1172.65,11865
1676532000,1173.15,1173.85,1172.05,1173.85,5459
1676532300,1173.85,1174.95,1172.6,1173.0,1773
1676532600,1173.0,1175.2,1172.5,1172.8,3593
1676532900,1172.55,1176.05,1172.0,1175.8,4493
1676533200,1175.3,1176.1,1173.05,1173.55,1705
1676533500,1173.55,1174.75,1172.7,1174.5,3883
1676533800,1174.5,1175.9,1173.5,1174.15,2250
1676534100,1174.15,1174.95,1173.6,1174.75,1887
1676534400,1174.75,1176.0,1174.45,1175.55,1576
1676534700,1175.55,1175.55,1175.05,1175.05,1361
1676535000,1175.05,1176.65,1175.05,1175.5,2398
1676535300,1175.5,1177.65,1175.05,1175.3,3926
1676535600,1175.3,1175.45,1173.8,1174.95,1895
1676535900,1174.95,1176.4,1172.85,1175.6,5686
1676536200,1175.3,1175.5,1173.5,1173.85,1744
1676536500,1173.85,1175.15,1173.15,1174.0,2822
1676536800,1174.0,1174.4,1173.15,1174.15,1519
1676537100,1174.15,1174.5,1173.2,1173.8,1304
1676537400,1173.8,1174.15,1173.1,1173.3,1862
1676537700,1173.3,1173.75,1171.4,1171.75,4782
1676538000,1171.75,1173.0,1171.2,1171.5,1742
1676538300,1171.5,1173.45,1171.05,1172.2,3013
1676538600,1172.2,1174.5,1172.0,1174.4,1928
1676538900,1174.4,1176.4,1173.75,1175.15,7975
1676539200,1175.0,1175.45,1173.0,1173.5,2821
1676539500,1173.5,1174.45,1172.65,1173.9,3165
1676539800,1174.65,1175.2,1172.45,1173.7,8721
1676540100,1173.7,1174.45,1173.4,1174.05,7188
1676540400,1174.05,1174.05,1174.0,1174.0,17450
1676540700,1174.05,1174.95,1174.0,1174.05,14136
1676541000,1174.1,1175.45,1174.1,1175.35,10763
1676541300,1175.4,1175.4,1173.95,1174.0,10753
1676605500,1175.6,1175.6,1165.0,1167.2,18629
1676605800,1167.2,1173.85,1166.55,1173.0,6185
1676606100,1173.0,1173.15,1168.75,1168.75,3161
1676606400,1168.2,1169.05,1165.25,1167.35,4392
1676606700,1166.9,1167.65,1165.55,1166.6,1865
1676607000,1166.6,1166.6,1162.15,1162.85,6824
1676607300,1162.85,1164.95,1162.85,1163.5,4552
1676607600,1163.6,1164.6,1162.85,1164.0,3953
1676607900,1164.0,1165.6,1163.5,1164.7,2871
1676608200,1164.7,1164.7,1162.25,1163.6,4877
1676608500,1163.6,1163.6,1160.0,1161.6,6629
1676608800,1161.6,1162.6,1158.0,1158.7,11512
1676609100,1158.7,1158.7,1155.5,1157.95,12692
1676609400,1157.95,1159.1,1157.2,1158.7,3640
1676609700,1158.9,1159.35,1157.65,1158.65,4002
1676610000,1158.65,1159.6,1155.7,1159.6,18194
1676610300,1159.6,1160.55,1158.8,1159.85,4668
1676610600,1160.2,1160.3,1159.0,1159.0,2624
1676610900,1159.0,1160.5,1159.0,1159.95,2757
1676611200,1159.85,1161.1,1158.0,1159.1,12694
1676611500,1159.1,1160.95,1159.0,1160.8,6613
1676611800,1160.8,1161.1,1160.0,1161.1,7663
1676612100,1161.1,1163.25,1161.0,1162.35,12136
1676612400,1162.9,1162.9,1159.0,1159.45,72587
1676612700,1159.45,1159.95,1159.0,1159.95,5014
1676613000,1159.95,1160.7,1159.0,1160.15,13558
1676613300,1160.0,1160.3,1156.65,1156.65,11909
1676613600,1157.0,1157.75,1155.35,1157.2,38925
1676613900,1157.2,1157.6,1156.05,1156.4,26252
1676614200,1157.05,1157.85,1156.3,1156.6,2429
1676614500,1156.35,1158.0,1153.0,1155.7,73934
1676614800,1155.7,1155.7,1153.5,1153.7,4375
1676615100,1153.65,1153.7,1152.0,1152.05,9980
1676615400,1152.05,1153.1,1149.4,1149.65,11331
1676615700,1149.65,1149.65,1146.0,1146.35,11357
1676616000,1146.35,1146.35,1142.0,1143.95,11158
1676616300,1144.05,1144.05,1141.35,1141.6,11574
1676616600,1141.6,1143.45,1141.55,1143.0,9213
1676616900,1143.0,1144.95,1142.5,1143.25,11345
1676617200,1143.2,1143.7,1139.45,1139.45,15326
1676617500,1138.75,1140.35,1137.25,1139.5,11488
1676617800,1139.5,1140.0,1138.35,1139.4,11427
1676618100,1139.4,1139.65,1137.3,1138.95,8033
1676618400,1138.95,1141.95,1138.45,1141.3,7997
1676618700,1141.3,1144.9,1140.55,1144.25,27755
1676619000,1144.25,1144.8,1143.5,1144.05,19902
1676619300,1144.05,1144.3,1143.45,1144.25,5828
1676619600,1144.25,1146.35,1143.25,1144.15,12572
1676619900,1144.15,1145.55,1144.0,1145.55,10936
1676620200,1145.55,1146.0,1144.0,1144.15,6053
1676620500,1144.15,1145.95,1144.0,1145.2,3485
1676620800,1145.2,1145.9,1144.2,1145.0,4457
1676621100,1145.0,1145.85,1144.5,1145.05,5002
1676621400,1145.75,1145.75,1144.0,1144.05,4387
1676621700,1144.05,1145.35,1144.0,1144.0,3740
1676622000,1144.0,1145.15,1144.0,1144.75,4084
1676622300,1144.75,1145.15,1142.05,1143.5,19325
1676622600,1143.5,1146.8,1142.7,1146.25,14678
1676622900,1146.25,1146.9,1145.6,1146.3,6436
1676623200,1146.3,1149.8,1146.0,1148.7,18035
1676623500,1148.7,1153.8,1148.0,1151.9,32619
1676623800,1151.9,1152.8,1149.8,1150.0,21965
1676624100,1150.0,1151.5,1149.95,1150.45,11255
1676624400,1150.45,1150.7,1149.7,1150.25,10011
1676624700,1150.25,1150.25,1148.8,1149.0,9344
1676625000,1149.0,1149.5,1145.5,1145.7,4016
1676625300,1145.75,1147.5,1145.6,1147.15,4623
1676625600,1147.15,1148.45,1146.5,1147.05,4203
1676625900,1147.05,1148.8,1147.05,1148.3,8539
1676626200,1149.75,1151.2,1148.55,1149.35,12809
1676626500,1149.3,1151.5,1149.3,1151.5,8633
1676626800,1151.5,1151.5,1149.6,1149.6,22286
1676627100,1149.5,1150.55,1148.35,1149.8,14350
1676627400,1149.75,1150.5,1148.25,1149.15,23752
1676627700,1149.2,1149.55,1143.35,1143.75,11903
1676864700,1144.0,1152.0,1141.15,1144.0,13244
1676865000,1144.0,1149.0,1144.0,1148.75,6201
1676865300,1148.75,1149.35,1145.65,1145.65,3152
1676865600,1145.65,1146.75,1144.2,1146.5,5162
1676865900,1146.5,1150.0,1145.3,1149.5,5031
1676866200,1149.5,1152.0,1149.5,1151.5,6190
1676866500,1151.3,1151.9,1148.2,1151.6,3461
1676866800,1151.0,1154.05,1151.0,1153.7,6143
1676867100,1153.05,1154.9,1150.0,1151.7,19993
1676867400,1151.7,1153.0,1151.3,1152.3,1644
1676867700,1152.3,1154.8,1152.1,1153.9,3609
1676868000,1154.5,1154.65,1151.55,1153.45,2193
1676868300,1153.45,1157.95,1151.2,1154.75,10423
1676868600,1154.45,1156.1,1153.55,1156.0,3324
1676868900,1156.05,1156.5,1155.0,1155.35,1751
1676869200,1155.35,1157.0,1155.35,1156.1,3189
1676869500,1156.2,1157.0,1154.5,1155.0,7167
1676869800,1155.0,1157.0,1153.65,1157.0,13825
1676870100,1157.0,1157.0,1153.55,1155.95,6785
1676870400,1155.95,1156.4,1155.25,1155.25,2651
1676870700,1155.25,1157.0,1155.25,1156.3,2863
1676871000,1156.3,1157.55,1156.3,1157.25,1944
1676871300,1157.25,1158.85,1157.25,1158.5,3352
1676871600,1158.5,1159.0,1156.45,1156.45,5286
1676871900,1156.45,1157.5,1155.9,1157.5,2560
1676872200,1157.5,1157.95,1155.25,1155.75,2585
1676872500,1155.75,1158.1,1155.75,1156.7,2155
1676872800,1157.2,1157.6,1155.55,1156.95,2139
1676873100,1156.95,1157.6,1156.4,1156.5,2024
1676873400,1156.5,1157.7,1156.3,1157.5,2365
1676873700,1157.5,1157.5,1156.45,1156.5,2123
1676874000,1156.5,1156.5,1155.15,1155.4,3177
1676874300,1155.4,1157.0,1155.0,1156.35,3794
1676874600,1156.35,1156.95,1155.7,1155.7,2018
1676874900,1155.7,1156.8,1155.65,1155.7,1955
1676875200,1156.0,1156.0,1155.25,1156.0,2516
1676875500,1156.0,1156.25,1155.4,1156.0,1987
1676875800,1156.0,1156.65,1155.3,1155.75,2211
1676876100,1155.75,1158.1,1155.35,1157.45,5801
1676876400,1157.5,1158.15,1156.05,1157.85,4347
1676876700,1157.85,1160.35,1157.5,1159.55,8455
1676877000,1159.55,1161.25,1155.35,1157.0,11764
1676877300,1157.0,1158.25,1154.35,1155.45,11768
1676877600,1155.45,1155.65,1155.0,1155.65,8008
1676877900,1155.65,1156.05,1155.0,1155.25,2248
1676878200,1155.25,1156.05,1155.25,1156.05,1952
1676878500,1156.05,1160.2,1155.05,1158.55,10294
1676878800,1158.55,1170.65,1156.15,1168.5,37356
1676879100,1168.5,1168.6,1161.5,1162.1,13852
1676879400,1162.1,1162.1,1156.1,1156.1,12301
1676879700,1156.65,1157.9,1155.0,1157.9,4338
1676880000,1157.9,1159.8,1156.1,1159.05,5078
1676880300,1159.05,1159.75,1157.65,1157.65,3737
1676880600,1157.65,1158.25,1155.15,1156.0,5801
1676880900,1155.65,1163.55,1155.65,1161.8,41385
1676881200,1161.2,1162.45,1160.2,1160.65,3674
1676881500,1160.65,1161.8,1160.0,1160.0,3385
1676881800,1160.45,1160.9,1159.4,1160.0,3351
1676882100,1160.0,1160.95,1160.0,1160.0,3187
1676882400,1160.0,1160.45,1159.0,1159.1,6080
1676882700,1159.7,1160.5,1158.85,1159.35,2409
1676883000,1158.85,1160.45,1158.85,1159.85,2270
1676883300,1159.85,1160.3,1158.7,1159.0,1417
1676883600,1159.0,1160.45,1159.0,1159.5,1984
1676883900,1159.5,1162.0,1159.3,1161.05,3181
1676884200,1161.05,1161.8,1161.0,1161.0,1639
1676884500,1161.0,1161.5,1159.05,1160.3,3411
1676884800,1160.8,1161.35,1160.1,1160.95,2354
1676885100,1160.95,1160.95,1159.0,1160.0,2465
1676885400,1160.25,1162.35,1157.85,1157.85,11098
1676885700,1157.85,1159.4,1157.6,1157.95,11693
1676886000,1157.95,1159.45,1157.65,1158.75,10311
1676886300,1158.75,1159.4,1155.8,1158.0,18462
1676886600,1158.35,1159.3,1155.8,1159.3,21524
1676886900,1159.3,1162.65,1156.65,1156.65,12885
1676951100,1164.2,1168.0,1158.5,1165.95,13942
1676951400,1165.95,1165.95,1160.3,1162.25,10523
1676951700,1162.1,1162.55,1160.0,1162.55,3514
1676952000,1162.55,1165.35,1162.25,1163.5,3636
1676952300,1163.95,1164.0,1160.0,1160.15,2655
1676952600,1160.25,1161.05,1156.4,1158.05,6748
1676952900,1158.05,1163.5,1158.05,1162.95,3642
1676953200,1163.05,1163.15,1159.75,1160.05,2370
1676953500,1159.7,1160.3,1158.45,1159.25,2184
1676953800,1159.25,1160.35,1158.0,1158.95,5474
1676954100,1159.1,1159.45,1157.25,1157.25,2466
1676954400,1157.25,1159.9,1157.1,1159.7,2951
1676954700,1159.7,1159.7,1157.25,1158.55,4958
1676955000,1158.55,1158.65,1158.0,1158.35,1070
1676955300,1158.35,1159.7,1157.8,1157.8,2254
1676955600,1157.8,1157.8,1156.25,1156.85,2675
1676955900,1156.85,1157.75,1154.55,1154.65,5186
1676956200,1154.65,1156.5,1154.55,1156.1,2939
1676956500,1156.1,1157.15,1154.95,1154.95,2885
1676956800,1154.95,1155.15,1153.25,1153.75,6771
1676957100,1153.7,1153.7,1151.2,1152.8,7382
1676957400,1152.8,1152.8,1150.4,1151.0,4581
1676957700,1151.0,1152.25,1150.5,1151.0,4664
1676958000,1151.0,1152.55,1151.0,1151.65,5095
1676958300,1151.65,1151.8,1150.35,1150.5,2818
1676958600,1150.5,1150.65,1148.5,1148.75,4490
1676958900,1148.6,1150.5,1148.4,1150.4,4198
1676959200,1150.4,1152.6,1148.8,1150.55,17545
1676959500,1150.55,1150.55,1148.5,1149.1,3210
1676959800,1149.1,1149.2,1147.0,1147.55,4311
1676960100,1147.55,1150.0,1147.25,1148.45,4157
1676960400,1148.55,1149.6,1147.85,1148.95,2449
1676960700,1148.8,1150.0,1147.8,1149.1,4537
1676961000,1149.1,1149.25,1147.65,1147.65,3230
1676961300,1147.65,1147.65,1145.1,1145.15,7276
1676961600,1145.15,1149.8,1145.1,1149.4,10719
1676961900,1149.3,1149.4,1147.25,1147.3,3883
1676962200,1147.3,1148.7,1146.2,1148.4,4452
1676962500,1148.4,1149.35,1147.8,1147.95,11844
1676962800,1148.0,1148.9,1146.75,1147.75,6142
1676963100,1148.35,1149.0,1147.05,1147.9,13949
1676963400,1147.9,1148.95,1147.2,1147.6,3161
1676963700,1147.6,1149.4,1147.6,1148.6,7867
1676964000,1148.6,1149.6,1147.25,1147.4,4785
1676964300,1147.4,1148.95,1147.4,1148.25,2701
1676964600,1148.25,1149.65,1148.2,1149.05,2548
1676964900,1149.0,1149.05,1148.1,1149.0,3108
1676965200,1149.0,1149.7,1148.45,1149.15,3303
1676965500,1149.15,1149.85,1148.65,1148.75,5789
1676965800,1148.75,1149.65,1148.65,1149.3,2240
1676966100,1149.3,1150.25,1148.85,1149.85,9001
1676966400,1149.85,1150.15,1148.5,1150.05,19304
1676966700,1149.5,1150.0,1148.4,1148.7,9013
1676967000,1148.7,1149.75,1148.6,1149.5,6304
1676967300,1149.5,1150.3,1149.0,1150.25,22706
1676967600,1150.25,1150.25,1148.95,1149.6,14679
1676967900,1149.6,1149.6,1148.8,1149.45,3453
1676968200,1150.0,1151.3,1149.35,1150.5,4221
1676968500,1150.5,1151.9,1149.35,1151.8,10212
1676968800,1151.8,1153.3,1151.8,1153.1,6386
1676969100,1153.1,1153.4,1152.0,1152.8,44405
1676969400,1152.85,1152.9,1149.5,1149.95,8320
1676969700,1149.95,1152.4,1149.0,1152.1,28717
1676970000,1152.1,1152.1,1148.85,1149.05,4762
1676970300,1148.8,1149.6,1148.3,1148.9,4287
1676970600,1148.9,1149.55,1147.35,1149.35,6519
1676970900,1149.35,1150.6,1148.1,1150.1,10338
1676971200,1150.1,1150.75,1147.65,1148.0,6082
1676971500,1148.0,1148.85,1146.0,1148.85,9454
1676971800,1149.55,1151.65,1148.1,1149.75,16681
1676972100,1149.75,1151.0,1148.8,1150.8,11583
1676972400,1150.5,1151.25,1148.6,1150.15,14649
1676972700,1150.05,1151.6,1149.55,1150.0,57655
1676973000,1149.95,1150.95,1148.15,1149.55,10041
1676973300,1149.8,1151.1,1144.2,1148.8,14377
1677037500,1148.9,1148.95,1140.25,1140.25,20587
1677037800,1140.25,1140.25,1135.05,1135.7,31087
1677038100,1135.65,1140.9,1134.2,1139.6,36309
1677038400,1139.4,1140.55,1136.65,1137.05,7579
1677038700,1137.05,1139.05,1136.9,1138.55,5554
1677039000,1138.5,1138.5,1135.0,1135.1,5293
1677039300,1135.1,1135.75,1132.2,1135.4,11830
1677039600,1135.15,1135.75,1133.0,1134.0,6543
1677039900,1133.8,1134.65,1131.4,1134.1,15660
1677040200,1134.1,1134.35,1131.6,1131.65,5044
1677040500,1131.65,1132.85,1130.0,1130.0,7654
1677040800,1130.0,1130.15,1127.05,1127.55,19398
1677041100,1127.55,1127.55,1125.15,1126.85,14685
1677041400,1126.55,1129.3,1126.45,1128.5,9527
1677041700,1128.5,1129.7,1128.5,1129.3,6986
1677042000,1129.25,1131.95,1129.25,1131.6,8194
1677042300,1131.6,1132.75,1127.9,1129.35,8716
1677042600,1129.35,1130.3,1128.15,1129.15,10256
1677042900,1129.15,1129.4,1128.05,1128.5,6974
1677043200,1128.5,1130.65,1127.5,1130.65,5520
1677043500,1130.65,1132.45,1130.15,1130.15,13188
1677043800,1130.1,1132.95,1130.1,1132.3,6962
1677044100,1132.3,1133.6,1130.7,1133.05,7704
1677044400,1133.05,1138.45,1133.0,1137.15,15618
1677044700,1137.15,1137.45,1133.6,1134.25,9782
1677045000,1134.25,1134.25,1131.2,1133.05,5336
1677045300,1133.0,1134.7,1132.55,1133.9,7918
1677045600,1133.9,1134.2,1132.5,1133.3,6991
1677045900,1132.85,1133.45,1132.5,1133.2,6774
1677046200,1133.05,1133.45,1131.55,1131.8,4004
1677046500,1131.8,1133.75,1131.8,1133.75,6983
1677046800,1133.75,1134.4,1132.0,1132.5,4984
1677047100,1132.5,1132.75,1131.55,1132.0,8130
1677047400,1132.0,1134.1,1131.65,1133.55,3831
1677047700,1133.55,1133.55,1130.0,1130.05,6314
1677048000,1130.05,1133.6,1130.0,1133.05,30684
1677048300,1133.05,1133.65,1130.55,1131.75,7066
1677048600,1131.75,1131.8,1129.75,1130.0,17819
1677048900,1130.05,1130.2,1129.5,1129.55,30924
1677049200,1129.55,1130.8,1129.55,1130.4,13361
1677049500,1130.4,1130.4,1129.75,1130.05,8163
1677049800,1129.95,1131.0,1129.55,1130.4,17003
1677050100,1130.4,1132.65,1130.0,1131.45,31037
1677050400,1131.45,1132.45,1130.8,1132.0,16032
1677050700,1132.2,1132.45,1131.35,1132.05,6855
1677051000,1132.05,1133.0,1129.85,1131.2,20295
1677051300,1131.2,1133.5,1131.2,1132.65,12348
1677051600,1132.0,1133.5,1132.0,1133.05,8923
1677051900,1132.95,1133.1,1131.75,1132.95,10342
1677052200,1132.75,1133.55,1132.75,1133.5,9770
1677052500,1133.0,1133.65,1132.75,1133.0,8966
1677052800,1133.05,1133.05,1132.0,1132.55,9224
1677053100,1132.55,1132.65,1132.4,1132.55,7791
1677053400,1132.45,1133.75,1132.4,1133.4,8210
1677053700,1133.25,1134.0,1132.9,1133.2,8811
1677054000,1133.0,1133.3,1131.65,1132.45,10983
1677054300,1132.0,1132.5,1129.6,1130.1,7900
1677054600,1130.05,1130.5,1129.6,1130.05,14304
1677054900,1129.6,1130.5,1129.6,1130.0,8701
1677055200,1130.0,1130.2,1129.95,1130.0,7795
1677055500,1130.2,1130.5,1129.4,1130.05,17701
1677055800,1130.0,1131.45,1129.95,1130.65,9043
1677056100,1130.0,1130.65,1129.8,1130.05,19359
1677056400,1130.0,1131.3,1129.2,1130.2,74179
1677056700,1130.2,1130.2,1129.6,1130.15,3512
1677057000,1130.0,1130.15,1129.4,1130.15,6807
1677057300,1130.0,1130.75,1129.5,1130.35,5384
1677057600,1129.85,1130.5,1129.1,1130.1,7603
1677057900,1130.0,1130.25,1129.95,1130.0,7810
1677058200,1130.0,1130.85,1129.35,1130.0,8622
1677058500,1130.05,1130.5,1129.95,1130.15,11865
1677058800,1130.5,1131.0,1129.95,1131.0,13408
1677059100,1130.75,1132.15,1130.25,1131.05,21786
1677059400,1131.0,1132.45,1130.65,1132.15,28008
1677059700,1132.15,1133.0,1131.6,1132.05,17519
1677123900,1136.85,1141.9,1132.1,1136.4,15472
1677124200,1136.25,1136.25,1131.0,1135.1,6284
1677124500,1135.1,1135.15,1130.7,1131.5,27777
1677124800,1131.9,1136.4,1130.95,1135.2,18606
1677125100,1135.2,1135.35,1131.85,1131.9,4722
1677125400,1131.9,1132.55,1128.85,1129.65,4829
1677125700,1129.65,1129.85,1125.75,1126.55,7199
1677126000,1126.55,1129.55,1123.85,1127.7,16084
1677126300,1127.7,1130.8,1127.7,1129.45,12126
1677126600,1129.0,1130.05,1128.95,1129.0,5475
1677126900,1129.0,1131.65,1129.0,1131.6,3194
1677127200,1131.6,1131.9,1129.65,1131.1,2648
1677127500,1131.1,1132.85,1131.1,1131.55,4927
1677127800,1132.3,1132.75,1131.95,1132.3,1366
1677128100,1132.3,1132.75,1131.95,1132.5,5470
1677128400,1132.55,1135.15,1132.0,1135.15,5442
1677128700,1135.15,1135.35,1134.65,1134.95,2107
1677129000,1134.95,1135.6,1134.8,1135.5,3003
1677129300,1135.5,1135.95,1134.45,1134.45,2514
1677129600,1134.45,1134.6,1131.4,1133.1,7070
1677129900,1132.95,1133.05,1131.55,1132.15,6046
1677130200,1131.75,1132.45,1131.1,1132.05,6822
1677130500,1132.05,1134.7,1131.55,1133.45,26235
1677130800,1133.45,1134.1,1132.45,1134.1,2289
1677131100,1134.1,1134.65,1133.8,1134.25,2741
1677131400,1134.25,1134.25,1133.0,1133.45,1805
1677131700,1133.45,1133.45,1131.65,1132.3,3942
1677132000,1132.35,1132.65,1131.65,1132.15,1847
1677132300,1132.15,1133.1,1131.65,1132.85,5398
1677132600,1132.85,1133.5,1132.35,1132.7,2534
1677132900,1132.7,1132.7,1131.8,1132.2,1835
1677133200,1132.2,1132.9,1131.5,1132.9,3173
1677133500,1132.9,1134.95,1132.55,1134.9,2606
1677133800,1135.0,1135.0,1133.7,1134.0,6315
1677134100,1134.0,1134.25,1132.85,1133.35,4096
1677134400,1133.35,1134.15,1132.35,1134.0,5258
1677134700,1134.0,1134.0,1133.3,1133.5,2686
1677135000,1133.5,1134.1,1132.7,1133.95,5280
1677135300,1133.95,1136.85,1133.5,1136.35,73001
1677135600,1136.35,1137.05,1135.55,1135.6,6917
1677135900,1135.6,1135.6,1135.0,1135.3,7424
1677136200,1135.3,1135.5,1135.0,1135.05,4502
1677136500,1135.05,1135.5,1135.0,1135.5,3302
1677136800,1135.5,1136.35,1135.0,1136.35,5409
1677137100,1136.35,1136.85,1135.8,1135.8,4804
1677137400,1135.75,1136.45,1135.0,1135.5,5018
1677137700,1135.5,1137.45,1135.0,1137.0,6221
1677138000,1137.0,1137.0,1135.0,1135.15,4291
1677138300,1135.15,1136.05,1134.95,1135.5,14426
1677138600,1135.5,1135.5,1131.8,1132.45,16254
1677138900,1132.45,1132.65,1131.35,1132.15,5235
1677139200,1132.15,1132.8,1131.35,1131.7,2720
1677139500,1131.7,1131.85,1129.7,1130.7,4101
1677139800,1130.9,1131.35,1129.55,1131.25,2514
1677140100,1131.25,1131.25,1129.05,1129.05,2555
1677140400,1129.05,1131.15,1129.05,1131.0,64717
1677140700,1131.0,1133.95,1130.9,1132.35,8847
1677141000,1132.35,1132.9,1130.15,1132.9,7330
1677141300,1132.9,1136.35,1132.6,1133.6,10678
1677141600,1133.55,1135.2,1133.0,1133.3,8351
1677141900,1133.3,1134.0,1132.15,1133.4,9010
1677142200,1133.4,1134.25,1131.55,1133.35,6191
1677142500,1133.35,1134.85,1132.75,1132.75,6121
1677142800,1132.9,1135.2,1132.9,1135.0,8538
1677143100,1135.0,1135.0,1133.25,1134.35,5180
1677143400,1134.35,1134.9,1132.45,1132.75,6217
1677143700,1132.75,1134.55,1132.25,1134.0,8946
1677144000,1134.0,1134.65,1132.7,1133.95,6244
1677144300,1134.05,1136.5,1133.15,1135.5,12030
1677144600,1135.5,1135.7,1131.15,1131.15,27120
1677144900,1131.15,1135.55,1131.05,1135.1,30522
1677145200,1135.05,1137.25,1134.1,1137.1,37866
1677145500,1137.1,1137.95,1135.3,1136.55,31632
1677145800,1136.5,1137.75,1135.35,1136.9,29463
1677146100,1136.9,1138.0,1135.0,1137.0,26880
1677210300,1136.1,1139.75,1134.95,1137.75,7255
1677210600,1137.75,1140.1,1136.6,1139.15,3367
1677210900,1139.15,1141.8,1137.75,1139.9,10325
1677211200,1139.9,1142.35,1139.2,1141.4,6933
1677211500,1141.4,1141.45,1136.45,1137.0,11610
1677211800,1136.9,1136.9,1132.7,1135.6,15494
1677212100,1135.6,1135.6,1133.0,1133.5,1823
1677212400,1133.5,1135.6,1131.2,1134.25,4348
1677212700,1134.05,1135.85,1134.0,1134.15,3123
1677213000,1134.15,1134.95,1134.0,1134.65,1111
1677213300,1134.65,1135.5,1134.0,1135.2,9551
1677213600,1135.2,1135.2,1134.0,1134.05,2928
1677213900,1134.05,1135.95,1134.0,1135.95,13175
1677214200,1135.55,1135.95,1134.8,1134.8,1673
1677214500,1134.8,1134.8,1134.0,1134.0,3488
1677214800,1134.05,1135.3,1134.0,1134.2,3459
1677215100,1134.0,1135.1,1134.0,1135.1,4340
1677215400,1135.1,1135.1,1134.05,1134.7,1561
1677215700,1134.55,1134.9,1134.0,1134.05,3359
1677216000,1134.05,1135.0,1134.0,1135.0,5034
1677216300,1135.0,1135.7,1134.0,1134.25,6014
1677216600,1134.25,1135.15,1134.0,1134.95,5193
1677216900,1134.95,1135.45,1134.0,1134.5,6910
1677217200,1134.5,1134.5,1134.0,1134.3,1923
1677217500,1134.1,1134.35,1134.0,1134.2,4948
1677217800,1134.2,1134.25,1134.0,1134.0,2905
1677218100,1134.05,1138.85,1134.0,1135.2,37005
1677218400,1136.15,1136.65,1134.05,1134.1,3081
1677218700,1134.1,1135.6,1134.0,1134.3,20664
1677219000,1134.3,1135.95,1134.0,1134.65,10934
1677219300,1134.65,1136.8,1133.5,1133.85,34213
1677219600,1133.85,1136.9,1132.8,1136.45,42731
1677219900,1136.45,1136.45,1134.0,1135.0,2840
1677220200,1135.0,1136.65,1134.55,1136.5,13565
1677220500,1136.5,1139.0,1136.05,1138.0,26862
1677220800,1138.0,1139.3,1136.35,1137.9,31172
1677221100,1137.4,1139.0,1136.15,1136.75,29930
1677221400,1136.75,1136.8,1134.3,1136.05,3292
1677221700,1136.05,1136.05,1133.25,1133.7,2263
1677222000,1133.7,1136.85,1133.4,1135.6,26714
1677222300,1135.6,1138.7,1132.55,1132.55,33261
1677222600,1132.0,1132.25,1130.75,1132.0,5052
1677222900,1132.0,1132.2,1130.9,1131.55,3082
1677223200,1131.55,1131.55,1129.5,1129.8,114204
1677223500,1130.0,1131.0,1129.5,1129.95,3113
1677223800,1129.95,1130.6,1129.5,1130.0,3086
1677224100,1130.0,1131.0,1129.6,1130.3,3706
1677224400,1130.3,1130.65,1127.65,1128.65,9675
1677224700,1128.65,1128.65,1122.85,1126.0,23970
1677225000,1126.0,1126.6,1124.25,1125.05,6083
1677225300,1125.05,1126.15,1124.0,1124.0,4239
1677225600,1124.55,1125.75,1124.1,1125.2,4914
1677225900,1125.2,1125.5,1124.05,1124.75,5562
1677226200,1124.85,1125.15,1124.5,1124.95,12861
1677226500,1124.95,1125.0,1124.25,1124.9,16038
1677226800,1124.5,1125.1,1124.0,1125.0,11506
1677227100,1125.0,1125.35,1123.45,1123.85,4957
1677227400,1123.85,1124.9,1122.1,1122.1,5154
1677227700,1122.05,1123.15,1121.1,1122.45,7071
1677228000,1122.45,1124.8,1122.45,1123.1,4407
1677228300,1123.05,1123.85,1121.5,1123.25,3990
1677228600,1123.25,1123.5,1121.6,1121.6,6096
1677228900,1121.25,1122.25,1119.35,1120.75,10034
1677229200,1120.75,1122.25,1119.95,1120.0,13551
1677229500,1120.0,1121.55,1119.2,1120.0,64314
1677229800,1120.0,1120.0,1119.4,1120.0,10339
1677230100,1120.0,1120.45,1119.5,1120.1,15764
1677230400,1120.1,1122.0,1120.0,1122.0,12057
1677230700,1122.0,1122.8,1120.1,1121.65,12711
1677231000,1121.7,1123.45,1121.15,1122.95,19524
1677231300,1122.75,1122.9,1121.55,1122.15,12532
1677231600,1122.15,1122.3,1120.6,1121.45,19072
1677231900,1121.4,1121.55,1119.95,1120.05,17271
1677232200,1120.05,1124.8,1120.0,1124.8,26038
1677232500,1124.8,1127.65,1123.45,1125.0,20938
1677469500,1122.05,1130.8,1117.6,1119.9,16207
1677469800,1119.2,1121.6,1118.0,1120.15,3305
1677470100,1120.15,1125.65,1120.1,1124.45,4225
1677470400,1124.45,1125.0,1116.5,1117.0,3441
1677470700,1117.0,1119.7,1116.55,1117.1,2063
1677471000,1117.1,1119.3,1114.25,1119.3,6074
1677471300,1119.3,1120.0,1118.05,1119.85,8130
1677471600,1119.85,1123.95,1119.6,1123.4,230185
1677471900,1122.85,1122.95,1120.0,1121.5,8019
1677472200,1121.35,1122.5,1120.0,1120.35,4121
1677472500,1120.35,1125.8,1119.5,1124.3,6134
1677472800,1124.3,1129.0,1123.4,1127.4,14740
1677473100,1127.4,1128.65,1124.0,1125.2,13646
1677473400,1125.2,1125.2,1122.2,1122.3,2411
1677473700,1122.3,1122.85,1120.9,1121.7,5025
1677474000,1121.7,1121.7,1117.6,1117.65,3216
1677474300,1118.15,1119.95,1117.6,1119.65,3188
1677474600,1119.65,1119.85,1118.55,1119.5,2134
1677474900,1119.35,1119.35,1114.9,1118.7,25851
1677475200,1118.05,1119.85,1117.05,1118.5,7508
1677475500,1118.5,1119.15,1116.7,1117.4,2594
1677475800,1117.4,1119.35,1116.5,1117.1,3904
1677476100,1116.8,1121.0,1116.05,1120.0,6625
1677476400,1120.0,1120.15,1116.5,1117.1,2568
1677476700,1116.65,1120.55,1116.65,1119.5,7063
1677477000,1119.5,1119.5,1116.0,1118.7,5461
1677477300,1118.35,1120.45,1114.0,1114.9,7959
1677477600,1114.9,1117.3,1114.9,1115.75,4763
1677477900,1115.75,1120.25,1114.6,1119.05,6185
1677478200,1119.05,1119.55,1117.55,1118.7,3831
1677478500,1118.7,1118.7,1117.4,1118.0,2653
1677478800,1118.0,1121.05,1117.4,1120.95,5243
1677479100,1120.95,1121.35,1119.3,1119.95,15418
1677479400,1120.0,1120.0,1116.75,1118.2,7670
1677479700,1118.3,1118.85,1115.8,1115.9,4942
1677480000,1115.9,1116.55,1114.5,1114.5,3288
1677480300,1114.5,1116.35,1114.0,1114.3,4855
1677480600,1114.3,1115.3,1113.0,1115.3,4740
1677480900,1115.3,1119.65,1114.75,1119.65,17753
1677481200,1119.6,1119.85,1115.25,1115.25,16769
1677481500,1115.3,1116.0,1113.3,1116.0,53522
1677481800,1116.0,1117.4,1114.6,1115.0,5793
1677482100,1114.6,1117.0,1114.45,1116.25,5210
1677482400,1115.75,1117.0,1114.0,1114.55,3962
1677482700,1114.35,1115.65,1114.0,1115.25,4000
1677483000,1114.9,1118.5,1114.0,1118.5,6075
1677483300,1118.5,1120.9,1118.5,1120.05,49391
1677483600,1120.0,1120.6,1117.55,1118.65,51261
1677483900,1118.65,1118.75,1114.45,1115.15,7168
1677484200,1115.15,1115.4,1114.1,1114.5,5793
1677484500,1114.5,1114.5,1111.45,1113.0,8296
1677484800,1112.6,1115.7,1111.5,1112.65,24358
1677485100,1112.65,1115.15,1110.45,1115.0,27342
1677485400,1114.4,1114.9,1111.85,1112.15,16666
1677485700,1112.35,1113.55,1111.4,1111.5,9239
1677486000,1111.6,1112.8,1111.3,1112.8,5563
1677486300,1112.8,1113.0,1111.1,1111.2,5053
1677486600,1111.2,1114.4,1111.2,1113.1,9130
1677486900,1113.1,1114.7,1112.4,1114.35,14631
1677487200,1113.75,1116.15,1113.2,1113.65,9164
1677487500,1114.4,1116.0,1113.2,1115.0,7988
1677487800,1114.55,1121.8,1114.3,1120.55,11245
1677488100,1120.15,1120.6,1116.85,1118.25,40534
1677488400,1118.55,1119.55,1117.95,1118.65,5241
1677488700,1118.65,1121.1,1118.55,1120.35,7015
1677489000,1120.35,1121.0,1120.1,1120.6,2662
1677489300,1120.6,1121.2,1117.7,1119.35,6013
1677489600,1119.0,1121.0,1118.9,1119.85,4794
1677489900,1119.7,1122.7,1119.2,1122.7,3396
1677490200,1122.8,1124.0,1121.1,1122.65,7002
1677490500,1122.65,1127.9,1121.95,1127.0,9160
1677490800,1127.9,1128.2,1126.1,1128.2,4684
1677491100,1128.2,1133.95,1128.2,1131.85,28655
1677491400,1131.75,1132.6,1129.6,1130.7,12179
1677491700,1130.7,1135.0,1128.05,1135.0,11287
1677555900,1131.4,1134.9,1125.15,1129.55,13793
1677556200,1129.55,1130.95,1129.0,1129.0,13302
1677556500,1129.0,1129.0,1126.0,1128.0,10514
1677556800,1128.0,1131.0,1127.05,1129.5,9399
1677557100,1129.5,1129.5,1124.0,1125.15,7597
1677557400,1125.15,1126.9,1123.1,1124.35,6148
1677557700,1124.35,1124.5,1120.9,1123.8,13061
1677558000,1123.15,1125.1,1121.05,1124.3,11609
1677558300,1124.3,1124.5,1121.45,1123.45,6211
1677558600,1123.45,1124.45,1121.5,1124.35,2253
1677558900,1124.35,1124.95,1122.85,1123.3,4355
1677559200,1123.2,1123.45,1121.2,1123.45,5734
1677559500,1123.45,1125.1,1121.6,1123.55,9219
1677559800,1123.55,1125.05,1122.9,1124.65,1647
1677560100,1124.65,1127.4,1123.0,1123.05,5194
1677560400,1123.05,1123.8,1121.05,1122.75,8792
1677560700,1123.0,1125.45,1122.8,1125.25,4962
1677561000,1125.25,1125.35,1122.4,1122.4,119543
1677561300,1122.4,1124.0,1118.7,1122.45,51221
1677561600,1122.45,1123.45,1121.35,1123.4,107169
1677561900,1123.4,1126.2,1123.15,1125.95,7105
1677562200,1125.95,1128.85,1125.15,1128.5,4612
1677562500,1128.5,1129.0,1126.45,1126.45,3533
1677562800,1126.45,1126.6,1124.8,1126.25,3817
1677563100,1126.25,1127.95,1126.0,1127.5,2164
1677563400,1127.15,1127.15,1122.85,1124.35,19584
1677563700,1124.35,1125.9,1123.85,1125.4,4754
1677564000,1125.4,1125.9,1124.35,1125.0,4468
1677564300,1125.1,1127.8,1125.0,1127.0,5570
1677564600,1127.0,1127.8,1126.4,1127.05,5002
1677564900,1127.0,1127.8,1126.2,1127.05,3863
1677565200,1127.45,1129.6,1126.0,1127.2,34260
1677565500,1127.15,1131.65,1127.05,1128.0,27858
1677565800,1128.0,1130.95,1126.15,1130.9,42754
1677566100,1130.65,1130.9,1127.6,1127.7,11883
1677566400,1127.85,1128.0,1127.5,1128.0,598
1677566700,1128.0,1128.0,1127.5,1127.95,2981
1677567000,1127.95,1128.05,1127.5,1128.0,3152
1677567300,1128.0,1128.2,1127.15,1128.0,3928
1677567600,1128.0,1128.2,1127.5,1127.5,2507
1677567900,1127.5,1128.75,1127.45,1127.5,4732
1677568200,1127.5,1128.25,1127.45,1127.6,5210
1677568500,1127.6,1127.7,1127.0,1127.0,1067
1677568800,1127.0,1127.2,1125.25,1125.5,1407
1677569100,1125.5,1128.0,1124.95,1127.5,4231
1677569400,1127.5,1128.0,1125.8,1125.95,2764
1677569700,1125.95,1126.9,1125.75,1126.9,1172
1677570000,1126.9,1127.25,1125.0,1125.4,2609
1677570300,1125.4,1126.75,1123.8,1123.8,3896
1677570600,1123.8,1125.1,1123.3,1123.7,1916
1677570900,1123.7,1124.0,1122.45,1123.35,1949
1677571200,1123.35,1123.5,1122.6,1123.5,32665
1677571500,1123.5,1124.15,1121.05,1121.75,5391
1677571800,1121.75,1122.0,1121.05,1121.85,1339
1677572100,1121.35,1122.0,1120.4,1121.55,3719
1677572400,1121.55,1121.55,1118.75,1119.75,2823
1677572700,1119.75,1120.05,1117.55,1117.85,8884
1677573000,1117.8,1118.7,1116.0,1116.95,5266
1677573300,1116.95,1116.95,1113.65,1114.45,12359
1677573600,1114.45,1115.65,1113.65,1113.65,4096
1677573900,1113.75,1115.05,1113.55,1114.5,6422
1677574200,1114.5,1114.5,1113.05,1113.95,5591
1677574500,1113.95,1115.35,1113.35,1115.05,4222
1677574800,1115.45,1115.9,1114.05,1114.55,8593
1677575100,1114.55,1115.05,1113.0,1113.75,8425
1677575400,1113.75,1114.85,1111.6,1111.6,12834
1677575700,1111.8,1113.0,1111.05,1111.55,10094
1677576000,1111.45,1111.9,1109.05,1110.45,19683
1677576300,1110.15,1112.75,1109.65,1111.7,10477
1677576600,1111.65,1121.45,1111.25,1120.75,82994
1677576900,1120.75,1123.3,1118.4,1121.25,59830
1677577200,1121.3,1123.6,1121.25,1123.55,53011
1677577500,1123.5,1123.5,1121.05,1121.1,66719
1677577800,1121.1,1123.4,1120.45,1122.15,94865
1677578100,1122.15,1128.65,1116.35,1116.35,61401
1677642300,1126.65,1126.65,1111.5,1115.25,11153
1677642600,1115.25,1117.45,1113.05,1115.2,7171
1677642900,1115.0,1115.5,1111.0,1112.0,9646
1677643200,1112.0,1112.95,1108.8,1110.0,11887
1677643500,1110.0,1111.3,1109.2,1110.9,10623
1677643800,1110.9,1116.75,1110.9,1116.25,10467
1677644100,1116.25,1117.3,1112.55,1117.3,15423
1677644400,1117.0,1117.55,1111.05,1112.35,12708
1677644700,1112.35,1112.85,1110.45,1111.0,31361
1677645000,1111.0,1115.45,1111.0,1114.8,4013
1677645300,1114.8,1116.95,1114.5,1116.8,7538
1677645600,1116.8,1119.3,1115.45,1115.45,11128
1677645900,1115.45,1117.95,1114.45,1117.5,4529
1677646200,1118.0,1118.0,1115.1,1115.75,5948
1677646500,1115.25,1118.4,1115.25,1117.3,3004
1677646800,1117.3,1117.75,1116.3,1116.8,2523
1677647100,1116.8,1117.9,1116.0,1116.95,2521
1677647400,1116.95,1117.5,1116.35,1116.65,4316
1677647700,1116.65,1117.3,1115.75,1116.85,1737
1677648000,1116.85,1118.75,1113.95,1114.45,9597
1677648300,1114.45,1115.45,1113.8,1115.0,3369
1677648600,1115.0,1116.75,1114.8,1115.0,1944
1677648900,1115.0,1115.95,1114.3,1115.65,2980
1677649200,1115.65,1116.95,1115.45,1116.95,2113
1677649500,1116.95,1117.0,1115.45,1115.45,2332
1677649800,1115.45,1116.3,1114.45,1115.2,1576
1677650100,1115.2,1116.0,1114.1,1114.3,1714
1677650400,1114.3,1115.25,1114.3,1115.25,1029
1677650700,1115.25,1115.9,1114.2,1114.2,1707
1677651000,1114.2,1115.2,1113.05,1113.5,5114
1677651300,1113.5,1114.9,1113.0,1114.15,3504
1677651600,1114.15,1114.8,1113.75,1114.55,2876
1677651900,1114.55,1116.75,1114.1,1116.75,4262
1677652200,1116.4,1117.45,1115.85,1117.0,4370
1677652500,1117.0,1117.5,1116.5,1117.05,24863
1677652800,1117.05,1117.05,1115.4,1115.6,13660
1677653100,1115.6,1117.05,1114.75,1114.75,2955
1677653400,1114.75,1116.0,1114.3,1114.65,3294
1677653700,1114.65,1115.35,1113.6,1114.45,2600
1677654000,1114.45,1116.3,1114.0,1115.05,6738
1677654300,1115.05,1115.8,1114.5,1115.2,5911
1677654600,1115.2,1115.65,1113.85,1114.5,50797
1677654900,1114.5,1114.6,1113.65,1114.3,5854
1677655200,1114.3,1114.75,1113.75,1114.0,6889
1677655500,1113.9,1114.4,1112.3,1113.1,4281
1677655800,1113.1,1114.0,1112.85,1112.95,3490
1677656100,1112.95,1114.7,1112.8,1114.7,5229
1677656400,1114.7,1114.7,1113.1,1113.35,2849
1677656700,1113.35,1114.25,1113.0,1113.05,4832
1677657000,1113.05,1113.05,1110.35,1111.15,9490
1677657300,1111.15,1112.8,1110.0,1112.7,6045
1677657600,1112.7,1112.7,1112.0,1112.1,3102
1677657900,1112.1,1114.5,1112.0,1114.0,5658
1677658200,1114.0,1114.15,1113.3,1114.0,6937
1677658500,1113.6,1114.4,1113.6,1114.0,3400
1677658800,1114.0,1114.5,1113.75,1114.0,3269
1677659100,1114.0,1114.45,1112.6,1112.6,3021
1677659400,1112.6,1114.4,1112.25,1114.35,2934
1677659700,1114.35,1117.0,1113.75,1116.5,13827
1677660000,1116.5,1116.75,1115.05,1115.4,5391
1677660300,1115.4,1116.0,1114.35,1114.75,4776
1677660600,1114.75,1116.0,1114.0,1115.65,12134
1677660900,1115.65,1116.0,1114.85,1115.95,8931
1677661200,1115.95,1117.0,1115.0,1115.55,10871
1677661500,1115.55,1116.5,1115.0,1115.15,5406
1677661800,1115.15,1116.8,1114.85,1116.5,15997
1677662100,1116.5,1117.0,1115.5,1115.8,12533
1677662400,1115.8,1116.5,1114.95,1114.95,10703
1677662700,1115.15,1115.85,1114.8,1115.8,12969
1677663000,1115.8,1118.8,1115.6,1117.05,47027
1677663300,1116.8,1118.9,1115.95,1117.15,21033
1677663600,1117.2,1118.9,1116.8,1117.7,18102
1677663900,1117.65,1120.0,1117.65,1119.65,23573
1677664200,1119.6,1122.6,1118.4,1121.3,33835
1677664500,1121.3,1122.9,1119.25,1122.0,12822
1677728700,1121.7,1123.0,1112.25,1113.75,14756
1677729000,1113.3,1119.8,1113.3,1115.75,10810
1677729300,1115.6,1116.15,1113.7,1114.0,8063
1677729600,1114.0,1115.8,1113.55,1115.0,9219
1677729900,1115.0,1115.35,1114.45,1114.75,7901
1677730200,1114.75,1115.55,1114.75,1115.25,12249
1677730500,1114.95,1115.15,1113.3,1114.55,6872
1677730800,1114.55,1115.0,1112.5,1113.4,5183
1677731100,1113.8,1114.5,1112.3,1112.35,4185
1677731400,1112.35,1114.75,1111.85,1112.8,3783
1677731700,1112.8,1112.9,1111.55,1111.65,2499
1677732000,1111.55,1113.2,1111.55,1112.2,3219
1677732300,1112.2,1112.8,1111.7,1112.8,3491
1677732600,1112.85,1113.25,1111.05,1111.15,1377
1677732900,1111.15,1113.2,1110.25,1113.05,3872
1677733200,1113.05,1115.1,1112.9,1112.9,8435
1677733500,1112.9,1114.6,1111.05,1112.95,11712
1677733800,1112.95,1113.9,1111.2,1111.3,5490
1677734100,1111.3,1111.7,1108.5,1110.4,8035
1677734400,1110.4,1110.4,1108.7,1109.4,6231
1677734700,1109.4,1111.35,1109.4,1110.6,8294
1677735000,1111.0,1111.45,1110.0,1110.25,1755
1677735300,1110.25,1110.3,1108.1,1108.75,5649
1677735600,1108.85,1110.05,1108.0,1108.0,4894
1677735900,1108.45,1110.5,1108.0,1109.7,7232
1677736200,1109.7,1110.5,1108.4,1109.65,3409
1677736500,1109.65,1110.95,1109.6,1110.95,2890
1677736800,1110.5,1111.35,1110.25,1110.45,2380
1677737100,1110.45,1110.95,1108.45,1108.8,4199
1677737400,1108.8,1110.0,1108.5,1109.4,1971
1677737700,1109.55,1109.95,1108.6,1108.95,3001
1677738000,1108.95,1109.85,1108.15,1109.0,2739
1677738300,1109.0,1109.0,1108.0,1108.0,1466
1677738600,1108.0,1108.45,1107.15,1108.15,4992
1677738900,1108.15,1109.2,1107.5,1108.1,2760
1677739200,1108.1,1109.25,1108.0,1109.0,6105
1677739500,1109.0,1109.45,1108.0,1108.55,5429
1677739800,1108.55,1108.65,1108.0,1108.15,1720
1677740100,1108.15,1108.25,1107.6,1107.6,4446
1677740400,1107.6,1107.65,1107.0,1107.05,4010
1677740700,1107.05,1107.05,1107.0,1107.0,3771
1677741000,1107.0,1107.95,1107.0,1107.05,3852
1677741300,1107.0,1107.45,1107.0,1107.05,4160
1677741600,1107.0,1107.0,1105.25,1105.55,6411
1677741900,1105.5,1106.0,1105.25,1105.55,2454
1677742200,1106.05,1106.6,1104.55,1104.9,3692
1677742500,1104.9,1107.55,1104.25,1107.55,12467
1677742800,1107.55,1108.5,1107.05,1107.55,5893
1677743100,1107.55,1107.55,1107.15,1107.15,5623
1677743400,1107.15,1107.2,1107.1,1107.1,5744
1677743700,1107.15,1108.45,1106.4,1108.45,10226
1677744000,1108.45,1109.2,1108.0,1108.4,13340
1677744300,1108.4,1108.45,1106.2,1106.5,7731
1677744600,1106.5,1106.5,1104.9,1105.0,3882
1677744900,1105.0,1105.25,1104.5,1104.9,3798
1677745200,1104.9,1105.15,1104.7,1104.75,1951
1677745500,1104.75,1105.15,1104.6,1104.7,2719
1677745800,1104.75,1104.75,1102.2,1103.4,6433
1677746100,1103.4,1103.4,1101.35,1101.9,5067
1677746400,1101.9,1103.5,1101.55,1102.9,6022
1677746700,1102.9,1103.55,1101.0,1102.05,10652
1677747000,1102.05,1102.6,1101.0,1101.45,5499
1677747300,1101.5,1102.25,1100.2,1101.95,11396
1677747600,1101.95,1103.15,1101.2,1102.45,7819
1677747900,1102.45,1102.45,1101.15,1102.2,8568
1677748200,1102.2,1102.2,1100.05,1100.35,7785
1677748500,1100.35,1101.55,1100.2,1100.85,8450
1677748800,1101.1,1101.95,1100.0,1100.65,8710
1677749100,1100.65,1101.35,1100.1,1101.3,8245
1677749400,1100.5,1101.75,1098.1,1099.7,13474
1677749700,1099.9,1100.3,1098.85,1100.05,12241
1677750000,1100.8,1101.35,1099.7,1100.3,7697
1677750300,1100.35,1100.35,1099.3,1099.6,13990
1677750600,1099.6,1100.7,1099.2,1100.7,15502
1677750900,1100.75,1102.85,1099.0,1100.05,19524
1677815100,1100.15,1110.5,1100.15,1105.15,18673
1677815400,1105.5,1107.2,1103.75,1107.2,18624
1677815700,1106.75,1107.65,1105.0,1107.65,4897
1677816000,1107.65,1108.0,1106.75,1107.5,5486
1677816300,1107.85,1109.7,1107.05,1107.55,10408
1677816600,1107.7,1111.0,1107.55,1109.0,19261
1677816900,1109.0,1114.95,1108.0,1111.3,107627
1677817200,1111.3,1112.85,1108.0,1108.15,4933
1677817500,1107.95,1109.75,1107.5,1108.5,37095
1677817800,1108.35,1110.0,1108.0,1109.1,25069
1677818100,1109.0,1111.6,1108.8,1110.85,17038
1677818400,1110.85,1114.0,1110.55,1113.25,20805
1677818700,1113.5,1114.0,1110.0,1114.0,26023
1677819000,1114.0,1117.0,1113.5,1116.65,7233
1677819300,1116.65,1117.6,1115.45,1116.2,8160
1677819600,1116.2,1116.4,1113.8,1115.6,5192
1677819900,1115.6,1116.35,1114.5,1115.4,4177
1677820200,1115.95,1116.35,1114.55,1115.2,5578
1677820500,1115.05,1116.55,1115.05,1116.55,3981
1677820800,1116.55,1116.8,1115.5,1115.6,3115
1677821100,1115.6,1117.0,1114.7,1115.35,4229
1677821400,1115.35,1118.55,1115.35,1118.0,13001
1677821700,1118.0,1118.75,1115.55,1115.9,6894
1677822000,1116.0,1117.35,1115.2,1115.75,10806
1677822300,1115.75,1116.0,1114.5,1115.4,3366
1677822600,1115.45,1118.35,1115.4,1117.35,6325
1677822900,1117.6,1120.0,1117.4,1119.35,8204
1677823200,1119.5,1121.15,1118.3,1120.75,19673
1677823500,1120.75,1121.6,1119.6,1121.3,10020
1677823800,1121.3,1122.0,1119.7,1121.0,8331
1677824100,1121.45,1123.9,1121.45,1123.6,8972
1677824400,1123.6,1123.9,1122.35,1122.4,6467
1677824700,1122.95,1124.7,1122.4,1124.7,5402
1677825000,1124.55,1125.25,1122.45,1123.75,10490
1677825300,1123.9,1124.35,1120.95,1121.1,9051
1677825600,1121.1,1122.9,1120.35,1122.55,10701
1677825900,1122.55,1125.3,1121.8,1124.9,7332
1677826200,1124.95,1127.0,1124.0,1125.05,8790
1677826500,1125.3,1126.7,1124.15,1125.85,6829
1677826800,1125.45,1126.25,1124.4,1125.75,9814
1677827100,1125.8,1126.05,1124.05,1125.1,9707
1677827400,1125.1,1126.0,1123.85,1124.0,11985
1677827700,1124.3,1125.5,1123.25,1125.0,8808
1677828000,1125.0,1126.0,1124.9,1125.65,6371
1677828300,1125.5,1125.9,1124.1,1124.2,4840
1677828600,1124.2,1125.9,1124.2,1125.5,3759
1677828900,1125.95,1126.5,1124.9,1125.6,5742
1677829200,1125.6,1126.6,1125.45,1126.0,4567
1677829500,1126.0,1126.8,1125.95,1126.65,4855
1677829800,1126.65,1126.95,1125.0,1125.35,5730
1677830100,1125.45,1126.6,1125.2,1125.65,4699
1677830400,1125.65,1126.55,1125.15,1125.5,5261
1677830700,1125.5,1127.35,1125.5,1126.7,6086
1677831000,1126.7,1127.45,1125.75,1127.3,5054
1677831300,1127.3,1127.7,1126.0,1126.15,5173
1677831600,1126.15,1126.95,1125.55,1126.45,3826
1677831900,1126.45,1127.85,1126.0,1126.25,4591
1677832200,1126.25,1128.0,1125.85,1127.85,7413
1677832500,1128.0,1129.15,1127.15,1128.2,6625
1677832800,1128.4,1129.5,1128.15,1128.25,7235
1677833100,1128.25,1129.5,1128.1,1128.4,7582
1677833400,1128.7,1129.45,1128.3,1129.25,6777
1677833700,1129.25,1130.95,1129.0,1130.55,11190
1677834000,1130.55,1132.45,1129.75,1130.85,15133
1677834300,1132.1,1132.7,1131.35,1132.4,17994
1677834600,1132.0,1132.4,1129.85,1130.3,18049
1677834900,1130.3,1131.1,1128.7,1130.5,18085
1677835200,1130.1,1131.3,1129.35,1130.25,18687
1677835500,1130.25,1131.9,1129.55,1130.25,18166
1677835800,1130.35,1130.5,1128.0,1128.8,19687
1677836100,1129.5,1129.55,1127.4,1128.6,14644
1677836400,1128.3,1129.45,1127.2,1128.55,23796
1677836700,1128.5,1130.0,1128.0,1129.1,26104
1677837000,1128.95,1131.0,1128.6,1130.45,30489
1677837300,1130.6,1131.45,1127.1,1131.0,24704
1678074300,1132.0,1135.9,1127.05,1135.7,26687
1678074600,1135.0,1139.0,1134.7,1136.95,24319
1678074900,1136.95,1139.95,1136.5,1139.35,12046
1678075200,1139.35,1140.5,1137.0,1140.3,12446
1678075500,1140.4,1140.5,1138.6,1140.5,6713
1678075800,1140.5,1141.35,1138.45,1139.85,10387
1678076100,1139.85,1143.85,1139.5,1142.0,22708
1678076400,1142.2,1143.15,1140.0,1141.2,6992
1678076700,1141.2,1143.9,1140.5,1141.85,9389
1678077000,1141.85,1143.95,1141.8,1143.45,2967
1678077300,1143.45,1145.0,1143.0,1144.0,5863
1678077600,1144.0,1144.75,1143.85,1143.9,2640
1678077900,1143.8,1145.95,1141.85,1142.85,11054
1678078200,1142.5,1143.25,1139.45,1139.85,26813
1678078500,1139.85,1142.85,1138.8,1141.35,47987
1678078800,1140.5,1141.65,1139.05,1139.4,8096
1678079100,1139.4,1141.95,1139.1,1140.0,171620
1678079400,1140.0,1140.5,1135.7,1135.7,8662
1678079700,1135.05,1139.5,1135.05,1136.15,14256
1678080000,1136.4,1136.5,1135.2,1135.2,4538
1678080300,1135.2,1135.95,1135.0,1135.3,6567
1678080600,1135.3,1135.8,1134.75,1135.05,10222
1678080900,1135.05,1139.0,1135.05,1138.5,9757
1678081200,1138.5,1139.0,1135.65,1135.75,4753
1678081500,1135.75,1136.8,1133.8,1136.8,3808
1678081800,1136.45,1136.95,1135.05,1135.5,782
1678082100,1135.5,1136.8,1135.45,1136.75,679
1678082400,1136.75,1137.75,1136.75,1137.3,1931
1678082700,1137.3,1138.3,1136.85,1138.3,1022
1678083000,1138.3,1138.85,1137.45,1138.4,833
1678083300,1138.05,1138.5,1137.1,1137.45,1094
1678083600,1137.45,1138.45,1136.3,1136.55,1659
1678083900,1136.55,1137.6,1136.55,1136.85,1830
1678084200,1136.85,1137.4,1136.65,1137.35,335
1678084500,1136.7,1137.4,1136.35,1136.95,1595
1678084800,1136.95,1136.95,1135.5,1136.5,2689
1678085100,1136.5,1136.5,1135.8,1135.9,190
1678085400,1135.9,1135.9,1135.05,1135.25,2630
1678085700,1135.25,1137.05,1135.0,1137.05,40175
1678086000,1137.05,1139.35,1136.0,1136.6,7950
1678086300,1136.0,1136.6,1135.8,1135.8,7115
1678086600,1135.8,1137.7,1135.8,1137.4,8819
1678086900,1137.1,1138.15,1136.65,1138.15,9176
1678087200,1138.15,1138.25,1137.4,1138.05,10749
1678087500,1138.05,1138.25,1137.55,1138.25,1874
1678087800,1138.5,1139.0,1138.3,1138.95,2974
1678088100,1139.0,1140.05,1138.9,1139.0,15933
1678088400,1139.0,1140.0,1138.5,1140.0,6789
1678088700,1140.0,1140.3,1137.3,1138.2,12105
1678089000,1138.3,1139.4,1138.2,1139.0,10023
1678089300,1139.0,1139.25,1136.1,1136.4,7532
1678089600,1136.1,1136.6,1135.05,1135.05,8136
1678089900,1135.05,1135.05,1131.1,1132.2,9334
1678090200,1132.2,1132.55,1130.0,1130.0,7383
1678090500,1130.0,1131.75,1129.2,1131.75,3168
1678090800,1131.75,1131.75,1130.0,1130.8,4803
1678091100,1130.5,1132.75,1130.3,1132.75,10268
1678091400,1132.3,1134.0,1132.3,1133.6,7601
1678091700,1133.6,1133.95,1133.0,1133.65,2328
1678092000,1133.65,1134.5,1133.0,1133.4,8378
1678092300,1133.4,1137.15,1133.05,1134.45,10147
1678092600,1134.45,1135.6,1134.0,1135.0,4788
1678092900,1134.6,1135.1,1133.25,1133.25,12823
1678093200,1133.25,1134.9,1133.25,1134.05,12537
1678093500,1133.75,1134.75,1132.3,1133.05,17488
1678093800,1132.7,1133.0,1129.4,1129.55,9713
1678094100,1129.55,1131.45,1129.35,1131.0,10316
1678094400,1131.0,1131.55,1131.0,1131.3,8637
1678094700,1131.0,1131.45,1131.0,1131.25,8816
1678095000,1131.0,1131.25,1125.55,1125.6,25863
1678095300,1125.55,1129.85,1125.0,1129.85,25467
1678095600,1129.05,1129.45,1128.0,1128.35,18854
1678095900,1129.6,1129.75,1128.05,1129.3,25082
1678096200,1129.3,1129.85,1128.45,1129.4,19837
1678096500,1129.4,1134.7,1129.0,1132.1,18029
1678247100,1130.0,1140.35,1129.95,1136.4,45469
1678247400,1136.5,1137.25,1129.75,1131.9,52090
1678247700,1131.9,1134.0,1129.05,1133.5,17383
1678248000,1133.5,1140.0,1133.5,1140.0,15432
1678248300,1139.5,1141.3,1136.95,1137.0,13033
1678248600,1137.0,1137.7,1133.05,1133.5,25973
1678248900,1133.5,1134.0,1129.45,1129.75,31357
1678249200,1130.0,1130.0,1125.5,1125.55,14159
1678249500,1125.55,1128.85,1125.55,1128.5,7972
1678249800,1128.5,1129.5,1126.65,1127.25,10017
1678250100,1127.25,1128.0,1126.45,1127.4,7888
1678250400,1127.0,1127.55,1126.05,1126.6,3430
1678250700,1126.6,1127.0,1124.85,1126.6,7617
1678251000,1126.6,1127.35,1125.55,1126.0,3052
1678251300,1126.0,1126.25,1123.5,1123.65,2100
1678251600,1123.65,1125.8,1123.65,1124.45,4846
1678251900,1124.45,1124.95,1124.05,1124.9,3068
1678252200,1124.9,1124.95,1124.05,1124.5,2774
1678252500,1124.95,1127.65,1124.5,1126.4,7550
1678252800,1126.4,1127.05,1125.0,1125.3,2522
1678253100,1125.3,1127.25,1125.3,1125.55,1697
1678253400,1125.55,1126.0,1124.3,1125.0,2329
1678253700,1125.0,1125.1,1123.0,1124.65,2703
1678254000,1124.65,1124.65,1123.55,1124.05,707
1678254300,1124.05,1124.65,1121.5,1122.1,14151
1678254600,1122.1,1122.1,1119.15,1120.0,19652
1678254900,1120.0,1120.0,1118.4,1118.7,4331
1678255200,1118.5,1119.7,1118.1,1119.2,3377
1678255500,1119.2,1120.0,1118.3,1118.5,4289
1678255800,1118.4,1119.2,1118.0,1118.05,1642
1678256100,1118.0,1118.05,1114.1,1114.7,33028
1678256400,1114.7,1115.5,1114.55,1115.0,10545
1678256700,1115.0,1115.0,1113.45,1113.75,8710
1678257000,1113.75,1114.05,1111.55,1111.8,17165
1678257300,1112.0,1113.4,1110.7,1112.15,23512
1678257600,1112.5,1114.7,1112.45,1114.0,7998
1678257900,1114.15,1115.6,1113.5,1115.0,14513
1678258200,1115.0,1115.85,1114.7,1114.7,5263
1678258500,1114.7,1115.15,1113.55,1114.25,3959
1678258800,1114.25,1115.15,1113.1,1113.1,4374
1678259100,1113.15,1113.75,1112.35,1112.7,6033
1678259400,1112.7,1113.4,1112.6,1113.0,2147
1678259700,1113.0,1114.7,1113.0,1113.6,3471
1678260000,1113.6,1115.85,1113.6,1115.1,3342
1678260300,1115.1,1115.7,1114.35,1115.15,3412
1678260600,1115.15,1115.2,1114.55,1115.2,3362
1678260900,1115.2,1117.1,1115.15,1115.2,8868
1678261200,1115.2,1116.45,1115.2,1116.45,5717
1678261500,1116.45,1119.95,1116.45,1118.45,85908
1678261800,1118.45,1119.3,1116.95,1119.3,19760
1678262100,1119.3,1119.95,1116.0,1116.05,22910
1678262400,1116.05,1120.5,1116.05,1119.65,8342
1678262700,1119.65,1121.55,1119.6,1121.55,3520
1678263000,1121.55,1122.05,1120.25,1121.05,7886
1678263300,1121.05,1122.95,1121.05,1122.15,5953
1678263600,1122.15,1123.8,1121.95,1123.8,3586
1678263900,1123.8,1124.25,1122.4,1123.5,3943
1678264200,1123.75,1124.0,1122.0,1122.8,1627
1678264500,1122.8,1123.45,1121.75,1122.55,5304
1678264800,1122.65,1123.0,1121.25,1121.45,4037
1678265100,1121.5,1122.0,1121.05,1121.25,1757
1678265400,1121.25,1122.0,1121.25,1121.65,2384
1678265700,1121.35,1122.0,1121.0,1121.8,2510
1678266000,1121.8,1122.0,1121.0,1121.3,2016
1678266300,1121.3,1121.95,1120.15,1120.25,4011
1678266600,1120.25,1121.0,1119.85,1120.5,2741
1678266900,1120.5,1122.5,1120.05,1122.15,2252
1678267200,1122.15,1122.15,1121.1,1122.15,1305
1678267500,1122.15,1124.25,1121.45,1123.45,6457
1678267800,1123.45,1129.1,1123.45,1128.3,28755
1678268100,1128.15,1130.0,1127.75,1129.95,25219
1678268400,1129.95,1132.0,1126.45,1127.25,80918
1678268700,1127.25,1130.45,1126.6,1129.9,59565
1678269000,1129.85,1130.2,1128.0,1128.85,37421
1678269300,1128.65,1129.5,1122.45,1129.5,28056
1678333500,1129.2,1134.7,1121.0,1123.5,24578
1678333800,1123.5,1123.5,1119.0,1119.05,16502
1678334100,1119.05,1119.05,1117.0,1118.15,20307
1678334400,1118.15,1118.8,1115.3,1115.4,13553
1678334700,1115.9,1118.5,1115.65,1117.1,18890
1678335000,1117.1,1117.3,1113.8,1113.85,13306
1678335300,1113.85,1116.75,1113.75,1116.4,6726
1678335600,1116.0,1116.4,1114.6,1115.75,4937
1678335900,1115.75,1116.05,1112.3,1112.3,11817
1678336200,1112.3,1113.0,1111.1,1112.45,19457
1678336500,1113.0,1114.3,1112.35,1112.5,9663
1678336800,1112.5,1112.8,1110.2,1111.2,24652
1678337100,1111.2,1111.45,1108.7,1109.95,21352
1678337400,1109.55,1112.55,1109.0,1111.95,21168
1678337700,1111.75,1113.6,1111.0,1113.4,8621
1678338000,1113.4,1113.8,1112.65,1113.0,5318
1678338300,1113.0,1113.0,1111.15,1111.2,3899
1678338600,1111.3,1111.75,1111.0,1111.35,2925
1678338900,1111.2,1111.75,1108.65,1110.95,31023
1678339200,1110.6,1116.2,1110.2,1115.6,60361
1678339500,1115.6,1119.4,1115.45,1119.0,20968
1678339800,1119.4,1120.0,1116.8,1116.8,16358
1678340100,1116.8,1117.0,1115.45,1116.45,6348
1678340400,1116.45,1116.7,1112.45,1112.95,14617
1678340700,1112.95,1114.5,1112.65,1113.95,181673
1678341000,1113.95,1113.95,1112.5,1113.0,4268
1678341300,1113.45,1114.25,1113.0,1114.0,3198
1678341600,1114.0,1114.0,1113.15,1113.3,2460
1678341900,1113.3,1114.0,1113.25,1113.9,5066
1678342200,1113.95,1114.0,1113.5,1113.75,8175
1678342500,1113.75,1114.0,1113.2,1114.0,4663
1678342800,1114.0,1114.0,1111.0,1111.95,9508
1678343100,1111.95,1112.5,1111.3,1111.95,2973
1678343400,1111.95,1112.0,1110.6,1110.75,3821
1678343700,1110.75,1111.0,1110.5,1110.55,7921
1678344000,1110.75,1111.0,1110.55,1110.6,4246
1678344300,1110.6,1111.0,1110.0,1110.0,5372
1678344600,1110.0,1110.75,1110.0,1110.0,4065
1678344900,1110.0,1110.25,1109.35,1109.7,4068
1678345200,1109.5,1110.0,1109.0,1109.0,5534
1678345500,1109.0,1111.55,1109.0,1110.9,23285
1678345800,1110.9,1112.8,1110.75,1111.45,5445
1678346100,1111.45,1111.45,1109.55,1109.95,2836
1678346400,1109.95,1110.45,1109.4,1110.05,3929
1678346700,1109.85,1113.4,1109.85,1113.3,6850
1678347000,1113.05,1114.0,1112.4,1113.1,6464
1678347300,1113.1,1113.1,1112.55,1113.05,4685
1678347600,1113.05,1113.55,1112.9,1113.0,3673
1678347900,1112.9,1113.7,1112.8,1113.7,4189
1678348200,1113.7,1114.3,1111.95,1112.2,3525
1678348500,1112.2,1114.3,1111.7,1113.1,12597
1678348800,1113.1,1113.1,1110.5,1111.0,4128
1678349100,1110.8,1111.7,1109.2,1109.2,5256
1678349400,1109.2,1109.75,1108.1,1108.3,5816
1678349700,1108.3,1108.4,1106.0,1106.0,16279
1678350000,1106.0,1106.7,1105.7,1106.0,8623
1678350300,1106.0,1106.1,1105.0,1105.0,10101
1678350600,1105.05,1106.65,1103.2,1106.2,24854
1678350900,1106.1,1106.75,1105.0,1105.3,14200
1678351200,1105.3,1105.5,1105.0,1105.4,10612
1678351500,1105.4,1105.4,1103.65,1103.75,9702
1678351800,1103.75,1105.45,1103.0,1105.1,21786
1678352100,1105.1,1105.1,1104.05,1104.45,8048
1678352400,1104.45,1104.6,1102.0,1102.35,12173
1678352700,1102.1,1103.45,1102.0,1103.2,11897
1678353000,1103.9,1104.0,1102.5,1104.0,12733
1678353300,1104.05,1106.35,1103.85,1105.0,15109
1678353600,1105.0,1105.55,1104.0,1104.75,10526
1678353900,1104.75,1104.95,1102.0,1102.7,21634
1678354200,1102.75,1102.8,1100.25,1100.65,22836
1678354500,1100.75,1101.8,1100.0,1100.0,32397
1678354800,1100.8,1100.9,1098.0,1098.05,37692
1678355100,1098.35,1098.35,1093.35,1094.25,58509
1678355400,1094.25,1095.0,1092.0,1094.6,68623
1678355700,1094.8,1097.5,1094.0,1097.5,63484
1678419900,1093.0,1096.5,1087.65,1091.75,28380
1678420200,1091.35,1091.35,1086.05,1089.3,20537
1678420500,1089.3,1093.65,1087.85,1091.35,15096
1678420800,1091.6,1091.6,1087.9,1089.75,11257
1678421100,1089.75,1090.1,1084.65,1086.5,14231
1678421400,1086.5,1087.1,1083.95,1085.1,12539
1678421700,1085.1,1087.65,1084.85,1086.2,11283
1678422000,1086.2,1087.3,1085.25,1086.95,36065
1678422300,1086.95,1091.95,1086.95,1091.0,21070
1678422600,1091.0,1093.0,1089.45,1092.75,14201
1678422900,1093.0,1099.0,1092.7,1096.65,56608
1678423200,1096.85,1097.25,1095.0,1096.0,13697
1678423500,1096.45,1096.5,1095.45,1096.0,8963
1678423800,1096.0,1096.45,1095.4,1095.55,7155
1678424100,1095.55,1095.6,1094.35,1095.0,8401
1678424400,1095.0,1095.1,1093.35,1094.45,12364
1678424700,1094.45,1095.95,1094.3,1094.95,8720
1678425000,1094.95,1095.0,1094.05,1094.15,5864
1678425300,1094.15,1094.2,1093.6,1093.65,4760
1678425600,1093.65,1095.1,1093.4,1093.7,6731
1678425900,1093.8,1095.2,1093.0,1095.1,6049
1678426200,1095.1,1095.3,1094.0,1094.0,5733
1678426500,1094.0,1096.45,1094.0,1096.15,4413
1678426800,1096.35,1097.5,1094.6,1095.0,8815
1678427100,1095.0,1096.7,1095.0,1095.85,4712
1678427400,1095.85,1096.5,1095.4,1095.65,2619
1678427700,1095.65,1096.35,1094.6,1094.95,3025
1678428000,1094.8,1097.35,1094.6,1095.2,13826
1678428300,1095.2,1095.6,1093.15,1093.95,9315
1678428600,1094.0,1095.45,1094.0,1094.9,7247
1678428900,1094.9,1095.45,1094.2,1094.95,5133
1678429200,1095.0,1095.5,1094.85,1094.95,4939
1678429500,1094.95,1095.45,1094.85,1094.95,4197
1678429800,1095.05,1095.1,1094.5,1094.75,4660
1678430100,1094.8,1096.95,1094.75,1096.95,5767
1678430400,1096.95,1100.55,1095.55,1096.5,40556
1678430700,1096.7,1096.7,1095.0,1095.3,7741
1678431000,1095.3,1095.65,1094.45,1094.55,7344
1678431300,1094.55,1095.35,1093.85,1093.85,8383
1678431600,1093.85,1097.0,1093.55,1095.0,11847
1678431900,1095.05,1095.1,1093.0,1093.0,7520
1678432200,1093.0,1093.75,1091.9,1093.05,14525
1678432500,1093.0,1095.1,1092.55,1094.65,9971
1678432800,1094.65,1096.4,1094.6,1096.05,6427
1678433100,1096.0,1097.35,1096.0,1096.6,6161
1678433400,1096.65,1097.95,1096.3,1097.7,5497
1678433700,1097.65,1098.5,1097.65,1097.8,4844
1678434000,1097.8,1098.7,1097.05,1097.05,5011
1678434300,1097.05,1097.6,1096.55,1097.35,3338
1678434600,1097.35,1097.9,1096.0,1096.1,9781
1678434900,1096.05,1098.5,1096.0,1098.45,3502
1678435200,1098.3,1099.55,1098.25,1099.0,6092
1678435500,1099.0,1099.95,1098.35,1099.5,8957
1678435800,1099.35,1099.9,1096.0,1097.1,13481
1678436100,1097.1,1097.45,1096.5,1096.55,4177
1678436400,1096.95,1099.1,1096.55,1097.5,5611
1678436700,1097.5,1099.55,1097.0,1098.8,3965
1678437000,1098.85,1099.75,1098.0,1098.75,6336
1678437300,1098.0,1099.5,1097.7,1099.2,5307
1678437600,1099.2,1099.2,1097.7,1097.7,3899
1678437900,1097.7,1097.8,1096.3,1096.75,6914
1678438200,1096.65,1098.0,1096.35,1098.0,3747
1678438500,1098.0,1098.0,1096.95,1097.65,3645
1678438800,1097.65,1098.0,1097.55,1098.0,4999
1678439100,1097.95,1098.0,1096.0,1096.05,11420
1678439400,1096.05,1096.1,1091.15,1091.25,18862
1678439700,1091.05,1093.35,1089.0,1091.95,53761
1678440000,1091.85,1092.0,1090.05,1091.5,19427
1678440300,1091.65,1091.65,1090.1,1090.65,14805
1678440600,1091.2,1095.6,1091.2,1095.05,24221
1678440900,1095.05,1096.0,1094.55,1095.95,20560
1678441200,1096.05,1096.8,1095.85,1096.6,18361
1678441500,1096.6,1097.7,1096.0,1096.0,23210
1678441800,1096.0,1096.9,1096.0,1096.5,24869
1678442100,1096.55,1097.0,1096.0,1096.9,23241
1678679100,1092.0,1094.65,1082.05,1094.65,44924
1678679400,1094.7,1098.75,1094.55,1098.45,18296
1678679700,1098.45,1101.4,1097.9,1098.25,10887
1678680000,1098.25,1100.2,1098.25,1098.35,5275
1678680300,1098.35,1098.35,1095.0,1095.6,4794
1678680600,1095.6,1097.5,1093.35,1094.6,4302
1678680900,1094.6,1097.8,1092.8,1097.0,4763
1678681200,1096.45,1097.4,1095.55,1097.0,3318
1678681500,1097.0,1098.0,1096.25,1097.5,2535
1678681800,1096.75,1098.65,1096.7,1098.15,7262
1678682100,1098.15,1098.15,1095.25,1095.9,4481
1678682400,1095.9,1096.75,1093.55,1094.75,9389
1678682700,1094.75,1095.6,1093.55,1093.7,4120
1678683000,1093.7,1093.7,1091.85,1092.1,5496
1678683300,1092.1,1092.5,1090.0,1091.05,8460
1678683600,1091.05,1091.05,1088.7,1088.75,8570
1678683900,1088.75,1089.7,1087.7,1087.8,7641
1678684200,1087.8,1088.3,1087.3,1087.75,2838
1678684500,1087.75,1089.95,1087.25,1089.65,25311
1678684800,1089.65,1090.55,1086.0,1086.0,26310
1678685100,1085.75,1086.35,1085.25,1086.35,4087
1678685400,1086.35,1086.35,1083.85,1084.9,4426
1678685700,1084.9,1085.7,1084.25,1085.3,2333
1678686000,1085.3,1085.3,1083.9,1085.0,3620
1678686300,1085.0,1085.25,1084.9,1084.9,4198
1678686600,1084.9,1085.25,1084.05,1084.35,1734
1678686900,1084.35,1085.0,1084.15,1084.15,1105
1678687200,1084.15,1084.15,1082.5,1082.95,2438
1678687500,1082.95,1084.95,1082.65,1084.45,3340
1678687800,1084.4,1084.55,1080.0,1080.05,16579
1678688100,1080.45,1084.15,1079.0,1084.1,23840
1678688400,1084.25,1084.55,1081.0,1081.0,3899
1678688700,1081.0,1083.3,1081.0,1083.3,2962
1678689000,1083.3,1083.3,1080.0,1080.5,4695
1678689300,1080.5,1080.5,1078.7,1079.05,7216
1678689600,1079.05,1079.45,1078.3,1079.0,5161
1678689900,1079.0,1079.2,1078.0,1079.0,2869
1678690200,1079.0,1079.7,1078.1,1078.85,3512
1678690500,1078.2,1078.45,1076.5,1077.15,4622
1678690800,1077.15,1077.55,1074.55,1075.3,12410
1678691100,1075.3,1075.4,1074.1,1074.95,6136
1678691400,1074.4,1075.0,1072.45,1072.6,5577
1678691700,1072.4,1073.65,1070.45,1071.5,22539
1678692000,1071.5,1072.75,1070.7,1071.9,11919
1678692300,1071.85,1072.25,1069.65,1069.65,20755
1678692600,1069.75,1072.75,1069.65,1071.95,25354
1678692900,1071.95,1075.25,1071.6,1075.0,26271
1678693200,1075.15,1075.75,1074.55,1074.9,5466
1678693500,1075.1,1076.65,1074.95,1076.0,20250
1678693800,1076.0,1076.8,1075.8,1076.8,22015
1678694100,1076.8,1076.8,1075.2,1075.7,5995
1678694400,1075.7,1076.35,1074.5,1075.6,8277
1678694700,1075.6,1075.6,1074.1,1074.9,5517
1678695000,1074.75,1075.9,1073.85,1075.45,6499
1678695300,1075.55,1077.85,1075.0,1077.85,40673
1678695600,1077.6,1078.95,1076.9,1077.35,6623
1678695900,1076.95,1078.55,1075.75,1075.75,4908
1678696200,1075.75,1076.15,1074.05,1074.35,6328
1678696500,1074.25,1074.95,1070.45,1070.7,8288
1678696800,1070.95,1071.7,1068.2,1069.6,36380
1678697100,1069.55,1072.0,1069.5,1071.6,18370
1678697400,1071.15,1071.45,1069.0,1069.75,13515
1678697700,1069.75,1070.0,1069.0,1069.5,5609
1678698000,1069.5,1069.55,1068.4,1069.0,5048
1678698300,1069.05,1069.4,1066.15,1067.5,15214
1678698600,1067.5,1069.85,1067.35,1069.85,6496
1678698900,1069.25,1071.25,1068.25,1071.15,11149
1678699200,1070.95,1071.3,1069.4,1069.85,5804
1678699500,1069.9,1070.85,1069.0,1069.85,8639
1678699800,1069.65,1070.0,1067.5,1069.15,20661
1678700100,1069.15,1069.7,1068.0,1069.7,15661
1678700400,1069.4,1070.0,1069.05,1069.95,19015
1678700700,1069.7,1073.4,1069.2,1071.95,21464
1678701000,1071.95,1076.75,1071.85,1076.75,38691
1678701300,1076.85,1079.25,1070.75,1077.0,49167
1678765500,1074.8,1079.95,1072.6,1074.4,20887
1678765800,1074.3,1078.3,1073.2,1075.0,15737
1678766100,1074.85,1083.6,1074.05,1083.45,19399
1678766400,1083.3,1088.8,1079.8,1088.8,40691
1678766700,1088.65,1092.55,1086.05,1091.85,70096
1678767000,1091.85,1091.95,1085.0,1086.45,31800
1678767300,1085.95,1086.85,1084.9,1085.15,17473
1678767600,1085.2,1088.0,1082.3,1087.5,12419
1678767900,1087.5,1092.05,1087.0,1091.45,22270
1678768200,1091.85,1091.85,1089.9,1091.0,23997
1678768500,1091.0,1091.2,1089.75,1090.0,21555
1678768800,1090.0,1090.85,1088.45,1088.45,13669
1678769100,1088.7,1089.4,1083.45,1084.05,21448
1678769400,1083.45,1087.35,1083.45,1084.35,11014
1678769700,1084.3,1086.85,1084.0,1086.2,9266
1678770000,1086.2,1086.7,1083.25,1085.5,29771
1678770300,1085.5,1088.3,1084.65,1088.0,9374
1678770600,1087.45,1088.7,1087.4,1087.5,5987
1678770900,1087.5,1088.85,1085.5,1086.0,4889
1678771200,1086.0,1086.0,1084.0,1084.05,3873
1678771500,1084.05,1084.5,1081.05,1082.0,12203
1678771800,1082.0,1082.7,1080.0,1082.1,8332
1678772100,1082.1,1082.1,1080.05,1080.6,4974
1678772400,1080.6,1082.95,1080.1,1082.75,5062
1678772700,1082.15,1082.95,1081.05,1081.4,3041
1678773000,1081.4,1083.65,1081.0,1081.1,5500
1678773300,1081.1,1082.75,1081.1,1082.1,3573
1678773600,1082.1,1082.4,1081.1,1081.25,3528
1678773900,1081.25,1082.85,1081.15,1081.7,4719
1678774200,1081.7,1081.95,1081.2,1081.85,2365
1678774500,1081.85,1081.85,1078.0,1078.0,8771
1678774800,1078.0,1081.0,1076.25,1077.7,13690
1678775100,1077.7,1078.65,1076.2,1078.0,5374
1678775400,1077.45,1078.1,1076.0,1076.45,3752
1678775700,1076.45,1078.55,1076.0,1077.0,5078
1678776000,1077.0,1077.75,1075.05,1075.1,5850
1678776300,1075.1,1075.7,1074.45,1075.2,6452
1678776600,1075.2,1079.9,1075.2,1078.85,8058
1678776900,1079.25,1085.0,1078.9,1084.85,12655
1678777200,1084.85,1085.9,1082.25,1082.9,3891
1678777500,1082.9,1084.15,1081.4,1082.1,7444
1678777800,1082.1,1082.25,1076.4,1078.2,7433
1678778100,1078.2,1078.2,1075.5,1076.0,5674
1678778400,1076.0,1077.6,1072.7,1073.1,10677
1678778700,1073.15,1074.95,1072.5,1072.65,8037
1678779000,1072.75,1073.25,1071.3,1072.5,7150
1678779300,1072.55,1075.0,1072.0,1072.05,9180
1678779600,1072.2,1073.25,1071.65,1072.65,6452
1678779900,1072.45,1073.45,1071.0,1072.35,9079
1678780200,1072.35,1073.1,1071.45,1072.05,7097
1678780500,1071.9,1074.2,1071.75,1074.0,34551
1678780800,1073.75,1075.65,1072.55,1072.55,9078
1678781100,1072.6,1074.7,1071.55,1072.0,24679
1678781400,1071.9,1074.5,1071.9,1074.2,15158
1678781700,1074.15,1077.85,1073.6,1077.7,46662
1678782000,1077.3,1078.0,1073.8,1077.0,25765
1678782300,1076.85,1078.95,1076.0,1078.05,85566
1678782600,1077.7,1077.95,1076.5,1077.2,9835
1678782900,1077.25,1080.0,1077.05,1078.5,8940
1678783200,1078.2,1078.75,1076.75,1077.55,13246
1678783500,1077.5,1079.95,1075.05,1079.5,11678
1678783800,1079.5,1081.35,1078.8,1081.25,10898
1678784100,1081.15,1082.2,1079.55,1080.45,26277
1678784400,1080.35,1080.45,1076.4,1076.75,11135
1678784700,1076.7,1077.65,1075.0,1075.0,12395
1678785000,1074.75,1075.9,1072.35,1073.7,9267
1678785300,1073.3,1074.95,1073.0,1074.9,7923
1678785600,1074.9,1074.9,1073.0,1073.55,6828
1678785900,1073.55,1076.65,1073.2,1075.9,15468
1678786200,1076.15,1080.2,1072.65,1073.75,13038
1678786500,1073.75,1076.6,1073.0,1076.6,12356
1678786800,1076.1,1077.45,1074.35,1076.15,17208
1678787100,1076.5,1077.9,1075.6,1076.4,15980
1678787400,1076.4,1080.0,1076.4,1080.0,13986
1678787700,1080.15,1081.85,1076.05,1078.05,20199
1678851900,1080.0,1081.4,1068.95,1071.45,31448
1678852200,1071.9,1072.35,1067.35,1070.55,34036
1678852500,1070.75,1070.95,1065.95,1067.9,16000
1678852800,1067.9,1068.0,1064.0,1065.65,15734
1678853100,1065.95,1068.7,1064.15,1064.95,12095
1678853400,1064.95,1065.0,1062.0,1064.05,20312
1678853700,1064.05,1066.55,1063.55,1065.45,12800
1678854000,1065.45,1070.75,1065.45,1070.1,28415
1678854300,1069.65,1071.6,1068.7,1069.55,11910
1678854600,1069.95,1070.0,1067.2,1067.75,20109
1678854900,1067.75,1073.4,1066.9,1070.1,19302
1678855200,1070.1,1071.35,1069.55,1071.15,11124
1678855500,1071.15,1074.8,1070.2,1072.8,18505
1678855800,1072.8,1074.75,1072.3,1073.55,19102
1678856100,1073.25,1073.5,1069.0,1069.0,23942
1678856400,1069.05,1069.55,1068.15,1069.05,10882
1678856700,1068.5,1070.15,1066.8,1066.85,22911
1678857000,1066.95,1067.45,1066.0,1066.35,21396
1678857300,1066.35,1066.8,1065.4,1066.1,18407
1678857600,1066.2,1067.55,1066.0,1066.1,8514
1678857900,1066.1,1066.95,1065.7,1065.95,7288
1678858200,1066.1,1067.65,1065.95,1067.65,13810
1678858500,1067.65,1068.8,1066.0,1067.65,9067
1678858800,1067.45,1067.45,1066.1,1067.0,6567
1678859100,1067.3,1071.95,1066.85,1070.0,9662
1678859400,1070.0,1071.7,1069.5,1070.55,5498
1678859700,1070.55,1073.1,1070.0,1072.0,247080
1678860000,1072.25,1072.85,1070.45,1070.85,13174
1678860300,1070.85,1071.0,1070.0,1070.3,7615
1678860600,1070.55,1070.8,1070.05,1070.1,12114
1678860900,1070.15,1070.85,1070.1,1070.35,9556
1678861200,1070.35,1071.25,1070.0,1070.5,13308
1678861500,1070.5,1071.25,1070.2,1071.05,8769
1678861800,1071.05,1071.5,1070.75,1070.95,18253
1678862100,1070.0,1071.5,1069.0,1069.0,26106
1678862400,1069.05,1070.0,1068.65,1069.05,11765
1678862700,1069.05,1070.7,1068.65,1069.65,14322
1678863000,1069.65,1071.9,1069.0,1071.9,18291
1678863300,1071.9,1073.55,1071.4,1073.05,12711
1678863600,1073.05,1076.4,1073.0,1075.3,19380
1678863900,1075.3,1075.85,1074.0,1074.8,11381
1678864200,1074.8,1075.5,1073.55,1074.35,18265
1678864500,1074.35,1075.35,1073.55,1074.15,35329
1678864800,1074.7,1074.7,1074.0,1074.1,22615
1678865100,1074.1,1074.65,1072.8,1073.2,21809
1678865400,1073.2,1074.5,1073.0,1073.55,14366
1678865700,1073.15,1073.95,1073.0,1073.1,9229
1678866000,1073.45,1074.4,1073.05,1073.65,8286
1678866300,1073.65,1074.5,1073.15,1074.5,12391
1678866600,1074.55,1075.3,1073.7,1075.0,12406
1678866900,1074.7,1075.5,1074.1,1075.5,12880
1678867200,1075.5,1075.75,1075.0,1075.0,10436
1678867500,1075.05,1075.5,1074.6,1075.05,7158
1678867800,1075.0,1075.95,1074.75,1075.35,7474
1678868100,1075.0,1075.8,1074.55,1075.05,6562
1678868400,1075.0,1076.15,1074.6,1075.1,15313
1678868700,1075.0,1077.85,1074.65,1077.15,14140
1678869000,1077.15,1077.5,1076.35,1077.1,10182
1678869300,1077.1,1078.8,1077.0,1078.7,11503
1678869600,1078.85,1080.8,1077.95,1079.65,15502
1678869900,1079.65,1080.7,1078.4,1080.5,23325
1678870200,1080.45,1080.45,1078.0,1080.1,42641
1678870500,1079.95,1080.2,1078.3,1079.15,20501
1678870800,1079.1,1079.85,1078.5,1079.3,12809
1678871100,1079.15,1079.25,1077.35,1078.1,16021
1678871400,1078.1,1078.85,1077.55,1078.5,10009
1678871700,1078.7,1078.7,1077.3,1078.0,17997
1678872000,1078.0,1078.1,1077.3,1078.0,57800
1678872300,1078.05,1078.5,1077.5,1078.1,27482
1678872600,1078.05,1078.5,1069.9,1070.0,35538
1678872900,1069.65,1069.65,1063.25,1064.0,34712
1678873200,1064.1,1065.8,1064.0,1064.5,27980
1678873500,1064.7,1066.05,1062.1,1062.5,33167
1678873800,1062.3,1068.05,1062.1,1065.3,29360
1678874100,1065.45,1069.8,1064.35,1068.0,36768
1678851900,1080.0,1081.4,1068.95,1071.45,31448
1678852200,1071.9,1072.35,1067.35,1070.55,34036
1678852500,1070.75,1070.95,1065.95,1067.9,16000
1678852800,1067.9,1068.0,1064.0,1065.65,15734
1678853100,1065.95,1068.7,1064.15,1064.95,12095
1678853400,1064.95,1065.0,1062.0,1064.05,20312
1678853700,1064.05,1066.55,1063.55,1065.45,12800
1678854000,1065.45,1070.75,1065.45,1070.1,28415
1678854300,1069.65,1071.6,1068.7,1069.55,11910
1678854600,1069.95,1070.0,1067.2,1067.75,20109
1678854900,1067.75,1073.4,1066.9,1070.1,19302
1678855200,1070.1,1071.35,1069.55,1071.15,11124
1678855500,1071.15,1074.8,1070.2,1072.8,18505
1678855800,1072.8,1074.75,1072.3,1073.55,19102
1678856100,1073.25,1073.5,1069.0,1069.0,23942
1678856400,1069.05,1069.55,1068.15,1069.05,10882
1678856700,1068.5,1070.15,1066.8,1066.85,22911
1678857000,1066.95,1067.45,1066.0,1066.35,21396
1678857300,1066.35,1066.8,1065.4,1066.1,18407
1678857600,1066.2,1067.55,1066.0,1066.1,8514
1678857900,1066.1,1066.95,1065.7,1065.95,7288
1678858200,1066.1,1067.65,1065.95,1067.65,13810
1678858500,1067.65,1068.8,1066.0,1067.65,9067
1678858800,1067.45,1067.45,1066.1,1067.0,6567
1678859100,1067.3,1071.95,1066.85,1070.0,9662
1678859400,1070.0,1071.7,1069.5,1070.55,5498
1678859700,1070.55,1073.1,1070.0,1072.0,247080
1678860000,1072.25,1072.85,1070.45,1070.85,13174
1678860300,1070.85,1071.0,1070.0,1070.3,7615
1678860600,1070.55,1070.8,1070.05,1070.1,12114
1678860900,1070.15,1070.85,1070.1,1070.35,9556
1678861200,1070.35,1071.25,1070.0,1070.5,13308
1678861500,1070.5,1071.25,1070.2,1071.05,8769
1678861800,1071.05,1071.5,1070.75,1070.95,18253
1678862100,1070.0,1071.5,1069.0,1069.0,26106
1678862400,1069.05,1070.0,1068.65,1069.05,11765
1678862700,1069.05,1070.7,1068.65,1069.65,14322
1678863000,1069.65,1071.9,1069.0,1071.9,18291
1678863300,1071.9,1073.55,1071.4,1073.05,12711
1678863600,1073.05,1076.4,1073.0,1075.3,19380
1678863900,1075.3,1075.85,1074.0,1074.8,11381
1678864200,1074.8,1075.5,1073.55,1074.35,18265
1678864500,1074.35,1075.35,1073.55,1074.15,35329
1678864800,1074.7,1074.7,1074.0,1074.1,22615
1678865100,1074.1,1074.65,1072.8,1073.2,21809
1678865400,1073.2,1074.5,1073.0,1073.55,14366
1678865700,1073.15,1073.95,1073.0,1073.1,9229
1678866000,1073.45,1074.4,1073.05,1073.65,8286
1678866300,1073.65,1074.5,1073.15,1074.5,12391
1678866600,1074.55,1075.3,1073.7,1075.0,12406
1678866900,1074.7,1075.5,1074.1,1075.5,12880
1678867200,1075.5,1075.75,1075.0,1075.0,10436
1678867500,1075.05,1075.5,1074.6,1075.05,7158
1678867800,1075.0,1075.95,1074.75,1075.35,7474
1678868100,1075.0,1075.8,1074.55,1075.05,6562
1678868400,1075.0,1076.15,1074.6,1075.1,15313
1678868700,1075.0,1077.85,1074.65,1077.15,14140
1678869000,1077.15,1077.5,1076.35,1077.1,10182
1678869300,1077.1,1078.8,1077.0,1078.7,11503
1678869600,1078.85,1080.8,1077.95,1079.65,15502
1678869900,1079.65,1080.7,1078.4,1080.5,23325
1678870200,1080.45,1080.45,1078.0,1080.1,42641
1678870500,1079.95,1080.2,1078.3,1079.15,20501
1678870800,1079.1,1079.85,1078.5,1079.3,12809
1678871100,1079.15,1079.25,1077.35,1078.1,16021
1678871400,1078.1,1078.85,1077.55,1078.5,10009
1678871700,1078.7,1078.7,1077.3,1078.0,17997
1678872000,1078.0,1078.1,1077.3,1078.0,57800
1678872300,1078.05,1078.5,1077.5,1078.1,27482
1678872600,1078.05,1078.5,1069.9,1070.0,35538
1678872900,1069.65,1069.65,1063.25,1064.0,34712
1678873200,1064.1,1065.8,1064.0,1064.5,27980
1678873500,1064.7,1066.05,1062.1,1062.5,33167
1678873800,1062.3,1068.05,1062.1,1065.3,29360
1678874100,1065.45,1069.8,1064.35,1068.0,36768
1678938300,1071.95,1078.5,1062.9,1063.7,40007
1678938600,1062.95,1067.5,1061.0,1066.35,17482
1678938900,1066.65,1071.45,1065.05,1070.0,33497
1678939200,1070.4,1072.9,1070.0,1070.05,10899
1678939500,1069.45,1076.2,1069.45,1075.35,35232
1678939800,1075.1,1077.0,1074.65,1075.4,18029
1678940100,1075.4,1075.4,1069.7,1071.5,25260
1678940400,1071.35,1073.55,1070.05,1073.5,8977
1678940700,1073.5,1073.75,1070.5,1071.9,7265
1678941000,1071.9,1072.0,1070.55,1071.55,3466
1678941300,1071.55,1072.05,1069.1,1069.4,9384
1678941600,1069.4,1069.8,1068.0,1068.65,6982
1678941900,1068.25,1069.2,1066.05,1066.65,6020
1678942200,1066.65,1069.2,1066.3,1068.35,8632
1678942500,1068.35,1073.6,1068.35,1073.4,11610
1678942800,1073.0,1077.3,1073.0,1075.0,11075
1678943100,1075.0,1076.4,1074.25,1074.25,8725
1678943400,1074.25,1076.0,1074.05,1075.0,18350
1678943700,1075.0,1075.45,1075.0,1075.45,10284
1678944000,1075.25,1078.3,1075.0,1078.0,11786
1678944300,1078.15,1088.55,1078.05,1086.65,17076
1678944600,1087.05,1088.35,1081.5,1082.5,9466
1678944900,1082.5,1082.95,1078.8,1082.15,24329
1678945200,1082.05,1086.6,1080.55,1081.75,36899
1678945500,1081.75,1083.65,1077.0,1077.0,11435
1678945800,1077.0,1079.4,1074.55,1076.45,8575
1678946100,1076.45,1077.75,1072.35,1073.65,10506
1678946400,1074.5,1074.5,1063.5,1063.6,20039
1678946700,1064.95,1066.4,1061.25,1062.55,11139
1678947000,1063.25,1064.75,1060.15,1064.15,24481
1678947300,1064.0,1065.65,1063.0,1063.0,5506
1678947600,1063.0,1063.95,1062.75,1063.45,5852
1678947900,1063.45,1064.05,1062.15,1062.15,5817
1678948200,1062.15,1062.65,1061.5,1061.55,3029
1678948500,1061.55,1063.8,1059.95,1059.95,10887
1678948800,1058.5,1059.8,1058.05,1058.1,8436
1678949100,1058.1,1059.05,1056.0,1058.05,8448
1678949400,1058.5,1058.85,1057.0,1057.95,5571
1678949700,1057.95,1058.2,1057.2,1057.95,3767
1678950000,1057.95,1058.25,1056.8,1056.8,4636
1678950300,1056.8,1057.25,1055.6,1055.8,5682
1678950600,1056.2,1057.05,1055.05,1055.1,5666
1678950900,1055.6,1057.0,1054.6,1056.75,6244
1678951200,1056.75,1058.45,1055.55,1057.1,5358
1678951500,1057.1,1062.0,1057.1,1061.15,7575
1678951800,1061.15,1064.95,1060.75,1064.8,64635
1678952100,1064.8,1065.4,1063.5,1064.4,12823
1678952400,1064.4,1066.95,1064.4,1064.55,13246
1678952700,1064.55,1064.85,1062.25,1063.1,7942
1678953000,1063.1,1063.65,1062.0,1062.7,22605
1678953300,1062.7,1064.0,1062.5,1062.85,13166
1678953600,1062.85,1064.45,1062.75,1064.45,4313
1678953900,1064.45,1065.05,1062.7,1063.65,9688
1678954200,1063.45,1064.0,1062.25,1063.0,6437
1678954500,1063.0,1063.6,1062.55,1063.0,4725
1678954800,1063.0,1064.8,1062.7,1064.05,12900
1678955100,1064.1,1064.45,1063.15,1063.5,4491
1678955400,1063.65,1064.2,1063.35,1064.05,2956
1678955700,1064.0,1066.85,1063.6,1066.2,12796
1678956000,1066.6,1067.65,1066.15,1067.45,18309
1678956300,1067.3,1068.0,1066.5,1067.4,10204
1678956600,1067.3,1067.45,1066.8,1067.45,4660
1678956900,1067.35,1067.95,1067.0,1067.55,64382
1678957200,1067.55,1067.7,1066.45,1067.1,8493
1678957500,1067.1,1067.1,1065.45,1066.05,9053
1678957800,1066.05,1067.1,1065.35,1065.8,6984
1678958100,1065.8,1066.35,1062.2,1062.75,7413
1678958400,1063.25,1065.15,1061.8,1064.85,19677
1678958700,1064.3,1064.75,1062.25,1063.6,7434
1678959000,1063.5,1063.7,1060.0,1061.55,15715
1678959300,1061.8,1062.8,1060.3,1062.15,14211
1678959600,1062.6,1063.95,1062.0,1063.95,20375
1678959900,1064.6,1064.6,1062.0,1063.95,18653
1678960200,1063.95,1064.0,1062.0,1062.05,13313
1678960500,1062.15,1065.85,1062.0,1065.0,21937
1679024700,1068.0,1078.65,1066.15,1077.7,15605
1679025000,1077.7,1079.9,1074.65,1077.35,18386
1679025300,1076.85,1077.4,1073.15,1076.5,15876
1679025600,1076.5,1079.0,1075.65,1076.85,3794
1679025900,1076.85,1079.5,1075.45,1079.5,38727
1679026200,1079.5,1086.0,1079.2,1085.4,24839
1679026500,1085.4,1087.0,1083.1,1085.45,94417
1679026800,1085.45,1087.0,1084.65,1085.85,9118
1679027100,1086.2,1087.0,1085.1,1085.5,7130
1679027400,1085.2,1086.2,1084.75,1085.0,4830
1679027700,1085.0,1089.05,1085.0,1088.5,88974
1679028000,1088.35,1088.35,1082.55,1084.45,18707
1679028300,1084.4,1085.3,1083.6,1084.2,7079
1679028600,1084.2,1089.6,1084.2,1089.5,8975
1679028900,1089.5,1091.1,1084.15,1084.9,16051
1679029200,1084.55,1086.95,1084.5,1086.7,3642
1679029500,1086.55,1086.95,1085.0,1085.0,2607
1679029800,1085.0,1085.75,1083.8,1085.55,2668
1679030100,1084.4,1084.9,1081.15,1081.55,8597
1679030400,1081.55,1082.4,1080.3,1081.9,5990
1679030700,1081.95,1082.0,1080.6,1081.5,1595
1679031000,1081.5,1082.0,1079.3,1079.95,3662
1679031300,1079.95,1080.0,1077.95,1079.0,9620
1679031600,1079.0,1080.45,1079.0,1079.9,10529
1679031900,1079.9,1080.9,1079.0,1080.4,36020
1679032200,1080.4,1080.5,1078.75,1079.0,42357
1679032500,1079.0,1080.6,1078.75,1079.45,1554
1679032800,1079.45,1079.45,1077.15,1077.7,2606
1679033100,1077.7,1078.35,1075.4,1075.55,7871
1679033400,1075.55,1076.2,1075.0,1075.9,29154
1679033700,1075.9,1077.05,1074.05,1074.05,11760
1679034000,1074.35,1074.95,1072.25,1074.0,19240
1679034300,1074.0,1076.65,1073.5,1075.45,31817
1679034600,1075.45,1076.95,1071.0,1071.5,29047
1679034900,1071.55,1072.65,1069.0,1069.5,6581
1679035200,1069.5,1070.5,1067.45,1067.95,4982
1679035500,1068.15,1069.2,1067.0,1068.0,5101
1679035800,1068.0,1069.55,1067.05,1069.5,9104
1679036100,1068.9,1070.65,1068.9,1070.0,9124
1679036400,1070.0,1071.35,1070.0,1070.4,4786
1679036700,1070.0,1071.5,1070.0,1070.5,4233
1679037000,1070.75,1071.35,1070.0,1070.15,3626
1679037300,1070.85,1072.55,1070.2,1072.45,4727
1679037600,1072.45,1073.35,1071.05,1072.2,16025
1679037900,1072.2,1072.65,1071.2,1071.65,3114
1679038200,1071.8,1071.85,1070.45,1070.5,12002
1679038500,1070.5,1071.2,1069.5,1070.25,13692
1679038800,1070.25,1070.55,1069.6,1070.25,8792
1679039100,1070.25,1071.65,1069.55,1070.5,9746
1679039400,1070.5,1071.8,1070.3,1071.25,210429
1679039700,1071.15,1071.85,1070.3,1070.7,8150
1679040000,1070.7,1072.25,1070.0,1070.35,9383
1679040300,1070.25,1072.65,1070.15,1072.0,10449
1679040600,1071.75,1072.85,1071.45,1072.0,8279
1679040900,1072.25,1073.25,1072.0,1072.0,8419
1679041200,1072.45,1075.15,1072.0,1074.65,10871
1679041500,1074.65,1077.0,1074.65,1075.3,15741
1679041800,1075.95,1078.6,1075.45,1077.65,15735
1679042100,1078.05,1078.05,1076.05,1076.65,5799
1679042400,1076.65,1077.25,1075.75,1076.0,4037
1679042700,1076.0,1076.9,1075.7,1076.0,4969
1679043000,1076.2,1077.8,1075.5,1076.0,5282
1679043300,1076.25,1076.85,1075.5,1076.0,9351
1679043600,1076.35,1077.0,1074.75,1077.0,6985
1679043900,1077.0,1077.6,1075.4,1075.6,2619
1679044200,1075.6,1076.0,1074.1,1074.65,3806
1679044500,1074.65,1075.45,1074.15,1074.8,3477
1679044800,1074.85,1075.95,1072.85,1075.25,4366
1679045100,1075.65,1078.8,1074.6,1077.35,7333
1679045400,1078.1,1078.5,1072.0,1072.75,95399
1679045700,1073.1,1073.6,1070.4,1071.7,65457
1679046000,1071.6,1072.75,1069.0,1070.65,92674
1679046300,1071.0,1072.9,1068.0,1069.55,81840
1679046600,1071.75,1074.9,1069.05,1069.55,88252
1679046900,1070.0,1074.45,1067.4,1074.0,40466
1679283900,1071.6,1089.95,1069.0,1073.7,21753
1679284200,1073.7,1073.7,1066.5,1067.15,14156
1679284500,1067.9,1068.75,1065.0,1067.45,7371
1679284800,1068.0,1072.75,1068.0,1072.75,9265
1679285100,1072.75,1072.75,1068.35,1070.05,11539
1679285400,1070.05,1070.45,1068.3,1069.05,7686
1679285700,1069.45,1071.8,1068.45,1071.75,10904
1679286000,1071.75,1074.0,1070.8,1070.8,10698
1679286300,1070.8,1072.95,1069.5,1071.05,9087
1679286600,1071.05,1072.5,1071.05,1071.5,6473
1679286900,1071.5,1071.5,1068.55,1068.75,7170
1679287200,1069.0,1069.7,1065.05,1065.5,12141
1679287500,1065.5,1066.45,1062.6,1062.75,10136
1679287800,1062.7,1064.05,1062.7,1064.0,4674
1679288100,1063.95,1063.95,1061.6,1062.65,3895
1679288400,1062.65,1064.0,1061.5,1062.55,4617
1679288700,1062.0,1063.75,1062.0,1063.0,4463
1679289000,1063.0,1063.0,1055.7,1057.75,20726
1679289300,1057.75,1059.65,1056.9,1058.95,4205
1679289600,1058.9,1061.0,1058.85,1059.95,8947
1679289900,1059.95,1060.0,1057.25,1059.7,5872
1679290200,1059.7,1060.0,1057.0,1059.0,10320
1679290500,1059.0,1060.0,1058.45,1058.65,2636
1679290800,1058.65,1059.25,1056.5,1057.15,3743
1679291100,1057.4,1059.95,1056.85,1059.55,2676
1679291400,1059.55,1060.0,1058.45,1058.85,1916
1679291700,1058.75,1058.75,1055.5,1056.45,6398
1679292000,1056.45,1056.75,1055.3,1055.9,3435
1679292300,1055.85,1056.0,1054.0,1056.0,7282
1679292600,1056.0,1056.0,1055.0,1055.4,2821
1679292900,1055.9,1057.55,1055.4,1057.3,4076
1679293200,1057.4,1059.5,1056.0,1058.55,10775
1679293500,1058.55,1059.2,1058.05,1059.15,10118
1679293800,1059.15,1060.95,1058.85,1060.1,19281
1679294100,1060.1,1061.4,1059.75,1061.35,6969
1679294400,1061.35,1061.9,1060.4,1060.6,14724
1679294700,1060.6,1063.5,1059.75,1063.2,11029
1679295000,1063.2,1063.35,1062.1,1062.95,3760
1679295300,1062.95,1063.0,1061.85,1062.45,7243
1679295600,1062.45,1063.0,1062.0,1062.4,4335
1679295900,1062.4,1063.0,1062.0,1062.75,4438
1679296200,1062.75,1065.45,1062.25,1065.45,5570
1679296500,1065.4,1065.4,1063.7,1064.7,17651
1679296800,1064.6,1064.7,1062.4,1062.4,8868
1679297100,1062.4,1064.1,1061.25,1063.45,53610
1679297400,1063.45,1065.55,1063.0,1065.25,24673
1679297700,1065.25,1066.7,1065.25,1066.45,6344
1679298000,1066.45,1067.1,1065.45,1067.1,4807
1679298300,1067.45,1069.45,1066.85,1068.35,10462
1679298600,1068.4,1070.3,1067.7,1068.6,7428
1679298900,1069.15,1069.2,1068.05,1068.3,3048
1679299200,1069.0,1072.45,1068.65,1071.0,10741
1679299500,1071.0,1074.75,1070.0,1073.9,22050
1679299800,1073.3,1073.5,1070.1,1070.85,9943
1679300100,1070.85,1071.5,1068.8,1069.55,11450
1679300400,1069.2,1071.5,1068.0,1071.4,14034
1679300700,1071.45,1071.75,1069.55,1071.0,13687
1679301000,1071.5,1071.65,1069.35,1070.0,9683
1679301300,1070.05,1071.0,1069.85,1070.05,7678
1679301600,1070.05,1071.9,1070.0,1071.15,7628
1679301900,1071.15,1074.35,1069.35,1074.15,18954
1679302200,1074.15,1076.3,1074.05,1076.3,19577
1679302500,1075.95,1077.05,1073.95,1075.6,24952
1679302800,1074.95,1076.05,1073.05,1075.4,17796
1679303100,1075.45,1075.75,1073.15,1075.35,13911
1679303400,1075.4,1075.7,1071.0,1072.45,19201
1679303700,1072.45,1072.6,1070.1,1071.1,14143
1679304000,1071.35,1071.8,1069.8,1070.4,16108
1679304300,1070.0,1071.7,1070.0,1070.4,9540
1679304600,1071.5,1075.85,1070.0,1073.3,20695
1679304900,1073.55,1074.5,1072.15,1073.5,11687
1679305200,1073.25,1076.5,1073.0,1075.85,19556
1679305500,1076.0,1076.9,1074.8,1076.9,24735
1679305800,1076.9,1076.95,1072.55,1073.0,14428
1679306100,1073.5,1074.95,1070.1,1070.1,14457
1679370300,1075.05,1087.7,1075.05,1080.35,33045
1679370600,1080.35,1080.45,1075.2,1076.65,23360
1679370900,1076.55,1078.9,1076.25,1078.3,18071
1679371200,1078.95,1079.7,1076.6,1076.65,14972
1679371500,1077.45,1080.0,1076.5,1079.55,9120
1679371800,1079.55,1081.0,1078.3,1079.9,14179
1679372100,1079.3,1083.55,1079.05,1082.75,7028
1679372400,1082.75,1084.95,1080.75,1081.65,8517
1679372700,1082.4,1082.75,1079.85,1080.35,4747
1679373000,1080.3,1085.0,1080.0,1084.2,3425
1679373300,1084.2,1089.95,1084.2,1089.5,12965
1679373600,1089.9,1093.4,1088.4,1093.05,25278
1679373900,1092.45,1093.1,1089.75,1091.35,14965
1679374200,1091.35,1092.55,1090.55,1091.0,5572
1679374500,1091.0,1092.5,1089.35,1092.5,14173
1679374800,1092.5,1093.0,1089.9,1090.4,4263
1679375100,1090.4,1091.8,1089.85,1091.2,6641
1679375400,1091.5,1091.8,1088.9,1088.9,5037
1679375700,1089.4,1090.95,1088.55,1089.6,8173
1679376000,1089.6,1091.9,1089.6,1091.25,3902
1679376300,1091.25,1092.9,1090.0,1090.0,6324
1679376600,1090.0,1091.35,1089.25,1091.0,3664
1679376900,1091.0,1091.1,1090.0,1090.3,3471
1679377200,1090.3,1091.2,1090.0,1091.0,5980
1679377500,1090.65,1093.3,1090.65,1092.65,7682
1679377800,1092.65,1095.55,1092.55,1094.4,16807
1679378100,1094.35,1094.35,1092.05,1092.4,7560
1679378400,1092.4,1092.4,1092.0,1092.3,4462
1679378700,1092.3,1092.85,1091.8,1092.45,20453
1679379000,1092.45,1093.0,1091.8,1092.1,6862
1679379300,1092.1,1092.85,1092.0,1092.6,3365
1679379600,1092.6,1093.9,1092.1,1093.35,9837
1679379900,1093.35,1095.95,1093.0,1095.25,52157
1679380200,1095.05,1096.0,1093.4,1094.8,13327
1679380500,1094.8,1096.0,1093.85,1094.6,7289
1679380800,1094.1,1094.85,1093.25,1093.65,6716
1679381100,1093.65,1093.75,1092.0,1092.45,9200
1679381400,1092.25,1095.0,1092.05,1092.55,8912
1679381700,1092.85,1093.75,1092.55,1093.6,9109
1679382000,1093.6,1095.5,1092.75,1093.0,7149
1679382300,1093.0,1093.5,1092.0,1092.1,5478
1679382600,1092.1,1095.2,1092.1,1093.4,46464
1679382900,1093.0,1094.3,1092.5,1092.6,3900
1679383200,1092.55,1093.65,1092.2,1092.75,4278
1679383500,1092.75,1095.6,1092.2,1095.2,17709
1679383800,1095.5,1096.4,1094.95,1095.5,5077
1679384100,1094.95,1095.7,1094.1,1094.85,6809
1679384400,1094.6,1095.8,1093.5,1095.25,14368
1679384700,1095.25,1095.8,1093.45,1095.8,8586
1679385000,1095.2,1096.95,1095.0,1095.05,7904
1679385300,1095.0,1095.05,1093.1,1093.4,6101
1679385600,1093.4,1095.5,1093.0,1094.6,17788
1679385900,1094.6,1095.1,1093.5,1094.3,14348
1679386200,1094.25,1094.85,1093.5,1094.35,4328
1679386500,1094.15,1098.0,1094.05,1096.55,11080
1679386800,1096.55,1099.0,1095.55,1097.95,7944
1679387100,1097.35,1097.35,1095.1,1095.35,4660
1679387400,1095.3,1096.4,1095.0,1095.05,4432
1679387700,1095.15,1096.3,1095.0,1095.95,6926
1679388000,1095.85,1096.2,1095.0,1095.7,3559
1679388300,1095.7,1096.75,1095.0,1095.75,14948
1679388600,1095.4,1097.55,1095.0,1097.2,29336
1679388900,1097.2,1097.65,1095.5,1096.1,7103
1679389200,1096.05,1097.8,1095.0,1097.8,10304
1679389500,1097.4,1098.75,1097.05,1097.55,6917
1679389800,1097.4,1098.0,1097.0,1097.5,7843
1679390100,1097.35,1098.7,1097.0,1097.15,14386
1679390400,1097.2,1099.3,1097.2,1098.65,8602
1679390700,1098.65,1099.7,1097.4,1098.7,11027
1679391000,1098.7,1099.2,1097.0,1097.0,12192
1679391300,1097.15,1099.05,1097.05,1097.55,11472
1679391600,1098.1,1098.5,1096.2,1097.65,17127
1679391900,1097.55,1098.4,1097.0,1097.9,17277
1679392200,1097.9,1098.35,1097.4,1098.25,16640
1679392500,1098.2,1098.5,1097.0,1098.45,7137
1679456700,1119.5,1120.9,1107.85,1119.0,196451
1679457000,1119.9,1126.35,1117.4,1124.25,114556
1679457300,1124.85,1127.65,1123.2,1126.95,71918
1679457600,1126.35,1126.85,1124.0,1124.05,57177
1679457900,1124.1,1124.45,1118.55,1120.0,77067
1679458200,1119.75,1122.1,1118.3,1120.0,86265
1679458500,1120.0,1120.7,1118.35,1120.0,28693
1679458800,1120.0,1120.05,1118.55,1119.85,19186
1679459100,1120.0,1121.25,1118.6,1118.95,16448
1679459400,1118.95,1118.95,1116.2,1117.0,30634
1679459700,1117.0,1118.5,1116.6,1117.95,12491
1679460000,1117.95,1118.5,1116.75,1117.05,7485
1679460300,1117.05,1117.9,1113.6,1114.0,21782
1679460600,1114.0,1115.0,1111.45,1115.0,48662
1679460900,1115.0,1119.55,1114.7,1119.0,25871
1679461200,1119.0,1119.95,1117.9,1118.75,7452
1679461500,1118.7,1119.15,1117.55,1117.55,7075
1679461800,1117.55,1119.25,1116.0,1119.05,11442
1679462100,1119.05,1121.05,1118.35,1119.35,14768
1679462400,1119.35,1120.0,1118.8,1119.95,3210
1679462700,1119.95,1119.95,1117.55,1119.0,7946
1679463000,1119.0,1119.0,1116.5,1117.5,8886
1679463300,1117.5,1119.4,1117.5,1117.85,7312
1679463600,1117.85,1118.4,1117.05,1117.1,5256
1679463900,1117.1,1118.95,1115.5,1118.95,8373
1679464200,1118.85,1118.95,1117.7,1118.1,6777
1679464500,1118.1,1119.0,1117.8,1118.45,4603
1679464800,1118.45,1118.9,1116.0,1117.2,15394
1679465100,1117.2,1118.25,1117.2,1118.0,5403
1679465400,1118.0,1118.0,1117.55,1117.6,2254
1679465700,1117.6,1118.0,1117.05,1117.2,3661
1679466000,1117.2,1117.7,1116.2,1116.5,6784
1679466300,1116.5,1116.75,1116.2,1116.7,3076
1679466600,1116.7,1117.0,1116.3,1117.0,1191
1679466900,1116.85,1118.0,1116.85,1117.75,3818
1679467200,1117.75,1117.9,1117.0,1117.4,4688
1679467500,1117.4,1120.0,1117.4,1119.65,9181
1679467800,1120.0,1120.1,1119.6,1120.0,10269
1679468100,1120.0,1120.95,1119.45,1119.75,6014
1679468400,1119.75,1120.0,1117.05,1118.0,7030
1679468700,1118.0,1118.1,1117.0,1118.05,3755
1679469000,1118.05,1118.4,1117.05,1118.2,4755
1679469300,1118.4,1118.45,1117.75,1117.95,2962
1679469600,1117.95,1118.75,1117.95,1118.3,3015
1679469900,1118.3,1118.55,1117.15,1117.35,9442
1679470200,1117.3,1118.6,1117.2,1118.05,2449
1679470500,1118.15,1118.75,1118.05,1118.6,1817
1679470800,1118.6,1118.6,1117.05,1117.3,5976
1679471100,1117.3,1117.3,1116.25,1116.6,4507
1679471400,1117.7,1118.5,1116.95,1118.2,2409
1679471700,1118.2,1118.2,1117.25,1117.55,4124
1679472000,1117.55,1117.75,1117.25,1117.65,2485
1679472300,1117.65,1119.55,1117.3,1119.0,7352
1679472600,1119.0,1119.6,1118.0,1118.0,4118
1679472900,1118.45,1119.45,1118.0,1118.75,3965
1679473200,1118.75,1118.75,1117.65,1118.45,5196
1679473500,1118.45,1118.45,1117.5,1118.2,2001
1679473800,1118.2,1118.2,1116.8,1117.55,6932
1679474100,1117.55,1118.0,1112.55,1115.2,27727
1679474400,1115.2,1116.0,1114.4,1115.45,5737
1679474700,1115.95,1116.0,1114.2,1115.95,5132
1679475000,1115.95,1115.95,1112.55,1114.0,5323
1679475300,1114.0,1114.85,1112.25,1113.1,6685
1679475600,1113.15,1113.65,1112.0,1113.45,7696
1679475900,1113.45,1114.3,1112.65,1113.0,4939
1679476200,1113.0,1113.6,1103.05,1103.9,38375
1679476500,1104.25,1106.7,1103.3,1104.35,16608
1679476800,1104.5,1108.65,1103.9,1107.45,10356
1679477100,1107.45,1109.1,1106.4,1106.85,8789
1679477400,1106.85,1109.5,1106.85,1109.4,11618
1679477700,1109.4,1112.65,1109.25,1112.65,18386
1679478000,1112.75,1114.0,1109.5,1113.65,37493
1679478300,1113.65,1114.35,1112.65,1113.3,41349
1679478600,1112.7,1114.8,1112.45,1114.15,35523
1679478900,1114.15,1116.45,1110.1,1111.05,42666
1679543100,1113.8,1113.8,1105.05,1106.9,9821
1679543400,1106.9,1107.4,1105.0,1106.95,3287
1679543700,1106.95,1107.7,1105.1,1106.2,3661
1679544000,1106.2,1110.4,1105.9,1109.95,2540
1679544300,1109.95,1110.75,1107.35,1107.35,2369
1679544600,1107.1,1108.95,1106.05,1107.95,2945
1679544900,1107.95,1114.45,1107.95,1113.8,11413
1679545200,1113.8,1116.4,1113.8,1114.35,9241
1679545500,1114.35,1117.3,1113.45,1115.35,4634
1679545800,1115.35,1116.9,1114.65,1116.9,3333
1679546100,1116.9,1116.9,1115.0,1115.0,1649
1679546400,1114.55,1115.4,1114.05,1114.85,1040
1679546700,1115.4,1116.15,1114.85,1116.15,514
1679547000,1116.15,1117.0,1115.55,1116.95,1081
1679547300,1116.2,1117.2,1116.05,1117.0,1016
1679547600,1117.0,1117.95,1116.35,1116.35,3646
1679547900,1116.35,1116.65,1115.15,1115.8,1006
1679548200,1115.8,1117.05,1115.15,1116.5,985
1679548500,1116.5,1116.6,1113.85,1114.5,1539
1679548800,1114.5,1115.05,1113.35,1114.4,1249
1679549100,1114.4,1115.9,1114.1,1115.0,1272
1679549400,1115.0,1116.45,1114.9,1115.5,421
1679549700,1115.2,1115.95,1114.6,1115.7,1102
1679550000,1115.65,1116.0,1115.0,1115.5,1868
1679550300,1115.5,1116.55,1115.15,1115.15,1216
1679550600,1115.15,1115.75,1114.4,1115.0,3558
1679550900,1115.0,1115.75,1113.5,1115.0,1021
1679551200,1115.0,1115.8,1114.25,1114.7,2001
1679551500,1114.7,1116.0,1114.7,1116.0,771
1679551800,1116.0,1116.95,1115.45,1116.95,1543
1679552100,1116.95,1119.6,1116.95,1119.45,8535
1679552400,1119.45,1121.8,1119.1,1119.1,8096
1679552700,1119.5,1121.5,1118.5,1121.35,2519
1679553000,1121.35,1121.5,1119.2,1119.5,3902
1679553300,1119.75,1121.45,1119.0,1121.4,4588
1679553600,1121.35,1121.45,1119.75,1121.45,864
1679553900,1121.4,1121.5,1120.5,1120.65,2688
1679554200,1120.65,1120.8,1120.0,1120.7,1169
1679554500,1120.7,1120.75,1119.9,1120.75,2791
1679554800,1120.75,1123.9,1120.25,1123.7,10116
1679555100,1123.7,1124.7,1122.75,1123.1,5571
1679555400,1123.0,1124.0,1122.2,1123.5,4811
1679555700,1123.9,1125.5,1123.2,1125.0,46550
1679556000,1125.0,1125.55,1124.45,1124.9,21643
1679556300,1124.9,1125.0,1124.6,1125.0,4230
1679556600,1125.0,1125.0,1124.45,1125.0,3618
1679556900,1125.0,1125.0,1124.7,1124.95,21357
1679557200,1124.95,1124.95,1122.75,1124.5,3340
1679557500,1124.5,1124.5,1122.05,1122.95,2919
1679557800,1122.9,1124.15,1122.05,1123.9,2791
1679558100,1123.9,1123.9,1122.55,1122.9,2741
1679558400,1122.9,1123.9,1122.9,1123.9,2927
1679558700,1123.9,1123.9,1122.8,1123.25,2133
1679559000,1123.3,1124.05,1122.05,1122.6,4150
1679559300,1122.6,1123.0,1119.2,1119.75,7044
1679559600,1120.0,1121.0,1119.35,1121.0,3955
1679559900,1121.0,1121.0,1119.7,1120.3,1516
1679560200,1120.3,1121.0,1118.7,1118.95,6595
1679560500,1118.95,1120.45,1118.45,1119.8,1942
1679560800,1119.75,1120.7,1118.0,1118.0,4404
1679561100,1118.25,1119.9,1117.1,1118.75,4042
1679561400,1118.75,1119.15,1118.0,1118.7,3421
1679561700,1118.7,1119.1,1117.6,1118.25,3910
1679562000,1118.25,1122.0,1117.25,1120.0,11605
1679562300,1119.95,1120.3,1118.15,1119.3,1838
1679562600,1119.3,1119.85,1117.25,1118.25,4670
1679562900,1118.25,1119.55,1117.65,1119.2,2811
1679563200,1119.2,1119.45,1117.1,1118.0,3763
1679563500,1118.6,1119.4,1117.6,1119.3,2404
1679563800,1118.35,1123.0,1117.95,1121.7,32528
1679564100,1121.7,1122.0,1116.9,1119.95,21719
1679564400,1120.55,1120.55,1116.6,1118.65,20304
1679564700,1118.8,1119.25,1116.65,1118.6,28872
1679565000,1118.6,1118.6,1115.1,1117.55,27425
1679565300,1117.55,1117.8,1113.0,1113.2,12397
1679629500,1110.0,1112.0,1091.4,1099.15,63169
1679629800,1099.15,1099.3,1091.3,1093.3,53237
1679630100,1092.55,1094.3,1090.15,1092.05,49932
1679630400,1092.05,1092.9,1088.5,1090.2,37087
1679630700,1090.2,1093.95,1090.15,1092.2,17089
1679631000,1092.2,1099.35,1092.2,1095.6,28691
1679631300,1095.5,1103.95,1095.5,1103.85,29019
1679631600,1103.85,1106.0,1102.2,1105.05,28403
1679631900,1105.05,1105.65,1102.95,1103.55,18508
1679632200,1103.55,1103.55,1099.85,1102.5,20054
1679632500,1102.5,1104.55,1101.25,1104.05,12220
1679632800,1104.05,1105.9,1102.4,1105.3,9620
1679633100,1105.75,1108.75,1105.3,1107.0,24298
1679633400,1106.55,1110.0,1105.1,1107.5,26030
1679633700,1107.5,1107.5,1102.8,1106.0,12493
1679634000,1106.0,1107.2,1103.5,1103.5,7551
1679634300,1103.5,1106.5,1102.05,1106.5,8759
1679634600,1106.5,1106.8,1102.85,1102.85,3904
1679634900,1102.85,1104.0,1102.2,1103.0,4759
1679635200,1103.0,1105.0,1102.5,1104.45,5411
1679635500,1104.45,1105.1,1102.85,1102.85,3785
1679635800,1102.85,1104.0,1102.45,1102.55,4268
1679636100,1102.55,1103.2,1102.55,1102.55,3873
1679636400,1102.55,1109.2,1102.55,1107.6,10980
1679636700,1107.6,1107.95,1104.3,1104.65,6059
1679637000,1104.65,1104.95,1103.0,1103.3,6296
1679637300,1103.3,1103.6,1102.5,1102.5,4592
1679637600,1102.9,1104.4,1102.3,1103.75,4124
1679637900,1104.25,1106.5,1103.9,1105.25,6080
1679638200,1105.7,1110.0,1105.25,1108.25,15860
1679638500,1108.75,1108.95,1106.0,1106.1,3725
1679638800,1106.7,1109.75,1106.7,1108.95,6300
1679639100,1108.95,1111.1,1108.25,1108.25,10977
1679639400,1108.7,1108.8,1106.95,1107.2,3889
1679639700,1107.85,1110.85,1107.0,1110.45,7938
1679640000,1110.8,1111.0,1110.0,1110.0,4378
1679640300,1110.15,1112.85,1110.0,1111.2,10149
1679640600,1111.75,1112.0,1111.0,1111.15,6043
1679640900,1111.6,1113.45,1110.5,1110.5,9568
1679641200,1111.2,1111.2,1108.55,1109.2,6592
1679641500,1109.2,1109.3,1106.8,1108.35,6440
1679641800,1107.8,1108.3,1105.7,1107.55,8346
1679642100,1107.95,1109.05,1106.65,1107.2,4892
1679642400,1107.7,1110.95,1107.1,1110.0,11488
1679642700,1110.0,1111.8,1107.2,1107.3,4166
1679643000,1107.9,1110.65,1107.7,1110.15,5767
1679643300,1110.7,1113.95,1110.15,1113.95,7457
1679643600,1113.95,1116.2,1113.5,1115.4,15093
1679643900,1115.35,1118.3,1114.15,1116.65,10783
1679644200,1116.65,1117.0,1115.0,1117.0,6574
1679644500,1117.0,1121.6,1117.0,1120.3,19059
1679644800,1120.7,1121.85,1119.4,1120.5,10626
1679645100,1120.5,1120.9,1117.6,1118.0,10758
1679645400,1118.35,1118.4,1115.8,1117.3,12057
1679645700,1117.1,1117.3,1115.0,1115.15,5690
1679646000,1115.3,1116.85,1115.0,1116.55,7662
1679646300,1116.55,1116.55,1115.05,1116.35,10614
1679646600,1116.35,1116.35,1113.5,1114.05,9313
1679646900,1114.05,1115.5,1113.5,1115.05,8141
1679647200,1115.05,1117.75,1113.75,1117.55,8116
1679647500,1117.35,1117.65,1114.2,1115.0,10209
1679647800,1115.0,1115.25,1114.0,1114.75,7553
1679648100,1114.85,1116.9,1114.05,1114.5,9422
1679648400,1114.75,1115.6,1114.5,1114.95,4829
1679648700,1114.9,1114.95,1111.8,1112.6,12004
1679649000,1112.8,1115.3,1112.1,1113.35,19002
1679649300,1114.15,1114.25,1112.1,1113.2,6218
1679649600,1113.2,1113.5,1112.35,1112.5,5746
1679649900,1112.8,1115.0,1112.15,1114.85,10758
1679650200,1114.85,1115.1,1112.1,1113.0,13211
1679650500,1113.4,1116.35,1112.55,1113.1,18039
1679650800,1114.35,1114.35,1112.05,1112.9,28484
1679651100,1112.4,1113.65,1108.9,1110.0,43322
1679651400,1110.0,1112.15,1108.2,1108.2,35873
1679651700,1108.2,1111.9,1107.35,1110.1,14642
1679888700,1109.7,1115.55,1105.15,1111.7,17275
1679889000,1111.65,1111.65,1103.05,1105.0,29858
1679889300,1105.0,1111.65,1104.15,1108.9,17888
1679889600,1108.9,1112.1,1104.5,1104.5,27032
1679889900,1104.5,1108.3,1102.0,1106.55,17040
1679890200,1106.55,1107.55,1103.0,1104.05,5650
1679890500,1104.05,1104.85,1102.05,1104.65,7355
1679890800,1104.65,1107.5,1104.0,1106.05,5698
1679891100,1106.05,1107.0,1105.1,1107.0,3276
1679891400,1107.1,1109.35,1106.5,1108.75,12815
1679891700,1108.75,1110.7,1108.45,1110.7,9469
1679892000,1110.7,1112.2,1109.65,1111.3,10702
1679892300,1111.3,1113.0,1110.7,1111.85,7391
1679892600,1111.85,1112.5,1107.85,1107.85,7959
1679892900,1108.75,1109.05,1106.7,1107.25,10651
1679893200,1107.25,1108.0,1106.05,1106.35,6037
1679893500,1106.35,1106.35,1104.2,1105.0,4001
1679893800,1105.0,1107.6,1104.5,1106.25,6480
1679894100,1106.25,1109.45,1105.45,1108.8,4160
1679894400,1109.4,1109.45,1108.25,1109.0,977
1679894700,1109.0,1110.75,1109.0,1110.75,1997
1679895000,1110.75,1112.5,1109.65,1110.8,3970
1679895300,1110.8,1112.7,1110.6,1112.6,2824
1679895600,1112.35,1112.65,1109.9,1111.5,3221
1679895900,1111.45,1111.45,1109.4,1109.4,2636
1679896200,1109.4,1110.55,1108.4,1109.55,2330
1679896500,1109.55,1111.9,1108.8,1111.7,3685
1679896800,1111.7,1111.7,1109.95,1110.0,218758
1679897100,1110.0,1112.6,1110.0,1111.75,2437
1679897400,1111.75,1116.6,1111.75,1113.85,8321
1679897700,1113.85,1114.3,1111.25,1112.15,3022
1679898000,1112.15,1112.6,1112.1,1112.5,650
1679898300,1112.5,1112.5,1110.55,1111.5,2138
1679898600,1111.5,1111.5,1110.5,1110.5,970
1679898900,1110.95,1112.05,1110.55,1112.05,206004
1679899200,1112.05,1114.5,1111.8,1112.65,3832
1679899500,1112.65,1113.55,1111.55,1111.55,2626
1679899800,1111.55,1112.2,1110.8,1110.95,1166
1679900100,1110.95,1110.95,1109.05,1109.9,2156
1679900400,1109.9,1110.85,1109.3,1110.75,1163
1679900700,1110.75,1110.8,1108.95,1110.1,1374
1679901000,1110.1,1110.1,1108.35,1110.0,2092
1679901300,1110.0,1110.85,1109.55,1110.3,2007
1679901600,1110.3,1110.7,1108.75,1109.1,1113
1679901900,1109.1,1109.1,1107.65,1108.35,1723
1679902200,1108.35,1108.4,1105.95,1106.95,26766
1679902500,1106.95,1107.25,1106.2,1106.4,1751
1679902800,1106.4,1108.0,1106.0,1107.45,1804
1679903100,1107.45,1107.55,1104.75,1106.45,2678
1679903400,1105.8,1106.4,1104.8,1104.8,1145
1679903700,1104.8,1106.25,1104.8,1105.25,53667
1679904000,1105.25,1105.7,1104.3,1104.75,2453
1679904300,1104.75,1105.85,1104.4,1105.15,4212
1679904600,1105.15,1105.25,1104.05,1104.65,3566
1679904900,1104.65,1105.3,1103.0,1103.0,7162
1679905200,1102.7,1105.15,1102.55,1103.0,2247
1679905500,1103.0,1104.85,1102.5,1104.45,2560
1679905800,1104.45,1105.3,1103.45,1104.0,2575
1679906100,1104.0,1104.7,1103.0,1103.4,5326
1679906400,1103.4,1103.4,1101.1,1102.5,7229
1679906700,1102.5,1104.0,1102.5,1103.45,3554
1679907000,1103.45,1104.15,1102.6,1103.25,10697
1679907300,1103.25,1103.95,1102.0,1103.4,15964
1679907600,1103.4,1103.95,1102.0,1103.2,11348
1679907900,1102.5,1104.0,1102.2,1103.05,21871
1679908200,1103.05,1103.55,1102.05,1102.1,3369
1679908500,1102.1,1102.6,1101.2,1102.2,3634
1679908800,1102.2,1102.45,1101.15,1102.1,35077
1679909100,1102.1,1102.75,1101.75,1102.3,7166
1679909400,1101.5,1101.5,1098.1,1098.1,20173
1679909700,1098.1,1098.1,1095.3,1098.1,20027
1679910000,1099.15,1099.85,1095.1,1096.95,20451
1679910300,1096.95,1098.65,1095.85,1098.1,22997
1679910600,1098.5,1102.55,1098.1,1102.0,25016
1679910900,1102.0,1106.35,1096.65,1106.35,37958
1679975100,1104.8,1106.35,1098.6,1099.6,15044
1679975400,1099.6,1102.3,1098.55,1102.3,22756
1679975700,1102.3,1102.75,1099.05,1101.0,2884
1679976000,1101.0,1104.1,1100.4,1103.5,4611
1679976300,1103.45,1106.5,1103.4,1106.0,8118
1679976600,1106.0,1106.0,1102.55,1103.8,10335
1679976900,1103.4,1103.5,1101.0,1101.65,5513
1679977200,1101.65,1102.0,1099.3,1100.0,116479
1679977500,1100.0,1101.25,1099.7,1099.85,2158
1679977800,1099.85,1102.95,1098.55,1102.75,8450
1679978100,1102.9,1103.5,1100.45,1102.0,11169
1679978400,1102.0,1104.75,1101.5,1103.8,5285
1679978700,1103.8,1103.95,1101.5,1102.55,4366
1679979000,1102.55,1103.0,1101.2,1102.0,4943
1679979300,1101.45,1102.0,1100.0,1100.85,3563
1679979600,1100.85,1101.65,1099.1,1100.9,9837
1679979900,1100.9,1101.5,1100.0,1100.5,1801
1679980200,1099.85,1101.25,1099.5,1100.65,3865
1679980500,1100.65,1103.4,1100.5,1101.35,7092
1679980800,1101.35,1101.35,1099.0,1099.1,2840
1679981100,1099.1,1099.75,1096.5,1096.5,5128
1679981400,1096.5,1098.25,1095.4,1097.0,4584
1679981700,1097.0,1097.55,1095.05,1096.8,7319
1679982000,1096.8,1098.15,1095.45,1097.15,3465
1679982300,1097.15,1099.35,1097.15,1098.85,4365
1679982600,1098.85,1098.9,1095.5,1096.1,3898
1679982900,1096.1,1096.15,1094.75,1095.3,4321
1679983200,1095.25,1095.95,1094.2,1095.35,4034
1679983500,1095.4,1098.55,1095.0,1098.2,4932
1679983800,1098.55,1098.55,1096.3,1097.7,3636
1679984100,1097.7,1097.7,1095.2,1095.45,4850
1679984400,1095.4,1096.5,1094.55,1094.55,3476
1679984700,1094.55,1095.2,1093.1,1094.8,5487
1679985000,1094.8,1095.35,1093.25,1093.75,4919
1679985300,1093.7,1094.75,1093.7,1094.0,3192
1679985600,1094.0,1094.6,1091.95,1092.35,7030
1679985900,1092.35,1093.15,1091.75,1092.7,6571
1679986200,1092.6,1095.4,1092.2,1093.9,4029
1679986500,1093.9,1094.8,1093.4,1094.15,4142
1679986800,1094.15,1095.4,1094.15,1095.4,3383
1679987100,1095.4,1096.0,1094.4,1094.8,2532
1679987400,1094.8,1095.05,1092.85,1092.95,3897
1679987700,1092.95,1093.6,1092.0,1093.1,2635
1679988000,1093.1,1093.6,1092.25,1093.1,3000
1679988300,1093.1,1093.8,1093.0,1093.45,3366
1679988600,1093.45,1093.8,1091.2,1091.2,6165
1679988900,1091.4,1093.0,1091.35,1092.45,5217
1679989200,1092.45,1093.8,1091.7,1093.25,5077
1679989500,1093.25,1093.25,1091.65,1091.9,2840
1679989800,1091.9,1091.9,1089.7,1089.75,8460
1679990100,1089.75,1090.0,1088.25,1090.0,8058
1679990400,1089.6,1090.4,1089.6,1089.95,2671
1679990700,1089.95,1090.5,1089.0,1090.0,5140
1679991000,1090.0,1090.9,1089.55,1090.45,3934
1679991300,1090.45,1092.65,1090.05,1091.0,6287
1679991600,1091.0,1091.45,1089.25,1089.25,3005
1679991900,1089.25,1092.0,1089.05,1090.25,10813
1679992200,1090.15,1093.45,1090.1,1093.35,15870
1679992500,1093.35,1094.5,1089.7,1089.7,8617
1679992800,1089.7,1090.85,1089.2,1090.35,4058
1679993100,1090.9,1091.7,1090.15,1091.3,2490
1679993400,1091.3,1091.45,1089.6,1090.95,3307
1679993700,1090.95,1093.85,1090.95,1093.35,8037
1679994000,1093.35,1095.0,1092.6,1095.0,6902
1679994300,1095.0,1095.2,1092.5,1093.45,7112
1679994600,1093.45,1093.8,1090.55,1091.95,9559
1679994900,1091.95,1092.7,1089.0,1089.5,6139
1679995200,1089.5,1091.45,1089.5,1089.5,5643
1679995500,1089.5,1092.2,1089.25,1092.05,4811
1679995800,1091.6,1093.0,1089.2,1089.35,12473
1679996100,1089.55,1091.65,1089.3,1089.75,10725
1679996400,1090.1,1090.9,1088.9,1090.4,13090
1679996700,1090.55,1091.3,1088.05,1091.05,27415
1679997000,1091.3,1094.75,1090.75,1094.75,17720
1679997300,1094.75,1099.0,1092.0,1093.4,18348
1680061500,1094.0,1101.65,1094.0,1097.7,34768
1680061800,1097.0,1100.8,1097.0,1099.05,13508
1680062100,1098.4,1103.45,1098.4,1102.2,10619
1680062400,1101.75,1106.0,1101.75,1105.3,23327
1680062700,1105.9,1106.0,1103.1,1103.65,12864
1680063000,1103.65,1103.9,1098.45,1099.35,54253
1680063300,1099.0,1100.1,1099.0,1099.85,4648
1680063600,1099.65,1102.65,1099.45,1102.15,8372
1680063900,1102.15,1102.5,1100.1,1100.1,6449
1680064200,1100.35,1100.35,1095.55,1096.05,5871
1680064500,1096.0,1096.55,1095.4,1095.85,8887
1680064800,1095.7,1096.85,1095.7,1096.35,4211
1680065100,1096.35,1096.8,1092.55,1094.35,9326
1680065400,1094.0,1094.5,1092.4,1093.55,7826
1680065700,1093.6,1094.15,1092.55,1094.15,7492
1680066000,1094.4,1097.95,1094.05,1096.35,9179
1680066300,1096.35,1096.4,1094.05,1095.1,3611
1680066600,1094.6,1096.95,1093.5,1096.4,3308
1680066900,1096.4,1096.45,1094.5,1094.55,2083
1680067200,1094.55,1096.6,1093.85,1096.5,3070
1680067500,1095.85,1097.5,1094.0,1097.4,2421
1680067800,1097.3,1097.65,1093.95,1093.95,2524
1680068100,1093.85,1094.1,1090.6,1091.6,8417
1680068400,1091.8,1092.65,1090.5,1090.75,4948
1680068700,1090.75,1092.1,1090.5,1091.5,3533
1680069000,1091.5,1091.5,1088.0,1088.3,9304
1680069300,1088.5,1089.4,1088.4,1089.05,1901
1680069600,1089.05,1090.35,1086.3,1090.1,8351
1680069900,1089.6,1090.0,1087.5,1089.05,6048
1680070200,1089.55,1091.5,1089.0,1090.7,3534
1680070500,1090.5,1090.5,1088.2,1089.5,3082
1680070800,1089.55,1089.55,1088.0,1088.1,3683
1680071100,1088.05,1089.6,1087.45,1089.05,3981
1680071400,1089.05,1089.15,1086.65,1087.15,7343
1680071700,1086.8,1087.35,1085.9,1086.0,11243
1680072000,1086.0,1087.55,1084.05,1086.05,16004
1680072300,1085.4,1086.1,1084.45,1085.4,8653
1680072600,1085.4,1086.0,1083.35,1083.9,10537
1680072900,1083.35,1085.0,1083.25,1083.45,12564
1680073200,1083.35,1085.5,1083.25,1084.8,10118
1680073500,1084.8,1085.65,1084.3,1085.65,10146
1680073800,1085.65,1085.65,1083.75,1085.15,5178
1680074100,1084.45,1088.75,1084.45,1086.7,6395
1680074400,1086.35,1086.6,1084.0,1084.1,4384
1680074700,1083.8,1085.55,1083.8,1085.2,6405
1680075000,1084.7,1086.0,1084.45,1084.7,6024
1680075300,1084.75,1086.25,1084.1,1084.8,16374
1680075600,1084.9,1085.85,1084.6,1085.25,3091
1680075900,1085.0,1086.2,1084.75,1085.9,3596
1680076200,1085.75,1092.4,1085.55,1089.65,14242
1680076500,1089.65,1092.15,1087.25,1088.4,37978
1680076800,1088.35,1089.4,1087.0,1087.45,10963
1680077100,1087.45,1088.35,1086.05,1087.05,17227
1680077400,1087.2,1088.3,1086.0,1087.0,11737
1680077700,1087.0,1088.0,1086.15,1087.65,6696
1680078000,1086.75,1088.0,1085.6,1086.65,7782
1680078300,1086.65,1088.5,1086.6,1087.0,6287
1680078600,1087.05,1087.85,1085.5,1086.6,18101
1680078900,1086.2,1087.6,1085.5,1086.8,9672
1680079200,1086.8,1089.0,1086.35,1087.6,5462
1680079500,1088.15,1089.9,1087.15,1087.7,12044
1680079800,1087.7,1087.95,1086.2,1086.85,5407
1680080100,1087.2,1088.75,1086.35,1088.5,11259
1680080400,1088.5,1089.85,1088.0,1089.45,8973
1680080700,1089.45,1090.0,1089.0,1089.3,5702
1680081000,1089.3,1090.3,1088.7,1089.4,7008
1680081300,1089.4,1091.45,1088.8,1090.9,18225
1680081600,1090.8,1092.0,1089.55,1092.0,20030
1680081900,1092.0,1093.0,1091.8,1092.3,9503
1680082200,1092.65,1098.5,1091.9,1097.8,37628
1680082500,1097.8,1099.0,1096.35,1098.55,43449
1680082800,1098.5,1101.25,1098.1,1100.75,33950
1680083100,1100.65,1101.2,1098.65,1099.2,33471
1680083400,1099.2,1102.0,1098.1,1100.6,35392
1680083700,1100.65,1102.1,1093.4,1102.0,26957
1680234300,1100.2,1104.55,1097.25,1102.45,25992
1680234600,1102.85,1107.9,1102.45,1106.3,20763
1680234900,1106.65,1106.65,1104.4,1105.0,15376
1680235200,1105.0,1106.5,1102.7,1106.2,17079
1680235500,1106.2,1110.0,1105.0,1108.85,21752
1680235800,1108.85,1110.45,1107.5,1109.0,11159
1680236100,1109.0,1109.1,1108.0,1108.45,4076
1680236400,1108.45,1108.6,1106.85,1107.45,8938
1680236700,1107.45,1108.85,1106.25,1108.65,14798
1680237000,1108.65,1109.0,1107.6,1108.05,6629
1680237300,1108.05,1108.05,1107.0,1107.0,2355
1680237600,1107.0,1108.2,1106.15,1106.8,8727
1680237900,1107.4,1107.4,1105.35,1105.8,3657
1680238200,1105.8,1105.85,1105.0,1105.1,8737
1680238500,1105.1,1105.9,1105.0,1105.9,6002
1680238800,1105.9,1105.9,1104.9,1105.3,2464
1680239100,1105.3,1105.3,1105.0,1105.3,2884
1680239400,1105.3,1105.3,1105.0,1105.3,1826
1680239700,1105.3,1105.35,1105.0,1105.35,2701
1680240000,1105.0,1111.7,1105.0,1111.0,19847
1680240300,1111.0,1111.6,1109.85,1110.0,5798
1680240600,1110.0,1112.95,1109.75,1111.55,16820
1680240900,1111.55,1111.8,1109.9,1109.9,3829
1680241200,1109.9,1110.1,1108.15,1108.15,6963
1680241500,1108.15,1108.4,1107.5,1107.75,5336
1680241800,1107.75,1109.4,1107.4,1108.7,8603
1680242100,1108.7,1110.6,1108.7,1110.4,3791
1680242400,1110.3,1111.65,1110.3,1111.05,8522
1680242700,1111.05,1111.35,1107.55,1108.1,16787
1680243000,1108.1,1109.35,1107.25,1107.9,3189
1680243300,1107.9,1107.95,1106.4,1107.0,3991
1680243600,1107.6,1108.1,1106.0,1107.8,5139
1680243900,1107.8,1107.8,1105.6,1105.6,4006
1680244200,1105.9,1105.95,1104.8,1105.0,11842
1680244500,1105.15,1105.25,1104.85,1105.2,5553
1680244800,1105.25,1106.75,1104.8,1106.75,7283
1680245100,1106.75,1106.75,1106.3,1106.6,2399
1680245400,1106.6,1107.25,1106.05,1106.5,5169
1680245700,1106.4,1107.25,1105.4,1106.95,6044
1680246000,1106.95,1108.8,1106.4,1108.65,5928
1680246300,1108.65,1109.5,1107.6,1107.95,4106
1680246600,1107.95,1108.65,1107.3,1108.65,3196
1680246900,1108.65,1108.85,1108.45,1108.6,2901
1680247200,1108.85,1108.85,1107.2,1107.4,4180
1680247500,1107.85,1108.0,1107.4,1107.75,3622
1680247800,1107.75,1109.45,1107.65,1109.0,4994
1680248100,1109.45,1109.55,1107.6,1107.65,4479
1680248400,1107.65,1108.2,1106.9,1107.45,7149
1680248700,1106.95,1107.45,1106.0,1106.3,8831
1680249000,1106.3,1107.3,1105.1,1105.65,30657
1680249300,1106.0,1106.95,1104.55,1106.05,23728
1680249600,1106.05,1107.0,1105.35,1106.05,10913
1680249900,1106.1,1106.75,1105.0,1105.0,12226
1680250200,1105.45,1106.9,1103.85,1106.9,18344
1680250500,1106.9,1107.0,1106.1,1106.2,1852
1680250800,1106.75,1106.8,1106.0,1106.05,4048
1680251100,1106.3,1106.65,1106.0,1106.65,1414
1680251400,1106.35,1107.9,1106.05,1107.05,7078
1680251700,1107.55,1107.85,1105.0,1105.0,13214
1680252000,1105.1,1105.8,1105.0,1105.0,5932
1680252300,1105.0,1105.5,1105.0,1105.45,2780
1680252600,1105.45,1105.5,1105.0,1105.05,2841
1680252900,1105.05,1107.0,1105.05,1106.6,9841
1680253200,1106.95,1107.0,1104.75,1105.0,7378
1680253500,1105.15,1107.0,1104.85,1106.5,8323
1680253800,1106.5,1107.0,1105.0,1105.35,6924
1680254100,1105.35,1108.45,1105.3,1107.7,10592
1680254400,1108.15,1108.25,1107.15,1107.15,12623
1680254700,1107.15,1107.55,1105.0,1106.2,14603
1680255000,1105.65,1105.95,1104.8,1105.05,50180
1680255300,1105.0,1105.05,1101.8,1101.9,66204
1680255600,1101.9,1102.15,1098.65,1098.65,61154
1680255900,1098.75,1101.0,1098.4,1098.4,68489
1680256200,1098.3,1102.0,1098.0,1100.15,71672
1680256500,1100.15,1100.8,1098.6,1100.0,49573
1680493500,1100.0,1105.25,1098.05,1100.8,39038
1680493800,1101.25,1104.9,1100.05,1102.5,17295
1680494100,1102.3,1104.65,1102.15,1102.5,11405
1680494400,1102.0,1103.75,1096.3,1096.5,420627
1680494700,1096.5,1097.9,1091.8,1092.85,33446
1680495000,1093.2,1098.75,1092.7,1098.25,9639
1680495300,1098.25,1101.05,1097.35,1101.0,9185
1680495600,1101.0,1101.45,1098.25,1100.05,8008
1680495900,1100.05,1102.2,1097.85,1099.45,13454
1680496200,1099.45,1100.05,1098.5,1099.75,1820
1680496500,1099.75,1101.0,1099.45,1100.7,1058
1680496800,1100.7,1101.5,1098.5,1099.05,4946
1680497100,1099.05,1108.3,1099.05,1107.8,142933
1680497400,1107.75,1109.75,1106.85,1108.35,18494
1680497700,1108.15,1111.0,1108.15,1110.35,9993
1680498000,1110.35,1114.0,1109.45,1114.0,24078
1680498300,1114.0,1116.25,1113.25,1115.0,22501
1680498600,1115.0,1116.3,1113.8,1115.25,18664
1680498900,1115.25,1123.0,1115.25,1122.95,30152
1680499200,1122.95,1126.8,1121.4,1122.5,30893
1680499500,1122.5,1123.05,1119.25,1121.8,26005
1680499800,1121.8,1123.0,1121.05,1122.9,6001
1680500100,1122.9,1124.0,1120.95,1124.0,11514
1680500400,1122.5,1126.35,1121.5,1126.35,15200
1680500700,1125.8,1126.35,1123.15,1124.7,14303
1680501000,1124.7,1125.0,1123.15,1123.8,4078
1680501300,1123.8,1123.85,1119.45,1119.45,23000
1680501600,1120.35,1120.35,1113.2,1113.2,70821
1680501900,1113.85,1114.1,1110.65,1112.0,16416
1680502200,1112.0,1113.95,1111.35,1113.6,11296
1680502500,1113.55,1113.95,1108.35,1108.4,42456
1680502800,1108.4,1109.7,1107.3,1107.3,6321
1680503100,1107.25,1108.25,1106.55,1108.25,4459
1680503400,1107.8,1109.85,1106.15,1109.85,7710
1680503700,1109.85,1110.95,1107.75,1109.9,7423
1680504000,1109.9,1110.25,1107.4,1110.0,4029
1680504300,1110.0,1111.85,1109.15,1110.75,10655
1680504600,1110.0,1110.65,1109.0,1109.45,3255
1680504900,1109.45,1110.8,1109.0,1110.35,4591
1680505200,1110.35,1111.0,1109.7,1110.95,2015
1680505500,1110.95,1111.9,1110.15,1110.6,4586
1680505800,1110.6,1111.85,1110.3,1111.45,1532
1680506100,1111.45,1111.5,1108.85,1109.75,4677
1680506400,1109.75,1113.1,1108.0,1108.05,14379
1680506700,1108.05,1109.25,1107.0,1109.15,6420
1680507000,1109.15,1110.0,1107.45,1109.95,2986
1680507300,1109.95,1110.0,1108.35,1109.5,16593
1680507600,1109.5,1109.5,1107.0,1109.1,3055
1680507900,1109.1,1109.75,1107.75,1109.1,1196
1680508200,1109.1,1109.85,1108.2,1109.6,2410
1680508500,1109.6,1109.95,1108.4,1109.4,4187
1680508800,1109.25,1109.45,1106.6,1106.6,2427
1680509100,1106.45,1109.55,1106.05,1109.25,4251
1680509400,1109.25,1110.0,1108.25,1108.3,4553
1680509700,1109.0,1109.0,1103.5,1104.3,54822
1680510000,1103.55,1104.5,1103.1,1104.4,5501
1680510300,1103.55,1104.2,1102.1,1102.4,11883
1680510600,1102.5,1106.75,1101.9,1104.8,11509
1680510900,1104.8,1105.65,1101.55,1101.85,11095
1680511200,1101.85,1103.0,1101.3,1102.0,20430
1680511500,1102.0,1102.15,1099.3,1100.7,20534
1680511800,1100.7,1101.55,1099.7,1101.55,9403
1680512100,1101.55,1103.0,1101.15,1102.45,10097
1680512400,1102.5,1103.0,1101.5,1102.95,21376
1680512700,1102.95,1103.75,1101.55,1102.75,20044
1680513000,1102.75,1105.3,1102.4,1103.5,28134
1680513300,1103.5,1104.4,1102.5,1103.0,44376
1680513600,1103.0,1104.95,1101.85,1104.95,31069
1680513900,1104.95,1105.0,1102.35,1103.95,7024
1680514200,1103.95,1103.95,1102.2,1102.55,11743
1680514500,1102.55,1104.4,1102.55,1103.2,12975
1680514800,1103.5,1103.95,1102.0,1103.5,17866
1680515100,1103.5,1104.95,1102.5,1103.9,32097
1680515400,1103.95,1104.4,1102.75,1104.2,30256
1680515700,1104.5,1105.4,1102.5,1105.0,43607
1680666300,1109.55,1118.25,1106.3,1117.35,31898
1680666600,1117.35,1118.9,1108.4,1110.65,51981
1680666900,1110.65,1110.65,1105.95,1107.9,17418
1680667200,1107.9,1112.0,1106.5,1111.45,9309
1680667500,1111.45,1114.0,1109.8,1111.15,8777
1680667800,1111.25,1111.95,1108.8,1110.9,5841
1680668100,1110.9,1111.65,1109.7,1110.8,2608
1680668400,1110.65,1111.15,1107.65,1109.6,4049
1680668700,1109.8,1110.4,1108.85,1109.85,5429
1680669000,1109.75,1110.2,1108.3,1108.35,2244
1680669300,1108.35,1109.8,1106.85,1106.85,5499
1680669600,1107.0,1109.05,1106.7,1107.05,4677
1680669900,1106.95,1108.75,1106.0,1106.5,5677
1680670200,1106.5,1107.95,1106.2,1106.6,4562
1680670500,1106.6,1108.05,1106.2,1107.85,3055
1680670800,1107.5,1107.7,1106.45,1106.7,4737
1680671100,1106.9,1106.95,1106.5,1106.95,1127
1680671400,1106.9,1107.05,1105.0,1105.0,6508
1680671700,1105.0,1106.95,1104.1,1106.7,3400
1680672000,1106.85,1108.95,1106.5,1108.85,4632
1680672300,1108.85,1109.95,1107.5,1108.1,8591
1680672600,1108.1,1108.4,1107.15,1107.7,1619
1680672900,1107.7,1109.8,1107.5,1109.05,9973
1680673200,1109.05,1109.65,1108.85,1109.4,2681
1680673500,1109.4,1110.0,1109.0,1109.85,13011
1680673800,1109.85,1110.0,1109.5,1109.65,5518
1680674100,1109.65,1110.0,1109.0,1110.0,4210
1680674400,1110.0,1110.0,1109.05,1110.0,15218
1680674700,1110.0,1110.0,1109.3,1109.5,1961
1680675000,1109.5,1110.0,1109.0,1109.25,5527
1680675300,1109.25,1110.0,1108.8,1108.85,1697
1680675600,1108.85,1109.75,1108.85,1109.5,1798
1680675900,1109.5,1111.0,1109.0,1110.65,2868
1680676200,1110.55,1111.0,1110.5,1110.95,1475
1680676500,1110.95,1111.95,1110.5,1111.45,2906
1680676800,1111.45,1111.85,1110.5,1111.5,3282
1680677100,1111.5,1112.0,1111.0,1111.7,2944
1680677400,1111.7,1111.9,1111.1,1111.65,1477
1680677700,1111.65,1112.0,1111.3,1111.65,6398
1680678000,1111.65,1111.95,1111.2,1111.25,3167
1680678300,1111.2,1111.7,1111.0,1111.7,2441
1680678600,1111.7,1111.9,1111.0,1111.25,1348
1680678900,1111.25,1111.95,1111.0,1111.95,2645
1680679200,1111.85,1112.05,1111.4,1111.7,1882
1680679500,1111.7,1111.8,1108.05,1110.4,29013
1680679800,1111.0,1112.7,1111.0,1111.6,52823
1680680100,1111.6,1112.2,1109.5,1110.0,29133
1680680400,1110.0,1110.0,1108.0,1108.45,4850
1680680700,1108.45,1108.7,1104.15,1105.0,38177
1680681000,1105.0,1105.05,1104.4,1104.75,4058
1680681300,1104.75,1105.0,1102.55,1104.4,8254
1680681600,1104.1,1104.6,1103.0,1103.85,5338
1680681900,1103.7,1103.85,1100.8,1101.5,10514
1680682200,1101.55,1105.0,1101.55,1104.75,16640
1680682500,1104.95,1105.25,1102.85,1104.0,5744
1680682800,1104.05,1104.7,1101.3,1103.9,6830
1680683100,1103.9,1104.9,1103.4,1104.0,4617
1680683400,1103.95,1104.55,1102.5,1102.8,5654
1680683700,1102.75,1103.75,1101.2,1102.3,7450
1680684000,1102.3,1103.15,1101.0,1102.0,9950
1680684300,1102.0,1102.95,1101.5,1102.0,3097
1680684600,1102.0,1102.6,1101.05,1101.5,12017
1680684900,1101.5,1101.95,1100.45,1101.45,4970
1680685200,1101.55,1102.95,1101.55,1102.0,29046
1680685500,1102.0,1104.45,1101.85,1104.1,7334
1680685800,1104.1,1104.65,1102.55,1103.25,4324
1680686100,1103.45,1105.0,1103.0,1104.4,8117
1680686400,1104.35,1105.0,1103.5,1104.65,6159
1680686700,1104.65,1105.85,1104.15,1105.3,6463
1680687000,1105.3,1106.95,1104.55,1106.15,14152
1680687300,1106.05,1107.3,1105.0,1105.4,11880
1680687600,1105.4,1105.45,1104.3,1104.8,10362
1680687900,1104.8,1105.7,1102.45,1104.85,28696
1680688200,1104.8,1106.0,1103.55,1105.45,12212
1680688500,1105.45,1108.9,1105.15,1108.9,26270
1680752700,1108.9,1108.9,1105.0,1107.8,13263
1680753000,1108.9,1112.0,1107.25,1109.25,13484
1680753300,1109.25,1110.05,1106.35,1110.05,9139
1680753600,1110.05,1112.0,1108.9,1110.9,203217
1680753900,1110.9,1110.9,1108.9,1109.95,46484
1680754200,1109.95,1110.95,1109.15,1109.95,3480
1680754500,1109.95,1110.15,1108.5,1109.25,3901
1680754800,1109.25,1109.35,1105.35,1105.95,7086
1680755100,1105.95,1107.1,1105.05,1107.1,3883
1680755400,1107.1,1109.95,1106.15,1109.95,4151
1680755700,1110.0,1111.0,1109.4,1110.4,3789
1680756000,1110.4,1110.4,1108.75,1110.35,16059
1680756300,1110.35,1110.9,1109.5,1110.75,3473
1680756600,1110.75,1110.9,1107.8,1109.4,4598
1680756900,1108.95,1109.65,1108.95,1109.3,743
1680757200,1109.3,1111.2,1109.3,1111.1,5964
1680757500,1111.1,1112.95,1110.7,1111.45,9674
1680757800,1111.45,1112.0,1111.1,1111.45,3923
1680758100,1111.45,1112.0,1110.7,1111.25,2172
1680758400,1111.25,1111.3,1108.8,1109.1,4628
1680758700,1109.5,1111.35,1109.15,1111.35,2432
1680759000,1111.35,1112.0,1111.15,1111.4,2377
1680759300,1111.4,1112.0,1111.15,1111.65,1318
1680759600,1111.65,1111.65,1109.8,1110.75,5257
1680759900,1110.75,1110.75,1109.0,1109.05,2424
1680760200,1109.05,1110.15,1109.05,1109.7,1886
1680760500,1109.7,1110.5,1109.25,1110.25,1394
1680760800,1110.25,1110.25,1109.45,1109.85,712
1680761100,1109.5,1111.8,1109.5,1111.8,5248
1680761400,1111.8,1112.75,1111.05,1111.9,4719
1680761700,1111.7,1112.5,1111.0,1112.1,3841
1680762000,1112.0,1113.85,1111.65,1112.0,13334
1680762300,1111.85,1111.85,1110.35,1110.8,3261
1680762600,1110.8,1112.05,1110.3,1112.05,1247
1680762900,1112.05,1112.75,1110.3,1111.45,5756
1680763200,1111.45,1112.05,1110.0,1110.8,10825
1680763500,1110.8,1116.0,1110.5,1115.4,13837
1680763800,1115.4,1116.8,1115.1,1115.8,12063
1680764100,1115.8,1115.8,1113.6,1113.6,9562
1680764400,1114.15,1114.6,1113.55,1114.55,3033
1680764700,1114.0,1115.95,1114.0,1115.2,1494
1680765000,1115.2,1118.0,1115.2,1117.25,6530
1680765300,1117.25,1118.95,1116.55,1118.15,6024
1680765600,1118.15,1118.45,1116.55,1117.85,5605
1680765900,1117.85,1119.9,1117.15,1119.9,10705
1680766200,1119.9,1120.0,1117.0,1117.05,10548
1680766500,1117.05,1117.75,1114.5,1115.1,11085
1680766800,1115.1,1115.25,1114.0,1115.25,10293
1680767100,1115.25,1115.75,1113.6,1114.0,9654
1680767400,1114.0,1115.35,1113.95,1114.85,1375
1680767700,1114.85,1115.55,1114.5,1115.0,5821
1680768000,1115.0,1116.7,1114.6,1116.1,15935
1680768300,1116.1,1117.8,1116.1,1116.8,2284
1680768600,1116.8,1117.35,1116.5,1116.95,1262
1680768900,1116.95,1116.95,1115.15,1115.5,2263
1680769200,1115.5,1115.7,1114.6,1115.45,1403
1680769500,1115.45,1115.45,1114.3,1115.0,1776
1680769800,1115.0,1118.95,1114.45,1116.95,10011
1680770100,1116.95,1118.15,1116.95,1118.0,1879
1680770400,1118.0,1118.5,1117.05,1117.9,1978
1680770700,1117.9,1118.5,1116.9,1117.05,4409
1680771000,1117.05,1118.3,1116.55,1117.6,2353
1680771300,1117.6,1118.5,1117.5,1117.95,1272
1680771600,1117.95,1118.5,1117.0,1118.45,867
1680771900,1118.45,1119.9,1116.85,1119.0,8186
1680772200,1119.0,1119.5,1117.8,1118.05,2091
1680772500,1118.05,1119.25,1115.0,1117.1,73640
1680772800,1117.1,1118.55,1116.05,1116.2,15972
1680773100,1116.2,1117.65,1116.1,1117.0,10873
1680773400,1116.2,1119.35,1116.2,1118.9,18374
1680773700,1118.9,1118.9,1117.3,1118.2,14292
1680774000,1117.7,1118.15,1115.0,1115.0,57787
1680774300,1115.0,1117.65,1114.9,1116.0,73917
1680774600,1115.65,1117.4,1115.65,1116.0,52660
1680774900,1116.0,1119.0,1115.6,1116.0,36265
1681098300,1119.4,1119.4,1113.0,1113.35,17007
1681098600,1113.35,1114.8,1110.15,1114.1,17326
1681098900,1114.1,1114.8,1112.55,1113.15,5238
1681099200,1113.0,1116.85,1111.6,1114.85,20749
1681099500,1114.85,1117.15,1112.85,1115.4,7583
1681099800,1115.4,1119.45,1115.15,1117.55,6538
1681100100,1117.55,1118.8,1116.05,1118.05,6281
1681100400,1118.05,1119.0,1117.05,1117.75,6191
1681100700,1117.75,1118.0,1116.15,1116.15,5410
1681101000,1116.9,1117.95,1115.55,1116.65,5124
1681101300,1116.65,1117.35,1114.9,1114.9,5043
1681101600,1115.35,1116.7,1113.0,1113.15,3242
1681101900,1113.8,1114.55,1113.1,1113.85,2377
1681102200,1113.85,1113.85,1112.35,1112.9,7705
1681102500,1112.9,1113.95,1112.15,1112.85,3420
1681102800,1112.1,1113.0,1112.0,1113.0,2839
1681103100,1113.0,1113.0,1112.0,1112.05,833
1681103400,1112.05,1112.9,1111.65,1112.0,155934
1681103700,1112.0,1112.0,1111.2,1111.75,1965
1681104000,1111.75,1111.95,1111.1,1111.85,2288
1681104300,1111.85,1112.0,1111.25,1111.9,10040
1681104600,1111.9,1111.9,1111.0,1111.75,2782
1681104900,1111.75,1112.5,1111.45,1112.5,1827
1681105200,1112.5,1112.95,1111.05,1112.35,13274
1681105500,1112.8,1115.0,1111.4,1112.85,151409
1681105800,1112.35,1112.5,1109.35,1111.35,24672
1681106100,1111.35,1111.75,1110.85,1111.3,2006
1681106400,1111.3,1111.8,1110.95,1111.15,1623
1681106700,1111.15,1111.6,1110.9,1111.5,1954
1681107000,1111.5,1112.55,1110.9,1111.0,7055
1681107300,1111.35,1112.1,1111.0,1111.7,2483
1681107600,1111.7,1111.7,1110.95,1111.3,5322
1681107900,1111.3,1113.95,1110.9,1113.3,6933
1681108200,1113.5,1114.0,1111.2,1111.85,8473
1681108500,1112.15,1113.0,1111.25,1112.8,197960
1681108800,1112.8,1114.0,1112.0,1113.1,16631
1681109100,1113.55,1113.85,1112.75,1113.1,3204
1681109400,1113.1,1113.5,1111.6,1111.95,11275
1681109700,1112.3,1112.95,1108.85,1109.35,16497
1681110000,1109.35,1112.2,1109.35,1111.55,10512
1681110300,1111.55,1112.45,1110.95,1112.05,5672
1681110600,1112.05,1112.3,1111.15,1111.25,4606
1681110900,1111.95,1112.4,1111.35,1111.9,3321
1681111200,1112.4,1113.5,1111.8,1113.5,4208
1681111500,1113.45,1113.6,1112.65,1113.3,2985
1681111800,1112.8,1113.4,1112.05,1112.45,2847
1681112100,1112.45,1112.75,1110.9,1111.6,3302
1681112400,1111.6,1111.6,1110.6,1110.75,3095
1681112700,1110.9,1111.4,1110.35,1111.1,4783
1681113000,1111.25,1111.55,1110.3,1110.5,3800
1681113300,1110.5,1110.5,1109.5,1109.55,4901
1681113600,1109.55,1110.0,1107.05,1107.05,7964
1681113900,1107.05,1108.8,1107.05,1108.7,4549
1681114200,1108.7,1109.25,1108.0,1108.0,5837
1681114500,1108.55,1108.75,1107.8,1108.15,3910
1681114800,1108.15,1108.25,1107.0,1107.1,4659
1681115100,1107.1,1107.5,1106.5,1106.8,5508
1681115400,1106.9,1108.0,1106.8,1108.0,3860
1681115700,1107.5,1109.75,1107.5,1108.0,6736
1681116000,1107.5,1108.1,1105.85,1105.9,5647
1681116300,1105.9,1107.0,1105.15,1105.5,5829
1681116600,1105.5,1106.7,1104.45,1106.65,7053
1681116900,1106.55,1106.65,1105.3,1106.15,5151
1681117200,1106.1,1106.5,1104.1,1106.0,4264
1681117500,1105.85,1106.55,1104.1,1104.8,5616
1681117800,1104.7,1105.85,1104.05,1105.5,5038
1681118100,1105.5,1106.75,1104.95,1105.45,5152
1681118400,1105.4,1105.8,1104.2,1105.65,5926
1681118700,1105.55,1105.65,1104.65,1105.05,5103
1681119000,1105.05,1108.4,1104.35,1108.4,12929
1681119300,1108.4,1108.95,1106.75,1106.85,5505
1681119600,1107.5,1107.6,1105.1,1105.1,5448
1681119900,1105.1,1107.2,1104.75,1105.35,23503
1681120200,1104.75,1107.95,1104.75,1107.05,12106
1681120500,1107.05,1107.8,1106.0,1106.0,5680
1681184700,1110.9,1126.55,1108.4,1125.25,40343
1681185000,1125.25,1131.85,1123.15,1131.1,47233
1681185300,1130.5,1131.35,1126.0,1126.0,43687
1681185600,1126.0,1126.95,1117.9,1118.05,45840
1681185900,1118.55,1121.75,1116.55,1120.2,34241
1681186200,1120.2,1122.9,1117.7,1119.9,13238
1681186500,1119.9,1121.95,1116.0,1120.6,11024
1681186800,1120.25,1121.5,1119.8,1120.9,6118
1681187100,1120.75,1124.05,1120.4,1120.4,14489
1681187400,1120.4,1121.0,1118.5,1118.75,9621
1681187700,1118.75,1119.7,1117.6,1118.2,6198
1681188000,1118.2,1120.75,1118.0,1118.3,11462
1681188300,1118.3,1119.45,1115.35,1115.35,13602
1681188600,1115.95,1116.0,1115.0,1115.15,8072
1681188900,1115.7,1115.7,1112.75,1112.75,12651
1681189200,1112.95,1116.65,1112.2,1114.2,10075
1681189500,1114.2,1114.75,1112.3,1112.7,5256
1681189800,1112.7,1113.55,1112.0,1113.55,4929
1681190100,1113.55,1115.45,1113.05,1113.05,5917
1681190400,1113.05,1113.65,1112.55,1112.65,4363
1681190700,1112.65,1113.95,1112.1,1113.0,3980
1681191000,1113.0,1114.35,1112.4,1112.9,4421
1681191300,1112.9,1113.55,1111.65,1113.0,5026
1681191600,1113.0,1113.65,1112.1,1113.05,5456
1681191900,1113.05,1115.65,1112.55,1113.35,10562
1681192200,1113.55,1114.5,1111.7,1114.1,9025
1681192500,1114.25,1114.75,1111.75,1112.0,12577
1681192800,1112.0,1113.0,1111.8,1111.9,4284
1681193100,1111.95,1112.95,1111.75,1111.9,3975
1681193400,1111.1,1113.1,1111.1,1111.7,7786
1681193700,1111.65,1112.4,1110.25,1111.55,6695
1681194000,1111.55,1112.2,1110.35,1110.4,6621
1681194300,1110.65,1110.95,1108.8,1110.1,10563
1681194600,1110.15,1110.4,1108.5,1109.1,6076
1681194900,1109.1,1110.55,1108.8,1109.5,5092
1681195200,1109.5,1112.2,1108.95,1112.2,7444
1681195500,1112.2,1114.05,1112.2,1112.75,6354
1681195800,1112.6,1112.8,1110.75,1111.45,5463
1681196100,1111.45,1113.1,1111.15,1113.05,4236
1681196400,1112.8,1115.4,1112.15,1115.35,8311
1681196700,1115.35,1115.9,1113.95,1113.95,5688
1681197000,1113.95,1114.6,1113.25,1114.5,5801
1681197300,1114.3,1114.3,1113.2,1113.85,3939
1681197600,1113.85,1118.0,1113.4,1117.25,12845
1681197900,1117.25,1117.5,1115.25,1115.75,7819
1681198200,1115.75,1115.9,1112.85,1113.95,5805
1681198500,1114.0,1114.5,1112.5,1112.65,5813
1681198800,1112.65,1113.55,1111.7,1112.45,5355
1681199100,1112.45,1114.85,1111.5,1112.35,5578
1681199400,1112.4,1113.45,1111.1,1112.5,5953
1681199700,1112.5,1112.95,1111.6,1111.8,4750
1681200000,1111.8,1113.25,1111.7,1112.25,5044
1681200300,1112.25,1117.15,1112.0,1116.15,9408
1681200600,1116.1,1117.95,1115.2,1115.55,7926
1681200900,1115.5,1116.45,1115.0,1116.4,10260
1681201200,1116.4,1117.85,1116.05,1116.8,6695
1681201500,1116.8,1117.0,1115.3,1115.6,4153
1681201800,1115.6,1117.9,1115.0,1117.9,7061
1681202100,1117.3,1117.95,1115.15,1116.45,9725
1681202400,1116.45,1116.65,1115.1,1115.2,5000
1681202700,1115.2,1116.1,1114.1,1116.0,9716
1681203000,1115.9,1116.25,1114.3,1114.4,6453
1681203300,1114.4,1115.0,1113.85,1115.0,54355
1681203600,1114.55,1116.0,1113.85,1114.45,17585
1681203900,1114.55,1115.0,1113.85,1114.45,5439
1681204200,1114.45,1114.95,1112.0,1112.05,11753
1681204500,1112.0,1114.1,1112.0,1113.05,6773
1681204800,1113.05,1113.1,1110.3,1110.55,10326
1681205100,1111.2,1111.9,1110.4,1110.95,7467
1681205400,1111.2,1112.45,1110.5,1111.3,15964
1681205700,1111.3,1112.9,1110.85,1112.0,52085
1681206000,1112.5,1113.0,1112.0,1112.55,29753
1681206300,1113.05,1113.65,1112.05,1113.0,19844
1681206600,1113.0,1115.45,1112.6,1115.0,33907
1681206900,1115.05,1115.95,1112.9,1115.0,14216
1681271100,1118.5,1122.85,1114.0,1118.5,20212
1681271400,1118.95,1118.95,1114.2,1116.7,5740
1681271700,1116.8,1116.95,1115.15,1115.2,3183
1681272000,1115.0,1115.45,1112.9,1114.35,2852
1681272300,1114.35,1116.6,1114.35,1115.0,2168
1681272600,1115.0,1116.0,1113.05,1114.05,2646
1681272900,1113.45,1115.05,1113.45,1114.65,1913
1681273200,1114.65,1115.05,1113.85,1114.1,823
1681273500,1114.1,1114.55,1114.1,1114.15,532
1681273800,1114.15,1117.75,1112.9,1116.85,7092
1681274100,1116.85,1118.05,1115.45,1116.4,5851
1681274400,1116.65,1117.0,1115.15,1115.15,1993
1681274700,1115.15,1115.95,1113.05,1113.45,138630
1681275000,1113.45,1114.5,1113.45,1114.35,876
1681275300,1114.35,1114.9,1113.55,1113.55,875
1681275600,1113.65,1113.75,1113.1,1113.1,756
1681275900,1113.1,1113.35,1112.55,1112.85,1678
1681276200,1112.85,1113.5,1112.1,1112.85,1627
1681276500,1112.85,1113.5,1112.85,1113.05,938
1681276800,1113.05,1113.5,1113.0,1113.2,441
1681277100,1113.2,1114.75,1113.2,1113.7,2537
1681277400,1113.7,1115.5,1113.7,1115.5,1248
1681277700,1115.5,1115.9,1113.25,1113.25,4745
1681278000,1113.2,1116.0,1113.15,1114.3,4893
1681278300,1114.3,1116.0,1114.3,1115.75,3270
1681278600,1115.75,1116.1,1115.0,1116.1,4634
1681278900,1116.1,1117.15,1115.55,1116.0,4107
1681279200,1116.0,1118.55,1115.95,1117.0,4414
1681279500,1117.0,1117.65,1117.0,1117.4,494
1681279800,1117.15,1118.0,1116.55,1117.4,3230
1681280100,1117.6,1119.95,1116.55,1117.75,6097
1681280400,1117.75,1118.45,1116.65,1116.65,1239
1681280700,1116.65,1118.0,1116.35,1116.35,1214
1681281000,1116.85,1119.65,1116.85,1119.0,11270
1681281300,1119.0,1119.35,1116.95,1116.95,4715
1681281600,1116.95,1118.1,1116.65,1118.0,2466
1681281900,1117.5,1119.4,1117.5,1118.25,3341
1681282200,1118.25,1118.65,1118.0,1118.1,351
1681282500,1118.55,1119.0,1118.1,1118.7,628
1681282800,1118.4,1120.95,1118.4,1120.1,4503
1681283100,1120.1,1120.5,1119.45,1120.0,981
1681283400,1119.9,1120.7,1119.05,1119.45,1063
1681283700,1119.45,1122.95,1119.45,1122.0,4952
1681284000,1122.0,1122.0,1119.5,1119.5,3666
1681284300,1119.5,1121.8,1119.5,1120.45,2429
1681284600,1120.45,1121.25,1120.05,1120.35,2038
1681284900,1120.35,1123.4,1120.1,1123.15,9895
1681285200,1123.1,1123.2,1122.3,1122.85,9488
1681285500,1123.0,1123.5,1122.35,1123.0,11336
1681285800,1122.9,1125.55,1122.9,1124.45,24483
1681286100,1124.55,1125.7,1123.95,1124.35,15005
1681286400,1124.2,1124.65,1122.35,1124.1,5364
1681286700,1124.0,1125.4,1123.55,1124.95,5714
1681287000,1125.0,1125.3,1124.0,1124.3,4393
1681287300,1124.35,1125.0,1123.5,1124.0,11061
1681287600,1123.95,1126.0,1123.45,1125.05,58907
1681287900,1125.05,1125.55,1124.85,1125.05,12822
1681288200,1125.05,1125.95,1124.95,1125.65,21698
1681288500,1125.65,1127.2,1124.45,1125.85,30774
1681288800,1125.85,1126.85,1125.0,1126.5,7025
1681289100,1126.45,1127.45,1125.4,1127.1,26539
1681289400,1127.1,1127.8,1125.4,1126.45,24494
1681289700,1126.0,1127.0,1125.05,1125.05,13292
1681290000,1125.0,1125.95,1124.9,1125.1,9509
1681290300,1124.45,1125.9,1124.45,1125.15,5603
1681290600,1125.55,1126.6,1124.95,1125.05,6090
1681290900,1125.05,1126.4,1123.85,1125.2,34898
1681291200,1125.0,1126.0,1124.95,1125.0,6973
1681291500,1125.05,1126.0,1124.7,1125.85,10640
1681291800,1125.85,1127.5,1125.85,1127.25,17809
1681292100,1127.2,1127.95,1126.0,1126.85,39842
1681292400,1127.35,1127.5,1126.25,1127.0,14124
1681292700,1127.1,1127.85,1126.7,1126.8,15213
1681293000,1126.8,1127.55,1125.65,1127.5,19157
1681293300,1127.5,1130.0,1125.0,1130.0,25596
1681357500,1126.85,1136.0,1126.0,1133.05,24169
1681357800,1133.05,1134.55,1131.0,1134.55,225793
1681358100,1134.65,1134.65,1130.3,1130.5,10789
1681358400,1130.6,1134.45,1130.5,1133.45,10012
1681358700,1133.45,1138.2,1133.45,1138.2,21988
1681359000,1138.0,1139.0,1132.2,1132.2,38376
1681359300,1132.2,1133.95,1131.75,1133.9,6818
1681359600,1133.9,1136.0,1132.95,1133.5,14005
1681359900,1133.5,1133.7,1132.05,1132.9,107476
1681360200,1132.95,1132.95,1132.05,1132.3,2761
1681360500,1132.3,1132.35,1131.9,1132.25,11375
1681360800,1132.25,1132.3,1129.95,1129.95,19944
1681361100,1130.65,1131.1,1128.0,1131.1,38392
1681361400,1131.1,1132.0,1130.5,1130.55,4297
1681361700,1130.6,1131.9,1130.15,1131.75,3228
1681362000,1131.75,1132.5,1130.0,1131.35,6367
1681362300,1131.45,1132.25,1130.4,1131.8,9661
1681362600,1131.8,1132.0,1129.6,1130.0,7526
1681362900,1130.0,1130.0,1125.8,1126.95,42691
1681363200,1126.95,1128.3,1126.7,1126.9,5024
1681363500,1126.9,1127.85,1125.55,1127.45,3849
1681363800,1127.9,1129.5,1127.4,1128.8,2682
1681364100,1128.8,1130.0,1128.35,1130.0,3205
1681364400,1130.0,1130.0,1123.9,1124.45,129669
1681364700,1124.4,1125.0,1123.5,1124.5,3991
1681365000,1124.5,1126.6,1123.9,1125.7,10702
1681365300,1125.7,1127.75,1125.0,1127.0,7096
1681365600,1127.0,1127.85,1126.35,1126.95,217505
1681365900,1126.95,1128.0,1126.55,1128.0,1688
1681366200,1128.0,1128.6,1125.65,1126.3,3481
1681366500,1126.3,1126.65,1124.45,1125.7,3169
1681366800,1125.7,1127.85,1125.55,1127.7,1858
1681367100,1127.7,1128.95,1127.0,1128.0,6158
1681367400,1128.35,1129.45,1126.85,1129.0,3844
1681367700,1129.0,1129.0,1128.2,1128.8,6798
1681368000,1128.8,1128.8,1126.0,1126.55,2831
1681368300,1126.55,1127.25,1125.7,1126.45,3367
1681368600,1126.7,1127.2,1125.05,1127.2,3509
1681368900,1127.2,1127.45,1126.4,1127.1,1960
1681369200,1127.1,1127.5,1125.85,1127.0,3247
1681369500,1127.0,1128.45,1126.85,1128.05,1850
1681369800,1128.05,1129.0,1127.75,1128.1,2639
1681370100,1128.55,1128.85,1127.35,1128.2,2226
1681370400,1128.0,1129.0,1128.0,1129.0,1721
1681370700,1129.0,1129.0,1128.8,1129.0,2942
1681371000,1129.0,1129.0,1127.7,1128.8,2924
1681371300,1128.6,1129.35,1126.95,1127.7,6687
1681371600,1127.9,1128.95,1127.15,1127.9,3930
1681371900,1127.9,1128.6,1127.25,1128.35,2117
1681372200,1128.35,1129.75,1128.05,1128.8,3026
1681372500,1128.8,1129.05,1127.8,1128.7,3064
1681372800,1128.7,1129.0,1128.05,1129.0,1913
1681373100,1129.0,1129.05,1128.8,1129.0,5081
1681373400,1129.0,1130.1,1128.65,1130.1,3472
1681373700,1130.1,1132.0,1130.1,1131.0,4185
1681374000,1131.0,1131.95,1130.8,1131.8,4307
1681374300,1131.8,1132.5,1131.3,1132.25,3402
1681374600,1132.25,1132.9,1131.2,1131.85,3538
1681374900,1131.85,1132.8,1130.55,1131.25,4278
1681375200,1131.25,1131.25,1129.05,1129.35,5643
1681375500,1129.35,1129.75,1127.3,1128.95,12333
1681375800,1128.95,1129.15,1127.35,1128.4,11044
1681376100,1128.4,1128.4,1126.1,1127.95,13499
1681376400,1127.95,1128.55,1125.0,1125.9,9599
1681376700,1125.9,1126.45,1124.05,1124.4,10132
1681377000,1124.85,1125.0,1124.0,1125.0,12636
1681377300,1125.0,1127.4,1125.0,1126.85,14068
1681377600,1126.85,1128.2,1126.25,1127.35,10541
1681377900,1127.3,1129.65,1127.05,1128.6,15384
1681378200,1128.6,1130.75,1127.05,1130.75,39382
1681378500,1130.75,1131.95,1129.1,1130.5,62555
1681378800,1130.7,1131.0,1129.1,1130.7,82857
1681379100,1130.7,1131.5,1130.5,1130.8,24281
1681379400,1130.85,1130.85,1129.05,1129.1,56986
1681379700,1129.05,1131.3,1128.6,1130.0,32148
1681703100,1120.0,1141.9,1119.0,1134.6,52387
1681703400,1134.65,1137.95,1129.55,1134.8,17464
1681703700,1134.85,1138.9,1132.9,1138.25,8927
1681704000,1138.25,1142.0,1136.85,1141.9,21564
1681704300,1141.5,1143.1,1140.1,1141.9,24028
1681704600,1141.9,1143.35,1140.85,1142.6,22926
1681704900,1142.4,1144.4,1141.9,1143.0,27959
1681705200,1142.5,1142.5,1139.85,1141.85,19877
1681705500,1141.9,1142.0,1140.35,1140.75,7910
1681705800,1140.75,1141.5,1139.9,1141.25,15570
1681706100,1141.0,1141.0,1138.8,1140.5,14497
1681706400,1140.5,1141.5,1139.5,1141.5,8288
1681706700,1141.5,1143.0,1140.75,1140.8,24098
1681707000,1141.25,1142.55,1138.5,1141.9,20934
1681707300,1141.9,1141.9,1139.6,1140.0,14366
1681707600,1140.0,1140.5,1137.7,1139.05,14032
1681707900,1139.05,1140.15,1138.0,1138.5,4819
1681708200,1138.5,1138.7,1137.95,1138.7,2668
1681708500,1138.7,1143.65,1138.7,1143.6,21800
1681708800,1143.6,1145.7,1143.05,1143.75,36151
1681709100,1143.75,1144.35,1142.35,1144.3,4550
1681709400,1144.3,1146.5,1142.95,1142.95,45821
1681709700,1143.05,1144.6,1142.7,1143.25,8071
1681710000,1143.25,1144.7,1142.4,1143.55,7723
1681710300,1143.8,1144.15,1142.4,1142.6,2327
1681710600,1142.6,1143.55,1142.45,1143.1,1857
1681710900,1143.1,1143.95,1143.1,1143.8,1052
1681711200,1143.8,1144.25,1143.2,1143.4,6571
1681711500,1143.4,1144.65,1142.8,1144.65,84869
1681711800,1144.65,1145.0,1143.7,1143.95,10939
1681712100,1143.45,1143.75,1143.1,1143.4,728
1681712400,1143.4,1143.4,1143.05,1143.3,1531
1681712700,1143.3,1145.0,1143.15,1144.55,4015
1681713000,1145.0,1145.0,1143.2,1143.3,9567
1681713300,1143.25,1143.25,1142.2,1142.5,6701
1681713600,1142.5,1144.3,1142.25,1143.0,4292
1681713900,1143.0,1143.55,1142.95,1143.55,2127
1681714200,1143.55,1146.9,1143.55,1146.4,27599
1681714500,1146.4,1146.4,1144.95,1145.5,4745
1681714800,1145.5,1146.95,1145.35,1146.2,6907
1681715100,1146.15,1146.35,1145.1,1145.9,2923
1681715400,1145.9,1145.95,1144.0,1144.25,8722
1681715700,1144.25,1146.45,1144.15,1146.0,7922
1681716000,1146.0,1146.1,1145.0,1146.0,5245
1681716300,1146.0,1146.65,1145.95,1146.45,4674
1681716600,1146.45,1146.8,1145.05,1145.5,5908
1681716900,1145.5,1145.7,1145.0,1145.5,2445
1681717200,1145.5,1146.85,1145.5,1145.95,8605
1681717500,1145.95,1146.5,1145.95,1146.35,3410
1681717800,1146.4,1146.5,1144.6,1144.8,7740
1681718100,1144.9,1146.25,1144.7,1145.75,6484
1681718400,1145.75,1146.0,1145.4,1145.5,6557
1681718700,1145.6,1146.0,1145.0,1145.55,5358
1681719000,1145.35,1146.95,1145.05,1146.9,5989
1681719300,1146.4,1148.8,1146.35,1148.25,39101
1681719600,1148.25,1149.5,1147.65,1149.5,9698
1681719900,1149.5,1150.75,1146.3,1147.0,39057
1681720200,1146.85,1147.0,1144.15,1145.2,23887
1681720500,1145.0,1145.35,1142.55,1144.0,5943
1681720800,1144.0,1145.0,1144.0,1144.9,8128
1681721100,1144.65,1144.65,1142.3,1142.85,5285
1681721400,1142.85,1143.85,1142.05,1143.0,4839
1681721700,1142.6,1145.25,1142.6,1145.25,7504
1681722000,1145.05,1147.0,1145.05,1146.95,5644
1681722300,1146.95,1147.5,1144.95,1145.0,9772
1681722600,1145.0,1145.1,1143.75,1145.0,6411
1681722900,1145.0,1145.0,1144.9,1145.0,4369
1681723200,1145.0,1145.0,1143.95,1144.5,10890
1681723500,1144.5,1145.1,1144.0,1145.0,4404
1681723800,1144.75,1145.1,1144.75,1145.0,17411
1681724100,1145.0,1147.5,1144.75,1145.15,33043
1681724400,1145.15,1146.0,1144.55,1145.25,30891
1681724700,1145.25,1145.7,1144.35,1144.95,22399
1681725000,1144.95,1146.45,1144.8,1145.0,27246
1681725300,1144.75,1147.9,1144.0,1147.0,31694
1681789500,1145.35,1148.75,1140.85,1148.45,20675
1681789800,1147.95,1150.0,1147.5,1148.9,9943
1681790100,1148.9,1150.0,1147.0,1147.7,11085
1681790400,1147.7,1148.2,1146.15,1148.2,7323
1681790700,1148.2,1148.2,1146.0,1148.0,5554
1681791000,1148.1,1148.1,1144.25,1145.55,3725
1681791300,1145.55,1145.55,1142.45,1142.6,11703
1681791600,1142.65,1142.95,1141.05,1141.4,3510
1681791900,1141.4,1142.7,1140.5,1142.7,2978
1681792200,1143.0,1144.55,1142.55,1144.25,1475
1681792500,1144.0,1144.9,1141.0,1141.9,4500
1681792800,1141.2,1141.85,1140.65,1141.55,2422
1681793100,1141.55,1141.95,1140.1,1141.95,4339
1681793400,1141.95,1142.3,1140.8,1141.6,5275
1681793700,1141.35,1142.1,1140.4,1142.1,1293
1681794000,1142.1,1143.3,1141.75,1142.85,1423
1681794300,1142.85,1148.5,1142.55,1148.1,17238
1681794600,1148.1,1149.85,1147.3,1149.25,11115
1681794900,1149.65,1151.6,1147.75,1151.1,19313
1681795200,1151.1,1151.1,1148.0,1148.4,3026
1681795500,1148.4,1149.2,1148.05,1148.9,1012
1681795800,1149.05,1149.2,1146.15,1146.2,4729
1681796100,1146.45,1148.05,1145.45,1146.95,3486
1681796400,1146.95,1146.95,1145.2,1146.45,2687
1681796700,1146.45,1147.0,1145.0,1145.15,3029
1681797000,1145.0,1147.75,1145.0,1147.3,3195
1681797300,1147.3,1147.3,1145.75,1145.75,1826
1681797600,1145.75,1146.1,1145.0,1145.05,1823
1681797900,1145.05,1147.85,1145.0,1147.8,4152
1681798200,1147.4,1148.9,1147.05,1147.2,6838
1681798500,1147.2,1147.8,1145.3,1145.5,1804
1681798800,1145.3,1146.65,1145.15,1145.15,1646
1681799100,1145.15,1145.7,1143.8,1145.25,2559
1681799400,1145.75,1146.85,1145.15,1146.0,2440
1681799700,1145.4,1146.0,1145.4,1145.55,2150
1681800000,1145.55,1148.0,1145.25,1148.0,4309
1681800300,1147.95,1149.8,1147.95,1149.4,5776
1681800600,1149.15,1149.15,1148.25,1148.55,421
1681800900,1148.8,1149.0,1148.3,1148.75,532
1681801200,1149.0,1152.05,1148.25,1152.05,24259
1681801500,1152.05,1152.5,1149.8,1149.9,9339
1681801800,1149.9,1152.0,1149.3,1151.65,2495
1681802100,1150.85,1151.5,1149.35,1150.5,2004
1681802400,1150.5,1150.65,1149.4,1149.7,3035
1681802700,1149.6,1153.15,1149.2,1153.0,5303
1681803000,1153.0,1153.3,1149.75,1150.05,4004
1681803300,1150.05,1150.7,1149.45,1149.85,834
1681803600,1149.55,1150.85,1148.45,1148.85,75578
1681803900,1148.95,1148.95,1145.65,1146.7,5882
1681804200,1147.15,1147.15,1145.15,1145.8,4052
1681804500,1146.0,1147.65,1145.9,1145.9,2356
1681804800,1145.95,1146.6,1143.8,1145.05,10969
1681805100,1144.9,1145.35,1143.25,1143.7,7391
1681805400,1143.65,1145.35,1143.0,1145.1,3962
1681805700,1145.1,1145.2,1143.25,1143.7,1919
1681806000,1143.7,1144.35,1143.3,1144.0,836
1681806300,1143.6,1145.75,1143.6,1145.0,11681
1681806600,1145.35,1145.65,1142.55,1144.0,7653
1681806900,1143.85,1144.0,1142.1,1142.15,4019
1681807200,1142.5,1143.7,1142.0,1142.45,2494
1681807500,1142.45,1145.0,1142.4,1144.6,6539
1681807800,1144.9,1144.95,1142.55,1143.35,1167
1681808100,1143.35,1144.6,1143.35,1144.05,427
1681808400,1144.5,1145.0,1143.05,1144.45,1460
1681808700,1144.45,1144.8,1143.05,1143.1,1684
1681809000,1143.75,1144.25,1141.6,1143.3,4234
1681809300,1143.35,1145.0,1142.1,1144.35,5974
1681809600,1144.3,1145.5,1143.3,1144.95,6530
1681809900,1145.4,1146.5,1144.95,1145.9,5991
1681810200,1145.9,1147.3,1145.6,1146.95,10334
1681810500,1147.0,1148.0,1146.95,1146.95,11300
1681810800,1147.0,1147.1,1145.0,1146.0,11919
1681811100,1146.2,1146.7,1144.05,1144.85,30393
1681811400,1144.85,1145.0,1144.2,1145.0,15532
1681811700,1144.95,1145.0,1142.7,1145.0,15253
1681875900,1140.0,1145.25,1140.0,1141.55,11601
1681876200,1141.55,1141.55,1136.3,1138.85,14665
1681876500,1138.85,1143.85,1138.05,1140.0,12779
1681876800,1140.0,1141.6,1137.5,1137.55,8128
1681877100,1137.5,1140.6,1137.0,1139.65,12785
1681877400,1139.65,1140.3,1138.75,1139.0,15069
1681877700,1139.0,1139.6,1137.55,1139.0,9250
1681878000,1139.0,1142.25,1138.9,1139.95,44264
1681878300,1139.95,1140.0,1138.05,1138.45,17760
1681878600,1138.45,1140.0,1138.1,1139.0,15510
1681878900,1139.0,1139.0,1137.8,1138.0,4799
1681879200,1138.1,1139.0,1138.1,1138.9,4353
1681879500,1138.9,1138.9,1137.5,1138.1,6611
1681879800,1138.1,1138.1,1135.8,1136.6,6739
1681880100,1136.6,1137.3,1135.1,1136.5,41505
1681880400,1136.5,1136.5,1134.6,1135.15,24678
1681880700,1134.8,1136.1,1134.4,1134.5,15788
1681881000,1134.4,1136.5,1134.3,1136.4,3715
1681881300,1136.4,1138.1,1136.0,1137.95,6597
1681881600,1138.0,1138.05,1136.4,1137.8,7334
1681881900,1137.8,1138.5,1137.8,1137.85,3543
1681882200,1137.85,1138.5,1137.8,1138.5,3009
1681882500,1138.5,1139.3,1138.15,1138.65,4565
1681882800,1138.65,1138.8,1137.6,1138.0,2988
1681883100,1138.0,1138.0,1135.5,1135.95,7038
1681883400,1135.6,1137.8,1135.25,1136.5,7275
1681883700,1136.5,1136.55,1135.0,1136.55,4571
1681884000,1136.55,1136.55,1135.05,1135.7,3457
1681884300,1135.7,1136.85,1135.0,1136.05,5709
1681884600,1136.05,1136.85,1135.9,1136.7,2723
1681884900,1136.3,1137.1,1135.75,1136.65,5065
1681885200,1136.65,1137.85,1136.65,1137.55,3165
1681885500,1137.55,1137.85,1137.0,1137.85,4469
1681885800,1137.65,1139.45,1136.75,1138.25,10527
1681886100,1137.95,1139.2,1137.65,1137.65,8118
1681886400,1137.65,1137.75,1136.35,1136.35,5959
1681886700,1136.35,1137.85,1135.6,1136.7,10961
1681887000,1136.5,1136.95,1136.15,1136.4,2497
1681887300,1136.4,1136.75,1135.0,1135.05,10719
1681887600,1135.0,1135.75,1134.1,1135.0,40408
1681887900,1135.0,1135.2,1132.9,1133.15,16802
1681888200,1133.05,1133.75,1132.05,1132.5,17298
1681888500,1132.25,1133.45,1131.15,1131.65,20026
1681888800,1132.0,1132.3,1130.8,1131.05,18281
1681889100,1131.05,1131.85,1129.35,1131.0,20051
1681889400,1131.0,1132.0,1129.8,1129.8,18841
1681889700,1129.8,1130.05,1129.55,1129.7,3686
1681890000,1130.0,1130.35,1129.6,1130.05,16998
1681890300,1129.85,1132.2,1129.75,1130.0,17680
1681890600,1130.0,1131.05,1129.65,1130.75,11310
1681890900,1130.3,1131.0,1130.0,1130.0,12683
1681891200,1130.0,1130.05,1128.35,1129.55,8422
1681891500,1129.55,1131.0,1129.5,1129.75,11644
1681891800,1129.75,1130.05,1128.75,1129.2,5280
1681892100,1129.2,1130.0,1129.0,1129.5,7224
1681892400,1129.4,1130.0,1129.0,1130.0,3709
1681892700,1130.0,1130.0,1128.1,1128.25,6500
1681893000,1128.1,1129.45,1127.5,1129.1,4669
1681893300,1129.1,1129.1,1127.7,1128.2,31542
1681893600,1128.2,1128.25,1126.4,1126.75,21388
1681893900,1126.75,1127.6,1125.95,1126.25,13581
1681894200,1126.25,1127.8,1126.25,1127.5,12433
1681894500,1127.45,1127.5,1125.35,1126.2,13401
1681894800,1126.35,1126.8,1125.0,1125.7,17491
1681895100,1125.7,1125.7,1123.45,1124.75,19501
1681895400,1124.75,1124.85,1122.9,1122.9,7277
1681895700,1122.9,1124.25,1122.1,1122.45,22807
1681896000,1122.45,1123.2,1120.5,1120.75,24198
1681896300,1120.75,1122.0,1120.65,1121.15,21161
1681896600,1121.1,1124.0,1120.9,1123.35,24133
1681896900,1123.35,1125.95,1123.1,1124.45,31022
1681897200,1124.45,1125.35,1123.05,1123.3,29816
1681897500,1123.3,1124.4,1121.85,1122.2,44179
1681897800,1122.15,1123.55,1121.4,1123.55,26037
1681898100,1123.4,1125.15,1121.35,1123.0,19093
1681962300,1123.4,1127.95,1112.5,1119.9,64277
1681962600,1119.9,1124.3,1118.6,1118.6,19327
1681962900,1118.4,1120.5,1117.1,1119.0,14839
1681963200,1119.3,1119.95,1116.0,1116.2,13970
1681963500,1116.2,1118.6,1116.2,1118.3,8792
1681963800,1118.3,1118.75,1116.25,1117.7,6897
1681964100,1117.7,1120.55,1117.7,1119.9,16457
1681964400,1120.0,1124.5,1120.0,1124.3,13769
1681964700,1124.0,1125.95,1123.7,1123.7,8748
1681965000,1123.7,1126.3,1123.7,1126.3,5461
1681965300,1126.3,1128.2,1125.9,1126.5,6935
1681965600,1126.5,1126.5,1123.3,1123.35,4309
1681965900,1123.35,1124.2,1123.35,1124.15,3666
1681966200,1124.15,1124.15,1123.2,1123.25,3304
1681966500,1123.25,1123.25,1119.75,1119.85,11921
1681966800,1119.85,1120.75,1119.05,1119.65,3420
1681967100,1119.65,1125.85,1119.6,1124.15,7222
1681967400,1124.15,1125.75,1123.65,1125.3,3700
1681967700,1125.5,1126.5,1125.2,1126.5,2395
1681968000,1126.95,1127.9,1124.8,1125.05,5573
1681968300,1124.75,1124.95,1123.6,1124.2,6457
1681968600,1124.6,1125.55,1123.8,1125.15,5607
1681968900,1125.15,1125.25,1120.55,1121.3,5483
1681969200,1121.3,1124.4,1120.85,1123.9,6686
1681969500,1123.9,1126.6,1123.9,1126.2,5834
1681969800,1126.5,1126.5,1124.35,1125.1,5895
1681970100,1125.1,1126.15,1125.0,1126.0,3477
1681970400,1126.0,1126.0,1124.3,1124.95,5944
1681970700,1124.95,1125.25,1123.05,1123.05,5106
1681971000,1123.0,1123.85,1122.65,1122.95,4333
1681971300,1122.95,1124.8,1122.9,1123.55,4585
1681971600,1123.55,1125.7,1123.2,1123.55,4388
1681971900,1123.55,1124.3,1122.5,1123.45,4814
1681972200,1123.45,1124.15,1122.6,1123.0,5836
1681972500,1123.0,1124.15,1121.45,1124.15,11363
1681972800,1124.15,1124.15,1118.65,1120.0,16870
1681973100,1120.25,1122.1,1119.9,1120.65,9434
1681973400,1120.65,1122.15,1120.4,1121.2,5295
1681973700,1121.2,1121.95,1120.4,1121.5,6599
1681974000,1121.5,1121.6,1120.0,1120.4,6793
1681974300,1120.4,1121.2,1119.8,1120.2,4337
1681974600,1120.45,1122.1,1120.2,1121.75,6053
1681974900,1121.75,1122.8,1121.2,1121.75,5612
1681975200,1122.0,1122.85,1121.55,1122.2,4580
1681975500,1122.2,1123.45,1122.0,1123.45,6941
1681975800,1123.45,1125.5,1123.0,1125.2,13240
1681976100,1125.2,1125.25,1121.6,1122.1,11045
1681976400,1122.2,1124.7,1122.05,1123.55,3710
1681976700,1123.55,1124.5,1122.55,1122.85,3961
1681977000,1122.85,1123.6,1122.2,1123.45,3813
1681977300,1123.45,1126.4,1123.05,1125.5,8312
1681977600,1125.95,1125.95,1123.85,1125.35,2874
1681977900,1125.35,1126.05,1124.35,1125.65,3869
1681978200,1125.65,1125.9,1124.0,1124.2,4364
1681978500,1124.2,1124.95,1123.15,1124.1,2410
1681978800,1124.1,1125.25,1123.7,1124.2,3624
1681979100,1124.2,1124.5,1123.0,1124.5,3159
1681979400,1124.5,1124.6,1123.15,1124.45,2466
1681979700,1124.45,1124.7,1123.25,1124.05,3945
1681980000,1124.05,1126.8,1123.75,1126.1,10042
1681980300,1126.1,1128.25,1125.45,1126.6,6805
1681980600,1126.6,1126.95,1125.4,1125.75,4101
1681980900,1125.75,1126.65,1125.0,1125.95,4216
1681981200,1125.95,1128.9,1125.7,1128.9,4356
1681981500,1128.9,1128.9,1125.65,1127.7,8829
1681981800,1127.7,1128.6,1125.95,1126.5,4863
1681982100,1126.2,1127.05,1125.55,1126.95,6046
1681982400,1126.95,1128.0,1125.95,1127.45,9564
1681982700,1127.6,1128.3,1126.45,1127.5,6073
1681983000,1127.45,1128.2,1125.2,1126.6,17626
1681983300,1127.1,1128.55,1126.0,1128.55,17975
1681983600,1128.5,1130.9,1127.05,1130.4,30708
1681983900,1130.5,1130.8,1128.65,1130.35,24232
1681984200,1130.2,1130.8,1128.05,1130.55,34060
1681984500,1130.4,1131.8,1128.2,1131.35,19481
1682048700,1136.6,1136.6,1125.95,1126.0,57580
1682049000,1126.0,1126.4,1121.85,1123.45,29794
1682049300,1123.45,1124.5,1120.25,1122.95,11470
1682049600,1122.95,1123.2,1121.15,1122.35,8978
1682049900,1122.35,1125.85,1122.35,1125.25,14484
1682050200,1125.25,1126.4,1123.2,1123.35,10510
1682050500,1122.9,1125.65,1122.9,1125.35,4556
1682050800,1125.35,1125.55,1123.0,1123.35,6506
1682051100,1123.35,1123.75,1121.05,1123.15,12611
1682051400,1123.2,1128.0,1123.2,1126.95,19774
1682051700,1127.35,1129.7,1126.8,1128.75,16947
1682052000,1128.75,1128.75,1126.2,1128.5,8600
1682052300,1128.5,1128.9,1125.7,1126.2,10086
1682052600,1126.4,1126.4,1124.1,1125.45,7989
1682052900,1125.45,1126.1,1124.9,1125.4,4624
1682053200,1125.4,1125.55,1122.8,1123.2,4916
1682053500,1123.2,1123.9,1120.0,1121.85,15231
1682053800,1121.85,1121.85,1120.7,1120.95,2897
1682054100,1120.95,1121.45,1120.3,1121.35,2291
1682054400,1121.35,1123.0,1120.25,1120.65,5173
1682054700,1120.5,1120.65,1113.5,1113.7,65608
1682055000,1114.0,1116.65,1113.15,1116.65,7602
1682055300,1116.65,1119.0,1116.65,1118.5,6547
1682055600,1118.5,1118.65,1116.65,1118.0,4642
1682055900,1118.0,1118.1,1116.6,1116.6,3174
1682056200,1116.6,1118.45,1116.2,1116.95,3604
1682056500,1116.95,1118.25,1116.95,1117.9,1569
1682056800,1117.9,1117.9,1114.55,1116.2,5885
1682057100,1116.2,1116.7,1115.3,1116.45,2118
1682057400,1116.5,1117.45,1116.5,1117.0,2680
1682057700,1117.0,1117.0,1114.8,1115.35,2321
1682058000,1115.3,1115.9,1114.65,1114.65,3228
1682058300,1115.0,1116.0,1114.65,1115.4,1544
1682058600,1115.4,1116.65,1114.5,1116.35,2570
1682058900,1116.35,1116.7,1115.55,1116.1,2055
1682059200,1116.05,1116.25,1114.4,1115.65,3695
1682059500,1115.65,1115.8,1115.0,1115.05,5840
1682059800,1115.35,1116.45,1115.0,1116.3,3257
1682060100,1116.3,1116.3,1115.0,1115.0,3398
1682060400,1115.0,1116.95,1115.0,1116.35,7571
1682060700,1116.6,1116.6,1115.0,1115.55,4927
1682061000,1115.55,1117.0,1115.55,1115.55,4014
1682061300,1115.55,1115.75,1114.85,1115.2,5407
1682061600,1115.2,1116.2,1115.0,1115.8,3751
1682061900,1115.8,1116.65,1115.0,1115.0,3234
1682062200,1115.0,1116.1,1114.9,1115.0,13565
1682062500,1115.0,1115.05,1111.0,1111.3,20136
1682062800,1111.0,1111.65,1108.2,1108.5,8998
1682063100,1108.5,1109.95,1108.5,1109.5,5093
1682063400,1109.5,1109.9,1108.0,1108.15,6963
1682063700,1108.6,1109.5,1106.65,1106.85,9216
1682064000,1107.3,1108.2,1106.6,1106.95,7710
1682064300,1106.95,1106.95,1105.0,1105.0,10407
1682064600,1105.5,1106.25,1104.0,1104.5,9692
1682064900,1104.5,1105.8,1103.6,1105.0,12645
1682065200,1105.0,1106.5,1104.0,1104.0,9010
1682065500,1104.1,1107.0,1104.0,1106.3,8828
1682065800,1106.1,1106.3,1104.3,1105.45,7861
1682066100,1105.45,1106.65,1104.85,1106.15,8844
1682066400,1106.15,1106.95,1105.55,1105.65,6117
1682066700,1105.65,1106.15,1105.1,1105.85,6039
1682067000,1105.9,1108.2,1105.55,1107.25,10035
1682067300,1107.65,1108.0,1106.65,1107.5,8183
1682067600,1107.5,1109.2,1107.4,1108.65,7487
1682067900,1108.65,1108.65,1106.0,1106.85,8100
1682068200,1106.85,1107.3,1104.9,1105.05,7431
1682068500,1105.1,1106.0,1104.1,1104.3,10100
1682068800,1104.3,1106.7,1104.1,1105.85,9086
1682069100,1106.05,1108.0,1105.65,1107.15,7032
1682069400,1107.15,1109.0,1106.65,1107.35,28711
1682069700,1107.3,1107.95,1106.2,1107.1,26953
1682070000,1107.95,1108.85,1107.0,1107.55,35201
1682070300,1107.55,1108.5,1105.15,1105.5,46536
1682070600,1105.5,1106.4,1103.35,1105.2,45635
1682070900,1105.3,1108.5,1105.0,1108.5,16894
1682307900,1106.0,1113.65,1104.1,1106.05,35208
1682308200,1105.75,1107.3,1103.5,1105.7,11561
1682308500,1105.55,1106.45,1103.7,1104.0,9591
1682308800,1104.55,1105.25,1100.75,1100.8,18664
1682309100,1100.95,1102.15,1098.55,1100.0,21471
1682309400,1100.0,1101.0,1098.3,1099.5,13808
1682309700,1100.0,1101.0,1099.0,1100.05,12764
1682310000,1100.05,1100.95,1099.0,1099.25,10982
1682310300,1099.25,1100.9,1099.25,1099.7,5776
1682310600,1099.85,1100.0,1099.05,1099.5,8544
1682310900,1099.5,1100.0,1099.3,1099.75,5772
1682311200,1099.75,1100.4,1097.9,1097.9,12424
1682311500,1098.0,1099.3,1097.0,1098.65,13142
1682311800,1098.65,1099.45,1097.3,1097.45,8866
1682312100,1097.95,1097.95,1094.0,1094.7,15410
1682312400,1094.7,1096.0,1092.9,1095.9,13061
1682312700,1096.2,1096.4,1094.45,1094.95,7935
1682313000,1094.95,1095.4,1093.9,1093.9,7278
1682313300,1093.8,1095.05,1091.2,1094.55,20040
1682313600,1094.0,1096.85,1094.0,1096.1,11712
1682313900,1096.1,1097.15,1095.0,1096.15,19195
1682314200,1096.15,1096.75,1095.2,1096.15,11223
1682314500,1096.15,1096.5,1093.9,1094.2,17077
1682314800,1094.2,1095.3,1093.15,1094.95,15847
1682315100,1094.95,1096.1,1093.0,1094.2,18092
1682315400,1094.0,1095.45,1093.0,1093.05,12784
1682315700,1093.0,1094.9,1093.0,1093.35,9912
1682316000,1093.35,1094.45,1092.5,1093.7,13350
1682316300,1093.25,1095.0,1093.1,1094.05,9484
1682316600,1093.65,1094.85,1093.05,1094.45,10844
1682316900,1094.3,1094.7,1093.15,1093.75,10119
1682317200,1094.4,1094.45,1090.6,1091.65,16966
1682317500,1091.55,1093.1,1090.85,1093.0,15936
1682317800,1093.0,1094.4,1092.4,1093.4,9792
1682318100,1093.4,1096.9,1093.4,1096.0,19812
1682318400,1095.95,1096.65,1095.35,1096.35,11310
1682318700,1096.35,1097.85,1095.65,1097.7,11310
1682319000,1097.7,1098.7,1096.9,1098.0,16407
1682319300,1098.0,1099.35,1097.2,1098.6,15048
1682319600,1098.45,1100.25,1098.1,1099.8,15044
1682319900,1099.8,1100.25,1097.2,1098.0,37423
1682320200,1098.0,1098.4,1097.05,1097.6,15062
1682320500,1097.6,1098.6,1096.55,1097.25,15604
1682320800,1097.25,1097.6,1095.1,1097.15,26296
1682321100,1097.15,1097.3,1096.05,1097.15,13006
1682321400,1097.15,1097.25,1096.05,1097.0,15494
1682321700,1097.0,1098.0,1096.4,1096.75,18708
1682322000,1096.9,1098.7,1096.5,1098.45,19688
1682322300,1098.45,1101.75,1098.45,1100.1,127529
1682322600,1100.0,1103.0,1098.65,1101.6,25460
1682322900,1102.0,1104.95,1101.65,1104.5,15103
1682323200,1104.5,1105.85,1102.0,1102.9,19295
1682323500,1102.9,1103.5,1101.3,1102.85,21244
1682323800,1102.85,1104.0,1101.8,1104.0,16500
1682324100,1104.0,1104.95,1100.45,1100.95,25954
1682324400,1100.95,1104.0,1100.1,1103.0,17529
1682324700,1103.0,1103.8,1101.1,1102.2,16609
1682325000,1102.2,1104.55,1101.8,1104.55,20806
1682325300,1104.55,1105.0,1102.9,1103.0,22695
1682325600,1103.1,1104.85,1102.15,1104.0,16633
1682325900,1104.0,1104.75,1102.8,1104.4,19539
1682326200,1104.4,1107.0,1104.0,1106.05,14209
1682326500,1106.05,1107.0,1105.0,1107.0,13703
1682326800,1107.0,1107.95,1106.45,1106.9,15493
1682327100,1106.9,1107.85,1104.4,1107.15,19264
1682327400,1107.15,1109.9,1106.45,1108.2,20579
1682327700,1108.2,1109.8,1107.4,1107.5,17421
1682328000,1107.5,1108.5,1106.55,1108.5,21925
1682328300,1108.5,1108.5,1107.15,1107.85,27865
1682328600,1107.85,1107.9,1105.0,1105.8,25580
1682328900,1105.8,1106.0,1104.6,1105.85,18642
1682329200,1105.8,1106.6,1104.6,1106.0,13944
1682329500,1105.9,1107.6,1104.85,1105.95,14084
1682329800,1105.95,1107.45,1103.7,1106.95,21233
1682330100,1106.95,1108.0,1103.05,1106.5,22263
1682394300,1106.0,1111.3,1103.3,1103.5,28881
1682394600,1103.3,1107.35,1102.25,1105.7,17775
1682394900,1104.95,1107.25,1101.05,1107.2,33551
1682395200,1106.55,1108.95,1106.4,1106.7,21691
1682395500,1106.7,1107.7,1105.55,1106.7,11029
1682395800,1106.7,1106.75,1104.0,1104.3,3938
1682396100,1104.55,1107.45,1104.55,1107.0,13220
1682396400,1107.0,1111.5,1107.0,1111.4,9463
1682396700,1111.4,1112.15,1110.4,1111.6,12755
1682397000,1111.6,1115.95,1111.5,1115.1,19900
1682397300,1115.2,1115.75,1112.5,1113.45,13045
1682397600,1113.7,1113.7,1113.35,1113.35,4352
1682397900,1113.35,1113.5,1112.15,1113.5,14205
1682398200,1113.5,1114.5,1113.35,1113.5,10936
1682398500,1113.5,1113.5,1110.15,1110.15,3496
1682398800,1110.1,1112.1,1109.0,1109.0,11706
1682399100,1109.0,1109.05,1107.5,1108.3,8470
1682399400,1108.3,1109.8,1108.3,1109.65,4451
1682399700,1109.55,1110.0,1108.95,1109.9,6243
1682400000,1109.9,1110.0,1106.5,1106.5,9289
1682400300,1106.5,1106.65,1105.75,1105.8,6664
1682400600,1105.95,1105.95,1105.35,1105.7,6323
1682400900,1105.65,1107.8,1105.65,1107.75,6229
1682401200,1107.75,1113.65,1107.75,1113.5,24172
1682401500,1113.5,1115.75,1113.35,1115.0,23272
1682401800,1114.65,1117.5,1114.55,1117.0,21040
1682402100,1117.0,1118.0,1117.0,1117.8,6250
1682402400,1117.8,1118.9,1117.6,1117.8,17877
1682402700,1117.8,1118.0,1117.75,1117.9,5040
1682403000,1117.75,1117.9,1115.9,1116.3,7930
1682403300,1115.9,1116.25,1115.5,1115.5,8058
1682403600,1115.5,1115.5,1111.9,1112.75,7346
1682403900,1112.75,1114.0,1112.75,1113.15,5103
1682404200,1113.15,1113.25,1112.0,1112.1,5732
1682404500,1112.1,1112.9,1112.1,1112.9,7361
1682404800,1112.5,1112.9,1111.6,1112.1,6307
1682405100,1112.1,1112.95,1109.85,1110.0,7275
1682405400,1110.25,1110.5,1108.7,1110.0,8484
1682405700,1110.15,1113.1,1110.0,1110.9,11895
1682406000,1110.9,1111.4,1110.55,1110.8,6082
1682406300,1110.75,1112.0,1110.5,1110.7,6602
1682406600,1110.7,1112.0,1110.7,1111.9,3416
1682406900,1111.9,1115.7,1111.9,1114.85,6219
1682407200,1114.85,1116.0,1114.0,1115.6,6024
1682407500,1115.6,1117.0,1115.6,1116.5,7836
1682407800,1116.5,1119.8,1116.45,1119.0,12546
1682408100,1118.95,1119.9,1118.1,1119.75,15194
1682408400,1119.4,1120.95,1119.4,1120.5,17724
1682408700,1120.0,1120.1,1119.0,1119.0,14082
1682409000,1119.0,1120.7,1119.0,1120.15,19305
1682409300,1120.15,1122.15,1120.15,1120.25,26890
1682409600,1120.1,1120.5,1118.35,1120.3,22501
1682409900,1120.3,1120.5,1118.65,1119.1,12043
1682410200,1119.1,1121.25,1118.6,1120.65,19837
1682410500,1120.6,1121.0,1118.3,1118.4,9965
1682410800,1118.4,1118.95,1112.85,1112.9,25621
1682411100,1112.85,1113.75,1109.2,1109.65,24118
1682411400,1109.65,1112.9,1109.25,1111.75,15674
1682411700,1111.75,1115.1,1111.5,1115.1,18867
1682412000,1115.1,1116.9,1111.95,1111.95,35329
1682412300,1111.9,1113.95,1110.7,1113.8,50839
1682412600,1113.8,1114.45,1111.9,1114.45,9057
1682412900,1114.45,1116.0,1113.9,1114.4,13640
1682413200,1114.45,1115.25,1113.15,1113.15,9755
1682413500,1113.15,1114.7,1112.55,1114.55,11820
1682413800,1114.55,1115.8,1114.55,1114.7,9209
1682414100,1114.7,1115.1,1113.55,1114.55,16211
1682414400,1114.55,1114.6,1113.8,1113.8,11060
1682414700,1113.5,1113.6,1109.4,1109.8,17514
1682415000,1109.8,1109.8,1106.15,1107.25,35869
1682415300,1107.5,1107.5,1103.45,1103.8,32190
1682415600,1104.2,1107.0,1103.95,1104.3,27931
1682415900,1104.4,1106.05,1104.3,1105.3,29773
1682416200,1105.3,1106.3,1104.65,1105.6,25920
1682416500,1105.2,1110.0,1105.15,1105.5,21378
1682480700,1106.0,1114.85,1106.0,1114.55,44424
1682481000,1114.55,1114.6,1106.0,1106.3,25765
1682481300,1106.3,1108.8,1104.0,1108.6,15461
1682481600,1108.6,1108.6,1104.95,1106.7,9841
1682481900,1106.7,1108.55,1105.15,1106.75,4907
1682482200,1106.75,1109.85,1106.75,1109.85,5586
1682482500,1109.85,1110.0,1108.7,1109.05,5411
1682482800,1109.05,1109.95,1107.3,1108.55,11819
1682483100,1108.55,1111.9,1107.5,1111.65,15111
1682483400,1111.65,1115.85,1110.9,1115.0,65572
1682483700,1115.0,1116.0,1111.1,1112.65,21446
1682484000,1112.5,1115.15,1112.5,1114.4,7950
1682484300,1114.05,1115.8,1112.8,1113.0,11984
1682484600,1113.0,1113.15,1111.5,1111.8,8470
1682484900,1111.9,1112.65,1111.8,1112.2,6643
1682485200,1112.2,1114.6,1112.0,1113.0,16571
1682485500,1113.0,1113.3,1108.0,1108.0,6569
1682485800,1108.0,1110.55,1108.0,1110.55,3590
1682486100,1110.55,1111.0,1109.25,1110.8,2540
1682486400,1110.8,1111.5,1109.6,1111.0,2659
1682486700,1111.0,1111.15,1110.0,1110.35,1786
1682487000,1110.35,1111.9,1110.35,1111.9,2940
1682487300,1112.7,1115.0,1112.2,1114.25,7369
1682487600,1114.25,1114.3,1113.35,1114.2,3920
1682487900,1114.2,1115.4,1114.0,1115.2,3158
1682488200,1115.2,1115.5,1114.3,1114.65,4228
1682488500,1114.65,1114.7,1113.15,1113.55,2786
1682488800,1113.55,1114.35,1113.0,1114.35,2772
1682489100,1114.35,1114.8,1113.5,1113.95,2478
1682489400,1113.7,1114.5,1113.5,1113.95,3338
1682489700,1113.95,1113.95,1112.55,1113.85,4119
1682490000,1113.85,1115.3,1113.35,1115.3,6444
1682490300,1115.3,1118.0,1115.0,1117.75,10202
1682490600,1117.75,1120.05,1116.65,1117.1,55700
1682490900,1117.1,1118.1,1116.4,1117.95,7230
1682491200,1117.95,1121.7,1116.85,1119.4,75470
1682491500,1119.4,1119.8,1117.5,1119.25,8790
1682491800,1119.2,1121.2,1118.3,1120.6,6111
1682492100,1121.15,1121.2,1118.95,1119.95,4300
1682492400,1119.6,1121.1,1119.3,1120.5,4758
1682492700,1120.5,1120.7,1119.65,1120.4,4052
1682493000,1120.4,1120.6,1119.2,1119.95,4821
1682493300,1119.95,1119.95,1117.55,1119.75,5990
1682493600,1119.75,1120.0,1118.6,1119.0,2517
1682493900,1119.0,1119.7,1118.25,1119.3,3251
1682494200,1119.3,1119.3,1117.55,1118.15,3295
1682494500,1118.15,1121.3,1117.7,1120.9,9599
1682494800,1120.9,1121.0,1119.95,1120.45,3628
1682495100,1120.45,1120.45,1118.6,1118.95,3827
1682495400,1118.95,1119.9,1118.75,1119.75,3438
1682495700,1119.75,1121.65,1119.5,1121.65,5852
1682496000,1121.65,1122.0,1120.3,1121.15,9400
1682496300,1121.5,1121.6,1120.05,1120.1,6247
1682496600,1120.5,1121.0,1119.0,1119.7,7043
1682496900,1119.7,1119.7,1117.85,1118.8,6726
1682497200,1118.8,1119.5,1116.95,1119.5,10000
1682497500,1119.5,1120.35,1118.85,1119.55,13199
1682497800,1119.55,1119.55,1117.6,1118.05,4517
1682498100,1118.05,1118.05,1115.0,1115.55,12783
1682498400,1115.6,1116.7,1114.55,1116.7,9252
1682498700,1116.7,1116.9,1115.0,1115.85,9627
1682499000,1115.85,1116.0,1114.3,1114.9,11367
1682499300,1114.9,1117.15,1114.35,1116.5,18973
1682499600,1116.5,1116.5,1115.1,1116.05,6779
1682499900,1116.05,1116.05,1114.8,1115.65,6877
1682500200,1115.65,1116.15,1115.2,1115.75,6015
1682500500,1116.1,1116.1,1115.0,1115.5,4906
1682500800,1115.5,1115.75,1114.5,1115.35,7610
1682501100,1115.35,1116.0,1115.3,1115.8,6595
1682501400,1115.6,1117.45,1115.2,1115.3,37202
1682501700,1115.3,1117.0,1115.0,1116.0,31359
1682502000,1116.0,1116.6,1115.9,1116.2,30265
1682502300,1116.2,1116.95,1115.95,1116.95,34477
1682502600,1116.95,1121.3,1116.5,1121.1,92321
1682502900,1121.1,1121.5,1120.55,1121.05,48249
1682567100,1138.75,1138.75,1125.0,1130.0,208514
1682567400,1130.05,1134.85,1129.4,1133.1,87942
1682567700,1133.45,1133.95,1131.35,1132.75,57400
1682568000,1132.85,1132.95,1128.0,1129.3,40455
1682568300,1129.95,1133.5,1128.5,1132.65,35072
1682568600,1133.4,1133.4,1129.2,1131.45,18504
1682568900,1131.45,1133.5,1130.2,1133.25,22116
1682569200,1133.25,1138.05,1133.25,1137.0,63185
1682569500,1137.0,1139.6,1136.85,1138.4,43011
1682569800,1138.8,1139.5,1138.0,1138.5,41088
1682570100,1138.5,1138.5,1135.7,1136.65,56931
1682570400,1136.65,1137.0,1133.4,1135.35,29043
1682570700,1135.2,1135.2,1131.9,1132.75,17601
1682571000,1133.3,1135.35,1133.2,1133.6,19513
1682571300,1133.6,1137.1,1133.5,1134.9,16352
1682571600,1134.9,1136.35,1134.5,1135.0,7506
1682571900,1135.0,1136.0,1133.8,1135.55,10099
1682572200,1135.55,1135.55,1134.25,1134.7,4924
1682572500,1134.7,1136.95,1134.15,1135.95,17536
1682572800,1135.75,1137.85,1135.2,1137.75,11691
1682573100,1137.15,1137.95,1135.25,1136.0,12745
1682573400,1136.05,1136.7,1135.0,1135.0,12032
1682573700,1135.0,1136.7,1135.0,1136.2,11375
1682574000,1136.25,1136.85,1135.9,1136.7,9922
1682574300,1136.2,1137.5,1136.15,1137.4,16509
1682574600,1137.4,1137.4,1135.4,1136.25,23660
1682574900,1136.5,1136.5,1134.75,1136.0,8943
1682575200,1136.0,1136.5,1135.4,1135.9,7887
1682575500,1135.9,1136.5,1134.3,1135.0,10407
1682575800,1135.0,1135.75,1135.0,1135.0,5129
1682576100,1135.0,1135.15,1133.2,1135.0,11741
1682576400,1135.0,1135.5,1134.7,1134.95,8917
1682576700,1134.95,1135.5,1134.85,1135.0,12243
1682577000,1135.0,1135.5,1134.8,1135.0,6045
1682577300,1134.95,1137.5,1134.5,1137.5,19953
1682577600,1137.5,1137.5,1135.6,1136.85,7607
1682577900,1136.85,1137.0,1136.3,1136.7,4764
1682578200,1136.8,1136.95,1135.5,1135.7,6456
1682578500,1135.55,1136.7,1135.55,1136.1,6643
1682578800,1136.6,1136.95,1135.35,1136.0,7503
1682579100,1136.0,1136.5,1135.1,1136.15,6676
1682579400,1136.15,1136.85,1136.0,1136.4,3356
1682579700,1136.45,1137.0,1134.9,1135.6,13971
1682580000,1135.6,1136.35,1135.3,1136.0,4932
1682580300,1136.0,1136.3,1135.75,1135.95,2896
1682580600,1135.95,1136.2,1135.35,1136.0,5991
1682580900,1136.05,1136.1,1134.05,1134.45,12586
1682581200,1134.5,1136.0,1134.5,1135.95,6390
1682581500,1135.95,1135.95,1134.4,1134.7,8071
1682581800,1134.65,1135.2,1133.6,1135.2,13203
1682582100,1135.2,1135.75,1134.55,1135.35,5687
1682582400,1135.35,1135.35,1133.5,1134.4,12735
1682582700,1134.4,1134.85,1131.6,1133.8,34211
1682583000,1133.8,1133.9,1132.5,1133.35,10982
1682583300,1133.35,1135.0,1132.9,1133.5,9232
1682583600,1133.65,1134.6,1132.0,1133.85,11409
1682583900,1133.85,1134.55,1132.4,1134.5,12432
1682584200,1134.5,1134.7,1131.0,1131.2,19426
1682584500,1131.75,1133.4,1131.0,1133.4,11432
1682584800,1133.5,1134.25,1132.1,1133.5,10691
1682585100,1133.5,1133.5,1132.25,1133.0,10100
1682585400,1133.0,1135.15,1132.05,1135.15,10429
1682585700,1135.5,1136.4,1134.3,1136.3,16616
1682586000,1136.1,1136.75,1134.95,1135.0,10138
1682586300,1134.95,1135.75,1134.35,1135.65,13553
1682586600,1135.65,1135.85,1134.45,1135.45,11537
1682586900,1135.5,1135.9,1134.2,1134.6,10106
1682587200,1134.6,1135.4,1134.4,1134.8,15513
1682587500,1134.8,1135.65,1134.05,1134.95,16637
1682587800,1134.8,1134.8,1133.9,1134.8,96973
1682588100,1134.8,1137.0,1134.75,1136.75,36829
1682588400,1137.0,1137.55,1134.85,1135.7,84445
1682588700,1135.7,1140.0,1134.95,1139.9,115531
1682589000,1139.9,1141.9,1137.4,1141.5,148656
1682589300,1141.75,1145.0,1140.8,1144.05,44255
1682653500,1148.0,1148.0,1139.0,1140.0,55721
1682653800,1140.45,1144.45,1140.0,1141.2,54813
1682654100,1141.2,1142.55,1140.0,1142.55,57275
1682654400,1142.55,1142.55,1140.2,1140.5,20620
1682654700,1140.5,1142.45,1140.5,1142.3,30279
1682655000,1142.3,1142.45,1140.9,1142.0,12590
1682655300,1142.0,1143.75,1140.65,1141.3,54746
1682655600,1141.95,1142.0,1137.65,1138.2,27292
1682655900,1138.2,1139.45,1136.85,1139.15,37602
1682656200,1139.15,1142.0,1138.55,1141.95,14730
1682656500,1141.85,1142.0,1140.0,1140.05,29628
1682656800,1140.05,1140.1,1137.45,1137.65,7685
1682657100,1137.65,1138.15,1137.0,1137.0,9977
1682657400,1137.0,1138.55,1137.0,1137.7,9859
1682657700,1137.7,1138.0,1135.6,1136.9,9193
1682658000,1136.9,1140.0,1136.7,1139.75,8957
1682658300,1139.75,1140.0,1138.85,1139.95,5329
1682658600,1139.95,1140.0,1139.2,1140.0,10663
1682658900,1140.0,1140.7,1139.65,1140.0,25027
1682659200,1140.0,1140.05,1138.35,1140.0,14810
1682659500,1140.0,1140.3,1139.4,1140.0,34579
1682659800,1140.0,1140.55,1139.95,1140.05,33012
1682660100,1140.05,1140.35,1139.35,1140.0,22862
1682660400,1140.0,1140.1,1139.95,1140.0,12861
1682660700,1140.0,1140.25,1138.65,1138.8,17690
1682661000,1138.8,1139.9,1138.25,1139.9,7312
1682661300,1139.9,1140.0,1138.95,1139.95,8480
1682661600,1139.95,1140.0,1138.05,1138.05,12034
1682661900,1138.05,1138.25,1137.35,1138.0,10174
1682662200,1138.0,1138.6,1137.6,1138.35,16942
1682662500,1138.35,1138.35,1137.6,1138.0,7266
1682662800,1138.0,1138.3,1137.9,1138.0,9642
1682663100,1138.0,1138.0,1137.95,1138.0,7044
1682663400,1137.95,1138.1,1137.95,1138.0,26433
1682663700,1138.0,1138.3,1137.4,1137.75,34188
1682664000,1137.75,1138.55,1137.65,1138.5,17999
1682664300,1138.5,1138.9,1138.45,1138.8,14314
1682664600,1138.8,1139.0,1138.6,1138.95,14816
1682664900,1138.95,1139.15,1138.05,1138.5,19397
1682665200,1138.4,1138.5,1137.4,1137.9,8024
1682665500,1137.9,1138.15,1137.9,1138.0,7778
1682665800,1137.95,1138.3,1136.5,1136.55,13476
1682666100,1136.6,1137.7,1136.05,1137.25,6734
1682666400,1137.1,1137.5,1136.15,1137.05,6858
1682666700,1137.05,1137.8,1137.05,1137.5,8607
1682667000,1137.5,1137.6,1136.95,1137.25,5483
1682667300,1137.25,1137.3,1136.9,1137.3,6820
1682667600,1137.3,1137.5,1137.25,1137.5,5178
1682667900,1137.5,1137.5,1135.7,1135.95,8183
1682668200,1135.95,1135.95,1133.1,1133.6,8946
1682668500,1133.6,1135.95,1133.6,1134.35,8172
1682668800,1134.35,1134.35,1131.7,1132.3,8944
1682669100,1132.3,1132.7,1132.0,1132.7,5414
1682669400,1132.7,1133.7,1132.55,1132.75,4675
1682669700,1132.75,1132.9,1130.9,1132.8,7437
1682670000,1132.8,1132.9,1130.95,1131.3,5995
1682670300,1131.0,1133.75,1131.0,1133.7,8385
1682670600,1133.7,1134.6,1133.15,1133.75,7851
1682670900,1133.75,1133.75,1133.2,1133.4,4641
1682671200,1133.25,1133.25,1132.2,1132.25,11721
1682671500,1132.2,1132.25,1130.4,1130.6,14751
1682671800,1130.6,1130.7,1130.15,1130.4,15205
1682672100,1130.4,1134.6,1130.15,1133.95,22484
1682672400,1133.9,1135.7,1133.9,1134.5,10486
1682672700,1134.5,1136.95,1134.2,1136.45,9040
1682673000,1136.45,1136.95,1135.45,1135.7,4347
1682673300,1135.7,1139.6,1135.6,1137.3,23159
1682673600,1136.85,1138.2,1134.35,1138.1,15436
1682673900,1138.15,1138.8,1137.45,1137.8,14114
1682674200,1137.45,1139.45,1137.45,1138.95,35203
1682674500,1138.95,1140.0,1138.9,1139.95,37048
1682674800,1140.0,1141.25,1139.95,1141.25,41291
1682675100,1141.3,1141.65,1138.35,1138.6,53569
1682675400,1138.6,1142.95,1138.55,1142.95,58480
1682675700,1142.95,1142.95,1137.6,1140.0,39697
1682999100,1147.0,1158.25,1145.15,1155.95,47306
1682999400,1155.95,1158.0,1151.6,1151.85,37690
1682999700,1151.75,1156.85,1151.6,1154.6,16399
1683000000,1154.6,1154.8,1150.3,1151.1,12476
1683000300,1151.1,1151.85,1150.1,1150.55,5990
1683000600,1150.5,1152.9,1149.2,1152.55,11816
1683000900,1152.55,1153.0,1150.85,1151.3,10556
1683001200,1151.3,1153.45,1150.5,1150.8,13756
1683001500,1150.8,1150.8,1148.55,1148.7,19557
1683001800,1148.75,1150.15,1148.7,1149.75,19179
1683002100,1150.0,1150.0,1147.6,1149.35,9375
1683002400,1149.3,1150.0,1149.05,1149.35,15923
1683002700,1149.35,1150.0,1149.35,1149.55,4093
1683003000,1149.55,1149.55,1148.05,1148.45,2510
1683003300,1148.45,1149.55,1148.3,1148.95,2476
1683003600,1149.0,1149.0,1147.5,1148.0,5341
1683003900,1148.0,1148.15,1146.85,1147.0,17471
1683004200,1147.0,1148.15,1146.6,1147.75,6051
1683004500,1147.75,1147.8,1144.9,1145.85,5380
1683004800,1145.85,1146.6,1145.25,1145.45,6118
1683005100,1145.45,1146.1,1144.6,1144.85,6382
1683005400,1144.8,1145.4,1144.35,1145.0,2543
1683005700,1145.0,1146.2,1144.75,1145.75,8814
1683006000,1145.75,1149.0,1144.85,1149.0,13821
1683006300,1149.0,1150.0,1148.2,1149.45,6785
1683006600,1149.45,1149.6,1148.65,1149.6,4240
1683006900,1149.6,1150.0,1149.25,1150.0,21121
1683007200,1150.0,1150.0,1149.2,1149.85,2125
1683007500,1149.85,1150.0,1149.1,1149.35,3642
1683007800,1149.9,1150.0,1147.65,1148.55,4597
1683008100,1148.8,1149.4,1148.5,1149.1,5024
1683008400,1149.1,1149.55,1149.0,1149.55,2192
1683008700,1149.55,1149.65,1149.0,1149.1,1304
1683009000,1149.1,1149.45,1148.75,1148.8,2754
1683009300,1148.8,1148.9,1148.1,1148.35,3248
1683009600,1148.35,1149.1,1148.3,1149.05,3618
1683009900,1149.1,1149.1,1147.7,1148.4,3053
1683010200,1148.15,1148.7,1147.7,1148.1,2558
1683010500,1148.1,1148.5,1146.5,1146.6,4344
1683010800,1146.6,1148.3,1146.2,1148.3,9983
1683011100,1148.0,1148.25,1147.0,1147.5,2020
1683011400,1147.5,1148.0,1146.7,1147.85,5621
1683011700,1147.9,1149.95,1147.15,1149.35,12514
1683012000,1149.35,1149.35,1148.05,1148.85,5007
1683012300,1148.85,1149.55,1148.5,1149.25,11340
1683012600,1149.25,1150.25,1148.8,1149.05,11263
1683012900,1149.0,1149.55,1148.45,1149.3,6456
1683013200,1149.25,1149.95,1149.05,1149.85,7973
1683013500,1149.85,1150.0,1149.1,1149.45,6602
1683013800,1149.4,1150.0,1149.0,1149.65,8998
1683014100,1149.65,1150.0,1149.1,1149.2,7446
1683014400,1149.2,1149.9,1148.6,1149.85,7903
1683014700,1149.85,1149.85,1148.7,1149.4,8400
1683015000,1149.15,1149.6,1148.95,1149.15,6797
1683015300,1149.15,1150.0,1148.9,1149.0,20494
1683015600,1149.2,1149.7,1148.85,1149.45,18599
1683015900,1149.0,1149.45,1148.5,1148.8,14394
1683016200,1148.6,1149.0,1148.45,1148.5,2393
1683016500,1148.5,1148.7,1147.05,1148.15,11743
1683016800,1148.15,1149.6,1147.55,1149.25,14168
1683017100,1149.35,1149.85,1148.75,1149.65,5830
1683017400,1149.6,1149.9,1148.45,1148.6,10842
1683017700,1148.6,1149.8,1148.35,1149.35,8549
1683018000,1149.35,1150.0,1148.6,1149.1,12280
1683018300,1149.4,1150.0,1149.0,1149.6,29742
1683018600,1149.6,1150.0,1148.85,1149.05,19247
1683018900,1149.05,1149.95,1148.45,1148.95,20203
1683019200,1148.95,1149.0,1147.0,1147.6,15802
1683019500,1147.6,1149.0,1147.5,1148.1,8329
1683019800,1148.35,1151.1,1148.05,1150.3,53692
1683020100,1150.35,1150.9,1149.75,1149.8,21503
1683020400,1149.65,1150.75,1149.15,1149.9,31801
1683020700,1149.6,1152.7,1149.6,1151.9,34155
1683021000,1151.6,1153.1,1151.2,1151.9,40540
1683021300,1151.8,1152.9,1146.3,1151.0,30514
1683085500,1148.5,1150.1,1137.25,1147.95,40089
1683085800,1147.95,1148.3,1145.2,1145.2,8048
1683086100,1145.25,1145.45,1143.25,1144.35,10845
1683086400,1144.35,1144.35,1142.1,1142.35,7435
1683086700,1142.35,1144.9,1142.35,1144.2,4269
1683087000,1144.2,1145.95,1143.95,1145.45,4250
1683087300,1145.45,1146.95,1144.5,1146.05,5324
1683087600,1146.05,1147.75,1146.0,1146.5,4797
1683087900,1146.5,1146.5,1144.95,1146.25,3430
1683088200,1146.25,1146.25,1144.2,1144.8,4331
1683088500,1144.8,1144.8,1142.3,1142.9,4336
1683088800,1142.9,1143.75,1142.85,1143.35,3396
1683089100,1143.35,1144.8,1143.15,1144.75,2623
1683089400,1144.6,1144.75,1142.95,1143.8,2947
1683089700,1144.1,1145.0,1144.1,1144.3,2489
1683090000,1144.3,1145.35,1143.65,1144.8,3132
1683090300,1144.8,1145.85,1144.8,1145.55,3139
1683090600,1145.55,1145.55,1145.15,1145.5,2085
1683090900,1145.5,1145.55,1144.85,1145.0,2477
1683091200,1145.0,1145.35,1143.55,1143.65,3236
1683091500,1143.65,1143.65,1142.05,1142.25,1875
1683091800,1142.25,1143.1,1142.2,1142.6,3283
1683092100,1142.6,1142.75,1141.2,1141.6,5717
1683092400,1141.25,1142.55,1141.0,1142.1,6958
1683092700,1142.1,1142.6,1141.75,1142.45,5032
1683093000,1142.45,1143.35,1142.4,1142.55,4289
1683093300,1142.7,1143.0,1141.0,1141.2,4998
1683093600,1141.2,1141.65,1140.3,1141.0,6216
1683093900,1141.1,1141.2,1140.0,1140.05,5278
1683094200,1140.0,1140.85,1139.95,1140.1,1587
1683094500,1140.05,1140.1,1138.75,1139.1,1887
1683094800,1139.1,1139.1,1138.25,1138.7,2434
1683095100,1138.3,1139.55,1138.3,1139.55,1868
1683095400,1139.55,1139.95,1139.1,1139.7,2630
1683095700,1139.65,1140.2,1139.1,1139.9,2484
1683096000,1139.9,1140.3,1139.75,1139.85,3237
1683096300,1139.8,1140.0,1139.3,1139.3,2574
1683096600,1139.3,1140.35,1139.0,1139.15,3868
1683096900,1139.15,1139.9,1139.0,1139.85,4000
1683097200,1139.85,1139.85,1139.0,1139.45,1090
1683097500,1139.45,1139.45,1139.0,1139.15,976
1683097800,1139.15,1140.35,1139.1,1140.0,4530
1683098100,1140.0,1141.25,1139.9,1141.0,6362
1683098400,1140.9,1141.25,1140.3,1140.35,2756
1683098700,1140.35,1140.8,1140.15,1140.25,1653
1683099000,1140.25,1140.85,1140.2,1140.6,2850
1683099300,1140.6,1141.35,1140.3,1140.85,5382
1683099600,1140.8,1140.85,1140.0,1140.25,1561
1683099900,1140.0,1140.6,1139.0,1140.6,7725
1683100200,1140.55,1140.85,1140.0,1140.45,2539
1683100500,1140.35,1141.85,1140.3,1141.25,5189
1683100800,1141.25,1141.25,1140.0,1140.15,4393
1683101100,1140.25,1140.85,1139.6,1140.05,2955
1683101400,1140.05,1140.05,1139.3,1139.75,2268
1683101700,1139.75,1140.65,1139.75,1140.35,4283
1683102000,1140.45,1140.45,1138.2,1138.7,9312
1683102300,1138.7,1139.65,1137.65,1138.0,18934
1683102600,1138.25,1138.25,1137.55,1137.6,3303
1683102900,1137.65,1138.45,1135.45,1137.15,11455
1683103200,1137.95,1138.35,1136.6,1137.05,2721
1683103500,1137.05,1137.5,1135.75,1136.0,6268
1683103800,1136.0,1136.3,1135.75,1135.8,4865
1683104100,1135.75,1136.0,1134.8,1135.0,14029
1683104400,1135.0,1135.75,1134.3,1135.0,11368
1683104700,1135.0,1136.5,1134.35,1134.75,8672
1683105000,1134.75,1137.15,1134.5,1137.1,222564
1683105300,1137.1,1138.65,1136.1,1138.65,4857
1683105600,1138.65,1139.0,1137.2,1137.55,3189
1683105900,1137.55,1137.85,1137.0,1137.05,3007
1683106200,1137.0,1138.45,1137.0,1138.25,6916
1683106500,1138.25,1138.8,1137.65,1138.5,4794
1683106800,1138.45,1138.45,1137.5,1138.4,3336
1683107100,1138.4,1138.7,1136.25,1136.6,11794
1683107400,1136.55,1137.2,1134.65,1137.0,14472
1683107700,1137.0,1139.05,1134.9,1135.15,6943
1683171900,1136.95,1148.95,1136.95,1147.8,53948
1683172200,1147.8,1153.85,1147.3,1153.45,60960
1683172500,1153.5,1160.4,1152.8,1158.6,110216
1683172800,1158.6,1159.7,1156.1,1158.15,99968
1683173100,1158.15,1159.3,1153.55,1154.3,65870
1683173400,1153.95,1155.95,1153.0,1155.15,43409
1683173700,1155.15,1155.15,1151.6,1152.5,37950
1683174000,1152.5,1153.95,1150.25,1150.25,24149
1683174300,1150.25,1151.5,1149.2,1150.0,22466
1683174600,1149.65,1153.95,1149.3,1152.95,24021
1683174900,1152.95,1155.2,1152.5,1152.95,22297
1683175200,1153.25,1156.65,1153.2,1156.3,24563
1683175500,1156.6,1158.5,1155.5,1157.55,38088
1683175800,1158.0,1158.0,1156.85,1157.55,20147
1683176100,1157.0,1157.8,1155.45,1157.0,26334
1683176400,1156.9,1157.3,1155.6,1156.6,16312
1683176700,1156.65,1157.9,1156.4,1157.7,17037
1683177000,1157.75,1159.3,1157.35,1159.0,23634
1683177300,1159.45,1161.85,1159.0,1160.1,79841
1683177600,1160.0,1161.75,1159.95,1161.55,32706
1683177900,1161.65,1162.55,1161.0,1162.0,38858
1683178200,1162.0,1162.65,1161.1,1162.35,27933
1683178500,1162.35,1163.9,1162.3,1163.05,36384
1683178800,1163.05,1163.55,1162.8,1162.8,23831
1683179100,1162.95,1163.0,1160.35,1161.35,53614
1683179400,1161.4,1162.25,1161.25,1162.05,14024
1683179700,1162.1,1163.0,1161.25,1161.9,27426
1683180000,1161.9,1161.9,1160.5,1161.75,18082
1683180300,1161.75,1162.75,1161.0,1162.6,17699
1683180600,1162.65,1163.5,1162.15,1163.0,18175
1683180900,1163.0,1163.3,1162.45,1163.0,16944
1683181200,1163.0,1164.75,1163.0,1164.5,25794
1683181500,1164.2,1164.8,1164.1,1164.75,16599
1683181800,1164.8,1165.0,1163.85,1163.85,27818
1683182100,1164.45,1164.5,1163.0,1164.3,20788
1683182400,1164.3,1164.3,1163.0,1163.95,20661
1683182700,1163.95,1163.95,1162.7,1163.95,17180
1683183000,1163.95,1164.7,1163.6,1164.4,18062
1683183300,1164.4,1164.8,1163.3,1164.75,21790
1683183600,1164.75,1165.8,1164.1,1165.75,33062
1683183900,1165.3,1165.85,1164.15,1165.45,24511
1683184200,1165.6,1165.9,1165.35,1165.5,18047
1683184500,1165.5,1166.65,1164.55,1166.35,51064
1683184800,1166.4,1166.8,1166.0,1166.4,19054
1683185100,1166.4,1166.65,1165.55,1166.05,17905
1683185400,1166.05,1166.7,1165.55,1166.65,13795
1683185700,1166.55,1167.5,1165.9,1167.45,30994
1683186000,1167.35,1167.35,1165.8,1167.25,23834
1683186300,1167.25,1167.65,1166.75,1166.8,17230
1683186600,1166.8,1166.9,1166.1,1166.85,12607
1683186900,1166.85,1167.2,1166.05,1166.75,18674
1683187200,1166.7,1167.45,1166.5,1167.45,22872
1683187500,1167.45,1167.45,1164.6,1165.0,27655
1683187800,1165.0,1166.3,1164.75,1164.95,25621
1683188100,1164.95,1166.5,1164.95,1166.4,10319
1683188400,1166.25,1166.45,1165.65,1166.2,10577
1683188700,1166.2,1166.55,1166.15,1166.2,20234
1683189000,1166.2,1166.7,1164.95,1165.55,29340
1683189300,1165.55,1166.0,1164.3,1165.7,17552
1683189600,1165.7,1166.0,1165.0,1165.85,16379
1683189900,1165.85,1166.6,1165.25,1166.25,21675
1683190200,1166.25,1166.35,1165.55,1166.3,15804
1683190500,1166.3,1166.85,1165.85,1166.35,25127
1683190800,1166.3,1166.35,1165.3,1165.7,19936
1683191100,1165.75,1166.75,1165.5,1166.35,22133
1683191400,1165.15,1166.8,1165.15,1166.0,27156
1683191700,1165.95,1167.65,1165.95,1167.55,27390
1683192000,1167.65,1168.2,1167.65,1167.85,26718
1683192300,1167.9,1167.95,1166.0,1166.65,28911
1683192600,1166.9,1167.5,1166.6,1166.95,42908
1683192900,1166.85,1167.2,1166.0,1166.95,47707
1683193200,1167.05,1167.8,1166.8,1166.95,53708
1683193500,1166.9,1167.85,1166.75,1167.65,107275
1683193800,1167.5,1168.2,1166.8,1167.9,95498
1683194100,1168.0,1169.9,1166.05,1167.0,79738
1683258300,1172.0,1175.65,1167.5,1175.0,55085
1683258600,1175.2,1175.5,1171.5,1174.05,51863
1683258900,1174.35,1176.45,1173.55,1174.2,42921
1683259200,1174.2,1178.4,1172.0,1178.4,28590
1683259500,1178.2,1179.2,1176.75,1178.35,50198
1683259800,1178.35,1181.8,1178.05,1181.2,38368
1683260100,1181.3,1181.65,1179.4,1180.65,38323
1683260400,1180.7,1183.0,1179.9,1182.8,22086
1683260700,1182.8,1183.25,1181.1,1182.35,24286
1683261000,1182.35,1183.2,1180.0,1181.3,20592
1683261300,1180.6,1181.6,1179.0,1179.7,26677
1683261600,1179.7,1180.6,1179.2,1179.7,15991
1683261900,1179.75,1180.05,1177.5,1178.05,26194
1683262200,1178.05,1178.7,1175.6,1176.35,10974
1683262500,1176.35,1177.55,1176.0,1176.85,6686
1683262800,1176.85,1179.0,1176.35,1178.75,11119
1683263100,1178.75,1179.1,1177.3,1178.0,11587
1683263400,1178.0,1178.45,1176.9,1177.45,7530
1683263700,1177.45,1179.15,1176.8,1179.0,5402
1683264000,1179.0,1180.0,1179.0,1179.95,10385
1683264300,1180.0,1180.0,1179.3,1179.95,7307
1683264600,1179.85,1179.95,1176.8,1177.65,8766
1683264900,1177.65,1178.15,1174.75,1176.3,18744
1683265200,1176.3,1176.3,1173.95,1174.05,14093
1683265500,1173.55,1174.8,1173.5,1174.7,9007
1683265800,1174.8,1174.9,1173.55,1174.65,15329
1683266100,1174.65,1177.2,1174.65,1175.95,13547
1683266400,1175.95,1177.0,1175.0,1175.0,8681
1683266700,1175.45,1176.6,1175.2,1176.2,5468
1683267000,1175.85,1176.0,1173.95,1174.75,7424
1683267300,1174.75,1174.75,1173.5,1173.5,11503
1683267600,1173.5,1173.8,1170.1,1171.75,14442
1683267900,1171.7,1172.85,1171.45,1172.0,6410
1683268200,1172.0,1172.7,1170.9,1172.0,11112
1683268500,1172.0,1173.2,1171.45,1172.7,6807
1683268800,1172.7,1174.35,1172.05,1174.2,6564
1683269100,1174.2,1175.0,1173.0,1174.8,5495
1683269400,1174.8,1176.45,1174.7,1175.35,8674
1683269700,1175.35,1175.35,1174.55,1175.0,3443
1683270000,1175.0,1175.35,1174.4,1175.1,3165
1683270300,1175.1,1175.35,1173.6,1174.0,3219
1683270600,1174.1,1174.15,1173.0,1174.0,5665
1683270900,1174.0,1174.0,1171.55,1172.45,10927
1683271200,1172.45,1173.95,1172.45,1173.6,3062
1683271500,1173.6,1175.0,1172.1,1174.15,38251
1683271800,1174.15,1174.25,1171.6,1172.3,8837
1683272100,1172.0,1173.5,1172.0,1173.1,3671
1683272400,1173.45,1173.5,1172.8,1173.5,4356
1683272700,1173.5,1174.0,1173.0,1174.0,17220
1683273000,1174.0,1175.65,1174.0,1175.05,13702
1683273300,1175.05,1176.0,1175.0,1175.75,12168
1683273600,1175.55,1175.75,1174.0,1174.4,11006
1683273900,1174.4,1176.5,1174.0,1176.5,9523
1683274200,1176.05,1176.5,1174.9,1175.45,6570
1683274500,1175.45,1175.65,1174.0,1174.1,11548
1683274800,1174.15,1175.0,1174.0,1174.6,11852
1683275100,1174.6,1175.5,1174.35,1175.05,7505
1683275400,1175.05,1175.5,1174.65,1174.85,8715
1683275700,1174.85,1175.2,1174.25,1174.85,6302
1683276000,1174.85,1175.15,1174.45,1174.8,6760
1683276300,1174.9,1175.85,1174.9,1175.05,14227
1683276600,1175.05,1176.25,1175.05,1175.65,6656
1683276900,1175.6,1176.5,1175.1,1176.05,63211
1683277200,1176.25,1177.0,1176.0,1176.25,31387
1683277500,1176.25,1177.0,1174.55,1176.25,29749
1683277800,1176.25,1176.6,1175.5,1176.35,37331
1683278100,1176.35,1176.9,1175.2,1176.0,30566
1683278400,1175.4,1176.75,1175.05,1175.55,43488
1683278700,1175.2,1175.8,1174.1,1174.1,16588
1683279000,1174.25,1174.25,1171.45,1172.0,17226
1683279300,1172.05,1173.35,1171.7,1172.7,13665
1683279600,1173.35,1173.6,1172.0,1172.0,13715
1683279900,1172.35,1173.55,1171.65,1172.15,14739
1683280200,1172.15,1172.55,1168.95,1169.05,20960
1683280500,1169.1,1177.25,1168.95,1176.0,111750
1683517500,1178.0,1178.0,1168.0,1171.15,42540
1683517800,1171.15,1173.35,1169.6,1173.0,14283
1683518100,1173.0,1174.0,1171.0,1173.95,9097
1683518400,1173.95,1177.2,1173.55,1176.5,15715
1683518700,1176.35,1179.6,1176.2,1176.75,18493
1683519000,1177.3,1178.7,1174.0,1174.15,8491
1683519300,1174.15,1176.0,1173.75,1175.3,22351
1683519600,1175.35,1177.4,1174.3,1177.1,10780
1683519900,1177.1,1178.35,1177.0,1177.4,5431
1683520200,1177.4,1178.95,1177.25,1178.45,9555
1683520500,1177.85,1178.65,1175.75,1176.75,3350
1683520800,1176.75,1177.6,1176.25,1176.55,1569
1683521100,1176.55,1179.0,1176.2,1177.8,66932
1683521400,1177.8,1179.0,1177.8,1178.35,5402
1683521700,1178.35,1178.85,1177.7,1178.85,3192
1683522000,1178.85,1178.85,1176.35,1177.15,4668
1683522300,1177.15,1177.15,1176.35,1176.8,1673
1683522600,1176.8,1176.8,1174.3,1176.75,25470
1683522900,1176.75,1176.8,1175.1,1176.55,11212
1683523200,1176.55,1176.8,1176.0,1176.8,2338
1683523500,1176.85,1176.95,1176.15,1176.85,1743
1683523800,1176.85,1176.85,1175.1,1175.35,4361
1683524100,1175.35,1175.4,1172.45,1174.85,16896
1683524400,1174.85,1175.2,1174.1,1174.75,9578
1683524700,1175.0,1175.0,1170.55,1173.05,13725
1683525000,1173.05,1173.65,1170.85,1172.15,7758
1683525300,1172.15,1172.15,1169.65,1171.6,13791
1683525600,1171.6,1172.9,1171.0,1171.0,8178
1683525900,1171.0,1172.65,1170.6,1172.2,5352
1683526200,1172.2,1172.35,1171.0,1171.25,5911
1683526500,1171.25,1173.0,1170.9,1172.25,7129
1683526800,1172.25,1172.85,1171.25,1171.75,2108
1683527100,1171.75,1173.15,1170.95,1171.55,5168
1683527400,1170.95,1172.35,1170.0,1171.2,9817
1683527700,1171.2,1171.55,1170.4,1171.45,3349
1683528000,1171.45,1172.35,1170.45,1170.45,14590
1683528300,1170.45,1171.4,1170.4,1171.0,4534
1683528600,1171.0,1171.0,1169.25,1169.7,7218
1683528900,1169.7,1170.7,1169.0,1170.7,30906
1683529200,1170.7,1171.95,1169.85,1170.1,16111
1683529500,1170.1,1170.75,1169.9,1170.6,4494
1683529800,1170.6,1172.95,1170.2,1172.75,5523
1683530100,1172.75,1172.95,1172.3,1172.9,2464
1683530400,1172.9,1173.6,1172.6,1173.55,5764
1683530700,1173.55,1175.5,1173.1,1174.85,22588
1683531000,1174.5,1175.85,1174.0,1175.1,25503
1683531300,1175.05,1175.8,1175.0,1175.2,15083
1683531600,1175.0,1175.95,1175.0,1175.95,9009
1683531900,1176.05,1176.85,1175.0,1176.0,13592
1683532200,1175.95,1176.75,1175.4,1176.1,9902
1683532500,1176.1,1179.0,1174.15,1179.0,62539
1683532800,1178.75,1180.55,1177.7,1180.0,20042
1683533100,1180.0,1181.55,1179.6,1180.8,19185
1683533400,1180.7,1181.15,1179.45,1180.6,22019
1683533700,1180.8,1181.2,1178.85,1179.7,21408
1683534000,1180.0,1181.3,1179.7,1180.3,10824
1683534300,1180.3,1181.65,1180.3,1180.65,17029
1683534600,1180.7,1181.4,1180.05,1180.25,15703
1683534900,1180.25,1180.55,1179.5,1180.45,9932
1683535200,1180.45,1181.4,1180.05,1180.85,9071
1683535500,1180.85,1181.4,1179.65,1180.45,18738
1683535800,1180.45,1181.0,1176.2,1177.55,18760
1683536100,1177.55,1177.9,1176.75,1177.9,7421
1683536400,1177.9,1178.15,1176.0,1177.3,10883
1683536700,1177.3,1177.3,1175.5,1175.8,3364
1683537000,1175.8,1177.45,1174.95,1177.4,12356
1683537300,1177.4,1180.9,1176.9,1180.55,23696
1683537600,1180.55,1182.45,1179.75,1182.45,15239
1683537900,1182.45,1183.05,1179.7,1181.65,38310
1683538200,1181.0,1182.35,1180.15,1181.1,35369
1683538500,1181.05,1182.0,1179.45,1180.1,25916
1683538800,1180.1,1182.0,1179.6,1181.9,32070
1683539100,1181.2,1181.95,1180.25,1181.2,28353
1683539400,1180.55,1185.7,1180.55,1183.65,88153
1683539700,1183.6,1184.05,1176.9,1182.55,69737
1683603900,1183.95,1186.35,1176.9,1184.25,34765
1683604200,1184.4,1186.15,1181.2,1181.45,43227
1683604500,1181.55,1181.95,1178.0,1179.55,12692
1683604800,1179.55,1180.25,1178.45,1180.0,9895
1683605100,1180.0,1180.0,1179.05,1180.0,5863
1683605400,1180.0,1180.0,1179.75,1179.95,43281
1683605700,1179.95,1180.3,1179.9,1180.0,11498
1683606000,1180.0,1180.05,1178.45,1179.4,10071
1683606300,1179.45,1180.35,1179.35,1179.95,6360
1683606600,1180.0,1180.0,1179.2,1179.85,6358
1683606900,1179.85,1180.05,1179.5,1180.0,8266
1683607200,1179.95,1180.4,1179.95,1180.0,14937
1683607500,1180.0,1180.4,1179.95,1180.0,13619
1683607800,1180.0,1184.85,1179.95,1184.65,109323
1683608100,1184.65,1184.95,1183.65,1184.6,6162
1683608400,1184.6,1185.35,1182.7,1184.0,15943
1683608700,1184.0,1185.0,1181.0,1181.75,29344
1683609000,1181.4,1185.95,1181.0,1185.8,18380
1683609300,1185.2,1187.55,1184.75,1186.4,23995
1683609600,1186.35,1186.95,1185.45,1186.9,13913
1683609900,1186.9,1187.1,1184.0,1184.95,24919
1683610200,1184.95,1186.0,1184.6,1184.6,13917
1683610500,1184.95,1186.95,1184.15,1186.5,8335
1683610800,1186.85,1187.6,1185.4,1187.15,41268
1683611100,1187.65,1187.85,1186.0,1187.55,26207
1683611400,1187.55,1188.4,1187.05,1188.4,9140
1683611700,1188.55,1189.95,1187.5,1188.25,16849
1683612000,1188.8,1189.9,1188.15,1189.1,12296
1683612300,1189.1,1189.6,1187.75,1188.95,24931
1683612600,1188.95,1189.65,1187.4,1187.45,23237
1683612900,1187.9,1189.45,1187.45,1188.4,20100
1683613200,1188.35,1188.75,1187.65,1188.35,7465
1683613500,1188.35,1189.55,1187.8,1188.55,12603
1683613800,1188.55,1188.8,1186.4,1187.85,8732
1683614100,1187.85,1188.0,1186.1,1187.0,11579
1683614400,1187.0,1188.65,1186.55,1188.45,12970
1683614700,1188.45,1188.55,1186.8,1187.45,10150
1683615000,1187.45,1187.7,1186.4,1187.55,7510
1683615300,1187.55,1188.5,1187.3,1188.25,10579
1683615600,1188.25,1188.6,1187.25,1188.25,4555
1683615900,1187.85,1189.0,1185.85,1186.95,17031
1683616200,1186.95,1186.95,1184.35,1184.45,6219
1683616500,1184.6,1185.8,1182.95,1185.45,18226
1683616800,1185.45,1185.6,1184.4,1184.8,5048
1683617100,1184.8,1185.55,1182.15,1185.25,16470
1683617400,1185.25,1185.35,1182.15,1184.8,22954
1683617700,1184.4,1184.65,1182.15,1183.6,17752
1683618000,1183.6,1185.1,1180.0,1180.0,27769
1683618300,1180.4,1183.75,1180.0,1181.5,22219
1683618600,1181.2,1183.55,1180.65,1183.1,14206
1683618900,1183.15,1184.1,1181.75,1182.15,29785
1683619200,1182.15,1182.85,1180.45,1182.05,8479
1683619500,1182.05,1184.35,1182.05,1184.35,9070
1683619800,1184.35,1185.15,1183.45,1183.65,15321
1683620100,1183.65,1184.8,1182.35,1182.9,5573
1683620400,1182.9,1183.15,1180.3,1180.3,5133
1683620700,1180.3,1181.95,1180.0,1181.8,19352
1683621000,1181.8,1182.05,1180.0,1181.35,16799
1683621300,1181.35,1182.5,1180.15,1180.7,16011
1683621600,1180.8,1184.8,1180.0,1183.95,20472
1683621900,1183.5,1185.85,1181.4,1182.55,14621
1683622200,1183.15,1184.45,1180.0,1180.75,21588
1683622500,1180.05,1184.0,1180.0,1183.6,15265
1683622800,1183.1,1184.7,1182.1,1183.8,16682
1683623100,1183.8,1187.45,1182.85,1186.4,16908
1683623400,1186.0,1186.0,1181.6,1183.25,42902
1683623700,1183.2,1185.0,1182.35,1184.55,8661
1683624000,1184.55,1185.0,1178.15,1179.95,39314
1683624300,1179.95,1182.05,1179.75,1180.25,11420
1683624600,1180.3,1183.0,1180.3,1182.25,24226
1683624900,1182.3,1185.0,1181.95,1184.75,44438
1683625200,1184.75,1184.85,1181.65,1183.4,29285
1683625500,1182.9,1182.95,1180.35,1182.85,23860
1683625800,1182.9,1184.1,1181.5,1183.35,17702
1683626100,1183.65,1186.0,1181.55,1185.0,25812
1683690300,1184.4,1188.45,1183.15,1187.8,22443
1683690600,1187.8,1191.15,1186.6,1187.0,22524
1683690900,1187.0,1188.7,1187.0,1188.05,10957
1683691200,1188.25,1188.4,1184.5,1185.55,14917
1683691500,1185.95,1189.0,1184.0,1188.7,9189
1683691800,1188.2,1190.65,1187.25,1189.95,19946
1683692100,1189.55,1192.0,1189.1,1190.6,23201
1683692400,1190.6,1191.15,1189.75,1189.75,232190
1683692700,1189.75,1190.5,1187.25,1187.25,8143
1683693000,1187.25,1187.7,1183.2,1183.2,14297
1683693300,1183.2,1184.5,1181.35,1184.35,11726
1683693600,1184.35,1185.5,1183.8,1185.25,5093
1683693900,1185.25,1187.35,1185.05,1186.4,8495
1683694200,1186.4,1188.95,1186.05,1186.9,9254
1683694500,1186.9,1187.95,1186.6,1186.95,8601
1683694800,1186.95,1187.65,1186.65,1187.5,3366
1683695100,1187.5,1189.9,1187.1,1189.0,15314
1683695400,1188.95,1190.0,1188.2,1188.7,3402
1683695700,1188.7,1189.9,1188.35,1188.95,4870
1683696000,1188.95,1189.55,1188.05,1188.05,2131
1683696300,1188.05,1189.15,1187.15,1187.25,8782
1683696600,1187.25,1189.45,1187.25,1189.25,1907
1683696900,1189.25,1192.45,1189.25,1191.85,10434
1683697200,1191.85,1192.45,1190.15,1190.5,15407
1683697500,1190.5,1191.6,1190.5,1190.7,3302
1683697800,1190.7,1191.75,1190.2,1190.85,9426
1683698100,1190.85,1192.25,1190.55,1191.5,50635
1683698400,1190.8,1195.0,1190.5,1192.55,49826
1683698700,1192.55,1192.55,1191.45,1191.9,6073
1683699000,1191.9,1192.25,1191.05,1191.5,6201
1683699300,1191.5,1192.7,1189.0,1189.5,12660
1683699600,1189.5,1191.55,1189.1,1189.65,13170
1683699900,1189.65,1190.0,1187.05,1187.05,263735
1683700200,1187.05,1188.6,1185.15,1187.6,9104
1683700500,1188.0,1188.5,1186.1,1187.6,4725
1683700800,1187.6,1188.3,1187.3,1188.2,2423
1683701100,1188.2,1189.0,1187.45,1187.75,2083
1683701400,1187.75,1188.0,1187.0,1188.0,2184
1683701700,1188.0,1188.85,1187.35,1188.5,1516
1683702000,1188.5,1190.15,1188.2,1190.15,2369
1683702300,1190.15,1190.35,1188.75,1190.25,3111
1683702600,1190.25,1191.0,1189.95,1190.35,3316
1683702900,1190.0,1190.35,1189.95,1190.0,4682
1683703200,1190.0,1190.4,1189.25,1190.0,3810
1683703500,1190.0,1190.0,1189.3,1189.45,1846
1683703800,1189.45,1190.95,1189.25,1190.95,2911
1683704100,1190.95,1191.7,1190.0,1190.0,5971
1683704400,1190.0,1190.75,1190.0,1190.45,1846
1683704700,1190.45,1190.5,1190.3,1190.3,3602
1683705000,1190.0,1190.4,1188.85,1189.7,2983
1683705300,1189.7,1190.0,1187.8,1189.1,13664
1683705600,1189.1,1190.0,1187.3,1188.0,3842
1683705900,1188.2,1188.4,1186.4,1187.0,2922
1683706200,1187.0,1188.6,1186.9,1187.45,4727
1683706500,1187.45,1188.55,1187.0,1188.2,1513
1683706800,1188.2,1189.45,1187.6,1188.95,3068
1683707100,1188.95,1189.5,1188.65,1188.85,3462
1683707400,1188.85,1189.5,1188.85,1189.1,2201
1683707700,1189.1,1189.75,1188.0,1188.05,3454
1683708000,1188.05,1190.35,1188.0,1188.8,6117
1683708300,1188.8,1190.0,1188.8,1189.35,3507
1683708600,1189.35,1190.35,1188.0,1188.9,5108
1683708900,1188.9,1189.65,1187.75,1187.95,18301
1683709200,1188.0,1188.95,1187.15,1188.7,184655
1683709500,1188.7,1189.0,1187.6,1188.6,17185
1683709800,1188.6,1188.6,1186.45,1186.85,17393
1683710100,1186.85,1187.0,1186.0,1186.85,2518
1683710400,1186.85,1187.7,1186.6,1187.5,3526
1683710700,1187.5,1187.7,1187.05,1187.2,2650
1683711000,1187.3,1189.3,1187.0,1188.95,21558
1683711300,1189.0,1189.4,1188.75,1188.75,12529
1683711600,1188.8,1189.0,1188.7,1188.85,12847
1683711900,1188.55,1189.4,1188.05,1188.85,49814
1683712200,1188.95,1190.0,1187.5,1187.9,15401
1683712500,1188.0,1189.0,1186.0,1187.0,47383
1683776700,1189.1,1190.05,1180.45,1188.9,25641
1683777000,1188.6,1190.75,1187.55,1190.0,10263
1683777300,1190.0,1191.9,1189.4,1190.6,14198
1683777600,1190.6,1192.75,1190.35,1192.25,6769
1683777900,1192.0,1192.4,1190.55,1191.25,4018
1683778200,1191.25,1193.9,1190.15,1193.9,6457
1683778500,1193.9,1194.1,1191.5,1192.25,8258
1683778800,1192.25,1193.25,1192.0,1192.5,6070
1683779100,1192.5,1193.9,1191.85,1193.45,15799
1683779400,1193.9,1193.9,1191.65,1192.45,3179
1683779700,1192.4,1194.8,1192.4,1194.8,7160
1683780000,1194.8,1195.8,1192.6,1193.5,7834
1683780300,1193.15,1193.95,1192.3,1192.4,3227
1683780600,1192.4,1192.8,1189.9,1190.95,7396
1683780900,1190.95,1190.95,1189.25,1189.9,2178
1683781200,1189.9,1189.9,1186.25,1186.25,4277
1683781500,1186.6,1187.4,1185.25,1187.3,5285
1683781800,1187.3,1189.75,1187.3,1189.15,5451
1683782100,1189.15,1189.15,1188.1,1188.8,4198
1683782400,1188.8,1188.85,1187.5,1187.85,3646
1683782700,1187.85,1188.4,1187.75,1188.05,1533
1683783000,1188.05,1188.2,1186.4,1187.0,3631
1683783300,1187.0,1187.9,1187.0,1187.7,1683
1683783600,1187.6,1188.4,1187.45,1188.0,1649
1683783900,1188.0,1188.0,1187.75,1187.95,1147
1683784200,1187.95,1187.95,1187.0,1187.45,5309
1683784500,1187.45,1187.45,1186.7,1186.85,1415
1683784800,1187.0,1187.95,1186.5,1187.0,3989
1683785100,1186.85,1187.0,1186.4,1187.0,2531
1683785400,1187.0,1187.0,1186.45,1187.0,3520
1683785700,1187.0,1187.0,1185.4,1186.7,5425
1683786000,1186.7,1187.4,1185.75,1187.0,20478
1683786300,1187.0,1187.2,1186.25,1186.75,2908
1683786600,1186.7,1187.0,1186.4,1187.0,1902
1683786900,1187.0,1187.1,1186.6,1187.0,4666
1683787200,1187.0,1187.05,1186.45,1187.05,2283
1683787500,1187.05,1187.2,1186.35,1186.8,5184
1683787800,1186.8,1187.15,1186.6,1187.0,10814
1683788100,1187.0,1187.0,1186.95,1187.0,2007
1683788400,1187.0,1187.0,1186.15,1186.95,7323
1683788700,1186.95,1187.0,1186.5,1187.0,1802
1683789000,1187.0,1187.0,1186.3,1186.7,2604
1683789300,1186.3,1187.0,1185.55,1187.0,2149
1683789600,1187.0,1188.0,1186.35,1188.0,2187
1683789900,1188.0,1189.0,1187.5,1187.75,3434
1683790200,1187.75,1187.75,1186.9,1187.15,3827
1683790500,1187.5,1187.5,1186.9,1187.0,2334
1683790800,1187.0,1187.05,1186.75,1187.0,3548
1683791100,1186.5,1187.0,1186.2,1186.8,2898
1683791400,1186.75,1186.85,1184.1,1185.0,8096
1683791700,1185.0,1185.5,1184.4,1185.0,4246
1683792000,1185.0,1185.5,1184.6,1184.95,5724
1683792300,1184.95,1185.0,1184.65,1185.0,5723
1683792600,1184.95,1185.05,1184.95,1185.0,21407
1683792900,1184.95,1185.5,1184.6,1185.05,9458
1683793200,1185.05,1185.5,1184.5,1185.0,4817
1683793500,1185.0,1185.0,1184.8,1185.0,2187
1683793800,1184.95,1185.0,1184.4,1185.0,3075
1683794100,1184.85,1184.85,1180.5,1181.3,14166
1683794400,1181.45,1181.5,1180.2,1180.95,8915
1683794700,1180.75,1183.1,1180.35,1182.6,12125
1683795000,1182.6,1182.95,1181.0,1181.8,8935
1683795300,1181.8,1182.0,1180.65,1181.1,9516
1683795600,1181.0,1181.85,1179.05,1180.0,33660
1683795900,1180.0,1184.95,1180.0,1184.2,12636
1683796200,1184.25,1184.9,1184.0,1184.5,5094
1683796500,1184.55,1185.0,1183.8,1184.0,7254
1683796800,1184.0,1185.0,1183.35,1183.95,10671
1683797100,1183.95,1184.8,1183.45,1183.45,12521
1683797400,1183.75,1185.8,1183.55,1185.05,32462
1683797700,1185.05,1186.6,1184.45,1184.45,18152
1683798000,1184.65,1185.45,1184.05,1185.1,19602
1683798300,1185.1,1186.5,1184.25,1186.45,23801
1683798600,1186.05,1188.0,1185.0,1185.8,37692
1683798900,1185.8,1186.65,1181.1,1181.25,23605
1683863100,1180.0,1185.35,1178.25,1179.0,26131
1683863400,1179.0,1179.35,1176.4,1178.55,19899
1683863700,1178.55,1180.05,1177.8,1177.85,11750
1683864000,1177.8,1178.4,1174.0,1176.0,16163
1683864300,1176.35,1177.9,1175.45,1177.9,6927
1683864600,1177.9,1177.9,1175.0,1175.65,4241
1683864900,1175.65,1177.2,1175.5,1176.8,4460
1683865200,1176.8,1177.55,1175.55,1175.75,4087
1683865500,1175.7,1177.55,1175.65,1177.15,6123
1683865800,1176.95,1180.0,1176.95,1178.75,7126
1683866100,1178.75,1178.85,1177.65,1178.15,3091
1683866400,1178.2,1178.2,1176.45,1176.9,1477
1683866700,1176.85,1179.5,1176.85,1179.5,6079
1683867000,1179.5,1179.5,1177.5,1177.5,1220
1683867300,1177.5,1178.05,1176.8,1177.1,4404
1683867600,1177.1,1178.8,1177.1,1178.25,2397
1683867900,1178.15,1178.85,1177.3,1177.4,3394
1683868200,1177.4,1178.0,1177.3,1177.75,1338
1683868500,1177.75,1177.85,1177.0,1177.6,1680
1683868800,1177.6,1177.9,1177.05,1177.1,2017
1683869100,1177.1,1177.6,1175.1,1177.5,35893
1683869400,1177.5,1179.2,1176.35,1177.65,18372
1683869700,1177.65,1178.4,1177.25,1177.95,1901
1683870000,1177.95,1181.75,1177.85,1180.9,22857
1683870300,1180.9,1181.45,1177.25,1181.4,16786
1683870600,1181.3,1182.55,1179.75,1180.3,20270
1683870900,1180.3,1181.45,1180.15,1181.45,3631
1683871200,1181.0,1183.2,1180.85,1183.2,8155
1683871500,1183.2,1183.35,1181.0,1181.6,7646
1683871800,1182.0,1183.15,1181.1,1182.65,6369
1683872100,1182.65,1183.15,1182.0,1182.75,1376
1683872400,1183.1,1184.4,1183.0,1184.4,4298
1683872700,1184.4,1184.6,1183.6,1184.2,4189
1683873000,1184.35,1184.7,1183.55,1184.6,8362
1683873300,1184.4,1185.0,1184.0,1184.4,6129
1683873600,1184.45,1185.0,1184.0,1184.45,5777
1683873900,1184.45,1185.4,1183.25,1183.3,17264
1683874200,1183.5,1184.8,1183.3,1184.7,2763
1683874500,1184.15,1186.25,1184.15,1185.75,10085
1683874800,1185.75,1187.15,1185.75,1186.95,5346
1683875100,1187.0,1187.9,1186.55,1187.65,8413
1683875400,1187.65,1190.9,1186.25,1190.35,28106
1683875700,1190.4,1191.75,1188.5,1190.75,19170
1683876000,1191.2,1192.2,1189.95,1192.0,72756
1683876300,1192.0,1193.95,1191.1,1192.8,22509
1683876600,1192.6,1193.3,1190.15,1190.7,22835
1683876900,1190.5,1191.6,1190.0,1190.95,9273
1683877200,1190.95,1191.7,1190.1,1190.1,4080
1683877500,1190.1,1192.25,1188.65,1189.6,20826
1683877800,1189.4,1191.95,1188.45,1191.35,50096
1683878100,1191.35,1191.85,1190.0,1190.65,14169
1683878400,1190.65,1190.65,1190.0,1190.5,4740
1683878700,1190.5,1191.6,1190.3,1191.05,24296
1683879000,1191.45,1191.95,1190.85,1191.45,6125
1683879300,1191.45,1191.45,1190.2,1190.75,7628
1683879600,1190.75,1192.25,1190.35,1191.9,19837
1683879900,1191.9,1191.95,1190.3,1191.4,5422
1683880200,1191.4,1192.8,1190.25,1190.5,6344
1683880500,1190.75,1191.8,1190.0,1190.95,12527
1683880800,1190.95,1191.0,1190.05,1190.6,3569
1683881100,1190.6,1190.65,1190.0,1190.55,3097
1683881400,1190.55,1191.4,1190.35,1190.9,3639
1683881700,1190.9,1191.0,1190.35,1190.9,2975
1683882000,1190.9,1190.95,1189.7,1189.7,19915
1683882300,1189.25,1190.45,1189.15,1190.05,14233
1683882600,1190.05,1190.2,1187.0,1187.15,4192
1683882900,1187.15,1187.95,1186.1,1187.8,8195
1683883200,1187.8,1187.9,1186.1,1187.35,3688
1683883500,1187.35,1187.4,1184.2,1186.1,20236
1683883800,1186.65,1189.0,1185.3,1186.85,63345
1683884100,1186.95,1187.95,1184.35,1187.1,76572
1683884400,1187.1,1188.3,1186.15,1187.45,54056
1683884700,1187.05,1188.45,1186.9,1187.0,45635
1683885000,1187.0,1189.25,1187.0,1187.1,106392
1683885300,1187.05,1189.35,1186.3,1188.7,27386
1684122300,1181.1,1192.0,1181.1,1190.3,15158
1684122600,1190.3,1192.0,1188.25,1191.0,9372
1684122900,1190.55,1192.0,1190.0,1191.75,13331
1684123200,1191.75,1192.0,1189.25,1189.25,15828
1684123500,1189.25,1191.8,1189.2,1191.45,5305
1684123800,1191.3,1191.5,1189.7,1190.5,7331
1684124100,1190.3,1191.0,1190.0,1190.8,4689
1684124400,1190.9,1191.45,1189.5,1190.55,8350
1684124700,1190.55,1191.45,1190.4,1190.85,3025
1684125000,1190.95,1191.0,1189.25,1190.1,1241
1684125300,1190.35,1190.35,1189.65,1190.1,1998
1684125600,1190.1,1190.25,1189.5,1190.25,1719
1684125900,1190.25,1191.25,1189.8,1190.8,3448
1684126200,1191.0,1191.3,1189.85,1190.0,2320
1684126500,1190.0,1190.65,1190.0,1190.4,831
1684126800,1190.4,1190.95,1190.1,1190.6,788
1684127100,1190.3,1190.8,1189.7,1190.1,2075
1684127400,1190.3,1191.2,1190.05,1190.8,2845
1684127700,1190.8,1191.0,1190.05,1190.65,1534
1684128000,1190.65,1190.7,1190.0,1190.1,1953
1684128300,1190.1,1191.0,1190.0,1190.25,1622
1684128600,1190.85,1191.0,1190.05,1190.8,2719
1684128900,1190.8,1191.0,1190.35,1190.4,1845
1684129200,1190.4,1190.4,1190.0,1190.1,2197
1684129500,1190.1,1190.1,1190.0,1190.1,1770
1684129800,1190.1,1191.2,1190.0,1190.9,1822
1684130100,1190.9,1194.5,1190.6,1194.4,8126
1684130400,1194.45,1194.5,1192.9,1193.1,2692
1684130700,1193.1,1193.55,1192.6,1193.4,1623
1684131000,1193.4,1193.9,1193.0,1193.0,2268
1684131300,1193.0,1193.05,1191.85,1192.35,748
1684131600,1192.35,1192.35,1190.3,1190.5,9655
1684131900,1190.5,1190.5,1190.05,1190.4,4667
1684132200,1190.35,1190.4,1190.0,1190.4,1792
1684132500,1190.4,1190.5,1190.0,1190.45,1190
1684132800,1190.45,1191.2,1190.35,1190.55,4881
1684133100,1190.55,1190.55,1190.0,1190.35,2012
1684133400,1190.35,1190.55,1190.05,1190.4,1505
1684133700,1190.4,1190.4,1190.0,1190.3,743
1684134000,1190.3,1190.3,1190.0,1190.1,2871
1684134300,1190.1,1190.1,1190.0,1190.05,1592
1684134600,1190.0,1190.05,1190.0,1190.0,2006
1684134900,1190.05,1190.5,1190.0,1190.15,4350
1684135200,1190.15,1190.15,1190.0,1190.1,1638
1684135500,1190.1,1191.95,1189.85,1191.95,7455
1684135800,1191.95,1192.0,1189.2,1190.15,23472
1684136100,1190.15,1190.6,1189.45,1190.05,2553
1684136400,1190.0,1191.95,1189.4,1190.2,33326
1684136700,1190.2,1190.55,1189.9,1190.4,8328
1684137000,1190.4,1190.4,1189.65,1190.2,2446
1684137300,1189.95,1190.55,1189.55,1190.05,3614
1684137600,1190.0,1190.2,1189.55,1189.85,1852
1684137900,1190.15,1190.15,1189.75,1190.0,2430
1684138200,1190.0,1190.7,1189.6,1190.05,4429
1684138500,1190.05,1190.6,1190.0,1190.0,8975
1684138800,1190.0,1190.85,1189.85,1190.1,33354
1684139100,1190.1,1190.9,1189.85,1190.3,6370
1684139400,1190.3,1190.7,1189.95,1190.35,4178
1684139700,1190.35,1190.5,1189.85,1190.5,6414
1684140000,1190.5,1190.8,1189.7,1190.5,5205
1684140300,1190.5,1190.8,1189.95,1190.8,4384
1684140600,1190.8,1190.95,1190.0,1190.15,4876
1684140900,1190.15,1191.85,1189.6,1191.75,109072
1684141200,1191.75,1191.85,1190.0,1190.3,7411
1684141500,1190.3,1191.45,1190.0,1191.45,6411
1684141800,1191.45,1191.5,1190.05,1190.5,5136
1684142100,1190.5,1191.5,1190.1,1191.05,6088
1684142400,1191.05,1191.2,1190.0,1190.55,4595
1684142700,1190.55,1191.0,1190.0,1190.45,17298
1684143000,1190.25,1190.95,1189.4,1190.0,33847
1684143300,1190.05,1190.2,1189.15,1190.0,39805
1684143600,1190.0,1190.15,1189.05,1190.0,45859
1684143900,1190.05,1190.25,1189.3,1190.1,41836
1684144200,1190.05,1190.1,1185.85,1185.85,14352
1684144500,1185.45,1186.4,1183.05,1183.05,14588
1684208700,1196.0,1201.8,1192.0,1194.35,69278
1684209000,1195.2,1197.75,1189.4,1189.75,32487
1684209300,1189.6,1195.6,1189.6,1190.2,12842
1684209600,1190.2,1192.3,1189.2,1190.05,26923
1684209900,1189.85,1190.5,1189.0,1190.0,9920
1684210200,1190.0,1190.15,1187.25,1187.25,9365
1684210500,1187.25,1189.95,1187.15,1188.2,7894
1684210800,1188.2,1190.1,1188.2,1190.0,9174
1684211100,1189.95,1190.0,1188.1,1189.3,12186
1684211400,1189.75,1190.05,1189.05,1189.6,7302
1684211700,1189.6,1189.95,1188.0,1189.4,4885
1684212000,1189.7,1190.1,1189.25,1189.55,3280
1684212300,1189.55,1190.0,1188.55,1190.0,7319
1684212600,1190.0,1190.2,1188.0,1188.2,4134
1684212900,1188.2,1191.0,1187.85,1191.0,110292
1684213200,1191.0,1191.95,1190.0,1191.2,8374
1684213500,1191.2,1193.3,1191.0,1192.25,10237
1684213800,1192.25,1193.5,1192.25,1193.45,4228
1684214100,1193.5,1194.85,1192.9,1194.25,8730
1684214400,1194.25,1194.45,1192.45,1193.0,7212
1684214700,1193.0,1193.0,1190.15,1190.2,16086
1684215000,1190.5,1191.25,1189.95,1190.65,4398
1684215300,1190.65,1191.6,1189.6,1191.35,7634
1684215600,1191.35,1191.95,1190.7,1191.4,5600
1684215900,1191.4,1191.8,1190.0,1191.65,11734
1684216200,1191.65,1191.85,1191.55,1191.8,6602
1684216500,1191.8,1191.85,1191.2,1191.75,12156
1684216800,1191.7,1191.75,1189.55,1189.9,3064
1684217100,1189.9,1190.55,1189.2,1190.25,3162
1684217400,1190.2,1190.5,1188.85,1190.0,5090
1684217700,1190.0,1192.65,1189.6,1191.95,137004
1684218000,1191.95,1193.0,1190.9,1191.85,6039
1684218300,1191.85,1192.8,1191.25,1192.15,2406
1684218600,1192.3,1193.15,1191.1,1192.15,35185
1684218900,1192.1,1192.75,1191.15,1191.7,2307
1684219200,1191.7,1192.2,1190.85,1191.4,8215
1684219500,1191.4,1192.95,1190.95,1192.35,7473
1684219800,1192.35,1192.45,1191.15,1191.5,2334
1684220100,1191.5,1191.6,1190.7,1190.8,2891
1684220400,1190.8,1191.4,1190.0,1190.75,3043
1684220700,1190.75,1191.05,1190.0,1191.05,3283
1684221000,1191.05,1191.4,1190.6,1191.35,2712
1684221300,1191.4,1191.4,1190.0,1190.7,4705
1684221600,1190.7,1191.8,1190.1,1190.7,3632
1684221900,1190.8,1190.9,1190.1,1190.3,3216
1684222200,1190.3,1192.4,1189.85,1191.45,8146
1684222500,1191.5,1191.95,1190.95,1191.5,3071
1684222800,1191.5,1192.0,1190.8,1191.5,4326
1684223100,1191.2,1191.65,1190.55,1191.5,3170
1684223400,1191.5,1192.35,1190.9,1191.5,4883
1684223700,1191.5,1192.3,1191.2,1191.5,2952
1684224000,1191.45,1191.5,1190.85,1191.2,3973
1684224300,1191.2,1191.5,1191.0,1191.25,3261
1684224600,1191.25,1191.5,1190.65,1190.65,1797
1684224900,1190.7,1191.5,1190.7,1191.45,1874
1684225200,1191.45,1191.5,1191.05,1191.35,4103
1684225500,1191.45,1191.5,1190.55,1191.3,3954
1684225800,1191.05,1191.5,1190.7,1191.0,3107
1684226100,1191.0,1191.5,1190.8,1191.1,2761
1684226400,1191.1,1191.1,1187.25,1188.55,15231
1684226700,1188.55,1189.3,1186.15,1188.25,27138
1684227000,1188.25,1188.8,1186.9,1188.65,5586
1684227300,1188.6,1189.6,1188.05,1189.1,6775
1684227600,1189.1,1191.0,1188.85,1190.75,6834
1684227900,1190.75,1190.75,1188.55,1189.4,6159
1684228200,1189.5,1190.0,1188.1,1189.7,9512
1684228500,1189.5,1190.0,1188.05,1189.15,5552
1684228800,1189.05,1189.2,1185.2,1185.65,10684
1684229100,1185.95,1187.4,1185.55,1186.8,4205
1684229400,1186.8,1188.4,1186.2,1187.25,5814
1684229700,1187.25,1187.4,1185.3,1185.8,5093
1684230000,1186.85,1186.85,1184.75,1186.4,5543
1684230300,1186.4,1187.65,1181.8,1182.7,24256
1684230600,1182.75,1182.75,1177.1,1177.1,42537
1684230900,1177.05,1182.55,1174.2,1182.55,27045
1684295100,1182.8,1184.95,1173.85,1176.2,15836
1684295400,1176.2,1180.1,1174.75,1176.0,9911
1684295700,1176.0,1180.95,1176.0,1177.15,6380
1684296000,1177.15,1178.55,1175.0,1175.05,6378
1684296300,1175.55,1176.85,1173.6,1174.35,14103
1684296600,1174.1,1177.0,1173.0,1176.6,9376
1684296900,1176.6,1177.0,1173.05,1176.35,6723
1684297200,1176.35,1176.95,1173.2,1175.75,7083
1684297500,1176.25,1176.35,1174.05,1174.5,2394
1684297800,1174.5,1176.4,1174.3,1174.55,2445
1684298100,1174.55,1177.0,1174.5,1176.7,2892
1684298400,1176.8,1177.0,1175.25,1175.85,3693
1684298700,1175.85,1176.4,1175.1,1175.15,1507
1684299000,1175.15,1175.7,1175.0,1175.05,2463
1684299300,1175.05,1175.05,1174.0,1174.85,10635
1684299600,1174.85,1174.95,1173.55,1173.6,5457
1684299900,1173.5,1174.0,1172.05,1173.0,8135
1684300200,1173.0,1174.95,1172.95,1173.05,7536
1684300500,1173.05,1173.55,1172.5,1172.5,2294
1684300800,1172.5,1173.4,1172.5,1172.8,2309
1684301100,1172.75,1174.0,1172.75,1173.05,10684
1684301400,1173.05,1173.95,1172.1,1173.85,6436
1684301700,1173.85,1174.0,1172.85,1173.5,4771
1684302000,1173.6,1174.0,1173.0,1173.45,3558
1684302300,1173.45,1173.8,1172.6,1172.65,3725
1684302600,1172.7,1172.75,1170.4,1171.85,22744
1684302900,1171.85,1172.7,1171.35,1172.15,2158
1684303200,1172.15,1172.55,1171.0,1171.5,4113
1684303500,1171.5,1171.5,1168.7,1170.15,8032
1684303800,1170.15,1170.35,1168.75,1168.75,8272
1684304100,1168.65,1169.5,1168.55,1168.65,2123
1684304400,1168.65,1169.7,1165.95,1166.4,51978
1684304700,1166.4,1169.2,1166.4,1168.4,4728
1684305000,1168.4,1168.75,1168.0,1168.25,1480
1684305300,1168.25,1168.4,1167.6,1167.75,621
1684305600,1167.75,1168.3,1164.95,1165.8,13497
1684305900,1165.8,1166.8,1165.1,1166.5,6342
1684306200,1166.5,1167.5,1165.1,1166.05,4032
1684306500,1166.05,1166.4,1164.05,1164.45,3245
1684306800,1164.45,1164.7,1162.8,1163.25,12928
1684307100,1163.25,1165.1,1163.2,1165.1,5847
1684307400,1165.1,1165.6,1164.5,1164.9,4680
1684307700,1164.9,1165.65,1163.05,1163.45,4900
1684308000,1163.45,1163.65,1161.85,1162.95,5994
1684308300,1162.95,1163.6,1162.0,1162.4,12094
1684308600,1162.3,1163.2,1161.95,1162.2,6470
1684308900,1162.2,1164.0,1162.2,1163.0,3325
1684309200,1163.0,1163.7,1162.5,1162.6,3766
1684309500,1162.6,1164.9,1162.55,1164.9,10143
1684309800,1164.9,1165.15,1164.15,1165.1,2868
1684310100,1165.15,1166.35,1162.65,1162.65,5231
1684310400,1162.65,1163.35,1160.55,1160.8,5630
1684310700,1160.2,1161.15,1159.2,1160.8,3929
1684311000,1160.95,1161.95,1160.75,1161.65,3990
1684311300,1161.7,1162.9,1161.2,1162.65,7928
1684311600,1162.65,1163.6,1161.95,1161.95,3649
1684311900,1161.95,1163.8,1161.95,1163.45,10210
1684312200,1162.65,1164.65,1162.4,1164.65,3387
1684312500,1164.4,1165.9,1164.1,1165.9,4822
1684312800,1165.25,1166.3,1164.1,1165.55,2636
1684313100,1165.75,1166.2,1165.0,1165.85,2612
1684313400,1165.9,1166.2,1163.6,1163.6,6076
1684313700,1163.9,1164.45,1163.0,1163.75,9133
1684314000,1163.9,1164.45,1163.0,1163.25,6528
1684314300,1163.25,1164.9,1163.0,1164.6,5561
1684314600,1164.65,1165.0,1163.15,1164.5,4359
1684314900,1164.25,1164.75,1163.5,1164.2,3393
1684315200,1164.35,1164.6,1163.25,1164.25,9973
1684315500,1163.85,1165.0,1162.7,1163.0,26302
1684315800,1163.0,1164.55,1162.3,1162.9,98283
1684316100,1162.9,1163.0,1161.95,1162.3,9870
1684316400,1162.2,1163.4,1161.8,1162.9,13948
1684316700,1162.9,1164.6,1162.1,1162.6,15839
1684317000,1162.6,1164.15,1161.6,1161.65,11824
1684317300,1161.65,1163.2,1160.5,1161.25,49722
1684381500,1162.6,1172.65,1162.6,1167.0,18807
1684381800,1166.7,1170.6,1166.7,1169.8,11568
1684382100,1169.8,1171.55,1168.65,1169.15,10068
1684382400,1168.75,1170.4,1168.25,1169.4,4526
1684382700,1169.75,1169.85,1165.8,1167.6,7391
1684383000,1167.6,1168.0,1166.15,1167.2,2147
1684383300,1167.85,1170.5,1166.05,1170.45,9308
1684383600,1170.45,1172.85,1169.6,1169.6,11120
1684383900,1169.6,1170.15,1167.2,1167.65,4339
1684384200,1167.65,1169.6,1166.2,1166.7,9735
1684384500,1166.25,1168.0,1163.75,1164.35,10657
1684384800,1164.35,1165.45,1164.1,1165.05,7056
1684385100,1165.05,1165.95,1164.2,1164.6,2927
1684385400,1164.6,1166.9,1164.6,1166.8,2584
1684385700,1166.8,1167.1,1165.2,1165.7,5305
1684386000,1165.7,1166.0,1164.15,1164.45,8608
1684386300,1164.4,1165.95,1163.85,1165.95,4057
1684386600,1165.95,1166.0,1165.1,1165.9,8064
1684386900,1165.5,1166.0,1165.0,1165.05,3166
1684387200,1165.45,1166.0,1165.1,1165.6,1523
1684387500,1165.6,1166.1,1165.0,1165.0,3184
1684387800,1165.0,1166.0,1164.3,1164.95,3160
1684388100,1164.55,1165.0,1164.0,1164.7,2926
1684388400,1164.7,1165.0,1163.25,1163.45,6157
1684388700,1163.45,1164.05,1163.45,1163.9,5519
1684389000,1163.9,1165.0,1163.9,1164.85,1206
1684389300,1164.85,1165.4,1164.6,1164.9,1859
1684389600,1164.9,1165.05,1164.25,1164.5,1569
1684389900,1164.5,1165.0,1163.3,1163.55,8134
1684390200,1163.55,1164.0,1162.85,1163.15,7341
1684390500,1163.15,1164.15,1161.55,1163.2,32900
1684390800,1163.2,1163.55,1161.95,1162.6,5429
1684391100,1162.6,1162.95,1160.85,1161.05,6377
1684391400,1161.05,1162.35,1160.95,1161.05,11150
1684391700,1161.05,1161.35,1160.45,1160.85,4648
1684392000,1160.85,1161.15,1159.55,1160.05,12497
1684392300,1160.05,1160.25,1159.4,1159.5,6703
1684392600,1159.55,1160.0,1159.25,1160.0,2054
1684392900,1159.4,1160.0,1159.4,1159.6,1821
1684393200,1159.6,1159.6,1157.65,1157.8,5505
1684393500,1158.05,1158.5,1157.0,1157.05,12528
1684393800,1157.1,1157.6,1155.75,1156.1,22430
1684394100,1156.1,1156.1,1154.0,1154.7,55263
1684394400,1154.7,1155.15,1154.1,1154.15,17287
1684394700,1154.15,1155.0,1152.0,1153.35,101057
1684395000,1153.4,1155.3,1153.1,1153.85,128270
1684395300,1153.8,1154.95,1153.0,1153.45,10111
1684395600,1153.05,1155.15,1153.05,1154.5,3796
1684395900,1154.5,1155.4,1154.1,1155.4,4834
1684396200,1155.4,1156.45,1155.0,1156.35,8983
1684396500,1156.05,1156.95,1155.7,1156.15,4547
1684396800,1155.95,1157.8,1155.95,1157.0,44610
1684397100,1156.8,1159.0,1156.75,1159.0,11446
1684397400,1159.0,1160.0,1157.45,1157.65,2989
1684397700,1157.7,1159.0,1156.15,1158.6,5836
1684398000,1158.6,1158.6,1157.0,1157.05,4265
1684398300,1157.1,1157.65,1156.05,1156.7,5441
1684398600,1156.4,1157.65,1156.0,1156.95,9314
1684398900,1156.55,1157.0,1155.6,1156.75,8863
1684399200,1156.7,1156.7,1154.3,1155.3,12507
1684399500,1155.4,1157.1,1154.35,1155.55,12569
1684399800,1155.25,1156.0,1154.45,1155.6,13698
1684400100,1155.7,1156.0,1155.05,1155.05,12918
1684400400,1155.25,1155.95,1154.75,1155.9,13040
1684400700,1155.55,1156.0,1154.7,1155.6,15612
1684401000,1155.95,1156.0,1154.45,1155.2,21280
1684401300,1155.35,1156.0,1155.0,1155.95,22736
1684401600,1155.95,1156.0,1154.6,1154.7,27669
1684401900,1155.1,1156.0,1153.45,1153.7,43553
1684402200,1153.6,1154.0,1151.15,1152.2,37397
1684402500,1152.0,1153.0,1151.4,1152.05,35329
1684402800,1151.8,1154.0,1151.8,1153.35,34059
1684403100,1153.35,1154.0,1152.0,1152.55,34808
1684403400,1152.5,1153.65,1150.5,1152.55,32218
1684403700,1152.55,1154.0,1150.8,1150.85,28653
1684467900,1152.7,1157.7,1149.05,1150.2,11671
1684468200,1150.2,1153.8,1148.15,1153.8,6015
1684468500,1153.8,1155.4,1152.8,1154.8,4501
1684468800,1155.0,1156.65,1153.1,1154.6,7533
1684469100,1154.1,1156.0,1153.2,1155.1,2651
1684469400,1155.1,1156.0,1154.45,1155.15,2729
1684469700,1155.15,1156.0,1149.9,1151.45,10457
1684470000,1151.3,1151.55,1149.2,1149.7,5708
1684470300,1150.25,1150.3,1147.35,1148.65,4109
1684470600,1148.65,1148.65,1145.05,1145.65,2538
1684470900,1145.65,1147.35,1143.65,1144.9,7954
1684471200,1144.95,1146.0,1143.85,1145.95,4325
1684471500,1145.95,1147.15,1145.5,1146.35,6003
1684471800,1146.4,1146.45,1145.0,1145.85,1835
1684472100,1145.85,1146.5,1145.0,1146.5,4783
1684472400,1146.5,1149.25,1146.05,1149.0,2707
1684472700,1149.0,1149.0,1146.35,1147.0,1739
1684473000,1147.0,1147.0,1145.3,1146.2,1794
1684473300,1145.5,1146.3,1144.35,1144.85,2039
1684473600,1144.5,1145.95,1144.15,1145.15,2300
1684473900,1145.05,1145.85,1144.0,1144.65,3038
1684474200,1144.0,1145.05,1143.35,1143.95,2115
1684474500,1143.95,1144.8,1143.15,1144.7,1984
1684474800,1144.0,1145.55,1144.0,1145.55,1474
1684475100,1145.0,1148.45,1145.0,1147.7,3628
1684475400,1147.5,1148.0,1146.85,1147.9,1631
1684475700,1147.55,1148.25,1146.9,1147.1,1497
1684476000,1147.1,1147.85,1145.6,1146.6,2094
1684476300,1146.6,1146.6,1144.4,1144.7,1531
1684476600,1144.4,1145.8,1144.4,1145.25,1424
1684476900,1145.25,1145.7,1144.0,1144.95,3218
1684477200,1144.7,1145.35,1144.0,1144.6,2841
1684477500,1144.55,1145.9,1144.3,1144.85,3327
1684477800,1144.85,1145.7,1144.15,1145.3,2352
1684478100,1145.3,1145.8,1144.0,1145.3,2096
1684478400,1145.35,1145.65,1144.05,1144.7,1877
1684478700,1144.15,1145.0,1143.75,1144.4,1799
1684479000,1144.4,1145.2,1143.6,1143.6,1576
1684479300,1143.6,1145.05,1143.6,1143.8,2812
1684479600,1144.1,1144.35,1142.55,1143.5,2612
1684479900,1143.5,1144.35,1142.95,1143.1,2246
1684480200,1143.1,1144.65,1143.1,1144.3,1607
1684480500,1144.2,1144.6,1143.1,1143.85,1659
1684480800,1143.75,1143.9,1143.05,1143.05,1680
1684481100,1143.05,1144.0,1143.05,1143.55,1770
1684481400,1143.55,1146.2,1143.55,1145.75,3509
1684481700,1145.95,1147.0,1144.2,1145.15,6572
1684482000,1145.2,1145.2,1144.4,1144.95,1756
1684482300,1144.6,1147.0,1144.6,1146.6,3003
1684482600,1146.95,1147.0,1146.15,1146.25,1656
1684482900,1146.25,1147.95,1146.15,1147.55,3222
1684483200,1147.6,1147.95,1145.7,1146.1,6731
1684483500,1146.1,1146.8,1144.9,1145.35,3036
1684483800,1145.35,1145.95,1144.85,1144.85,1451
1684484100,1144.8,1146.4,1143.85,1144.45,2695
1684484400,1143.9,1145.8,1143.65,1145.2,1472
1684484700,1145.05,1147.85,1145.05,1147.15,3155
1684485000,1147.2,1147.75,1146.05,1147.0,5170
1684485300,1146.75,1148.5,1146.75,1147.95,3503
1684485600,1147.95,1149.7,1145.85,1149.5,5204
1684485900,1150.25,1151.0,1149.25,1150.7,7588
1684486200,1150.7,1152.3,1150.5,1151.25,10260
1684486500,1151.2,1152.3,1150.9,1151.3,5381
1684486800,1151.45,1152.5,1151.2,1151.8,6194
1684487100,1151.75,1152.95,1150.7,1151.5,6305
1684487400,1151.5,1153.55,1151.2,1151.95,5100
1684487700,1151.95,1153.0,1151.7,1153.0,3708
1684488000,1153.0,1153.9,1152.5,1153.5,5015
1684488300,1153.5,1153.9,1153.0,1153.75,4001
1684488600,1153.75,1155.1,1152.0,1154.6,16099
1684488900,1154.5,1155.3,1153.3,1154.95,12084
1684489200,1155.0,1156.25,1154.95,1155.3,6965
1684489500,1155.3,1155.75,1153.85,1155.0,12439
1684489800,1155.05,1155.6,1153.75,1153.75,17397
1684490100,1152.8,1155.55,1150.7,1155.55,14448
1684727100,1157.45,1157.45,1151.85,1156.8,4812
1684727400,1156.8,1156.8,1153.05,1155.25,4412
1684727700,1155.25,1157.45,1154.85,1155.95,4571
1684728000,1155.95,1157.45,1155.95,1157.0,2069
1684728300,1157.0,1157.45,1157.0,1157.45,882
1684728600,1157.45,1157.45,1155.6,1155.95,985
1684728900,1155.95,1156.7,1155.25,1155.6,828
1684729200,1155.6,1156.5,1153.7,1153.85,2183
1684729500,1153.85,1153.85,1152.8,1153.3,3395
1684729800,1153.3,1153.3,1152.0,1152.4,1044
1684730100,1153.1,1154.8,1152.6,1154.5,2301
1684730400,1154.5,1156.75,1154.5,1156.4,1864
1684730700,1156.4,1156.8,1155.75,1155.8,1161
1684731000,1155.8,1156.3,1155.3,1156.3,1467
1684731300,1156.3,1156.3,1155.4,1155.8,545
1684731600,1155.8,1156.0,1155.05,1156.0,1136
1684731900,1156.0,1156.3,1155.5,1155.75,507
1684732200,1156.25,1156.25,1155.05,1156.0,699
1684732500,1155.9,1156.25,1155.25,1156.25,346
1684732800,1156.25,1156.85,1155.7,1156.0,2080
1684733100,1156.65,1159.9,1151.15,1157.7,46353
1684733400,1157.7,1158.5,1154.85,1155.95,9316
1684733700,1155.5,1157.0,1155.25,1156.85,967
1684734000,1156.85,1158.95,1156.85,1158.85,1621
1684734300,1158.8,1158.8,1156.9,1156.9,742
1684734600,1156.9,1157.5,1156.5,1157.0,685
1684734900,1157.0,1157.0,1155.3,1155.65,608
1684735200,1155.65,1156.0,1155.0,1155.35,906
1684735500,1155.35,1155.8,1155.0,1155.55,232
1684735800,1155.05,1155.65,1155.0,1155.05,5031
1684736100,1155.2,1157.0,1155.0,1155.4,5438
1684736400,1155.4,1156.6,1155.05,1155.85,2156
1684736700,1155.85,1155.85,1155.05,1155.5,697
1684737000,1155.5,1155.85,1155.5,1155.5,6187
1684737300,1155.5,1155.75,1155.0,1155.15,4425
1684737600,1155.85,1156.6,1155.05,1155.95,7795
1684737900,1156.0,1157.0,1156.0,1156.95,1646
1684738200,1156.95,1157.45,1156.15,1156.45,1357
1684738500,1156.45,1156.45,1156.0,1156.25,1785
1684738800,1156.25,1156.3,1154.1,1154.75,10006
1684739100,1154.25,1154.65,1153.9,1154.4,605
1684739400,1154.4,1154.4,1151.55,1151.65,8903
1684739700,1151.65,1153.75,1151.65,1153.25,910
1684740000,1153.25,1153.3,1152.0,1152.35,2149
1684740300,1152.35,1152.35,1152.0,1152.0,403
1684740600,1152.0,1152.85,1152.0,1152.8,846
1684740900,1152.8,1153.9,1152.2,1153.8,1142
1684741200,1153.8,1153.8,1153.1,1153.6,1255
1684741500,1153.6,1153.6,1153.3,1153.35,269
1684741800,1153.35,1154.45,1153.3,1153.7,3065
1684742100,1153.7,1154.05,1152.2,1152.2,2015
1684742400,1152.2,1152.8,1150.65,1151.05,12074
1684742700,1151.05,1151.4,1149.2,1150.4,8127
1684743000,1150.4,1153.25,1150.15,1152.5,4165
1684743300,1152.5,1153.55,1152.5,1153.3,2047
1684743600,1153.3,1154.0,1152.95,1153.75,3815
1684743900,1153.75,1154.0,1152.95,1153.5,4902
1684744200,1153.5,1154.0,1152.9,1153.4,4312
1684744500,1153.4,1154.0,1153.0,1153.3,1874
1684744800,1153.3,1154.6,1152.9,1154.0,3860
1684745100,1154.0,1155.2,1153.6,1154.9,2587
1684745400,1154.9,1155.45,1154.2,1154.2,1803
1684745700,1154.45,1154.5,1153.4,1153.4,1551
1684746000,1153.4,1154.95,1153.4,1154.25,1250
1684746300,1154.25,1154.5,1153.4,1153.4,1069
1684746600,1153.4,1154.45,1151.7,1152.05,8539
1684746900,1152.05,1153.85,1149.2,1153.2,26865
1684747200,1153.2,1154.45,1151.0,1151.9,15200
1684747500,1151.9,1152.35,1150.55,1151.5,2756
1684747800,1151.8,1151.8,1149.75,1150.4,21761
1684748100,1151.2,1152.25,1149.85,1152.25,14900
1684748400,1151.85,1152.25,1149.25,1150.55,18191
1684748700,1150.8,1152.15,1150.05,1150.8,21296
1684749000,1151.35,1151.95,1150.2,1151.0,19587
1684749300,1150.95,1154.75,1150.2,1153.2,22363
1684813500,1147.0,1156.3,1147.0,1153.25,32922
1684813800,1153.25,1154.25,1148.15,1150.95,47606
1684814100,1150.9,1151.0,1148.8,1150.8,21995
1684814400,1150.8,1151.5,1148.75,1149.65,27664
1684814700,1150.2,1151.45,1147.65,1150.5,30850
1684815000,1150.5,1151.0,1149.05,1149.25,22428
1684815300,1149.85,1150.55,1144.85,1145.3,35331
1684815600,1145.3,1150.3,1145.3,1149.75,18932
1684815900,1149.75,1154.45,1149.5,1154.15,46562
1684816200,1153.75,1155.95,1152.55,1155.6,12636
1684816500,1156.0,1157.95,1155.8,1156.8,16525
1684816800,1156.8,1158.95,1156.0,1158.95,9717
1684817100,1158.9,1158.95,1156.15,1156.95,84966
1684817400,1156.95,1158.5,1156.25,1158.15,3731
1684817700,1158.15,1159.6,1156.45,1159.45,9665
1684818000,1159.3,1160.8,1156.25,1156.4,73685
1684818300,1156.4,1159.55,1155.9,1159.4,14477
1684818600,1159.7,1160.5,1158.05,1158.6,3551
1684818900,1158.6,1160.45,1157.3,1159.45,5148
1684819200,1159.45,1159.75,1156.3,1157.15,6168
1684819500,1157.1,1157.5,1155.3,1156.55,11743
1684819800,1156.7,1157.2,1155.5,1156.6,4896
1684820100,1156.6,1156.9,1155.15,1155.8,7173
1684820400,1155.8,1158.7,1155.8,1157.95,6860
1684820700,1157.95,1157.95,1156.0,1156.35,2284
1684821000,1156.35,1156.75,1155.6,1156.4,5265
1684821300,1156.4,1157.0,1155.6,1156.9,7932
1684821600,1156.9,1158.8,1156.4,1158.35,5036
1684821900,1158.35,1159.95,1157.75,1159.1,9854
1684822200,1159.1,1161.25,1158.65,1161.1,11993
1684822500,1160.9,1161.1,1159.25,1160.9,5310
1684822800,1160.9,1162.5,1160.3,1161.0,12978
1684823100,1161.0,1163.65,1161.0,1162.75,10213
1684823400,1162.75,1165.0,1162.75,1163.65,11593
1684823700,1163.7,1164.25,1162.1,1162.8,6470
1684824000,1162.55,1162.9,1161.55,1162.8,4253
1684824300,1162.8,1163.75,1162.5,1163.35,4792
1684824600,1163.3,1163.45,1161.2,1161.2,10149
1684824900,1162.1,1163.6,1160.6,1163.0,7869
1684825200,1163.0,1163.95,1162.7,1163.8,2908
1684825500,1163.8,1164.95,1163.0,1164.25,4215
1684825800,1164.25,1164.8,1163.3,1164.0,5626
1684826100,1164.0,1164.65,1163.5,1164.4,4261
1684826400,1164.4,1164.95,1163.6,1164.2,4732
1684826700,1164.2,1164.2,1163.1,1164.2,6135
1684827000,1164.0,1164.8,1162.5,1164.2,15938
1684827300,1164.05,1165.6,1163.5,1165.6,12804
1684827600,1165.25,1166.05,1163.6,1165.75,12790
1684827900,1165.75,1165.75,1164.0,1164.85,6494
1684828200,1164.75,1165.9,1164.0,1165.85,6058
1684828500,1165.85,1166.4,1165.05,1165.55,6722
1684828800,1165.55,1166.25,1165.0,1166.25,3672
1684829100,1166.25,1166.25,1165.45,1165.45,2706
1684829400,1165.45,1166.05,1165.0,1165.65,2862
1684829700,1165.65,1166.15,1165.25,1166.1,4920
1684830000,1166.1,1166.2,1164.8,1165.4,3549
1684830300,1165.6,1167.85,1162.85,1164.3,20670
1684830600,1164.3,1166.65,1161.35,1165.25,15064
1684830900,1165.75,1166.5,1163.2,1165.1,14832
1684831200,1165.1,1166.5,1164.85,1165.25,9004
1684831500,1164.85,1165.55,1163.9,1163.9,3999
1684831800,1164.7,1165.9,1163.9,1165.7,11198
1684832100,1165.1,1167.45,1164.25,1165.85,13823
1684832400,1165.85,1165.85,1163.35,1163.6,4876
1684832700,1163.5,1164.9,1163.25,1164.5,3972
1684833000,1164.5,1165.35,1162.05,1162.05,15727
1684833300,1162.8,1163.0,1161.1,1161.35,7558
1684833600,1161.35,1162.75,1160.35,1162.55,16190
1684833900,1162.7,1165.95,1162.7,1165.95,65190
1684834200,1165.55,1166.75,1164.75,1165.45,25600
1684834500,1165.45,1166.6,1164.35,1166.25,14606
1684834800,1166.3,1167.6,1165.0,1165.85,40784
1684835100,1165.6,1166.5,1165.0,1165.35,22684
1684835400,1165.4,1165.6,1165.0,1165.15,26157
1684835700,1165.05,1166.85,1165.0,1166.45,28940
1684899900,1169.5,1169.5,1158.8,1165.7,45440
1684900200,1165.7,1166.2,1160.35,1163.55,12309
1684900500,1163.6,1167.5,1163.1,1166.2,8261
1684900800,1165.45,1169.0,1165.1,1167.85,17429
1684901100,1167.85,1168.1,1165.5,1165.95,8634
1684901400,1165.4,1166.0,1164.8,1165.9,4995
1684901700,1165.9,1168.5,1165.4,1167.7,5969
1684902000,1167.7,1169.8,1166.85,1169.8,6258
1684902300,1169.8,1169.95,1167.45,1169.4,8604
1684902600,1169.15,1171.7,1169.0,1170.85,9446
1684902900,1171.5,1171.9,1170.05,1170.55,14982
1684903200,1170.55,1172.7,1170.25,1172.0,17264
1684903500,1172.0,1172.0,1170.35,1170.8,14930
1684903800,1170.8,1173.8,1169.3,1172.8,16799
1684904100,1172.8,1172.8,1170.05,1171.3,6470
1684904400,1171.6,1172.45,1171.25,1171.7,3528
1684904700,1171.7,1172.0,1171.3,1171.65,2234
1684905000,1171.65,1172.8,1171.45,1172.7,3380
1684905300,1172.5,1172.75,1171.75,1172.75,7424
1684905600,1172.75,1173.5,1171.8,1173.4,7366
1684905900,1173.4,1173.45,1172.0,1173.25,5005
1684906200,1173.25,1173.75,1172.25,1172.8,5257
1684906500,1172.8,1174.15,1171.45,1173.9,7567
1684906800,1174.1,1174.95,1173.55,1174.1,9504
1684907100,1174.1,1175.0,1173.2,1173.9,12327
1684907400,1173.6,1174.75,1173.2,1174.65,23648
1684907700,1174.65,1175.8,1174.15,1174.7,31918
1684908000,1174.7,1175.5,1174.3,1175.5,24870
1684908300,1175.5,1175.9,1174.4,1175.75,22317
1684908600,1175.8,1175.9,1174.45,1175.0,22540
1684908900,1175.0,1175.65,1173.75,1175.6,30330
1684909200,1175.6,1176.0,1174.45,1175.0,28827
1684909500,1175.35,1176.25,1174.5,1176.05,13653
1684909800,1176.05,1176.85,1174.8,1175.05,16796
1684910100,1175.05,1175.5,1174.75,1175.35,5048
1684910400,1175.35,1176.5,1175.1,1175.75,5925
1684910700,1175.8,1175.95,1175.0,1175.95,7224
1684911000,1175.95,1176.95,1175.0,1175.05,6604
1684911300,1175.05,1175.95,1175.0,1175.2,4323
1684911600,1175.1,1175.7,1175.0,1175.2,8579
1684911900,1175.2,1175.9,1175.0,1175.8,17108
1684912200,1175.8,1176.25,1174.65,1175.3,11473
1684912500,1175.3,1175.75,1174.95,1175.45,12066
1684912800,1175.45,1175.55,1174.7,1175.5,24099
1684913100,1175.5,1175.6,1174.4,1175.4,7556
1684913400,1175.4,1175.65,1173.2,1175.0,19179
1684913700,1175.0,1175.7,1174.75,1175.35,12038
1684914000,1175.35,1175.75,1174.55,1175.45,14360
1684914300,1175.45,1175.6,1174.85,1175.5,12905
1684914600,1175.5,1175.75,1174.45,1175.4,14483
1684914900,1175.4,1175.7,1175.0,1175.65,5999
1684915200,1175.65,1177.15,1175.2,1176.1,11861
1684915500,1176.1,1176.3,1175.0,1175.05,6215
1684915800,1175.05,1176.4,1175.0,1175.0,6753
1684916100,1175.0,1176.15,1174.55,1175.95,14091
1684916400,1176.0,1176.0,1174.9,1175.35,5975
1684916700,1175.35,1175.95,1174.25,1175.25,25474
1684917000,1175.25,1175.8,1174.7,1175.45,10505
1684917300,1175.45,1175.5,1175.0,1175.3,4426
1684917600,1175.3,1175.8,1174.0,1175.45,16138
1684917900,1175.45,1175.55,1174.35,1175.1,10206
1684918200,1175.0,1175.6,1174.45,1174.45,3950
1684918500,1175.0,1175.95,1174.75,1175.85,8284
1684918800,1175.85,1175.9,1175.0,1175.75,4900
1684919100,1175.75,1176.05,1175.0,1175.25,3585
1684919400,1175.25,1175.65,1174.25,1175.2,37521
1684919700,1174.3,1175.5,1174.3,1175.25,20468
1684920000,1175.25,1176.3,1175.0,1175.95,7992
1684920300,1176.2,1176.2,1175.0,1175.3,4862
1684920600,1174.7,1176.65,1174.7,1175.8,22515
1684920900,1176.15,1176.8,1175.0,1175.3,10624
1684921200,1175.5,1176.5,1175.0,1175.95,21670
1684921500,1176.05,1176.05,1174.85,1175.45,28903
1684921800,1175.45,1176.0,1175.0,1175.05,20077
1684922100,1175.05,1176.5,1175.0,1176.45,20874
1684986300,1175.35,1176.2,1171.5,1175.35,77835
1684986600,1175.3,1176.85,1175.0,1176.6,24477
1684986900,1176.6,1176.7,1175.0,1175.0,19691
1684987200,1175.0,1175.5,1175.0,1175.0,28626
1684987500,1175.0,1175.65,1175.0,1175.25,10274
1684987800,1175.65,1178.0,1175.35,1177.85,30092
1684988100,1177.85,1178.45,1177.05,1178.1,49798
1684988400,1178.15,1178.4,1177.35,1177.65,20622
1684988700,1177.65,1177.65,1175.0,1175.05,18866
1684989000,1175.0,1175.6,1174.85,1175.05,27995
1684989300,1175.1,1175.45,1174.45,1175.05,25687
1684989600,1175.05,1175.5,1175.0,1175.05,15754
1684989900,1175.05,1175.7,1174.65,1175.3,10417
1684990200,1175.3,1176.95,1175.3,1176.05,4327
1684990500,1176.05,1176.85,1175.45,1175.45,3177
1684990800,1175.45,1176.7,1175.15,1176.35,3078
1684991100,1176.35,1176.55,1175.55,1176.05,2354
1684991400,1176.05,1176.85,1175.15,1175.15,3359
1684991700,1175.15,1176.1,1175.15,1175.35,6521
1684992000,1175.35,1175.95,1175.0,1175.5,6530
1684992300,1175.5,1176.0,1175.1,1175.4,3229
1684992600,1175.4,1175.6,1175.1,1175.3,2525
1684992900,1175.3,1175.7,1175.0,1175.0,2132
1684993200,1175.0,1175.7,1175.0,1175.7,5142
1684993500,1175.45,1175.7,1174.85,1175.05,15309
1684993800,1175.05,1175.85,1174.9,1175.25,6847
1684994100,1175.25,1175.5,1175.0,1175.15,15343
1684994400,1175.05,1175.25,1172.35,1173.7,15049
1684994700,1173.75,1174.0,1172.0,1173.7,3869
1684995000,1173.7,1173.7,1172.1,1172.6,1986
1684995300,1172.6,1173.45,1172.5,1173.45,3721
1684995600,1173.45,1173.5,1171.65,1173.4,7104
1684995900,1173.4,1173.85,1172.75,1173.8,3138
1684996200,1173.8,1174.5,1173.0,1174.5,3500
1684996500,1174.5,1174.55,1173.3,1173.45,2492
1684996800,1173.45,1174.5,1172.6,1174.0,4835
1684997100,1174.0,1174.0,1173.2,1173.85,830
1684997400,1173.85,1176.0,1173.85,1175.85,11407
1684997700,1175.85,1176.35,1174.4,1175.05,6297
1684998000,1175.05,1175.45,1173.95,1174.75,5528
1684998300,1174.75,1174.95,1173.5,1174.75,6139
1684998600,1174.25,1174.95,1173.7,1174.3,861
1684998900,1173.8,1174.7,1173.8,1174.7,727
1684999200,1174.3,1174.8,1174.0,1174.5,1759
1684999500,1174.5,1174.65,1172.8,1174.55,7821
1684999800,1174.55,1174.6,1173.2,1174.25,1414
1685000100,1174.25,1174.55,1173.2,1174.45,1524
1685000400,1174.05,1174.6,1174.05,1174.6,931
1685000700,1174.6,1174.65,1173.85,1174.5,1623
1685001000,1174.5,1174.75,1173.6,1174.4,2137
1685001300,1174.4,1174.4,1173.95,1174.4,967
1685001600,1174.4,1174.4,1173.3,1174.0,2310
1685001900,1174.0,1174.0,1172.3,1173.7,2610
1685002200,1173.7,1174.3,1173.0,1173.7,4048
1685002500,1173.7,1174.3,1173.1,1174.0,4695
1685002800,1174.3,1175.15,1173.7,1175.0,22102
1685003100,1175.0,1175.1,1174.5,1174.95,8743
1685003400,1174.95,1175.15,1174.55,1174.8,36518
1685003700,1175.15,1175.9,1174.9,1175.25,8807
1685004000,1175.0,1175.6,1175.0,1175.0,5064
1685004300,1175.0,1175.55,1174.9,1175.55,8518
1685004600,1175.6,1175.65,1175.0,1175.25,3721
1685004900,1175.25,1175.95,1174.0,1175.0,169638
1685005200,1175.0,1175.4,1175.0,1175.05,18820
1685005500,1175.05,1175.4,1175.0,1175.15,12730
1685005800,1175.25,1175.75,1174.85,1175.05,23193
1685006100,1175.05,1175.65,1174.95,1175.1,15738
1685006400,1175.1,1175.45,1173.65,1173.75,29738
1685006700,1173.75,1174.4,1172.35,1174.4,14542
1685007000,1174.1,1175.25,1172.8,1174.6,36171
1685007300,1174.1,1175.0,1173.55,1173.95,17569
1685007600,1174.0,1177.35,1172.75,1177.35,27720
1685007900,1177.15,1180.45,1176.2,1180.4,60288
1685008200,1180.4,1180.55,1178.7,1179.9,35217
1685008500,1179.9,1182.0,1179.9,1181.8,31176
1685072700,1175.0,1185.0,1173.15,1183.4,19967
1685073000,1183.4,1186.0,1181.75,1184.3,11770
1685073300,1184.95,1186.8,1183.65,1186.8,8911
1685073600,1186.8,1187.35,1182.35,1183.3,5461
1685073900,1183.5,1184.7,1180.55,1182.5,11004
1685074200,1182.5,1184.3,1181.0,1184.3,5190
1685074500,1184.3,1185.45,1181.1,1181.8,3862
1685074800,1181.8,1181.85,1180.25,1181.45,3454
1685075100,1181.45,1183.05,1180.85,1182.9,3605
1685075400,1182.9,1185.35,1182.0,1185.3,128180
1685075700,1185.4,1185.45,1183.65,1185.45,3962
1685076000,1185.45,1185.6,1183.35,1183.35,1336
1685076300,1183.35,1183.8,1182.0,1182.95,4225
1685076600,1182.95,1183.65,1182.4,1183.2,705
1685076900,1183.2,1184.95,1182.9,1184.8,2863
1685077200,1184.8,1184.8,1183.05,1184.55,2377
1685077500,1184.55,1186.95,1184.55,1185.15,3870
1685077800,1185.15,1185.5,1183.6,1185.3,6332
1685078100,1185.3,1185.6,1184.5,1185.2,1567
1685078400,1185.2,1185.55,1184.85,1185.35,2036
1685078700,1185.35,1186.8,1184.75,1185.8,11683
1685079000,1185.8,1186.9,1185.8,1186.8,3863
1685079300,1186.8,1191.0,1186.8,1190.3,26609
1685079600,1190.3,1191.0,1190.0,1190.9,7010
1685079900,1190.9,1190.9,1189.9,1190.45,4517
1685080200,1190.45,1191.5,1189.3,1191.5,10963
1685080500,1191.5,1192.35,1191.15,1192.0,12150
1685080800,1191.65,1192.0,1189.95,1190.6,3104
1685081100,1190.6,1192.0,1190.05,1191.95,6559
1685081400,1191.95,1191.95,1191.25,1191.7,1462
1685081700,1191.7,1191.7,1190.85,1191.0,3064
1685082000,1190.95,1191.75,1190.6,1191.75,1207
1685082300,1191.8,1192.45,1190.9,1191.7,3923
1685082600,1192.0,1194.0,1191.4,1193.5,12305
1685082900,1193.5,1194.0,1192.9,1193.35,2984
1685083200,1193.35,1193.5,1193.0,1193.5,1649
1685083500,1193.5,1194.75,1193.2,1194.75,8021
1685083800,1194.55,1194.75,1193.85,1194.6,2876
1685084100,1194.25,1194.7,1194.0,1194.4,3666
1685084400,1194.4,1195.0,1193.25,1194.5,14115
1685084700,1194.5,1195.0,1193.95,1194.0,13033
1685085000,1193.75,1194.5,1193.3,1193.3,27684
1685085300,1193.3,1194.0,1192.55,1193.0,9393
1685085600,1193.0,1193.65,1191.35,1192.0,10405
1685085900,1191.4,1192.9,1191.1,1192.9,2222
1685086200,1192.9,1193.8,1192.35,1193.6,3628
1685086500,1193.75,1194.0,1192.8,1193.9,9705
1685086800,1193.9,1194.85,1193.15,1194.65,7306
1685087100,1194.65,1194.9,1194.05,1194.75,6241
1685087400,1194.6,1194.95,1193.8,1194.95,3577
1685087700,1194.95,1195.0,1194.2,1194.75,2132
1685088000,1194.55,1197.0,1194.15,1196.65,39683
1685088300,1196.65,1197.25,1195.9,1197.25,5527
1685088600,1197.25,1197.4,1196.3,1197.0,5931
1685088900,1197.0,1197.15,1196.3,1196.85,6188
1685089200,1196.85,1197.0,1196.3,1196.5,8477
1685089500,1196.45,1196.65,1195.7,1196.65,6298
1685089800,1196.9,1199.5,1196.6,1199.0,8346
1685090100,1199.0,1199.0,1197.65,1198.6,2841
1685090400,1198.6,1199.5,1197.9,1198.85,3892
1685090700,1199.0,1199.5,1198.55,1199.5,2269
1685091000,1199.5,1199.95,1198.3,1199.0,4306
1685091300,1199.0,1199.7,1198.5,1198.6,3800
1685091600,1198.65,1200.0,1198.2,1199.95,7809
1685091900,1199.9,1203.55,1199.4,1203.45,19867
1685092200,1203.2,1203.7,1201.3,1201.85,15507
1685092500,1201.85,1202.9,1201.2,1202.15,10282
1685092800,1202.05,1202.05,1199.8,1201.0,5124
1685093100,1201.0,1201.0,1198.55,1199.05,2902
1685093400,1199.05,1199.1,1198.1,1198.75,5009
1685093700,1198.75,1198.85,1196.6,1196.65,5295
1685094000,1196.65,1198.9,1195.2,1196.05,11799
1685094300,1195.8,1196.1,1194.0,1194.5,12557
1685094600,1194.5,1195.0,1192.6,1195.0,16067
1685094900,1195.0,1198.9,1193.8,1193.8,25038
1685331900,1198.95,1222.0,1197.1,1218.8,72189
1685332200,1218.1,1218.55,1212.4,1216.1,31170
1685332500,1216.2,1223.2,1214.5,1222.9,45149
1685332800,1223.0,1230.0,1222.75,1229.55,129498
1685333100,1229.55,1231.9,1224.15,1225.95,70734
1685333400,1225.95,1228.8,1225.0,1226.0,22111
1685333700,1226.0,1226.75,1221.55,1222.05,43478
1685334000,1222.1,1222.9,1217.3,1219.95,39995
1685334300,1219.8,1222.4,1219.7,1220.05,11648
1685334600,1220.05,1220.4,1217.0,1217.5,16372
1685334900,1217.8,1218.0,1212.05,1216.75,62343
1685335200,1216.75,1220.0,1214.25,1219.95,37097
1685335500,1220.0,1220.0,1217.55,1219.25,14755
1685335800,1219.25,1219.25,1214.0,1215.0,15201
1685336100,1215.0,1215.0,1213.0,1214.0,12710
1685336400,1214.0,1214.2,1213.5,1214.0,17082
1685336700,1214.0,1214.0,1213.5,1213.55,7795
1685337000,1213.55,1214.0,1213.3,1214.0,11175
1685337300,1214.1,1214.45,1213.25,1213.95,11482
1685337600,1214.0,1214.0,1210.7,1212.95,20091
1685337900,1212.65,1214.85,1212.65,1214.0,21421
1685338200,1214.0,1214.3,1212.55,1213.45,21152
1685338500,1213.45,1213.6,1212.45,1212.5,4552
1685338800,1212.5,1212.55,1210.85,1212.55,8121
1685339100,1212.55,1213.45,1212.2,1212.4,7193
1685339400,1212.3,1212.85,1211.4,1212.6,5903
1685339700,1212.6,1213.9,1211.8,1213.65,3487
1685340000,1213.65,1214.0,1212.95,1213.9,4017
1685340300,1213.9,1215.0,1211.75,1211.95,8251
1685340600,1211.95,1212.65,1210.25,1212.45,13385
1685340900,1212.45,1213.65,1211.7,1213.65,4691
1685341200,1213.65,1215.95,1213.35,1215.75,43107
1685341500,1215.9,1218.0,1215.45,1215.55,16212
1685341800,1215.95,1216.9,1215.0,1215.75,8149
1685342100,1215.95,1216.0,1213.25,1213.95,6774
1685342400,1213.95,1215.95,1213.95,1215.8,15740
1685342700,1215.8,1216.6,1215.25,1215.9,3607
1685343000,1215.9,1216.75,1215.8,1216.5,5009
1685343300,1216.5,1217.0,1215.85,1215.95,3593
1685343600,1215.95,1216.5,1215.0,1215.0,2449
1685343900,1215.0,1215.75,1214.15,1214.5,5171
1685344200,1214.5,1215.4,1214.0,1215.3,6661
1685344500,1215.3,1216.45,1215.0,1216.05,5537
1685344800,1215.8,1216.9,1215.2,1215.65,3775
1685345100,1215.65,1216.15,1215.0,1215.5,4541
1685345400,1215.5,1216.4,1215.0,1216.0,5555
1685345700,1216.0,1216.0,1215.8,1216.0,4145
1685346000,1216.0,1216.0,1215.1,1215.8,2781
1685346300,1215.8,1216.0,1215.8,1215.8,2026
1685346600,1216.0,1216.0,1214.45,1215.65,4774
1685346900,1215.4,1216.0,1215.4,1215.85,2800
1685347200,1215.65,1216.2,1215.6,1215.8,3783
1685347500,1215.8,1216.0,1213.4,1215.1,12725
1685347800,1215.65,1215.7,1214.6,1215.0,3330
1685348100,1215.0,1216.4,1214.0,1216.0,40253
1685348400,1216.0,1216.5,1215.7,1216.2,5252
1685348700,1216.2,1216.2,1215.0,1215.75,4022
1685349000,1216.25,1218.0,1215.7,1218.0,3824
1685349300,1218.0,1219.65,1217.6,1219.4,7616
1685349600,1219.65,1220.9,1219.4,1219.5,12086
1685349900,1219.5,1220.95,1219.4,1220.05,5755
1685350200,1220.05,1220.35,1218.2,1218.5,10688
1685350500,1218.5,1218.5,1216.6,1217.3,12768
1685350800,1217.3,1219.95,1217.3,1219.9,10253
1685351100,1219.9,1220.35,1218.7,1219.8,6346
1685351400,1219.85,1220.55,1219.7,1220.05,5364
1685351700,1220.05,1220.45,1218.7,1219.0,11086
1685352000,1219.0,1219.85,1217.75,1219.55,9178
1685352300,1219.55,1219.55,1217.7,1219.1,8786
1685352600,1218.9,1219.8,1215.75,1219.0,16507
1685352900,1218.6,1219.0,1215.25,1217.5,72204
1685353200,1217.5,1219.0,1215.6,1218.75,62792
1685353500,1218.8,1220.5,1217.55,1220.05,46655
1685353800,1219.9,1220.5,1216.75,1217.0,28062
1685354100,1217.0,1217.7,1214.2,1215.0,22552
1685418300,1214.65,1215.8,1204.85,1204.85,25498
1685418600,1205.65,1208.35,1201.8,1208.35,12653
1685418900,1208.85,1210.85,1205.0,1206.3,15372
1685419200,1206.3,1206.8,1205.45,1205.55,5619
1685419500,1205.55,1205.95,1200.85,1203.8,19605
1685419800,1203.85,1205.65,1203.4,1204.45,8625
1685420100,1204.45,1206.6,1203.45,1203.85,10945
1685420400,1203.85,1209.0,1203.2,1208.1,13942
1685420700,1208.5,1208.5,1204.0,1204.65,21595
1685421000,1204.75,1207.0,1204.35,1206.85,8137
1685421300,1207.0,1208.25,1206.75,1207.55,2730
1685421600,1207.55,1208.25,1205.1,1205.85,8751
1685421900,1205.85,1209.45,1205.75,1208.8,10247
1685422200,1208.8,1210.0,1208.0,1208.8,6901
1685422500,1208.8,1209.1,1207.0,1208.75,5273
1685422800,1208.75,1210.5,1208.0,1210.0,10213
1685423100,1210.0,1210.65,1209.15,1210.4,7339
1685423400,1210.4,1210.65,1208.3,1208.3,4042
1685423700,1208.35,1208.4,1207.05,1207.05,4507
1685424000,1207.05,1207.2,1205.3,1205.45,4111
1685424300,1205.45,1206.6,1205.3,1205.65,3302
1685424600,1205.65,1206.9,1204.55,1206.6,9540
1685424900,1206.6,1209.2,1206.0,1208.45,11667
1685425200,1208.45,1208.65,1206.4,1207.35,3948
1685425500,1207.35,1208.4,1206.25,1206.8,5049
1685425800,1206.8,1207.6,1206.25,1206.75,2115
1685426100,1206.75,1206.8,1205.2,1206.0,3787
1685426400,1206.0,1207.45,1204.8,1204.95,5348
1685426700,1204.95,1206.35,1204.95,1205.95,5104
1685427000,1205.95,1207.5,1205.6,1206.75,2654
1685427300,1206.75,1209.4,1206.6,1208.05,6528
1685427600,1208.05,1210.05,1208.05,1209.1,4441
1685427900,1209.1,1209.3,1208.55,1209.1,2184
1685428200,1209.1,1210.0,1208.75,1210.0,4519
1685428500,1209.45,1210.3,1209.15,1210.3,5337
1685428800,1210.3,1212.0,1209.6,1211.4,8358
1685429100,1210.7,1211.55,1209.05,1210.7,6367
1685429400,1210.0,1210.75,1209.45,1210.45,2598
1685429700,1210.45,1211.0,1209.3,1210.55,5677
1685430000,1210.05,1212.0,1209.95,1211.3,7077
1685430300,1211.3,1211.7,1210.55,1210.6,2400
1685430600,1210.6,1212.65,1210.55,1212.5,79209
1685430900,1212.5,1213.15,1211.8,1212.7,3078
1685431200,1212.7,1213.3,1210.55,1211.05,3693
1685431500,1211.05,1212.2,1210.0,1211.3,4886
1685431800,1211.3,1211.55,1210.3,1211.55,1193
1685432100,1210.9,1211.75,1210.2,1211.35,5149
1685432400,1211.35,1211.75,1210.75,1211.65,2591
1685432700,1211.0,1212.95,1211.0,1212.3,9595
1685433000,1212.3,1212.3,1210.65,1211.5,8136
1685433300,1211.05,1212.45,1210.65,1212.25,3700
1685433600,1212.25,1212.25,1211.0,1211.8,3801
1685433900,1211.8,1214.8,1211.3,1214.8,10341
1685434200,1214.9,1216.0,1214.2,1215.6,10144
1685434500,1215.0,1215.8,1213.3,1213.3,4235
1685434800,1213.3,1215.55,1213.3,1215.25,3773
1685435100,1215.25,1215.3,1214.45,1215.2,6883
1685435400,1215.1,1215.8,1214.1,1214.1,10590
1685435700,1214.1,1217.6,1214.1,1217.6,15689
1685436000,1217.6,1217.8,1215.8,1216.35,4287
1685436300,1216.35,1216.75,1215.45,1215.8,7620
1685436600,1216.05,1216.65,1215.05,1216.1,8798
1685436900,1216.05,1217.15,1215.5,1215.75,29077
1685437200,1215.75,1216.4,1215.5,1216.0,9873
1685437500,1216.0,1216.0,1215.5,1215.75,6306
1685437800,1215.75,1216.0,1215.25,1215.95,9716
1685438100,1215.6,1216.8,1215.0,1215.05,28413
1685438400,1215.0,1216.0,1214.6,1216.0,12810
1685438700,1216.0,1216.0,1214.65,1215.95,12011
1685439000,1215.65,1217.0,1215.0,1215.5,30327
1685439300,1215.55,1216.45,1215.5,1216.0,6995
1685439600,1215.9,1216.35,1215.6,1216.0,18022
1685439900,1216.0,1216.65,1215.55,1216.0,20069
1685440200,1216.0,1216.5,1215.6,1215.95,33923
1685440500,1216.0,1216.35,1215.5,1216.0,5969
1685504700,1215.55,1221.5,1211.95,1219.4,24972
1685505000,1218.85,1221.6,1218.2,1218.35,16388
1685505300,1218.35,1222.0,1217.0,1221.05,11024
1685505600,1221.05,1223.45,1221.0,1222.95,15160
1685505900,1223.5,1224.4,1222.55,1223.05,10559
1685506200,1223.05,1224.45,1222.75,1223.65,6829
1685506500,1223.65,1224.5,1222.95,1222.95,9367
1685506800,1222.95,1223.65,1222.6,1222.85,4648
1685507100,1222.85,1223.3,1221.75,1222.45,8950
1685507400,1222.45,1226.5,1222.4,1225.8,21643
1685507700,1225.8,1231.75,1225.45,1231.05,76024
1685508000,1231.9,1232.15,1230.1,1231.5,25249
1685508300,1231.5,1231.5,1230.15,1231.0,30502
1685508600,1231.0,1231.5,1230.05,1231.0,18359
1685508900,1231.0,1231.5,1229.4,1230.0,14307
1685509200,1230.0,1231.0,1228.05,1229.95,9066
1685509500,1229.95,1231.95,1229.35,1231.35,33918
1685509800,1231.35,1231.35,1229.35,1229.5,9940
1685510100,1229.5,1229.6,1228.2,1229.0,5912
1685510400,1229.0,1231.8,1228.45,1231.2,53537
1685510700,1231.5,1232.95,1230.6,1230.6,11594
1685511000,1231.0,1232.4,1230.2,1232.3,67093
1685511300,1232.3,1235.0,1231.7,1234.45,8274
1685511600,1234.45,1234.5,1232.65,1232.65,5565
1685511900,1232.5,1232.95,1230.95,1231.6,11236
1685512200,1231.6,1232.4,1230.65,1231.75,7233
1685512500,1231.75,1231.75,1229.6,1230.0,13711
1685512800,1230.0,1231.5,1229.6,1231.5,13658
1685513100,1231.45,1231.5,1230.0,1230.65,4620
1685513400,1230.65,1232.1,1230.65,1231.2,4182
1685513700,1231.2,1231.6,1230.1,1230.8,5213
1685514000,1230.8,1230.9,1230.0,1230.55,22981
1685514300,1230.55,1232.2,1230.15,1231.0,4913
1685514600,1231.0,1231.5,1229.6,1230.45,57193
1685514900,1230.45,1232.0,1229.55,1231.9,45369
1685515200,1231.95,1233.6,1231.95,1232.2,6441
1685515500,1232.2,1232.95,1231.05,1232.0,12069
1685515800,1232.0,1232.15,1231.3,1232.0,27455
1685516100,1232.0,1232.55,1231.5,1232.0,18432
1685516400,1232.0,1232.1,1231.1,1231.95,11895
1685516700,1232.0,1232.7,1231.3,1231.8,50799
1685517000,1231.95,1233.5,1231.05,1233.5,9162
1685517300,1233.55,1234.0,1232.0,1232.25,9165
1685517600,1232.25,1232.75,1231.5,1232.45,20241
1685517900,1232.45,1233.05,1232.0,1232.1,9942
1685518200,1232.1,1232.85,1231.7,1232.85,5344
1685518500,1232.85,1232.95,1231.2,1232.15,8181
1685518800,1232.15,1233.15,1232.1,1232.45,5332
1685519100,1232.1,1232.8,1232.0,1232.5,2003
1685519400,1232.25,1232.65,1231.9,1232.2,5410
1685519700,1232.2,1232.45,1231.95,1232.0,11741
1685520000,1232.0,1232.25,1231.5,1232.0,30294
1685520300,1232.0,1232.0,1231.5,1231.75,19850
1685520600,1231.75,1231.75,1230.0,1230.1,11882
1685520900,1230.1,1231.1,1228.8,1230.05,20341
1685521200,1230.05,1230.7,1229.95,1230.7,12787
1685521500,1230.7,1231.5,1229.95,1230.3,29367
1685521800,1230.05,1231.85,1229.75,1230.05,13849
1685522100,1230.05,1230.95,1228.1,1229.0,38100
1685522400,1228.6,1230.0,1228.0,1230.0,16288
1685522700,1230.0,1230.0,1229.3,1230.0,8807
1685523000,1230.0,1232.0,1229.85,1231.3,43945
1685523300,1231.3,1232.0,1230.35,1231.9,8824
1685523600,1231.9,1232.0,1230.9,1231.0,5102
1685523900,1230.9,1231.55,1230.0,1231.5,5291
1685524200,1231.0,1231.55,1230.25,1230.55,4328
1685524500,1230.55,1231.9,1230.5,1231.4,5401
1685524800,1231.4,1231.8,1230.95,1231.75,5257
1685525100,1231.75,1232.9,1231.2,1231.55,7076
1685525400,1231.2,1236.8,1231.2,1233.75,256077
1685525700,1233.55,1235.4,1232.7,1235.0,192195
1685526000,1235.5,1236.15,1233.2,1234.85,198481
1685526300,1234.2,1236.95,1233.1,1235.15,212178
1685526600,1234.9,1239.65,1232.85,1239.55,199418
1685526900,1239.55,1239.65,1233.0,1238.0,134664
1685591100,1241.5,1243.0,1230.0,1234.9,74526
1685591400,1234.9,1235.8,1229.1,1230.95,27060
1685591700,1230.95,1234.75,1230.2,1232.4,24259
1685592000,1232.25,1237.2,1231.75,1236.65,19190
1685592300,1236.7,1236.7,1233.2,1233.3,5779
1685592600,1233.25,1233.4,1231.45,1232.15,11018
1685592900,1232.15,1232.35,1228.1,1229.55,9116
1685593200,1229.55,1229.95,1226.7,1228.5,9980
1685593500,1228.5,1228.5,1227.0,1227.9,3304
1685593800,1227.9,1228.4,1226.8,1228.0,17669
1685594100,1228.0,1228.75,1227.5,1228.3,57304
1685594400,1228.3,1228.35,1227.9,1228.1,4908
1685594700,1228.1,1228.1,1225.2,1225.7,9781
1685595000,1225.65,1226.3,1224.3,1226.15,14514
1685595300,1226.15,1226.8,1225.1,1225.95,3505
1685595600,1225.8,1227.0,1225.7,1227.0,2403
1685595900,1227.0,1227.0,1226.0,1226.35,2251
1685596200,1226.35,1226.55,1225.0,1226.45,6486
1685596500,1225.95,1226.65,1225.0,1225.25,4948
1685596800,1225.3,1226.25,1225.0,1226.0,2586
1685597100,1226.1,1226.1,1225.0,1225.15,3274
1685597400,1225.05,1226.0,1225.0,1225.7,2005
1685597700,1225.45,1226.0,1225.45,1225.8,1468
1685598000,1225.7,1227.0,1225.2,1227.0,5224
1685598300,1227.0,1228.0,1226.3,1227.3,36529
1685598600,1227.4,1228.3,1226.85,1228.0,33224
1685598900,1227.95,1228.0,1227.2,1227.4,24577
1685599200,1227.3,1228.0,1226.45,1227.25,6368
1685599500,1227.25,1227.6,1226.15,1226.8,2695
1685599800,1226.65,1227.35,1226.55,1227.15,2152
1685600100,1227.15,1227.3,1226.0,1226.4,7485
1685600400,1226.3,1228.1,1226.0,1227.1,6415
1685600700,1227.1,1227.85,1226.55,1227.75,5404
1685601000,1227.7,1227.75,1226.0,1226.4,11230
1685601300,1226.4,1226.5,1225.75,1226.05,11867
1685601600,1226.05,1226.3,1225.75,1226.0,3767
1685601900,1225.75,1226.15,1225.2,1225.65,12088
1685602200,1225.35,1225.65,1223.0,1223.4,20031
1685602500,1223.4,1225.0,1223.3,1224.25,10477
1685602800,1224.25,1224.25,1222.15,1222.4,10467
1685603100,1222.4,1223.65,1222.4,1222.65,7821
1685603400,1222.6,1222.8,1218.45,1219.5,16056
1685603700,1219.5,1221.45,1219.5,1220.9,10630
1685604000,1220.85,1220.95,1219.1,1220.9,10177
1685604300,1220.9,1220.9,1220.0,1220.15,12234
1685604600,1219.9,1220.05,1216.9,1217.65,15312
1685604900,1217.65,1218.45,1216.85,1217.1,8125
1685605200,1217.1,1217.2,1216.75,1217.0,9629
1685605500,1217.05,1218.65,1216.3,1217.0,11395
1685605800,1217.0,1217.45,1216.05,1216.6,8434
1685606100,1216.6,1216.65,1216.1,1216.25,4229
1685606400,1216.25,1216.3,1215.2,1216.2,15867
1685606700,1216.25,1216.6,1215.4,1215.5,12097
1685607000,1215.5,1215.7,1214.15,1214.45,6689
1685607300,1214.4,1214.5,1212.5,1212.6,13218
1685607600,1212.55,1212.65,1210.45,1210.55,13402
1685607900,1210.55,1211.0,1210.45,1210.55,17677
1685608200,1210.45,1211.95,1209.55,1211.9,17841
1685608500,1211.85,1211.9,1209.0,1210.25,16663
1685608800,1210.25,1210.4,1207.65,1209.0,16192
1685609100,1209.0,1210.0,1208.1,1209.05,10663
1685609400,1209.4,1209.5,1207.55,1207.95,12276
1685609700,1208.1,1208.95,1207.85,1208.8,13885
1685610000,1208.8,1210.0,1208.5,1209.5,15245
1685610300,1209.5,1209.95,1208.9,1209.0,8576
1685610600,1208.95,1209.1,1207.6,1207.85,9009
1685610900,1207.85,1208.75,1207.35,1207.75,14894
1685611200,1207.8,1209.9,1207.7,1209.1,13979
1685611500,1209.4,1210.0,1208.25,1208.25,18913
1685611800,1208.95,1209.85,1208.2,1209.0,23852
1685612100,1209.15,1209.15,1208.4,1208.65,17938
1685612400,1208.65,1208.9,1207.6,1207.7,19950
1685612700,1208.05,1208.15,1204.6,1204.85,38262
1685613000,1204.4,1208.5,1204.4,1208.45,29441
1685613300,1208.45,1210.0,1207.2,1210.0,21773
1685677500,1211.8,1216.2,1208.6,1209.15,33611
1685677800,1209.15,1210.6,1205.95,1210.6,8579
1685678100,1210.6,1210.65,1207.1,1209.45,8609
1685678400,1209.45,1210.35,1208.85,1209.25,13673
1685678700,1209.25,1210.0,1207.55,1207.55,9396
1685679000,1207.55,1210.0,1207.35,1208.25,6905
1685679300,1208.2,1208.35,1205.1,1207.45,17135
1685679600,1207.05,1207.7,1206.0,1206.85,9347
1685679900,1206.85,1207.95,1206.35,1206.8,5309
1685680200,1206.8,1207.0,1206.0,1207.0,4910
1685680500,1206.8,1207.15,1206.0,1206.0,12747
1685680800,1206.0,1206.85,1205.0,1205.3,7596
1685681100,1205.0,1205.55,1205.0,1205.4,2678
1685681400,1205.4,1205.5,1205.0,1205.2,3284
1685681700,1205.2,1207.2,1205.0,1207.2,132181
1685682000,1207.2,1210.0,1206.95,1209.95,8254
1685682300,1209.95,1210.0,1209.25,1209.95,3183
1685682600,1209.95,1210.0,1208.25,1208.6,7761
1685682900,1208.6,1209.85,1207.75,1209.65,6642
1685683200,1209.65,1210.0,1209.5,1209.95,3567
1685683500,1209.95,1210.0,1207.25,1207.35,2268
1685683800,1207.6,1207.9,1206.95,1207.35,9078
1685684100,1207.35,1210.0,1207.0,1210.0,6858
1685684400,1209.7,1210.0,1209.35,1209.7,6529
1685684700,1209.7,1209.95,1208.5,1209.35,4859
1685685000,1208.95,1209.4,1207.5,1207.5,2206
1685685300,1207.5,1207.7,1205.6,1205.9,6332
1685685600,1205.9,1208.25,1205.75,1208.25,2378
1685685900,1208.25,1209.7,1208.0,1209.25,4200
1685686200,1209.25,1209.25,1208.55,1209.0,1747
1685686500,1209.0,1209.0,1208.1,1208.15,1044
1685686800,1208.15,1209.25,1208.0,1209.25,2765
1685687100,1209.35,1209.45,1208.65,1209.4,2354
1685687400,1209.4,1209.4,1208.4,1208.9,1282
1685687700,1208.9,1208.9,1208.35,1208.9,1545
1685688000,1208.9,1209.1,1208.3,1208.45,3679
1685688300,1208.45,1209.4,1208.0,1209.4,2522
1685688600,1209.4,1209.95,1208.5,1208.5,2888
1685688900,1208.75,1209.5,1208.25,1209.5,1873
1685689200,1209.5,1211.35,1209.15,1211.3,11595
1685689500,1211.35,1211.65,1210.55,1210.9,2894
1685689800,1210.9,1211.05,1210.55,1210.9,2109
1685690100,1211.0,1211.95,1210.0,1211.95,5506
1685690400,1211.95,1212.3,1210.7,1211.0,3126
1685690700,1211.0,1211.0,1209.05,1209.6,6103
1685691000,1209.6,1209.9,1209.3,1209.3,2096
1685691300,1209.3,1210.4,1208.8,1210.4,2691
1685691600,1210.4,1210.8,1209.7,1210.0,1924
1685691900,1210.0,1210.1,1208.65,1209.0,1695
1685692200,1209.0,1209.5,1208.7,1209.0,3952
1685692500,1208.5,1209.7,1208.35,1209.7,2528
1685692800,1209.7,1210.3,1209.0,1209.6,2956
1685693100,1209.6,1210.05,1208.45,1208.95,3440
1685693400,1208.95,1210.35,1208.35,1209.05,3290
1685693700,1209.05,1209.05,1208.3,1208.7,1569
1685694000,1208.7,1208.9,1208.0,1208.4,2401
1685694300,1208.4,1208.4,1208.0,1208.25,4867
1685694600,1208.0,1209.6,1207.9,1208.75,8924
1685694900,1208.45,1209.0,1206.45,1206.55,17742
1685695200,1206.55,1209.45,1206.35,1208.35,9551
1685695500,1208.35,1208.5,1207.0,1207.25,8700
1685695800,1207.2,1207.25,1206.0,1206.85,11838
1685696100,1206.8,1206.8,1203.95,1204.0,12385
1685696400,1203.85,1203.85,1201.6,1201.6,20250
1685696700,1201.65,1202.4,1199.25,1202.2,28164
1685697000,1202.2,1203.15,1201.05,1201.55,16994
1685697300,1201.5,1203.4,1201.25,1202.1,20631
1685697600,1202.35,1202.35,1201.65,1201.8,10875
1685697900,1201.8,1202.0,1201.5,1201.95,12362
1685698200,1202.0,1203.35,1201.4,1203.3,23989
1685698500,1203.3,1203.3,1202.1,1202.35,18250
1685698800,1202.35,1202.95,1201.45,1202.05,19137
1685699100,1201.95,1203.25,1201.95,1203.15,21983
1685699400,1203.15,1204.25,1201.45,1204.25,19583
1685699700,1204.25,1206.0,1201.0,1203.5,18120
1685936700,1208.0,1215.0,1205.0,1212.65,242227
1685937000,1213.35,1214.4,1210.1,1210.85,111425
1685937300,1210.75,1211.35,1207.7,1210.0,9463
1685937600,1210.0,1211.75,1209.55,1210.6,13097
1685937900,1210.6,1213.9,1206.0,1211.5,49425
1685938200,1211.8,1213.0,1210.6,1211.05,12277
1685938500,1211.05,1213.0,1210.7,1212.1,4390
1685938800,1212.1,1212.1,1206.05,1209.25,36380
1685939100,1209.15,1212.95,1209.15,1210.85,31052
1685939400,1210.85,1212.25,1210.5,1211.7,16188
1685939700,1211.7,1211.9,1210.6,1210.7,7155
1685940000,1210.6,1212.5,1210.0,1211.8,14571
1685940300,1211.8,1212.75,1211.75,1212.1,4466
1685940600,1212.65,1212.65,1211.75,1211.9,4847
1685940900,1211.9,1213.0,1207.65,1208.8,32878
1685941200,1208.5,1212.0,1208.45,1211.35,26651
1685941500,1210.75,1212.85,1210.7,1212.05,2052
1685941800,1212.1,1212.5,1210.3,1210.65,5847
1685942100,1210.65,1211.6,1209.0,1210.15,9720
1685942400,1210.0,1211.05,1209.25,1210.7,1219
1685942700,1210.7,1211.4,1209.0,1210.0,9889
1685943000,1210.0,1211.55,1210.0,1210.7,2582
1685943300,1210.7,1211.85,1210.55,1210.85,1033
1685943600,1210.85,1212.0,1210.2,1211.25,4312
1685943900,1211.25,1211.8,1211.2,1211.7,986
1685944200,1211.7,1211.7,1211.0,1211.0,1188
1685944500,1211.0,1211.65,1210.4,1210.45,1188
1685944800,1210.9,1211.45,1210.4,1210.75,3270
1685945100,1210.75,1211.4,1210.6,1211.25,357
1685945400,1211.25,1211.4,1210.5,1210.55,890
1685945700,1210.55,1212.7,1210.5,1212.7,9470
1685946000,1212.7,1213.0,1212.15,1212.5,2864
1685946300,1212.5,1213.0,1212.0,1212.8,5102
1685946600,1212.65,1212.65,1211.3,1212.05,5785
1685946900,1212.05,1212.8,1212.0,1212.1,176003
1685947200,1212.1,1212.75,1211.45,1212.25,1590
1685947500,1212.6,1212.6,1211.45,1211.7,3349
1685947800,1212.15,1212.15,1211.2,1211.45,3540
1685948100,1211.95,1212.55,1211.1,1212.05,3673
1685948400,1212.4,1212.5,1212.0,1212.45,1201
1685948700,1212.0,1212.45,1211.3,1211.3,3099
1685949000,1211.3,1212.45,1211.2,1212.0,3774
1685949300,1212.0,1212.6,1212.0,1212.5,1448
1685949600,1212.5,1212.9,1212.1,1212.5,2647
1685949900,1212.5,1214.25,1212.5,1213.35,3776
1685950200,1213.35,1213.95,1213.35,1213.4,1920
1685950500,1213.6,1213.6,1212.05,1212.85,10915
1685950800,1212.85,1212.95,1212.0,1212.05,1929
1685951100,1212.45,1212.45,1212.0,1212.4,1406
1685951400,1212.4,1212.75,1210.0,1212.7,114984
1685951700,1212.25,1212.7,1212.0,1212.2,2553
1685952000,1212.2,1212.7,1211.45,1211.45,1860
1685952300,1211.95,1212.8,1211.4,1212.0,2610
1685952600,1212.0,1212.65,1211.5,1211.55,1593
1685952900,1211.95,1212.15,1211.4,1212.0,1830
1685953200,1211.55,1212.75,1211.35,1211.35,114558
1685953500,1211.35,1212.0,1209.5,1211.1,145251
1685953800,1211.1,1212.0,1210.95,1211.25,64761
1685954100,1211.6,1212.0,1211.05,1211.1,1980
1685954400,1211.7,1211.7,1210.0,1210.0,5348
1685954700,1210.05,1211.65,1210.0,1210.95,17745
1685955000,1210.3,1211.55,1210.0,1210.25,6649
1685955300,1210.25,1211.4,1210.15,1211.0,10019
1685955600,1211.0,1211.6,1210.05,1211.2,10411
1685955900,1211.25,1211.95,1210.7,1211.65,6041
1685956200,1211.0,1212.2,1211.0,1211.4,14219
1685956500,1211.0,1211.6,1209.4,1209.95,4952
1685956800,1210.0,1210.0,1207.4,1209.95,8573
1685957100,1209.5,1210.75,1209.35,1210.4,5656
1685957400,1210.45,1211.85,1209.7,1210.4,10374
1685957700,1210.3,1212.05,1210.2,1212.0,16334
1685958000,1212.0,1213.05,1211.55,1213.05,18806
1685958300,1213.45,1216.95,1213.0,1216.9,24591
1685958600,1216.9,1219.0,1216.8,1217.5,54921
1685958900,1217.55,1218.0,1213.15,1218.0,24695
1686023100,1219.85,1223.6,1214.3,1215.1,25444
1686023400,1214.55,1215.05,1212.0,1213.65,8590
1686023700,1213.65,1213.7,1210.1,1211.2,8064
1686024000,1211.15,1216.9,1211.0,1216.9,3671
1686024300,1216.9,1218.0,1216.0,1217.75,6133
1686024600,1217.75,1219.0,1216.0,1216.15,10079
1686024900,1216.15,1217.0,1215.0,1215.65,2057
1686025200,1215.6,1217.0,1215.55,1215.65,3046
1686025500,1215.7,1216.35,1215.2,1215.95,2702
1686025800,1215.95,1216.8,1215.25,1216.65,2308
1686026100,1216.65,1217.7,1215.85,1216.6,120699
1686026400,1217.25,1217.95,1215.5,1215.5,3861
1686026700,1215.5,1217.0,1215.5,1216.15,2872
1686027000,1216.8,1216.85,1216.1,1216.35,1114
1686027300,1216.35,1217.6,1216.35,1217.15,1657
1686027600,1216.5,1217.0,1215.0,1215.0,1742
1686027900,1215.0,1215.0,1212.0,1212.6,8079
1686028200,1212.6,1213.0,1212.0,1212.0,3327
1686028500,1212.0,1213.55,1210.6,1213.0,9038
1686028800,1213.0,1215.85,1213.0,1215.5,167852
1686029100,1215.45,1217.95,1214.85,1217.3,10922
1686029400,1216.65,1217.6,1215.35,1215.5,3290
1686029700,1215.35,1216.0,1215.0,1215.0,1813
1686030000,1215.0,1216.0,1215.0,1215.35,1386
1686030300,1215.0,1216.0,1214.55,1216.0,2496
1686030600,1216.0,1216.0,1214.9,1215.5,3496
1686030900,1215.5,1215.9,1214.85,1215.2,2167
1686031200,1215.2,1216.0,1214.55,1215.55,3797
1686031500,1215.05,1216.0,1215.0,1215.85,2438
1686031800,1215.45,1216.0,1214.8,1216.0,15528
1686032100,1216.0,1216.0,1215.05,1216.0,1532
1686032400,1215.6,1216.0,1215.0,1215.95,1491
1686032700,1215.95,1218.0,1215.5,1217.9,2083
1686033000,1217.9,1219.0,1217.0,1217.4,14678
1686033300,1217.3,1218.6,1217.0,1217.4,6083
1686033600,1217.4,1218.0,1217.0,1217.6,1440
1686033900,1217.3,1217.9,1217.0,1217.85,2456
1686034200,1217.85,1217.9,1217.0,1217.5,1177
1686034500,1217.1,1217.8,1217.0,1217.2,1533
1686034800,1217.8,1220.0,1217.25,1219.8,16430
1686035100,1219.2,1219.9,1218.4,1219.0,13616
1686035400,1218.55,1219.3,1218.55,1219.25,671
1686035700,1218.9,1220.15,1218.7,1219.3,4832
1686036000,1219.1,1220.0,1218.5,1220.0,4459
1686036300,1220.0,1220.0,1218.85,1219.85,3502
1686036600,1219.35,1219.85,1218.45,1219.35,1561
1686036900,1219.35,1219.35,1218.55,1219.1,1216
1686037200,1219.1,1220.45,1218.55,1220.0,5059
1686037500,1219.7,1220.05,1219.15,1219.8,1186
1686037800,1219.8,1219.85,1218.95,1219.4,1281
1686038100,1219.4,1219.45,1218.2,1219.0,1680
1686038400,1218.95,1219.6,1218.5,1219.6,1292
1686038700,1219.6,1220.45,1219.35,1220.3,3048
1686039000,1220.3,1220.8,1220.0,1220.2,3071
1686039300,1220.65,1220.7,1220.0,1220.0,3838
1686039600,1220.0,1220.75,1220.0,1220.5,2313
1686039900,1220.0,1220.75,1220.0,1220.65,1306
1686040200,1220.65,1220.65,1219.05,1220.25,10821
1686040500,1220.25,1220.65,1219.6,1220.0,15422
1686040800,1220.45,1221.7,1220.0,1221.3,4860
1686041100,1221.3,1222.0,1220.55,1221.7,8970
1686041400,1221.7,1222.4,1220.4,1222.4,6499
1686041700,1222.45,1222.8,1221.65,1222.5,4042
1686042000,1222.5,1223.0,1221.0,1221.3,8536
1686042300,1221.05,1221.9,1220.0,1221.75,4015
1686042600,1221.75,1221.75,1219.75,1220.45,13753
1686042900,1220.45,1222.15,1220.25,1222.15,6985
1686043200,1222.15,1222.45,1220.05,1220.45,8336
1686043500,1220.5,1221.85,1220.35,1221.2,4611
1686043800,1221.05,1222.9,1220.9,1220.9,27094
1686044100,1220.9,1224.6,1220.75,1223.75,20296
1686044400,1223.7,1225.0,1221.8,1223.15,37935
1686044700,1223.15,1224.05,1220.95,1222.3,33413
1686045000,1222.0,1223.85,1221.1,1223.25,21796
1686045300,1223.45,1224.55,1222.2,1224.5,12356
1686109500,1225.3,1233.25,1221.0,1232.05,51989
1686109800,1231.8,1238.25,1230.5,1238.05,52128
1686110100,1237.55,1239.0,1235.65,1237.4,24352
1686110400,1237.5,1238.3,1234.85,1235.85,19013
1686110700,1235.85,1238.85,1235.8,1238.8,14322
1686111000,1238.8,1239.0,1237.5,1238.4,16327
1686111300,1238.4,1238.7,1235.1,1238.4,12895
1686111600,1238.0,1241.55,1238.0,1240.0,18409
1686111900,1240.0,1240.9,1239.7,1239.9,11900
1686112200,1239.8,1241.4,1239.45,1241.0,8436
1686112500,1241.1,1241.1,1239.0,1240.0,9581
1686112800,1240.0,1240.4,1238.55,1240.0,12537
1686113100,1240.0,1240.05,1239.95,1239.95,18356
1686113400,1240.0,1240.3,1239.95,1240.0,12845
1686113700,1240.0,1240.4,1239.95,1240.0,9297
1686114000,1240.0,1240.0,1235.2,1237.1,13036
1686114300,1237.25,1239.2,1237.25,1239.0,6978
1686114600,1239.0,1239.0,1236.65,1237.0,10001
1686114900,1236.9,1237.15,1235.6,1237.0,13272
1686115200,1237.0,1237.2,1236.35,1237.0,14671
1686115500,1237.0,1240.8,1236.95,1240.05,9979
1686115800,1240.4,1241.0,1239.5,1240.15,7250
1686116100,1240.6,1241.0,1239.7,1239.8,5517
1686116400,1239.8,1241.0,1238.7,1239.45,8738
1686116700,1239.45,1240.75,1239.0,1239.85,8256
1686117000,1239.95,1240.35,1238.65,1239.4,6533
1686117300,1239.55,1240.05,1238.6,1239.0,7371
1686117600,1239.0,1239.6,1238.0,1238.9,5407
1686117900,1238.9,1239.05,1237.05,1239.05,6638
1686118200,1239.0,1240.5,1238.95,1240.05,9425
1686118500,1240.05,1240.8,1239.65,1240.7,6721
1686118800,1240.7,1240.95,1239.8,1240.6,5731
1686119100,1240.65,1240.65,1238.65,1240.05,10533
1686119400,1240.05,1240.5,1239.35,1240.5,5449
1686119700,1240.2,1241.95,1240.0,1240.0,12333
1686120000,1240.2,1242.65,1240.0,1242.4,12138
1686120300,1242.25,1244.0,1242.0,1243.85,14178
1686120600,1243.85,1244.5,1242.9,1243.75,16153
1686120900,1244.05,1244.05,1242.45,1243.3,8577
1686121200,1243.3,1244.2,1243.0,1244.0,6472
1686121500,1244.2,1245.0,1243.95,1244.75,8854
1686121800,1245.0,1245.75,1244.25,1244.8,9694
1686122100,1244.9,1245.4,1244.15,1244.8,8854
1686122400,1244.0,1245.15,1242.8,1244.5,8064
1686122700,1244.5,1245.3,1243.7,1244.25,7815
1686123000,1244.25,1245.2,1243.8,1244.25,6778
1686123300,1244.65,1245.9,1243.65,1245.4,10868
1686123600,1245.35,1247.4,1245.25,1246.1,20876
1686123900,1246.05,1246.8,1245.0,1246.2,14881
1686124200,1246.2,1247.35,1245.25,1247.25,12299
1686124500,1247.25,1247.25,1245.5,1246.75,13596
1686124800,1246.75,1247.2,1245.65,1246.95,11782
1686125100,1246.75,1247.0,1245.0,1245.65,10719
1686125400,1245.85,1246.0,1244.1,1245.8,12190
1686125700,1245.8,1246.8,1244.4,1245.25,13336
1686126000,1245.3,1245.6,1244.7,1245.4,10776
1686126300,1245.4,1245.65,1244.15,1244.65,8936
1686126600,1244.65,1245.8,1244.0,1245.8,10805
1686126900,1245.8,1245.8,1244.4,1244.95,9857
1686127200,1245.05,1246.7,1244.7,1245.95,9039
1686127500,1245.95,1246.5,1243.3,1244.0,15436
1686127800,1244.0,1244.05,1241.2,1243.15,16088
1686128100,1242.85,1243.45,1241.65,1242.3,9204
1686128400,1242.3,1244.0,1242.3,1244.0,6931
1686128700,1244.0,1244.0,1242.55,1242.8,7147
1686129000,1242.8,1244.05,1242.0,1243.9,9388
1686129300,1243.9,1244.0,1242.75,1242.8,7579
1686129600,1242.75,1244.0,1242.05,1243.0,10110
1686129900,1242.7,1243.45,1241.3,1242.3,12624
1686130200,1242.1,1246.6,1242.1,1246.3,38607
1686130500,1246.3,1248.0,1245.9,1247.5,40463
1686130800,1247.5,1247.6,1245.3,1247.3,32923
1686131100,1246.9,1246.95,1245.15,1246.3,39149
1686131400,1246.25,1246.3,1244.0,1244.2,33038
1686131700,1244.3,1247.7,1241.55,1247.7,44191
1686195900,1247.7,1254.75,1246.15,1246.45,88415
1686196200,1246.45,1248.5,1246.45,1247.4,11017
1686196500,1247.4,1247.65,1242.85,1244.2,14822
1686196800,1244.2,1245.0,1241.75,1244.0,14851
1686197100,1244.0,1245.95,1242.35,1243.7,11333
1686197400,1243.7,1245.55,1242.5,1245.55,8397
1686197700,1245.55,1246.2,1243.85,1245.7,6373
1686198000,1245.7,1247.9,1244.6,1247.9,9099
1686198300,1247.9,1248.55,1247.0,1248.55,8844
1686198600,1248.55,1249.45,1247.15,1247.6,6887
1686198900,1247.8,1248.25,1245.75,1245.75,6742
1686199200,1245.75,1246.1,1244.75,1245.35,6929
1686199500,1245.35,1246.3,1245.0,1246.3,7655
1686199800,1246.3,1248.95,1245.8,1248.95,16499
1686200100,1248.6,1249.0,1247.35,1248.35,6926
1686200400,1248.35,1250.0,1248.35,1250.0,10199
1686200700,1250.0,1250.0,1248.75,1249.8,6456
1686201000,1249.8,1250.0,1249.05,1250.0,6490
1686201300,1250.0,1250.15,1248.6,1249.2,5621
1686201600,1249.2,1249.5,1248.65,1249.45,4681
1686201900,1249.5,1249.9,1248.75,1249.5,5604
1686202200,1249.5,1249.7,1248.8,1249.25,4623
1686202500,1249.25,1250.0,1249.25,1250.0,5573
1686202800,1250.0,1250.25,1249.55,1249.95,6451
1686203100,1249.95,1250.0,1246.8,1248.6,9484
1686203400,1248.2,1248.8,1247.05,1247.25,4619
1686203700,1247.25,1247.85,1243.55,1244.95,18924
1686204000,1244.95,1245.75,1244.05,1245.0,12692
1686204300,1245.0,1245.0,1244.1,1245.0,5806
1686204600,1245.0,1245.1,1244.05,1244.4,6685
1686204900,1244.3,1245.0,1242.6,1243.85,8000
1686205200,1243.3,1244.4,1242.65,1242.65,5427
1686205500,1242.6,1244.0,1242.0,1243.5,7100
1686205800,1242.85,1244.0,1242.6,1243.1,7196
1686206100,1243.1,1243.95,1242.6,1242.75,6039
1686206400,1242.95,1244.0,1242.6,1243.95,4655
1686206700,1244.0,1245.15,1243.65,1244.85,4087
1686207000,1244.5,1244.65,1243.6,1243.95,4669
1686207300,1244.35,1246.7,1244.0,1244.6,6455
1686207600,1244.6,1246.35,1244.6,1245.05,6159
1686207900,1245.45,1245.45,1243.75,1244.5,5315
1686208200,1244.5,1246.45,1244.2,1245.05,5592
1686208500,1245.7,1249.7,1245.7,1248.6,13865
1686208800,1248.6,1249.95,1248.1,1249.15,7328
1686209100,1249.15,1249.5,1248.0,1248.65,4926
1686209400,1248.65,1248.8,1246.85,1247.45,5904
1686209700,1247.45,1248.2,1246.6,1247.7,5116
1686210000,1247.75,1248.1,1246.55,1247.8,5247
1686210300,1247.8,1248.15,1246.45,1247.65,6245
1686210600,1247.65,1247.75,1246.4,1247.5,4900
1686210900,1247.0,1247.55,1245.9,1246.35,7308
1686211200,1246.75,1247.5,1246.75,1247.05,6388
1686211500,1247.05,1249.05,1246.0,1248.9,10024
1686211800,1248.9,1249.65,1247.7,1248.7,8253
1686212100,1248.7,1249.5,1248.1,1249.1,5823
1686212400,1249.1,1249.15,1246.9,1248.1,5833
1686212700,1248.1,1249.1,1247.4,1248.9,7538
1686213000,1248.9,1249.5,1246.05,1246.25,10170
1686213300,1246.65,1248.1,1246.65,1247.4,5037
1686213600,1247.4,1248.2,1246.65,1248.1,6120
1686213900,1248.1,1248.25,1246.4,1247.15,6234
1686214200,1247.15,1247.95,1246.3,1246.8,5537
1686214500,1246.8,1248.05,1246.3,1246.9,5956
1686214800,1246.9,1248.15,1246.65,1247.05,5538
1686215100,1247.05,1248.0,1246.4,1246.95,5331
1686215400,1246.95,1247.8,1243.0,1243.15,13793
1686215700,1243.15,1243.9,1240.6,1241.8,9806
1686216000,1241.8,1242.0,1241.1,1241.7,9739
1686216300,1241.7,1242.5,1240.15,1240.95,8420
1686216600,1240.9,1241.2,1235.45,1236.3,21185
1686216900,1236.5,1236.85,1234.05,1234.45,18579
1686217200,1234.45,1237.45,1234.45,1237.0,16368
1686217500,1237.0,1239.35,1237.0,1239.0,21625
1686217800,1239.0,1240.1,1237.95,1240.0,34626
1686218100,1240.05,1244.95,1240.0,1242.0,41308
1686282300,1227.6,1253.6,1227.6,1244.65,130431
1686282600,1244.65,1250.3,1243.5,1246.4,44863
1686282900,1246.4,1250.4,1246.0,1249.95,44807
1686283200,1249.95,1250.45,1246.65,1247.6,27043
1686283500,1247.85,1247.9,1243.6,1245.0,21086
1686283800,1245.0,1245.3,1244.0,1244.4,13865
1686284100,1244.4,1246.3,1243.7,1245.0,83109
1686284400,1245.0,1245.8,1243.0,1245.0,310158
1686284700,1245.0,1249.0,1243.45,1248.4,54887
1686285000,1248.4,1251.4,1247.8,1250.9,23084
1686285300,1250.9,1251.5,1249.2,1250.35,23414
1686285600,1250.35,1252.4,1249.8,1251.7,15462
1686285900,1251.7,1251.95,1250.75,1251.15,7015
1686286200,1251.15,1251.55,1249.25,1250.1,11399
1686286500,1250.1,1251.0,1247.5,1248.6,12739
1686286800,1248.6,1250.4,1247.5,1250.0,15840
1686287100,1249.55,1250.45,1248.05,1250.0,8148
1686287400,1250.0,1250.0,1248.95,1249.5,6966
1686287700,1249.5,1249.55,1248.0,1248.2,8776
1686288000,1248.2,1250.35,1247.5,1250.0,16550
1686288300,1250.0,1250.0,1248.65,1249.85,5714
1686288600,1249.85,1249.9,1248.2,1249.7,5440
1686288900,1249.7,1249.75,1245.6,1246.25,8739
1686289200,1246.25,1247.75,1245.0,1245.05,12434
1686289500,1245.05,1247.0,1245.0,1246.95,7989
1686289800,1246.95,1247.0,1245.45,1245.8,6938
1686290100,1245.8,1247.0,1245.8,1246.3,4919
1686290400,1246.3,1247.5,1246.3,1246.8,8177
1686290700,1246.95,1246.95,1245.15,1246.35,8067
1686291000,1246.35,1247.2,1245.05,1246.5,19167
1686291300,1246.45,1247.55,1246.0,1246.4,10818
1686291600,1246.4,1249.8,1246.2,1247.4,43209
1686291900,1247.4,1249.3,1246.85,1248.95,6096
1686292200,1249.0,1249.6,1247.95,1248.05,8325
1686292500,1248.0,1249.4,1247.95,1248.6,9014
1686292800,1248.65,1249.8,1248.65,1249.35,11455
1686293100,1249.35,1249.9,1248.4,1249.25,9592
1686293400,1249.25,1249.25,1247.25,1248.2,11245
1686293700,1248.3,1249.3,1248.0,1249.05,10766
1686294000,1249.05,1251.45,1248.0,1248.85,17790
1686294300,1249.0,1249.35,1247.3,1248.9,10831
1686294600,1248.9,1249.95,1248.3,1248.4,8835
1686294900,1248.4,1249.45,1248.25,1248.65,9214
1686295200,1248.65,1249.75,1247.4,1247.9,14929
1686295500,1246.95,1248.5,1246.65,1248.0,15458
1686295800,1248.0,1248.0,1246.2,1246.75,12618
1686296100,1247.2,1247.3,1244.4,1245.85,20444
1686296400,1246.4,1246.9,1244.45,1246.3,43651
1686296700,1246.3,1246.75,1245.5,1245.85,54590
1686297000,1246.15,1247.4,1245.65,1246.35,15651
1686297300,1246.35,1246.35,1241.55,1242.55,20748
1686297600,1242.55,1243.35,1240.3,1240.6,8729
1686297900,1240.95,1241.05,1239.05,1239.5,59741
1686298200,1239.5,1240.75,1238.5,1240.4,53517
1686298500,1240.4,1240.5,1238.65,1238.9,10949
1686298800,1238.9,1239.5,1236.25,1236.95,113919
1686299100,1236.95,1238.65,1236.15,1237.25,10916
1686299400,1237.25,1238.0,1235.85,1237.6,7968
1686299700,1237.6,1237.6,1235.85,1235.85,9408
1686300000,1235.9,1235.95,1235.8,1235.9,8394
1686300300,1235.85,1235.9,1235.05,1235.05,6918
1686300600,1235.05,1235.2,1234.65,1234.8,5831
1686300900,1234.8,1235.35,1234.5,1235.1,8873
1686301200,1235.1,1236.1,1235.0,1235.45,17415
1686301500,1235.45,1235.9,1235.15,1235.5,7336
1686301800,1235.7,1235.7,1232.75,1233.95,20158
1686302100,1233.95,1233.95,1231.2,1231.3,15686
1686302400,1231.3,1233.9,1231.15,1233.9,13057
1686302700,1233.9,1235.2,1232.85,1235.0,11948
1686303000,1235.45,1235.45,1232.85,1233.75,26593
1686303300,1233.8,1235.05,1232.6,1232.75,23376
1686303600,1232.75,1233.25,1230.6,1231.6,16296
1686303900,1231.6,1232.3,1230.85,1231.05,23325
1686304200,1231.05,1233.0,1231.0,1233.0,42483
1686304500,1231.2,1233.9,1227.5,1227.5,41376
1686541500,1242.2,1245.35,1238.65,1242.95,67571
1686541800,1242.25,1244.45,1238.05,1244.45,32070
1686542100,1244.45,1248.1,1243.75,1247.0,43326
1686542400,1247.0,1249.0,1246.05,1247.5,29484
1686542700,1247.7,1248.55,1243.45,1244.45,29890
1686543000,1244.45,1244.9,1241.4,1242.35,17729
1686543300,1242.35,1243.05,1241.1,1242.1,175935
1686543600,1242.0,1245.5,1241.2,1245.5,13677
1686543900,1245.15,1247.65,1245.0,1247.45,12248
1686544200,1247.5,1248.55,1247.45,1248.45,10548
1686544500,1248.5,1250.0,1248.35,1248.5,36250
1686544800,1248.5,1250.9,1247.5,1250.15,14845
1686545100,1250.15,1252.55,1250.0,1251.45,24007
1686545400,1251.45,1254.0,1251.05,1254.0,17772
1686545700,1254.0,1256.3,1251.6,1253.0,39246
1686546000,1253.0,1253.45,1250.35,1250.35,20787
1686546300,1250.35,1255.0,1250.2,1253.7,25816
1686546600,1253.7,1253.8,1251.2,1251.9,9076
1686546900,1251.9,1254.25,1251.9,1253.05,14102
1686547200,1253.05,1253.65,1253.0,1253.2,6207
1686547500,1253.2,1254.0,1249.6,1249.9,26218
1686547800,1249.9,1250.75,1249.75,1250.0,20232
1686548100,1250.0,1250.5,1249.8,1250.15,14908
1686548400,1250.15,1251.0,1250.0,1250.55,9482
1686548700,1250.55,1250.55,1250.0,1250.0,5519
1686549000,1250.0,1250.5,1250.0,1250.3,5068
1686549300,1250.15,1251.65,1250.15,1250.85,13644
1686549600,1250.95,1252.5,1250.85,1252.0,8920
1686549900,1252.0,1252.6,1251.95,1252.25,5879
1686550200,1252.25,1253.25,1252.25,1253.05,7579
1686550500,1253.05,1254.05,1252.8,1252.8,20272
1686550800,1252.8,1252.9,1250.0,1250.55,11569
1686551100,1250.6,1250.95,1250.0,1250.5,6751
1686551400,1250.5,1251.4,1250.0,1250.05,8385
1686551700,1250.05,1250.5,1250.0,1250.0,7197
1686552000,1250.0,1250.0,1247.2,1248.35,15921
1686552300,1248.35,1248.35,1244.4,1246.1,15228
1686552600,1246.1,1246.35,1245.05,1246.05,7143
1686552900,1246.05,1246.4,1245.35,1246.15,6011
1686553200,1246.15,1249.5,1246.05,1248.55,7679
1686553500,1248.55,1248.6,1247.05,1248.1,4835
1686553800,1248.1,1249.05,1246.55,1247.9,8598
1686554100,1247.9,1248.85,1247.9,1248.3,4067
1686554400,1248.3,1249.0,1246.4,1246.95,7674
1686554700,1246.95,1246.95,1245.85,1246.3,6650
1686555000,1246.35,1249.35,1246.35,1248.75,6883
1686555300,1248.75,1249.85,1248.5,1248.85,7758
1686555600,1248.9,1249.9,1248.85,1249.9,3846
1686555900,1249.9,1250.0,1249.0,1249.45,7066
1686556200,1249.3,1250.4,1249.3,1249.9,6734
1686556500,1249.85,1249.9,1248.25,1248.35,6654
1686556800,1248.35,1250.0,1248.1,1248.15,10769
1686557100,1248.15,1250.0,1248.15,1248.2,8405
1686557400,1248.2,1248.9,1247.25,1247.4,7974
1686557700,1247.4,1247.8,1246.25,1247.35,5993
1686558000,1247.35,1248.75,1247.35,1248.6,4688
1686558300,1248.45,1248.85,1248.0,1248.15,9061
1686558600,1248.15,1249.95,1248.15,1248.65,7790
1686558900,1248.7,1248.8,1247.6,1247.8,5715
1686559200,1247.65,1248.1,1245.9,1247.0,10315
1686559500,1247.15,1248.8,1246.6,1247.2,6106
1686559800,1247.15,1247.7,1246.55,1247.7,5823
1686560100,1247.85,1248.7,1247.6,1248.1,13787
1686560400,1248.1,1249.6,1247.8,1249.1,14569
1686560700,1249.35,1250.0,1249.1,1249.2,8572
1686561000,1249.2,1250.0,1248.3,1249.55,12651
1686561300,1249.55,1250.1,1248.05,1248.15,18840
1686561600,1248.15,1250.8,1248.15,1250.0,16951
1686561900,1250.0,1250.5,1248.5,1248.5,11223
1686562200,1249.2,1250.05,1241.75,1242.4,54327
1686562500,1242.4,1242.7,1237.55,1239.4,41996
1686562800,1239.6,1239.6,1235.0,1236.65,43318
1686563100,1236.65,1238.15,1235.8,1236.5,50265
1686563400,1236.55,1237.3,1235.7,1237.3,56072
1686563700,1237.3,1239.45,1234.85,1236.15,39260
1686627900,1238.0,1246.95,1238.0,1242.7,21836
1686628200,1242.7,1245.25,1240.5,1242.3,18063
1686628500,1242.3,1242.8,1240.8,1242.8,11699
1686628800,1242.8,1243.0,1241.35,1241.45,7208
1686629100,1242.4,1244.35,1242.4,1244.35,6697
1686629400,1244.7,1245.5,1243.85,1245.15,6635
1686629700,1245.15,1245.15,1241.5,1241.65,10816
1686630000,1241.65,1242.35,1241.0,1242.35,13277
1686630300,1241.95,1243.6,1241.2,1241.4,7522
1686630600,1241.4,1241.95,1239.2,1239.5,15086
1686630900,1239.85,1243.0,1239.5,1242.9,160878
1686631200,1242.9,1246.5,1242.9,1246.5,8694
1686631500,1246.5,1248.25,1246.05,1246.5,9533
1686631800,1246.5,1248.8,1246.5,1248.25,11873
1686632100,1248.25,1248.25,1244.2,1244.35,11137
1686632400,1245.0,1245.6,1240.4,1240.45,16668
1686632700,1240.5,1241.85,1239.0,1241.55,6313
1686633000,1241.55,1241.55,1239.8,1240.55,7455
1686633300,1240.55,1241.95,1240.55,1241.3,4476
1686633600,1241.3,1241.5,1240.05,1240.95,6169
1686633900,1240.95,1242.9,1240.65,1242.5,8906
1686634200,1242.5,1242.75,1241.75,1242.5,3626
1686634500,1242.5,1242.75,1239.6,1241.9,128806
1686634800,1241.9,1242.95,1240.35,1241.15,11281
1686635100,1241.15,1242.95,1240.85,1242.0,6934
1686635400,1242.1,1243.7,1242.1,1242.65,6819
1686635700,1242.65,1242.9,1240.0,1242.35,27674
1686636000,1242.8,1243.8,1241.95,1243.8,6100
1686636300,1243.8,1245.0,1243.2,1244.7,25754
1686636600,1244.7,1244.7,1243.0,1243.7,5320
1686636900,1243.7,1244.0,1242.35,1243.45,5891
1686637200,1243.45,1244.0,1243.35,1244.0,6706
1686637500,1244.0,1244.5,1242.4,1244.15,11985
1686637800,1244.15,1244.5,1243.0,1243.5,4816
1686638100,1243.5,1243.5,1240.45,1241.45,12634
1686638400,1242.1,1243.85,1242.0,1243.15,10999
1686638700,1243.1,1244.5,1243.0,1244.0,26905
1686639000,1244.0,1244.9,1242.35,1243.5,7841
1686639300,1243.5,1244.4,1242.45,1242.65,8531
1686639600,1242.65,1243.9,1241.35,1243.45,10845
1686639900,1243.45,1244.35,1243.0,1243.1,9826
1686640200,1243.2,1244.2,1242.6,1243.6,18418
1686640500,1243.6,1244.8,1243.0,1244.0,8278
1686640800,1244.0,1244.75,1243.75,1243.95,7073
1686641100,1243.95,1244.9,1243.1,1243.9,10152
1686641400,1243.9,1243.95,1243.0,1243.35,5115
1686641700,1243.35,1243.4,1242.45,1243.05,16926
1686642000,1243.0,1243.1,1239.7,1241.8,21923
1686642300,1242.05,1243.9,1241.4,1243.9,11463
1686642600,1244.0,1244.0,1242.95,1243.35,15586
1686642900,1243.35,1243.35,1242.85,1243.15,32876
1686643200,1243.15,1243.3,1240.2,1240.2,4574
1686643500,1240.2,1240.75,1239.4,1240.0,11583
1686643800,1240.0,1241.9,1239.25,1240.05,17011
1686644100,1240.0,1242.35,1239.65,1242.05,8161
1686644400,1242.05,1242.5,1241.9,1242.5,9322
1686644700,1242.5,1242.6,1241.45,1242.2,14047
1686645000,1242.05,1242.8,1241.7,1242.2,11441
1686645300,1242.1,1242.9,1241.25,1242.5,14134
1686645600,1242.5,1242.9,1241.55,1242.55,13397
1686645900,1242.55,1244.85,1242.55,1242.95,17429
1686646200,1242.95,1243.25,1242.5,1243.1,9295
1686646500,1243.1,1243.25,1241.3,1241.7,21253
1686646800,1241.3,1242.35,1239.8,1241.85,17118
1686647100,1241.85,1243.55,1241.85,1243.3,12130
1686647400,1243.35,1244.0,1242.55,1243.25,14513
1686647700,1243.25,1243.7,1242.95,1243.0,12893
1686648000,1243.1,1243.9,1243.0,1243.6,6902
1686648300,1243.6,1243.6,1242.95,1243.2,12879
1686648600,1243.2,1244.2,1243.15,1244.2,28519
1686648900,1244.45,1244.45,1243.0,1243.4,29403
1686649200,1243.35,1244.0,1243.0,1243.8,30547
1686649500,1244.0,1244.2,1242.5,1242.8,25956
1686649800,1242.5,1243.45,1241.6,1243.0,28484
1686650100,1243.05,1243.85,1241.0,1241.0,23140
1686714300,1240.1,1254.95,1227.65,1233.0,57301
1686714600,1233.0,1234.9,1230.05,1233.25,14234
1686714900,1233.0,1235.0,1232.6,1233.95,8273
1686715200,1233.95,1236.7,1233.95,1236.7,141878
1686715500,1236.0,1237.9,1235.25,1236.8,6067
1686715800,1237.0,1238.65,1236.8,1238.25,6592
1686716100,1238.35,1240.0,1237.85,1238.65,7275
1686716400,1239.25,1239.8,1236.55,1239.0,4458
1686716700,1239.0,1239.55,1239.0,1239.35,4256
1686717000,1239.3,1240.25,1238.15,1238.4,7050
1686717300,1239.1,1239.1,1236.65,1237.65,1947
1686717600,1237.65,1237.65,1236.7,1236.7,1139
1686717900,1236.7,1239.2,1236.2,1239.15,5259
1686718200,1239.15,1241.9,1237.7,1241.5,8771
1686718500,1241.5,1241.8,1239.45,1239.7,2539
1686718800,1239.7,1240.4,1238.85,1238.95,912
1686719100,1238.95,1240.2,1238.85,1239.3,467
1686719400,1239.2,1239.75,1238.65,1239.0,568
1686719700,1239.0,1239.8,1238.45,1239.8,4440
1686720000,1239.7,1241.65,1239.45,1241.65,3580
1686720300,1241.65,1242.6,1241.25,1242.55,1868
1686720600,1242.55,1243.0,1241.1,1241.1,6471
1686720900,1241.6,1241.9,1240.85,1241.9,1390
1686721200,1241.75,1243.0,1241.5,1243.0,2012
1686721500,1242.75,1243.05,1242.25,1242.65,1781
1686721800,1242.65,1244.05,1242.45,1244.0,5383
1686722100,1244.0,1244.05,1243.0,1243.15,5585
1686722400,1243.15,1243.6,1241.5,1241.85,3483
1686722700,1241.85,1241.85,1237.9,1238.55,11661
1686723000,1238.55,1238.55,1237.0,1237.9,3432
1686723300,1237.9,1238.75,1237.0,1237.2,3860
1686723600,1237.2,1237.45,1235.25,1235.7,6767
1686723900,1235.7,1237.55,1235.6,1236.1,2324
1686724200,1236.1,1236.75,1235.55,1235.7,2776
1686724500,1235.7,1236.6,1235.7,1236.2,1945
1686724800,1236.2,1236.6,1235.75,1236.5,1885
1686725100,1236.6,1237.7,1236.5,1236.7,3079
1686725400,1237.15,1238.0,1236.6,1237.05,3481
1686725700,1237.05,1238.35,1236.8,1238.1,2333
1686726000,1238.1,1238.7,1237.8,1238.4,1953
1686726300,1238.65,1238.95,1236.65,1237.2,4593
1686726600,1237.2,1238.5,1237.2,1238.05,2666
1686726900,1238.05,1238.95,1237.25,1238.55,2622
1686727200,1238.8,1239.0,1238.15,1238.25,1519
1686727500,1238.25,1239.9,1238.1,1239.8,2245
1686727800,1239.5,1240.0,1238.8,1239.4,2772
1686728100,1239.3,1239.95,1238.55,1239.35,1987
1686728400,1239.15,1240.0,1239.15,1239.4,2188
1686728700,1239.35,1240.75,1239.2,1240.0,5353
1686729000,1239.7,1240.4,1239.4,1240.05,2570
1686729300,1240.15,1240.65,1239.65,1240.45,43914
1686729600,1241.55,1244.0,1241.45,1243.15,7296
1686729900,1243.1,1244.0,1242.85,1243.6,2402
1686730200,1244.0,1245.75,1243.85,1245.0,12047
1686730500,1245.0,1245.35,1244.1,1245.05,13341
1686730800,1245.0,1245.85,1244.55,1245.6,10623
1686731100,1245.6,1245.6,1244.6,1245.5,5919
1686731400,1245.3,1245.5,1242.15,1242.6,29388
1686731700,1242.65,1242.65,1241.75,1242.3,9382
1686732000,1242.3,1243.45,1242.3,1242.65,9425
1686732300,1242.65,1242.65,1241.5,1241.5,8613
1686732600,1241.8,1243.2,1241.5,1243.2,10301
1686732900,1243.2,1243.2,1241.55,1242.65,4247
1686733200,1242.65,1243.0,1241.5,1242.5,3925
1686733500,1242.5,1242.95,1242.0,1242.65,7133
1686733800,1242.5,1242.85,1242.15,1242.85,3490
1686734100,1242.85,1242.95,1242.05,1242.55,3283
1686734400,1242.5,1243.2,1242.5,1242.55,3291
1686734700,1242.55,1243.0,1242.5,1242.5,1825
1686735000,1242.7,1244.0,1242.5,1243.5,8612
1686735300,1243.55,1244.1,1243.05,1243.8,7529
1686735600,1243.45,1245.1,1239.4,1240.0,56510
1686735900,1240.0,1240.75,1239.15,1239.85,12108
1686736200,1239.85,1241.2,1239.85,1241.05,22032
1686736500,1241.0,1242.0,1240.0,1240.0,27145
1686800700,1245.0,1250.6,1243.0,1245.25,53955
1686801000,1245.25,1246.1,1240.9,1242.3,28011
1686801300,1242.3,1247.85,1242.3,1247.6,16583
1686801600,1247.6,1247.65,1243.35,1243.35,14334
1686801900,1243.3,1245.05,1242.35,1245.05,7759
1686802200,1245.05,1246.9,1244.05,1245.4,7581
1686802500,1245.4,1245.85,1243.4,1245.0,5408
1686802800,1245.0,1247.0,1245.0,1247.0,3116
1686803100,1247.0,1247.2,1245.65,1247.0,4738
1686803400,1247.0,1247.2,1246.0,1246.7,5579
1686803700,1246.7,1250.0,1246.7,1249.5,19807
1686804000,1249.5,1250.0,1248.9,1249.4,5093
1686804300,1249.4,1249.7,1248.65,1249.25,5834
1686804600,1249.25,1249.7,1248.7,1249.5,4482
1686804900,1249.5,1249.9,1248.5,1248.6,8029
1686805200,1248.6,1249.0,1248.2,1248.2,4467
1686805500,1248.25,1248.25,1246.4,1247.9,6113
1686805800,1247.9,1247.9,1246.7,1247.25,4286
1686806100,1247.25,1248.4,1247.25,1247.85,4027
1686806400,1247.85,1248.35,1247.05,1247.35,8096
1686806700,1247.35,1247.95,1246.65,1246.95,3591
1686807000,1246.95,1247.95,1246.4,1246.4,7295
1686807300,1246.4,1246.4,1244.95,1245.1,4130
1686807600,1245.1,1246.85,1245.1,1245.85,2285
1686807900,1245.85,1246.75,1244.6,1244.6,6413
1686808200,1244.6,1244.6,1241.4,1241.6,8070
1686808500,1241.6,1242.3,1240.2,1240.35,10961
1686808800,1240.35,1240.35,1238.2,1238.2,6135
1686809100,1238.2,1241.95,1238.2,1240.85,10300
1686809400,1240.7,1241.0,1238.9,1238.9,3777
1686809700,1238.9,1239.0,1238.2,1238.45,4797
1686810000,1238.45,1239.0,1236.45,1237.6,5779
1686810300,1237.6,1238.4,1237.15,1238.0,6369
1686810600,1238.0,1238.0,1237.5,1238.0,13636
1686810900,1238.0,1238.8,1237.55,1238.0,5542
1686811200,1238.0,1239.2,1238.0,1239.2,2458
1686811500,1239.2,1239.2,1237.9,1237.95,3714
1686811800,1237.95,1239.15,1237.95,1239.15,3096
1686812100,1239.15,1240.7,1238.5,1238.6,15390
1686812400,1238.6,1239.5,1237.7,1238.05,9170
1686812700,1238.05,1238.75,1237.75,1238.35,4032
1686813000,1238.35,1238.7,1237.05,1237.95,8750
1686813300,1237.9,1238.9,1237.6,1238.75,5791
1686813600,1238.75,1238.9,1238.45,1238.5,4816
1686813900,1238.5,1239.5,1238.5,1239.5,8940
1686814200,1239.5,1241.0,1239.5,1240.0,7462
1686814500,1240.0,1240.0,1239.3,1239.45,4450
1686814800,1239.3,1240.65,1238.95,1240.65,3459
1686815100,1240.65,1242.25,1240.1,1242.0,2411
1686815400,1242.0,1242.65,1241.4,1242.0,8628
1686815700,1242.0,1242.3,1241.3,1241.5,7816
1686816000,1241.5,1242.9,1241.3,1242.55,6651
1686816300,1242.55,1242.55,1241.25,1241.75,4058
1686816600,1241.75,1242.1,1241.35,1241.75,5143
1686816900,1241.75,1242.75,1240.8,1241.2,13845
1686817200,1240.9,1241.2,1240.45,1240.75,4285
1686817500,1240.75,1241.6,1239.35,1239.35,4656
1686817800,1239.35,1239.95,1239.0,1239.95,2892
1686818100,1239.95,1240.8,1238.0,1240.1,15400
1686818400,1240.1,1241.95,1240.0,1240.55,5908
1686818700,1240.55,1240.7,1240.25,1240.7,2703
1686819000,1240.7,1242.15,1240.35,1241.0,9112
1686819300,1241.0,1242.75,1240.9,1241.95,11125
1686819600,1241.65,1242.75,1240.85,1242.0,13640
1686819900,1242.0,1242.45,1240.45,1241.8,11672
1686820200,1241.8,1242.9,1241.75,1242.15,9842
1686820500,1242.15,1242.8,1240.2,1241.2,14552
1686820800,1241.2,1241.2,1239.7,1241.05,19814
1686821100,1241.05,1241.05,1239.55,1240.05,9531
1686821400,1240.05,1242.9,1240.05,1242.9,33160
1686821700,1242.85,1242.85,1241.3,1242.05,29372
1686822000,1242.2,1242.2,1240.15,1241.5,15934
1686822300,1241.45,1242.0,1240.3,1242.0,27140
1686822600,1242.0,1242.0,1238.2,1240.45,34947
1686822900,1240.45,1241.8,1240.0,1240.0,14539
1686887100,1241.0,1244.7,1236.05,1242.5,14080
1686887400,1243.1,1246.6,1241.6,1243.75,7806
1686887700,1243.75,1246.75,1241.3,1246.4,9555
1686888000,1246.4,1249.8,1246.05,1249.25,8745
1686888300,1249.25,1249.95,1248.4,1249.5,2605
1686888600,1249.45,1249.75,1248.25,1248.9,4152
1686888900,1248.9,1249.6,1246.7,1246.7,5075
1686889200,1246.5,1249.15,1243.55,1249.0,24044
1686889500,1249.0,1251.35,1248.0,1250.0,32076
1686889800,1250.05,1252.75,1249.0,1252.7,36250
1686890100,1252.7,1253.9,1251.35,1252.65,27576
1686890400,1252.65,1254.0,1252.0,1253.9,6024
1686890700,1253.95,1256.0,1253.45,1256.0,9308
1686891000,1256.0,1257.9,1254.15,1255.5,32157
1686891300,1255.5,1255.75,1254.0,1254.75,4833
1686891600,1254.7,1255.0,1252.5,1253.75,6640
1686891900,1253.75,1253.9,1251.5,1251.8,3937
1686892200,1251.95,1252.95,1251.1,1251.8,6545
1686892500,1251.85,1252.5,1250.3,1252.0,4593
1686892800,1252.0,1254.0,1251.35,1254.0,9199
1686893100,1254.0,1256.4,1254.0,1256.0,18653
1686893400,1256.05,1256.4,1254.75,1255.6,6769
1686893700,1255.6,1255.65,1254.8,1255.6,2522
1686894000,1255.6,1256.0,1254.75,1255.95,3707
1686894300,1256.0,1256.0,1254.5,1254.5,3151
1686894600,1254.45,1255.5,1252.1,1253.5,4396
1686894900,1253.8,1256.45,1253.5,1255.7,10386
1686895200,1255.7,1259.0,1255.45,1258.2,18295
1686895500,1258.2,1259.3,1257.5,1257.85,9363
1686895800,1257.85,1259.3,1256.65,1257.6,15054
1686896100,1257.6,1261.0,1257.6,1260.85,21167
1686896400,1260.3,1267.05,1259.95,1266.25,43688
1686896700,1266.15,1270.0,1262.55,1270.0,66192
1686897000,1269.2,1275.0,1268.75,1272.95,85474
1686897300,1272.45,1277.55,1272.35,1275.9,107549
1686897600,1276.0,1278.1,1274.7,1276.4,47460
1686897900,1276.8,1278.95,1275.25,1277.8,35210
1686898200,1277.85,1279.5,1275.6,1278.8,39313
1686898500,1278.8,1279.6,1278.15,1279.5,25492
1686898800,1279.5,1282.4,1277.6,1280.5,44805
1686899100,1280.5,1284.45,1280.5,1282.6,35705
1686899400,1282.6,1288.9,1282.15,1288.9,26694
1686899700,1288.6,1289.4,1285.2,1286.3,38438
1686900000,1286.9,1291.4,1285.5,1289.85,46747
1686900300,1289.75,1290.65,1287.8,1290.0,29478
1686900600,1290.0,1291.95,1289.3,1291.3,26930
1686900900,1291.3,1291.7,1285.1,1285.95,63481
1686901200,1286.4,1289.8,1285.9,1289.55,20640
1686901500,1289.55,1290.3,1286.55,1287.7,21637
1686901800,1287.2,1289.5,1285.2,1289.0,28097
1686902100,1289.0,1289.0,1286.0,1286.0,20379
1686902400,1286.6,1287.0,1285.45,1286.0,21141
1686902700,1286.35,1286.95,1285.5,1285.9,14716
1686903000,1285.6,1287.95,1285.0,1287.0,30808
1686903300,1286.65,1287.9,1285.0,1285.3,21139
1686903600,1285.3,1285.65,1281.45,1283.0,27477
1686903900,1283.0,1283.15,1280.65,1281.95,14537
1686904200,1281.95,1283.55,1281.5,1281.5,15857
1686904500,1281.5,1282.65,1279.0,1279.5,21937
1686904800,1279.5,1281.9,1278.35,1281.7,16042
1686905100,1281.7,1283.55,1280.0,1280.05,18073
1686905400,1280.5,1284.9,1279.05,1284.5,36031
1686905700,1284.5,1285.65,1282.45,1284.65,38266
1686906000,1284.65,1286.1,1283.5,1285.25,31624
1686906300,1285.95,1287.55,1284.75,1287.5,24956
1686906600,1287.5,1288.5,1285.0,1285.8,28122
1686906900,1285.85,1286.8,1283.0,1285.85,19412
1686907200,1285.85,1288.5,1284.2,1286.6,66228
1686907500,1285.9,1287.65,1284.95,1285.5,42996
1686907800,1285.8,1286.05,1282.8,1282.95,67231
1686908100,1282.8,1285.0,1280.3,1281.1,58782
1686908400,1281.1,1282.3,1279.55,1280.9,55213
1686908700,1280.9,1280.9,1277.25,1279.7,63289
1686909000,1279.7,1280.9,1279.45,1280.25,48959
1686909300,1280.25,1282.0,1276.7,1281.25,43528
1687146300,1281.35,1286.9,1278.1,1282.4,41372
1687146600,1282.4,1284.35,1280.2,1283.15,29422
1687146900,1283.15,1288.15,1281.0,1287.9,34034
1687147200,1287.8,1287.8,1282.45,1284.55,23078
1687147500,1284.6,1284.7,1281.05,1282.4,18871
1687147800,1282.55,1282.9,1281.0,1281.0,7585
1687148100,1281.05,1282.6,1281.05,1282.15,3817
1687148400,1282.25,1282.5,1281.15,1282.35,5414
1687148700,1282.35,1282.55,1281.1,1281.1,3074
1687149000,1281.75,1281.8,1280.0,1280.05,22302
1687149300,1280.5,1282.55,1280.0,1282.0,4439
1687149600,1282.0,1282.3,1280.0,1282.0,16884
1687149900,1281.9,1282.0,1280.3,1280.7,2838
1687150200,1280.7,1281.45,1280.0,1281.0,13927
1687150500,1281.0,1281.9,1280.5,1281.4,9350
1687150800,1281.4,1281.9,1281.0,1281.55,9875
1687151100,1281.55,1281.7,1281.0,1281.6,7123
1687151400,1281.6,1281.9,1280.5,1280.75,10932
1687151700,1280.75,1281.35,1280.25,1281.0,17667
1687152000,1281.0,1281.6,1280.5,1281.45,11194
1687152300,1281.45,1282.0,1281.0,1281.95,4789
1687152600,1281.85,1282.0,1280.5,1281.0,15565
1687152900,1281.0,1281.25,1280.25,1281.05,19009
1687153200,1281.05,1281.15,1280.5,1281.1,2134
1687153500,1281.1,1281.8,1280.25,1280.6,13572
1687153800,1280.6,1281.2,1280.5,1281.05,1400
1687154100,1281.05,1282.0,1281.0,1281.6,3043
1687154400,1281.6,1281.9,1281.0,1281.5,7825
1687154700,1281.5,1281.8,1281.0,1281.0,1458
1687155000,1281.0,1281.9,1280.85,1281.4,9532
1687155300,1281.4,1281.7,1280.75,1280.85,1698
1687155600,1280.85,1281.35,1280.7,1280.75,1942
1687155900,1280.75,1281.75,1280.75,1281.25,1486
1687156200,1281.5,1281.55,1280.75,1281.55,1880
1687156500,1281.55,1281.9,1280.75,1281.9,4375
1687156800,1281.65,1284.75,1281.15,1284.35,6940
1687157100,1284.65,1285.2,1284.15,1284.5,4587
1687157400,1284.5,1285.2,1284.15,1284.95,2748
1687157700,1284.95,1285.6,1283.85,1284.85,6907
1687158000,1284.85,1284.85,1283.9,1284.7,6087
1687158300,1284.8,1284.8,1283.25,1284.0,6561
1687158600,1284.0,1285.0,1283.3,1284.5,14196
1687158900,1284.7,1284.7,1283.2,1284.45,12842
1687159200,1284.45,1285.2,1284.0,1284.5,6520
1687159500,1284.5,1285.35,1284.0,1284.9,12806
1687159800,1284.9,1287.85,1284.35,1286.45,22141
1687160100,1286.45,1288.0,1285.6,1285.6,16951
1687160400,1285.5,1285.5,1284.0,1284.75,4956
1687160700,1284.75,1285.5,1284.0,1284.3,4699
1687161000,1284.3,1284.85,1284.0,1284.5,1627
1687161300,1284.45,1285.4,1284.0,1284.85,6577
1687161600,1285.0,1285.05,1284.0,1284.25,13308
1687161900,1284.25,1284.9,1284.0,1284.9,8884
1687162200,1284.9,1284.9,1283.0,1284.3,24713
1687162500,1284.3,1284.6,1283.5,1284.0,1272
1687162800,1284.0,1284.5,1282.8,1284.0,8686
1687163100,1284.0,1285.0,1283.4,1284.0,6457
1687163400,1284.0,1284.0,1282.05,1282.75,3049
1687163700,1282.75,1284.25,1282.5,1283.5,3522
1687164000,1283.5,1283.5,1281.8,1283.3,4914
1687164300,1283.3,1284.2,1282.1,1282.7,2118
1687164600,1282.75,1283.95,1282.05,1282.85,4585
1687164900,1282.85,1283.35,1281.75,1283.05,5395
1687165200,1283.05,1283.15,1282.0,1282.95,1581
1687165500,1282.95,1284.3,1282.4,1283.0,4262
1687165800,1283.0,1284.75,1282.85,1284.5,10595
1687166100,1284.5,1285.5,1284.0,1284.5,10725
1687166400,1284.5,1285.0,1284.0,1284.0,17277
1687166700,1284.0,1285.15,1282.4,1284.0,11595
1687167000,1284.05,1285.0,1280.0,1280.35,19856
1687167300,1280.35,1283.65,1280.0,1282.55,5957
1687167600,1282.6,1283.75,1282.05,1283.0,8833
1687167900,1283.0,1283.4,1281.2,1281.5,10782
1687168200,1282.2,1282.2,1277.15,1277.15,9357
1687168500,1277.15,1279.95,1275.0,1277.5,20715
1687232700,1281.85,1294.75,1280.5,1294.0,52875
1687233000,1294.0,1294.95,1290.5,1293.9,76287
1687233300,1293.9,1294.0,1291.0,1291.7,35494
1687233600,1291.7,1296.8,1290.4,1295.0,59764
1687233900,1295.0,1300.0,1294.5,1300.0,66534
1687234200,1300.0,1302.5,1296.95,1297.0,66611
1687234500,1297.0,1304.95,1296.25,1303.15,52137
1687234800,1303.3,1304.5,1299.05,1301.35,37851
1687235100,1301.0,1301.75,1300.0,1301.0,21089
1687235400,1301.0,1303.2,1300.7,1301.3,22181
1687235700,1301.3,1303.5,1300.05,1303.5,29515
1687236000,1303.5,1306.8,1302.95,1303.0,36976
1687236300,1303.7,1305.0,1301.45,1304.9,18344
1687236600,1304.55,1304.95,1298.35,1300.0,25395
1687236900,1300.0,1303.95,1299.85,1301.85,13088
1687237200,1301.2,1303.45,1300.2,1303.0,15799
1687237500,1303.0,1303.5,1302.15,1302.6,9442
1687237800,1302.6,1305.0,1301.0,1304.3,12264
1687238100,1304.4,1304.6,1300.0,1301.3,15912
1687238400,1301.45,1302.05,1300.4,1301.0,8276
1687238700,1300.95,1302.0,1299.8,1300.0,11896
1687239000,1300.0,1300.95,1299.25,1299.8,9652
1687239300,1299.8,1300.0,1298.65,1299.35,8424
1687239600,1299.35,1300.1,1298.9,1299.7,7486
1687239900,1299.7,1300.0,1298.35,1299.05,12991
1687240200,1299.0,1299.1,1296.5,1296.9,21118
1687240500,1297.1,1299.0,1297.0,1299.0,10062
1687240800,1299.0,1299.9,1298.25,1299.4,9602
1687241100,1299.45,1299.5,1295.75,1296.3,21235
1687241400,1296.2,1297.3,1295.15,1295.15,17135
1687241700,1295.95,1295.95,1293.0,1293.85,13022
1687242000,1293.85,1293.9,1289.5,1290.4,20447
1687242300,1290.05,1291.05,1290.0,1290.8,10587
1687242600,1290.85,1290.95,1289.3,1290.95,7188
1687242900,1290.95,1293.15,1290.75,1292.75,11828
1687243200,1292.35,1293.85,1292.2,1293.05,12059
1687243500,1292.7,1293.15,1291.45,1292.75,7670
1687243800,1292.85,1293.7,1291.45,1292.1,7543
1687244100,1292.1,1293.2,1290.15,1291.65,7484
1687244400,1291.65,1292.5,1291.0,1292.3,5290
1687244700,1292.3,1294.75,1291.9,1294.05,11343
1687245000,1294.3,1294.4,1293.0,1293.55,7716
1687245300,1293.55,1294.65,1292.2,1293.0,8171
1687245600,1293.0,1294.4,1291.95,1294.2,4864
1687245900,1294.9,1294.9,1293.3,1293.45,6714
1687246200,1293.45,1294.5,1293.45,1294.5,3572
1687246500,1294.5,1295.6,1293.95,1294.65,7542
1687246800,1294.65,1295.6,1293.55,1294.4,11354
1687247100,1294.55,1294.55,1291.75,1293.75,6319
1687247400,1293.3,1294.0,1292.1,1293.1,3844
1687247700,1293.1,1294.5,1292.8,1294.5,4440
1687248000,1294.5,1295.95,1293.95,1294.4,7633
1687248300,1294.4,1295.2,1293.5,1295.1,4112
1687248600,1295.2,1295.9,1293.0,1294.0,14459
1687248900,1294.0,1298.0,1293.95,1297.75,12001
1687249200,1297.0,1297.7,1293.95,1297.25,15433
1687249500,1297.25,1297.85,1294.55,1295.3,20516
1687249800,1294.8,1297.85,1294.1,1297.2,7645
1687250100,1297.0,1297.95,1296.0,1296.85,15851
1687250400,1296.9,1299.15,1296.9,1297.65,16038
1687250700,1297.65,1298.0,1295.05,1297.55,7795
1687251000,1297.55,1298.0,1295.5,1296.5,9407
1687251300,1296.5,1299.75,1296.05,1299.5,20189
1687251600,1299.55,1300.4,1299.1,1299.65,18897
1687251900,1299.65,1300.0,1298.75,1299.9,29314
1687252200,1299.7,1300.0,1297.95,1298.5,205773
1687252500,1298.5,1299.45,1296.2,1296.9,17286
1687252800,1296.25,1298.8,1296.25,1298.05,5813
1687253100,1298.5,1299.0,1296.2,1298.1,23666
1687253400,1297.95,1298.5,1295.25,1296.7,29670
1687253700,1296.45,1297.9,1295.3,1296.15,29137
1687254000,1296.1,1297.0,1294.1,1294.7,35898
1687254300,1294.7,1296.4,1293.85,1294.85,49573
1687254600,1294.85,1295.9,1293.4,1295.35,52906
1687254900,1295.25,1296.0,1289.05,1291.45,28955
1687319100,1295.35,1296.7,1290.0,1293.0,17795
1687319400,1293.0,1299.85,1292.45,1299.5,12455
1687319700,1299.7,1304.2,1299.6,1304.0,18976
1687320000,1304.0,1305.0,1300.25,1300.7,23665
1687320300,1300.9,1302.05,1298.3,1301.0,9699
1687320600,1301.0,1304.1,1300.65,1302.75,9474
1687320900,1303.5,1303.9,1301.15,1301.2,9217
1687321200,1301.2,1306.0,1300.35,1305.4,25882
1687321500,1305.4,1306.3,1303.7,1306.0,25185
1687321800,1306.0,1306.0,1301.9,1303.0,10621
1687322100,1303.0,1304.85,1303.0,1303.6,9530
1687322400,1303.6,1305.45,1303.0,1304.5,3867
1687322700,1304.5,1304.5,1301.45,1302.5,9885
1687323000,1302.5,1302.5,1300.3,1301.45,5492
1687323300,1301.45,1301.95,1299.2,1300.75,7793
1687323600,1300.75,1301.15,1297.35,1298.8,8233
1687323900,1298.8,1299.5,1296.0,1296.0,3068
1687324200,1296.45,1298.0,1296.0,1297.45,2668
1687324500,1296.75,1298.5,1295.8,1297.55,5340
1687324800,1296.95,1297.35,1295.75,1297.1,2022
1687325100,1297.0,1297.5,1295.0,1295.65,5746
1687325400,1295.55,1296.35,1293.5,1294.6,4856
1687325700,1294.6,1294.95,1293.55,1294.65,3208
1687326000,1294.4,1294.8,1292.95,1293.8,1873
1687326300,1293.85,1294.25,1291.45,1293.25,5133
1687326600,1293.25,1295.15,1291.4,1294.15,9950
1687326900,1294.15,1295.55,1293.1,1293.35,3548
1687327200,1293.35,1294.75,1291.9,1292.5,4273
1687327500,1292.05,1292.5,1291.5,1292.0,1889
1687327800,1292.0,1292.0,1290.0,1290.7,6297
1687328100,1290.6,1290.85,1287.05,1288.6,8527
1687328400,1288.0,1289.0,1286.25,1287.55,3609
1687328700,1287.55,1290.95,1287.0,1290.85,8636
1687329000,1290.85,1293.0,1290.85,1292.65,7650
1687329300,1292.65,1294.8,1292.0,1294.6,5319
1687329600,1294.6,1295.0,1293.05,1293.7,4862
1687329900,1293.7,1293.7,1291.0,1291.4,3229
1687330200,1291.4,1291.45,1290.15,1291.3,2670
1687330500,1291.3,1293.25,1290.6,1292.8,2800
1687330800,1292.8,1293.1,1290.65,1291.85,3321
1687331100,1291.8,1291.85,1290.25,1290.55,2287
1687331400,1290.55,1291.55,1290.0,1291.25,13895
1687331700,1291.2,1291.85,1290.05,1290.85,1755
1687332000,1291.3,1291.95,1290.5,1291.15,4041
1687332300,1291.05,1291.9,1290.15,1291.25,2972
1687332600,1291.7,1292.95,1291.5,1292.35,1968
1687332900,1292.35,1295.95,1290.85,1295.6,5070
1687333200,1295.6,1296.7,1294.7,1295.75,3901
1687333500,1295.75,1295.9,1293.8,1295.0,2088
1687333800,1295.0,1295.3,1293.05,1294.7,4866
1687334100,1294.25,1296.6,1294.25,1296.0,3350
1687334400,1295.9,1300.7,1295.0,1297.95,57803
1687334700,1297.95,1301.5,1296.95,1301.45,20330
1687335000,1301.45,1302.8,1300.2,1300.85,7274
1687335300,1300.85,1302.75,1300.0,1301.85,26095
1687335600,1301.85,1303.65,1300.0,1303.65,31965
1687335900,1303.7,1304.25,1300.65,1301.25,31370
1687336200,1301.25,1301.55,1298.75,1299.4,12806
1687336500,1299.4,1302.35,1297.85,1301.8,10617
1687336800,1301.8,1302.35,1298.25,1300.0,8293
1687337100,1300.0,1302.0,1299.2,1301.9,6854
1687337400,1301.9,1301.95,1299.2,1300.1,4550
1687337700,1300.1,1300.1,1298.0,1298.65,8362
1687338000,1298.8,1298.85,1295.6,1296.65,6991
1687338300,1296.65,1297.35,1295.5,1296.5,7232
1687338600,1296.5,1296.7,1294.6,1295.0,9660
1687338900,1295.0,1295.0,1291.65,1292.65,10074
1687339200,1292.65,1293.0,1290.35,1290.7,3382
1687339500,1290.75,1293.55,1289.35,1292.6,10482
1687339800,1293.0,1294.9,1292.65,1294.7,77171
1687340100,1294.85,1296.55,1294.15,1296.4,30432
1687340400,1296.1,1298.35,1295.5,1296.5,24933
1687340700,1296.4,1298.0,1294.1,1295.0,29480
1687341000,1295.0,1297.45,1294.75,1295.7,29199
1687341300,1295.7,1298.0,1293.0,1295.95,24046
1687405500,1295.9,1306.0,1290.15,1300.45,35632
1687405800,1299.7,1304.1,1299.1,1300.4,14782
1687406100,1301.0,1302.0,1299.35,1300.0,10183
1687406400,1300.0,1300.8,1299.0,1300.0,9029
1687406700,1300.0,1300.45,1298.7,1300.0,5708
1687407000,1300.0,1300.4,1299.0,1299.9,15878
1687407300,1299.9,1300.45,1299.2,1299.6,7490
1687407600,1299.85,1300.0,1299.55,1299.65,3315
1687407900,1299.65,1300.5,1299.55,1300.0,6711
1687408200,1300.0,1300.9,1299.35,1300.0,17622
1687408500,1300.0,1300.7,1299.0,1299.2,9027
1687408800,1299.2,1299.2,1298.25,1298.95,840
1687409100,1298.95,1299.0,1294.4,1295.05,9463
1687409400,1295.05,1298.35,1294.7,1296.5,2705
1687409700,1296.5,1298.9,1296.2,1298.2,4374
1687410000,1298.2,1298.5,1297.25,1297.75,3115
1687410300,1297.75,1299.25,1297.75,1298.25,3707
1687410600,1298.25,1299.25,1298.25,1299.0,3199
1687410900,1298.7,1299.7,1298.3,1298.8,4842
1687411200,1298.8,1298.85,1297.7,1298.35,3843
1687411500,1298.35,1298.85,1297.55,1298.85,3280
1687411800,1298.85,1299.95,1298.25,1299.35,8422
1687412100,1299.35,1300.3,1298.55,1298.55,5286
1687412400,1299.4,1299.55,1298.1,1298.6,3745
1687412700,1299.15,1299.4,1298.1,1298.1,3253
1687413000,1298.3,1299.15,1297.5,1298.0,885
1687413300,1298.0,1298.15,1297.45,1298.0,4337
1687413600,1298.0,1298.15,1297.5,1297.5,364
1687413900,1297.5,1298.0,1297.1,1297.65,2317
1687414200,1297.65,1298.0,1297.1,1297.25,3467
1687414500,1297.25,1297.9,1296.3,1297.35,2281
1687414800,1297.35,1297.4,1296.55,1297.15,2358
1687415100,1297.15,1297.15,1296.55,1296.95,1418
1687415400,1296.95,1296.95,1295.1,1295.6,4109
1687415700,1295.6,1296.25,1295.55,1295.6,1498
1687416000,1295.6,1297.4,1295.55,1297.25,3497
1687416300,1297.25,1298.0,1296.95,1296.95,3402
1687416600,1296.95,1297.25,1296.05,1297.05,4448
1687416900,1297.0,1297.05,1296.1,1296.55,6465
1687417200,1296.3,1296.95,1295.25,1295.75,8288
1687417500,1295.75,1295.95,1294.35,1295.0,2757
1687417800,1294.35,1294.95,1292.0,1292.85,5077
1687418100,1292.85,1293.0,1292.15,1292.8,833
1687418400,1292.8,1292.8,1290.75,1291.6,4865
1687418700,1291.5,1291.5,1290.0,1290.8,4311
1687419000,1290.95,1291.2,1287.45,1289.7,15057
1687419300,1289.6,1289.9,1286.65,1289.85,4328
1687419600,1289.85,1291.0,1289.4,1290.95,7680
1687419900,1290.4,1290.95,1288.7,1290.05,3919
1687420200,1290.1,1291.95,1290.1,1291.0,2280
1687420500,1291.0,1291.75,1289.2,1289.85,5234
1687420800,1289.45,1290.0,1289.1,1289.4,1352
1687421100,1289.4,1292.0,1289.25,1291.55,2945
1687421400,1291.55,1294.2,1291.0,1292.65,7773
1687421700,1292.65,1293.0,1290.75,1292.0,8044
1687422000,1291.8,1292.15,1291.4,1291.95,5766
1687422300,1291.75,1292.6,1291.15,1291.9,3512
1687422600,1292.0,1292.15,1291.3,1292.0,5054
1687422900,1292.0,1292.0,1290.5,1291.0,6378
1687423200,1291.0,1291.0,1287.95,1288.25,15438
1687423500,1288.6,1289.0,1288.0,1289.0,2712
1687423800,1289.0,1289.0,1284.6,1285.6,10122
1687424100,1285.3,1286.1,1283.4,1284.7,7098
1687424400,1284.7,1287.85,1284.6,1286.45,4693
1687424700,1286.2,1288.0,1285.5,1285.95,5071
1687425000,1285.95,1286.55,1284.25,1284.6,9634
1687425300,1284.6,1285.0,1283.55,1285.0,7519
1687425600,1285.0,1287.25,1284.9,1286.45,5197
1687425900,1286.55,1286.95,1284.8,1285.15,6677
1687426200,1284.6,1285.2,1277.55,1277.55,16876
1687426500,1277.45,1277.55,1274.35,1276.0,17850
1687426800,1276.05,1277.95,1275.1,1277.0,17682
1687427100,1277.0,1278.55,1276.8,1277.3,19179
1687427400,1277.6,1277.65,1274.9,1275.15,26157
1687427700,1275.1,1278.2,1272.95,1276.65,42380
1687491900,1271.2,1273.0,1265.4,1267.35,25759
1687492200,1267.35,1271.0,1266.7,1270.0,10962
1687492500,1270.0,1270.35,1268.15,1270.0,14695
1687492800,1270.0,1270.0,1266.7,1268.0,5024
1687493100,1267.75,1269.5,1263.8,1265.8,19283
1687493400,1265.35,1268.65,1265.35,1267.55,5716
1687493700,1267.55,1269.35,1266.85,1268.0,15505
1687494000,1268.0,1268.8,1267.55,1268.0,14925
1687494300,1268.05,1268.5,1266.9,1268.0,6205
1687494600,1268.3,1274.9,1268.0,1274.0,23685
1687494900,1274.0,1274.25,1269.25,1269.3,14786
1687495200,1269.85,1270.5,1269.5,1270.0,5246
1687495500,1270.0,1270.1,1268.05,1269.8,3144
1687495800,1269.8,1270.4,1269.05,1269.05,1863
1687496100,1269.05,1270.0,1268.2,1268.2,3601
1687496400,1268.0,1269.25,1267.95,1268.2,3331
1687496700,1268.1,1269.0,1267.7,1268.45,3163
1687497000,1268.45,1269.0,1268.2,1268.25,1762
1687497300,1269.0,1269.0,1268.2,1268.45,1771
1687497600,1268.45,1269.0,1267.4,1267.95,1357
1687497900,1268.0,1268.3,1267.4,1268.0,1851
1687498200,1268.0,1268.3,1266.25,1267.25,5260
1687498500,1267.85,1268.35,1267.25,1268.0,59494
1687498800,1268.0,1268.75,1267.6,1268.0,39352
1687499100,1268.0,1268.05,1267.35,1268.0,4516
1687499400,1268.0,1269.2,1267.4,1268.0,152128
1687499700,1268.0,1269.15,1267.35,1268.0,4813
1687500000,1268.0,1268.05,1267.6,1267.85,129791
1687500300,1268.0,1270.0,1267.9,1269.2,15588
1687500600,1269.2,1270.45,1268.5,1269.0,3199
1687500900,1269.0,1269.0,1267.05,1267.9,2523
1687501200,1267.9,1268.65,1267.0,1268.65,2282
1687501500,1268.65,1268.95,1267.1,1267.2,1801
1687501800,1267.2,1268.0,1266.1,1268.0,2884
1687502100,1268.0,1268.2,1267.1,1267.95,1687
1687502400,1268.0,1268.0,1266.7,1266.95,1989
1687502700,1266.95,1268.0,1266.7,1266.7,1815
1687503000,1266.7,1268.4,1266.35,1268.0,23349
1687503300,1268.0,1270.0,1268.0,1269.45,74430
1687503600,1270.15,1272.35,1270.15,1271.35,8989
1687503900,1272.0,1272.4,1271.4,1272.0,5124
1687504200,1272.0,1272.35,1271.25,1272.0,4372
1687504500,1272.0,1272.15,1271.0,1271.5,3231
1687504800,1271.5,1272.55,1268.8,1271.9,23921
1687505100,1271.3,1272.0,1269.1,1269.75,7995
1687505400,1269.8,1270.0,1268.55,1269.7,8902
1687505700,1269.75,1269.8,1268.0,1268.55,5244
1687506000,1268.65,1269.0,1268.0,1268.3,10853
1687506300,1268.35,1269.25,1266.15,1267.05,12640
1687506600,1267.05,1269.6,1266.0,1267.4,12410
1687506900,1267.4,1269.0,1266.75,1268.75,7985
1687507200,1268.25,1268.95,1265.15,1268.55,11035
1687507500,1268.55,1269.0,1266.5,1266.95,7328
1687507800,1266.95,1268.65,1266.5,1268.0,51427
1687508100,1268.0,1268.15,1266.45,1268.0,6185
1687508400,1268.0,1268.0,1266.65,1267.55,11557
1687508700,1267.55,1268.45,1262.65,1263.75,24312
1687509000,1264.1,1264.95,1263.7,1264.75,5297
1687509300,1264.75,1265.2,1263.85,1264.45,4402
1687509600,1264.45,1265.5,1263.75,1264.7,5101
1687509900,1264.7,1265.0,1263.9,1265.0,3485
1687510200,1264.25,1265.0,1261.0,1261.05,7714
1687510500,1261.05,1264.95,1261.0,1264.95,2301
1687510800,1264.9,1265.0,1263.25,1263.85,2747
1687511100,1263.85,1264.3,1263.3,1264.25,3092
1687511400,1264.25,1264.4,1263.35,1264.3,1819
1687511700,1264.3,1264.3,1263.0,1263.45,14494
1687512000,1263.45,1265.0,1262.7,1265.0,3513
1687512300,1265.0,1265.0,1264.55,1265.0,2515
1687512600,1264.1,1264.1,1262.75,1263.25,14041
1687512900,1263.2,1264.55,1263.15,1263.25,8146
1687513200,1263.25,1264.35,1262.1,1262.65,11144
1687513500,1262.75,1263.5,1261.9,1262.35,13113
1687513800,1263.0,1263.15,1260.5,1261.25,20892
1687514100,1261.25,1265.0,1260.75,1264.95,18220
1687491900,1271.2,1273.0,1265.4,1267.35,25759
1687492200,1267.35,1271.0,1266.7,1270.0,10962
1687492500,1270.0,1270.35,1268.15,1270.0,14695
1687492800,1270.0,1270.0,1266.7,1268.0,5024
1687493100,1267.75,1269.5,1263.8,1265.8,19283
1687493400,1265.35,1268.65,1265.35,1267.55,5716
1687493700,1267.55,1269.35,1266.85,1268.0,15505
1687494000,1268.0,1268.8,1267.55,1268.0,14925
1687494300,1268.05,1268.5,1266.9,1268.0,6205
1687494600,1268.3,1274.9,1268.0,1274.0,23685
1687494900,1274.0,1274.25,1269.25,1269.3,14786
1687495200,1269.85,1270.5,1269.5,1270.0,5246
1687495500,1270.0,1270.1,1268.05,1269.8,3144
1687495800,1269.8,1270.4,1269.05,1269.05,1863
1687496100,1269.05,1270.0,1268.2,1268.2,3601
1687496400,1268.0,1269.25,1267.95,1268.2,3331
1687496700,1268.1,1269.0,1267.7,1268.45,3163
1687497000,1268.45,1269.0,1268.2,1268.25,1762
1687497300,1269.0,1269.0,1268.2,1268.45,1771
1687497600,1268.45,1269.0,1267.4,1267.95,1357
1687497900,1268.0,1268.3,1267.4,1268.0,1851
1687498200,1268.0,1268.3,1266.25,1267.25,5260
1687498500,1267.85,1268.35,1267.25,1268.0,59494
1687498800,1268.0,1268.75,1267.6,1268.0,39352
1687499100,1268.0,1268.05,1267.35,1268.0,4516
1687499400,1268.0,1269.2,1267.4,1268.0,152128
1687499700,1268.0,1269.15,1267.35,1268.0,4813
1687500000,1268.0,1268.05,1267.6,1267.85,129791
1687500300,1268.0,1270.0,1267.9,1269.2,15588
1687500600,1269.2,1270.45,1268.5,1269.0,3199
1687500900,1269.0,1269.0,1267.05,1267.9,2523
1687501200,1267.9,1268.65,1267.0,1268.65,2282
1687501500,1268.65,1268.95,1267.1,1267.2,1801
1687501800,1267.2,1268.0,1266.1,1268.0,2884
1687502100,1268.0,1268.2,1267.1,1267.95,1687
1687502400,1268.0,1268.0,1266.7,1266.95,1989
1687502700,1266.95,1268.0,1266.7,1266.7,1815
1687503000,1266.7,1268.4,1266.35,1268.0,23349
1687503300,1268.0,1270.0,1268.0,1269.45,74430
1687503600,1270.15,1272.35,1270.15,1271.35,8989
1687503900,1272.0,1272.4,1271.4,1272.0,5124
1687504200,1272.0,1272.35,1271.25,1272.0,4372
1687504500,1272.0,1272.15,1271.0,1271.5,3231
1687504800,1271.5,1272.55,1268.8,1271.9,23921
1687505100,1271.3,1272.0,1269.1,1269.75,7995
1687505400,1269.8,1270.0,1268.55,1269.7,8902
1687505700,1269.75,1269.8,1268.0,1268.55,5244
1687506000,1268.65,1269.0,1268.0,1268.3,10853
1687506300,1268.35,1269.25,1266.15,1267.05,12640
1687506600,1267.05,1269.6,1266.0,1267.4,12410
1687506900,1267.4,1269.0,1266.75,1268.75,7985
1687507200,1268.25,1268.95,1265.15,1268.55,11035
1687507500,1268.55,1269.0,1266.5,1266.95,7328
1687507800,1266.95,1268.65,1266.5,1268.0,51427
1687508100,1268.0,1268.15,1266.45,1268.0,6185
1687508400,1268.0,1268.0,1266.65,1267.55,11557
1687508700,1267.55,1268.45,1262.65,1263.75,24312
1687509000,1264.1,1264.95,1263.7,1264.75,5297
1687509300,1264.75,1265.2,1263.85,1264.45,4402
1687509600,1264.45,1265.5,1263.75,1264.7,5101
1687509900,1264.7,1265.0,1263.9,1265.0,3485
1687510200,1264.25,1265.0,1261.0,1261.05,7714
1687510500,1261.05,1264.95,1261.0,1264.95,2301
1687510800,1264.9,1265.0,1263.25,1263.85,2747
1687511100,1263.85,1264.3,1263.3,1264.25,3092
1687511400,1264.25,1264.4,1263.35,1264.3,1819
1687511700,1264.3,1264.3,1263.0,1263.45,14494
1687512000,1263.45,1265.0,1262.7,1265.0,3513
1687512300,1265.0,1265.0,1264.55,1265.0,2515
1687512600,1264.1,1264.1,1262.75,1263.25,14041
1687512900,1263.2,1264.55,1263.15,1263.25,8146
1687513200,1263.25,1264.35,1262.1,1262.65,11144
1687513500,1262.75,1263.5,1261.9,1262.35,13113
1687513800,1263.0,1263.15,1260.5,1261.25,20892
1687514100,1261.25,1265.0,1260.75,1264.95,18220
1687751100,1266.95,1272.9,1263.2,1268.2,42877
1687751400,1268.2,1269.85,1266.7,1268.5,13616
1687751700,1268.5,1275.4,1266.3,1270.0,29642
1687752000,1270.0,1270.4,1265.9,1267.9,13687
1687752300,1267.9,1268.95,1265.0,1265.2,13135
1687752600,1265.2,1268.9,1265.2,1268.65,2105
1687752900,1268.7,1273.9,1267.5,1272.5,22603
1687753200,1272.7,1273.9,1271.35,1272.0,10404
1687753500,1272.0,1273.0,1271.9,1271.9,7491
1687753800,1271.9,1272.65,1271.25,1271.25,4122
1687754100,1271.15,1274.35,1271.15,1272.0,9169
1687754400,1272.0,1272.4,1269.65,1271.3,6062
1687754700,1271.3,1274.6,1271.3,1274.35,3484
1687755000,1274.35,1276.2,1272.55,1273.0,8952
1687755300,1272.25,1272.5,1270.2,1270.2,7766
1687755600,1270.15,1273.55,1270.15,1272.65,5941
1687755900,1272.65,1273.0,1272.0,1272.5,4548
1687756200,1272.5,1272.95,1269.5,1269.95,2502
1687756500,1269.95,1270.7,1269.25,1269.5,4884
1687756800,1269.5,1270.1,1269.5,1270.1,2314
1687757100,1270.0,1270.45,1268.0,1269.55,5993
1687757400,1269.0,1270.0,1269.0,1270.0,3335
1687757700,1270.0,1270.45,1269.65,1269.95,2700
1687758000,1269.95,1270.0,1269.5,1269.95,1274
1687758300,1269.95,1270.0,1269.55,1270.0,2733
1687758600,1270.0,1270.35,1268.3,1269.05,4829
1687758900,1269.05,1270.15,1268.35,1269.5,3500
1687759200,1269.85,1270.25,1269.45,1269.45,2340
1687759500,1269.85,1270.0,1269.55,1269.65,2400
1687759800,1269.65,1270.0,1269.1,1269.75,1850
1687760100,1269.75,1269.75,1266.65,1269.05,8014
1687760400,1268.75,1269.9,1268.2,1269.35,1620
1687760700,1269.35,1269.95,1268.45,1268.85,1842
1687761000,1268.85,1270.65,1268.85,1269.85,433444
1687761300,1269.85,1270.3,1269.1,1270.0,4392
1687761600,1269.8,1270.0,1268.6,1269.2,4976
1687761900,1269.2,1270.0,1268.2,1270.0,1799
1687762200,1269.75,1270.4,1268.55,1270.0,14717
1687762500,1270.0,1270.0,1268.9,1269.45,5696
1687762800,1269.45,1269.8,1269.45,1269.8,2145
1687763100,1269.8,1269.8,1268.35,1268.85,1528
1687763400,1268.85,1269.15,1266.55,1266.55,5487
1687763700,1267.1,1268.0,1266.4,1267.95,2270
1687764000,1267.95,1268.0,1267.4,1267.95,2512
1687764300,1267.95,1268.0,1267.1,1267.7,2021
1687764600,1267.7,1267.7,1267.35,1267.7,2137
1687764900,1267.7,1267.7,1265.65,1267.7,11342
1687765200,1267.7,1269.85,1267.55,1269.85,3438
1687765500,1269.25,1270.0,1269.05,1269.8,10214
1687765800,1269.8,1269.8,1268.75,1269.6,2989
1687766100,1269.6,1269.8,1268.95,1269.4,3115
1687766400,1269.4,1269.7,1268.15,1269.15,2959
1687766700,1269.15,1269.8,1268.3,1269.65,4280
1687767000,1269.65,1269.8,1268.55,1268.75,2263
1687767300,1268.75,1269.0,1267.55,1268.5,4681
1687767600,1268.3,1269.1,1267.05,1267.5,3667
1687767900,1267.1,1268.5,1265.7,1268.5,5536
1687768200,1268.35,1268.4,1267.35,1267.6,5905
1687768500,1267.6,1268.65,1266.85,1268.05,4475
1687768800,1267.85,1268.55,1267.15,1267.15,5260
1687769100,1267.2,1268.2,1265.7,1267.0,4554
1687769400,1267.0,1267.8,1266.5,1267.0,8183
1687769700,1267.0,1267.45,1266.95,1267.0,11270
1687770000,1267.0,1267.45,1266.95,1267.0,11750
1687770300,1267.0,1267.5,1266.8,1267.0,4356
1687770600,1267.0,1267.6,1266.95,1267.0,5773
1687770900,1267.0,1267.6,1266.95,1267.0,16133
1687771200,1267.0,1267.65,1266.65,1267.0,5954
1687771500,1267.0,1267.5,1266.65,1267.0,8240
1687771800,1266.95,1268.25,1266.5,1267.55,15858
1687772100,1267.7,1268.15,1266.5,1266.7,18984
1687772400,1266.55,1267.0,1266.25,1266.45,15631
1687772700,1266.45,1267.5,1265.45,1265.6,28248
1687773000,1265.55,1266.05,1265.2,1265.8,21621
1687773300,1265.8,1268.15,1265.2,1267.0,22159
1687837500,1268.5,1275.65,1266.35,1270.0,56799
1687837800,1270.75,1271.4,1269.0,1269.35,11156
1687838100,1270.0,1270.0,1268.0,1269.3,3449
1687838400,1269.3,1269.4,1267.5,1268.6,16238
1687838700,1269.0,1270.0,1267.9,1268.95,8038
1687839000,1268.65,1269.15,1264.1,1264.1,14522
1687839300,1264.1,1264.8,1262.85,1263.05,5370
1687839600,1263.65,1264.25,1261.4,1263.25,152714
1687839900,1263.25,1263.35,1258.65,1258.7,23596
1687840200,1258.7,1260.4,1258.15,1260.1,24178
1687840500,1260.1,1261.2,1259.0,1261.15,10945
1687840800,1260.75,1262.2,1260.75,1261.15,9814
1687841100,1261.5,1262.15,1258.6,1260.25,18289
1687841400,1259.75,1260.55,1259.05,1259.65,2938
1687841700,1259.65,1260.0,1258.7,1259.05,7071
1687842000,1259.05,1261.6,1258.4,1261.45,14434
1687842300,1261.45,1262.2,1259.05,1259.65,15509
1687842600,1259.35,1260.0,1258.35,1258.95,8827
1687842900,1258.95,1260.7,1258.15,1260.3,61623
1687843200,1260.3,1260.75,1259.4,1259.55,11567
1687843500,1259.2,1261.1,1258.85,1259.9,10626
1687843800,1259.3,1260.5,1259.3,1260.45,2885
1687844100,1260.45,1260.5,1259.0,1260.0,5494
1687844400,1259.2,1260.25,1259.05,1259.25,6877
1687844700,1259.95,1260.55,1259.35,1259.75,1864
1687845000,1259.75,1260.55,1259.3,1259.85,2062
1687845300,1259.85,1261.4,1259.85,1260.5,6355
1687845600,1260.5,1261.0,1259.65,1260.0,4733
1687845900,1260.0,1261.2,1259.75,1260.0,2438
1687846200,1260.0,1261.3,1260.0,1260.4,3460
1687846500,1260.75,1262.0,1260.45,1260.75,2027
1687846800,1260.75,1263.1,1259.95,1262.5,16494
1687847100,1262.85,1265.0,1262.2,1264.0,14585
1687847400,1263.65,1265.5,1263.5,1265.05,10626
1687847700,1265.5,1265.85,1263.95,1265.0,14197
1687848000,1265.0,1267.15,1264.05,1264.65,15801
1687848300,1264.65,1266.3,1264.4,1265.65,13558
1687848600,1265.65,1266.0,1264.3,1265.0,11186
1687848900,1265.0,1267.15,1264.8,1265.9,266857
1687849200,1265.9,1266.4,1265.0,1265.35,15521
1687849500,1265.35,1266.7,1265.0,1266.55,6792
1687849800,1266.4,1268.45,1266.05,1267.3,15755
1687850100,1267.15,1268.75,1265.0,1265.2,12447
1687850400,1265.0,1268.35,1265.0,1267.8,17592
1687850700,1267.8,1270.5,1267.55,1267.95,28370
1687851000,1268.05,1270.8,1267.5,1268.1,20172
1687851300,1268.15,1271.0,1268.0,1269.45,11699
1687851600,1269.45,1272.0,1269.2,1271.5,15633
1687851900,1270.85,1271.5,1269.35,1270.8,20634
1687852200,1270.75,1275.0,1270.55,1274.35,30937
1687852500,1274.95,1276.0,1273.5,1275.1,16269
1687852800,1275.1,1279.45,1275.05,1278.15,12672
1687853100,1278.95,1282.55,1278.2,1279.4,40586
1687853400,1279.4,1279.95,1276.0,1278.1,26727
1687853700,1278.65,1279.9,1277.05,1279.8,17711
1687854000,1279.15,1280.0,1278.4,1279.5,8182
1687854300,1279.5,1279.9,1276.0,1276.1,10803
1687854600,1276.0,1278.2,1275.5,1275.6,7848
1687854900,1275.6,1279.0,1275.6,1278.1,9977
1687855200,1278.1,1279.0,1274.45,1275.5,9669
1687855500,1275.2,1278.3,1274.6,1276.6,13193
1687855800,1276.6,1277.1,1274.0,1274.55,8859
1687856100,1274.55,1275.5,1273.0,1274.65,14202
1687856400,1274.65,1275.45,1273.3,1273.5,11272
1687856700,1274.15,1274.25,1273.3,1273.4,56380
1687857000,1273.4,1274.0,1272.8,1273.85,11425
1687857300,1273.8,1274.5,1273.4,1273.7,45013
1687857600,1274.0,1277.6,1273.5,1276.95,81314
1687857900,1276.85,1284.7,1276.85,1284.7,35127
1687858200,1284.05,1287.8,1284.05,1286.95,41739
1687858500,1287.0,1289.0,1282.7,1286.15,38240
1687858800,1286.15,1288.85,1285.25,1286.4,21666
1687859100,1286.9,1287.6,1284.3,1284.6,14256
1687859400,1285.3,1287.8,1284.6,1287.45,19215
1687859700,1287.4,1290.0,1286.55,1287.5,15138
1687860000,1287.5,1287.5,1287.5,1287.5,12
1687923900,1290.0,1298.9,1286.45,1293.0,67223
1687924200,1293.45,1293.45,1286.5,1290.0,22712
1687924500,1289.4,1290.85,1287.9,1288.05,9488
1687924800,1288.05,1288.9,1287.05,1287.05,7359
1687925100,1287.1,1288.55,1285.0,1286.35,13375
1687925400,1286.7,1287.3,1285.8,1286.2,13866
1687925700,1286.2,1288.0,1285.8,1286.35,13542
1687926000,1286.35,1288.2,1285.8,1285.9,5928
1687926300,1286.8,1288.35,1285.95,1286.85,4993
1687926600,1286.85,1288.7,1286.0,1287.1,34959
1687926900,1287.0,1287.8,1286.0,1286.7,9002
1687927200,1286.7,1289.4,1286.2,1288.45,9059
1687927500,1288.45,1290.5,1287.9,1287.9,18196
1687927800,1287.9,1289.85,1287.75,1289.3,6721
1687928100,1289.3,1290.75,1289.0,1290.25,7743
1687928400,1289.5,1290.3,1287.4,1288.3,11295
1687928700,1288.3,1290.0,1287.95,1288.75,12301
1687929000,1288.7,1290.1,1288.65,1289.55,11592
1687929300,1289.65,1290.25,1288.9,1289.0,11599
1687929600,1289.0,1292.55,1289.0,1292.55,5048
1687929900,1292.55,1295.85,1292.05,1293.25,18073
1687930200,1293.25,1295.5,1293.2,1294.4,130733
1687930500,1294.4,1296.0,1293.9,1294.1,15842
1687930800,1294.1,1298.85,1293.9,1298.2,30270
1687931100,1298.2,1298.2,1296.9,1297.95,12393
1687931400,1297.95,1303.15,1297.4,1302.25,34720
1687931700,1302.25,1304.25,1301.95,1303.85,15614
1687932000,1304.05,1304.95,1302.5,1303.85,211388
1687932300,1303.85,1304.8,1303.8,1303.95,8056
1687932600,1303.95,1305.0,1303.25,1304.1,9906
1687932900,1304.1,1304.7,1303.9,1304.0,5701
1687933200,1304.0,1306.0,1303.8,1306.0,18025
1687933500,1306.0,1308.6,1305.55,1308.0,18384
1687933800,1308.6,1310.0,1308.0,1309.3,26126
1687934100,1309.5,1312.6,1309.1,1311.9,26652
1687934400,1311.9,1312.0,1309.3,1309.75,26733
1687934700,1309.65,1309.8,1308.0,1308.75,21378
1687935000,1308.75,1310.3,1308.65,1309.1,19322
1687935300,1309.1,1310.45,1309.0,1309.1,12680
1687935600,1309.1,1310.0,1308.65,1309.35,11775
1687935900,1309.3,1309.9,1308.75,1309.0,10539
1687936200,1309.0,1309.95,1308.45,1309.2,13076
1687936500,1309.15,1310.0,1308.9,1309.8,9910
1687936800,1309.8,1311.15,1308.8,1309.25,26259
1687937100,1309.2,1309.8,1308.25,1308.45,7795
1687937400,1308.45,1309.25,1308.4,1309.0,4847
1687937700,1309.0,1309.25,1308.3,1308.55,8070
1687938000,1308.55,1309.05,1307.8,1308.4,10370
1687938300,1308.4,1309.45,1308.0,1308.85,8400
1687938600,1309.0,1309.7,1308.0,1309.0,18905
1687938900,1308.95,1310.8,1308.9,1309.85,17689
1687939200,1310.0,1310.4,1309.2,1309.95,12858
1687939500,1309.95,1310.2,1309.5,1310.0,10222
1687939800,1310.0,1310.0,1309.5,1310.0,15303
1687940100,1310.0,1310.0,1309.1,1310.0,12300
1687940400,1309.8,1310.0,1308.05,1309.3,21661
1687940700,1309.3,1309.6,1306.7,1307.7,14700
1687941000,1307.9,1309.0,1307.45,1308.15,13094
1687941300,1307.9,1308.75,1304.6,1305.3,20529
1687941600,1305.3,1306.15,1302.6,1303.25,33302
1687941900,1302.8,1303.05,1299.05,1299.7,47764
1687942200,1299.7,1302.5,1299.5,1301.05,125384
1687942500,1301.6,1305.5,1300.8,1303.3,33008
1687942800,1304.0,1304.0,1301.55,1302.45,11450
1687943100,1302.45,1304.35,1301.0,1301.7,36566
1687943400,1301.7,1301.75,1299.4,1299.85,25601
1687943700,1299.9,1302.25,1299.8,1301.25,38681
1687944000,1301.25,1303.15,1299.85,1300.15,38847
1687944300,1300.15,1301.75,1299.95,1300.3,41485
1687944600,1300.0,1301.15,1298.85,1299.8,91935
1687944900,1299.9,1301.8,1298.65,1300.45,101021
1687945200,1300.9,1302.7,1299.15,1299.2,134103
1687945500,1299.2,1301.1,1298.05,1298.8,81430
1687945800,1298.65,1300.0,1293.15,1299.1,83783
1687946100,1299.45,1302.0,1295.3,1297.35,92144
1688096700,1301.05,1313.05,1301.0,1313.05,81085
1688097000,1313.5,1315.45,1310.65,1314.9,28348
1688097300,1313.8,1313.95,1311.0,1311.85,18416
1688097600,1311.85,1312.3,1304.6,1306.5,16488
1688097900,1306.15,1310.95,1306.15,1310.2,12777
1688098200,1310.2,1313.0,1310.2,1311.45,7655
1688098500,1311.45,1312.75,1309.55,1310.2,9528
1688098800,1310.1,1310.1,1305.5,1306.7,9535
1688099100,1306.7,1307.2,1305.2,1305.75,7682
1688099400,1305.75,1305.75,1303.55,1305.5,8024
1688099700,1305.5,1309.05,1304.65,1309.0,5039
1688100000,1309.0,1311.95,1308.15,1308.85,9002
1688100300,1308.85,1308.95,1307.1,1308.85,5308
1688100600,1308.85,1309.1,1307.0,1307.0,3167
1688100900,1307.0,1308.0,1305.05,1306.7,10755
1688101200,1306.7,1308.2,1304.9,1307.0,10303
1688101500,1307.0,1307.2,1306.0,1306.8,3160
1688101800,1306.8,1308.0,1305.35,1308.0,6430
1688102100,1308.0,1308.0,1306.4,1307.75,5910
1688102400,1307.65,1310.0,1305.9,1310.0,90959
1688102700,1310.0,1314.9,1309.8,1313.95,10503
1688103000,1313.35,1313.95,1309.25,1309.5,5080
1688103300,1309.5,1309.9,1308.0,1308.9,4616
1688103600,1308.9,1309.8,1308.4,1309.25,1614
1688103900,1309.8,1310.0,1308.25,1308.25,2733
1688104200,1308.25,1308.9,1308.0,1308.0,3684
1688104500,1308.05,1308.5,1308.0,1308.0,2776
1688104800,1308.0,1308.5,1308.0,1308.2,2671
1688105100,1308.15,1308.4,1308.0,1308.4,2107
1688105400,1308.4,1308.9,1308.0,1308.5,10533
1688105700,1308.5,1308.5,1306.05,1306.7,7785
1688106000,1306.7,1307.0,1306.0,1306.55,3408
1688106300,1306.65,1307.05,1306.0,1306.7,2605
1688106600,1306.7,1307.05,1306.65,1307.0,5951
1688106900,1307.0,1307.0,1306.35,1307.0,3526
1688107200,1307.0,1307.25,1306.0,1307.0,11975
1688107500,1307.0,1307.1,1306.95,1307.0,3543
1688107800,1307.0,1307.7,1306.95,1307.7,4585
1688108100,1307.7,1308.5,1307.65,1308.5,4042
1688108400,1308.5,1308.55,1307.25,1308.2,4344
1688108700,1308.2,1308.6,1308.2,1308.5,6526
1688109000,1308.5,1308.5,1307.2,1308.0,5494
1688109300,1308.0,1308.5,1307.55,1307.85,3222
1688109600,1308.4,1308.5,1307.65,1308.5,2167
1688109900,1308.5,1308.5,1308.05,1308.1,3181
1688110200,1308.5,1308.5,1308.05,1308.35,3451
1688110500,1308.35,1308.5,1307.5,1308.5,3794
1688110800,1308.5,1308.5,1307.5,1307.5,4717
1688111100,1307.5,1309.1,1307.5,1308.5,10409
1688111400,1308.5,1308.65,1308.25,1308.5,4658
1688111700,1308.45,1309.0,1308.4,1308.7,5496
1688112000,1308.7,1309.95,1308.0,1309.95,3490
1688112300,1309.9,1310.0,1308.5,1309.15,4073
1688112600,1309.15,1309.9,1308.5,1309.5,3163
1688112900,1309.5,1309.9,1307.8,1308.05,9340
1688113200,1308.05,1310.95,1308.05,1309.9,7422
1688113500,1309.9,1310.9,1307.5,1308.85,15675
1688113800,1308.85,1309.05,1306.95,1307.85,4251
1688114100,1308.0,1308.4,1305.3,1305.4,8032
1688114400,1305.8,1306.75,1304.05,1304.25,10942
1688114700,1304.2,1305.1,1302.75,1303.6,8638
1688115000,1303.4,1305.85,1302.45,1305.45,10619
1688115300,1305.45,1305.45,1303.55,1304.8,6212
1688115600,1304.8,1308.0,1304.75,1308.0,22540
1688115900,1308.0,1309.0,1307.2,1308.0,8643
1688116200,1308.15,1308.85,1306.95,1308.5,15458
1688116500,1308.5,1310.75,1307.9,1308.3,27947
1688116800,1308.3,1308.5,1307.45,1308.1,9483
1688117100,1308.1,1309.0,1307.2,1307.95,11705
1688117400,1308.05,1308.25,1306.9,1307.5,45313
1688117700,1307.55,1307.55,1306.1,1306.8,44328
1688118000,1306.75,1307.45,1306.55,1306.9,46463
1688118300,1306.95,1307.95,1306.2,1306.7,47636
1688118600,1306.7,1307.1,1305.05,1305.2,47052
1688118900,1305.2,1310.0,1304.65,1309.95,49067
1688355900,1307.95,1312.0,1305.0,1307.25,16046
1688356200,1306.85,1307.9,1304.05,1307.0,5992
1688356500,1307.0,1307.85,1305.05,1305.7,1969
1688356800,1305.65,1307.0,1304.25,1306.15,6267
1688357100,1306.15,1308.45,1306.15,1308.45,32692
1688357400,1308.45,1309.6,1307.0,1309.2,6478
1688357700,1309.2,1310.3,1309.0,1309.25,3092
1688358000,1309.75,1309.75,1306.0,1308.8,17552
1688358300,1308.2,1310.0,1308.0,1308.0,3304
1688358600,1308.0,1308.55,1306.0,1306.75,4750
1688358900,1306.75,1307.5,1305.8,1305.8,1613
1688359200,1305.8,1307.5,1305.65,1307.0,1511
1688359500,1307.0,1307.4,1306.15,1306.3,1252
1688359800,1306.9,1308.55,1306.0,1308.2,4293
1688360100,1308.2,1309.0,1307.85,1309.0,2150
1688360400,1309.0,1309.45,1307.65,1308.8,3417
1688360700,1308.45,1309.0,1308.0,1308.05,2478
1688361000,1308.05,1308.95,1307.65,1308.55,11844
1688361300,1308.55,1308.9,1307.5,1307.6,4594
1688361600,1307.6,1307.6,1305.0,1305.0,15508
1688361900,1305.0,1305.05,1300.15,1300.65,7835
1688362200,1300.65,1301.4,1298.55,1299.4,8641
1688362500,1299.4,1301.15,1299.05,1299.75,16939
1688362800,1299.65,1300.0,1297.75,1298.45,14211
1688363100,1298.2,1299.15,1297.35,1299.05,4934
1688363400,1298.95,1299.4,1295.35,1295.35,10998
1688363700,1295.35,1297.2,1293.7,1296.5,8919
1688364000,1296.55,1298.55,1296.35,1297.9,4241
1688364300,1297.95,1300.05,1297.95,1298.35,9769
1688364600,1298.25,1299.1,1297.4,1297.4,5106
1688364900,1297.4,1298.5,1296.3,1296.3,4651
1688365200,1296.1,1297.15,1294.55,1294.95,17955
1688365500,1295.0,1296.25,1295.0,1295.45,4798
1688365800,1295.45,1297.05,1294.1,1294.9,5667
1688366100,1294.7,1295.45,1294.0,1294.0,6724
1688366400,1294.05,1294.45,1292.05,1292.65,5659
1688366700,1292.65,1293.1,1291.0,1291.35,5072
1688367000,1291.35,1292.5,1291.0,1291.75,6626
1688367300,1291.7,1292.95,1291.6,1292.5,6222
1688367600,1292.5,1294.35,1292.45,1293.45,5938
1688367900,1293.5,1293.6,1292.1,1292.45,5753
1688368200,1292.45,1294.5,1292.25,1294.45,5267
1688368500,1294.45,1294.45,1292.95,1293.55,5174
1688368800,1293.3,1294.1,1293.0,1293.1,3982
1688369100,1293.15,1293.5,1291.5,1293.3,13886
1688369400,1293.3,1293.7,1292.0,1293.1,3366
1688369700,1293.1,1295.35,1292.3,1294.75,3147
1688370000,1294.9,1295.95,1294.05,1295.85,9696
1688370300,1295.9,1298.0,1295.5,1297.85,9375
1688370600,1297.85,1298.0,1294.3,1296.35,6199
1688370900,1296.35,1297.45,1295.0,1295.55,3247
1688371200,1295.55,1297.45,1295.35,1297.15,1749
1688371500,1297.2,1297.5,1295.15,1296.95,1108
1688371800,1296.8,1297.0,1295.0,1296.15,2382
1688372100,1296.2,1296.2,1294.65,1295.7,5047
1688372400,1295.35,1296.95,1295.2,1295.35,4321
1688372700,1295.35,1298.4,1295.2,1297.7,3380
1688373000,1297.55,1298.9,1295.85,1298.45,4542
1688373300,1298.45,1299.0,1296.9,1298.45,4779
1688373600,1298.45,1299.0,1296.95,1297.6,5030
1688373900,1297.6,1298.95,1297.6,1298.6,2926
1688374200,1298.3,1298.95,1297.3,1297.55,3567
1688374500,1297.55,1298.75,1296.8,1298.0,8312
1688374800,1298.0,1298.7,1297.65,1297.95,4584
1688375100,1297.7,1298.1,1297.65,1297.9,3053
1688375400,1297.65,1298.2,1297.6,1297.6,4498
1688375700,1297.6,1298.0,1297.0,1297.1,3150
1688376000,1297.15,1297.8,1295.6,1295.75,5216
1688376300,1295.75,1297.95,1295.7,1297.85,4482
1688376600,1298.0,1298.0,1296.05,1296.4,8803
1688376900,1296.75,1297.85,1296.05,1296.9,12070
1688377200,1297.0,1297.8,1296.25,1297.35,9828
1688377500,1297.35,1298.4,1296.5,1296.95,58412
1688377800,1297.65,1299.5,1297.3,1299.5,32334
1688378100,1299.0,1299.75,1295.55,1297.5,27939
1688442300,1320.0,1320.05,1301.85,1301.85,54065
1688442600,1302.0,1307.15,1301.7,1304.8,14000
1688442900,1305.7,1306.4,1302.55,1302.8,9823
1688443200,1302.8,1305.05,1302.8,1304.35,4172
1688443500,1305.0,1305.0,1298.6,1300.3,14071
1688443800,1300.3,1306.75,1299.55,1306.75,8381
1688444100,1306.75,1306.95,1305.0,1306.05,4329
1688444400,1306.05,1306.2,1301.0,1301.0,4498
1688444700,1301.0,1302.9,1301.0,1301.9,2918
1688445000,1301.9,1304.95,1301.2,1304.0,9711
1688445300,1304.5,1306.9,1301.85,1301.85,13303
1688445600,1301.85,1302.95,1299.7,1300.3,4824
1688445900,1300.3,1300.8,1298.85,1299.6,2976
1688446200,1299.5,1301.7,1299.2,1299.2,4882
1688446500,1299.5,1299.6,1298.4,1298.4,3745
1688446800,1298.5,1298.55,1295.6,1295.6,9815
1688447100,1295.6,1295.9,1293.9,1295.2,3927
1688447400,1295.3,1296.75,1295.2,1295.5,6094
1688447700,1295.5,1295.5,1291.05,1291.65,15112
1688448000,1291.85,1292.25,1290.0,1292.0,5544
1688448300,1292.0,1293.05,1291.55,1292.45,3969
1688448600,1292.45,1294.3,1292.45,1293.7,5229
1688448900,1293.7,1296.2,1293.7,1295.2,2749
1688449200,1295.2,1296.0,1294.85,1295.1,2097
1688449500,1295.1,1298.85,1295.1,1295.55,4952
1688449800,1295.55,1297.85,1295.45,1295.95,3224
1688450100,1295.9,1296.35,1292.5,1293.95,6348
1688450400,1293.95,1294.8,1292.95,1293.95,5296
1688450700,1294.15,1295.35,1293.5,1294.15,1254
1688451000,1294.15,1295.95,1293.4,1295.4,4539
1688451300,1295.4,1295.8,1293.95,1294.0,4578
1688451600,1294.0,1294.0,1292.25,1292.3,5228
1688451900,1292.25,1293.7,1291.2,1292.1,4912
1688452200,1292.1,1294.75,1291.05,1294.1,10779
1688452500,1293.9,1298.75,1293.6,1296.85,13609
1688452800,1296.85,1299.15,1296.15,1296.55,13061
1688453100,1296.55,1297.1,1291.7,1292.0,14625
1688453400,1291.9,1292.7,1291.0,1291.0,15503
1688453700,1291.0,1293.65,1290.15,1292.15,15916
1688454000,1292.1,1294.7,1292.1,1292.7,5315
1688454300,1292.6,1294.5,1292.0,1294.2,8321
1688454600,1294.2,1294.65,1293.25,1294.2,1954
1688454900,1293.75,1296.2,1292.45,1293.0,5349
1688455200,1293.0,1293.5,1292.1,1293.5,2176
1688455500,1293.15,1295.0,1293.15,1295.0,2821
1688455800,1295.0,1295.0,1291.95,1293.55,4462
1688456100,1293.55,1293.8,1292.05,1292.9,4467
1688456400,1292.9,1293.55,1292.05,1292.85,4805
1688456700,1292.85,1292.85,1291.15,1291.8,12309
1688457000,1291.8,1292.3,1290.1,1291.9,18341
1688457300,1291.75,1292.0,1290.8,1291.3,27717
1688457600,1291.15,1291.9,1290.1,1290.7,5168
1688457900,1290.1,1293.05,1288.55,1290.15,27037
1688458200,1290.8,1291.0,1290.0,1290.0,11431
1688458500,1290.0,1290.65,1285.3,1285.4,28057
1688458800,1285.4,1286.3,1283.8,1285.2,9222
1688459100,1284.6,1286.35,1284.2,1284.9,17119
1688459400,1284.5,1287.6,1284.5,1286.0,20529
1688459700,1285.65,1286.95,1282.85,1283.0,18606
1688460000,1282.95,1286.2,1282.85,1283.35,21725
1688460300,1283.25,1286.5,1283.15,1286.2,16538
1688460600,1285.65,1287.75,1285.65,1286.75,17341
1688460900,1286.3,1288.5,1285.5,1286.75,24190
1688461200,1286.75,1288.95,1286.0,1288.7,10702
1688461500,1288.55,1290.45,1288.5,1289.7,14445
1688461800,1290.0,1290.0,1287.75,1288.95,15522
1688462100,1288.6,1289.2,1287.8,1288.05,16466
1688462400,1288.15,1290.0,1287.05,1290.0,21947
1688462700,1289.65,1290.0,1289.25,1289.25,24287
1688463000,1289.05,1290.25,1286.85,1289.8,23356
1688463300,1290.0,1290.0,1288.5,1290.0,12833
1688463600,1290.0,1290.0,1289.2,1289.65,12378
1688463900,1289.6,1290.0,1289.0,1289.45,20098
1688464200,1289.5,1290.0,1288.55,1289.6,20770
1688464500,1289.2,1290.55,1288.15,1290.0,16560
1688528700,1289.55,1292.95,1285.1,1289.65,11955
1688529000,1290.25,1294.5,1287.7,1294.1,12595
1688529300,1294.1,1295.05,1292.25,1293.2,7268
1688529600,1293.2,1296.45,1293.2,1295.65,5381
1688529900,1295.15,1297.4,1295.0,1296.05,4240
1688530200,1296.05,1297.85,1295.5,1297.2,2911
1688530500,1297.2,1301.25,1297.15,1299.7,14473
1688530800,1299.7,1308.25,1299.2,1308.25,14083
1688531100,1308.05,1308.9,1304.15,1304.2,31138
1688531400,1304.2,1308.5,1302.2,1307.55,15894
1688531700,1307.5,1308.0,1305.0,1306.0,13320
1688532000,1306.0,1309.95,1305.35,1307.0,21637
1688532300,1307.0,1309.45,1306.55,1308.0,13840
1688532600,1308.0,1308.55,1305.0,1305.0,12937
1688532900,1305.0,1305.95,1304.3,1305.85,5541
1688533200,1305.2,1306.25,1304.45,1305.35,2996
1688533500,1305.35,1306.05,1303.95,1304.75,5419
1688533800,1304.75,1304.75,1303.25,1303.4,2959
1688534100,1303.4,1307.9,1303.4,1307.0,11953
1688534400,1306.65,1307.8,1306.0,1307.8,20122
1688534700,1307.05,1311.35,1307.05,1308.5,20724
1688535000,1308.95,1310.95,1308.6,1310.95,11535
1688535300,1310.95,1314.0,1310.2,1313.0,18468
1688535600,1313.0,1313.8,1312.5,1313.15,6461
1688535900,1313.15,1316.7,1313.15,1313.5,26009
1688536200,1313.5,1314.0,1311.55,1312.65,4977
1688536500,1312.65,1314.15,1312.0,1312.9,3984
1688536800,1312.9,1315.95,1312.9,1313.55,7293
1688537100,1313.55,1314.5,1312.3,1312.35,2500
1688537400,1312.3,1313.15,1310.5,1310.65,5248
1688537700,1310.65,1312.65,1310.65,1312.0,5268
1688538000,1312.55,1313.15,1312.1,1312.7,1427
1688538300,1312.7,1312.75,1311.75,1312.5,943
1688538600,1312.0,1313.95,1310.5,1310.6,6410
1688538900,1310.6,1311.25,1309.25,1310.0,6518
1688539200,1309.65,1310.85,1309.65,1310.75,3446
1688539500,1310.3,1311.6,1310.05,1310.05,2021
1688539800,1310.1,1310.65,1308.6,1309.0,5123
1688540100,1309.0,1309.0,1307.65,1308.35,2598
1688540400,1308.35,1309.25,1307.65,1309.1,2113
1688540700,1309.1,1309.1,1306.45,1308.15,7349
1688541000,1308.15,1308.15,1307.2,1307.5,1920
1688541300,1307.45,1308.05,1306.45,1306.95,1405
1688541600,1306.4,1307.6,1306.05,1306.45,3027
1688541900,1306.45,1306.45,1304.15,1305.3,2514
1688542200,1305.3,1305.8,1304.15,1305.5,3015
1688542500,1305.5,1306.45,1304.75,1306.3,2859
1688542800,1306.3,1306.45,1305.4,1305.4,864
1688543100,1305.4,1305.95,1305.0,1305.1,740
1688543400,1305.2,1306.2,1305.05,1305.1,3492
1688543700,1305.0,1305.15,1301.9,1302.2,12753
1688544000,1302.2,1303.2,1301.0,1302.05,2968
1688544300,1302.05,1302.45,1301.5,1301.7,1407
1688544600,1301.7,1303.55,1301.55,1302.85,2283
1688544900,1302.75,1304.75,1302.75,1303.6,2553
1688545200,1303.8,1304.9,1303.35,1303.35,5235
1688545500,1303.2,1303.5,1300.35,1301.6,7991
1688545800,1301.6,1301.8,1300.45,1301.0,2194
1688546100,1301.0,1302.0,1300.3,1300.6,3578
1688546400,1300.6,1301.15,1299.1,1299.65,4655
1688546700,1299.65,1300.3,1298.25,1299.2,22354
1688547000,1298.9,1299.8,1298.3,1298.35,1806
1688547300,1298.35,1298.95,1297.5,1297.75,5580
1688547600,1297.8,1298.9,1296.7,1297.15,3848
1688547900,1297.15,1297.4,1293.8,1294.3,25503
1688548200,1293.95,1295.1,1292.1,1292.2,30462
1688548500,1292.2,1293.6,1291.05,1291.05,42402
1688548800,1291.05,1293.1,1289.45,1290.25,15585
1688549100,1289.65,1290.65,1289.3,1289.95,16284
1688549400,1290.05,1291.2,1289.6,1290.15,147996
1688549700,1290.2,1293.3,1290.0,1293.0,44658
1688550000,1293.4,1294.45,1291.95,1293.1,36277
1688550300,1293.15,1295.55,1291.85,1292.4,39977
1688550600,1292.4,1293.95,1291.2,1291.6,48313
1688550900,1291.85,1296.55,1291.15,1294.55,32745
1688615100,1298.0,1306.0,1294.55,1306.0,42144
1688615400,1306.0,1311.0,1305.25,1310.95,42487
1688615700,1310.9,1311.75,1306.0,1308.0,33522
1688616000,1308.0,1309.1,1306.7,1307.75,9873
1688616300,1307.75,1308.85,1306.45,1307.8,9084
1688616600,1307.75,1307.8,1302.85,1302.85,11234
1688616900,1303.1,1307.75,1303.1,1307.05,14980
1688617200,1307.05,1308.3,1303.55,1303.55,12893
1688617500,1303.55,1305.85,1302.55,1305.5,8018
1688617800,1305.5,1306.0,1304.5,1305.25,5390
1688618100,1305.25,1305.6,1303.0,1305.05,6424
1688618400,1305.05,1306.45,1304.95,1305.75,4560
1688618700,1305.75,1305.75,1304.7,1304.7,3697
1688619000,1305.4,1305.5,1304.05,1305.0,1682
1688619300,1305.0,1305.65,1304.15,1304.85,4961
1688619600,1304.35,1305.1,1303.05,1303.35,2218
1688619900,1303.35,1304.0,1300.5,1301.0,9739
1688620200,1301.0,1301.35,1299.2,1300.55,6618
1688620500,1300.95,1302.6,1300.15,1302.45,2885
1688620800,1302.45,1303.0,1298.2,1298.2,9325
1688621100,1298.8,1300.0,1297.65,1298.9,4723
1688621400,1298.9,1299.65,1298.2,1298.2,3216
1688621700,1298.2,1298.65,1296.1,1296.35,5507
1688622000,1296.55,1296.8,1295.7,1296.35,1927
1688622300,1296.35,1296.35,1295.5,1295.55,2256
1688622600,1295.6,1296.6,1295.6,1296.4,2142
1688622900,1295.65,1298.3,1295.65,1297.95,2165
1688623200,1297.95,1298.65,1297.75,1298.65,1727
1688623500,1298.65,1298.65,1292.9,1294.15,16862
1688623800,1294.15,1294.7,1292.65,1293.8,6276
1688624100,1293.8,1294.25,1289.35,1293.25,15614
1688624400,1293.25,1293.95,1292.35,1292.5,6233
1688624700,1292.5,1294.5,1292.5,1293.9,2261
1688625000,1293.9,1294.3,1293.55,1294.0,2139
1688625300,1294.0,1294.05,1291.4,1291.55,6489
1688625600,1292.0,1292.15,1290.0,1290.25,4930
1688625900,1290.25,1293.7,1290.2,1292.5,5137
1688626200,1292.1,1292.95,1292.1,1292.75,1582
1688626500,1292.8,1293.15,1292.05,1292.65,7015
1688626800,1292.65,1293.35,1292.15,1292.55,3334
1688627100,1292.75,1292.8,1292.45,1292.45,5538
1688627400,1292.65,1292.85,1292.1,1292.1,3868
1688627700,1292.5,1292.75,1292.1,1292.1,2150
1688628000,1292.55,1292.7,1292.05,1292.45,2049
1688628300,1292.05,1292.9,1291.75,1292.0,2928
1688628600,1292.0,1293.0,1291.75,1292.5,2534
1688628900,1292.5,1293.0,1291.9,1292.5,2586
1688629200,1292.5,1292.55,1291.0,1291.15,4470
1688629500,1291.75,1292.3,1291.15,1292.0,2368
1688629800,1292.0,1292.25,1290.5,1290.7,5211
1688630100,1290.7,1291.0,1290.0,1290.25,4368
1688630400,1290.25,1291.3,1290.2,1290.55,4419
1688630700,1290.55,1291.4,1290.55,1291.0,2918
1688631000,1291.0,1291.25,1290.15,1290.4,7457
1688631300,1290.95,1291.25,1290.4,1290.95,5655
1688631600,1290.95,1291.15,1290.45,1291.1,4314
1688631900,1291.05,1291.65,1289.95,1289.95,9737
1688632200,1290.45,1292.15,1289.8,1291.3,17572
1688632500,1291.3,1292.25,1290.15,1290.5,9589
1688632800,1290.65,1291.45,1290.4,1290.9,11133
1688633100,1290.85,1294.95,1290.6,1294.2,12607
1688633400,1294.2,1295.0,1291.65,1292.3,12903
1688633700,1292.3,1292.75,1290.3,1291.1,11416
1688634000,1291.4,1293.0,1291.1,1293.0,11097
1688634300,1292.95,1293.1,1292.0,1292.9,7519
1688634600,1292.9,1293.2,1292.55,1293.2,10057
1688634900,1293.15,1294.05,1292.9,1293.3,21492
1688635200,1292.9,1293.1,1292.45,1292.7,7875
1688635500,1292.6,1293.0,1292.15,1292.3,15728
1688635800,1292.8,1293.0,1292.4,1293.0,16820
1688636100,1292.85,1293.0,1292.75,1292.85,39438
1688636400,1292.95,1293.7,1292.75,1293.7,20374
1688636700,1293.6,1295.85,1292.6,1292.6,34514
1688637000,1292.6,1292.75,1291.35,1292.05,29008
1688637300,1292.05,1293.0,1290.6,1292.0,19877
1688701500,1292.6,1299.9,1292.55,1299.0,16047
1688701800,1299.0,1301.2,1296.4,1300.3,27182
1688702100,1300.25,1302.35,1299.2,1301.0,15644
1688702400,1301.0,1301.0,1298.0,1298.0,10131
1688702700,1298.25,1300.9,1298.0,1300.5,6299
1688703000,1300.5,1302.95,1300.5,1301.85,8439
1688703300,1301.85,1302.0,1300.6,1300.85,6189
1688703600,1300.8,1304.7,1300.8,1304.45,11880
1688703900,1304.45,1304.75,1303.0,1304.65,9993
1688704200,1304.65,1306.0,1304.65,1305.75,12095
1688704500,1305.75,1306.0,1304.95,1305.05,5173
1688704800,1305.05,1305.45,1303.3,1305.0,5254
1688705100,1305.0,1307.15,1305.0,1307.15,9481
1688705400,1307.35,1309.9,1306.6,1308.3,16449
1688705700,1308.35,1311.0,1307.95,1308.7,14028
1688706000,1308.2,1308.7,1305.8,1308.0,8915
1688706300,1308.0,1308.0,1306.05,1306.4,5626
1688706600,1306.4,1306.4,1303.95,1304.85,6733
1688706900,1304.85,1305.25,1302.0,1303.5,12983
1688707200,1303.5,1304.6,1302.5,1304.6,5111
1688707500,1304.6,1307.75,1304.5,1307.7,11579
1688707800,1307.7,1308.3,1306.0,1307.5,10760
1688708100,1306.8,1312.6,1306.8,1311.95,18067
1688708400,1311.95,1315.85,1311.7,1315.85,26905
1688708700,1315.85,1318.0,1314.0,1314.5,30096
1688709000,1314.5,1314.5,1308.45,1309.7,15301
1688709300,1309.7,1309.7,1307.0,1309.15,9742
1688709600,1309.15,1310.8,1306.9,1309.05,9558
1688709900,1309.5,1309.5,1305.5,1305.8,12947
1688710200,1305.8,1306.45,1301.95,1302.9,17841
1688710500,1303.0,1303.0,1298.85,1301.7,16651
1688710800,1301.7,1302.2,1298.4,1299.05,8066
1688711100,1299.55,1300.0,1298.5,1298.75,6447
1688711400,1298.75,1299.65,1298.15,1298.75,4369
1688711700,1298.7,1299.85,1298.0,1299.85,3884
1688712000,1299.85,1300.0,1297.25,1298.6,7973
1688712300,1298.6,1299.55,1298.15,1299.55,2505
1688712600,1299.7,1299.85,1296.2,1297.05,6483
1688712900,1297.05,1298.05,1296.3,1296.9,4295
1688713200,1297.0,1297.05,1295.4,1296.55,6965
1688713500,1296.55,1297.95,1296.3,1297.25,5033
1688713800,1297.05,1297.8,1296.1,1296.2,4836
1688714100,1296.15,1298.75,1296.15,1298.0,7541
1688714400,1298.0,1298.25,1296.6,1298.2,8255
1688714700,1298.0,1299.0,1297.45,1298.75,4724
1688715000,1298.75,1299.9,1298.6,1299.9,4138
1688715300,1299.5,1301.25,1299.5,1300.25,11488
1688715600,1300.15,1301.85,1300.0,1300.1,9292
1688715900,1300.0,1301.35,1297.85,1300.7,9678
1688716200,1300.7,1302.05,1300.25,1300.85,5384
1688716500,1300.7,1301.0,1300.35,1300.7,10595
1688716800,1300.6,1300.7,1297.9,1298.5,4951
1688717100,1298.45,1298.7,1297.05,1298.0,8566
1688717400,1298.05,1298.75,1297.25,1298.35,5291
1688717700,1298.35,1298.95,1297.0,1297.6,7298
1688718000,1297.5,1299.0,1297.5,1298.8,9989
1688718300,1298.8,1299.6,1298.8,1299.3,7768
1688718600,1299.6,1299.85,1297.65,1298.8,10200
1688718900,1298.8,1301.0,1298.8,1300.65,16580
1688719200,1300.55,1300.9,1299.0,1299.9,13121
1688719500,1299.9,1300.0,1297.75,1298.85,14951
1688719800,1298.65,1300.0,1297.65,1298.05,14576
1688720100,1298.05,1298.55,1296.3,1297.55,10558
1688720400,1297.6,1298.85,1296.55,1297.6,8600
1688720700,1297.4,1300.0,1296.95,1299.7,8491
1688721000,1299.7,1300.8,1298.75,1300.75,8098
1688721300,1300.75,1301.0,1299.55,1300.05,9714
1688721600,1300.0,1300.35,1297.7,1299.6,12162
1688721900,1299.5,1300.1,1297.8,1298.7,8705
1688722200,1298.1,1298.95,1288.45,1291.0,34214
1688722500,1291.1,1296.45,1290.8,1293.85,43723
1688722800,1293.85,1299.25,1292.9,1294.0,77347
1688723100,1294.0,1294.4,1291.0,1292.45,35260
1688723400,1292.75,1295.05,1291.0,1294.65,23721
1688723700,1294.85,1299.7,1293.75,1298.0,20241
1688960700,1300.7,1302.0,1292.05,1294.05,11960
1688961000,1294.05,1294.65,1285.55,1285.75,17170
1688961300,1287.0,1295.0,1285.65,1294.7,6092
1688961600,1294.7,1299.0,1294.7,1296.1,10298
1688961900,1296.15,1296.95,1294.05,1294.5,3202
1688962200,1294.5,1298.0,1292.9,1297.0,6369
1688962500,1297.05,1299.9,1293.9,1294.45,15594
1688962800,1294.45,1296.0,1292.35,1294.8,6936
1688963100,1294.8,1295.05,1291.2,1291.2,1881
1688963400,1291.2,1291.65,1290.0,1291.0,2856
1688963700,1291.0,1291.0,1290.0,1290.45,4632
1688964000,1290.45,1290.9,1286.5,1286.95,4666
1688964300,1286.95,1287.95,1286.0,1286.0,3136
1688964600,1286.0,1286.2,1284.0,1286.2,5463
1688964900,1285.55,1287.55,1284.75,1287.55,4228
1688965200,1287.55,1288.5,1286.05,1286.6,3929
1688965500,1286.6,1289.6,1286.3,1286.9,4201
1688965800,1286.9,1287.65,1286.55,1287.1,1222
1688966100,1287.1,1287.25,1285.35,1287.0,5532
1688966400,1287.0,1287.0,1283.2,1285.0,207518
1688966700,1285.0,1286.95,1284.9,1286.65,1765
1688967000,1286.65,1288.0,1286.25,1286.7,4872
1688967300,1286.7,1287.1,1286.45,1286.5,1266
1688967600,1286.5,1287.1,1285.25,1286.25,2045
1688967900,1286.25,1286.9,1285.4,1286.85,23780
1688968200,1286.85,1287.45,1286.5,1287.15,1385
1688968500,1287.15,1287.9,1287.15,1287.3,2541
1688968800,1286.85,1287.0,1286.4,1286.4,1076
1688969100,1286.4,1286.7,1286.0,1286.05,1166
1688969400,1286.05,1286.75,1286.0,1286.2,737
1688969700,1286.2,1287.4,1286.15,1287.35,571
1688970000,1287.35,1288.3,1286.8,1288.0,2023
1688970300,1288.0,1288.25,1287.35,1287.8,1797
1688970600,1287.8,1288.3,1287.7,1288.25,1256
1688970900,1288.0,1288.25,1287.1,1287.2,3899
1688971200,1287.2,1287.25,1285.6,1286.7,5579
1688971500,1286.15,1286.75,1286.05,1286.35,1041
1688971800,1286.15,1287.95,1285.95,1285.95,4252
1688972100,1285.95,1287.5,1285.55,1287.5,2103
1688972400,1286.85,1291.0,1286.85,1289.6,4287
1688972700,1289.6,1291.0,1289.6,1290.85,1761
1688973000,1290.85,1291.0,1290.2,1290.5,4604
1688973300,1290.5,1291.35,1290.5,1291.0,1167
1688973600,1290.9,1291.0,1289.95,1290.6,6368
1688973900,1290.6,1291.1,1290.6,1290.85,1369
1688974200,1290.85,1291.1,1290.35,1290.85,3343
1688974500,1290.85,1291.45,1289.2,1289.3,7030
1688974800,1289.1,1291.0,1289.1,1290.5,2606
1688975100,1290.5,1291.6,1289.25,1290.95,4056
1688975400,1290.95,1291.0,1290.3,1291.0,1478
1688975700,1290.95,1291.2,1289.75,1290.4,2594
1688976000,1289.8,1292.35,1289.8,1291.8,1504
1688976300,1291.8,1293.0,1291.8,1292.5,2687
1688976600,1292.6,1293.0,1291.8,1292.85,3204
1688976900,1292.65,1294.6,1290.85,1291.5,6704
1688977200,1291.0,1291.75,1289.8,1290.2,2945
1688977500,1289.85,1291.55,1289.85,1291.55,2846
1688977800,1291.55,1292.35,1290.9,1291.0,1694
1688978100,1291.0,1291.95,1291.0,1291.95,1103
1688978400,1291.4,1293.55,1291.4,1293.0,3515
1688978700,1293.0,1293.55,1293.0,1293.3,2205
1688979000,1293.3,1294.95,1293.3,1294.55,1108
1688979300,1294.55,1294.7,1294.35,1294.35,3182
1688979600,1294.35,1294.4,1293.0,1293.05,2440
1688979900,1293.55,1293.6,1291.55,1292.9,6650
1688980200,1292.95,1293.25,1290.7,1291.15,4456
1688980500,1291.1,1292.4,1291.05,1292.4,2368
1688980800,1292.0,1294.0,1292.0,1293.85,3958
1688981100,1293.95,1294.1,1291.7,1291.7,10437
1688981400,1292.0,1292.4,1290.45,1292.1,26042
1688981700,1292.15,1294.95,1292.15,1294.95,28680
1688982000,1295.1,1298.1,1292.75,1292.9,48753
1688982300,1292.85,1293.7,1291.25,1292.1,25608
1688982600,1292.15,1293.4,1291.75,1292.25,20187
1688982900,1292.25,1294.95,1290.15,1291.0,31280
1689047100,1298.75,1301.0,1291.4,1299.5,52871
1689047400,1299.6,1305.95,1299.5,1301.6,28356
1689047700,1301.6,1304.9,1300.35,1301.7,16411
1689048000,1301.8,1303.95,1300.0,1301.0,14266
1689048300,1301.0,1301.75,1300.25,1301.0,17388
1689048600,1301.0,1301.6,1300.1,1301.0,10434
1689048900,1301.0,1301.2,1299.75,1301.0,9042
1689049200,1301.0,1306.3,1300.2,1304.8,29573
1689049500,1304.8,1307.9,1303.3,1306.0,16705
1689049800,1306.0,1308.75,1305.4,1305.65,13126
1689050100,1305.65,1307.05,1303.2,1306.95,16590
1689050400,1306.95,1308.55,1305.5,1307.1,13224
1689050700,1307.1,1308.65,1305.8,1307.65,8815
1689051000,1307.65,1307.85,1303.6,1304.2,8404
1689051300,1304.5,1304.75,1304.5,1304.75,2936
1689051600,1304.7,1307.7,1304.0,1306.7,5424
1689051900,1306.7,1307.45,1305.15,1306.3,19279
1689052200,1306.3,1308.7,1305.85,1307.6,9123
1689052500,1307.6,1307.6,1305.6,1306.95,5571
1689052800,1307.0,1307.0,1306.0,1306.15,11080
1689053100,1306.15,1306.15,1303.55,1303.75,4523
1689053400,1304.0,1304.05,1301.05,1303.3,12591
1689053700,1303.35,1306.3,1302.55,1303.45,14918
1689054000,1303.45,1304.15,1300.7,1302.45,16173
1689054300,1302.7,1303.15,1301.8,1301.8,4786
1689054600,1301.95,1303.0,1300.85,1302.8,7971
1689054900,1302.8,1303.0,1302.3,1302.75,4713
1689055200,1302.75,1303.0,1301.65,1302.4,6743
1689055500,1302.4,1303.0,1302.4,1303.0,3370
1689055800,1302.9,1303.0,1302.15,1302.65,3545
1689056100,1302.25,1302.9,1300.8,1300.95,4991
1689056400,1301.05,1301.15,1300.3,1300.95,7097
1689056700,1301.0,1301.0,1300.25,1300.45,2838
1689057000,1300.25,1300.7,1300.0,1300.5,4377
1689057300,1300.45,1300.6,1300.4,1300.6,6279
1689057600,1300.6,1301.45,1300.55,1301.0,4998
1689057900,1301.0,1301.0,1299.55,1300.0,4367
1689058200,1300.0,1300.3,1298.85,1300.25,4211
1689058500,1300.25,1300.25,1298.65,1299.65,4460
1689058800,1299.65,1299.65,1297.2,1297.95,9257
1689059100,1297.95,1301.0,1297.9,1300.2,7952
1689059400,1300.2,1301.3,1299.7,1301.0,4702
1689059700,1301.0,1301.0,1299.55,1301.0,10301
1689060000,1301.0,1301.0,1300.0,1300.75,4459
1689060300,1300.7,1301.0,1300.05,1301.0,6231
1689060600,1301.0,1301.0,1299.55,1300.1,4323
1689060900,1300.1,1300.1,1298.2,1298.45,4056
1689061200,1298.65,1298.65,1297.3,1297.85,4629
1689061500,1297.8,1297.85,1295.3,1296.1,8407
1689061800,1296.1,1296.2,1294.6,1294.85,5523
1689062100,1295.15,1295.2,1289.65,1290.55,17095
1689062400,1290.7,1294.0,1290.55,1294.0,6009
1689062700,1294.0,1295.5,1293.1,1295.15,7494
1689063000,1295.5,1295.8,1290.6,1290.65,11835
1689063300,1290.5,1294.35,1289.5,1292.7,7747
1689063600,1292.3,1293.55,1289.9,1293.0,12350
1689063900,1293.0,1294.85,1292.25,1294.55,4517
1689064200,1294.75,1297.6,1294.55,1297.35,6276
1689064500,1297.55,1297.65,1295.3,1296.2,5062
1689064800,1296.2,1296.25,1295.25,1295.65,3440
1689065100,1295.6,1296.75,1293.95,1295.8,9280
1689065400,1295.8,1297.8,1293.75,1294.7,13616
1689065700,1294.7,1297.5,1294.65,1295.8,6347
1689066000,1295.85,1296.0,1294.05,1294.45,4573
1689066300,1294.45,1294.7,1293.55,1294.1,4651
1689066600,1294.4,1295.05,1291.2,1294.8,6924
1689066900,1294.6,1295.1,1292.05,1294.9,5789
1689067200,1294.95,1294.95,1291.8,1293.05,4175
1689067500,1292.85,1294.35,1292.0,1294.35,6248
1689067800,1294.3,1296.4,1294.05,1295.95,30493
1689068100,1295.9,1295.95,1293.85,1294.05,25582
1689068400,1294.0,1295.1,1293.75,1294.95,29870
1689068700,1294.95,1295.0,1293.25,1295.0,30852
1689069000,1294.75,1297.0,1294.75,1296.5,31308
1689069300,1296.5,1297.05,1292.15,1292.15,27598
1689133500,1291.0,1301.7,1291.0,1300.0,23622
1689133800,1300.0,1302.55,1298.6,1300.0,16488
1689134100,1300.0,1303.0,1300.0,1301.65,12111
1689134400,1301.15,1303.7,1301.15,1302.75,6625
1689134700,1302.75,1302.95,1301.75,1302.65,6691
1689135000,1302.75,1304.55,1302.6,1303.5,7567
1689135300,1303.5,1303.5,1299.45,1299.7,10149
1689135600,1300.0,1300.0,1297.25,1298.6,10049
1689135900,1298.6,1298.8,1297.5,1298.6,4896
1689136200,1298.75,1300.0,1298.7,1299.85,6712
1689136500,1300.0,1300.0,1298.75,1299.0,4132
1689136800,1299.0,1299.0,1296.8,1297.6,3845
1689137100,1297.6,1297.6,1295.25,1295.6,7689
1689137400,1295.6,1296.0,1294.15,1295.7,5848
1689137700,1295.75,1297.0,1295.35,1297.0,3754
1689138000,1297.0,1299.9,1296.6,1299.15,7063
1689138300,1299.1,1301.85,1298.55,1301.8,7115
1689138600,1301.8,1302.95,1301.3,1302.75,6670
1689138900,1302.75,1304.65,1302.25,1303.45,8178
1689139200,1303.45,1304.0,1302.75,1303.95,9167
1689139500,1303.95,1305.9,1303.6,1305.7,9244
1689139800,1305.7,1306.5,1304.8,1305.9,11639
1689140100,1305.7,1306.6,1302.25,1302.85,11293
1689140400,1302.3,1302.85,1301.65,1302.0,4133
1689140700,1301.55,1301.8,1300.1,1300.85,7679
1689141000,1300.85,1301.0,1300.35,1300.55,4441
1689141300,1300.45,1301.35,1299.55,1300.9,8499
1689141600,1300.9,1301.05,1299.35,1300.35,3964
1689141900,1300.35,1301.0,1300.35,1300.95,6313
1689142200,1300.9,1301.0,1299.8,1299.9,11446
1689142500,1300.1,1300.3,1298.55,1298.75,7690
1689142800,1298.75,1300.15,1298.75,1300.15,4111
1689143100,1300.15,1301.15,1299.85,1300.3,5365
1689143400,1300.3,1301.15,1299.4,1300.8,5315
1689143700,1300.8,1301.0,1300.65,1301.0,4386
1689144000,1300.95,1301.1,1300.45,1300.95,4570
1689144300,1300.95,1301.8,1300.7,1300.7,7131
1689144600,1300.7,1300.9,1300.1,1300.3,4921
1689144900,1300.3,1300.6,1300.15,1300.45,4632
1689145200,1300.35,1302.4,1300.2,1302.35,6061
1689145500,1302.05,1303.3,1301.8,1302.8,7526
1689145800,1302.85,1303.1,1302.1,1302.75,6303
1689146100,1302.75,1303.75,1302.6,1302.95,9117
1689146400,1302.8,1302.9,1301.3,1301.7,6766
1689146700,1301.1,1301.6,1300.85,1301.2,6624
1689147000,1300.95,1301.6,1300.6,1300.95,7263
1689147300,1301.0,1301.1,1300.65,1300.95,13500
1689147600,1300.9,1301.45,1300.85,1301.0,11390
1689147900,1301.0,1301.85,1300.55,1300.8,23675
1689148200,1300.75,1301.75,1300.65,1301.0,13677
1689148500,1301.0,1301.0,1300.05,1300.15,8300
1689148800,1300.15,1300.2,1299.05,1299.35,8839
1689149100,1299.15,1299.35,1298.15,1299.35,6881
1689149400,1299.2,1301.0,1299.2,1301.0,11034
1689149700,1301.0,1301.05,1300.95,1300.95,10648
1689150000,1300.95,1301.0,1300.95,1300.95,8522
1689150300,1300.95,1301.1,1300.95,1300.95,13713
1689150600,1301.0,1303.0,1300.95,1303.0,18022
1689150900,1302.95,1305.6,1302.55,1305.35,33051
1689151200,1305.35,1305.6,1303.1,1303.7,14200
1689151500,1303.5,1303.7,1302.0,1302.2,20573
1689151800,1302.2,1302.4,1301.4,1302.05,30475
1689152100,1302.0,1302.0,1300.15,1301.0,15891
1689152400,1301.1,1302.0,1300.95,1301.3,7595
1689152700,1301.5,1302.0,1301.3,1301.75,6572
1689153000,1301.9,1302.0,1301.05,1301.05,8802
1689153300,1301.1,1302.0,1301.1,1301.8,9165
1689153600,1301.8,1302.0,1301.05,1301.45,10326
1689153900,1301.15,1302.0,1299.5,1300.45,13307
1689154200,1300.0,1300.5,1298.65,1300.45,46937
1689154500,1300.45,1301.55,1300.3,1300.75,45981
1689154800,1300.75,1301.15,1300.0,1300.8,40430
1689155100,1300.8,1301.15,1299.65,1300.1,37897
1689155400,1300.0,1302.05,1299.75,1300.25,42687
1689155700,1300.25,1302.05,1298.6,1302.0,27072
1689219900,1312.0,1313.65,1305.65,1306.7,28520
1689220200,1306.65,1308.95,1305.05,1308.2,10400
1689220500,1308.2,1311.65,1308.2,1311.05,11238
1689220800,1311.05,1311.85,1309.8,1311.3,9018
1689221100,1310.65,1313.35,1309.8,1312.5,18504
1689221400,1312.5,1315.0,1312.5,1315.0,11301
1689221700,1315.0,1315.0,1312.6,1313.85,12800
1689222000,1313.85,1317.85,1313.85,1316.6,14380
1689222300,1316.0,1316.4,1314.6,1315.65,14023
1689222600,1316.15,1316.5,1315.1,1316.35,8744
1689222900,1316.35,1320.0,1315.75,1318.5,23161
1689223200,1319.3,1321.4,1319.0,1320.1,27298
1689223500,1320.1,1322.0,1320.1,1321.15,17343
1689223800,1321.15,1324.0,1320.65,1323.45,16561
1689224100,1323.45,1323.95,1322.6,1322.6,11812
1689224400,1322.6,1325.0,1322.6,1323.75,15002
1689224700,1324.2,1325.7,1322.95,1325.0,15869
1689225000,1325.15,1325.6,1323.6,1325.0,19322
1689225300,1325.0,1325.65,1324.05,1325.5,20882
1689225600,1325.2,1328.1,1325.0,1328.1,29532
1689225900,1327.85,1331.2,1327.0,1330.9,37719
1689226200,1330.2,1334.9,1330.2,1334.1,50556
1689226500,1334.5,1335.0,1332.1,1334.9,30524
1689226800,1335.0,1335.85,1334.3,1335.45,14821
1689227100,1335.4,1335.45,1332.15,1333.5,22694
1689227400,1333.5,1336.0,1333.5,1335.95,11369
1689227700,1335.5,1335.5,1333.6,1334.95,14119
1689228000,1334.95,1335.0,1333.4,1334.0,11488
1689228300,1334.0,1334.55,1333.45,1334.0,16104
1689228600,1333.7,1334.2,1331.7,1331.8,12463
1689228900,1331.8,1332.4,1330.45,1331.55,14601
1689229200,1331.75,1332.4,1331.3,1331.95,5526
1689229500,1331.8,1332.0,1330.15,1330.55,7073
1689229800,1330.55,1332.6,1330.4,1331.75,16598
1689230100,1331.75,1332.2,1331.05,1331.6,6251
1689230400,1331.6,1331.9,1331.0,1331.8,5634
1689230700,1331.85,1332.1,1330.65,1331.9,10015
1689231000,1331.95,1332.1,1331.1,1331.45,6013
1689231300,1331.95,1332.0,1330.75,1331.0,7890
1689231600,1331.0,1331.1,1329.0,1329.1,10010
1689231900,1329.1,1329.1,1327.65,1328.65,10368
1689232200,1328.5,1328.65,1326.65,1327.5,6702
1689232500,1328.0,1328.5,1327.75,1328.5,2931
1689232800,1328.5,1328.8,1327.6,1327.65,4748
1689233100,1328.15,1328.8,1327.5,1327.8,5377
1689233400,1327.35,1327.7,1326.05,1326.75,7981
1689233700,1326.75,1327.7,1323.7,1323.7,167346
1689234000,1324.45,1325.65,1323.5,1325.35,8933
1689234300,1325.35,1326.1,1324.15,1324.35,15892
1689234600,1324.35,1324.35,1321.25,1321.9,19570
1689234900,1321.6,1321.9,1320.8,1321.75,6873
1689235200,1321.8,1322.35,1320.2,1320.65,5979
1689235500,1320.65,1321.25,1320.0,1320.4,104146
1689235800,1320.5,1320.5,1317.5,1318.05,11862
1689236100,1318.4,1319.5,1318.05,1319.0,3305
1689236400,1318.85,1319.05,1315.2,1316.0,9610
1689236700,1316.2,1317.65,1315.5,1317.15,112758
1689237000,1316.75,1321.1,1316.75,1319.75,16872
1689237300,1319.75,1320.15,1316.9,1316.9,9668
1689237600,1316.65,1316.7,1314.9,1315.85,15566
1689237900,1315.4,1317.7,1315.05,1316.9,8324
1689238200,1316.9,1317.0,1314.45,1314.7,15664
1689238500,1314.0,1314.0,1312.55,1313.0,10115
1689238800,1313.0,1314.2,1312.6,1313.0,11129
1689239100,1313.0,1313.0,1312.4,1313.0,9089
1689239400,1313.0,1313.05,1312.25,1313.05,7153
1689239700,1313.0,1313.3,1312.05,1312.75,9096
1689240000,1312.25,1312.9,1310.7,1311.3,8542
1689240300,1310.7,1312.45,1310.7,1312.0,8085
1689240600,1311.2,1312.7,1310.9,1311.95,89006
1689240900,1312.0,1312.55,1311.9,1312.0,42406
1689241200,1312.0,1312.65,1311.85,1312.1,32513
1689241500,1312.45,1317.6,1312.1,1317.05,48790
1689241800,1317.2,1318.15,1315.15,1317.35,63621
1689242100,1317.2,1317.4,1312.0,1316.9,21234
1689306300,1320.5,1320.5,1315.0,1318.9,22665
1689306600,1318.9,1325.0,1317.8,1321.3,28250
1689306900,1321.3,1323.5,1319.75,1319.85,14271
1689307200,1319.85,1322.0,1318.05,1320.55,15293
1689307500,1320.65,1321.0,1319.05,1320.55,10380
1689307800,1320.25,1323.5,1319.5,1323.45,112301
1689308100,1323.45,1326.05,1319.65,1320.0,15504
1689308400,1320.0,1320.45,1318.45,1319.95,15270
1689308700,1320.0,1320.3,1317.6,1317.95,14048
1689309000,1318.05,1319.8,1318.05,1319.4,10770
1689309300,1318.85,1320.3,1318.75,1320.0,8850
1689309600,1319.95,1320.35,1317.45,1318.15,16330
1689309900,1318.2,1318.2,1314.35,1317.4,14223
1689310200,1317.4,1318.65,1316.5,1317.0,12427
1689310500,1317.0,1318.1,1314.6,1317.8,15193
1689310800,1317.8,1317.8,1315.2,1316.6,13313
1689311100,1316.6,1318.0,1316.05,1317.85,9254
1689311400,1317.45,1318.45,1316.7,1317.35,9180
1689311700,1316.7,1318.45,1315.0,1315.1,7137
1689312000,1315.1,1315.9,1312.55,1314.35,21136
1689312300,1314.35,1314.7,1313.75,1313.95,11899
1689312600,1313.95,1316.75,1313.95,1316.35,9342
1689312900,1316.35,1316.65,1313.65,1314.65,13327
1689313200,1314.0,1316.95,1313.75,1316.05,8121
1689313500,1316.3,1317.25,1315.65,1316.4,9841
1689313800,1316.5,1316.5,1314.25,1315.5,28111
1689314100,1315.5,1316.1,1312.05,1315.65,29216
1689314400,1315.65,1317.25,1314.55,1316.55,15451
1689314700,1315.95,1317.2,1313.75,1313.75,28472
1689315000,1313.75,1314.9,1311.35,1314.9,14819
1689315300,1314.4,1315.95,1313.3,1315.9,13209
1689315600,1315.9,1317.25,1314.25,1316.8,12593
1689315900,1316.8,1317.25,1314.65,1315.4,28806
1689316200,1314.95,1317.5,1314.55,1317.15,17729
1689316500,1316.8,1317.6,1314.55,1314.55,30470
1689316800,1314.55,1317.0,1313.7,1316.7,11525
1689317100,1316.6,1316.8,1314.35,1315.8,16472
1689317400,1315.55,1316.95,1313.55,1316.95,10430
1689317700,1316.95,1317.35,1313.75,1317.0,30995
1689318000,1316.3,1317.2,1315.75,1316.65,10192
1689318300,1316.3,1317.1,1314.15,1315.2,11508
1689318600,1315.4,1316.2,1313.35,1314.9,28333
1689318900,1314.9,1316.3,1314.2,1316.3,9517
1689319200,1316.25,1317.0,1315.05,1316.95,12476
1689319500,1316.95,1317.45,1315.5,1317.4,28754
1689319800,1317.45,1317.85,1316.4,1317.85,13091
1689320100,1317.85,1318.5,1316.1,1316.15,22701
1689320400,1316.1,1317.55,1316.1,1317.4,2556
1689320700,1317.35,1317.9,1316.1,1316.2,4206
1689321000,1316.2,1316.75,1316.1,1316.15,20476
1689321300,1316.0,1317.45,1316.0,1317.25,2787
1689321600,1317.25,1317.5,1315.0,1316.1,6940
1689321900,1316.05,1317.1,1314.0,1317.1,12532
1689322200,1317.1,1317.75,1315.9,1316.45,21709
1689322500,1316.45,1317.5,1314.85,1316.25,7668
1689322800,1316.25,1317.65,1316.1,1316.6,5001
1689323100,1316.15,1317.2,1315.3,1316.05,9333
1689323400,1315.6,1316.9,1314.9,1316.0,24537
1689323700,1315.95,1317.75,1315.0,1317.75,10413
1689324000,1317.75,1320.0,1317.25,1319.95,10466
1689324300,1319.95,1320.0,1318.05,1319.55,21256
1689324600,1319.55,1319.75,1318.05,1318.9,6175
1689324900,1319.0,1319.95,1317.7,1317.9,5382
1689325200,1317.9,1319.5,1317.0,1317.05,21406
1689325500,1316.85,1317.1,1314.55,1317.1,9764
1689325800,1316.95,1317.85,1316.1,1316.9,6996
1689326100,1316.95,1319.55,1316.4,1318.05,7635
1689326400,1318.05,1320.0,1317.95,1319.95,11822
1689326700,1319.7,1320.05,1318.05,1319.5,12735
1689327000,1319.55,1320.1,1318.5,1320.0,32534
1689327300,1320.0,1320.15,1319.95,1320.0,32739
1689327600,1320.0,1321.95,1319.95,1320.0,47178
1689327900,1319.95,1320.35,1319.4,1320.0,22479
1689328200,1320.0,1322.3,1319.95,1322.05,58914
1689328500,1322.2,1323.85,1320.0,1320.0,21711
1689565500,1321.0,1328.55,1321.0,1321.65,19896
1689565800,1321.65,1322.7,1315.7,1316.45,14037
1689566100,1315.7,1318.05,1315.7,1316.4,11051
1689566400,1317.15,1319.05,1316.15,1316.9,9260
1689566700,1316.9,1316.9,1312.4,1313.6,11273
1689567000,1313.65,1314.4,1310.5,1311.2,10037
1689567300,1311.2,1313.0,1311.2,1313.0,13106
1689567600,1313.0,1313.65,1312.05,1313.55,14255
1689567900,1313.55,1315.7,1313.1,1315.7,8384
1689568200,1315.7,1316.1,1313.0,1313.25,25262
1689568500,1313.15,1313.25,1311.5,1311.55,11525
1689568800,1311.5,1312.45,1311.5,1312.45,14302
1689569100,1312.45,1312.45,1311.5,1311.5,10240
1689569400,1311.5,1311.7,1311.5,1311.5,5463
1689569700,1311.5,1313.35,1311.5,1311.6,6367
1689570000,1311.6,1311.9,1311.45,1311.75,5042
1689570300,1311.75,1312.05,1311.45,1312.05,4532
1689570600,1312.05,1313.5,1311.55,1312.95,4186
1689570900,1313.5,1315.0,1312.5,1312.5,8091
1689571200,1313.2,1313.2,1309.1,1311.15,11752
1689571500,1311.15,1312.65,1308.35,1309.0,5644
1689571800,1309.0,1309.0,1305.5,1305.9,11516
1689572100,1305.9,1307.0,1304.0,1304.65,11509
1689572400,1304.65,1304.7,1302.0,1303.25,9119
1689572700,1303.3,1303.65,1302.2,1302.2,5366
1689573000,1302.5,1303.0,1302.2,1302.35,82504
1689573300,1302.35,1302.6,1302.3,1302.5,5797
1689573600,1302.4,1302.55,1302.4,1302.5,5898
1689573900,1302.5,1303.0,1301.0,1301.25,54057
1689574200,1301.25,1301.4,1296.75,1296.9,12661
1689574500,1297.55,1301.75,1297.25,1301.65,9237
1689574800,1301.65,1303.15,1300.7,1302.7,13472
1689575100,1302.7,1304.45,1302.3,1303.2,5393
1689575400,1303.2,1303.3,1302.8,1302.85,4653
1689575700,1302.85,1303.3,1302.75,1303.0,7332
1689576000,1303.0,1303.3,1302.45,1302.5,6562
1689576300,1302.5,1304.6,1302.5,1304.6,6132
1689576600,1304.8,1306.8,1303.0,1305.7,12857
1689576900,1305.7,1306.25,1305.0,1305.0,7538
1689577200,1305.0,1305.2,1304.95,1305.15,5218
1689577500,1305.1,1305.3,1305.05,1305.2,3884
1689577800,1305.2,1309.0,1305.2,1307.9,6763
1689578100,1308.05,1309.0,1307.2,1308.55,8038
1689578400,1307.95,1308.65,1307.05,1307.9,14091
1689578700,1307.9,1308.5,1306.1,1306.15,4599
1689579000,1305.7,1308.1,1305.7,1307.45,5060
1689579300,1307.45,1308.5,1307.4,1307.85,5287
1689579600,1308.05,1309.0,1307.5,1308.65,5466
1689579900,1308.65,1309.0,1307.7,1308.15,5714
1689580200,1308.15,1310.2,1308.0,1310.15,10440
1689580500,1310.15,1310.95,1308.6,1308.65,11872
1689580800,1308.65,1309.75,1307.6,1309.4,11097
1689581100,1309.3,1310.9,1308.9,1310.6,7064
1689581400,1310.6,1311.9,1310.0,1311.9,8570
1689581700,1311.95,1313.75,1311.4,1312.6,10749
1689582000,1312.8,1312.85,1310.05,1311.3,10411
1689582300,1311.3,1312.0,1310.5,1310.6,11255
1689582600,1310.55,1312.0,1310.5,1310.65,11995
1689582900,1310.45,1311.55,1310.0,1310.5,11819
1689583200,1310.95,1312.0,1310.0,1311.7,12289
1689583500,1311.7,1312.2,1310.55,1310.7,11152
1689583800,1310.7,1314.95,1310.7,1310.9,88005
1689584100,1310.8,1312.65,1310.6,1311.2,10928
1689584400,1311.05,1313.2,1311.05,1312.8,8910
1689584700,1312.8,1314.5,1312.25,1312.35,10766
1689585000,1312.3,1313.7,1312.05,1313.15,7690
1689585300,1313.15,1314.7,1313.1,1313.7,13289
1689585600,1313.75,1314.35,1313.4,1314.3,9088
1689585900,1314.3,1314.35,1313.6,1313.8,6768
1689586200,1313.85,1317.0,1313.2,1313.2,55902
1689586500,1313.4,1315.45,1312.55,1313.95,30370
1689586800,1313.85,1314.05,1312.85,1313.65,22062
1689587100,1313.8,1314.85,1313.45,1314.25,37037
1689587400,1314.25,1314.8,1314.0,1314.75,36719
1689587700,1314.8,1316.3,1314.05,1315.0,27802
1689651900,1315.0,1322.15,1308.4,1315.05,26907
1689652200,1315.1,1318.0,1313.2,1314.4,9392
1689652500,1314.4,1317.0,1312.3,1317.0,7948
1689652800,1317.0,1317.55,1313.9,1315.3,3824
1689653100,1315.3,1318.95,1315.3,1317.5,7032
1689653400,1317.0,1320.65,1317.0,1319.65,4943
1689653700,1319.5,1320.2,1317.0,1319.3,11803
1689654000,1319.3,1321.0,1317.3,1318.2,8235
1689654300,1319.5,1322.0,1317.2,1318.1,6591
1689654600,1317.45,1321.85,1315.85,1320.25,24285
1689654900,1321.05,1322.3,1318.7,1320.85,19622
1689655200,1320.45,1321.85,1318.75,1319.65,15800
1689655500,1320.0,1321.25,1319.2,1320.0,8297
1689655800,1320.0,1320.9,1318.95,1320.05,12046
1689656100,1320.45,1320.7,1317.35,1319.55,16470
1689656400,1319.55,1321.95,1318.75,1321.3,14626
1689656700,1321.3,1321.7,1319.9,1320.7,8763
1689657000,1320.8,1320.8,1318.25,1319.15,6364
1689657300,1319.55,1319.55,1316.9,1318.55,8086
1689657600,1318.85,1319.95,1317.65,1319.65,22105
1689657900,1319.75,1320.55,1319.1,1319.75,18646
1689658200,1319.95,1320.65,1319.75,1320.0,15959
1689658500,1320.0,1320.05,1317.2,1317.4,5368
1689658800,1317.4,1319.35,1317.0,1319.0,18505
1689659100,1319.0,1319.3,1317.3,1317.85,48028
1689659400,1317.55,1318.8,1312.05,1312.05,6610
1689659700,1312.05,1315.15,1310.1,1314.05,14297
1689660000,1313.65,1313.65,1311.5,1311.55,7299
1689660300,1311.85,1315.9,1311.0,1312.0,21848
1689660600,1312.0,1312.55,1311.6,1312.45,18419
1689660900,1312.45,1313.95,1311.6,1312.0,12765
1689661200,1312.0,1314.45,1311.3,1312.8,8532
1689661500,1312.6,1312.65,1311.6,1312.05,4263
1689661800,1312.05,1312.45,1311.35,1312.0,81690
1689662100,1312.05,1312.2,1305.65,1307.2,45935
1689662400,1307.9,1309.45,1307.05,1308.4,7238
1689662700,1308.9,1312.95,1308.0,1308.85,11053
1689663000,1308.3,1311.1,1308.0,1309.85,15462
1689663300,1310.05,1316.7,1310.05,1315.0,64965
1689663600,1315.0,1319.9,1314.9,1317.8,90933
1689663900,1317.7,1321.35,1316.4,1319.6,117764
1689664200,1319.6,1319.95,1314.95,1316.15,12012
1689664500,1316.1,1316.6,1312.55,1314.7,9922
1689664800,1314.7,1315.55,1311.05,1311.5,10490
1689665100,1311.65,1312.75,1310.0,1310.45,13528
1689665400,1310.45,1311.15,1310.0,1310.35,24328
1689665700,1310.35,1313.5,1310.0,1310.1,10877
1689666000,1310.0,1311.3,1310.0,1311.15,5473
1689666300,1311.15,1316.6,1310.85,1316.6,14447
1689666600,1316.6,1322.25,1314.8,1319.35,41522
1689666900,1319.35,1319.35,1312.05,1312.35,8482
1689667200,1312.35,1317.95,1311.3,1316.8,18116
1689667500,1317.1,1317.95,1312.5,1315.7,5571
1689667800,1315.7,1318.95,1314.05,1315.85,6620
1689668100,1315.85,1316.7,1311.05,1312.85,6663
1689668400,1312.95,1314.05,1310.8,1312.55,5488
1689668700,1312.55,1319.5,1311.35,1316.75,9732
1689669000,1316.6,1320.0,1316.05,1318.8,11216
1689669300,1318.8,1319.95,1315.0,1317.25,7980
1689669600,1317.25,1319.0,1313.6,1313.6,8352
1689669900,1313.6,1314.45,1311.0,1311.5,22874
1689670200,1311.45,1313.5,1310.05,1310.5,15315
1689670500,1310.55,1314.7,1309.5,1314.55,8535
1689670800,1314.85,1315.45,1309.5,1309.95,10750
1689671100,1309.95,1313.25,1309.05,1312.7,6705
1689671400,1312.7,1316.95,1312.7,1316.15,4701
1689671700,1316.15,1316.15,1313.35,1314.6,3081
1689672000,1314.6,1315.95,1311.85,1314.5,5700
1689672300,1313.9,1317.95,1313.3,1317.95,11320
1689672600,1317.95,1319.75,1315.1,1316.7,23478
1689672900,1316.25,1317.05,1314.25,1315.35,20732
1689673200,1315.35,1316.35,1313.6,1315.0,14210
1689673500,1314.85,1316.0,1314.1,1314.8,17298
1689673800,1314.75,1316.6,1313.75,1314.55,128741
1689674100,1314.0,1317.55,1309.2,1317.55,23415
1689738300,1314.6,1321.55,1310.0,1313.9,25106
1689738600,1313.7,1316.35,1311.15,1316.05,30084
1689738900,1315.45,1316.05,1313.0,1313.3,6379
1689739200,1313.15,1313.55,1308.45,1310.45,16541
1689739500,1310.45,1313.3,1309.75,1310.55,14184
1689739800,1310.55,1311.0,1307.7,1307.7,8777
1689740100,1307.35,1312.55,1307.25,1311.0,8097
1689740400,1311.0,1312.45,1308.3,1311.6,7250
1689740700,1311.6,1312.7,1310.75,1312.45,5795
1689741000,1312.45,1314.7,1311.45,1313.5,3879
1689741300,1313.5,1315.8,1312.75,1315.4,6161
1689741600,1315.4,1317.05,1312.75,1313.7,14071
1689741900,1313.5,1313.65,1311.25,1312.4,3750
1689742200,1312.4,1313.8,1311.2,1313.2,3628
1689742500,1313.2,1313.2,1311.65,1312.35,902
1689742800,1312.35,1312.6,1311.25,1312.35,2784
1689743100,1312.55,1313.25,1310.05,1311.95,3672
1689743400,1312.0,1312.0,1310.5,1310.95,863
1689743700,1310.95,1312.55,1310.05,1311.25,123235
1689744000,1311.25,1312.45,1309.15,1311.25,6000
1689744300,1311.25,1312.95,1310.7,1312.45,4294
1689744600,1312.45,1313.45,1312.1,1313.45,1854
1689744900,1313.45,1314.95,1312.9,1314.95,3775
1689745200,1314.95,1315.0,1312.6,1312.65,7339
1689745500,1313.2,1313.2,1312.25,1312.75,1961
1689745800,1312.75,1314.55,1312.75,1313.55,2437
1689746100,1313.5,1315.0,1313.5,1313.95,2456
1689746400,1313.95,1314.75,1313.95,1314.45,1133
1689746700,1314.45,1314.7,1313.75,1314.4,2874
1689747000,1314.55,1314.65,1313.75,1314.4,1639
1689747300,1314.35,1314.4,1313.15,1313.55,2644
1689747600,1313.55,1314.4,1312.95,1314.4,2308
1689747900,1314.4,1314.4,1312.45,1312.6,6308
1689748200,1312.45,1313.0,1311.8,1312.75,7357
1689748500,1312.75,1313.05,1311.15,1312.25,3272
1689748800,1312.25,1312.55,1310.45,1310.95,2977
1689749100,1310.95,1311.0,1310.65,1310.95,2867
1689749400,1310.95,1311.0,1310.5,1310.95,3693
1689749700,1311.0,1311.35,1310.2,1310.35,9424
1689750000,1310.35,1311.0,1310.2,1310.8,4578
1689750300,1310.85,1311.0,1310.4,1310.75,5047
1689750600,1310.75,1312.4,1310.2,1311.0,3209
1689750900,1310.9,1312.45,1310.45,1312.35,2313
1689751200,1312.75,1312.95,1312.35,1312.6,1594
1689751500,1312.6,1312.9,1312.25,1312.35,2449
1689751800,1312.35,1312.45,1310.3,1312.35,3120
1689752100,1311.85,1312.4,1310.9,1312.35,2769
1689752400,1312.4,1313.15,1311.55,1312.15,2667
1689752700,1312.2,1313.1,1311.4,1312.3,3157
1689753000,1312.3,1313.25,1312.2,1312.9,3281
1689753300,1312.95,1313.25,1309.35,1309.8,12571
1689753600,1309.6,1309.95,1309.3,1309.8,5044
1689753900,1309.85,1310.45,1309.35,1309.65,4892
1689754200,1309.65,1310.75,1309.25,1310.55,4488
1689754500,1310.55,1310.95,1309.4,1309.6,27819
1689754800,1309.4,1309.65,1309.05,1309.4,16934
1689755100,1309.4,1309.7,1309.0,1309.4,11488
1689755400,1309.4,1311.25,1309.35,1310.25,23431
1689755700,1310.25,1310.45,1309.5,1310.3,3601
1689756000,1310.15,1310.25,1309.4,1309.8,3105
1689756300,1309.8,1310.9,1309.8,1310.3,6879
1689756600,1310.2,1310.45,1309.0,1309.0,4160
1689756900,1309.0,1310.65,1308.9,1309.75,5287
1689757200,1309.75,1311.0,1309.2,1310.85,5588
1689757500,1310.85,1311.0,1310.0,1310.55,7918
1689757800,1310.5,1311.0,1309.65,1310.95,4202
1689758100,1310.85,1311.0,1310.3,1311.0,5489
1689758400,1311.0,1311.1,1310.35,1310.9,5326
1689758700,1310.9,1311.0,1310.1,1310.9,6701
1689759000,1310.6,1311.0,1309.2,1310.9,19660
1689759300,1310.9,1311.55,1310.05,1310.8,10653
1689759600,1310.75,1311.0,1310.1,1311.0,11870
1689759900,1310.95,1311.2,1310.0,1311.0,11947
1689760200,1310.9,1311.0,1309.55,1310.95,16652
1689760500,1310.95,1312.85,1308.45,1309.2,27585
1689824700,1315.0,1318.7,1310.2,1315.3,15767
1689825000,1315.25,1321.6,1314.25,1321.6,17323
1689825300,1321.35,1321.6,1313.9,1313.9,17176
1689825600,1314.0,1315.0,1312.0,1314.75,10407
1689825900,1314.75,1315.2,1310.95,1311.05,7614
1689826200,1311.6,1311.6,1307.0,1309.95,23177
1689826500,1310.0,1310.45,1306.6,1308.9,14045
1689826800,1308.25,1309.0,1306.55,1308.75,4652
1689827100,1308.75,1311.4,1308.1,1308.35,3481
1689827400,1308.15,1310.85,1308.0,1308.65,6710
1689827700,1308.65,1309.8,1307.5,1309.15,6428
1689828000,1309.15,1309.15,1306.1,1307.5,5500
1689828300,1307.5,1309.1,1307.35,1308.9,1786
1689828600,1308.9,1309.3,1307.65,1307.95,2126
1689828900,1307.95,1308.0,1307.0,1307.9,2895
1689829200,1307.9,1309.0,1307.9,1308.4,1090
1689829500,1308.45,1308.8,1306.05,1306.9,6014
1689829800,1306.9,1307.4,1306.55,1306.95,2517
1689830100,1306.95,1308.75,1306.2,1308.2,3290
1689830400,1308.2,1308.35,1306.8,1307.25,4685
1689830700,1307.25,1307.5,1306.85,1307.1,2493
1689831000,1307.1,1307.5,1306.65,1306.85,2046
1689831300,1307.25,1307.25,1305.0,1305.25,36021
1689831600,1305.25,1305.45,1304.1,1305.05,4706
1689831900,1305.05,1305.05,1304.25,1304.4,3520
1689832200,1304.35,1305.0,1303.15,1304.95,7085
1689832500,1305.0,1305.1,1304.9,1305.0,9685
1689832800,1305.0,1308.2,1304.95,1306.45,15186
1689833100,1306.45,1308.25,1306.1,1307.8,4160
1689833400,1307.7,1308.8,1306.5,1307.15,7987
1689833700,1307.2,1307.2,1305.4,1305.75,2676
1689834000,1305.75,1307.85,1305.65,1307.7,2458
1689834300,1307.7,1309.7,1307.5,1308.5,15257
1689834600,1308.65,1309.0,1307.8,1308.75,15331
1689834900,1308.75,1311.0,1308.75,1310.05,9875
1689835200,1310.1,1311.95,1308.65,1310.5,12963
1689835500,1310.95,1311.1,1309.35,1310.05,5132
1689835800,1309.8,1311.45,1308.85,1310.45,3840
1689836100,1310.45,1311.05,1309.8,1310.95,3554
1689836400,1310.9,1313.55,1310.15,1312.4,7357
1689836700,1312.4,1312.4,1309.1,1310.4,52093
1689837000,1310.8,1312.5,1310.0,1310.95,6079
1689837300,1310.95,1311.35,1310.5,1310.9,6724
1689837600,1311.25,1311.35,1310.1,1310.5,6251
1689837900,1310.7,1312.0,1309.05,1310.0,12443
1689838200,1310.5,1312.35,1309.4,1312.25,10501
1689838500,1312.35,1313.0,1309.5,1309.65,11004
1689838800,1309.65,1314.7,1309.65,1314.45,47363
1689839100,1314.45,1314.7,1312.5,1312.9,7181
1689839400,1313.0,1313.0,1311.35,1311.5,3989
1689839700,1311.5,1311.75,1310.85,1310.95,2842
1689840000,1310.95,1312.4,1310.7,1312.15,4302
1689840300,1312.0,1312.15,1309.85,1309.85,5756
1689840600,1310.1,1311.5,1309.85,1310.8,3469
1689840900,1310.8,1312.9,1310.5,1312.8,6618
1689841200,1312.8,1313.8,1312.45,1313.0,4367
1689841500,1312.55,1313.05,1311.05,1311.2,5557
1689841800,1311.2,1314.05,1311.1,1314.05,7800
1689842100,1314.05,1318.35,1313.3,1316.85,38312
1689842400,1316.85,1317.7,1314.4,1315.0,20378
1689842700,1315.05,1316.45,1313.8,1314.3,4858
1689843000,1314.15,1314.3,1313.35,1313.75,6466
1689843300,1313.75,1315.05,1313.45,1315.05,10472
1689843600,1315.25,1316.4,1314.25,1314.25,23699
1689843900,1314.4,1316.9,1313.95,1316.9,33061
1689844200,1316.8,1318.15,1314.55,1315.05,17449
1689844500,1315.1,1315.8,1314.0,1314.5,10250
1689844800,1314.5,1315.1,1314.25,1314.85,10024
1689845100,1314.8,1315.0,1314.2,1314.2,7030
1689845400,1314.2,1315.15,1313.4,1313.9,39062
1689845700,1313.55,1316.55,1313.15,1314.95,32581
1689846000,1314.95,1314.95,1313.2,1314.9,37804
1689846300,1314.9,1314.95,1312.7,1313.55,29322
1689846600,1313.5,1314.0,1312.55,1312.55,25949
1689846900,1313.0,1315.0,1311.55,1312.0,18657
1689911100,1314.8,1320.0,1305.45,1316.1,17465
1689911400,1316.1,1319.45,1315.55,1319.45,15390
1689911700,1319.45,1320.0,1317.4,1318.25,6124
1689912000,1318.25,1322.75,1318.05,1319.2,15415
1689912300,1319.2,1320.75,1316.35,1318.15,8241
1689912600,1318.15,1318.15,1315.25,1315.95,4570
1689912900,1315.95,1319.0,1315.55,1318.4,1255
1689913200,1318.4,1318.9,1316.45,1316.6,6196
1689913500,1316.6,1317.6,1316.5,1316.95,12766
1689913800,1316.95,1316.95,1314.3,1315.0,3230
1689914100,1313.8,1314.55,1310.0,1311.3,9860
1689914400,1311.3,1312.85,1311.3,1312.15,1459
1689914700,1312.85,1312.85,1310.05,1310.25,2984
1689915000,1310.25,1311.85,1310.15,1310.55,1100
1689915300,1310.55,1312.35,1310.55,1311.75,784
1689915600,1311.75,1311.95,1310.05,1310.05,3018
1689915900,1310.05,1311.45,1310.05,1311.15,1829
1689916200,1311.15,1311.45,1309.7,1310.35,66071
1689916500,1310.35,1310.65,1309.25,1309.35,3204
1689916800,1309.35,1310.45,1307.6,1310.1,10011
1689917100,1310.25,1310.4,1309.15,1309.95,3868
1689917400,1309.65,1309.65,1308.5,1308.95,5644
1689917700,1308.95,1310.3,1308.6,1309.8,2850
1689918000,1310.3,1311.0,1309.15,1309.7,4995
1689918300,1309.7,1310.5,1308.7,1309.0,4754
1689918600,1309.0,1309.95,1308.5,1309.4,2890
1689918900,1309.4,1309.4,1307.2,1309.2,8510
1689919200,1309.75,1309.9,1306.75,1307.6,10522
1689919500,1307.6,1308.0,1306.75,1307.55,5321
1689919800,1307.55,1308.0,1307.55,1307.95,1348
1689920100,1308.1,1308.9,1307.15,1307.5,5344
1689920400,1307.5,1308.5,1306.9,1307.45,3772
1689920700,1307.45,1308.0,1307.2,1308.0,3280
1689921000,1308.0,1308.2,1307.8,1308.0,2804
1689921300,1308.0,1308.45,1307.8,1307.95,4369
1689921600,1307.95,1308.0,1307.25,1307.95,4928
1689921900,1307.95,1308.8,1307.25,1307.25,5394
1689922200,1307.25,1308.0,1307.0,1307.5,1882
1689922500,1307.5,1308.0,1307.05,1307.5,2059
1689922800,1307.5,1308.55,1307.45,1307.95,5599
1689923100,1307.95,1308.0,1307.4,1308.0,2485
1689923400,1308.0,1308.0,1307.85,1308.0,2499
1689923700,1308.0,1309.5,1307.95,1309.0,7490
1689924000,1309.0,1309.5,1308.4,1309.35,2438
1689924300,1309.35,1310.0,1308.45,1308.8,3268
1689924600,1308.8,1310.0,1308.55,1308.75,5222
1689924900,1308.75,1310.0,1308.35,1309.2,2952
1689925200,1309.35,1309.95,1309.0,1309.75,3015
1689925500,1309.75,1310.3,1309.45,1310.25,8435
1689925800,1310.3,1310.5,1308.7,1309.3,9224
1689926100,1309.3,1309.35,1307.6,1307.85,3461
1689926400,1307.85,1308.35,1307.7,1308.0,3264
1689926700,1308.0,1308.0,1307.7,1307.85,2765
1689927000,1307.85,1308.4,1307.3,1307.35,5363
1689927300,1307.35,1308.35,1307.35,1308.0,3328
1689927600,1308.0,1308.5,1307.4,1307.6,2640
1689927900,1307.7,1308.0,1307.0,1307.15,3260
1689928200,1307.15,1307.55,1305.0,1305.05,3719
1689928500,1305.05,1305.15,1302.05,1304.7,7586
1689928800,1304.65,1305.5,1303.8,1305.05,5944
1689929100,1305.1,1307.05,1305.1,1305.75,2909
1689929400,1305.45,1306.35,1304.15,1304.25,2498
1689929700,1304.3,1305.55,1303.7,1304.7,3461
1689930000,1304.7,1305.95,1303.0,1303.8,4198
1689930300,1303.8,1305.5,1300.65,1301.0,7428
1689930600,1301.0,1301.4,1292.2,1292.9,25950
1689930900,1292.9,1294.75,1290.0,1290.05,12673
1689931200,1290.7,1291.25,1288.0,1289.0,17298
1689931500,1289.0,1291.8,1288.65,1291.7,5962
1689931800,1291.25,1292.1,1289.95,1291.8,11200
1689932100,1292.1,1292.1,1289.65,1290.2,11277
1689932400,1290.25,1291.35,1289.8,1290.2,7513
1689932700,1290.2,1291.25,1289.55,1290.8,14178
1689933000,1290.65,1292.0,1289.95,1290.45,14461
1689933300,1290.55,1295.0,1289.5,1295.0,12197
1690170300,1290.7,1298.25,1290.0,1295.95,11981
1690170600,1295.2,1296.65,1291.6,1292.25,6343
1690170900,1292.0,1292.0,1287.9,1290.7,12103
1690171200,1290.05,1296.0,1289.75,1296.0,7788
1690171500,1296.2,1300.0,1295.6,1299.85,7096
1690171800,1299.85,1299.85,1298.25,1299.85,4630
1690172100,1298.9,1299.85,1298.35,1298.85,2573
1690172400,1298.55,1302.5,1298.35,1302.5,13244
1690172700,1301.8,1302.8,1300.9,1302.15,11529
1690173000,1302.0,1304.0,1301.45,1302.45,12247
1690173300,1302.45,1303.8,1302.0,1302.55,10076
1690173600,1302.55,1304.9,1302.4,1304.45,11109
1690173900,1304.45,1311.95,1304.15,1309.0,29036
1690174200,1309.0,1310.25,1309.0,1310.2,8789
1690174500,1309.75,1310.25,1307.8,1308.0,16429
1690174800,1308.0,1308.1,1307.5,1308.0,24247
1690175100,1308.0,1308.0,1306.85,1307.3,6576
1690175400,1307.3,1311.0,1307.3,1309.55,12282
1690175700,1309.55,1309.6,1307.7,1308.9,7262
1690176000,1308.9,1309.85,1308.0,1308.05,5564
1690176300,1308.05,1309.8,1308.05,1308.55,4498
1690176600,1308.5,1311.05,1308.3,1311.05,5752
1690176900,1311.05,1311.15,1308.2,1309.0,5848
1690177200,1309.05,1314.6,1309.05,1313.45,33788
1690177500,1313.3,1317.95,1313.25,1314.8,101754
1690177800,1314.8,1317.9,1314.8,1317.45,18075
1690178100,1317.1,1317.5,1315.3,1315.3,5784
1690178400,1315.3,1317.6,1313.85,1314.15,89292
1690178700,1314.15,1314.15,1309.55,1310.25,26562
1690179000,1310.25,1310.9,1309.9,1309.9,9090
1690179300,1309.9,1309.9,1305.15,1305.85,14592
1690179600,1305.75,1306.2,1303.65,1304.85,19496
1690179900,1304.85,1307.0,1304.45,1304.65,7501
1690180200,1304.8,1306.75,1304.05,1305.2,10403
1690180500,1305.2,1306.75,1304.7,1305.95,7706
1690180800,1306.4,1307.45,1305.85,1307.0,6678
1690181100,1307.05,1310.85,1307.05,1310.85,19652
1690181400,1310.85,1310.85,1308.7,1308.9,62247
1690181700,1308.9,1309.75,1307.7,1307.85,7956
1690182000,1307.85,1308.0,1306.8,1307.4,10137
1690182300,1307.8,1307.8,1305.5,1306.7,7313
1690182600,1306.65,1306.95,1305.65,1306.85,7942
1690182900,1306.9,1308.6,1306.4,1307.3,7644
1690183200,1307.45,1310.0,1307.15,1310.0,11026
1690183500,1310.0,1311.35,1309.0,1309.8,19559
1690183800,1309.75,1314.4,1308.25,1311.95,24913
1690184100,1311.95,1314.3,1311.95,1314.2,8008
1690184400,1314.2,1315.0,1313.65,1314.3,8443
1690184700,1314.3,1314.9,1313.4,1314.25,6902
1690185000,1314.2,1314.5,1312.25,1314.25,6632
1690185300,1313.95,1314.5,1312.5,1312.75,6550
1690185600,1312.7,1313.5,1312.5,1313.25,4591
1690185900,1313.25,1313.25,1311.05,1311.4,6484
1690186200,1311.4,1312.95,1311.35,1312.8,9640
1690186500,1312.75,1314.0,1311.65,1313.8,7591
1690186800,1313.8,1315.85,1313.8,1314.75,10467
1690187100,1314.75,1315.2,1313.5,1314.55,7966
1690187400,1314.55,1317.2,1314.5,1317.2,12543
1690187700,1317.4,1317.5,1313.45,1314.6,8282
1690188000,1315.15,1316.5,1313.7,1316.2,6401
1690188300,1316.2,1317.0,1314.55,1316.85,7232
1690188600,1316.8,1316.95,1316.2,1316.95,7605
1690188900,1316.95,1318.7,1316.8,1318.65,9319
1690189200,1318.65,1321.15,1318.65,1320.1,22639
1690189500,1320.1,1320.45,1318.4,1320.4,12723
1690189800,1320.2,1324.4,1320.2,1322.1,30972
1690190100,1322.05,1322.1,1319.3,1319.65,25238
1690190400,1319.65,1320.85,1318.0,1319.4,15210
1690190700,1319.15,1319.9,1318.3,1318.5,14432
1690191000,1318.4,1318.4,1315.55,1317.2,31703
1690191300,1316.6,1318.8,1314.5,1318.8,31069
1690191600,1318.8,1319.85,1317.1,1317.55,22292
1690191900,1317.5,1318.8,1316.5,1317.2,27495
1690192200,1317.0,1318.95,1317.0,1318.95,22234
1690192500,1318.7,1319.5,1313.25,1316.0,25180
1690256700,1318.0,1320.0,1304.85,1306.4,96273
1690257000,1306.5,1309.95,1304.6,1306.85,45131
1690257300,1306.85,1308.3,1300.45,1301.75,47622
1690257600,1301.75,1303.0,1290.1,1292.95,44184
1690257900,1292.6,1302.85,1292.15,1300.2,41938
1690258200,1300.8,1300.8,1293.5,1294.35,11139
1690258500,1294.35,1295.5,1291.0,1295.0,37886
1690258800,1295.5,1299.35,1294.6,1296.6,27593
1690259100,1296.6,1300.25,1295.5,1298.55,7811
1690259400,1298.55,1299.05,1295.9,1297.75,16281
1690259700,1297.75,1299.95,1296.95,1298.35,21218
1690260000,1298.35,1298.55,1296.0,1296.2,6638
1690260300,1296.0,1296.9,1295.2,1296.05,8646
1690260600,1296.2,1297.0,1295.25,1296.0,13010
1690260900,1296.0,1297.2,1295.45,1296.25,5014
1690261200,1296.25,1297.0,1295.5,1296.9,7291
1690261500,1296.9,1298.0,1295.5,1296.75,6290
1690261800,1296.75,1297.3,1295.5,1296.0,3336
1690262100,1296.0,1296.9,1295.5,1296.65,6916
1690262400,1296.65,1296.7,1295.6,1295.7,8613
1690262700,1295.7,1296.55,1295.3,1296.15,8193
1690263000,1296.15,1296.7,1295.05,1295.35,9588
1690263300,1295.4,1297.0,1295.0,1295.25,41725
1690263600,1295.15,1296.35,1295.0,1295.85,34332
1690263900,1295.95,1295.95,1295.0,1295.55,3204
1690264200,1295.55,1296.0,1295.0,1296.0,6120
1690264500,1295.85,1299.5,1295.85,1297.8,7616
1690264800,1297.8,1298.6,1296.85,1297.85,5540
1690265100,1297.85,1301.75,1297.0,1301.75,11178
1690265400,1301.75,1301.95,1298.5,1299.95,6017
1690265700,1299.4,1300.45,1298.0,1299.25,5719
1690266000,1299.25,1302.85,1299.25,1302.05,11625
1690266300,1302.05,1303.45,1299.8,1300.6,11904
1690266600,1300.6,1304.4,1299.8,1304.4,16894
1690266900,1304.0,1305.45,1301.8,1302.2,12311
1690267200,1302.2,1304.9,1298.8,1303.25,11122
1690267500,1303.25,1305.7,1302.55,1305.7,8330
1690267800,1305.7,1307.5,1303.7,1306.0,16554
1690268100,1306.0,1306.3,1302.75,1302.75,8191
1690268400,1302.75,1305.2,1301.0,1305.2,5870
1690268700,1305.2,1306.4,1302.6,1304.1,26880
1690269000,1304.1,1304.7,1301.5,1301.75,4139
1690269300,1302.3,1303.8,1301.0,1301.45,4864
1690269600,1301.45,1303.35,1300.3,1302.4,10712
1690269900,1301.9,1303.75,1301.45,1303.4,8250
1690270200,1303.4,1303.6,1301.15,1302.9,6231
1690270500,1302.9,1304.6,1300.45,1302.05,10966
1690270800,1302.15,1303.0,1296.0,1296.0,46174
1690271100,1295.75,1297.55,1295.0,1296.5,40454
1690271400,1296.5,1301.0,1295.0,1301.0,16172
1690271700,1300.9,1302.0,1298.1,1302.0,28741
1690272000,1302.0,1302.9,1296.85,1296.85,15452
1690272300,1297.3,1299.7,1296.7,1297.7,7818
1690272600,1297.75,1300.0,1297.1,1299.6,11916
1690272900,1299.6,1300.95,1298.05,1300.45,6145
1690273200,1300.45,1300.45,1295.2,1297.05,20132
1690273500,1297.05,1298.25,1295.65,1296.0,4580
1690273800,1296.35,1297.5,1295.55,1296.4,8631
1690274100,1296.5,1297.9,1295.15,1297.0,15167
1690274400,1297.75,1299.3,1296.0,1296.85,16377
1690274700,1297.25,1304.0,1296.75,1302.8,61857
1690275000,1302.15,1306.4,1300.3,1302.85,31767
1690275300,1303.5,1305.25,1301.55,1303.15,23159
1690275600,1302.4,1305.1,1301.95,1305.0,27301
1690275900,1305.0,1306.0,1302.0,1304.3,17518
1690276200,1304.7,1304.9,1302.65,1303.0,5395
1690276500,1303.0,1304.4,1301.0,1302.95,7605
1690276800,1302.9,1304.75,1302.55,1304.1,8000
1690277100,1304.1,1305.0,1302.35,1303.45,15659
1690277400,1304.45,1304.45,1296.9,1299.25,30033
1690277700,1298.7,1301.8,1296.95,1300.95,17085
1690278000,1301.3,1302.3,1299.3,1301.45,17685
1690278300,1301.5,1302.05,1300.55,1301.0,24429
1690278600,1301.0,1302.95,1300.15,1302.4,18416
1690278900,1302.35,1305.0,1296.2,1300.8,40617
1690343100,1290.0,1299.95,1285.0,1288.75,152988
1690343400,1288.0,1293.55,1286.0,1292.8,52566
1690343700,1293.55,1293.65,1280.0,1281.15,129661
1690344000,1282.0,1284.45,1276.3,1278.0,171962
1690344300,1278.15,1282.8,1275.25,1281.1,75217
1690344600,1280.55,1281.35,1278.8,1280.0,36941
1690344900,1280.0,1282.2,1278.6,1281.0,101862
1690345200,1280.5,1284.45,1280.4,1283.45,47675
1690345500,1283.05,1284.15,1282.1,1283.2,56845
1690345800,1283.2,1287.35,1283.15,1284.3,41151
1690346100,1284.0,1284.7,1281.15,1284.4,20213
1690346400,1284.4,1286.35,1283.8,1285.65,20638
1690346700,1285.95,1287.35,1285.85,1287.25,30691
1690347000,1286.75,1288.0,1286.5,1287.4,27794
1690347300,1287.05,1287.4,1285.5,1285.5,7514
1690347600,1285.5,1286.0,1281.3,1282.0,29041
1690347900,1282.0,1285.0,1281.25,1285.0,24875
1690348200,1285.4,1285.4,1283.15,1283.25,7358
1690348500,1283.25,1284.5,1283.25,1284.0,10167
1690348800,1284.3,1289.0,1283.95,1287.0,178386
1690349100,1287.0,1291.1,1287.0,1290.0,21865
1690349400,1290.0,1290.95,1289.25,1289.7,113983
1690349700,1289.75,1290.75,1289.5,1290.55,8783
1690350000,1289.7,1290.5,1288.3,1288.3,65793
1690350300,1288.3,1289.3,1286.75,1287.2,11787
1690350600,1287.0,1288.65,1287.0,1288.6,52074
1690350900,1288.6,1290.1,1287.6,1289.05,28592
1690351200,1289.0,1290.0,1288.15,1289.1,19749
1690351500,1289.0,1291.5,1288.7,1290.85,18621
1690351800,1290.6,1290.95,1288.9,1289.15,28651
1690352100,1289.05,1291.5,1288.55,1291.5,18177
1690352400,1291.5,1291.5,1290.55,1290.55,1963
1690352700,1290.5,1294.7,1290.5,1294.0,22099
1690353000,1294.0,1295.0,1293.25,1294.0,9626
1690353300,1293.7,1294.0,1292.25,1292.25,3775
1690353600,1292.25,1293.15,1290.5,1292.6,7630
1690353900,1293.0,1293.0,1291.0,1291.95,5505
1690354200,1292.05,1292.8,1290.05,1290.45,9309
1690354500,1290.45,1291.3,1289.2,1290.7,7370
1690354800,1290.7,1291.9,1290.05,1290.5,7926
1690355100,1290.5,1291.0,1290.0,1290.35,2772
1690355400,1290.35,1290.75,1288.3,1290.05,43346
1690355700,1290.05,1291.0,1288.65,1291.0,41093
1690356000,1291.0,1291.8,1290.0,1290.55,4298
1690356300,1290.25,1291.0,1290.15,1290.6,6089
1690356600,1290.6,1290.9,1289.0,1290.35,15189
1690356900,1290.3,1290.35,1289.0,1290.05,12509
1690357200,1289.35,1290.45,1289.0,1290.05,23695
1690357500,1290.05,1290.55,1289.6,1290.2,11005
1690357800,1290.2,1290.25,1289.25,1290.0,15053
1690358100,1290.0,1290.7,1289.5,1289.6,22071
1690358400,1289.6,1290.55,1289.45,1289.45,12591
1690358700,1289.2,1290.75,1289.2,1290.05,17994
1690359000,1290.05,1290.45,1289.3,1290.0,6998
1690359300,1290.1,1291.6,1290.0,1290.25,9029
1690359600,1290.25,1291.0,1290.0,1290.05,26572
1690359900,1290.0,1290.55,1289.15,1290.0,21778
1690360200,1289.95,1290.35,1289.0,1289.85,16015
1690360500,1289.8,1290.4,1289.3,1290.0,17726
1690360800,1290.1,1290.15,1289.3,1289.55,10324
1690361100,1289.55,1290.35,1289.0,1289.9,15513
1690361400,1289.9,1291.1,1289.85,1290.9,6103
1690361700,1291.0,1292.1,1290.4,1292.05,15315
1690362000,1292.05,1292.45,1291.25,1292.1,14321
1690362300,1292.1,1292.3,1291.0,1291.9,27799
1690362600,1291.9,1292.0,1290.15,1290.75,10018
1690362900,1290.55,1291.35,1290.0,1290.4,5543
1690363200,1290.3,1291.0,1290.0,1291.0,9442
1690363500,1291.0,1291.0,1290.05,1290.85,8131
1690363800,1290.95,1292.0,1290.55,1291.5,19202
1690364100,1291.5,1293.95,1291.5,1292.9,22026
1690364400,1292.85,1293.0,1291.65,1292.65,13762
1690364700,1292.65,1294.15,1292.5,1293.55,41101
1690365000,1293.35,1295.0,1291.7,1292.15,29821
1690365300,1292.15,1294.5,1290.0,1292.05,15766
1690429500,1295.0,1305.9,1293.65,1305.9,32160
1690429800,1305.7,1308.0,1304.4,1306.9,20366
1690430100,1306.9,1312.0,1306.0,1307.9,34046
1690430400,1307.1,1307.9,1303.4,1305.0,34913
1690430700,1305.05,1306.0,1304.0,1305.2,13484
1690431000,1305.2,1309.45,1304.35,1309.0,17839
1690431300,1309.0,1310.35,1307.3,1307.35,19027
1690431600,1307.15,1309.1,1306.35,1309.0,11147
1690431900,1309.0,1309.0,1306.7,1307.3,8980
1690432200,1307.05,1307.75,1306.0,1306.1,6242
1690432500,1306.1,1306.9,1304.0,1305.0,16334
1690432800,1305.0,1305.2,1304.0,1305.0,12092
1690433100,1304.5,1305.75,1304.0,1304.8,8971
1690433400,1304.8,1306.25,1304.2,1305.3,7766
1690433700,1305.25,1307.85,1305.0,1306.25,14544
1690434000,1306.25,1307.0,1304.3,1305.0,8698
1690434300,1304.3,1305.05,1300.05,1300.05,13652
1690434600,1300.05,1301.75,1299.05,1300.8,169155
1690434900,1300.1,1301.7,1299.3,1299.35,6184
1690435200,1299.35,1301.0,1298.25,1298.75,61907
1690435500,1298.75,1299.7,1297.55,1298.0,10445
1690435800,1298.25,1298.25,1294.3,1295.0,21921
1690436100,1295.0,1299.15,1294.4,1297.55,26206
1690436400,1297.2,1297.75,1295.0,1295.2,25775
1690436700,1295.25,1295.75,1293.55,1295.15,26139
1690437000,1295.05,1295.55,1294.45,1295.0,5065
1690437300,1294.6,1295.95,1292.75,1294.1,35592
1690437600,1294.2,1295.9,1294.2,1295.15,11270
1690437900,1295.0,1297.95,1294.25,1296.05,15227
1690438200,1296.1,1297.0,1295.2,1296.05,5242
1690438500,1296.05,1297.5,1295.8,1297.5,7408
1690438800,1296.7,1298.0,1296.2,1296.45,4368
1690439100,1296.45,1298.6,1296.45,1298.15,4054
1690439400,1298.15,1299.95,1298.1,1299.7,9984
1690439700,1299.55,1300.0,1299.1,1299.1,27544
1690440000,1299.0,1299.35,1297.1,1297.95,4224
1690440300,1297.95,1297.95,1295.0,1295.3,9553
1690440600,1295.8,1297.1,1295.0,1296.75,43263
1690440900,1296.75,1297.2,1296.0,1296.6,3652
1690441200,1296.6,1297.9,1296.5,1296.95,2856
1690441500,1296.95,1296.95,1295.25,1295.55,102266
1690441800,1295.55,1297.85,1295.55,1296.8,5054
1690442100,1296.8,1298.65,1296.05,1298.0,4858
1690442400,1297.9,1299.55,1297.65,1298.05,16021
1690442700,1298.1,1299.8,1297.6,1298.35,10809
1690443000,1298.35,1299.2,1295.55,1295.6,8578
1690443300,1295.6,1296.55,1295.25,1296.0,5810
1690443600,1296.05,1298.3,1296.0,1298.1,3045
1690443900,1298.1,1299.4,1297.05,1297.9,17589
1690444200,1297.9,1300.0,1296.0,1296.0,18888
1690444500,1296.0,1297.25,1295.45,1297.05,6076
1690444800,1296.55,1296.85,1295.5,1295.55,6391
1690445100,1295.55,1296.8,1295.0,1296.35,7962
1690445400,1296.35,1296.95,1295.05,1295.75,9111
1690445700,1295.75,1296.05,1293.5,1294.15,205744
1690446000,1294.1,1297.7,1293.9,1297.2,115542
1690446300,1296.95,1299.0,1296.9,1298.9,5889
1690446600,1299.0,1299.55,1298.05,1299.0,5588
1690446900,1299.0,1299.05,1297.55,1297.75,5581
1690447200,1298.4,1298.7,1296.85,1297.1,17244
1690447500,1297.75,1299.1,1296.3,1297.4,6916
1690447800,1297.3,1298.5,1295.65,1296.05,11801
1690448100,1296.0,1296.7,1295.5,1296.2,5163
1690448400,1296.2,1297.0,1294.05,1295.9,61234
1690448700,1296.6,1296.75,1293.6,1295.3,27369
1690449000,1295.3,1296.05,1294.3,1295.65,12260
1690449300,1295.65,1297.0,1295.0,1296.0,12407
1690449600,1296.0,1296.75,1295.1,1296.75,18240
1690449900,1296.75,1296.75,1295.0,1295.7,32629
1690450200,1295.3,1299.0,1293.2,1297.0,81711
1690450500,1297.0,1298.7,1295.7,1295.7,49222
1690450800,1295.55,1297.85,1295.05,1296.4,53353
1690451100,1296.1,1298.0,1294.25,1297.6,103594
1690451400,1297.6,1299.0,1297.0,1297.7,34409
1690451700,1297.7,1300.0,1296.0,1297.9,39558
1690515900,1301.95,1301.95,1283.15,1284.25,43078
1690516200,1283.6,1284.2,1281.3,1282.2,31730
1690516500,1282.5,1284.25,1282.25,1283.8,15834
1690516800,1283.8,1288.5,1283.8,1287.0,13416
1690517100,1286.3,1290.85,1286.3,1290.25,14704
1690517400,1290.25,1290.8,1288.1,1289.1,7990
1690517700,1289.1,1292.0,1288.05,1291.6,12355
1690518000,1291.6,1296.0,1291.6,1295.45,19004
1690518300,1295.5,1296.55,1294.5,1294.95,10754
1690518600,1294.95,1296.75,1294.0,1294.5,8879
1690518900,1294.5,1295.9,1294.0,1294.0,4990
1690519200,1294.0,1295.7,1294.0,1295.5,3491
1690519500,1295.5,1295.95,1294.45,1294.55,2843
1690519800,1294.55,1295.55,1291.25,1291.95,8443
1690520100,1291.95,1291.95,1290.0,1291.95,10835
1690520400,1291.95,1294.45,1291.1,1293.9,2566
1690520700,1293.9,1295.65,1292.4,1295.65,3402
1690521000,1295.65,1295.65,1293.2,1294.0,5289
1690521300,1294.0,1297.4,1292.9,1296.4,8738
1690521600,1296.4,1297.05,1291.5,1291.5,15342
1690521900,1291.5,1291.55,1285.2,1285.9,92494
1690522200,1285.7,1287.4,1284.35,1285.1,10007
1690522500,1285.1,1286.75,1284.4,1285.5,6847
1690522800,1285.95,1288.15,1285.55,1286.5,4804
1690523100,1286.9,1287.75,1286.0,1287.05,1960
1690523400,1287.05,1289.85,1287.0,1288.2,2763
1690523700,1288.2,1290.75,1287.15,1287.75,34716
1690524000,1287.75,1288.25,1287.0,1287.0,5213
1690524300,1287.0,1287.9,1286.55,1287.55,9553
1690524600,1287.55,1287.9,1286.0,1286.1,8456
1690524900,1286.1,1289.0,1286.0,1288.15,5618
1690525200,1288.6,1289.6,1287.6,1289.15,3748
1690525500,1289.1,1289.55,1287.8,1288.2,6718
1690525800,1288.2,1288.35,1287.05,1287.5,4692
1690526100,1287.5,1287.85,1282.5,1283.05,41023
1690526400,1283.35,1284.7,1282.5,1283.6,10715
1690526700,1283.6,1285.4,1283.3,1285.1,4826
1690527000,1285.1,1285.95,1284.35,1284.4,5299
1690527300,1284.85,1284.85,1283.1,1284.0,6977
1690527600,1284.0,1285.75,1284.0,1284.55,3918
1690527900,1285.1,1288.7,1284.55,1287.95,14081
1690528200,1287.95,1290.05,1287.35,1288.75,97292
1690528500,1288.75,1289.3,1288.0,1288.7,6650
1690528800,1288.7,1288.7,1286.7,1287.65,4710
1690529100,1288.55,1289.9,1287.25,1289.75,8963
1690529400,1289.75,1290.4,1288.35,1289.9,8266
1690529700,1289.4,1291.55,1288.45,1290.0,37553
1690530000,1290.0,1291.4,1289.6,1290.5,5558
1690530300,1290.5,1291.55,1290.0,1290.6,5028
1690530600,1291.0,1291.75,1290.0,1290.25,12899
1690530900,1290.25,1292.9,1290.2,1292.5,6244
1690531200,1292.5,1292.85,1290.4,1291.0,7487
1690531500,1291.0,1291.25,1289.0,1289.1,8370
1690531800,1289.1,1291.35,1289.1,1291.0,5604
1690532100,1291.0,1292.75,1290.9,1292.05,5600
1690532400,1292.05,1294.75,1292.05,1294.0,6560
1690532700,1294.0,1294.15,1291.0,1292.7,8022
1690533000,1292.5,1294.65,1292.5,1293.4,11576
1690533300,1293.4,1295.0,1292.8,1293.8,19986
1690533600,1293.8,1294.0,1292.5,1293.3,9051
1690533900,1293.7,1294.25,1292.2,1292.35,12587
1690534200,1292.3,1293.6,1292.1,1292.9,12067
1690534500,1292.9,1293.5,1290.05,1291.05,13764
1690534800,1291.05,1291.95,1289.05,1289.8,13788
1690535100,1289.8,1290.55,1289.6,1289.85,13278
1690535400,1289.85,1291.45,1289.6,1289.7,11383
1690535700,1289.75,1291.05,1289.7,1290.5,16520
1690536000,1290.5,1291.0,1289.05,1289.8,11527
1690536300,1289.8,1290.0,1288.35,1290.0,8657
1690536600,1290.0,1290.0,1289.75,1290.0,9717
1690536900,1289.95,1291.95,1289.4,1291.95,45771
1690537200,1292.1,1292.35,1289.0,1289.75,17973
1690537500,1289.85,1290.4,1288.25,1288.6,15906
1690537800,1288.55,1290.4,1288.0,1288.1,23073
1690538100,1288.1,1290.0,1287.0,1290.0,21374
1690775100,1296.95,1296.95,1280.2,1280.95,30963
1690775400,1280.6,1283.75,1279.05,1279.85,21656
1690775700,1279.85,1281.8,1279.15,1281.35,12330
1690776000,1280.45,1282.35,1280.1,1282.35,9428
1690776300,1282.35,1284.85,1281.8,1284.7,3190
1690776600,1284.7,1286.0,1282.0,1282.85,6464
1690776900,1282.15,1285.5,1281.25,1284.1,7286
1690777200,1284.1,1287.35,1284.1,1285.55,8282
1690777500,1285.2,1288.0,1285.2,1288.0,6003
1690777800,1288.0,1288.0,1285.0,1287.15,6309
1690778100,1287.15,1287.75,1286.0,1287.55,4494
1690778400,1287.55,1287.75,1286.05,1287.55,4858
1690778700,1287.55,1287.95,1287.0,1287.2,4003
1690779000,1287.2,1288.95,1287.05,1287.75,3242
1690779300,1287.75,1288.1,1287.0,1287.8,2083
1690779600,1287.8,1287.85,1285.9,1285.9,4000
1690779900,1285.9,1287.55,1285.0,1287.05,4881
1690780200,1287.05,1288.75,1287.0,1287.05,13070
1690780500,1287.05,1288.5,1286.2,1287.95,6009
1690780800,1287.95,1288.2,1287.0,1288.2,2939
1690781100,1288.2,1291.4,1288.0,1291.3,8503
1690781400,1291.3,1292.15,1290.75,1290.8,4927
1690781700,1291.45,1291.45,1290.05,1290.2,1879
1690782000,1290.2,1291.55,1290.1,1290.25,3787
1690782300,1290.25,1291.8,1290.05,1291.8,2070
1690782600,1291.8,1291.8,1290.65,1290.8,2512
1690782900,1290.8,1292.25,1290.55,1291.9,7881
1690783200,1291.9,1292.65,1289.95,1290.7,8524
1690783500,1290.1,1291.05,1290.0,1290.25,3176
1690783800,1290.2,1290.9,1290.0,1290.0,4470
1690784100,1290.0,1290.65,1290.0,1290.4,5852
1690784400,1290.4,1292.2,1290.0,1290.0,11533
1690784700,1290.4,1291.25,1290.0,1291.0,3964
1690785000,1291.0,1292.8,1290.0,1292.8,4824
1690785300,1292.8,1293.95,1292.0,1293.8,7067
1690785600,1293.8,1293.9,1292.55,1293.0,3368
1690785900,1293.0,1293.45,1291.85,1292.0,5490
1690786200,1292.05,1292.4,1292.0,1292.3,4914
1690786500,1292.3,1292.6,1290.0,1290.0,9745
1690786800,1290.05,1290.35,1290.0,1290.05,18415
1690787100,1290.0,1290.6,1290.0,1290.0,8578
1690787400,1290.25,1290.5,1289.5,1290.0,15876
1690787700,1290.0,1290.05,1285.0,1286.15,90309
1690788000,1286.15,1286.15,1285.05,1285.25,5080
1690788300,1285.9,1285.9,1283.45,1284.5,6584
1690788600,1284.5,1284.5,1283.45,1283.9,5957
1690788900,1284.05,1285.6,1284.05,1285.0,5193
1690789200,1285.15,1285.95,1285.0,1285.0,7711
1690789500,1285.1,1285.1,1282.95,1282.95,15930
1690789800,1283.2,1284.9,1283.2,1283.75,11244
1690790100,1284.35,1285.15,1281.0,1281.0,139932
1690790400,1281.4,1281.4,1278.2,1279.45,11999
1690790700,1279.45,1279.45,1275.45,1276.0,13411
1690791000,1276.0,1276.8,1275.5,1276.05,7936
1690791300,1276.0,1277.45,1273.45,1274.0,11972
1690791600,1273.5,1273.5,1270.55,1270.6,13217
1690791900,1270.8,1272.0,1270.0,1271.0,15119
1690792200,1271.05,1276.6,1271.0,1276.45,16406
1690792500,1276.45,1276.45,1275.0,1275.0,7551
1690792800,1275.0,1276.5,1275.0,1275.3,10110
1690793100,1275.3,1276.05,1275.0,1275.75,6027
1690793400,1275.75,1276.4,1275.05,1275.5,4141
1690793700,1275.5,1276.45,1275.15,1275.65,4170
1690794000,1276.0,1277.0,1275.15,1275.5,3568
1690794300,1275.5,1277.0,1275.15,1275.4,9050
1690794600,1275.4,1276.7,1275.0,1275.7,28176
1690794900,1275.7,1277.65,1275.65,1277.0,7439
1690795200,1277.3,1277.6,1276.75,1277.0,4079
1690795500,1277.0,1277.85,1276.8,1277.0,4920
1690795800,1277.0,1283.95,1277.0,1282.8,48190
1690796100,1282.8,1283.05,1278.9,1282.0,41221
1690796400,1281.95,1284.85,1281.95,1283.85,48733
1690796700,1283.85,1283.85,1280.3,1281.65,60282
1690797000,1281.8,1283.85,1281.35,1283.5,51683
1690797300,1283.35,1283.5,1278.1,1280.35,34869
1690861500,1285.0,1285.0,1277.05,1279.15,15200
1690861800,1279.15,1279.15,1276.5,1278.3,15608
1690862100,1277.55,1278.55,1275.0,1275.1,16470
1690862400,1275.75,1276.5,1273.0,1273.4,13688
1690862700,1273.4,1275.85,1273.4,1275.5,9804
1690863000,1275.95,1276.7,1275.45,1275.6,2892
1690863300,1275.8,1276.45,1274.2,1275.25,5223
1690863600,1275.0,1275.4,1274.1,1274.9,4658
1690863900,1274.2,1274.95,1273.0,1273.15,9950
1690864200,1273.45,1273.95,1273.15,1273.35,2855
1690864500,1273.35,1274.0,1271.05,1273.5,13906
1690864800,1273.15,1273.55,1272.0,1272.65,5485
1690865100,1272.65,1272.65,1268.15,1269.7,28564
1690865400,1269.7,1270.0,1267.45,1268.95,11408
1690865700,1268.75,1269.35,1265.05,1266.1,16612
1690866000,1266.35,1266.75,1263.5,1263.8,17878
1690866300,1263.8,1265.1,1263.0,1264.1,5684
1690866600,1264.1,1264.4,1263.0,1263.5,8280
1690866900,1264.0,1265.35,1262.0,1264.95,117216
1690867200,1264.95,1267.55,1264.4,1266.0,7563
1690867500,1266.0,1266.7,1264.3,1264.3,5163
1690867800,1264.45,1266.5,1264.35,1265.9,3376
1690868100,1265.9,1268.0,1265.9,1266.8,7113
1690868400,1266.1,1266.5,1265.0,1265.3,4811
1690868700,1265.3,1267.2,1265.0,1267.05,3847
1690869000,1267.05,1267.9,1266.5,1267.65,4146
1690869300,1267.65,1267.9,1267.0,1267.6,2180
1690869600,1267.6,1267.9,1265.8,1265.95,5592
1690869900,1265.95,1268.0,1265.7,1267.0,4025
1690870200,1267.0,1267.4,1266.0,1266.45,2919
1690870500,1266.45,1267.15,1266.45,1266.6,3062
1690870800,1266.6,1267.05,1265.0,1265.0,8291
1690871100,1265.5,1265.5,1264.0,1264.3,5348
1690871400,1264.5,1264.85,1263.9,1264.5,8697
1690871700,1264.5,1265.3,1263.8,1264.55,6640
1690872000,1264.55,1265.65,1263.85,1264.95,7861
1690872300,1264.5,1265.05,1264.0,1264.45,7476
1690872600,1264.55,1264.55,1261.1,1261.9,14322
1690872900,1261.9,1264.55,1261.25,1264.0,7725
1690873200,1264.25,1268.35,1264.25,1268.0,41122
1690873500,1268.0,1269.0,1268.0,1268.25,9189
1690873800,1268.25,1271.55,1268.0,1270.25,18291
1690874100,1270.25,1270.35,1270.0,1270.0,4751
1690874400,1270.0,1271.7,1269.0,1270.0,12313
1690874700,1270.0,1270.5,1269.7,1270.05,14358
1690875000,1270.5,1271.25,1270.0,1270.9,5991
1690875300,1270.9,1270.9,1269.85,1270.45,3069
1690875600,1270.45,1272.7,1270.1,1272.65,10243
1690875900,1272.75,1274.4,1271.05,1272.3,9458
1690876200,1272.3,1275.0,1271.1,1274.4,23638
1690876500,1274.75,1276.0,1273.55,1275.45,12640
1690876800,1275.45,1275.5,1273.8,1274.8,12303
1690877100,1274.8,1274.8,1272.4,1273.35,7066
1690877400,1273.05,1273.05,1270.0,1270.9,10213
1690877700,1270.55,1271.65,1270.0,1271.55,6673
1690878000,1271.6,1271.6,1269.75,1270.0,15345
1690878300,1270.25,1272.6,1269.75,1269.8,12978
1690878600,1270.0,1271.9,1269.65,1271.9,13880
1690878900,1271.9,1272.95,1269.0,1272.15,11547
1690879200,1272.2,1273.8,1271.7,1273.2,10370
1690879500,1273.05,1275.5,1272.65,1274.9,17357
1690879800,1274.5,1277.8,1274.3,1275.95,35148
1690880100,1275.95,1276.85,1274.7,1275.75,14955
1690880400,1276.45,1276.45,1274.5,1275.95,26001
1690880700,1275.95,1277.75,1274.6,1277.75,29872
1690881000,1277.2,1278.9,1276.0,1277.1,28197
1690881300,1276.8,1279.45,1276.25,1278.15,51754
1690881600,1278.05,1279.3,1277.5,1278.85,33965
1690881900,1278.55,1282.65,1278.55,1281.55,66709
1690882200,1281.75,1281.9,1277.95,1279.4,43747
1690882500,1279.4,1279.4,1276.25,1279.0,32061
1690882800,1279.0,1281.25,1278.4,1280.95,34547
1690883100,1280.95,1282.0,1279.2,1281.9,47299
1690883400,1281.9,1282.85,1280.1,1280.25,37146
1690883700,1280.65,1281.0,1277.3,1277.4,13284
1690947900,1280.0,1284.9,1267.7,1268.5,22792
1690948200,1268.5,1271.05,1267.0,1268.2,15216
1690948500,1268.2,1268.5,1266.05,1267.55,15365
1690948800,1267.55,1269.1,1267.0,1269.1,8787
1690949100,1269.1,1271.2,1268.05,1268.55,11068
1690949400,1268.55,1270.0,1267.5,1267.5,5355
1690949700,1267.5,1267.7,1266.2,1267.2,5809
1690950000,1267.2,1267.3,1266.0,1266.15,12145
1690950300,1266.1,1266.55,1265.0,1265.55,10044
1690950600,1265.55,1271.3,1265.3,1267.6,27270
1690950900,1267.6,1270.75,1267.4,1270.2,6496
1690951200,1270.15,1270.7,1267.7,1267.7,4848
1690951500,1267.7,1268.7,1267.25,1267.5,3894
1690951800,1267.5,1270.0,1267.5,1269.95,6148
1690952100,1269.95,1271.3,1268.25,1271.0,5668
1690952400,1271.0,1271.15,1268.5,1270.0,7734
1690952700,1270.0,1274.15,1268.55,1273.05,17075
1690953000,1273.05,1273.55,1271.6,1271.9,3690
1690953300,1271.75,1274.0,1271.6,1271.8,5461
1690953600,1271.85,1272.75,1269.2,1269.75,5914
1690953900,1269.75,1270.0,1267.7,1269.0,4679
1690954200,1269.0,1269.1,1266.05,1266.5,10385
1690954500,1266.1,1268.65,1266.05,1268.05,5762
1690954800,1268.05,1272.6,1268.05,1271.95,5262
1690955100,1271.95,1273.65,1271.5,1273.5,4926
1690955400,1273.5,1277.0,1273.2,1274.45,11089
1690955700,1274.45,1275.0,1273.15,1273.85,4269
1690956000,1273.65,1273.9,1269.65,1270.6,12206
1690956300,1270.6,1271.2,1269.35,1270.3,7386
1690956600,1270.35,1270.95,1269.65,1269.95,5697
1690956900,1269.95,1271.0,1267.3,1270.85,19102
1690957200,1270.85,1270.85,1268.5,1269.2,9782
1690957500,1269.4,1272.95,1269.15,1272.95,24211
1690957800,1272.95,1273.0,1270.4,1272.25,4542
1690958100,1272.25,1272.9,1271.15,1271.3,5677
1690958400,1271.3,1273.3,1270.95,1271.75,14031
1690958700,1271.75,1271.95,1270.6,1271.6,4470
1690959000,1271.7,1272.25,1271.0,1271.2,9030
1690959300,1271.2,1271.25,1269.0,1269.75,55390
1690959600,1269.75,1269.75,1268.2,1269.1,5067
1690959900,1269.05,1270.65,1269.0,1269.95,3973
1690960200,1269.95,1270.25,1269.0,1269.3,4383
1690960500,1269.3,1269.95,1269.0,1269.15,3023
1690960800,1269.15,1269.45,1268.0,1268.3,4901
1690961100,1268.3,1268.35,1267.4,1267.4,3636
1690961400,1267.4,1270.0,1267.3,1268.25,105343
1690961700,1268.25,1269.3,1268.1,1269.15,3234
1690962000,1269.15,1270.0,1268.25,1268.7,5604
1690962300,1268.7,1269.0,1268.0,1268.7,4036
1690962600,1268.7,1269.0,1267.9,1268.25,3801
1690962900,1268.25,1269.95,1268.0,1269.8,6178
1690963200,1269.8,1269.8,1268.0,1269.65,4410
1690963500,1269.65,1269.8,1268.0,1268.05,4984
1690963800,1268.0,1269.0,1267.45,1268.15,5411
1690964100,1268.1,1269.5,1268.0,1268.8,9543
1690964400,1268.85,1269.5,1267.55,1268.55,6055
1690964700,1268.5,1269.45,1268.0,1268.1,4749
1690965000,1268.1,1269.3,1267.65,1268.05,6227
1690965300,1268.0,1269.0,1267.75,1268.6,10016
1690965600,1268.0,1268.9,1267.3,1267.85,5967
1690965900,1267.9,1268.0,1265.0,1265.05,23298
1690966200,1265.05,1265.8,1262.6,1263.3,10571
1690966500,1263.3,1264.4,1263.0,1263.7,8567
1690966800,1263.7,1264.5,1263.0,1263.65,4978
1690967100,1263.65,1265.35,1263.5,1264.25,4677
1690967400,1264.3,1265.0,1263.25,1263.5,9535
1690967700,1264.0,1265.8,1263.2,1265.05,17513
1690968000,1265.05,1265.5,1263.25,1264.45,12529
1690968300,1264.45,1265.95,1263.5,1264.45,7257
1690968600,1264.1,1266.75,1264.1,1265.8,18224
1690968900,1265.8,1265.8,1263.7,1263.8,19600
1690969200,1263.7,1264.0,1262.7,1263.35,17714
1690969500,1263.35,1263.35,1262.0,1262.95,25684
1690969800,1262.95,1263.35,1261.0,1261.9,39043
1690970100,1262.0,1262.0,1252.45,1257.95,39014
1691034300,1259.95,1262.0,1252.05,1259.85,26555
1691034600,1260.35,1261.15,1258.05,1260.55,5832
1691034900,1260.55,1263.75,1259.1,1260.65,13771
1691035200,1261.0,1264.0,1260.6,1261.9,8228
1691035500,1261.85,1262.05,1258.25,1261.95,5798
1691035800,1261.95,1262.5,1260.0,1260.15,2888
1691036100,1260.15,1264.65,1258.55,1264.65,12956
1691036400,1264.65,1265.95,1262.2,1263.75,12492
1691036700,1263.75,1267.25,1263.6,1267.0,13563
1691037000,1267.25,1268.0,1264.25,1265.85,19878
1691037300,1265.9,1266.3,1262.0,1262.0,14067
1691037600,1261.4,1262.2,1260.45,1260.95,1874
1691037900,1260.95,1262.0,1260.3,1262.0,2944
1691038200,1262.0,1263.0,1261.0,1262.0,3800
1691038500,1262.0,1265.05,1262.0,1265.05,2670
1691038800,1265.05,1267.75,1264.35,1264.6,11161
1691039100,1264.6,1266.9,1264.55,1266.9,1611
1691039400,1266.95,1267.0,1265.1,1265.8,3605
1691039700,1265.8,1266.0,1265.05,1265.35,3811
1691040000,1265.35,1265.35,1262.9,1263.95,2902
1691040300,1263.95,1271.7,1263.95,1271.7,12102
1691040600,1271.7,1271.75,1268.6,1269.4,3113
1691040900,1269.65,1269.85,1268.1,1268.1,1495
1691041200,1268.1,1269.75,1268.1,1268.55,1617
1691041500,1268.9,1269.3,1267.25,1267.25,1598
1691041800,1267.95,1268.5,1265.5,1267.3,1100
1691042100,1267.3,1268.3,1266.6,1266.95,1343
1691042400,1266.95,1268.3,1266.2,1266.25,1106
1691042700,1266.25,1269.85,1266.1,1269.8,1379
1691043000,1269.8,1271.7,1269.25,1271.65,3976
1691043300,1271.65,1272.9,1270.5,1272.9,3482
1691043600,1272.9,1274.8,1269.65,1271.9,6735
1691043900,1271.9,1272.75,1266.75,1267.2,3089
1691044200,1267.2,1267.85,1265.05,1266.6,4420
1691044500,1266.6,1270.0,1266.25,1268.35,3341
1691044800,1268.35,1272.35,1267.85,1271.2,5391
1691045100,1271.2,1272.8,1270.55,1271.9,5086
1691045400,1271.9,1271.9,1266.1,1267.3,5258
1691045700,1267.3,1268.2,1266.1,1266.85,1938
1691046000,1266.85,1268.0,1266.1,1266.6,1787
1691046300,1266.6,1267.75,1266.0,1266.05,6077
1691046600,1266.05,1268.4,1266.0,1267.4,1760
1691046900,1267.5,1268.2,1263.55,1265.0,10938
1691047200,1265.0,1265.0,1263.0,1263.4,5402
1691047500,1263.55,1263.9,1261.05,1263.7,9864
1691047800,1263.9,1263.9,1260.0,1261.55,46603
1691048100,1261.55,1263.35,1259.65,1260.15,38326
1691048400,1260.15,1260.9,1259.25,1260.5,5099
1691048700,1260.5,1260.5,1258.45,1259.9,11461
1691049000,1259.9,1260.2,1258.4,1259.1,17920
1691049300,1259.0,1260.0,1258.0,1259.6,7296
1691049600,1259.6,1260.0,1258.55,1259.05,4601
1691049900,1259.05,1260.0,1258.6,1259.75,9665
1691050200,1259.9,1260.2,1259.05,1259.5,6410
1691050500,1259.5,1260.0,1258.0,1259.35,4255
1691050800,1259.35,1260.0,1258.7,1259.7,5090
1691051100,1259.7,1260.0,1258.05,1258.65,5261
1691051400,1258.3,1260.0,1258.3,1258.9,2545
1691051700,1258.9,1259.9,1257.05,1257.95,9107
1691052000,1257.8,1259.05,1256.0,1257.8,5514
1691052300,1257.8,1258.95,1257.1,1258.9,3766
1691052600,1258.8,1259.6,1256.4,1257.0,29014
1691052900,1257.0,1257.4,1255.55,1256.15,33043
1691053200,1256.5,1257.0,1255.05,1256.8,36368
1691053500,1256.8,1257.1,1255.7,1256.7,14700
1691053800,1256.7,1257.4,1254.55,1255.05,29968
1691054100,1255.05,1255.85,1253.0,1253.3,16955
1691054400,1253.15,1254.45,1253.0,1254.0,15249
1691054700,1254.0,1254.75,1251.65,1253.2,21567
1691055000,1253.5,1255.5,1253.35,1253.8,40531
1691055300,1253.8,1254.0,1251.9,1253.9,25084
1691055600,1254.0,1254.0,1252.75,1253.7,35623
1691055900,1253.7,1254.0,1252.25,1253.7,38983
1691056200,1253.75,1254.0,1252.85,1253.8,27106
1691056500,1253.25,1259.55,1253.25,1259.35,49870
1691120700,1258.95,1287.15,1258.95,1281.9,47573
1691121000,1282.8,1283.5,1277.65,1278.0,27324
1691121300,1278.0,1278.0,1271.45,1273.15,22261
1691121600,1273.25,1274.0,1270.0,1271.0,15894
1691121900,1271.65,1275.0,1271.1,1274.75,9747
1691122200,1274.75,1274.8,1272.75,1273.5,7295
1691122500,1273.5,1273.9,1271.7,1273.9,7473
1691122800,1273.9,1273.9,1269.05,1270.65,10589
1691123100,1270.65,1272.35,1268.3,1268.35,8715
1691123400,1268.9,1269.2,1266.0,1267.45,9441
1691123700,1267.45,1269.15,1265.4,1269.0,4522
1691124000,1268.7,1270.0,1267.85,1269.1,3069
1691124300,1269.1,1269.75,1268.55,1269.15,1700
1691124600,1269.15,1270.0,1269.0,1269.55,4940
1691124900,1269.55,1269.55,1266.2,1266.2,4821
1691125200,1266.2,1267.6,1265.65,1267.0,5757
1691125500,1267.0,1267.0,1264.65,1264.8,3569
1691125800,1264.8,1268.2,1264.7,1267.8,22871
1691126100,1267.8,1267.8,1265.65,1265.65,6448
1691126400,1265.55,1266.0,1262.75,1264.35,18343
1691126700,1264.05,1265.0,1263.5,1265.0,1993
1691127000,1265.0,1265.0,1264.2,1264.3,3032
1691127300,1264.3,1265.0,1260.95,1262.4,14493
1691127600,1262.4,1263.6,1261.6,1261.95,8361
1691127900,1261.95,1263.0,1260.6,1262.2,13143
1691128200,1262.2,1263.25,1261.5,1262.65,13337
1691128500,1262.6,1265.0,1262.15,1264.55,16159
1691128800,1264.7,1264.7,1261.7,1263.9,24650
1691129100,1263.9,1264.15,1262.3,1262.5,6365
1691129400,1262.5,1263.7,1262.0,1263.05,3212
1691129700,1263.05,1264.0,1262.05,1262.9,3776
1691130000,1262.9,1262.9,1260.7,1260.7,7655
1691130300,1260.7,1261.85,1260.1,1260.1,7008
1691130600,1260.1,1261.75,1259.9,1260.8,8794
1691130900,1260.8,1260.8,1258.05,1259.95,17152
1691131200,1259.95,1259.95,1258.3,1259.1,6703
1691131500,1259.7,1260.0,1258.7,1258.95,7842
1691131800,1258.95,1260.0,1258.9,1259.2,14349
1691132100,1259.4,1260.0,1258.5,1259.25,12745
1691132400,1259.25,1260.0,1258.4,1258.65,11852
1691132700,1259.3,1259.3,1257.6,1257.8,8685
1691133000,1257.45,1259.95,1257.45,1259.05,12169
1691133300,1259.05,1259.8,1258.15,1258.35,1655
1691133600,1258.3,1260.0,1258.15,1259.6,9201
1691133900,1259.6,1260.0,1259.05,1259.6,5490
1691134200,1259.6,1260.0,1259.0,1259.8,6536
1691134500,1259.8,1260.0,1257.05,1257.1,63396
1691134800,1257.1,1258.0,1256.55,1256.55,6051
1691135100,1256.55,1257.65,1256.0,1257.25,2693
1691135400,1257.25,1257.8,1255.0,1255.7,32388
1691135700,1256.1,1258.8,1255.25,1256.2,102436
1691136000,1256.25,1257.55,1255.0,1255.0,19925
1691136300,1255.05,1256.0,1254.0,1255.6,27909
1691136600,1256.0,1256.0,1255.0,1255.1,15255
1691136900,1255.1,1255.95,1255.05,1255.5,2899
1691137200,1255.5,1256.0,1255.05,1255.3,2669
1691137500,1255.3,1256.0,1254.8,1256.0,13789
1691137800,1255.7,1256.2,1255.0,1255.25,17154
1691138100,1255.25,1256.0,1255.05,1255.9,5257
1691138400,1255.9,1258.6,1255.55,1258.6,35150
1691138700,1258.6,1260.0,1258.3,1259.15,39496
1691139000,1260.0,1260.95,1258.5,1260.0,113567
1691139300,1260.0,1268.75,1259.95,1267.25,202491
1691139600,1267.2,1272.95,1267.2,1270.8,48303
1691139900,1270.75,1271.4,1267.0,1267.65,19150
1691140200,1268.05,1274.25,1267.55,1273.3,39332
1691140500,1273.65,1274.85,1272.2,1273.9,40762
1691140800,1273.6,1274.8,1272.0,1273.8,63768
1691141100,1273.8,1274.1,1272.5,1273.5,23836
1691141400,1273.55,1273.55,1266.35,1268.7,37761
1691141700,1268.75,1270.75,1267.6,1270.3,24236
1691142000,1270.3,1270.3,1268.25,1269.4,18378
1691142300,1269.4,1269.4,1266.6,1267.8,25045
1691142600,1268.0,1268.0,1264.2,1265.5,46492
1691142900,1266.25,1268.0,1265.0,1265.0,30321
1691379900,1273.0,1279.7,1268.35,1274.45,37509
1691380200,1275.3,1275.3,1269.05,1269.4,15208
1691380500,1269.4,1271.95,1268.5,1271.9,7156
1691380800,1271.5,1271.5,1266.7,1267.3,13511
1691381100,1267.3,1268.7,1266.6,1267.25,8403
1691381400,1267.25,1269.75,1266.55,1269.75,14479
1691381700,1269.75,1273.9,1269.75,1272.85,10386
1691382000,1272.85,1275.95,1272.85,1274.05,21349
1691382300,1274.05,1276.9,1273.55,1275.85,23296
1691382600,1275.85,1276.75,1274.3,1275.2,7625
1691382900,1275.2,1275.65,1273.0,1274.15,14096
1691383200,1274.25,1275.55,1273.55,1274.45,10496
1691383500,1274.45,1276.0,1274.45,1275.9,2426
1691383800,1275.85,1280.35,1275.55,1277.55,21062
1691384100,1277.9,1279.35,1277.65,1278.95,4852
1691384400,1279.35,1281.9,1278.75,1279.6,11467
1691384700,1279.6,1282.0,1278.3,1282.0,7667
1691385000,1281.95,1282.0,1280.5,1281.25,9471
1691385300,1281.25,1282.95,1280.65,1282.85,10255
1691385600,1282.85,1282.95,1282.15,1282.4,5774
1691385900,1282.15,1282.9,1281.5,1282.3,8335
1691386200,1282.35,1282.35,1281.45,1281.95,5022
1691386500,1281.95,1282.45,1280.7,1281.15,6369
1691386800,1281.2,1281.85,1279.25,1279.9,7716
1691387100,1279.9,1281.85,1278.05,1278.5,27237
1691387400,1278.5,1280.0,1273.55,1273.65,45903
1691387700,1273.35,1280.6,1273.1,1279.2,21263
1691388000,1278.7,1282.1,1278.35,1278.9,34981
1691388300,1279.35,1281.55,1278.0,1280.45,17982
1691388600,1280.85,1282.85,1280.45,1282.85,7330
1691388900,1282.85,1283.7,1282.35,1283.7,7525
1691389200,1283.4,1283.85,1280.6,1281.35,11351
1691389500,1281.55,1282.9,1281.35,1282.9,6411
1691389800,1283.05,1283.5,1282.45,1282.75,7500
1691390100,1282.95,1285.4,1282.75,1284.7,18179
1691390400,1284.75,1286.0,1284.55,1285.0,10054
1691390700,1285.6,1286.0,1283.25,1284.0,8816
1691391000,1284.0,1285.9,1283.05,1285.4,9577
1691391300,1285.15,1285.65,1280.75,1281.9,16418
1691391600,1281.9,1284.85,1281.9,1284.7,7448
1691391900,1284.95,1287.7,1283.7,1286.9,12870
1691392200,1286.9,1287.9,1285.85,1287.85,8673
1691392500,1287.85,1291.3,1287.35,1290.55,24784
1691392800,1291.0,1291.95,1289.95,1291.85,23914
1691393100,1291.8,1294.45,1290.2,1293.05,20966
1691393400,1292.95,1292.95,1291.55,1292.5,8786
1691393700,1292.9,1293.4,1291.7,1293.4,10558
1691394000,1293.4,1294.7,1290.05,1290.05,57270
1691394300,1290.65,1291.75,1289.35,1289.35,14511
1691394600,1289.95,1290.25,1288.6,1289.1,21834
1691394900,1289.1,1290.4,1289.1,1290.0,16675
1691395200,1290.0,1290.0,1287.3,1287.95,20135
1691395500,1288.0,1289.5,1287.1,1288.45,8719
1691395800,1288.45,1290.0,1287.55,1289.9,10749
1691396100,1289.65,1290.25,1289.3,1289.8,7129
1691396400,1290.0,1290.0,1289.2,1290.0,9441
1691396700,1290.0,1290.0,1289.05,1290.0,8163
1691397000,1289.8,1290.0,1289.0,1289.9,13099
1691397300,1289.9,1290.0,1289.05,1290.0,7489
1691397600,1290.0,1290.0,1287.8,1288.45,10091
1691397900,1288.05,1289.0,1285.65,1286.7,24407
1691398200,1286.9,1288.0,1286.35,1287.6,12469
1691398500,1287.65,1288.35,1286.8,1287.6,18547
1691398800,1287.6,1287.95,1286.25,1287.15,15804
1691399100,1287.0,1287.95,1286.2,1287.95,9396
1691399400,1287.9,1291.45,1287.5,1289.95,33856
1691399700,1289.9,1294.2,1288.0,1292.65,50639
1691400000,1292.9,1295.6,1291.95,1295.5,53391
1691400300,1295.7,1303.55,1295.55,1300.9,81421
1691400600,1301.15,1304.0,1299.3,1303.85,52317
1691400900,1303.85,1304.0,1300.85,1303.1,56121
1691401200,1303.0,1305.0,1302.45,1304.0,118383
1691401500,1303.7,1304.2,1301.6,1304.1,93363
1691401800,1304.1,1305.7,1300.5,1300.95,128567
1691402100,1301.0,1304.8,1299.2,1304.8,111885
1691466300,1306.9,1306.9,1293.75,1294.3,41116
1691466600,1294.4,1305.5,1294.0,1301.8,30430
1691466900,1301.8,1302.45,1296.0,1299.7,17193
1691467200,1299.7,1303.7,1298.7,1300.6,21214
1691467500,1300.6,1303.95,1300.0,1303.35,12549
1691467800,1303.35,1304.4,1299.95,1300.6,17308
1691468100,1300.6,1303.4,1300.55,1303.1,4130
1691468400,1303.1,1303.35,1301.2,1302.75,7701
1691468700,1302.85,1302.95,1301.0,1302.7,6041
1691469000,1302.7,1305.65,1301.95,1305.0,13111
1691469300,1305.0,1306.9,1304.85,1305.75,10619
1691469600,1305.05,1308.0,1305.05,1305.2,15757
1691469900,1305.8,1306.4,1304.0,1305.0,15262
1691470200,1305.0,1305.7,1302.0,1303.45,8128
1691470500,1303.8,1303.8,1301.0,1302.1,7991
1691470800,1302.1,1303.4,1300.0,1301.4,10872
1691471100,1301.35,1303.25,1300.25,1301.95,6615
1691471400,1301.95,1303.15,1299.6,1301.2,10301
1691471700,1301.2,1304.0,1299.05,1303.8,6535
1691472000,1303.8,1304.55,1299.6,1302.9,14654
1691472300,1302.85,1303.0,1299.7,1299.7,5508
1691472600,1299.7,1302.35,1299.6,1301.1,3968
1691472900,1301.1,1301.7,1296.3,1298.9,12583
1691473200,1299.0,1299.8,1297.05,1299.8,10310
1691473500,1299.25,1301.45,1296.6,1296.7,7832
1691473800,1296.7,1299.3,1294.5,1296.65,34291
1691474100,1295.8,1301.3,1294.15,1300.3,91556
1691474400,1301.6,1308.95,1300.3,1308.8,85074
1691474700,1308.05,1314.2,1304.3,1314.2,150778
1691475000,1314.25,1318.55,1313.55,1313.55,39501
1691475300,1313.8,1322.6,1313.5,1321.9,40151
1691475600,1321.8,1324.9,1319.6,1321.5,39127
1691475900,1321.4,1324.9,1319.15,1323.5,19984
1691476200,1323.4,1328.0,1322.9,1325.5,45517
1691476500,1325.5,1326.0,1318.95,1319.3,55467
1691476800,1319.3,1319.9,1317.15,1319.9,16738
1691477100,1319.55,1324.0,1319.55,1323.0,29404
1691477400,1323.0,1325.8,1321.35,1325.15,23110
1691477700,1325.15,1329.5,1324.1,1328.3,37863
1691478000,1328.1,1331.4,1326.1,1326.95,99752
1691478300,1327.5,1327.5,1325.0,1326.95,33947
1691478600,1327.25,1333.15,1326.95,1332.95,76464
1691478900,1332.9,1339.75,1332.9,1338.55,107135
1691479200,1338.5,1344.8,1338.35,1343.9,123022
1691479500,1342.8,1343.45,1338.05,1339.6,58991
1691479800,1339.85,1343.25,1339.45,1342.9,43715
1691480100,1343.0,1346.5,1342.05,1342.25,82636
1691480400,1342.25,1343.0,1341.1,1341.8,39468
1691480700,1341.3,1342.75,1338.65,1341.75,35574
1691481000,1342.0,1347.45,1341.1,1346.5,49348
1691481300,1346.5,1351.85,1346.1,1348.5,93702
1691481600,1348.25,1350.0,1346.5,1347.85,98198
1691481900,1347.75,1348.4,1344.75,1345.8,55250
1691482200,1345.8,1349.4,1345.3,1345.85,66018
1691482500,1345.9,1351.0,1345.2,1348.7,51705
1691482800,1349.0,1351.95,1348.45,1351.05,51255
1691483100,1351.35,1353.8,1350.35,1353.7,54089
1691483400,1353.5,1356.6,1353.25,1356.6,61064
1691483700,1356.4,1356.9,1353.5,1354.65,54500
1691484000,1354.3,1354.95,1353.0,1354.6,35639
1691484300,1354.6,1356.4,1354.5,1356.1,46527
1691484600,1355.85,1358.75,1355.85,1357.25,61895
1691484900,1356.7,1357.8,1353.85,1354.55,67923
1691485200,1354.5,1354.9,1346.95,1347.15,117436
1691485500,1347.35,1349.75,1344.0,1344.5,74575
1691485800,1344.5,1345.55,1341.05,1341.25,48059
1691486100,1341.9,1350.0,1341.0,1349.8,63882
1691486400,1349.8,1353.9,1347.05,1349.75,63213
1691486700,1349.0,1352.4,1348.55,1349.45,58786
1691487000,1349.15,1351.35,1349.1,1349.65,54509
1691487300,1349.4,1349.75,1345.4,1346.2,116079
1691487600,1346.2,1347.9,1346.05,1346.85,87832
1691487900,1346.9,1350.5,1346.25,1350.0,79645
1691488200,1350.15,1353.75,1350.15,1351.6,77865
1691488500,1351.6,1355.0,1350.05,1355.0,39836
1691552700,1366.0,1372.0,1352.45,1370.85,219231
1691553000,1370.85,1374.0,1364.1,1369.25,148102
1691553300,1369.3,1371.4,1365.6,1365.9,44779
1691553600,1365.85,1366.65,1362.55,1365.3,52675
1691553900,1364.6,1370.0,1362.5,1368.45,47128
1691554200,1368.45,1369.0,1366.0,1367.85,22541
1691554500,1367.85,1368.5,1362.7,1365.2,27315
1691554800,1365.2,1367.0,1363.8,1363.8,15255
1691555100,1364.15,1364.5,1362.0,1362.1,18433
1691555400,1362.1,1366.6,1362.1,1366.6,24599
1691555700,1366.6,1367.5,1363.85,1363.85,19128
1691556000,1363.0,1365.8,1363.0,1365.25,16523
1691556300,1365.25,1365.7,1363.0,1364.05,13729
1691556600,1364.3,1365.0,1357.95,1359.0,44591
1691556900,1359.05,1361.95,1359.05,1360.75,21903
1691557200,1360.75,1361.25,1359.5,1360.7,18958
1691557500,1360.7,1361.0,1360.0,1360.05,20491
1691557800,1360.0,1360.05,1355.0,1358.45,45964
1691558100,1358.45,1358.45,1356.3,1357.8,12548
1691558400,1357.85,1358.65,1356.5,1358.65,19277
1691558700,1359.05,1361.05,1359.0,1359.6,25610
1691559000,1359.5,1359.5,1356.5,1357.2,11964
1691559300,1357.2,1357.2,1357.0,1357.05,7465
1691559600,1357.05,1357.05,1355.2,1355.8,8094
1691559900,1355.8,1357.9,1355.5,1356.95,8084
1691560200,1356.95,1357.55,1356.5,1357.05,6763
1691560500,1357.05,1359.6,1357.0,1357.85,11985
1691560800,1357.4,1358.85,1356.5,1358.0,10102
1691561100,1358.1,1358.7,1357.7,1358.0,7211
1691561400,1358.0,1358.8,1355.75,1356.9,11738
1691561700,1356.9,1358.65,1356.9,1358.15,11145
1691562000,1357.65,1358.2,1355.75,1355.75,9388
1691562300,1355.8,1356.0,1353.55,1354.4,25731
1691562600,1354.4,1355.2,1353.1,1353.55,14350
1691562900,1353.55,1353.9,1350.55,1351.4,17537
1691563200,1351.55,1351.95,1350.35,1350.75,10322
1691563500,1350.7,1351.0,1349.1,1350.0,24331
1691563800,1350.0,1350.25,1349.45,1350.0,37789
1691564100,1350.0,1350.0,1349.3,1350.0,13152
1691564400,1350.0,1350.55,1348.15,1349.1,15176
1691564700,1349.1,1349.1,1345.65,1347.65,25969
1691565000,1347.65,1348.05,1345.0,1345.3,11863
1691565300,1345.9,1347.15,1345.15,1345.95,10502
1691565600,1345.95,1346.4,1343.0,1344.2,16836
1691565900,1344.2,1346.3,1343.7,1346.3,9256
1691566200,1346.45,1348.75,1345.6,1348.0,18097
1691566500,1348.15,1350.0,1348.15,1349.55,18402
1691566800,1349.55,1350.0,1349.45,1349.5,19048
1691567100,1349.55,1350.95,1349.3,1349.55,22715
1691567400,1349.55,1350.0,1349.4,1349.55,5119
1691567700,1349.6,1349.7,1344.25,1347.0,60340
1691568000,1346.6,1348.05,1346.0,1346.85,4941
1691568300,1346.85,1347.25,1345.85,1346.35,6078
1691568600,1346.9,1347.45,1346.45,1347.25,4114
1691568900,1347.05,1347.5,1346.6,1347.15,4152
1691569200,1347.2,1347.2,1345.7,1346.05,8589
1691569500,1346.05,1347.25,1345.7,1347.2,7109
1691569800,1347.1,1349.5,1347.1,1349.0,8750
1691570100,1349.0,1350.0,1348.7,1349.6,5048
1691570400,1349.6,1350.0,1348.2,1348.55,17511
1691570700,1348.95,1348.95,1347.1,1347.15,7518
1691571000,1347.1,1348.4,1347.1,1347.9,9901
1691571300,1347.9,1349.35,1347.9,1349.35,4955
1691571600,1349.45,1350.0,1349.0,1349.2,4474
1691571900,1350.0,1350.0,1347.9,1347.95,21788
1691572200,1348.2,1349.7,1347.8,1347.9,20931
1691572500,1348.25,1348.7,1347.45,1348.7,9980
1691572800,1348.3,1349.35,1348.1,1349.35,8654
1691573100,1349.35,1349.9,1348.25,1348.8,8727
1691573400,1348.1,1349.95,1348.1,1349.65,29002
1691573700,1349.6,1350.05,1349.55,1350.0,31765
1691574000,1349.95,1350.3,1349.0,1350.0,37615
1691574300,1349.85,1350.0,1348.15,1349.15,46920
1691574600,1349.0,1349.5,1348.0,1348.35,46609
1691574900,1348.2,1350.65,1345.35,1348.0,18859
1691639100,1344.95,1349.0,1341.05,1348.5,23229
1691639400,1348.5,1349.0,1345.2,1346.05,12820
1691639700,1346.5,1348.0,1343.35,1343.95,9649
1691640000,1343.95,1343.95,1339.5,1341.85,14566
1691640300,1341.85,1344.7,1340.45,1342.4,7086
1691640600,1342.4,1344.8,1342.3,1343.95,6178
1691640900,1343.95,1346.75,1343.45,1343.65,6983
1691641200,1343.65,1346.8,1343.3,1344.65,4215
1691641500,1345.45,1348.0,1345.05,1347.9,4311
1691641800,1347.9,1352.15,1347.7,1352.05,22204
1691642100,1352.0,1353.5,1350.7,1352.65,14483
1691642400,1351.9,1355.5,1351.35,1353.3,9921
1691642700,1354.15,1357.0,1353.05,1356.0,9612
1691643000,1355.3,1358.9,1351.35,1351.95,22177
1691643300,1351.95,1353.65,1349.2,1353.65,12683
1691643600,1352.9,1353.9,1348.5,1350.8,12204
1691643900,1351.15,1353.4,1349.05,1352.65,11489
1691644200,1352.5,1353.25,1349.4,1349.8,7552
1691644500,1349.4,1352.05,1348.0,1350.35,8906
1691644800,1350.2,1352.4,1349.45,1352.1,8889
1691645100,1351.3,1355.0,1351.0,1354.2,7788
1691645400,1354.15,1354.75,1353.35,1353.65,4490
1691645700,1353.35,1354.3,1352.1,1352.15,4411
1691646000,1352.15,1352.6,1349.4,1349.95,8193
1691646300,1349.45,1349.45,1345.35,1346.85,10100
1691646600,1346.6,1351.0,1346.0,1350.6,7449
1691646900,1350.6,1350.75,1348.35,1349.5,4917
1691647200,1349.85,1350.8,1348.1,1348.35,5571
1691647500,1347.95,1350.95,1347.95,1350.0,4039
1691647800,1349.9,1351.0,1349.65,1351.0,4141
1691648100,1351.0,1352.25,1349.1,1349.8,5615
1691648400,1349.15,1350.95,1348.35,1350.5,6494
1691648700,1350.2,1352.5,1349.2,1352.0,4367
1691649000,1351.8,1352.45,1350.05,1351.6,6276
1691649300,1351.4,1352.25,1350.3,1351.9,5425
1691649600,1351.65,1352.45,1350.25,1350.75,5949
1691649900,1350.55,1351.2,1349.4,1350.0,7214
1691650200,1349.55,1350.0,1348.2,1349.8,7324
1691650500,1349.25,1350.0,1346.5,1346.5,5802
1691650800,1346.5,1346.75,1343.75,1343.75,8621
1691651100,1344.0,1346.3,1343.55,1343.7,7167
1691651400,1343.7,1345.0,1343.15,1344.85,9060
1691651700,1344.85,1345.0,1343.25,1344.1,8031
1691652000,1344.1,1345.1,1343.75,1345.1,6948
1691652300,1344.8,1345.2,1344.05,1345.05,4805
1691652600,1345.05,1345.1,1343.8,1344.9,4687
1691652900,1345.0,1345.05,1343.8,1344.5,4763
1691653200,1343.45,1343.65,1341.85,1342.7,5889
1691653500,1342.7,1343.0,1341.35,1341.95,9630
1691653800,1341.95,1341.95,1340.35,1340.95,5089
1691654100,1340.85,1340.85,1337.25,1338.25,11612
1691654400,1338.1,1340.0,1337.8,1339.55,4629
1691654700,1339.05,1341.3,1338.6,1341.3,9256
1691655000,1340.9,1342.0,1339.9,1341.0,7481
1691655300,1340.55,1343.55,1340.5,1340.8,11541
1691655600,1340.55,1341.0,1338.1,1338.55,6857
1691655900,1338.55,1340.05,1336.15,1337.25,15749
1691656200,1337.2,1338.2,1335.2,1337.35,9793
1691656500,1337.35,1339.25,1336.15,1338.85,16515
1691656800,1338.85,1339.0,1336.4,1337.9,8434
1691657100,1337.5,1339.0,1337.5,1337.75,4579
1691657400,1337.8,1339.0,1336.95,1339.0,4659
1691657700,1338.65,1339.0,1338.4,1339.0,4699
1691658000,1338.9,1339.0,1338.55,1339.0,5497
1691658300,1338.9,1339.55,1338.4,1338.8,7961
1691658600,1338.8,1339.0,1338.45,1339.0,4993
1691658900,1338.9,1339.0,1337.05,1337.9,5556
1691659200,1337.95,1338.1,1335.05,1335.85,9989
1691659500,1335.85,1338.1,1335.85,1335.95,6789
1691659800,1335.85,1337.4,1330.1,1333.2,39552
1691660100,1333.05,1338.95,1331.55,1338.05,47040
1691660400,1338.05,1338.05,1334.4,1335.8,38684
1691660700,1335.95,1335.95,1333.45,1334.0,48091
1691661000,1334.05,1334.05,1332.15,1333.45,51913
1691661300,1333.5,1334.9,1331.0,1331.6,38242
1691725500,1340.0,1340.0,1326.4,1327.95,15150
1691725800,1328.4,1328.9,1326.05,1327.05,9928
1691726100,1327.05,1329.45,1325.05,1325.75,14097
1691726400,1325.75,1326.95,1320.2,1320.2,43062
1691726700,1320.25,1321.6,1317.8,1320.3,52457
1691727000,1320.3,1323.6,1319.6,1319.6,44433
1691727300,1319.6,1320.8,1315.1,1315.1,15397
1691727600,1315.05,1317.8,1313.9,1317.8,23986
1691727900,1317.1,1320.55,1317.1,1320.15,13196
1691728200,1320.25,1322.6,1319.6,1320.45,8052
1691728500,1320.4,1321.5,1320.0,1320.55,5100
1691728800,1320.15,1322.35,1320.0,1320.05,4112
1691729100,1320.05,1320.85,1318.05,1318.8,17436
1691729400,1318.8,1319.35,1318.0,1318.35,3841
1691729700,1318.35,1321.05,1317.25,1320.9,8397
1691730000,1320.35,1321.05,1318.55,1319.35,7661
1691730300,1319.35,1319.35,1316.15,1317.95,6383
1691730600,1317.95,1320.0,1317.7,1318.85,3193
1691730900,1318.85,1319.4,1316.2,1318.7,5916
1691731200,1318.65,1320.0,1318.25,1318.6,4011
1691731500,1318.6,1319.35,1318.45,1318.7,3256
1691731800,1318.5,1319.05,1318.5,1319.0,5121
1691732100,1319.0,1319.5,1318.5,1319.45,1908
1691732400,1319.45,1319.8,1318.7,1319.6,2372
1691732700,1319.6,1319.8,1318.1,1318.6,20518
1691733000,1318.6,1318.95,1315.3,1316.45,36221
1691733300,1316.45,1317.4,1315.7,1315.95,3277
1691733600,1315.95,1316.7,1315.8,1315.9,1782
1691733900,1315.9,1316.45,1312.3,1313.1,14421
1691734200,1313.1,1313.1,1310.8,1311.0,7155
1691734500,1311.05,1311.7,1310.2,1310.4,8055
1691734800,1310.55,1312.5,1309.1,1311.6,13049
1691735100,1311.6,1312.3,1309.8,1309.85,6742
1691735400,1309.8,1312.45,1309.3,1311.15,25652
1691735700,1311.0,1311.7,1310.0,1310.7,4012
1691736000,1310.7,1310.7,1309.4,1309.4,43115
1691736300,1308.8,1309.45,1306.0,1306.0,17729
1691736600,1306.4,1307.7,1304.9,1307.0,14201
1691736900,1307.0,1309.9,1307.0,1308.15,10081
1691737200,1308.15,1308.75,1306.05,1306.15,5862
1691737500,1306.15,1308.1,1306.0,1307.55,5099
1691737800,1307.55,1308.65,1307.0,1308.45,7277
1691738100,1308.45,1312.0,1308.0,1311.45,9906
1691738400,1312.0,1312.3,1310.15,1310.8,9205
1691738700,1310.8,1310.85,1308.0,1308.35,12180
1691739000,1308.1,1311.0,1307.9,1311.0,4198
1691739300,1310.55,1311.0,1309.0,1309.6,26771
1691739600,1310.0,1310.5,1309.2,1310.0,4409
1691739900,1309.95,1310.0,1307.75,1308.35,4088
1691740200,1308.35,1309.6,1307.95,1309.15,3384
1691740500,1309.5,1309.75,1308.65,1309.35,2278
1691740800,1309.35,1309.5,1307.35,1309.4,3252
1691741100,1309.35,1309.35,1307.5,1308.25,2315
1691741400,1308.25,1309.75,1307.5,1309.5,3004
1691741700,1309.5,1310.0,1308.15,1308.65,10633
1691742000,1308.65,1309.15,1307.75,1307.9,1937
1691742300,1307.75,1310.1,1307.6,1309.3,5831
1691742600,1309.25,1309.5,1308.45,1308.6,2410
1691742900,1308.8,1310.0,1307.65,1309.25,5034
1691743200,1309.5,1309.55,1308.45,1309.05,3207
1691743500,1309.05,1310.35,1308.85,1309.65,5243
1691743800,1309.65,1309.95,1307.75,1307.75,10653
1691744100,1307.75,1309.4,1307.55,1309.05,3414
1691744400,1309.05,1309.65,1308.75,1308.75,2446
1691744700,1308.75,1309.55,1308.05,1308.05,3032
1691745000,1308.1,1308.9,1307.5,1308.45,3453
1691745300,1308.45,1309.0,1307.55,1308.3,4353
1691745600,1308.3,1309.45,1307.8,1308.1,4504
1691745900,1308.1,1309.45,1307.8,1309.2,3561
1691746200,1309.3,1310.0,1308.45,1309.25,12628
1691746500,1309.7,1312.9,1309.3,1312.45,36238
1691746800,1312.45,1313.8,1310.55,1311.6,17269
1691747100,1311.55,1313.45,1310.0,1313.0,46230
1691747400,1312.95,1314.0,1310.8,1312.65,29247
1691747700,1312.65,1313.3,1308.05,1308.3,31514
1691984700,1314.0,1315.95,1299.55,1302.45,24401
1691985000,1301.2,1301.5,1296.25,1297.6,15675
1691985300,1297.6,1302.35,1296.6,1298.05,14013
1691985600,1298.05,1301.3,1298.0,1299.55,8802
1691985900,1300.15,1302.4,1299.55,1302.4,4499
1691986200,1302.4,1303.95,1300.25,1302.7,5651
1691986500,1302.7,1303.0,1300.05,1301.5,4717
1691986800,1301.0,1301.55,1298.45,1299.0,3870
1691987100,1299.0,1301.0,1297.15,1300.75,5937
1691987400,1300.75,1303.3,1300.0,1302.25,5962
1691987700,1302.25,1304.95,1301.85,1303.75,7606
1691988000,1303.75,1304.95,1301.0,1301.2,3759
1691988300,1300.85,1300.85,1295.85,1297.15,10337
1691988600,1297.15,1298.15,1295.15,1296.4,5388
1691988900,1296.4,1298.8,1295.1,1298.1,6871
1691989200,1298.1,1298.2,1293.15,1294.0,8841
1691989500,1294.05,1295.8,1294.0,1295.5,3383
1691989800,1295.5,1297.2,1294.4,1296.1,7843
1691990100,1296.1,1297.7,1295.05,1297.4,13111
1691990400,1297.4,1297.95,1295.6,1295.9,5183
1691990700,1295.9,1297.45,1295.9,1296.7,2865
1691991000,1296.65,1296.75,1294.5,1295.5,4555
1691991300,1295.3,1297.45,1295.3,1296.35,2275
1691991600,1296.35,1296.75,1295.3,1295.55,4222
1691991900,1295.5,1297.0,1293.35,1293.35,47954
1691992200,1293.3,1295.35,1291.95,1293.95,28887
1691992500,1293.95,1299.65,1293.6,1299.4,20773
1691992800,1299.55,1304.35,1298.7,1301.8,8998
1691993100,1301.65,1303.85,1300.8,1302.05,6674
1691993400,1302.05,1302.4,1299.15,1299.15,6089
1691993700,1299.3,1299.3,1298.0,1299.0,8218
1691994000,1299.0,1303.15,1298.6,1302.25,63399
1691994300,1302.45,1307.85,1302.4,1306.9,10236
1691994600,1306.95,1308.2,1306.35,1307.6,8389
1691994900,1307.65,1309.0,1307.2,1307.85,5180
1691995200,1307.65,1308.45,1306.1,1307.05,5487
1691995500,1307.05,1307.05,1300.7,1301.65,10970
1691995800,1301.65,1303.75,1301.65,1303.1,3532
1691996100,1303.1,1304.05,1302.05,1303.45,4840
1691996400,1303.15,1304.05,1300.0,1301.5,11259
1691996700,1301.45,1302.2,1298.75,1302.05,7733
1691997000,1302.2,1302.8,1299.2,1299.55,4840
1691997300,1300.0,1302.7,1298.4,1299.2,7677
1691997600,1300.0,1301.85,1299.55,1299.9,4760
1691997900,1299.9,1301.65,1298.1,1298.85,6142
1691998200,1299.0,1300.85,1298.05,1299.85,8962
1691998500,1299.85,1302.0,1299.55,1299.8,4092
1691998800,1299.8,1302.1,1298.05,1299.75,10994
1691999100,1300.15,1301.6,1297.15,1297.6,7231
1691999400,1297.6,1302.05,1296.55,1301.8,8946
1691999700,1301.35,1302.75,1300.6,1300.85,10492
1692000000,1301.05,1303.95,1300.35,1303.45,6070
1692000300,1303.5,1304.45,1301.5,1303.5,5861
1692000600,1303.7,1303.8,1301.65,1303.8,5373
1692000900,1303.8,1307.45,1302.4,1305.55,16088
1692001200,1305.55,1307.25,1303.3,1304.55,15705
1692001500,1304.65,1305.75,1303.6,1304.95,9934
1692001800,1305.0,1305.25,1300.35,1300.8,8752
1692002100,1301.0,1301.6,1298.8,1301.1,15828
1692002400,1300.75,1302.95,1300.0,1302.15,11466
1692002700,1302.2,1302.75,1297.75,1298.2,13912
1692003000,1297.75,1302.3,1297.6,1299.15,10710
1692003300,1298.8,1302.3,1298.8,1301.65,10798
1692003600,1300.95,1302.55,1299.0,1301.7,8818
1692003900,1302.0,1302.45,1299.65,1301.0,7252
1692004200,1300.75,1302.1,1298.6,1300.6,15261
1692004500,1300.85,1302.0,1299.1,1300.35,9215
1692004800,1300.0,1302.45,1299.2,1301.8,10623
1692005100,1301.9,1302.35,1299.25,1301.7,10352
1692005400,1301.35,1304.85,1298.4,1299.75,37034
1692005700,1300.25,1301.6,1297.25,1297.65,29476
1692006000,1297.5,1297.95,1294.05,1295.1,34539
1692006300,1295.15,1296.45,1293.05,1293.6,30295
1692006600,1293.65,1296.25,1293.05,1295.25,21176
1692006900,1295.25,1298.3,1292.8,1294.6,30017
1692157500,1295.0,1299.95,1281.0,1283.75,28653
1692157800,1282.25,1289.95,1281.45,1288.0,9869
1692158100,1288.0,1289.35,1285.9,1288.95,11703
1692158400,1289.55,1289.65,1287.35,1288.65,7667
1692158700,1288.65,1289.5,1287.5,1288.9,5589
1692159000,1288.9,1289.55,1287.75,1288.25,3878
1692159300,1288.25,1288.3,1285.45,1285.9,2641
1692159600,1285.9,1289.4,1284.65,1289.0,9750
1692159900,1289.0,1289.05,1288.15,1288.7,1657
1692160200,1288.85,1288.9,1288.0,1288.85,2562
1692160500,1288.85,1289.1,1287.1,1287.55,3115
1692160800,1288.15,1288.45,1287.3,1287.85,1941
1692161100,1287.85,1288.6,1286.55,1287.25,3157
1692161400,1287.3,1288.0,1285.7,1287.2,5613
1692161700,1286.55,1287.25,1285.75,1286.25,3519
1692162000,1286.25,1286.65,1285.75,1285.75,4495
1692162300,1285.75,1285.75,1283.8,1285.25,4530
1692162600,1285.25,1287.1,1284.8,1286.1,5332
1692162900,1286.1,1286.1,1283.7,1284.65,5637
1692163200,1284.65,1285.45,1283.75,1284.4,2464
1692163500,1284.4,1285.1,1283.55,1283.65,2148
1692163800,1283.65,1284.85,1283.0,1284.45,2863
1692164100,1284.95,1285.2,1284.05,1285.15,2733
1692164400,1285.15,1285.9,1284.45,1285.7,3849
1692164700,1285.7,1285.95,1284.45,1284.95,2205
1692165000,1284.95,1284.95,1283.45,1284.0,2148
1692165300,1284.0,1284.25,1283.25,1283.9,2445
1692165600,1283.9,1284.1,1283.3,1283.4,1656
1692165900,1283.9,1284.15,1283.55,1283.55,2103
1692166200,1283.75,1283.75,1281.5,1283.3,6887
1692166500,1283.3,1284.3,1282.9,1283.5,2100
1692166800,1283.5,1284.6,1283.0,1283.9,2803
1692167100,1283.9,1285.0,1283.45,1284.45,2276
1692167400,1284.45,1285.0,1284.45,1285.0,2516
1692167700,1285.0,1285.0,1284.65,1285.0,2632
1692168000,1285.0,1285.0,1284.5,1284.95,2368
1692168300,1284.95,1285.0,1284.75,1285.0,1606
1692168600,1285.0,1285.0,1284.75,1285.0,3167
1692168900,1285.0,1285.95,1284.9,1285.75,3178
1692169200,1285.75,1286.95,1284.75,1286.55,9350
1692169500,1286.55,1289.4,1286.55,1288.7,2860
1692169800,1288.7,1289.4,1288.0,1289.4,1758
1692170100,1289.4,1289.45,1288.05,1288.6,1163
1692170400,1289.35,1290.0,1288.5,1290.0,5254
1692170700,1290.0,1292.35,1290.0,1291.8,4804
1692171000,1291.8,1292.05,1291.2,1291.8,1995
1692171300,1291.8,1292.0,1290.85,1291.9,1617
1692171600,1291.9,1292.35,1291.25,1292.25,1542
1692171900,1292.25,1292.5,1291.25,1292.0,1805
1692172200,1292.0,1292.2,1290.1,1291.7,1682
1692172500,1291.7,1291.75,1290.0,1290.0,1676
1692172800,1290.6,1290.6,1290.0,1290.35,2909
1692173100,1290.35,1291.4,1290.0,1291.0,2682
1692173400,1291.0,1291.45,1290.0,1291.1,3217
1692173700,1291.1,1291.15,1290.0,1291.15,2221
1692174000,1291.15,1291.3,1290.1,1290.65,1463
1692174300,1290.65,1292.4,1290.45,1292.2,1879
1692174600,1292.2,1292.85,1291.35,1292.75,3361
1692174900,1292.75,1293.1,1291.1,1292.5,5306
1692175200,1292.5,1292.5,1290.9,1291.15,1756
1692175500,1291.75,1292.45,1290.75,1291.0,2288
1692175800,1291.45,1291.45,1290.05,1290.8,2359
1692176100,1290.8,1290.85,1290.2,1290.85,2433
1692176400,1290.85,1290.85,1288.45,1288.95,8143
1692176700,1288.95,1289.75,1288.2,1288.9,5038
1692177000,1288.9,1290.9,1288.3,1290.9,3519
1692177300,1290.9,1291.9,1290.0,1291.0,3119
1692177600,1291.6,1291.9,1290.0,1290.65,2104
1692177900,1290.65,1291.2,1290.1,1290.95,2917
1692178200,1291.45,1293.15,1290.25,1292.3,25492
1692178500,1292.3,1293.8,1291.9,1292.4,13418
1692178800,1292.4,1292.45,1289.7,1289.7,14071
1692179100,1289.9,1291.5,1289.4,1291.4,29684
1692179400,1291.4,1292.95,1290.85,1290.85,23110
1692179700,1291.45,1291.95,1288.2,1290.0,21317
1692243900,1286.5,1289.95,1279.6,1281.25,14711
1692244200,1281.0,1282.6,1280.1,1282.45,10894
1692244500,1282.45,1283.65,1281.9,1282.75,8831
1692244800,1282.2,1283.85,1281.05,1283.05,24612
1692245100,1283.05,1283.05,1281.0,1281.0,4970
1692245400,1281.0,1282.05,1278.9,1281.75,21399
1692245700,1281.75,1283.9,1281.3,1283.2,79489
1692246000,1283.2,1284.65,1282.2,1284.65,9592
1692246300,1284.8,1286.35,1284.4,1285.85,7516
1692246600,1285.85,1285.85,1283.75,1284.75,3255
1692246900,1284.55,1287.45,1284.5,1285.25,11064
1692247200,1285.25,1286.45,1284.15,1285.6,7412
1692247500,1285.6,1287.95,1285.25,1287.95,2770
1692247800,1287.95,1287.95,1286.0,1286.3,3751
1692248100,1286.3,1287.45,1285.05,1285.25,4560
1692248400,1285.25,1287.35,1285.25,1287.0,2664
1692248700,1287.0,1288.05,1286.55,1287.55,3440
1692249000,1287.55,1288.75,1286.9,1287.25,5845
1692249300,1287.25,1287.25,1285.9,1285.9,3406
1692249600,1285.9,1287.1,1285.5,1286.0,2947
1692249900,1286.0,1286.0,1285.1,1285.4,4014
1692250200,1285.8,1286.95,1285.45,1285.95,3847
1692250500,1285.9,1286.5,1285.0,1286.3,3350
1692250800,1286.3,1286.5,1284.05,1286.0,8665
1692251100,1286.0,1286.45,1284.0,1284.45,7996
1692251400,1284.45,1284.45,1282.95,1282.95,7511
1692251700,1282.95,1282.95,1280.05,1280.55,13223
1692252000,1280.55,1280.65,1280.1,1280.3,4094
1692252300,1280.3,1282.75,1280.3,1282.5,6231
1692252600,1282.5,1283.0,1281.55,1281.55,1787
1692252900,1281.55,1282.35,1281.0,1281.4,3321
1692253200,1281.4,1281.4,1279.3,1279.75,10178
1692253500,1279.75,1281.95,1279.65,1280.55,5582
1692253800,1280.55,1281.75,1280.2,1281.4,3006
1692254100,1281.1,1281.45,1279.3,1279.9,5312
1692254400,1279.9,1280.1,1278.05,1280.05,9976
1692254700,1280.05,1280.45,1278.2,1280.4,7880
1692255000,1280.4,1281.05,1279.55,1280.5,3639
1692255300,1280.5,1281.9,1280.0,1281.0,3588
1692255600,1281.0,1281.0,1280.45,1280.65,11403
1692255900,1280.65,1280.65,1278.15,1278.35,7259
1692256200,1278.4,1278.4,1276.25,1278.0,11462
1692256500,1278.3,1278.45,1277.8,1278.05,9582
1692256800,1278.05,1278.05,1276.7,1276.75,31655
1692257100,1276.7,1277.6,1276.25,1276.9,11748
1692257400,1277.3,1277.7,1276.25,1277.0,3377
1692257700,1277.1,1279.0,1276.95,1277.95,11497
1692258000,1277.95,1278.45,1276.95,1277.6,9691
1692258300,1278.05,1278.25,1277.65,1278.1,6690
1692258600,1278.1,1278.15,1277.15,1278.0,8031
1692258900,1278.0,1278.05,1276.8,1277.85,5918
1692259200,1277.85,1278.4,1277.4,1277.8,4246
1692259500,1277.8,1278.25,1277.7,1277.75,4136
1692259800,1277.75,1278.2,1277.2,1277.95,9588
1692260100,1277.95,1278.0,1277.25,1277.65,2807
1692260400,1277.65,1277.7,1276.4,1276.85,4489
1692260700,1276.85,1278.0,1276.65,1277.35,6451
1692261000,1277.25,1277.65,1276.55,1277.25,3247
1692261300,1277.25,1279.35,1276.9,1278.5,20388
1692261600,1278.2,1280.85,1278.0,1279.2,17119
1692261900,1279.2,1281.55,1279.05,1280.7,7789
1692262200,1280.7,1280.7,1278.35,1278.4,18029
1692262500,1278.5,1279.6,1278.0,1279.6,33244
1692262800,1279.4,1281.95,1279.05,1281.95,12999
1692263100,1281.6,1283.0,1280.1,1283.0,28770
1692263400,1282.8,1284.0,1281.1,1281.95,12690
1692263700,1282.4,1283.75,1282.1,1283.3,9223
1692264000,1283.3,1285.85,1283.25,1285.85,13724
1692264300,1285.55,1286.5,1284.65,1284.95,4287
1692264600,1284.95,1286.4,1283.2,1286.4,23947
1692264900,1285.7,1287.9,1284.9,1287.8,30481
1692265200,1287.55,1287.8,1283.5,1284.55,24207
1692265500,1284.25,1284.8,1281.35,1283.6,29330
1692265800,1283.7,1284.85,1281.8,1283.3,21877
1692266100,1283.3,1285.75,1279.0,1279.0,24358
1692330300,1278.55,1283.8,1270.55,1273.15,25390
1692330600,1273.05,1273.85,1271.0,1273.1,18996
1692330900,1272.75,1276.3,1271.0,1275.55,17218
1692331200,1275.55,1276.55,1272.2,1272.45,9445
1692331500,1272.55,1273.3,1270.0,1271.15,13146
1692331800,1271.8,1272.75,1268.2,1268.55,8049
1692332100,1268.55,1273.5,1268.55,1273.45,8995
1692332400,1273.45,1273.85,1268.0,1268.2,8871
1692332700,1268.85,1269.25,1266.0,1268.0,13415
1692333000,1268.0,1270.0,1267.6,1269.55,9018
1692333300,1269.55,1270.85,1268.8,1270.45,5551
1692333600,1270.3,1271.1,1269.3,1270.5,7370
1692333900,1270.5,1273.0,1270.0,1272.15,5801
1692334200,1272.15,1273.0,1272.0,1272.4,4876
1692334500,1273.0,1273.7,1272.0,1272.75,5927
1692334800,1272.85,1273.65,1272.0,1272.8,3954
1692335100,1273.0,1273.2,1272.1,1272.4,3025
1692335400,1272.3,1272.7,1271.05,1272.0,4733
1692335700,1272.0,1273.45,1270.9,1273.15,5621
1692336000,1272.85,1273.25,1271.0,1272.15,9983
1692336300,1272.0,1273.0,1271.5,1272.4,5173
1692336600,1272.4,1273.5,1272.3,1272.85,2661
1692336900,1272.8,1275.8,1272.7,1274.25,5949
1692337200,1274.25,1274.3,1271.5,1272.0,6130
1692337500,1272.0,1273.0,1271.7,1271.7,2466
1692337800,1271.9,1272.65,1270.6,1270.9,3802
1692338100,1270.9,1272.3,1270.85,1272.15,3437
1692338400,1272.15,1272.95,1271.5,1272.35,7390
1692338700,1272.35,1272.5,1271.5,1272.5,24327
1692339000,1272.5,1272.75,1272.0,1272.25,5169
1692339300,1272.2,1272.3,1271.0,1271.5,6777
1692339600,1271.5,1271.8,1270.5,1271.4,2698
1692339900,1271.25,1272.0,1270.9,1271.7,5199
1692340200,1271.45,1271.6,1271.0,1271.15,2787
1692340500,1271.1,1271.4,1270.0,1270.15,7793
1692340800,1270.15,1271.8,1270.0,1270.7,9989
1692341100,1270.65,1273.55,1270.5,1273.3,69265
1692341400,1273.3,1275.0,1272.8,1273.6,6540
1692341700,1273.6,1274.8,1273.0,1273.95,5089
1692342000,1273.95,1275.2,1273.35,1274.15,7253
1692342300,1274.15,1276.25,1273.05,1274.25,7218
1692342600,1274.25,1274.9,1273.55,1274.05,2339
1692342900,1273.9,1274.7,1273.55,1274.05,2106
1692343200,1274.05,1274.8,1273.4,1273.9,3307
1692343500,1273.9,1274.35,1273.1,1273.8,2075
1692343800,1273.65,1274.3,1273.0,1273.3,2653
1692344100,1273.15,1273.2,1273.0,1273.0,3263
1692344400,1273.0,1274.0,1272.85,1273.5,3678
1692344700,1273.05,1273.95,1273.0,1273.25,2692
1692345000,1273.25,1276.0,1273.0,1275.2,4257
1692345300,1275.2,1276.2,1273.4,1273.65,8165
1692345600,1273.45,1275.75,1273.15,1274.35,5467
1692345900,1274.35,1275.45,1273.4,1275.25,2745
1692346200,1275.25,1275.5,1274.2,1274.45,8848
1692346500,1274.45,1275.45,1273.6,1274.25,8668
1692346800,1274.4,1275.45,1273.35,1274.9,3011
1692347100,1274.9,1276.45,1273.6,1276.15,4614
1692347400,1276.15,1277.75,1275.1,1277.1,5723
1692347700,1277.35,1278.25,1276.25,1276.65,7521
1692348000,1276.65,1277.8,1276.15,1277.05,2909
1692348300,1277.05,1279.0,1276.7,1278.95,7249
1692348600,1278.95,1278.95,1278.0,1278.05,4593
1692348900,1278.0,1279.6,1277.0,1279.6,11894
1692349200,1279.2,1281.0,1277.5,1277.5,11524
1692349500,1277.5,1278.75,1276.5,1277.9,6615
1692349800,1277.3,1279.65,1276.85,1279.05,5165
1692350100,1279.15,1281.4,1279.05,1280.05,15098
1692350400,1280.0,1281.75,1280.0,1280.7,9207
1692350700,1280.6,1281.3,1279.1,1280.6,14268
1692351000,1280.9,1281.7,1278.4,1279.95,33862
1692351300,1279.95,1280.95,1277.3,1278.3,30231
1692351600,1278.3,1284.0,1278.15,1283.4,56320
1692351900,1283.4,1284.7,1281.7,1284.0,68515
1692352200,1284.55,1285.85,1283.25,1285.2,84846
1692352500,1285.25,1285.45,1280.0,1280.0,55738
1692589500,1282.95,1283.5,1275.45,1277.2,12532
1692589800,1277.2,1278.4,1275.0,1275.2,8629
1692590100,1275.1,1277.6,1274.3,1276.55,5398
1692590400,1276.35,1280.0,1276.1,1278.65,7220
1692590700,1278.65,1278.9,1276.05,1277.0,5440
1692591000,1277.0,1277.5,1276.1,1277.0,2683
1692591300,1277.45,1280.05,1276.7,1277.25,137311
1692591600,1277.25,1277.65,1277.0,1277.0,3373
1692591900,1277.0,1277.1,1277.0,1277.0,2290
1692592200,1277.0,1278.5,1277.0,1277.45,4843
1692592500,1277.45,1278.15,1277.0,1277.8,4373
1692592800,1277.8,1277.9,1277.0,1277.65,2488
1692593100,1277.65,1278.85,1277.3,1277.95,2688
1692593400,1277.45,1279.3,1277.45,1278.55,3616
1692593700,1279.15,1280.95,1278.55,1280.45,13334
1692594000,1280.45,1282.75,1280.45,1282.15,6953
1692594300,1282.1,1287.0,1282.1,1285.25,31233
1692594600,1285.25,1286.25,1284.65,1285.0,9794
1692594900,1285.0,1286.6,1285.0,1285.9,8094
1692595200,1285.9,1285.95,1284.95,1285.0,5837
1692595500,1285.8,1286.25,1285.0,1286.1,4779
1692595800,1286.3,1286.95,1285.0,1286.45,7655
1692596100,1286.45,1287.55,1284.9,1287.55,10691
1692596400,1287.55,1288.4,1286.0,1288.4,6890
1692596700,1288.8,1288.95,1287.35,1288.3,5877
1692597000,1288.3,1288.35,1286.8,1287.6,3087
1692597300,1287.6,1288.2,1286.3,1287.65,5151
1692597600,1287.65,1288.0,1286.6,1286.95,2758
1692597900,1286.95,1287.8,1286.35,1286.35,1770
1692598200,1286.35,1287.25,1286.0,1287.25,2204
1692598500,1287.25,1289.8,1286.35,1289.75,6145
1692598800,1289.75,1289.8,1288.0,1288.25,2442
1692599100,1288.1,1288.25,1286.3,1286.5,1417
1692599400,1286.5,1287.0,1286.0,1286.45,2774
1692599700,1286.45,1287.5,1286.05,1286.85,2172
1692600000,1286.8,1287.15,1285.0,1285.45,10906
1692600300,1285.2,1286.45,1284.65,1285.05,5218
1692600600,1285.05,1285.15,1284.65,1285.0,6054
1692600900,1285.0,1285.85,1284.8,1285.05,14122
1692601200,1285.05,1285.05,1285.0,1285.05,4792
1692601500,1285.0,1285.05,1285.0,1285.05,3244
1692601800,1285.0,1286.5,1285.0,1286.5,8534
1692602100,1286.5,1287.5,1285.9,1286.4,5407
1692602400,1286.4,1286.5,1285.0,1285.15,1516
1692602700,1285.05,1285.1,1285.0,1285.05,2919
1692603000,1285.05,1285.05,1284.9,1285.0,3587
1692603300,1285.0,1285.05,1284.8,1285.05,5160
1692603600,1285.05,1285.05,1285.0,1285.0,3353
1692603900,1285.0,1285.5,1284.0,1284.0,2106
1692604200,1284.0,1284.0,1282.1,1282.7,6728
1692604500,1282.7,1282.7,1281.15,1281.15,3935
1692604800,1281.3,1282.7,1281.15,1281.35,4616
1692605100,1281.35,1283.15,1281.3,1281.7,4213
1692605400,1281.3,1282.8,1280.65,1281.6,3222
1692605700,1281.6,1283.35,1280.75,1282.35,2670
1692606000,1282.35,1283.6,1281.05,1281.55,5785
1692606300,1281.55,1282.0,1280.35,1281.2,3138
1692606600,1281.2,1283.3,1281.0,1281.2,4434
1692606900,1281.2,1281.25,1280.2,1280.55,1887
1692607200,1280.55,1281.25,1278.6,1278.65,6868
1692607500,1278.65,1279.75,1278.05,1278.5,5849
1692607800,1278.55,1280.5,1278.5,1280.0,6986
1692608100,1280.0,1280.1,1278.65,1279.45,3050
1692608400,1279.45,1280.45,1279.4,1279.5,3100
1692608700,1279.4,1280.55,1278.85,1279.95,5477
1692609000,1279.9,1281.2,1278.75,1281.2,4317
1692609300,1281.3,1281.55,1279.15,1279.75,3437
1692609600,1279.65,1280.65,1279.55,1280.55,5092
1692609900,1280.5,1281.9,1279.55,1281.4,10006
1692610200,1281.2,1282.85,1278.2,1278.4,13692
1692610500,1278.4,1279.65,1277.15,1278.9,27093
1692610800,1278.9,1282.0,1277.25,1281.05,48045
1692611100,1281.05,1281.05,1277.95,1278.75,29441
1692611400,1278.75,1279.35,1277.1,1277.35,33014
1692611700,1277.6,1279.95,1275.85,1277.95,35882
1692675900,1284.35,1287.4,1278.75,1286.05,21434
1692676200,1286.05,1290.95,1284.4,1288.1,12790
1692676500,1288.1,1293.65,1287.15,1292.4,19865
1692676800,1292.85,1296.5,1292.75,1296.35,25062
1692677100,1295.55,1300.0,1294.5,1299.15,27939
1692677400,1299.15,1302.75,1299.1,1301.8,42911
1692677700,1301.9,1302.0,1300.0,1301.75,23864
1692678000,1302.6,1303.95,1300.85,1301.6,35674
1692678300,1301.65,1303.3,1300.25,1302.9,23358
1692678600,1302.9,1303.4,1301.0,1302.6,11627
1692678900,1302.6,1306.85,1301.3,1301.5,43268
1692679200,1302.35,1305.7,1301.55,1304.6,17493
1692679500,1305.1,1305.45,1302.45,1303.85,16540
1692679800,1304.0,1305.4,1303.05,1305.15,8222
1692680100,1305.15,1307.7,1304.6,1305.25,23638
1692680400,1305.5,1308.0,1304.8,1305.5,18000
1692680700,1305.5,1307.0,1304.85,1305.8,6375
1692681000,1305.8,1309.0,1305.55,1308.65,22194
1692681300,1307.9,1311.3,1307.7,1310.0,28719
1692681600,1310.0,1311.15,1308.05,1308.5,12705
1692681900,1308.5,1309.5,1307.35,1307.75,13483
1692682200,1307.75,1313.2,1307.4,1311.6,22861
1692682500,1310.8,1312.3,1310.0,1311.0,8927
1692682800,1311.0,1312.3,1307.35,1307.65,13841
1692683100,1307.6,1307.6,1302.85,1303.55,34347
1692683400,1303.55,1305.65,1303.5,1305.65,7049
1692683700,1305.65,1306.95,1303.0,1306.5,35162
1692684000,1306.5,1307.75,1304.25,1305.0,21575
1692684300,1305.0,1306.0,1303.0,1303.9,10250
1692684600,1303.4,1304.9,1303.05,1303.05,7706
1692684900,1303.05,1303.5,1303.0,1303.2,3791
1692685200,1303.2,1303.5,1302.15,1302.6,10658
1692685500,1302.6,1302.75,1299.7,1302.7,27582
1692685800,1302.7,1302.7,1298.85,1301.0,13183
1692686100,1301.0,1301.5,1298.3,1298.45,9728
1692686400,1298.45,1300.65,1298.45,1300.0,5287
1692686700,1300.0,1300.9,1296.1,1297.2,12443
1692687000,1297.6,1299.15,1296.85,1296.85,12462
1692687300,1296.85,1298.0,1296.0,1297.25,14025
1692687600,1297.25,1297.85,1295.15,1295.3,8793
1692687900,1296.0,1297.45,1295.0,1296.05,8163
1692688200,1296.6,1297.0,1295.25,1295.3,5221
1692688500,1295.3,1296.9,1295.0,1295.0,7439
1692688800,1295.0,1296.0,1294.4,1295.85,9311
1692689100,1295.85,1296.0,1295.0,1295.0,14932
1692689400,1295.0,1296.0,1295.0,1295.0,17527
1692689700,1295.0,1296.5,1295.0,1296.1,7821
1692690000,1296.1,1296.5,1295.0,1295.25,10480
1692690300,1295.25,1296.8,1295.0,1296.75,6144
1692690600,1295.5,1299.0,1295.0,1298.5,19335
1692690900,1298.5,1299.45,1296.65,1298.85,17489
1692691200,1298.5,1299.0,1296.3,1297.1,14977
1692691500,1297.35,1297.7,1295.5,1296.5,11098
1692691800,1296.5,1297.5,1295.75,1296.5,5119
1692692100,1296.5,1297.35,1295.2,1295.9,3167
1692692400,1295.0,1296.4,1294.5,1295.1,33307
1692692700,1295.1,1295.1,1290.6,1291.8,32182
1692693000,1291.9,1295.45,1290.2,1291.7,33567
1692693300,1291.7,1292.95,1291.0,1292.35,10983
1692693600,1292.35,1294.05,1290.65,1291.25,24033
1692693900,1291.25,1293.45,1291.25,1292.3,9535
1692694200,1292.3,1294.7,1291.95,1294.35,12818
1692694500,1294.35,1294.7,1292.3,1292.6,11195
1692694800,1293.35,1294.3,1291.1,1291.1,8484
1692695100,1291.1,1292.9,1289.0,1290.8,14975
1692695400,1290.8,1292.4,1289.2,1290.45,12486
1692695700,1290.15,1291.8,1289.6,1291.0,11640
1692696000,1291.0,1292.6,1289.2,1292.55,17909
1692696300,1291.85,1292.8,1290.3,1292.0,13875
1692696600,1291.95,1291.95,1287.2,1289.25,52124
1692696900,1289.0,1289.0,1283.7,1287.7,45750
1692697200,1286.95,1287.2,1283.15,1285.75,48166
1692697500,1286.15,1287.9,1284.95,1286.25,44337
1692697800,1286.05,1288.25,1285.0,1286.0,54697
1692698100,1286.35,1290.0,1285.9,1290.0,19104
1692762300,1289.95,1296.2,1288.75,1295.9,30435
1692762600,1295.9,1295.9,1290.0,1293.4,14043
1692762900,1292.7,1294.0,1289.9,1291.1,13574
1692763200,1291.65,1291.8,1289.1,1289.15,9261
1692763500,1289.15,1290.75,1287.65,1289.0,8009
1692763800,1289.0,1294.75,1289.0,1293.8,5729
1692764100,1293.8,1295.5,1292.85,1294.65,7719
1692764400,1294.75,1294.75,1290.3,1291.05,8678
1692764700,1291.05,1294.15,1290.05,1292.0,5592
1692765000,1292.0,1294.9,1292.0,1293.0,8139
1692765300,1293.0,1293.75,1291.9,1293.55,4467
1692765600,1293.55,1295.85,1292.55,1295.85,6014
1692765900,1295.85,1296.0,1291.75,1293.75,8565
1692766200,1293.75,1293.95,1291.0,1291.0,2698
1692766500,1291.0,1291.65,1290.15,1290.5,3362
1692766800,1290.5,1290.6,1288.15,1289.65,7566
1692767100,1289.65,1290.2,1288.0,1288.9,4545
1692767400,1288.9,1289.75,1287.9,1289.45,2310
1692767700,1289.45,1289.55,1286.25,1287.0,5763
1692768000,1287.0,1289.0,1287.0,1287.6,2436
1692768300,1287.6,1289.4,1287.6,1289.4,3670
1692768600,1289.4,1291.2,1288.55,1291.0,3831
1692768900,1290.3,1291.45,1290.1,1290.55,3749
1692769200,1290.55,1291.35,1290.1,1291.3,5852
1692769500,1291.0,1294.7,1290.7,1292.9,6564
1692769800,1292.9,1295.0,1291.55,1294.55,5249
1692770100,1294.5,1294.9,1290.55,1291.35,8951
1692770400,1291.35,1292.4,1291.05,1292.1,2921
1692770700,1291.55,1292.75,1291.5,1292.3,2627
1692771000,1292.3,1294.2,1292.2,1293.35,2030
1692771300,1293.4,1294.05,1292.15,1293.0,2705
1692771600,1293.0,1294.05,1293.0,1293.55,3919
1692771900,1293.75,1296.0,1293.75,1296.0,8588
1692772200,1296.0,1296.0,1291.85,1292.05,4003
1692772500,1292.05,1293.2,1291.9,1292.5,2062
1692772800,1292.15,1293.4,1291.85,1292.2,1821
1692773100,1292.05,1293.75,1292.05,1293.0,1898
1692773400,1293.0,1293.65,1292.35,1293.0,4747
1692773700,1293.0,1293.4,1292.5,1292.7,2010
1692774000,1292.7,1293.15,1292.4,1293.0,1863
1692774300,1293.0,1293.15,1292.05,1292.85,3504
1692774600,1292.85,1293.15,1292.6,1292.6,2523
1692774900,1292.6,1293.1,1292.3,1293.0,2079
1692775200,1292.6,1293.1,1292.5,1292.5,1695
1692775500,1292.5,1293.2,1292.5,1292.75,1544
1692775800,1292.75,1292.75,1291.35,1292.05,4689
1692776100,1292.05,1292.75,1291.45,1292.15,3386
1692776400,1292.15,1293.0,1291.9,1292.2,3505
1692776700,1292.2,1293.5,1291.9,1293.0,13889
1692777000,1293.0,1293.9,1291.35,1291.9,29351
1692777300,1291.65,1292.55,1291.35,1292.55,4137
1692777600,1292.65,1293.0,1291.75,1292.45,11331
1692777900,1292.4,1293.0,1292.25,1292.85,5539
1692778200,1292.85,1293.0,1292.15,1292.9,8722
1692778500,1292.9,1293.0,1291.7,1292.75,5210
1692778800,1292.75,1293.0,1292.55,1293.0,8672
1692779100,1292.95,1294.65,1292.2,1294.3,7666
1692779400,1294.7,1298.0,1294.05,1298.0,55029
1692779700,1298.0,1298.95,1296.65,1297.55,6276
1692780000,1297.55,1299.95,1297.1,1299.95,10554
1692780300,1299.95,1301.1,1299.55,1300.9,8134
1692780600,1300.9,1303.2,1299.85,1302.65,13996
1692780900,1302.75,1303.45,1302.0,1302.45,9862
1692781200,1302.75,1303.95,1302.0,1303.35,8422
1692781500,1303.05,1303.35,1302.0,1302.9,5571
1692781800,1302.6,1303.0,1302.05,1303.0,4032
1692782100,1303.0,1303.5,1302.6,1303.5,6014
1692782400,1303.5,1304.45,1302.2,1303.9,6367
1692782700,1303.9,1304.5,1302.55,1302.85,5689
1692783000,1302.2,1303.6,1299.9,1299.95,15779
1692783300,1299.85,1301.0,1299.5,1300.4,14712
1692783600,1300.4,1300.95,1299.85,1299.95,10647
1692783900,1299.9,1300.3,1299.3,1300.0,24378
1692784200,1300.0,1300.2,1298.75,1299.8,9001
1692784500,1300.0,1300.4,1298.35,1298.85,12500
1692848700,1299.9,1304.6,1298.0,1304.1,39995
1692849000,1305.0,1306.95,1301.65,1306.95,19422
1692849300,1306.95,1307.65,1306.2,1307.0,5571
1692849600,1307.0,1307.3,1305.2,1305.3,5278
1692849900,1306.0,1308.8,1305.55,1308.2,7714
1692850200,1308.85,1308.85,1307.05,1308.0,9314
1692850500,1308.0,1308.9,1307.65,1308.0,6362
1692850800,1308.0,1308.9,1307.7,1308.1,10773
1692851100,1308.1,1308.6,1306.3,1306.75,10451
1692851400,1306.75,1307.4,1304.5,1305.4,19476
1692851700,1305.4,1306.0,1304.8,1305.05,3886
1692852000,1305.05,1305.75,1304.05,1305.2,3346
1692852300,1305.2,1308.5,1305.2,1307.75,11429
1692852600,1307.7,1308.4,1307.7,1308.0,2831
1692852900,1308.35,1308.35,1308.0,1308.0,5109
1692853200,1308.3,1310.25,1308.0,1310.2,15771
1692853500,1310.2,1311.2,1310.0,1310.7,10262
1692853800,1310.7,1311.65,1310.0,1310.0,13257
1692854100,1310.05,1310.05,1306.3,1306.95,12850
1692854400,1306.95,1307.4,1305.3,1306.35,6217
1692854700,1306.45,1309.25,1306.45,1307.2,5807
1692855000,1307.2,1308.15,1307.0,1307.85,3492
1692855300,1307.9,1308.15,1306.35,1306.4,1934
1692855600,1306.35,1307.75,1305.75,1307.2,2016
1692855900,1307.2,1307.2,1305.6,1306.55,4360
1692856200,1306.55,1307.2,1306.05,1306.25,5163
1692856500,1306.2,1308.0,1304.1,1307.9,9651
1692856800,1307.55,1308.6,1307.0,1308.6,3568
1692857100,1308.05,1309.2,1307.0,1308.75,4879
1692857400,1308.8,1309.55,1307.35,1309.4,4012
1692857700,1309.4,1309.45,1307.9,1308.95,2657
1692858000,1308.95,1309.8,1307.65,1307.95,2445
1692858300,1307.95,1308.4,1306.35,1307.55,14713
1692858600,1307.3,1307.55,1307.0,1307.05,2647
1692858900,1307.1,1307.55,1304.95,1305.05,13991
1692859200,1304.7,1305.4,1300.8,1303.3,13904
1692859500,1303.3,1303.5,1300.0,1300.3,13103
1692859800,1300.3,1302.0,1300.2,1301.7,3849
1692860100,1301.7,1302.0,1299.85,1300.4,5650
1692860400,1300.4,1302.9,1300.2,1302.9,2793
1692860700,1302.9,1303.0,1301.0,1302.25,2384
1692861000,1302.25,1302.35,1301.15,1301.85,2863
1692861300,1301.85,1302.25,1298.65,1299.05,15789
1692861600,1299.05,1300.7,1298.95,1299.85,3549
1692861900,1299.75,1300.1,1298.5,1300.05,4048
1692862200,1300.05,1300.55,1298.15,1299.5,4416
1692862500,1299.5,1300.9,1298.3,1300.0,4273
1692862800,1300.0,1300.55,1298.2,1298.6,5599
1692863100,1298.6,1299.6,1298.0,1298.6,3373
1692863400,1298.3,1299.75,1298.0,1298.45,2782
1692863700,1298.0,1298.45,1296.45,1298.2,9603
1692864000,1298.0,1299.95,1298.0,1298.8,8495
1692864300,1298.8,1299.4,1296.7,1296.95,3395
1692864600,1297.15,1298.0,1297.0,1297.8,1898
1692864900,1297.95,1298.65,1297.15,1297.25,3139
1692865200,1297.25,1299.15,1297.25,1298.35,2936
1692865500,1298.55,1299.0,1295.4,1295.6,21053
1692865800,1295.65,1298.2,1295.6,1298.0,5257
1692866100,1298.1,1298.45,1296.55,1297.3,4665
1692866400,1297.2,1298.95,1297.15,1297.85,9540
1692866700,1297.85,1299.95,1297.6,1299.2,5878
1692867000,1299.1,1299.85,1295.75,1295.75,14102
1692867300,1295.7,1299.45,1295.7,1298.95,4063
1692867600,1298.95,1300.55,1298.6,1300.3,2982
1692867900,1300.25,1300.3,1299.0,1299.65,3967
1692868200,1299.3,1300.55,1299.0,1299.0,4704
1692868500,1299.0,1300.4,1297.25,1299.6,8876
1692868800,1299.6,1299.6,1296.45,1296.85,6337
1692869100,1296.85,1299.55,1296.35,1298.1,3942
1692869400,1298.1,1298.85,1295.0,1295.0,10693
1692869700,1295.25,1296.5,1294.05,1294.75,15760
1692870000,1294.35,1294.55,1293.15,1293.15,15898
1692870300,1292.95,1293.0,1290.7,1291.7,16921
1692870600,1291.75,1293.35,1290.15,1291.55,23377
1692870900,1291.55,1299.25,1290.7,1296.8,18802
1692935100,1293.05,1293.05,1284.05,1288.25,10767
1692935400,1287.5,1292.1,1286.85,1291.9,3104
1692935700,1291.9,1295.25,1290.5,1294.4,21588
1692936000,1294.4,1296.55,1294.0,1296.0,14237
1692936300,1296.0,1298.2,1295.7,1296.25,6544
1692936600,1296.3,1298.0,1295.75,1296.75,6293
1692936900,1296.75,1297.0,1294.0,1294.0,9328
1692937200,1294.0,1294.35,1290.4,1291.8,8071
1692937500,1291.25,1294.15,1291.1,1291.85,6316
1692937800,1292.4,1293.1,1291.15,1292.45,3885
1692938100,1292.45,1292.45,1291.25,1291.8,1354
1692938400,1291.8,1292.1,1288.05,1289.5,6444
1692938700,1289.5,1291.0,1288.95,1289.85,2228
1692939000,1289.85,1289.95,1288.0,1288.0,1205
1692939300,1288.0,1288.65,1286.15,1287.3,2469
1692939600,1287.45,1287.45,1285.1,1286.0,3625
1692939900,1285.9,1288.75,1285.25,1288.75,6058
1692940200,1288.75,1289.2,1285.35,1285.35,18000
1692940500,1286.05,1288.25,1285.6,1286.1,11911
1692940800,1286.1,1288.9,1285.45,1288.9,3201
1692941100,1288.9,1290.55,1287.5,1287.55,3125
1692941400,1287.55,1288.75,1287.4,1288.75,512
1692941700,1288.75,1289.8,1288.05,1288.95,1128
1692942000,1288.95,1288.95,1282.5,1283.65,84438
1692942300,1283.65,1285.1,1282.45,1284.9,7341
1692942600,1284.9,1287.95,1284.45,1287.95,2079
1692942900,1287.95,1288.75,1287.5,1288.75,4331
1692943200,1288.75,1288.75,1285.4,1287.45,1896
1692943500,1287.45,1287.55,1286.05,1287.2,657
1692943800,1287.2,1288.9,1286.85,1288.7,2053
1692944100,1288.7,1289.95,1288.0,1288.65,2134
1692944400,1288.65,1289.9,1288.0,1288.65,1154
1692944700,1288.65,1289.3,1288.0,1288.35,696
1692945000,1288.75,1289.0,1288.05,1288.1,3037
1692945300,1288.1,1288.65,1285.0,1285.0,9794
1692945600,1285.0,1285.75,1284.5,1285.05,1361
1692945900,1285.05,1285.8,1284.55,1284.9,2330
1692946200,1284.9,1285.95,1284.85,1284.95,1852
1692946500,1285.0,1285.0,1283.05,1283.65,7164
1692946800,1283.65,1286.0,1283.05,1286.0,17999
1692947100,1286.0,1286.0,1284.55,1284.6,2325
1692947400,1284.9,1285.65,1284.4,1284.8,1127
1692947700,1284.95,1285.4,1284.4,1285.3,1043
1692948000,1284.7,1285.85,1284.3,1285.7,1442
1692948300,1285.7,1285.85,1284.0,1285.1,1567
1692948600,1285.1,1285.45,1283.0,1283.0,1792
1692948900,1283.0,1284.75,1282.7,1284.35,2786
1692949200,1283.7,1284.35,1283.25,1283.6,1958
1692949500,1283.6,1285.55,1283.6,1285.0,1845
1692949800,1285.25,1286.0,1284.65,1285.15,1671
1692950100,1285.5,1285.7,1284.65,1284.8,1430
1692950400,1284.9,1285.0,1283.15,1283.4,2088
1692950700,1283.4,1284.75,1282.75,1284.0,3063
1692951000,1284.0,1284.85,1283.5,1284.15,2980
1692951300,1284.7,1285.0,1284.15,1284.65,875
1692951600,1284.65,1285.65,1284.6,1285.25,1418
1692951900,1285.65,1286.9,1285.35,1286.9,3709
1692952200,1286.9,1291.1,1286.75,1290.15,14694
1692952500,1290.3,1292.35,1290.3,1290.9,5032
1692952800,1291.3,1291.3,1288.85,1289.0,6083
1692953100,1289.0,1289.45,1288.55,1289.05,1546
1692953400,1289.45,1292.0,1289.1,1291.2,5357
1692953700,1291.25,1294.2,1291.25,1291.85,10902
1692954000,1292.25,1293.35,1291.25,1291.8,3173
1692954300,1292.5,1292.95,1291.75,1292.6,2067
1692954600,1292.55,1292.75,1291.25,1292.5,4214
1692954900,1292.9,1294.85,1292.65,1294.0,7425
1692955200,1294.0,1295.0,1293.5,1295.0,10760
1692955500,1295.0,1297.0,1294.2,1296.35,11969
1692955800,1296.35,1298.0,1295.5,1297.45,10442
1692956100,1297.2,1297.6,1296.4,1297.2,8244
1692956400,1297.2,1297.95,1295.95,1295.95,11666
1692956700,1295.95,1296.75,1295.0,1295.9,13496
1692957000,1295.9,1298.55,1294.85,1296.5,16089
1692957300,1296.5,1297.0,1293.45,1295.0,8439
1693194300,1300.0,1303.9,1297.0,1299.45,13351
1693194600,1299.45,1302.6,1299.05,1301.45,7760
1693194900,1301.45,1303.0,1299.45,1303.0,6806
1693195200,1302.85,1302.85,1300.0,1300.85,4793
1693195500,1300.35,1301.5,1298.45,1300.4,7075
1693195800,1300.55,1303.5,1300.05,1303.5,4226
1693196100,1303.5,1305.85,1302.1,1302.5,11465
1693196400,1302.5,1303.55,1300.9,1303.0,4710
1693196700,1303.0,1303.75,1301.7,1301.8,5124
1693197000,1301.35,1301.75,1298.75,1300.65,14376
1693197300,1300.6,1301.9,1300.2,1300.9,7479
1693197600,1300.85,1302.35,1300.5,1301.55,2356
1693197900,1302.2,1304.95,1301.65,1304.75,4173
1693198200,1304.75,1307.0,1304.4,1306.55,9863
1693198500,1306.55,1306.6,1303.85,1306.0,6173
1693198800,1306.0,1306.35,1304.5,1305.4,4860
1693199100,1305.4,1306.0,1304.85,1305.65,6833
1693199400,1305.15,1305.4,1303.05,1304.5,3421
1693199700,1304.45,1304.9,1301.15,1301.15,4520
1693200000,1301.15,1303.15,1300.5,1302.2,6194
1693200300,1302.2,1303.25,1301.55,1303.1,2789
1693200600,1303.25,1303.95,1302.9,1303.1,2786
1693200900,1303.0,1303.0,1301.5,1301.5,3375
1693201200,1301.65,1302.3,1301.0,1301.4,2987
1693201500,1301.6,1303.6,1301.6,1302.9,3142
1693201800,1302.9,1304.7,1302.0,1304.65,5941
1693202100,1304.7,1305.0,1303.3,1304.0,2286
1693202400,1304.0,1304.75,1303.25,1303.75,3074
1693202700,1303.75,1304.4,1303.35,1303.5,2545
1693203000,1303.5,1303.85,1302.6,1302.6,2940
1693203300,1302.6,1304.45,1302.55,1304.4,1972
1693203600,1304.4,1304.4,1302.65,1303.65,4683
1693203900,1303.2,1305.0,1302.8,1304.8,3259
1693204200,1304.9,1305.3,1302.0,1302.65,100499
1693204500,1302.65,1302.65,1298.65,1298.95,14818
1693204800,1298.95,1300.05,1298.6,1298.8,7963
1693205100,1298.6,1299.0,1296.85,1298.0,11045
1693205400,1298.0,1299.0,1297.55,1297.9,25396
1693205700,1297.9,1299.0,1297.9,1298.35,10591
1693206000,1298.45,1299.0,1298.0,1298.4,11226
1693206300,1298.0,1299.0,1298.0,1298.95,7459
1693206600,1298.95,1299.95,1298.5,1298.7,10803
1693206900,1298.7,1299.95,1298.2,1298.2,4644
1693207200,1298.2,1299.0,1297.95,1298.4,5909
1693207500,1298.35,1298.35,1296.55,1297.45,6579
1693207800,1296.85,1298.0,1296.4,1296.75,3895
1693208100,1296.75,1297.7,1296.1,1296.2,11332
1693208400,1296.15,1297.5,1296.15,1296.15,8166
1693208700,1296.2,1297.45,1296.15,1296.7,5472
1693209000,1296.7,1298.35,1296.65,1297.25,7738
1693209300,1297.25,1297.9,1296.65,1297.5,12178
1693209600,1297.5,1298.3,1297.3,1297.75,6079
1693209900,1297.75,1300.0,1297.75,1299.6,10997
1693210200,1299.6,1300.0,1298.75,1299.05,13853
1693210500,1298.9,1299.5,1297.75,1299.5,7691
1693210800,1299.5,1299.5,1297.6,1298.75,5442
1693211100,1298.25,1299.5,1298.25,1298.65,3521
1693211400,1299.0,1300.0,1298.5,1299.55,6057
1693211700,1299.75,1299.95,1298.5,1299.55,6963
1693212000,1299.35,1299.4,1298.6,1298.7,3204
1693212300,1299.0,1300.0,1297.65,1298.75,10875
1693212600,1298.35,1298.7,1297.45,1297.6,3196
1693212900,1297.6,1297.6,1295.05,1295.7,11995
1693213200,1295.7,1297.95,1295.35,1295.95,6239
1693213500,1295.9,1296.9,1295.7,1295.9,2650
1693213800,1295.9,1297.7,1295.65,1295.85,15581
1693214100,1296.4,1297.6,1295.75,1297.0,6385
1693214400,1297.0,1297.5,1295.85,1295.9,2548
1693214700,1295.9,1297.0,1295.7,1296.8,4620
1693215000,1296.85,1297.9,1292.7,1293.05,16934
1693215300,1293.05,1293.05,1289.6,1290.5,48780
1693215600,1290.9,1291.0,1289.55,1290.0,32122
1693215900,1290.3,1292.5,1290.0,1291.55,54190
1693216200,1291.5,1295.1,1291.5,1294.95,22562
1693216500,1294.95,1296.35,1290.2,1291.0,18352
1693280700,1292.0,1296.25,1290.0,1293.45,12633
1693281000,1292.65,1296.0,1292.55,1295.4,5941
1693281300,1294.85,1296.6,1293.2,1293.75,11054
1693281600,1293.7,1296.45,1293.55,1296.45,5586
1693281900,1296.1,1298.0,1296.0,1297.05,6072
1693282200,1297.55,1299.7,1295.7,1298.55,11930
1693282500,1298.55,1301.65,1297.05,1299.2,11623
1693282800,1299.1,1299.65,1296.35,1297.95,5074
1693283100,1296.9,1297.65,1294.9,1296.5,69689
1693283400,1296.1,1296.8,1295.15,1295.6,3233
1693283700,1295.65,1296.85,1295.25,1296.1,1355
1693284000,1296.1,1297.8,1296.1,1297.6,1463
1693284300,1297.0,1297.65,1296.0,1296.2,1434
1693284600,1295.6,1296.3,1294.9,1295.3,14300
1693284900,1295.9,1297.0,1294.55,1297.0,2906
1693285200,1296.85,1297.45,1296.4,1297.15,1086
1693285500,1296.45,1297.15,1295.15,1295.65,1258
1693285800,1295.55,1296.2,1292.0,1293.45,6796
1693286100,1293.45,1294.0,1291.55,1292.3,6336
1693286400,1292.3,1292.7,1291.35,1292.0,2145
1693286700,1292.0,1293.75,1291.85,1293.5,2843
1693287000,1293.05,1294.45,1292.8,1293.5,1710
1693287300,1293.5,1297.4,1293.5,1296.15,15536
1693287600,1296.4,1296.8,1294.25,1295.0,3544
1693287900,1294.4,1296.05,1293.65,1295.1,1344
1693288200,1295.1,1295.1,1293.15,1294.3,2025
1693288500,1294.35,1295.35,1293.1,1295.15,1746
1693288800,1295.25,1295.5,1294.5,1295.35,2397
1693289100,1294.75,1295.6,1294.55,1295.45,8275
1693289400,1295.45,1296.95,1294.85,1296.0,3899
1693289700,1295.65,1298.35,1295.65,1297.0,53043
1693290000,1297.0,1297.0,1295.05,1295.9,62414
1693290300,1295.85,1295.95,1293.9,1295.0,3146
1693290600,1295.0,1297.75,1294.55,1296.75,2909
1693290900,1296.75,1297.85,1296.0,1296.95,2237
1693291200,1296.5,1297.0,1295.4,1297.0,3105
1693291500,1297.0,1297.8,1295.5,1295.9,10560
1693291800,1295.5,1297.0,1295.0,1296.0,9144
1693292100,1296.0,1296.65,1295.35,1295.6,4848
1693292400,1295.6,1296.75,1295.35,1295.9,2965
1693292700,1295.9,1296.5,1294.2,1294.8,20064
1693293000,1294.85,1298.0,1294.85,1296.75,68262
1693293300,1296.35,1297.85,1295.9,1296.85,5426
1693293600,1296.2,1296.85,1295.4,1296.3,3528
1693293900,1296.3,1296.7,1295.1,1296.05,5021
1693294200,1295.3,1297.7,1295.1,1296.85,5890
1693294500,1296.85,1297.0,1295.6,1296.45,23039
1693294800,1296.45,1297.15,1295.4,1296.0,4522
1693295100,1296.0,1296.45,1295.05,1295.55,2640
1693295400,1295.55,1296.85,1295.0,1295.55,3165
1693295700,1295.55,1297.6,1295.0,1297.35,4251
1693296000,1297.35,1297.35,1295.2,1295.75,4342
1693296300,1295.7,1295.85,1293.55,1294.4,8887
1693296600,1293.85,1295.5,1292.85,1294.8,21187
1693296900,1294.85,1295.75,1293.45,1295.4,8473
1693297200,1294.95,1295.5,1293.4,1294.75,3675
1693297500,1294.75,1294.75,1293.0,1293.5,14779
1693297800,1293.5,1294.8,1293.0,1294.3,2605
1693298100,1294.1,1295.45,1293.25,1293.9,7859
1693298400,1293.9,1295.55,1293.6,1295.4,1600
1693298700,1295.4,1297.75,1294.7,1296.0,10179
1693299000,1296.0,1296.0,1294.5,1295.9,22494
1693299300,1295.9,1296.8,1295.05,1296.7,1809
1693299600,1296.7,1297.05,1295.7,1296.65,3366
1693299900,1296.65,1296.9,1294.3,1295.6,53307
1693300200,1295.6,1297.55,1294.6,1297.55,3309
1693300500,1297.1,1298.15,1296.6,1297.85,2845
1693300800,1297.85,1298.2,1296.5,1297.1,4121
1693301100,1297.1,1299.0,1295.25,1298.55,21042
1693301400,1298.8,1300.0,1297.7,1299.95,138660
1693301700,1300.0,1300.2,1296.7,1297.8,26433
1693302000,1297.75,1298.5,1296.9,1297.25,22387
1693302300,1297.25,1297.5,1295.25,1295.5,16970
1693302600,1295.25,1296.2,1295.2,1296.0,24054
1693302900,1296.0,1300.1,1294.8,1296.65,60757
1693367100,1301.95,1304.45,1293.3,1300.25,22181
1693367400,1300.25,1301.15,1299.1,1299.1,8633
1693367700,1299.1,1299.85,1298.25,1299.1,2939
1693368000,1299.1,1302.7,1298.65,1302.7,7588
1693368300,1302.7,1302.95,1302.25,1302.8,4780
1693368600,1302.8,1303.3,1302.5,1302.85,4948
1693368900,1302.85,1304.7,1302.0,1303.4,8033
1693369200,1303.4,1303.9,1302.8,1303.85,3636
1693369500,1303.0,1304.0,1302.25,1302.25,1726
1693369800,1302.95,1302.95,1302.2,1302.35,1245
1693370100,1302.35,1303.3,1302.35,1303.25,1615
1693370400,1302.6,1304.2,1302.6,1303.35,103158
1693370700,1303.25,1304.3,1303.2,1303.35,3033
1693371000,1303.35,1304.05,1302.5,1302.5,141319
1693371300,1302.5,1304.3,1302.5,1303.0,4563
1693371600,1303.0,1304.15,1302.3,1302.4,7933
1693371900,1302.4,1304.7,1302.4,1304.2,7200
1693372200,1304.2,1304.75,1303.45,1304.05,1842
1693372500,1303.6,1304.7,1303.6,1304.0,16862
1693372800,1303.95,1305.5,1303.95,1305.0,18053
1693373100,1305.0,1307.55,1305.0,1307.4,6651
1693373400,1307.4,1307.85,1305.5,1305.7,5347
1693373700,1305.7,1306.35,1305.1,1305.3,1773
1693374000,1305.3,1306.35,1304.95,1305.0,5567
1693374300,1305.0,1305.7,1304.75,1305.35,22624
1693374600,1305.35,1305.7,1304.55,1305.0,41610
1693374900,1305.0,1305.8,1304.8,1305.7,16791
1693375200,1305.0,1305.1,1304.95,1305.0,8670
1693375500,1305.0,1305.4,1304.95,1305.4,12717
1693375800,1305.0,1305.0,1304.75,1305.0,3551
1693376100,1305.0,1305.95,1304.1,1305.0,17547
1693376400,1305.0,1305.7,1304.75,1305.0,14956
1693376700,1304.95,1305.6,1304.95,1305.5,3434
1693377000,1305.0,1305.5,1304.3,1305.0,2577
1693377300,1304.35,1305.0,1303.65,1304.35,5091
1693377600,1303.75,1304.8,1303.75,1304.4,1015
1693377900,1304.4,1305.0,1303.9,1304.45,1988
1693378200,1304.4,1304.4,1303.35,1303.9,8800
1693378500,1303.4,1304.3,1303.4,1304.2,2884
1693378800,1304.2,1304.3,1303.55,1304.3,1326
1693379100,1303.75,1304.4,1303.0,1303.55,3490
1693379400,1303.1,1303.8,1303.0,1303.6,1979
1693379700,1303.6,1303.85,1303.0,1303.65,772
1693380000,1303.55,1304.0,1303.15,1303.95,1214
1693380300,1303.95,1304.0,1303.2,1303.9,1720
1693380600,1303.9,1304.0,1303.15,1303.85,634
1693380900,1303.85,1303.95,1303.0,1303.65,4023
1693381200,1303.65,1304.05,1303.0,1304.05,780
1693381500,1304.05,1304.55,1303.45,1303.5,3173
1693381800,1303.6,1304.45,1303.25,1304.45,1708
1693382100,1303.9,1304.4,1303.3,1303.65,1812
1693382400,1304.3,1304.55,1303.6,1304.4,2023
1693382700,1304.4,1304.55,1303.65,1304.55,2886
1693383000,1304.55,1304.55,1303.6,1304.2,1513
1693383300,1304.2,1304.5,1303.65,1304.35,820
1693383600,1304.45,1304.5,1303.9,1304.4,1362
1693383900,1304.4,1304.45,1303.45,1303.9,2198
1693384200,1303.9,1304.0,1303.15,1303.9,956
1693384500,1303.9,1303.95,1303.2,1303.2,1882
1693384800,1303.8,1303.8,1302.2,1302.2,10852
1693385100,1302.2,1302.8,1301.85,1302.25,3634
1693385400,1302.3,1302.75,1302.0,1302.35,8297
1693385700,1302.35,1302.9,1301.75,1302.05,2823
1693386000,1302.05,1302.3,1301.1,1301.15,5038
1693386300,1301.45,1302.95,1301.25,1302.25,4673
1693386600,1301.85,1302.75,1301.55,1302.75,3286
1693386900,1302.15,1302.75,1301.25,1302.3,6561
1693387200,1302.0,1302.35,1300.05,1300.45,7371
1693387500,1300.5,1301.9,1300.0,1301.15,9267
1693387800,1301.15,1302.0,1300.25,1301.4,6588
1693388100,1301.4,1302.65,1301.0,1302.2,11718
1693388400,1301.6,1302.6,1298.55,1298.65,36285
1693388700,1298.65,1301.7,1298.4,1301.15,66517
1693389000,1301.15,1303.75,1300.6,1303.4,25175
1693389300,1303.75,1303.75,1298.4,1298.45,13197
1693453500,1304.85,1308.6,1300.2,1301.6,18946
1693453800,1301.6,1302.15,1296.75,1297.15,9762
1693454100,1297.15,1299.2,1296.6,1297.4,10163
1693454400,1297.4,1299.15,1297.4,1298.25,3545
1693454700,1298.25,1298.75,1297.4,1298.75,4665
1693455000,1298.3,1299.3,1295.55,1296.65,8727
1693455300,1296.65,1299.3,1296.65,1299.2,4766
1693455600,1299.2,1300.35,1298.45,1299.35,7628
1693455900,1299.4,1301.35,1299.4,1300.95,4140
1693456200,1300.95,1302.4,1300.4,1302.0,7184
1693456500,1301.15,1301.8,1298.3,1299.0,4370
1693456800,1299.0,1300.3,1298.8,1299.4,1442
1693457100,1300.1,1300.45,1298.5,1298.85,1952
1693457400,1298.85,1298.85,1296.95,1297.0,3538
1693457700,1297.0,1297.75,1296.6,1296.9,4084
1693458000,1296.9,1301.35,1296.9,1298.85,3768
1693458300,1298.85,1299.05,1297.5,1297.65,537
1693458600,1297.65,1298.75,1297.5,1298.75,1365
1693458900,1298.75,1300.75,1298.35,1300.7,2477
1693459200,1300.7,1300.75,1299.05,1299.1,1009
1693459500,1299.1,1299.7,1298.5,1299.0,2488
1693459800,1299.0,1301.45,1298.2,1298.35,5309
1693460100,1298.35,1299.1,1297.7,1298.7,3038
1693460400,1298.7,1299.4,1298.1,1299.4,1017
1693460700,1298.85,1299.15,1297.7,1298.7,1937
1693461000,1298.7,1299.0,1298.05,1298.85,1065
1693461300,1298.85,1303.25,1298.55,1303.25,6064
1693461600,1302.5,1302.85,1299.7,1302.65,4336
1693461900,1302.65,1302.7,1300.45,1301.0,2103
1693462200,1301.0,1301.0,1299.15,1300.5,4405
1693462500,1300.5,1301.1,1298.9,1300.75,3324
1693462800,1300.05,1301.0,1298.5,1299.1,2634
1693463100,1299.1,1300.0,1299.05,1299.2,2745
1693463400,1299.2,1299.85,1298.0,1298.9,6265
1693463700,1298.9,1299.9,1298.85,1299.1,4150
1693464000,1299.1,1299.25,1297.0,1298.05,10702
1693464300,1298.05,1299.4,1297.85,1299.15,4323
1693464600,1299.15,1299.55,1297.9,1298.7,5282
1693464900,1298.1,1299.9,1298.05,1299.35,4713
1693465200,1299.85,1300.1,1299.35,1299.65,8522
1693465500,1299.65,1300.1,1299.1,1299.1,4359
1693465800,1299.15,1299.8,1297.7,1298.6,4047
1693466100,1298.45,1298.65,1296.45,1296.95,8845
1693466400,1296.95,1298.75,1296.95,1298.75,5577
1693466700,1298.65,1299.8,1298.65,1299.65,4095
1693467000,1299.05,1299.65,1297.2,1298.15,8949
1693467300,1297.5,1298.45,1297.1,1298.45,7403
1693467600,1297.85,1298.45,1296.6,1297.2,9343
1693467900,1297.05,1298.85,1297.05,1298.1,6085
1693468200,1298.1,1299.65,1298.0,1299.35,7968
1693468500,1299.2,1299.5,1297.7,1299.35,6905
1693468800,1298.85,1299.35,1298.3,1298.75,3749
1693469100,1298.4,1300.0,1298.4,1299.75,5314
1693469400,1299.05,1300.5,1299.0,1299.1,5761
1693469700,1299.1,1299.8,1298.5,1299.05,3910
1693470000,1298.9,1299.6,1298.75,1299.0,2428
1693470300,1299.0,1299.55,1298.1,1299.4,3216
1693470600,1298.9,1299.55,1298.0,1299.0,6054
1693470900,1299.0,1299.85,1298.75,1299.7,3399
1693471200,1299.35,1300.0,1298.15,1300.0,17782
1693471500,1300.0,1300.75,1300.0,1300.0,11339
1693471800,1300.35,1300.55,1299.6,1300.3,9390
1693472100,1300.3,1300.75,1298.7,1300.0,12353
1693472400,1300.45,1301.0,1299.55,1299.95,12797
1693472700,1300.45,1300.95,1298.4,1298.55,18729
1693473000,1298.55,1300.1,1298.3,1299.7,16866
1693473300,1299.55,1300.95,1298.95,1299.0,11309
1693473600,1298.65,1299.45,1297.8,1297.8,13534
1693473900,1297.8,1297.85,1297.25,1297.65,19823
1693474200,1297.65,1297.75,1295.55,1295.65,149614
1693474500,1295.6,1295.7,1291.85,1291.95,128105
1693474800,1291.95,1296.95,1291.95,1296.25,161141
1693475100,1296.25,1296.3,1288.45,1288.8,200770
1693475400,1288.8,1290.05,1286.5,1288.05,204951
1693475700,1288.05,1298.75,1288.0,1298.0,103940
1693539900,1297.95,1299.3,1293.2,1296.8,21067
1693540200,1296.8,1303.35,1296.8,1302.65,11919
1693540500,1302.65,1304.95,1301.15,1302.3,9026
1693540800,1302.3,1304.35,1302.25,1302.5,6400
1693541100,1302.5,1305.85,1302.5,1304.5,6296
1693541400,1305.05,1307.8,1304.3,1307.8,17563
1693541700,1307.1,1315.0,1307.1,1313.8,35920
1693542000,1313.9,1314.55,1309.6,1311.3,19941
1693542300,1311.3,1314.6,1309.55,1313.35,7858
1693542600,1313.35,1317.15,1312.1,1317.15,22781
1693542900,1317.15,1319.6,1315.85,1317.3,33015
1693543200,1317.3,1319.95,1316.3,1319.8,14894
1693543500,1319.85,1320.0,1317.05,1319.85,14579
1693543800,1319.8,1319.8,1317.3,1318.95,5113
1693544100,1318.95,1319.1,1317.4,1317.4,6520
1693544400,1317.95,1322.0,1317.4,1320.95,28640
1693544700,1321.1,1322.95,1320.85,1321.2,10373
1693545000,1321.2,1322.0,1320.5,1321.3,6837
1693545300,1321.3,1322.0,1320.05,1321.6,5773
1693545600,1321.6,1322.55,1321.25,1321.25,4937
1693545900,1322.3,1322.5,1320.25,1320.75,11294
1693546200,1320.75,1323.95,1320.75,1321.75,14582
1693546500,1321.75,1323.7,1321.4,1323.7,5977
1693546800,1323.85,1324.8,1322.8,1323.3,25097
1693547100,1323.3,1324.45,1322.55,1323.5,8053
1693547400,1323.5,1324.0,1323.0,1323.5,5409
1693547700,1323.5,1323.75,1322.15,1323.0,6438
1693548000,1322.5,1323.0,1320.35,1321.45,6070
1693548300,1321.1,1321.45,1318.75,1319.4,9476
1693548600,1319.3,1320.0,1318.5,1319.5,3890
1693548900,1319.5,1321.2,1317.65,1319.9,6719
1693549200,1320.1,1323.15,1319.45,1321.15,15185
1693549500,1321.15,1321.25,1319.6,1320.5,4316
1693549800,1320.5,1324.0,1320.2,1323.25,11007
1693550100,1323.5,1323.5,1322.4,1322.45,3388
1693550400,1322.45,1323.0,1321.35,1322.7,3986
1693550700,1322.75,1323.0,1321.6,1322.4,8553
1693551000,1322.05,1324.0,1322.05,1323.25,8445
1693551300,1323.25,1324.0,1322.7,1323.25,3488
1693551600,1323.25,1324.2,1322.85,1324.0,5380
1693551900,1324.0,1324.0,1322.95,1323.8,2904
1693552200,1323.8,1324.5,1322.3,1323.4,8998
1693552500,1323.05,1324.5,1322.9,1323.1,2624
1693552800,1323.3,1324.8,1323.15,1324.4,2648
1693553100,1324.75,1325.0,1324.0,1324.8,7620
1693553400,1324.75,1324.9,1322.7,1322.7,14707
1693553700,1322.8,1322.8,1322.2,1322.35,2061
1693554000,1322.7,1322.7,1322.15,1322.6,1784
1693554300,1322.6,1323.25,1321.6,1322.15,2688
1693554600,1322.15,1322.75,1320.5,1321.1,4605
1693554900,1321.1,1323.0,1320.6,1323.0,5910
1693555200,1323.0,1323.5,1321.3,1321.7,8081
1693555500,1321.7,1323.75,1321.7,1323.7,8613
1693555800,1323.9,1323.9,1321.65,1322.4,6417
1693556100,1322.35,1323.8,1322.05,1322.5,2628
1693556400,1322.5,1323.1,1321.75,1322.3,2253
1693556700,1322.3,1323.5,1321.45,1323.5,5016
1693557000,1323.5,1325.0,1322.8,1325.0,22694
1693557300,1325.0,1326.75,1324.75,1326.7,11977
1693557600,1326.7,1327.1,1323.2,1324.1,19769
1693557900,1324.1,1324.3,1322.25,1322.25,7715
1693558200,1322.05,1323.5,1321.7,1321.95,4759
1693558500,1321.95,1322.35,1320.35,1320.9,4159
1693558800,1320.9,1323.35,1320.1,1322.7,22866
1693559100,1322.7,1323.65,1320.2,1321.2,5377
1693559400,1321.2,1321.2,1318.0,1319.9,12715
1693559700,1319.9,1320.05,1318.5,1319.25,3647
1693560000,1319.25,1319.45,1317.55,1318.75,4167
1693560300,1318.75,1319.45,1317.5,1319.05,9093
1693560600,1319.5,1321.75,1319.1,1320.1,11144
1693560900,1320.25,1321.6,1320.05,1320.95,10741
1693561200,1320.9,1321.6,1319.6,1321.55,10063
1693561500,1321.3,1322.0,1318.65,1320.5,20847
1693561800,1319.75,1321.1,1319.7,1320.65,17708
1693562100,1320.6,1322.0,1316.25,1316.25,15176
1693799100,1328.5,1328.5,1320.6,1322.85,20374
1693799400,1322.2,1323.65,1319.55,1320.35,7530
1693799700,1320.5,1322.6,1319.25,1320.6,5679
1693800000,1320.0,1321.55,1317.25,1318.5,8210
1693800300,1317.55,1319.75,1316.8,1318.0,6302
1693800600,1318.0,1318.8,1315.1,1315.15,6612
1693800900,1315.1,1317.5,1315.05,1317.35,3298
1693801200,1317.3,1317.85,1314.6,1315.25,4317
1693801500,1315.25,1317.0,1314.55,1315.2,5030
1693801800,1315.2,1315.9,1312.5,1312.6,5618
1693802100,1312.6,1313.2,1311.7,1312.1,3765
1693802400,1312.1,1312.1,1310.1,1311.0,4929
1693802700,1311.0,1311.25,1308.5,1310.1,4972
1693803000,1309.55,1310.95,1309.0,1310.95,3854
1693803300,1310.95,1310.95,1309.1,1309.95,4911
1693803600,1309.95,1310.3,1309.0,1310.3,1842
1693803900,1310.3,1310.35,1306.5,1307.15,7658
1693804200,1307.15,1307.15,1305.95,1306.0,4888
1693804500,1305.35,1307.0,1305.25,1306.5,3111
1693804800,1306.5,1306.5,1302.85,1305.3,10974
1693805100,1305.35,1305.45,1303.45,1303.95,4848
1693805400,1304.3,1304.9,1303.3,1303.45,8398
1693805700,1303.45,1303.95,1302.55,1302.65,6689
1693806000,1303.1,1304.75,1302.6,1304.75,2829
1693806300,1304.75,1305.65,1302.95,1303.7,4625
1693806600,1303.7,1303.9,1302.3,1303.3,2717
1693806900,1303.4,1303.65,1302.55,1303.1,1962
1693807200,1303.0,1303.6,1302.0,1302.45,5538
1693807500,1302.4,1307.1,1301.5,1307.0,7680
1693807800,1307.0,1309.45,1306.75,1308.65,9801
1693808100,1308.6,1309.45,1307.85,1309.0,3698
1693808400,1309.0,1309.35,1307.1,1308.05,3155
1693808700,1308.05,1308.5,1307.15,1307.7,2837
1693809000,1307.7,1309.15,1307.3,1309.0,5029
1693809300,1309.0,1309.0,1307.25,1307.25,2148
1693809600,1307.25,1307.95,1306.45,1307.9,4700
1693809900,1307.65,1308.0,1306.95,1307.95,6226
1693810200,1307.95,1308.0,1304.7,1306.95,6497
1693810500,1306.95,1307.8,1306.0,1306.05,1751
1693810800,1306.05,1307.65,1305.3,1306.95,3374
1693811100,1306.95,1309.0,1306.9,1308.3,5697
1693811400,1308.9,1308.9,1307.55,1308.8,3509
1693811700,1308.75,1311.95,1308.75,1311.5,13405
1693812000,1311.5,1312.5,1310.65,1312.5,4824
1693812300,1312.45,1313.9,1311.0,1312.1,5535
1693812600,1311.95,1312.55,1310.95,1312.25,2396
1693812900,1312.25,1313.5,1310.8,1313.45,5013
1693813200,1313.45,1315.8,1313.1,1315.3,6004
1693813500,1315.0,1316.5,1314.55,1316.2,7035
1693813800,1316.5,1318.8,1316.2,1318.6,11292
1693814100,1318.6,1318.75,1317.8,1318.05,5116
1693814400,1318.25,1318.25,1316.5,1316.6,4795
1693814700,1316.6,1318.0,1316.6,1317.9,5035
1693815000,1317.9,1319.6,1317.75,1318.15,5547
1693815300,1318.6,1318.6,1316.05,1316.8,7421
1693815600,1316.2,1316.8,1315.15,1316.6,4757
1693815900,1316.6,1318.0,1316.15,1317.35,5125
1693816200,1317.35,1318.7,1315.3,1315.3,3396
1693816500,1315.3,1315.95,1314.0,1315.15,6599
1693816800,1315.6,1316.55,1314.0,1314.55,4927
1693817100,1314.0,1315.65,1313.45,1315.2,6050
1693817400,1314.85,1315.75,1314.0,1315.2,5120
1693817700,1315.75,1318.25,1315.05,1318.1,8445
1693818000,1318.1,1318.5,1317.1,1317.75,4899
1693818300,1317.3,1319.95,1317.3,1319.6,10300
1693818600,1321.35,1322.0,1320.0,1321.45,10688
1693818900,1321.5,1322.1,1319.5,1320.65,7980
1693819200,1320.65,1326.0,1320.1,1324.8,25063
1693819500,1324.8,1327.0,1323.0,1324.55,9806
1693819800,1325.0,1331.9,1323.25,1331.85,35006
1693820100,1331.8,1332.45,1329.0,1329.35,19058
1693820400,1329.35,1329.45,1329.0,1329.15,13352
1693820700,1329.1,1329.1,1326.4,1327.0,14462
1693821000,1326.95,1328.9,1326.05,1328.9,19137
1693821300,1329.0,1332.0,1326.3,1326.95,16063
1693885500,1328.35,1338.95,1328.35,1335.9,46996
1693885800,1335.85,1335.85,1331.7,1332.5,13722
1693886100,1333.45,1334.0,1331.4,1331.55,5859
1693886400,1331.55,1334.9,1331.55,1334.85,8710
1693886700,1334.85,1334.9,1332.65,1333.0,12472
1693887000,1333.0,1334.0,1328.0,1328.9,12321
1693887300,1328.4,1329.5,1326.9,1327.05,17475
1693887600,1327.55,1328.1,1324.05,1325.35,13733
1693887900,1325.35,1326.0,1322.1,1322.25,6939
1693888200,1322.05,1323.0,1321.0,1322.0,14194
1693888500,1322.1,1322.65,1320.7,1321.5,8494
1693888800,1321.45,1321.9,1319.4,1320.4,10612
1693889100,1320.4,1320.95,1318.25,1318.95,24730
1693889400,1318.65,1320.3,1318.25,1318.5,8670
1693889700,1318.55,1319.45,1317.7,1318.35,9126
1693890000,1318.35,1322.4,1317.3,1320.25,14265
1693890300,1321.05,1322.65,1318.75,1320.45,13665
1693890600,1320.2,1320.25,1317.8,1318.0,9242
1693890900,1318.0,1321.35,1316.75,1320.95,17366
1693891200,1321.1,1322.25,1318.85,1319.3,3190
1693891500,1319.3,1322.25,1319.3,1321.8,4146
1693891800,1322.5,1322.95,1319.75,1319.75,4428
1693892100,1319.7,1322.45,1318.1,1320.4,8530
1693892400,1320.0,1320.9,1318.1,1318.4,12154
1693892700,1318.1,1321.2,1317.5,1320.35,11028
1693893000,1320.35,1321.05,1319.1,1320.0,3547
1693893300,1320.25,1321.35,1319.85,1320.4,6809
1693893600,1320.4,1321.2,1319.4,1319.9,9127
1693893900,1319.8,1320.5,1319.35,1320.0,3701
1693894200,1320.2,1320.25,1318.0,1318.5,29402
1693894500,1319.15,1319.9,1318.0,1318.05,4569
1693894800,1318.05,1319.0,1317.0,1317.3,12581
1693895100,1317.45,1317.7,1314.95,1316.9,43827
1693895400,1316.9,1317.15,1313.75,1316.2,21813
1693895700,1315.55,1317.25,1315.15,1315.15,18227
1693896000,1315.65,1317.3,1315.2,1317.0,5411
1693896300,1317.25,1318.9,1317.25,1318.9,8138
1693896600,1318.5,1319.85,1318.5,1319.0,5650
1693896900,1319.8,1320.95,1317.5,1317.6,18144
1693897200,1318.9,1321.55,1316.25,1317.0,52187
1693897500,1317.0,1317.8,1314.1,1314.2,19320
1693897800,1314.2,1315.0,1313.0,1314.05,7775
1693898100,1314.8,1315.0,1312.45,1313.05,7168
1693898400,1313.95,1314.85,1312.9,1313.95,4599
1693898700,1313.95,1314.95,1313.25,1314.15,6247
1693899000,1313.65,1314.15,1313.15,1314.1,2814
1693899300,1314.15,1314.2,1313.0,1313.7,2933
1693899600,1313.25,1313.8,1310.1,1311.1,13993
1693899900,1311.1,1311.7,1310.0,1311.55,5418
1693900200,1311.55,1313.0,1310.0,1311.85,34293
1693900500,1311.95,1312.9,1309.1,1311.0,37459
1693900800,1310.45,1312.1,1309.4,1310.95,22731
1693901100,1310.9,1312.0,1309.4,1310.35,51255
1693901400,1310.4,1310.6,1309.1,1309.85,6657
1693901700,1310.0,1311.7,1309.4,1309.4,30450
1693902000,1309.4,1311.45,1308.6,1311.4,14884
1693902300,1311.3,1311.55,1309.65,1310.5,8899
1693902600,1310.55,1311.25,1309.8,1311.15,4868
1693902900,1311.15,1314.75,1310.05,1314.65,65445
1693903200,1314.65,1317.0,1311.75,1316.0,133660
1693903500,1315.95,1316.3,1312.45,1312.5,247309
1693903800,1312.5,1315.95,1310.9,1311.0,25675
1693904100,1311.0,1312.0,1310.05,1310.95,8860
1693904400,1310.8,1312.0,1310.0,1310.8,15415
1693904700,1311.25,1311.55,1309.15,1309.45,15502
1693905000,1309.5,1310.1,1307.2,1309.3,69293
1693905300,1309.3,1309.55,1305.65,1308.6,26116
1693905600,1308.6,1310.35,1307.4,1307.7,84998
1693905900,1308.0,1310.85,1307.45,1309.65,56633
1693906200,1309.7,1311.25,1308.0,1308.3,73493
1693906500,1308.0,1312.2,1308.0,1308.0,130231
1693906800,1308.0,1310.1,1307.7,1310.1,28080
1693907100,1310.0,1310.05,1307.85,1308.0,37519
1693907400,1308.75,1310.0,1307.5,1308.35,39511
1693907700,1308.35,1310.95,1307.0,1308.0,25926
1693971900,1310.0,1313.8,1309.75,1313.15,23078
1693972200,1313.2,1314.0,1311.45,1311.5,511942
1693972500,1312.6,1317.95,1311.15,1316.95,122019
1693972800,1316.95,1321.95,1316.85,1320.65,30781
1693973100,1320.95,1328.65,1320.95,1328.05,48439
1693973400,1328.65,1329.0,1324.6,1327.55,24212
1693973700,1327.7,1328.2,1321.9,1324.2,28760
1693974000,1324.2,1324.2,1318.2,1319.8,21259
1693974300,1319.05,1322.9,1319.05,1319.75,10281
1693974600,1319.7,1322.35,1319.7,1321.65,9637
1693974900,1321.65,1323.45,1319.75,1321.8,7292
1693975200,1321.8,1322.7,1321.1,1321.9,1565
1693975500,1321.3,1322.7,1321.0,1321.5,2285
1693975800,1321.5,1322.4,1319.75,1319.9,2264
1693976100,1319.9,1323.55,1318.75,1322.9,13459
1693976400,1322.9,1324.95,1322.5,1324.75,18245
1693976700,1324.75,1324.9,1323.5,1324.0,14154
1693977000,1324.0,1325.8,1323.8,1325.45,3818
1693977300,1324.85,1326.0,1323.8,1324.6,5771
1693977600,1324.0,1325.35,1323.85,1325.0,12252
1693977900,1325.0,1325.0,1321.85,1321.85,5841
1693978200,1322.0,1322.55,1320.1,1322.55,13636
1693978500,1322.55,1322.55,1320.0,1320.0,4678
1693978800,1319.4,1320.3,1319.0,1319.35,2715
1693979100,1319.35,1319.9,1317.15,1317.15,11467
1693979400,1318.3,1319.75,1316.9,1318.65,10550
1693979700,1318.6,1319.9,1317.3,1318.9,5639
1693980000,1318.9,1318.95,1316.2,1316.2,5834
1693980300,1316.7,1316.7,1315.4,1315.7,8444
1693980600,1315.95,1315.95,1313.0,1313.25,37795
1693980900,1313.15,1315.0,1312.85,1315.0,4577
1693981200,1314.65,1314.7,1313.2,1314.0,2787
1693981500,1314.0,1314.3,1313.0,1313.2,4427
1693981800,1313.85,1313.85,1311.0,1311.2,5365
1693982100,1311.0,1313.0,1310.9,1312.0,9481
1693982400,1312.0,1312.0,1311.5,1312.0,7907
1693982700,1312.0,1312.0,1311.5,1311.6,8722
1693983000,1311.25,1312.25,1310.2,1310.2,5734
1693983300,1310.8,1312.0,1310.2,1311.4,3512
1693983600,1311.4,1312.0,1310.8,1312.0,3452
1693983900,1312.0,1312.0,1311.1,1311.45,1370
1693984200,1311.2,1311.55,1307.7,1308.9,8085
1693984500,1308.9,1309.5,1308.15,1308.15,1976
1693984800,1308.2,1310.35,1307.65,1308.85,3746
1693985100,1308.85,1309.0,1308.0,1308.65,1940
1693985400,1308.95,1309.95,1307.75,1309.7,1696
1693985700,1309.95,1310.5,1309.0,1309.0,4122
1693986000,1309.55,1310.3,1309.0,1309.8,1733
1693986300,1310.0,1310.1,1309.0,1309.0,3854
1693986600,1309.0,1310.0,1308.0,1308.35,3090
1693986900,1308.5,1309.55,1308.0,1308.45,1020
1693987200,1308.45,1309.2,1307.0,1307.0,3555
1693987500,1306.9,1307.0,1305.45,1306.1,4075
1693987800,1306.1,1309.4,1306.1,1309.0,4281
1693988100,1309.3,1309.9,1307.1,1307.85,2429
1693988400,1307.65,1309.05,1307.5,1308.25,626
1693988700,1308.05,1309.0,1307.55,1307.95,1668
1693989000,1307.95,1309.45,1307.6,1308.4,964
1693989300,1308.4,1309.0,1308.0,1308.35,1155
1693989600,1308.15,1308.7,1307.25,1307.75,4096
1693989900,1308.0,1310.0,1307.05,1309.65,4978
1693990200,1309.65,1310.0,1309.5,1309.85,2710
1693990500,1309.85,1310.2,1309.3,1309.3,1637
1693990800,1309.75,1310.0,1309.65,1309.85,11190
1693991100,1310.0,1310.0,1309.5,1309.55,2875
1693991400,1309.55,1310.0,1308.8,1308.8,4975
1693991700,1308.8,1309.35,1307.6,1307.6,9988
1693992000,1307.75,1308.6,1307.6,1308.25,7201
1693992300,1308.0,1310.85,1307.85,1310.5,13317
1693992600,1310.55,1319.95,1310.05,1318.3,47697
1693992900,1318.15,1321.05,1318.15,1321.0,44273
1693993200,1321.0,1321.85,1319.25,1320.4,41932
1693993500,1320.3,1321.9,1319.35,1321.45,68368
1693993800,1321.5,1321.75,1318.4,1319.25,45207
1693994100,1319.2,1321.15,1315.8,1315.8,24591
1694058300,1320.0,1325.7,1320.0,1322.0,24460
1694058600,1322.0,1322.75,1319.1,1320.55,13396
1694058900,1321.3,1321.7,1318.05,1318.5,4905
1694059200,1319.0,1319.0,1316.0,1316.25,9563
1694059500,1316.25,1317.6,1316.05,1317.45,2723
1694059800,1317.45,1319.7,1316.7,1318.95,7819
1694060100,1318.95,1321.0,1318.95,1319.0,6671
1694060400,1319.0,1319.6,1316.4,1317.0,3134
1694060700,1317.0,1317.65,1315.2,1315.3,2618
1694061000,1315.45,1316.15,1313.1,1313.25,29847
1694061300,1313.3,1314.8,1313.3,1314.5,17910
1694061600,1314.45,1315.05,1312.65,1315.05,12807
1694061900,1315.05,1316.05,1314.25,1314.8,5103
1694062200,1314.8,1315.65,1311.45,1312.85,18160
1694062500,1312.85,1317.65,1312.85,1316.95,11676
1694062800,1316.95,1317.7,1315.05,1315.95,6369
1694063100,1315.75,1317.2,1314.1,1315.95,3502
1694063400,1315.95,1317.0,1315.6,1316.0,1519
1694063700,1316.9,1317.55,1315.95,1317.55,3084
1694064000,1317.55,1320.25,1316.5,1320.0,8852
1694064300,1320.3,1321.9,1319.2,1320.75,4276
1694064600,1320.75,1321.0,1320.0,1320.15,2595
1694064900,1320.15,1321.45,1319.8,1320.45,3497
1694065200,1320.45,1321.4,1320.05,1320.05,2500
1694065500,1320.45,1320.7,1318.85,1318.85,5516
1694065800,1318.95,1319.55,1318.05,1318.65,7794
1694066100,1318.65,1319.3,1317.25,1317.25,4413
1694066400,1317.25,1318.4,1316.5,1316.55,3577
1694066700,1316.55,1317.7,1316.15,1317.0,3387
1694067000,1316.5,1326.5,1316.4,1326.0,45554
1694067300,1326.0,1329.8,1325.1,1325.75,35122
1694067600,1325.75,1333.3,1325.75,1332.45,30511
1694067900,1333.0,1337.5,1332.35,1336.85,83148
1694068200,1336.45,1337.0,1334.6,1336.3,18508
1694068500,1336.0,1336.45,1330.05,1330.85,43127
1694068800,1330.85,1332.3,1330.25,1332.0,4487
1694069100,1331.5,1332.5,1330.85,1332.4,7743
1694069400,1332.0,1335.0,1330.8,1334.5,9750
1694069700,1334.5,1336.7,1334.1,1336.0,13063
1694070000,1336.0,1338.95,1336.0,1338.55,15493
1694070300,1338.0,1339.75,1336.15,1339.75,16526
1694070600,1339.3,1339.8,1338.75,1338.75,9689
1694070900,1339.35,1340.6,1338.3,1339.4,20597
1694071200,1339.45,1339.55,1335.25,1336.35,18800
1694071500,1335.7,1336.85,1335.0,1336.4,14410
1694071800,1336.6,1337.6,1334.85,1336.75,13774
1694072100,1336.3,1338.95,1336.3,1338.15,12408
1694072400,1338.1,1338.7,1337.0,1337.85,12167
1694072700,1337.85,1338.5,1336.45,1337.95,15989
1694073000,1337.95,1338.2,1335.75,1336.6,11491
1694073300,1337.2,1338.0,1334.7,1335.25,15587
1694073600,1335.3,1335.3,1331.8,1332.4,12240
1694073900,1332.35,1334.8,1331.15,1334.4,16925
1694074200,1334.2,1338.95,1333.95,1338.95,26862
1694074500,1339.0,1342.0,1338.5,1341.6,20834
1694074800,1341.6,1342.25,1338.65,1342.0,15927
1694075100,1342.25,1343.5,1341.2,1342.0,13968
1694075400,1341.95,1344.3,1338.9,1342.2,26094
1694075700,1342.5,1343.55,1333.6,1338.05,37573
1694076000,1338.05,1338.55,1334.7,1336.7,48653
1694076300,1336.95,1339.3,1336.0,1337.55,18574
1694076600,1336.75,1341.6,1336.65,1341.6,14669
1694076900,1341.6,1343.0,1338.95,1338.95,23727
1694077200,1339.1,1343.85,1338.95,1343.85,14499
1694077500,1343.65,1345.95,1341.45,1345.25,37892
1694077800,1344.8,1345.95,1343.35,1345.95,32838
1694078100,1345.2,1351.3,1345.2,1350.0,63053
1694078400,1349.95,1350.9,1348.4,1349.4,27033
1694078700,1349.8,1349.8,1347.3,1349.8,29125
1694079000,1349.25,1350.05,1346.6,1348.2,49929
1694079300,1347.85,1349.2,1346.85,1347.55,35726
1694079600,1347.6,1349.65,1346.9,1348.2,46942
1694079900,1348.45,1348.45,1345.55,1347.5,69138
1694080200,1347.1,1348.45,1345.2,1345.2,56757
1694080500,1345.25,1347.3,1343.0,1343.6,28497
1694144700,1348.0,1349.45,1340.7,1345.55,40823
1694145000,1346.15,1347.45,1342.3,1342.4,14809
1694145300,1342.1,1342.1,1339.5,1341.95,9927
1694145600,1341.9,1342.95,1341.0,1341.55,12151
1694145900,1341.2,1341.5,1340.1,1340.75,8847
1694146200,1340.75,1343.4,1339.5,1343.1,15538
1694146500,1343.35,1344.45,1342.5,1343.4,8374
1694146800,1344.0,1345.0,1342.9,1343.2,7197
1694147100,1342.7,1342.7,1341.55,1342.25,5876
1694147400,1342.2,1344.5,1342.0,1342.55,3177
1694147700,1342.65,1344.9,1342.65,1344.9,3327
1694148000,1344.95,1344.95,1343.05,1343.6,4014
1694148300,1343.6,1343.6,1342.0,1342.0,3194
1694148600,1342.0,1343.0,1341.65,1342.0,3088
1694148900,1342.25,1342.7,1342.0,1342.0,6255
1694149200,1342.0,1342.05,1337.3,1338.4,37868
1694149500,1338.4,1338.6,1335.05,1335.3,195957
1694149800,1335.0,1336.75,1334.35,1336.05,7702
1694150100,1336.7,1339.6,1335.85,1338.95,6128
1694150400,1338.9,1339.4,1335.7,1336.6,8737
1694150700,1336.15,1337.45,1335.3,1336.35,3539
1694151000,1336.35,1338.05,1336.2,1338.05,2571
1694151300,1338.55,1339.15,1338.25,1338.9,5131
1694151600,1338.85,1338.85,1337.0,1337.6,3363
1694151900,1337.5,1339.2,1337.5,1338.95,3188
1694152200,1338.95,1340.8,1338.95,1339.65,4390
1694152500,1339.0,1339.95,1338.95,1339.0,1638
1694152800,1339.05,1341.0,1338.25,1340.5,8207
1694153100,1340.85,1341.75,1338.75,1341.45,4494
1694153400,1341.45,1342.0,1340.65,1340.95,3976
1694153700,1340.95,1342.05,1340.0,1340.95,3887
1694154000,1340.95,1341.3,1338.0,1338.0,10333
1694154300,1338.3,1340.4,1338.3,1340.35,48814
1694154600,1339.8,1340.65,1339.0,1339.0,47582
1694154900,1338.95,1339.3,1338.55,1338.95,5752
1694155200,1339.0,1340.0,1338.4,1339.3,2469
1694155500,1339.3,1339.7,1338.55,1338.75,5692
1694155800,1338.75,1339.95,1338.5,1339.65,10307
1694156100,1339.7,1342.0,1339.7,1341.5,21935
1694156400,1341.0,1343.0,1341.0,1342.45,15447
1694156700,1342.35,1343.25,1342.0,1342.35,4792
1694157000,1342.2,1342.45,1340.95,1342.05,5912
1694157300,1342.05,1342.8,1340.5,1342.0,23686
1694157600,1342.25,1343.35,1341.05,1342.2,9766
1694157900,1342.2,1342.6,1340.55,1341.45,9781
1694158200,1341.45,1342.4,1341.4,1341.5,2962
1694158500,1341.45,1341.95,1341.4,1341.65,3393
1694158800,1341.4,1342.25,1340.15,1340.95,4392
1694159100,1340.55,1342.0,1340.2,1341.5,6204
1694159400,1341.45,1342.4,1341.15,1342.05,5911
1694159700,1342.05,1342.4,1341.1,1341.15,4102
1694160000,1341.2,1341.85,1340.6,1340.6,3030
1694160300,1340.6,1342.2,1340.6,1342.05,6012
1694160600,1342.0,1342.05,1340.3,1341.1,3885
1694160900,1341.1,1341.4,1340.35,1340.5,2560
1694161200,1340.75,1341.0,1340.0,1340.25,2911
1694161500,1340.1,1341.3,1340.05,1341.3,2797
1694161800,1341.1,1341.8,1340.8,1341.25,2916
1694162100,1341.2,1341.8,1341.2,1341.35,2277
1694162400,1341.3,1342.5,1340.85,1342.35,16731
1694162700,1342.4,1343.1,1342.25,1342.8,3941
1694163000,1342.85,1344.1,1342.85,1344.0,8198
1694163300,1344.0,1344.65,1343.35,1343.35,4123
1694163600,1343.35,1344.5,1343.0,1344.0,19279
1694163900,1344.35,1344.55,1342.75,1344.0,26106
1694164200,1344.05,1344.3,1343.9,1344.05,11660
1694164500,1344.15,1344.5,1343.75,1344.2,10150
1694164800,1344.0,1344.25,1342.55,1342.55,85447
1694165100,1342.55,1344.45,1341.4,1344.05,105749
1694165400,1344.05,1344.25,1340.2,1342.55,38022
1694165700,1342.55,1342.6,1339.4,1340.95,54709
1694166000,1341.0,1342.4,1340.5,1341.5,29003
1694166300,1341.25,1342.4,1340.7,1340.75,25137
1694166600,1340.55,1341.0,1340.4,1340.45,22167
1694166900,1340.25,1341.85,1337.45,1337.45,24225
1694403900,1344.45,1344.45,1337.0,1343.25,14181
1694404200,1343.25,1347.75,1342.15,1345.5,8390
1694404500,1345.55,1348.8,1344.35,1348.4,10131
1694404800,1347.9,1348.5,1345.55,1347.5,7386
1694405100,1347.5,1349.9,1347.5,1349.4,4695
1694405400,1349.9,1351.6,1345.2,1346.0,16971
1694405700,1345.3,1346.6,1343.85,1345.75,5611
1694406000,1345.75,1348.0,1345.0,1347.0,3262
1694406300,1346.95,1349.05,1346.9,1348.0,2794
1694406600,1348.3,1348.8,1345.85,1346.3,3323
1694406900,1346.3,1347.9,1345.2,1345.35,4487
1694407200,1345.7,1346.0,1344.05,1345.0,7622
1694407500,1345.25,1346.95,1345.0,1346.3,6830
1694407800,1346.3,1346.65,1345.1,1345.8,1841
1694408100,1345.15,1349.55,1345.15,1349.25,14873
1694408400,1349.3,1350.85,1347.6,1349.25,19034
1694408700,1348.95,1351.05,1348.8,1350.75,7536
1694409000,1350.75,1351.35,1347.85,1349.35,24392
1694409300,1349.35,1351.0,1348.9,1351.0,16990
1694409600,1351.0,1352.6,1350.2,1351.9,20416
1694409900,1352.15,1353.2,1350.4,1351.7,15259
1694410200,1351.95,1352.4,1351.05,1351.1,6457
1694410500,1351.35,1352.55,1350.95,1351.65,10268
1694410800,1351.6,1353.1,1350.95,1352.95,11035
1694411100,1352.95,1353.45,1352.0,1352.7,17511
1694411400,1352.7,1353.7,1352.6,1353.5,10763
1694411700,1353.5,1353.8,1352.4,1353.1,10876
1694412000,1353.35,1353.35,1349.3,1349.3,9226
1694412300,1349.55,1350.4,1348.3,1348.3,6723
1694412600,1348.3,1350.35,1348.05,1350.25,9942
1694412900,1350.25,1352.25,1348.05,1351.95,37656
1694413200,1351.95,1352.0,1351.1,1351.75,16990
1694413500,1352.0,1353.5,1351.5,1353.35,17733
1694413800,1353.0,1353.4,1352.35,1352.5,6297
1694414100,1352.5,1352.65,1352.0,1352.25,7146
1694414400,1352.2,1352.5,1349.75,1349.85,15973
1694414700,1349.85,1350.5,1349.25,1349.35,5271
1694415000,1349.35,1350.1,1349.25,1349.45,3003
1694415300,1349.6,1353.0,1349.4,1352.3,33546
1694415600,1351.75,1352.7,1351.0,1351.1,6876
1694415900,1351.2,1352.4,1351.1,1351.8,2499
1694416200,1351.65,1353.0,1351.65,1352.45,4656
1694416500,1352.45,1356.5,1352.4,1356.25,22308
1694416800,1356.25,1356.85,1354.2,1355.0,21879
1694417100,1355.0,1355.9,1353.65,1353.7,11086
1694417400,1353.9,1354.4,1353.1,1353.75,4957
1694417700,1353.8,1354.75,1353.7,1354.5,3132
1694418000,1354.5,1354.75,1353.75,1353.9,14813
1694418300,1353.6,1353.95,1351.1,1351.35,9950
1694418600,1351.35,1352.9,1351.05,1352.25,6561
1694418900,1351.75,1352.3,1350.1,1350.5,9262
1694419200,1350.75,1351.55,1350.5,1350.95,2971
1694419500,1350.55,1351.85,1350.55,1351.0,3479
1694419800,1351.0,1351.5,1350.45,1350.65,3066
1694420100,1350.95,1351.3,1350.4,1350.85,5564
1694420400,1350.5,1350.9,1349.0,1349.8,34484
1694420700,1349.8,1350.2,1349.55,1349.55,4251
1694421000,1349.6,1350.1,1349.1,1349.75,3164
1694421300,1349.65,1350.3,1349.6,1350.1,3386
1694421600,1350.0,1350.65,1349.85,1350.45,2977
1694421900,1350.4,1352.15,1350.4,1351.75,8332
1694422200,1351.8,1352.15,1351.3,1351.45,4198
1694422500,1351.35,1352.45,1351.0,1351.7,8442
1694422800,1351.8,1351.9,1351.3,1351.7,3994
1694423100,1351.7,1351.85,1351.0,1351.4,5888
1694423400,1351.4,1352.15,1350.9,1352.05,8847
1694423700,1352.15,1354.45,1352.15,1353.7,5239
1694424000,1353.7,1354.4,1352.0,1352.9,12024
1694424300,1352.9,1353.05,1351.7,1352.45,15290
1694424600,1352.15,1354.5,1352.05,1352.85,26066
1694424900,1352.95,1354.25,1351.95,1353.3,26529
1694425200,1353.3,1353.3,1349.0,1350.0,20421
1694425500,1349.2,1349.75,1345.25,1347.75,25792
1694425800,1347.65,1349.15,1346.1,1347.3,27592
1694426100,1347.45,1348.25,1345.0,1346.85,10497
1694490300,1352.8,1352.8,1344.0,1348.9,26578
1694490600,1349.4,1351.95,1348.75,1351.9,16471
1694490900,1351.95,1351.95,1345.05,1346.0,16942
1694491200,1346.0,1347.1,1343.2,1344.35,19006
1694491500,1344.05,1344.85,1341.0,1341.3,15399
1694491800,1341.3,1343.8,1341.05,1342.2,19095
1694492100,1342.2,1343.0,1341.9,1342.95,25995
1694492400,1342.65,1343.0,1336.0,1337.9,110340
1694492700,1337.5,1339.65,1336.45,1338.15,33804
1694493000,1338.15,1338.75,1336.2,1338.4,15759
1694493300,1337.75,1340.3,1337.4,1337.55,8358
1694493600,1337.5,1338.55,1337.15,1337.7,7863
1694493900,1337.7,1339.45,1337.25,1337.85,13854
1694494200,1337.9,1339.3,1337.2,1337.45,6979
1694494500,1337.5,1338.15,1336.15,1336.7,21952
1694494800,1337.0,1337.05,1334.3,1335.9,16012
1694495100,1335.9,1337.65,1334.75,1336.4,11924
1694495400,1336.4,1339.9,1334.7,1338.65,12822
1694495700,1338.65,1339.35,1336.0,1336.0,10223
1694496000,1336.0,1336.0,1332.0,1332.2,12907
1694496300,1332.2,1334.65,1331.6,1332.95,8517
1694496600,1332.95,1336.0,1332.75,1335.25,22520
1694496900,1335.25,1337.9,1335.15,1335.25,6649
1694497200,1335.9,1336.0,1335.0,1335.0,4865
1694497500,1335.0,1335.65,1333.2,1334.65,11102
1694497800,1334.65,1334.65,1331.35,1331.4,33275
1694498100,1331.4,1335.2,1331.3,1332.65,71559
1694498400,1332.65,1333.3,1332.5,1332.55,6515
1694498700,1332.5,1336.65,1332.5,1336.0,40373
1694499000,1336.0,1336.85,1335.25,1335.95,4566
1694499300,1335.9,1336.05,1335.0,1335.0,3696
1694499600,1335.05,1335.6,1334.4,1335.15,3115
1694499900,1335.4,1337.65,1335.4,1336.95,6461
1694500200,1336.95,1337.4,1335.75,1336.1,6766
1694500500,1336.4,1336.85,1335.0,1335.0,9700
1694500800,1335.0,1335.8,1335.0,1335.75,4237
1694501100,1336.05,1336.45,1335.0,1335.45,4822
1694501400,1335.45,1335.5,1335.0,1335.05,5789
1694501700,1335.45,1337.85,1335.0,1335.95,4449
1694502000,1335.95,1336.95,1335.0,1335.15,4990
1694502300,1335.15,1337.0,1335.05,1336.1,4111
1694502600,1335.8,1339.0,1335.5,1338.15,12625
1694502900,1338.15,1338.9,1337.3,1338.35,4238
1694503200,1339.0,1342.55,1338.6,1341.3,16093
1694503500,1341.3,1343.4,1341.15,1341.7,8916
1694503800,1341.3,1344.2,1341.15,1343.8,11175
1694504100,1343.8,1345.75,1342.9,1344.75,44211
1694504400,1344.5,1345.2,1343.45,1343.6,13870
1694504700,1343.4,1346.3,1342.2,1346.3,28161
1694505000,1345.9,1347.45,1343.65,1343.65,22095
1694505300,1343.65,1347.7,1343.1,1347.05,7653
1694505600,1347.65,1347.65,1343.4,1344.2,3993
1694505900,1343.95,1345.9,1343.35,1345.1,3589
1694506200,1345.7,1346.5,1344.6,1345.2,4956
1694506500,1345.2,1345.4,1343.9,1344.35,2969
1694506800,1344.35,1344.8,1343.35,1343.5,4454
1694507100,1343.15,1344.15,1340.75,1343.1,5509
1694507400,1343.1,1345.0,1342.6,1344.4,2713
1694507700,1344.2,1345.0,1343.2,1344.15,4064
1694508000,1344.05,1345.0,1343.2,1343.4,2084
1694508300,1343.2,1344.8,1342.6,1343.4,5801
1694508600,1343.4,1345.5,1343.3,1344.2,2890
1694508900,1344.2,1345.95,1343.85,1345.05,3797
1694509200,1345.05,1347.35,1344.85,1345.5,5847
1694509500,1345.6,1348.45,1345.6,1346.5,16693
1694509800,1346.75,1346.9,1345.0,1345.7,2283
1694510100,1345.5,1345.95,1344.0,1344.0,5425
1694510400,1344.0,1348.9,1343.9,1347.7,10509
1694510700,1347.7,1349.45,1347.25,1348.3,9800
1694511000,1348.3,1349.25,1345.15,1346.35,38919
1694511300,1346.5,1347.2,1344.55,1344.9,27895
1694511600,1344.75,1345.65,1341.55,1344.95,24163
1694511900,1344.9,1349.0,1344.85,1347.1,34235
1694512200,1347.1,1349.6,1345.6,1345.6,29787
1694512500,1344.9,1349.0,1342.75,1348.85,26817
1694576700,1350.0,1351.05,1345.05,1345.65,5544
1694577000,1346.1,1346.85,1342.55,1342.55,12035
1694577300,1342.55,1344.1,1342.4,1344.0,4453
1694577600,1344.0,1346.8,1343.1,1345.05,5980
1694577900,1346.0,1348.95,1344.0,1344.0,3852
1694578200,1344.0,1344.0,1340.45,1341.2,8080
1694578500,1341.2,1342.4,1339.75,1342.25,2876
1694578800,1342.0,1342.25,1337.2,1337.2,6150
1694579100,1337.65,1339.9,1337.05,1337.9,4602
1694579400,1337.9,1341.6,1337.3,1341.05,6471
1694579700,1341.05,1341.05,1337.1,1337.1,3987
1694580000,1337.15,1337.5,1335.0,1335.4,7106
1694580300,1335.4,1335.85,1333.7,1334.25,4456
1694580600,1333.75,1335.3,1328.25,1330.75,38713
1694580900,1330.75,1332.9,1329.3,1330.3,11413
1694581200,1330.3,1334.2,1330.3,1334.2,5176
1694581500,1334.2,1336.6,1333.6,1336.0,2539
1694581800,1336.05,1336.6,1334.35,1336.0,3554
1694582100,1336.0,1336.2,1332.05,1334.45,4339
1694582400,1334.45,1335.45,1333.85,1335.05,1503
1694582700,1335.2,1337.0,1334.9,1336.55,2138
1694583000,1336.55,1336.85,1334.0,1336.05,3052
1694583300,1335.8,1338.4,1335.2,1338.0,1338
1694583600,1338.4,1339.7,1337.4,1339.05,1621
1694583900,1339.05,1339.7,1337.5,1339.7,1112
1694584200,1339.2,1339.7,1338.15,1339.5,4056
1694584500,1339.5,1339.5,1337.75,1338.05,1579
1694584800,1338.7,1339.5,1338.25,1339.5,1331
1694585100,1338.9,1339.5,1337.75,1339.5,1896
1694585400,1339.5,1339.75,1337.9,1338.0,3581
1694585700,1337.9,1341.5,1337.5,1340.25,14899
1694586000,1340.25,1340.25,1339.0,1340.2,7559
1694586300,1340.25,1341.7,1340.2,1341.4,2193
1694586600,1341.05,1342.0,1340.35,1341.25,2375
1694586900,1341.35,1342.25,1340.75,1342.15,1358
1694587200,1342.1,1345.0,1341.75,1344.9,5445
1694587500,1344.9,1345.5,1344.05,1344.9,4399
1694587800,1344.7,1345.3,1343.95,1345.3,2074
1694588100,1345.0,1345.3,1344.1,1345.3,1058
1694588400,1345.25,1345.5,1344.3,1344.5,1123
1694588700,1344.5,1344.5,1341.55,1341.85,2662
1694589000,1341.85,1344.95,1341.8,1344.65,921
1694589300,1344.65,1345.4,1343.0,1345.4,1793
1694589600,1345.2,1345.4,1343.2,1343.75,2146
1694589900,1343.75,1343.8,1342.1,1342.75,1802
1694590200,1342.75,1342.85,1341.65,1342.25,1638
1694590500,1342.0,1344.95,1342.0,1344.95,1667
1694590800,1344.7,1345.3,1343.3,1343.8,2598
1694591100,1343.3,1343.5,1342.55,1343.15,1851
1694591400,1343.35,1343.75,1342.05,1343.55,2659
1694591700,1344.0,1344.25,1341.6,1342.4,1876
1694592000,1342.25,1343.9,1341.8,1343.9,1621
1694592300,1344.0,1347.75,1343.65,1347.45,12335
1694592600,1347.5,1347.55,1345.8,1346.55,4612
1694592900,1346.45,1346.7,1345.0,1345.75,3756
1694593200,1345.75,1350.15,1345.35,1349.35,19211
1694593500,1349.05,1349.25,1347.2,1348.25,5862
1694593800,1348.1,1350.6,1347.05,1350.35,30849
1694594100,1350.35,1350.45,1349.15,1349.35,10815
1694594400,1349.05,1349.3,1347.5,1349.15,4898
1694594700,1348.8,1350.4,1348.8,1349.35,2472
1694595000,1349.2,1350.25,1347.5,1349.0,6497
1694595300,1349.0,1349.05,1347.05,1347.7,1504
1694595600,1347.7,1347.95,1345.7,1346.6,1801
1694595900,1346.6,1347.55,1345.6,1346.9,1021
1694596200,1346.9,1347.65,1346.25,1346.95,2496
1694596500,1346.65,1346.9,1345.3,1345.6,3074
1694596800,1345.6,1346.45,1345.25,1345.3,1774
1694597100,1345.5,1347.2,1345.25,1346.25,2891
1694597400,1346.3,1347.5,1345.35,1345.4,8155
1694597700,1345.35,1347.75,1345.0,1347.0,19850
1694598000,1347.0,1347.0,1345.55,1346.25,15706
1694598300,1346.2,1347.2,1345.45,1345.55,25042
1694598600,1345.5,1345.95,1342.7,1342.7,12288
1694598900,1342.7,1343.7,1339.0,1341.0,10271
1694663100,1345.5,1350.0,1342.25,1348.0,23208
1694663400,1348.05,1349.6,1347.0,1347.85,13494
1694663700,1347.15,1348.95,1345.65,1347.85,12860
1694664000,1347.85,1352.9,1347.85,1351.1,20812
1694664300,1351.1,1354.1,1351.1,1353.9,13213
1694664600,1353.0,1355.0,1352.5,1354.6,18861
1694664900,1354.6,1359.85,1354.2,1359.85,26980
1694665200,1359.6,1360.75,1358.05,1359.3,25461
1694665500,1358.9,1359.8,1356.85,1356.9,12790
1694665800,1356.9,1357.4,1353.6,1356.45,15022
1694666100,1356.45,1358.75,1355.95,1357.6,14489
1694666400,1357.65,1357.85,1354.95,1356.0,12766
1694666700,1356.0,1357.2,1353.5,1354.7,13142
1694667000,1354.35,1355.45,1353.25,1355.3,12244
1694667300,1355.3,1356.6,1354.9,1356.1,15925
1694667600,1356.3,1357.3,1355.4,1356.2,13883
1694667900,1356.25,1356.3,1354.1,1355.25,10334
1694668200,1355.25,1355.25,1352.1,1354.2,12582
1694668500,1354.1,1354.45,1352.15,1353.4,11757
1694668800,1353.4,1353.45,1351.9,1352.55,5872
1694669100,1352.35,1352.4,1349.25,1349.6,13406
1694669400,1349.6,1353.85,1349.25,1352.35,9180
1694669700,1353.05,1353.45,1350.95,1351.5,4357
1694670000,1351.55,1353.0,1350.0,1352.6,5627
1694670300,1352.8,1353.4,1351.2,1353.1,8345
1694670600,1353.35,1354.0,1353.05,1353.75,6760
1694670900,1353.75,1354.5,1352.55,1353.65,8068
1694671200,1353.65,1353.65,1352.5,1353.2,4066
1694671500,1353.25,1353.25,1350.3,1350.55,5375
1694671800,1350.3,1351.65,1350.15,1351.35,4802
1694672100,1351.3,1352.0,1350.35,1351.0,6128
1694672400,1350.6,1351.65,1350.0,1350.25,5271
1694672700,1350.2,1350.55,1349.7,1349.85,7650
1694673000,1349.85,1350.3,1349.55,1350.0,7332
1694673300,1349.6,1350.45,1347.65,1349.7,10260
1694673600,1349.7,1350.45,1348.65,1349.0,3754
1694673900,1349.0,1349.05,1348.1,1348.1,5823
1694674200,1348.35,1349.85,1348.1,1348.75,7374
1694674500,1348.95,1349.85,1348.55,1349.8,5380
1694674800,1349.7,1349.95,1348.3,1349.0,5012
1694675100,1349.0,1349.8,1348.25,1348.35,7378
1694675400,1348.35,1350.0,1347.1,1349.85,8918
1694675700,1349.9,1350.45,1349.0,1349.9,14078
1694676000,1349.95,1349.95,1347.7,1348.2,3454
1694676300,1348.3,1348.3,1346.1,1347.3,5852
1694676600,1347.25,1348.85,1346.25,1348.85,3627
1694676900,1348.85,1351.0,1348.85,1351.0,9661
1694677200,1350.95,1351.0,1349.15,1349.7,4027
1694677500,1349.85,1351.0,1349.6,1350.95,3635
1694677800,1351.0,1352.0,1350.65,1351.8,10047
1694678100,1351.8,1352.25,1350.15,1350.3,6021
1694678400,1350.3,1350.35,1348.6,1349.0,4570
1694678700,1348.95,1349.85,1348.95,1349.8,2299
1694679000,1349.8,1349.85,1348.35,1349.8,4018
1694679300,1349.85,1350.4,1347.85,1350.0,7095
1694679600,1350.0,1350.35,1348.5,1349.5,4660
1694679900,1349.6,1350.95,1348.95,1350.05,4936
1694680200,1350.05,1350.45,1349.15,1350.3,3228
1694680500,1350.35,1350.4,1346.9,1347.5,16203
1694680800,1348.2,1350.35,1347.55,1349.65,9374
1694681100,1349.75,1352.8,1349.65,1352.1,12575
1694681400,1351.65,1352.8,1350.25,1350.7,13002
1694681700,1350.45,1351.85,1350.2,1351.0,4847
1694682000,1351.0,1351.8,1350.0,1351.0,5578
1694682300,1351.3,1351.8,1350.5,1350.5,6733
1694682600,1350.15,1351.35,1349.2,1351.0,7088
1694682900,1351.05,1351.75,1348.3,1349.95,10487
1694683200,1349.95,1351.8,1349.75,1351.8,9855
1694683500,1351.55,1352.75,1351.05,1351.75,19502
1694683800,1351.7,1354.55,1349.95,1353.85,45637
1694684100,1354.0,1354.1,1352.05,1353.2,42807
1694684400,1353.7,1354.8,1351.0,1351.15,34830
1694684700,1351.2,1353.95,1351.2,1353.2,34452
1694685000,1353.4,1353.8,1351.75,1351.75,40738
1694685300,1351.8,1352.9,1349.0,1350.65,26712
1694749500,1355.3,1360.05,1352.0,1356.15,33363
1694749800,1356.05,1357.0,1354.4,1357.0,9978
1694750100,1357.45,1357.5,1354.85,1355.7,6947
1694750400,1355.65,1358.05,1354.1,1357.05,13159
1694750700,1357.05,1357.1,1355.5,1356.1,4506
1694751000,1355.9,1356.45,1354.0,1356.2,4083
1694751300,1356.1,1359.65,1354.85,1359.4,8909
1694751600,1359.4,1359.95,1358.05,1358.4,6141
1694751900,1358.55,1360.0,1357.7,1358.5,8860
1694752200,1358.5,1359.45,1357.1,1358.25,7405
1694752500,1357.8,1358.75,1357.8,1358.0,3180
1694752800,1358.0,1358.45,1357.3,1357.6,8246
1694753100,1357.35,1358.45,1357.2,1358.2,4936
1694753400,1358.0,1358.5,1357.55,1357.55,7867
1694753700,1358.0,1358.0,1355.95,1356.1,5117
1694754000,1356.1,1357.75,1355.5,1357.25,4354
1694754300,1356.85,1358.0,1356.85,1357.95,2244
1694754600,1357.65,1358.65,1357.15,1358.5,6664
1694754900,1358.5,1358.85,1357.2,1357.5,4265
1694755200,1357.5,1359.5,1357.1,1358.8,30143
1694755500,1358.9,1359.5,1357.0,1358.5,13897
1694755800,1358.45,1358.9,1357.9,1358.1,7184
1694756100,1358.1,1358.55,1357.4,1357.4,2680
1694756400,1357.4,1358.0,1357.25,1357.65,2676
1694756700,1357.6,1358.55,1357.6,1358.5,4402
1694757000,1358.2,1358.4,1357.6,1358.0,4082
1694757300,1358.0,1358.3,1357.8,1358.0,3522
1694757600,1358.0,1358.25,1357.05,1357.1,3615
1694757900,1357.1,1357.9,1356.7,1356.7,4067
1694758200,1357.0,1358.05,1356.7,1357.35,3768
1694758500,1357.3,1358.4,1357.05,1357.75,5021
1694758800,1357.9,1358.35,1357.2,1358.35,4886
1694759100,1358.05,1360.0,1357.85,1359.8,22666
1694759400,1359.8,1365.0,1359.8,1363.4,33418
1694759700,1363.4,1364.5,1362.85,1363.45,10513
1694760000,1363.45,1364.0,1361.55,1363.95,5435
1694760300,1363.95,1364.15,1363.15,1363.35,6070
1694760600,1363.0,1364.0,1361.55,1362.05,4099
1694760900,1361.6,1363.35,1360.7,1363.35,8304
1694761200,1362.9,1363.0,1360.2,1360.9,7221
1694761500,1360.95,1361.45,1360.15,1360.3,4517
1694761800,1360.3,1361.0,1359.95,1360.9,4478
1694762100,1360.9,1361.5,1359.9,1361.25,6177
1694762400,1361.25,1363.0,1361.2,1362.75,9937
1694762700,1362.75,1362.75,1361.0,1361.2,3467
1694763000,1361.75,1362.55,1361.25,1362.4,2944
1694763300,1362.4,1362.95,1362.05,1362.5,2758
1694763600,1362.5,1364.0,1362.45,1364.0,7848
1694763900,1364.0,1364.0,1363.55,1363.7,3306
1694764200,1363.7,1364.95,1363.35,1364.85,5373
1694764500,1364.85,1366.5,1364.8,1365.7,10404
1694764800,1365.65,1365.95,1364.05,1365.4,4943
1694765100,1365.45,1365.8,1364.3,1364.75,3201
1694765400,1364.7,1364.75,1362.65,1364.5,4819
1694765700,1364.5,1364.95,1363.8,1364.5,2717
1694766000,1364.55,1366.0,1364.2,1366.0,6188
1694766300,1366.15,1372.0,1366.15,1371.35,24862
1694766600,1371.45,1374.65,1369.3,1371.25,33054
1694766900,1371.75,1371.95,1370.0,1370.7,8072
1694767200,1370.6,1374.6,1369.25,1373.05,29921
1694767500,1373.6,1373.9,1370.85,1371.95,11655
1694767800,1371.95,1373.0,1371.15,1373.0,6977
1694768100,1373.3,1373.7,1371.55,1372.6,7104
1694768400,1372.9,1373.8,1372.35,1373.5,5646
1694768700,1373.8,1374.25,1372.9,1373.9,9702
1694769000,1373.9,1374.75,1372.3,1372.75,11905
1694769300,1372.55,1373.55,1371.0,1371.85,15497
1694769600,1371.95,1373.4,1371.85,1373.15,6179
1694769900,1373.45,1373.45,1372.35,1372.45,7495
1694770200,1373.25,1374.5,1372.1,1373.45,42526
1694770500,1373.55,1374.85,1372.1,1373.3,61446
1694770800,1373.35,1373.6,1372.05,1373.55,47568
1694771100,1373.55,1373.6,1370.75,1370.85,53722
1694771400,1370.85,1370.85,1370.7,1370.8,40431
1694771700,1370.8,1374.1,1370.25,1370.25,33350
1695008700,1375.0,1384.45,1373.1,1383.7,61887
1695009000,1383.7,1388.25,1381.85,1386.6,57810
1695009300,1386.6,1387.45,1381.0,1381.0,36224
1695009600,1380.75,1381.0,1367.55,1370.1,48217
1695009900,1370.1,1378.95,1370.1,1376.55,21076
1695010200,1376.55,1378.55,1375.0,1377.0,18746
1695010500,1377.0,1378.6,1375.0,1377.25,11543
1695010800,1378.0,1381.45,1377.3,1380.15,20433
1695011100,1380.2,1383.95,1380.2,1382.8,15220
1695011400,1382.6,1384.85,1381.0,1383.9,22140
1695011700,1383.95,1387.5,1382.75,1385.35,39499
1695012000,1385.35,1386.35,1383.4,1384.65,17261
1695012300,1384.65,1384.65,1380.55,1383.25,13202
1695012600,1383.25,1385.1,1381.7,1381.85,10308
1695012900,1381.85,1383.75,1381.85,1383.0,7225
1695013200,1383.9,1385.65,1383.8,1383.95,12891
1695013500,1383.95,1385.85,1382.75,1384.85,8735
1695013800,1384.85,1385.25,1381.8,1383.15,9955
1695014100,1383.25,1384.75,1382.5,1384.25,5454
1695014400,1384.25,1385.55,1383.5,1383.5,8364
1695014700,1384.0,1384.2,1380.55,1381.05,7793
1695015000,1381.05,1383.95,1381.05,1383.25,8109
1695015300,1383.25,1384.6,1382.05,1382.55,8586
1695015600,1382.6,1383.35,1381.6,1381.65,5698
1695015900,1381.65,1386.5,1381.65,1386.3,11523
1695016200,1385.9,1386.7,1385.1,1385.55,8714
1695016500,1385.55,1389.0,1385.55,1388.3,21650
1695016800,1388.3,1391.5,1387.35,1390.25,39755
1695017100,1390.25,1392.8,1390.0,1392.05,22866
1695017400,1392.3,1392.6,1388.95,1389.45,24726
1695017700,1389.45,1390.0,1385.85,1389.5,16944
1695018000,1389.95,1391.75,1388.15,1390.2,15886
1695018300,1390.2,1393.0,1389.6,1389.6,19682
1695018600,1390.0,1390.55,1387.15,1388.4,4625
1695018900,1388.4,1389.0,1387.55,1388.95,5819
1695019200,1388.95,1388.95,1381.2,1382.3,17014
1695019500,1382.3,1384.25,1380.2,1380.85,18561
1695019800,1380.8,1384.45,1380.8,1383.7,23298
1695020100,1384.4,1384.85,1382.9,1383.75,6341
1695020400,1383.75,1383.95,1382.05,1383.35,4775
1695020700,1383.35,1383.8,1376.3,1376.35,24532
1695021000,1376.35,1379.0,1373.5,1378.7,20412
1695021300,1378.1,1379.0,1375.95,1376.9,12010
1695021600,1376.9,1377.65,1375.1,1376.6,12291
1695021900,1376.05,1379.45,1375.65,1378.95,24334
1695022200,1378.95,1379.2,1375.1,1377.05,11667
1695022500,1377.1,1379.55,1376.7,1379.25,11161
1695022800,1379.25,1382.75,1377.95,1379.4,13603
1695023100,1379.85,1381.15,1378.8,1379.7,6710
1695023400,1379.7,1379.95,1375.15,1375.6,10981
1695023700,1375.6,1377.0,1374.3,1376.3,7849
1695024000,1376.1,1377.6,1375.85,1376.4,11499
1695024300,1377.0,1377.0,1374.95,1375.05,9663
1695024600,1375.5,1377.5,1375.05,1376.15,5898
1695024900,1376.5,1376.9,1372.9,1374.5,11877
1695025200,1374.5,1377.3,1374.2,1377.1,22915
1695025500,1377.1,1377.9,1374.9,1376.05,15842
1695025800,1376.05,1376.85,1374.95,1375.6,4723
1695026100,1376.45,1377.65,1374.65,1375.1,14868
1695026400,1375.05,1377.0,1374.55,1374.95,15275
1695026700,1376.25,1377.7,1373.75,1373.85,26944
1695027000,1374.4,1377.0,1373.65,1375.55,9817
1695027300,1375.55,1377.7,1373.25,1377.7,24859
1695027600,1377.7,1377.7,1374.9,1376.95,11636
1695027900,1376.95,1377.25,1372.85,1375.2,15539
1695028200,1375.5,1376.85,1373.2,1374.7,12335
1695028500,1374.45,1378.65,1373.85,1375.3,29639
1695028800,1374.65,1378.2,1374.55,1378.2,31197
1695029100,1377.5,1378.5,1375.5,1376.6,24471
1695029400,1376.4,1376.5,1372.1,1373.95,18706
1695029700,1374.2,1376.7,1372.65,1374.15,15717
1695030000,1374.15,1374.3,1370.4,1371.4,17724
1695030300,1371.4,1375.45,1370.35,1374.75,34032
1695030600,1374.6,1374.75,1372.45,1374.45,18014
1695030900,1374.4,1377.55,1371.55,1374.35,25442
1695181500,1370.0,1376.8,1365.25,1365.75,24346
1695181800,1366.3,1376.75,1366.3,1367.1,13984
1695182100,1367.1,1367.95,1364.0,1367.35,16357
1695182400,1367.0,1370.95,1367.0,1368.65,10658
1695182700,1367.25,1367.75,1362.3,1363.15,8560
1695183000,1363.05,1364.2,1361.85,1363.25,7803
1695183300,1363.9,1367.45,1363.05,1365.3,6191
1695183600,1365.15,1365.85,1362.4,1363.0,2866
1695183900,1363.15,1368.15,1363.15,1365.2,5442
1695184200,1365.2,1365.75,1361.5,1362.0,5029
1695184500,1362.0,1362.6,1360.6,1361.9,5565
1695184800,1361.3,1364.5,1361.3,1363.3,4215
1695185100,1363.3,1364.05,1361.5,1361.65,2447
1695185400,1361.65,1363.75,1361.0,1362.85,4105
1695185700,1362.85,1363.5,1360.5,1361.4,2669
1695186000,1361.4,1363.35,1361.05,1362.95,3999
1695186300,1363.1,1363.1,1361.85,1362.55,3921
1695186600,1362.55,1365.4,1362.1,1365.4,4536
1695186900,1365.2,1365.6,1363.75,1363.75,2408
1695187200,1363.5,1363.5,1361.3,1362.1,3168
1695187500,1361.8,1363.15,1361.45,1361.95,2050
1695187800,1362.2,1362.2,1360.0,1360.75,6611
1695188100,1360.75,1361.65,1359.95,1360.2,6174
1695188400,1360.2,1360.7,1359.55,1360.65,4194
1695188700,1360.65,1360.65,1359.3,1359.55,4946
1695189000,1359.55,1361.25,1359.0,1361.25,6212
1695189300,1361.25,1361.3,1358.55,1358.6,7768
1695189600,1359.0,1359.25,1356.5,1357.05,4929
1695189900,1357.05,1358.0,1356.15,1357.95,5959
1695190200,1357.95,1357.95,1355.95,1356.2,3859
1695190500,1356.2,1356.65,1355.6,1355.85,14605
1695190800,1355.85,1356.55,1353.8,1356.25,7296
1695191100,1356.25,1357.0,1355.85,1357.0,5712
1695191400,1357.0,1357.8,1356.2,1357.4,5033
1695191700,1357.35,1359.85,1357.35,1359.7,7570
1695192000,1359.4,1359.8,1359.15,1359.75,3272
1695192300,1359.45,1359.9,1358.75,1358.8,3914
1695192600,1359.05,1359.95,1358.65,1359.8,5155
1695192900,1359.8,1361.45,1359.75,1360.25,5933
1695193200,1360.25,1360.65,1359.95,1360.4,3609
1695193500,1360.4,1361.0,1360.2,1360.2,3085
1695193800,1360.45,1360.45,1359.05,1359.1,3267
1695194100,1359.3,1359.85,1358.25,1359.85,4105
1695194400,1359.85,1360.05,1358.7,1360.0,2212
1695194700,1359.4,1360.0,1358.05,1358.05,2985
1695195000,1358.45,1358.45,1356.25,1356.55,4587
1695195300,1356.95,1356.95,1355.0,1355.0,3506
1695195600,1355.0,1355.0,1354.3,1354.45,5444
1695195900,1354.45,1354.9,1353.5,1354.5,3802
1695196200,1354.3,1355.55,1354.05,1354.7,3316
1695196500,1354.1,1354.45,1352.55,1353.55,10239
1695196800,1352.85,1353.55,1352.0,1352.65,4119
1695197100,1352.6,1353.25,1352.1,1352.55,4217
1695197400,1352.4,1352.55,1351.3,1352.05,6338
1695197700,1352.1,1352.35,1350.85,1352.35,5385
1695198000,1352.0,1352.15,1346.15,1349.5,51277
1695198300,1349.9,1350.65,1348.55,1350.0,5447
1695198600,1350.25,1350.55,1347.35,1348.9,6311
1695198900,1348.8,1349.45,1347.15,1347.3,4629
1695199200,1347.3,1349.4,1347.3,1348.1,6966
1695199500,1347.55,1350.65,1347.5,1348.9,4310
1695199800,1348.5,1348.7,1344.2,1345.5,10019
1695200100,1345.0,1345.8,1344.2,1344.8,3714
1695200400,1344.65,1346.85,1344.65,1346.15,5155
1695200700,1345.45,1346.15,1344.2,1344.75,3267
1695201000,1344.65,1345.9,1344.2,1345.2,6614
1695201300,1345.95,1346.0,1342.45,1343.05,22661
1695201600,1343.45,1344.8,1343.05,1344.5,8116
1695201900,1345.0,1346.25,1343.2,1344.65,13888
1695202200,1344.85,1347.3,1343.8,1347.0,13019
1695202500,1347.0,1347.1,1345.0,1347.0,9170
1695202800,1346.75,1347.85,1345.05,1346.5,9465
1695203100,1346.5,1346.5,1343.8,1344.65,19462
1695203400,1344.65,1346.45,1344.0,1346.0,29682
1695203700,1346.8,1348.75,1340.35,1347.45,20169
1695267900,1345.5,1351.5,1336.85,1337.0,26080
1695268200,1337.2,1337.4,1331.8,1334.0,23213
1695268500,1334.0,1335.4,1332.6,1333.85,6885
1695268800,1334.15,1334.65,1328.3,1329.75,12905
1695269100,1329.75,1334.75,1329.05,1333.85,11804
1695269400,1333.85,1333.85,1329.45,1330.5,9279
1695269700,1330.3,1331.9,1329.1,1329.65,12937
1695270000,1329.05,1330.3,1328.1,1328.45,12071
1695270300,1328.6,1333.0,1328.45,1332.05,17667
1695270600,1332.15,1336.0,1332.15,1335.25,14268
1695270900,1335.25,1335.5,1332.6,1333.85,57747
1695271200,1333.8,1337.9,1333.8,1336.35,13723
1695271500,1336.35,1337.05,1335.0,1337.0,12291
1695271800,1337.0,1337.4,1334.75,1335.35,12050
1695272100,1335.35,1337.25,1334.75,1335.55,11492
1695272400,1335.5,1335.65,1332.05,1334.1,6342
1695272700,1334.1,1334.6,1333.85,1334.3,3237
1695273000,1334.3,1335.6,1334.15,1335.2,3821
1695273300,1335.2,1335.4,1333.95,1333.95,1955
1695273600,1334.0,1335.1,1334.0,1334.85,2472
1695273900,1335.0,1335.35,1334.9,1335.05,4809
1695274200,1335.05,1335.35,1335.0,1335.05,4667
1695274500,1335.05,1336.35,1335.0,1335.7,6948
1695274800,1335.7,1336.9,1335.7,1336.9,1303
1695275100,1336.5,1337.3,1335.2,1336.0,2641
1695275400,1336.0,1336.55,1335.05,1335.05,994
1695275700,1335.05,1336.6,1335.05,1335.65,2694
1695276000,1335.65,1335.9,1334.95,1335.0,6306
1695276300,1335.0,1335.8,1334.5,1335.35,7579
1695276600,1335.35,1337.2,1335.0,1337.2,6116
1695276900,1337.2,1339.5,1337.05,1337.05,3131
1695277200,1337.05,1338.0,1336.1,1336.1,3405
1695277500,1336.1,1336.85,1335.4,1335.55,1167
1695277800,1335.55,1336.1,1335.4,1336.0,2170
1695278100,1336.0,1336.5,1334.95,1336.15,8336
1695278400,1336.15,1338.0,1335.85,1338.0,4231
1695278700,1337.25,1337.95,1335.0,1335.4,8250
1695279000,1335.75,1336.95,1335.0,1336.95,8221
1695279300,1336.95,1336.95,1335.0,1336.95,3736
1695279600,1336.95,1336.95,1335.55,1336.7,3866
1695279900,1336.7,1336.7,1335.0,1335.55,5885
1695280200,1335.55,1336.4,1335.05,1336.4,4435
1695280500,1336.4,1336.4,1335.0,1336.2,2308
1695280800,1336.2,1336.35,1335.0,1335.7,4577
1695281100,1335.7,1335.7,1335.0,1335.3,4846
1695281400,1335.3,1337.2,1334.85,1337.2,4898
1695281700,1337.2,1337.65,1335.95,1336.1,3089
1695282000,1336.1,1337.3,1336.1,1337.0,3660
1695282300,1337.0,1338.0,1336.6,1338.0,2243
1695282600,1337.55,1340.5,1337.55,1339.2,9380
1695282900,1339.2,1339.35,1336.85,1337.5,2069
1695283200,1337.5,1337.6,1336.05,1337.0,1927
1695283500,1337.0,1339.3,1336.55,1338.9,3669
1695283800,1338.9,1338.95,1337.0,1337.3,7015
1695284100,1337.25,1338.9,1336.25,1337.15,5775
1695284400,1336.7,1337.6,1335.2,1337.15,5198
1695284700,1337.55,1337.65,1335.35,1335.9,5826
1695285000,1336.55,1337.75,1335.35,1336.2,10833
1695285300,1336.75,1337.95,1335.3,1335.5,7039
1695285600,1335.5,1336.55,1334.8,1335.0,18847
1695285900,1335.3,1336.45,1334.75,1335.6,11421
1695286200,1335.3,1336.7,1335.0,1336.7,6998
1695286500,1336.2,1336.95,1334.85,1335.5,13664
1695286800,1335.5,1336.1,1333.25,1335.45,13078
1695287100,1335.45,1335.5,1333.9,1335.0,45495
1695287400,1335.0,1336.35,1334.75,1335.1,16815
1695287700,1335.1,1335.25,1330.0,1330.55,39439
1695288000,1330.35,1332.9,1330.0,1331.9,14156
1695288300,1331.9,1332.8,1330.05,1332.0,14429
1695288600,1331.75,1333.7,1330.9,1331.0,18968
1695288900,1331.0,1332.95,1330.15,1332.4,18233
1695289200,1332.4,1336.5,1330.75,1335.95,27807
1695289500,1336.0,1337.35,1335.0,1336.1,21095
1695289800,1336.1,1337.1,1334.9,1334.9,22303
1695290100,1335.0,1342.2,1331.05,1341.95,23397
1695354300,1326.05,1337.6,1324.0,1329.5,25869
1695354600,1330.0,1332.85,1329.3,1331.5,17744
1695354900,1331.5,1334.95,1328.0,1328.65,236127
1695355200,1328.65,1332.0,1327.4,1329.95,88173
1695355500,1329.95,1332.05,1329.0,1332.05,8793
1695355800,1332.05,1332.05,1330.3,1331.9,1003
1695356100,1331.2,1331.5,1329.65,1329.7,2991
1695356400,1329.7,1330.0,1324.15,1325.0,115962
1695356700,1325.0,1325.0,1320.0,1320.1,12225
1695357000,1319.9,1323.0,1318.75,1322.3,8914
1695357300,1322.55,1327.3,1321.45,1326.65,7102
1695357600,1325.6,1326.95,1324.45,1325.9,3387
1695357900,1325.9,1325.9,1323.65,1323.75,1127
1695358200,1323.7,1327.05,1323.65,1326.8,3117
1695358500,1326.8,1327.9,1323.55,1325.35,2470
1695358800,1324.85,1325.6,1324.0,1324.15,1817
1695359100,1324.15,1325.0,1323.0,1325.0,3602
1695359400,1325.1,1328.65,1324.65,1328.3,3856
1695359700,1328.3,1329.35,1326.7,1326.7,2262
1695360000,1326.7,1328.65,1325.85,1328.65,1296
1695360300,1329.0,1331.95,1327.95,1331.0,16021
1695360600,1330.55,1333.95,1330.55,1332.5,7790
1695360900,1332.3,1332.6,1331.95,1332.2,857
1695361200,1332.2,1333.85,1332.0,1332.75,1700
1695361500,1332.75,1333.95,1332.45,1333.5,2059
1695361800,1333.5,1335.0,1333.15,1334.15,3493
1695362100,1334.15,1334.7,1328.65,1329.25,6362
1695362400,1329.25,1329.9,1328.0,1329.2,1687
1695362700,1329.15,1329.65,1328.05,1328.3,1550
1695363000,1328.3,1328.8,1328.05,1328.45,1991
1695363300,1328.45,1330.8,1328.4,1330.8,8485
1695363600,1330.8,1330.8,1328.5,1329.3,7578
1695363900,1329.55,1330.0,1328.1,1329.35,4528
1695364200,1329.35,1330.1,1328.7,1329.75,5872
1695364500,1329.75,1329.9,1328.05,1328.35,956
1695364800,1328.35,1329.0,1327.5,1327.5,1147
1695365100,1327.5,1329.15,1327.5,1328.2,18522
1695365400,1328.1,1329.0,1328.0,1328.3,735
1695365700,1328.15,1328.95,1328.05,1328.4,687
1695366000,1328.4,1330.55,1328.1,1329.8,3687
1695366300,1329.8,1333.1,1329.5,1330.2,3496
1695366600,1330.3,1332.4,1330.0,1331.65,1955
1695366900,1331.7,1333.4,1331.35,1332.35,3864
1695367200,1332.35,1332.6,1330.7,1331.05,4295
1695367500,1331.05,1331.45,1329.05,1329.5,202702
1695367800,1329.5,1330.35,1328.9,1329.25,2349
1695368100,1329.75,1330.15,1329.2,1329.6,3387
1695368400,1330.0,1330.4,1329.35,1330.0,4048
1695368700,1329.8,1330.1,1327.75,1328.4,5199
1695369000,1328.4,1328.4,1324.35,1325.65,3505
1695369300,1325.65,1326.5,1324.25,1325.25,1512
1695369600,1324.55,1325.35,1321.7,1322.35,3927
1695369900,1322.3,1324.5,1322.1,1322.8,2659
1695370200,1323.1,1324.9,1322.25,1322.55,2385
1695370500,1322.55,1323.95,1322.25,1322.65,1705
1695370800,1322.65,1323.2,1320.4,1320.75,3647
1695371100,1320.75,1323.35,1320.75,1322.8,2607
1695371400,1323.0,1323.4,1322.0,1323.2,3425
1695371700,1322.6,1324.75,1322.4,1323.0,4752
1695372000,1323.0,1323.45,1321.5,1322.35,3302
1695372300,1322.35,1322.35,1318.85,1318.85,6710
1695372600,1318.55,1320.9,1318.3,1319.2,9927
1695372900,1319.2,1320.5,1318.3,1320.5,6376
1695373200,1320.25,1322.0,1319.75,1321.35,4945
1695373500,1321.35,1322.0,1319.0,1319.25,3606
1695373800,1319.0,1320.35,1319.0,1320.05,2992
1695374100,1320.1,1320.15,1319.3,1319.3,9944
1695374400,1319.2,1319.2,1316.0,1317.9,10475
1695374700,1317.3,1319.95,1317.05,1319.95,5246
1695375000,1319.85,1320.5,1317.5,1319.5,16623
1695375300,1319.8,1320.6,1317.55,1319.6,18434
1695375600,1319.65,1319.65,1317.5,1317.55,11395
1695375900,1317.5,1319.65,1317.1,1318.8,26703
1695376200,1319.0,1321.8,1318.55,1319.65,20912
1695376500,1319.65,1321.2,1317.25,1318.0,20114
1695613500,1318.8,1340.0,1309.0,1312.55,32602
1695613800,1312.55,1315.7,1308.5,1309.95,10715
1695614100,1309.95,1310.8,1302.2,1303.7,19898
1695614400,1303.7,1304.45,1300.0,1302.45,10894
1695614700,1302.0,1302.0,1297.5,1299.0,20022
1695615000,1299.25,1299.65,1298.05,1299.35,9597
1695615300,1298.9,1299.4,1298.0,1298.5,6182
1695615600,1298.5,1298.5,1292.0,1293.25,22736
1695615900,1293.25,1293.95,1292.05,1293.4,23051
1695616200,1293.4,1298.1,1293.1,1297.0,21777
1695616500,1297.25,1297.45,1292.6,1293.55,18133
1695616800,1293.55,1294.65,1293.0,1293.65,5727
1695617100,1293.6,1295.5,1293.55,1294.65,9910
1695617400,1293.7,1295.15,1293.3,1294.5,8773
1695617700,1294.5,1296.85,1293.95,1296.85,6854
1695618000,1296.85,1297.1,1295.7,1296.5,7589
1695618300,1296.85,1298.8,1296.85,1298.0,8150
1695618600,1296.8,1298.4,1296.0,1296.65,29780
1695618900,1296.65,1296.65,1293.85,1295.35,6722
1695619200,1294.9,1296.2,1294.65,1295.9,3727
1695619500,1295.9,1296.0,1292.85,1294.6,9565
1695619800,1294.3,1295.0,1292.7,1295.0,191646
1695620100,1295.0,1295.0,1293.55,1294.5,8071
1695620400,1294.85,1295.4,1293.95,1294.45,4157
1695620700,1294.45,1297.2,1294.45,1296.0,10416
1695621000,1296.35,1298.0,1294.8,1296.35,9806
1695621300,1296.35,1297.4,1296.3,1296.5,3419
1695621600,1296.5,1297.25,1294.65,1296.0,3425
1695621900,1295.7,1295.7,1293.5,1293.55,5489
1695622200,1293.5,1295.05,1293.5,1294.85,1950
1695622500,1294.85,1296.5,1294.75,1296.0,2670
1695622800,1296.15,1299.0,1295.45,1296.55,11082
1695623100,1296.55,1297.55,1296.0,1296.25,2808
1695623400,1296.25,1296.95,1295.35,1295.35,2679
1695623700,1295.35,1296.75,1295.35,1296.75,1902
1695624000,1296.75,1298.25,1296.3,1296.9,3701
1695624300,1296.9,1298.5,1296.75,1298.3,1751
1695624600,1297.6,1299.75,1297.35,1299.45,7325
1695624900,1299.45,1299.75,1298.2,1298.25,5202
1695625200,1297.9,1299.8,1297.0,1298.5,3134
1695625500,1298.75,1299.25,1297.0,1297.95,8474
1695625800,1297.85,1298.45,1297.05,1297.8,1643
1695626100,1297.65,1299.7,1297.65,1299.0,5063
1695626400,1299.15,1299.15,1298.35,1298.35,3026
1695626700,1298.7,1298.75,1297.2,1297.3,2223
1695627000,1297.25,1299.65,1297.25,1299.25,5085
1695627300,1299.05,1299.5,1297.25,1298.4,3056
1695627600,1298.15,1298.25,1297.0,1297.2,2219
1695627900,1297.2,1297.95,1296.6,1296.7,1279
1695628200,1296.5,1297.7,1296.0,1297.55,2426
1695628500,1297.4,1297.8,1297.0,1297.8,1640
1695628800,1297.55,1298.3,1297.2,1297.65,2108
1695629100,1298.25,1299.0,1297.55,1298.5,2233
1695629400,1298.5,1298.5,1297.0,1297.1,2719
1695629700,1297.05,1298.25,1296.9,1297.0,10856
1695630000,1296.0,1296.85,1296.0,1296.0,22561
1695630300,1296.0,1296.05,1293.0,1293.4,12539
1695630600,1293.95,1294.5,1293.4,1293.85,2620
1695630900,1293.6,1294.15,1292.25,1293.1,3525
1695631200,1293.0,1293.0,1289.25,1289.35,16065
1695631500,1289.65,1290.0,1289.1,1289.65,6977
1695631800,1289.5,1294.75,1289.5,1294.15,20209
1695632100,1294.0,1295.4,1293.0,1293.0,10143
1695632400,1293.0,1294.5,1292.6,1294.0,3685
1695632700,1294.0,1294.95,1294.0,1294.45,1899
1695633000,1294.3,1295.85,1294.0,1295.2,10023
1695633300,1295.2,1295.5,1294.0,1294.0,11924
1695633600,1294.0,1294.65,1293.2,1294.0,37669
1695633900,1294.05,1295.25,1294.0,1295.05,9558
1695634200,1295.2,1295.2,1294.0,1294.5,10058
1695634500,1294.5,1295.0,1294.0,1294.1,19090
1695634800,1294.05,1294.95,1293.45,1294.1,16962
1695635100,1294.15,1294.6,1292.85,1293.6,21354
1695635400,1293.6,1295.15,1293.2,1295.15,20657
1695635700,1295.15,1296.0,1293.4,1295.5,22260
1695699900,1295.5,1302.25,1294.15,1296.2,26452
1695700200,1296.2,1302.35,1296.2,1300.0,15117
1695700500,1300.0,1301.6,1295.15,1295.75,9618
1695700800,1295.5,1296.35,1294.0,1294.0,8412
1695701100,1294.0,1294.85,1291.65,1294.5,9779
1695701400,1294.45,1297.5,1294.45,1297.05,5622
1695701700,1297.05,1298.4,1295.25,1295.9,6397
1695702000,1294.65,1298.0,1294.35,1296.85,5615
1695702300,1296.85,1297.45,1292.0,1294.1,10690
1695702600,1294.1,1295.15,1292.6,1294.2,5528
1695702900,1294.1,1295.95,1293.7,1295.9,4120
1695703200,1295.9,1296.6,1295.35,1295.9,1695
1695703500,1295.55,1296.15,1294.15,1294.15,2608
1695703800,1294.15,1295.05,1293.9,1294.45,3501
1695704100,1294.45,1294.5,1293.0,1293.25,15603
1695704400,1293.25,1295.95,1292.65,1292.65,5075
1695704700,1293.0,1295.4,1293.0,1294.7,2121
1695705000,1294.05,1295.9,1293.0,1295.2,6243
1695705300,1295.2,1296.95,1294.6,1296.95,3668
1695705600,1296.1,1297.9,1295.9,1297.4,7617
1695705900,1297.1,1299.7,1297.0,1299.15,15529
1695706200,1299.1,1299.5,1298.65,1299.0,17104
1695706500,1299.15,1299.2,1296.85,1298.65,6888
1695706800,1298.65,1301.6,1298.65,1301.6,14385
1695707100,1301.6,1301.6,1299.45,1300.15,4318
1695707400,1299.6,1300.65,1299.45,1299.95,6011
1695707700,1299.95,1300.8,1299.5,1300.55,5943
1695708000,1299.8,1300.8,1299.6,1299.8,4999
1695708300,1299.8,1300.4,1299.55,1300.2,5856
1695708600,1299.85,1300.2,1299.25,1300.0,4685
1695708900,1300.0,1300.3,1299.1,1299.65,3161
1695709200,1299.65,1300.6,1299.15,1299.15,8195
1695709500,1300.0,1300.6,1299.15,1300.1,13763
1695709800,1300.1,1300.15,1298.8,1299.95,8304
1695710100,1299.95,1299.95,1296.7,1296.75,7344
1695710400,1296.75,1297.85,1296.2,1297.2,4554
1695710700,1297.2,1298.05,1296.7,1297.05,2561
1695711000,1296.45,1297.45,1295.05,1295.05,12663
1695711300,1295.05,1295.45,1293.45,1293.45,3947
1695711600,1293.45,1294.05,1292.5,1293.15,5384
1695711900,1293.15,1294.0,1292.0,1294.0,3559
1695712200,1294.0,1294.35,1291.25,1292.2,9686
1695712500,1292.2,1292.2,1288.6,1290.15,15456
1695712800,1290.15,1291.6,1289.5,1290.5,3206
1695713100,1291.35,1293.0,1290.5,1293.0,6405
1695713400,1293.0,1296.65,1292.2,1296.1,4865
1695713700,1296.15,1297.1,1294.25,1294.25,5596
1695714000,1294.25,1295.0,1293.75,1294.6,2066
1695714300,1294.7,1294.7,1293.0,1293.95,2924
1695714600,1293.95,1295.75,1293.7,1295.65,4319
1695714900,1294.8,1295.4,1294.1,1295.0,14092
1695715200,1294.9,1295.9,1294.4,1294.8,8981
1695715500,1294.85,1295.65,1294.05,1294.7,6745
1695715800,1294.7,1295.35,1293.9,1295.0,6611
1695716100,1295.0,1295.7,1293.95,1294.9,12440
1695716400,1294.9,1295.35,1293.1,1294.5,7136
1695716700,1294.5,1295.75,1293.65,1295.5,8927
1695717000,1295.5,1296.5,1294.25,1295.25,7615
1695717300,1295.25,1296.95,1294.95,1295.5,8483
1695717600,1295.9,1296.8,1295.25,1296.2,6852
1695717900,1296.2,1296.7,1295.3,1296.15,10168
1695718200,1296.15,1296.15,1294.7,1295.75,3713
1695718500,1295.85,1298.0,1295.7,1297.0,10856
1695718800,1296.3,1297.25,1295.85,1296.45,2298
1695719100,1296.45,1296.75,1292.25,1293.45,11543
1695719400,1293.6,1293.7,1291.55,1292.15,8032
1695719700,1291.65,1292.15,1287.55,1289.15,27695
1695720000,1289.6,1290.8,1288.15,1289.85,21539
1695720300,1290.25,1290.55,1288.15,1290.55,16573
1695720600,1290.25,1291.8,1288.65,1291.8,34514
1695720900,1291.75,1292.15,1285.2,1286.2,38154
1695721200,1286.4,1291.0,1286.3,1291.0,27172
1695721500,1291.0,1291.25,1288.9,1289.95,23938
1695721800,1289.9,1291.95,1289.05,1290.4,25959
1695722100,1290.45,1293.6,1290.0,1292.0,29318
1695786300,1283.3,1288.15,1277.95,1285.05,52110
1695786600,1285.15,1292.35,1284.2,1290.7,18541
1695786900,1290.7,1291.5,1287.0,1287.9,10950
1695787200,1287.25,1290.3,1287.05,1287.85,8148
1695787500,1287.85,1289.15,1287.0,1287.7,5834
1695787800,1287.15,1288.2,1285.25,1286.0,7488
1695788100,1285.8,1287.45,1285.8,1286.65,2553
1695788400,1286.3,1287.25,1286.1,1286.95,3410
1695788700,1286.95,1286.95,1284.0,1284.15,24336
1695789000,1284.15,1284.85,1282.8,1284.05,4837
1695789300,1284.05,1284.45,1281.15,1282.2,8144
1695789600,1281.6,1283.3,1280.65,1282.55,8489
1695789900,1282.55,1283.65,1282.2,1283.55,3731
1695790200,1283.55,1283.6,1281.55,1281.95,7398
1695790500,1281.95,1282.0,1281.0,1282.0,5240
1695790800,1281.7,1282.7,1281.05,1282.1,9307
1695791100,1282.1,1283.0,1281.1,1282.95,5146
1695791400,1282.95,1283.75,1282.15,1283.1,5572
1695791700,1283.1,1283.55,1281.5,1283.4,5534
1695792000,1283.5,1283.7,1282.25,1283.35,4602
1695792300,1282.85,1283.55,1282.15,1282.9,3645
1695792600,1282.9,1286.6,1282.9,1285.7,33839
1695792900,1285.7,1286.6,1285.1,1286.45,2663
1695793200,1286.45,1289.95,1286.45,1289.5,5280
1695793500,1289.9,1290.0,1288.5,1289.5,5226
1695793800,1289.5,1289.75,1288.35,1289.0,2088
1695794100,1289.0,1289.05,1287.85,1288.3,1531
1695794400,1288.8,1289.0,1287.9,1289.0,2584
1695794700,1289.0,1289.9,1288.3,1289.85,2176
1695795000,1289.85,1289.85,1287.05,1287.4,2023
1695795300,1287.4,1287.5,1286.1,1287.25,1359
1695795600,1287.25,1287.45,1285.05,1285.45,1901
1695795900,1285.45,1286.4,1285.0,1286.2,1867
1695796200,1286.2,1288.95,1285.6,1288.9,1224
1695796500,1288.9,1289.7,1288.3,1288.65,3317
1695796800,1288.65,1289.4,1288.1,1288.1,1507
1695797100,1288.8,1289.45,1288.0,1289.4,1772
1695797400,1288.9,1290.0,1288.9,1290.0,3219
1695797700,1289.95,1290.0,1288.15,1288.65,20582
1695798000,1288.65,1289.7,1288.0,1289.5,2552
1695798300,1289.5,1289.5,1288.1,1288.8,3050
1695798600,1288.55,1289.4,1288.35,1289.15,2560
1695798900,1289.15,1289.15,1288.1,1288.8,1108
1695799200,1288.8,1288.8,1287.4,1287.45,2599
1695799500,1288.0,1289.25,1287.3,1289.05,3428
1695799800,1289.05,1289.75,1288.35,1288.55,2725
1695800100,1288.55,1289.4,1287.7,1289.2,1135
1695800400,1289.35,1289.35,1288.05,1289.0,2097
1695800700,1289.0,1289.0,1287.5,1288.05,1849
1695801000,1288.05,1289.55,1287.85,1289.2,1726
1695801300,1289.2,1290.0,1288.8,1289.75,3481
1695801600,1289.75,1290.0,1289.3,1290.0,29540
1695801900,1290.0,1293.55,1289.5,1292.0,59481
1695802200,1292.0,1292.6,1290.25,1291.45,6062
1695802500,1291.45,1296.0,1290.85,1295.7,10808
1695802800,1295.15,1295.9,1294.15,1294.8,8956
1695803100,1294.6,1295.95,1293.25,1295.3,6951
1695803400,1295.6,1295.9,1294.65,1295.3,4982
1695803700,1295.3,1295.9,1294.45,1294.85,6295
1695804000,1294.85,1295.6,1294.15,1295.5,7108
1695804300,1295.0,1295.9,1294.75,1295.0,3463
1695804600,1295.0,1297.0,1294.25,1296.8,7401
1695804900,1296.8,1299.2,1296.15,1298.8,6385
1695805200,1298.75,1299.05,1297.0,1297.55,5868
1695805500,1297.55,1298.45,1297.25,1297.95,3991
1695805800,1297.95,1297.95,1296.0,1297.6,15874
1695806100,1297.55,1298.9,1297.25,1298.0,7325
1695806400,1298.0,1299.6,1297.25,1299.45,5341
1695806700,1299.45,1299.45,1297.1,1298.9,4735
1695807000,1298.6,1299.2,1297.1,1298.75,16218
1695807300,1299.2,1302.0,1298.45,1301.45,20037
1695807600,1301.6,1302.35,1301.0,1301.9,20083
1695807900,1301.85,1301.85,1301.0,1301.7,15567
1695808200,1301.6,1302.95,1301.15,1302.7,24463
1695808500,1302.6,1304.0,1300.65,1303.5,14944
1695872700,1301.0,1307.4,1300.0,1305.95,27970
1695873000,1305.95,1306.5,1302.95,1305.9,18480
1695873300,1305.25,1308.5,1304.65,1305.3,32259
1695873600,1305.3,1305.55,1302.3,1303.75,19542
1695873900,1303.6,1303.85,1301.25,1302.05,7843
1695874200,1302.05,1302.75,1300.2,1300.2,6895
1695874500,1300.2,1301.25,1296.1,1297.0,9633
1695874800,1296.75,1297.15,1295.0,1297.15,16029
1695875100,1297.15,1298.35,1296.05,1297.3,9427
1695875400,1297.3,1301.55,1297.3,1299.9,7435
1695875700,1299.9,1303.55,1299.9,1303.0,6613
1695876000,1303.0,1305.6,1301.85,1304.15,14746
1695876300,1304.65,1305.6,1301.9,1301.95,11003
1695876600,1302.5,1305.85,1301.35,1301.35,9766
1695876900,1301.75,1305.5,1299.65,1302.6,15659
1695877200,1302.95,1303.65,1300.5,1302.0,4498
1695877500,1302.0,1302.65,1300.6,1300.65,2729
1695877800,1300.65,1301.7,1299.05,1300.2,5981
1695878100,1300.15,1305.5,1299.75,1304.85,18291
1695878400,1304.85,1305.5,1303.15,1303.85,5765
1695878700,1303.85,1304.3,1302.25,1302.5,3203
1695879000,1303.0,1304.0,1302.3,1303.3,3642
1695879300,1303.3,1305.0,1302.35,1302.7,10924
1695879600,1302.7,1305.55,1302.7,1304.65,13183
1695879900,1304.65,1304.65,1303.05,1304.3,10210
1695880200,1304.3,1305.45,1301.75,1302.2,14866
1695880500,1302.2,1305.35,1301.75,1303.05,10259
1695880800,1303.1,1303.85,1300.0,1300.85,36626
1695881100,1300.85,1302.3,1300.0,1301.35,13063
1695881400,1301.35,1302.55,1301.0,1301.65,4469
1695881700,1301.65,1303.5,1301.4,1302.35,3154
1695882000,1302.35,1302.95,1302.2,1302.2,1971
1695882300,1302.4,1302.6,1301.1,1301.4,8938
1695882600,1301.35,1302.4,1300.85,1301.45,5663
1695882900,1302.0,1302.6,1301.1,1301.1,4200
1695883200,1301.1,1302.0,1301.05,1301.65,2238
1695883500,1301.65,1302.0,1301.1,1301.9,2524
1695883800,1301.55,1301.95,1300.65,1300.75,3233
1695884100,1300.75,1301.35,1300.0,1300.3,2424
1695884400,1300.3,1301.15,1300.0,1300.9,2436
1695884700,1300.9,1301.65,1298.55,1298.7,5190
1695885000,1299.0,1302.0,1298.7,1301.4,35740
1695885300,1301.6,1302.9,1300.25,1301.7,8964
1695885600,1301.7,1302.6,1301.1,1302.15,4789
1695885900,1302.15,1302.9,1301.2,1302.3,2585
1695886200,1302.3,1302.8,1300.1,1300.3,4955
1695886500,1300.3,1301.1,1299.9,1299.9,11817
1695886800,1299.85,1299.85,1295.8,1298.0,12486
1695887100,1298.0,1298.65,1293.55,1293.55,25485
1695887400,1293.6,1297.15,1293.6,1294.5,9808
1695887700,1294.5,1295.75,1293.75,1295.15,9843
1695888000,1295.15,1295.7,1293.05,1295.0,10361
1695888300,1295.0,1297.75,1294.1,1294.75,24491
1695888600,1294.75,1297.25,1292.45,1296.55,17273
1695888900,1296.75,1297.55,1294.75,1294.8,10239
1695889200,1294.85,1295.35,1293.05,1294.15,10909
1695889500,1294.15,1297.0,1293.1,1296.55,15944
1695889800,1296.6,1298.55,1293.6,1294.95,17534
1695890100,1294.95,1296.0,1293.6,1295.1,11377
1695890400,1295.15,1297.0,1294.5,1296.35,6439
1695890700,1296.35,1296.9,1292.1,1293.75,6770
1695891000,1293.1,1295.25,1289.65,1291.4,33978
1695891300,1291.2,1291.8,1289.4,1290.45,14795
1695891600,1290.45,1293.1,1289.75,1292.8,19526
1695891900,1292.6,1293.1,1287.8,1289.7,26935
1695892200,1289.7,1291.6,1287.2,1287.65,22641
1695892500,1287.25,1289.6,1286.65,1287.8,11556
1695892800,1287.45,1287.8,1285.65,1286.75,11995
1695893100,1286.35,1287.3,1284.5,1286.1,15229
1695893400,1286.95,1290.95,1286.05,1290.95,32496
1695893700,1290.6,1290.6,1287.35,1288.7,21939
1695894000,1288.7,1288.85,1284.7,1286.05,32403
1695894300,1286.15,1291.45,1286.15,1289.8,36165
1695894600,1289.9,1293.0,1289.5,1290.95,41817
1695894900,1290.45,1293.35,1289.0,1293.0,32792
1695959100,1289.95,1300.0,1289.45,1292.95,27848
1695959400,1292.95,1293.9,1290.0,1290.9,19591
1695959700,1290.9,1291.95,1289.0,1290.0,16928
1695960000,1290.35,1292.25,1289.5,1290.0,12240
1695960300,1289.95,1292.15,1289.5,1291.35,8886
1695960600,1291.35,1291.5,1289.6,1290.0,4990
1695960900,1290.0,1294.0,1290.0,1293.0,5498
1695961200,1293.0,1295.95,1292.7,1294.45,18551
1695961500,1294.45,1295.9,1293.95,1295.25,10906
1695961800,1295.25,1295.7,1295.0,1295.0,8226
1695962100,1295.55,1295.55,1295.0,1295.5,7359
1695962400,1295.5,1295.5,1295.0,1295.2,1589
1695962700,1295.25,1297.5,1295.25,1296.45,5148
1695963000,1296.45,1298.0,1295.3,1297.35,10176
1695963300,1296.35,1297.5,1295.3,1296.4,12720
1695963600,1296.4,1298.45,1296.4,1298.25,21041
1695963900,1298.25,1298.95,1296.9,1296.9,34473
1695964200,1296.1,1296.1,1293.05,1293.1,19293
1695964500,1293.1,1296.55,1292.2,1294.55,9580
1695964800,1294.55,1296.4,1293.8,1295.0,18595
1695965100,1295.0,1296.65,1294.6,1296.65,8501
1695965400,1296.65,1296.65,1294.5,1294.5,4956
1695965700,1294.7,1295.5,1294.7,1295.0,4221
1695966000,1295.0,1296.35,1294.95,1295.8,3291
1695966300,1295.8,1297.65,1295.35,1297.0,5110
1695966600,1297.0,1297.5,1295.9,1297.4,7510
1695966900,1297.4,1299.0,1297.0,1298.35,12015
1695967200,1298.35,1300.05,1298.0,1299.3,21964
1695967500,1299.3,1301.0,1299.3,1301.0,11421
1695967800,1300.7,1301.5,1300.05,1301.25,3693
1695968100,1300.6,1301.45,1299.5,1300.7,8392
1695968400,1300.7,1301.0,1297.95,1297.95,7118
1695968700,1297.95,1298.95,1297.85,1298.55,4788
1695969000,1298.4,1299.8,1297.6,1299.2,3700
1695969300,1299.0,1300.95,1297.9,1300.0,7110
1695969600,1300.0,1301.0,1299.15,1300.0,9936
1695969900,1299.6,1301.0,1299.55,1299.6,5183
1695970200,1299.5,1301.1,1299.5,1301.1,4123
1695970500,1300.9,1302.15,1300.45,1301.35,5942
1695970800,1301.85,1301.95,1301.05,1301.75,3960
1695971100,1301.45,1302.9,1300.4,1300.4,6160
1695971400,1300.85,1301.9,1300.15,1301.4,4513
1695971700,1301.4,1302.4,1299.9,1302.3,4997
1695972000,1302.0,1302.95,1301.85,1302.4,4580
1695972300,1302.35,1302.65,1301.7,1302.35,5523
1695972600,1302.45,1303.85,1301.95,1302.4,9483
1695972900,1302.4,1303.15,1301.95,1302.5,3971
1695973200,1302.5,1304.3,1302.3,1303.9,4906
1695973500,1303.9,1304.25,1302.55,1304.0,5387
1695973800,1303.6,1304.25,1302.8,1303.7,4315
1695974100,1304.5,1308.15,1304.0,1307.6,10658
1695974400,1307.6,1308.85,1306.65,1307.95,10884
1695974700,1307.55,1309.35,1305.65,1305.65,17022
1695975000,1305.75,1307.0,1304.05,1304.05,4866
1695975300,1303.95,1306.35,1302.1,1302.25,7605
1695975600,1302.2,1303.85,1302.2,1302.65,6555
1695975900,1302.65,1303.4,1302.1,1303.35,5301
1695976200,1302.8,1304.45,1302.1,1303.8,4718
1695976500,1303.8,1304.25,1303.1,1303.7,6833
1695976800,1303.7,1305.0,1303.5,1304.1,6692
1695977100,1304.1,1304.75,1303.5,1303.5,4270
1695977400,1303.5,1304.15,1302.75,1304.0,5587
1695977700,1303.5,1304.95,1303.5,1303.5,8438
1695978000,1303.5,1305.0,1303.5,1304.25,13929
1695978300,1304.25,1305.0,1302.6,1303.9,10187
1695978600,1303.5,1304.1,1302.8,1303.05,10030
1695978900,1302.55,1303.2,1298.85,1300.55,12806
1695979200,1300.55,1302.75,1300.0,1300.15,11313
1695979500,1300.2,1302.05,1300.0,1300.05,12724
1695979800,1301.1,1303.95,1300.15,1303.65,237896
1695980100,1303.7,1305.6,1303.55,1305.5,93518
1695980400,1305.5,1307.35,1305.25,1305.5,70902
1695980700,1305.45,1309.2,1305.45,1308.7,125208
1695981000,1308.55,1312.0,1308.55,1311.0,78331
1695981300,1310.2,1311.05,1304.2,1310.0,47706
1696304700,1302.15,1302.15,1286.05,1288.85,60168
1696305000,1288.8,1295.65,1288.45,1293.4,33122
1696305300,1293.4,1293.4,1288.9,1289.95,55980
1696305600,1290.1,1290.85,1286.55,1289.2,41611
1696305900,1288.6,1296.5,1287.0,1296.0,43371
1696306200,1295.55,1296.7,1294.05,1294.4,16284
1696306500,1294.75,1295.1,1291.15,1291.7,15771
1696306800,1291.7,1291.9,1288.5,1288.85,15775
1696307100,1289.95,1290.45,1286.4,1289.75,24687
1696307400,1289.75,1289.75,1285.0,1285.35,18572
1696307700,1285.65,1285.75,1283.55,1284.05,20428
1696308000,1284.45,1287.55,1282.65,1284.0,24572
1696308300,1284.0,1289.0,1283.5,1287.8,18995
1696308600,1287.15,1288.75,1286.45,1287.8,17873
1696308900,1287.8,1293.95,1287.8,1293.05,18595
1696309200,1293.55,1294.0,1292.25,1293.3,14219
1696309500,1293.3,1294.5,1291.7,1292.95,11541
1696309800,1292.95,1294.45,1290.7,1291.3,11949
1696310100,1290.6,1294.4,1290.1,1294.1,13130
1696310400,1294.1,1294.1,1291.75,1291.8,4157
1696310700,1291.8,1294.7,1290.9,1293.75,13678
1696311000,1293.75,1294.85,1291.3,1291.5,11282
1696311300,1291.5,1291.9,1290.8,1291.5,8552
1696311600,1291.1,1292.7,1291.1,1291.9,11192
1696311900,1291.9,1294.6,1291.45,1291.95,5449
1696312200,1291.95,1294.3,1291.25,1294.3,7307
1696312500,1294.3,1295.4,1293.0,1295.4,29271
1696312800,1295.4,1295.45,1294.1,1294.25,10279
1696313100,1294.15,1295.95,1293.6,1295.45,17116
1696313400,1296.15,1298.9,1296.0,1298.2,15101
1696313700,1297.55,1298.1,1295.35,1296.4,22794
1696314000,1296.4,1297.15,1295.8,1296.4,9158
1696314300,1296.15,1296.3,1295.05,1295.75,11690
1696314600,1295.75,1296.15,1295.05,1295.55,7261
1696314900,1295.55,1296.35,1295.25,1296.1,6646
1696315200,1296.1,1296.4,1295.25,1296.35,3575
1696315500,1296.35,1296.55,1295.45,1296.3,9222
1696315800,1296.25,1296.8,1295.2,1295.4,5740
1696316100,1295.4,1295.75,1295.0,1295.0,9083
1696316400,1295.0,1295.55,1294.95,1294.95,6890
1696316700,1294.95,1295.15,1292.3,1292.65,7786
1696317000,1292.65,1294.95,1292.6,1294.6,7926
1696317300,1294.6,1294.95,1292.6,1293.05,5247
1696317600,1292.95,1293.2,1292.9,1293.1,2660
1696317900,1293.15,1293.2,1292.2,1292.25,4696
1696318200,1292.25,1292.45,1291.1,1291.35,11688
1696318500,1291.35,1291.7,1291.25,1291.7,4181
1696318800,1291.7,1293.15,1291.45,1292.5,16657
1696319100,1292.5,1292.5,1291.45,1291.45,5743
1696319400,1291.45,1291.65,1290.15,1290.25,5796
1696319700,1290.25,1292.35,1290.1,1290.4,18907
1696320000,1290.7,1290.7,1290.1,1290.2,4811
1696320300,1290.2,1290.3,1289.2,1289.85,12176
1696320600,1289.85,1290.6,1288.7,1289.6,5058
1696320900,1289.55,1293.6,1289.4,1293.1,9311
1696321200,1293.1,1293.8,1291.45,1293.05,8626
1696321500,1293.05,1294.4,1291.95,1294.4,9415
1696321800,1294.4,1294.8,1292.95,1293.2,15389
1696322100,1293.25,1293.25,1290.8,1291.1,9816
1696322400,1291.1,1292.35,1290.7,1291.05,8956
1696322700,1291.05,1291.3,1289.5,1289.9,14536
1696323000,1289.9,1291.8,1289.9,1290.85,7197
1696323300,1290.85,1291.05,1289.3,1290.85,5697
1696323600,1290.85,1291.05,1288.95,1290.15,25508
1696323900,1290.15,1292.45,1288.7,1291.75,19781
1696324200,1292.15,1292.5,1289.4,1292.15,23416
1696324500,1292.15,1293.35,1291.0,1292.4,11573
1696324800,1292.4,1293.5,1290.5,1291.0,16819
1696325100,1291.0,1291.85,1289.2,1291.15,22205
1696325400,1291.15,1294.65,1289.65,1293.45,48210
1696325700,1292.9,1293.05,1289.45,1290.75,29761
1696326000,1291.2,1293.8,1288.65,1292.85,63854
1696326300,1292.8,1294.7,1291.3,1292.8,31406
1696326600,1293.35,1295.8,1292.25,1295.1,48530
1696326900,1295.05,1296.55,1291.9,1294.0,34455
1696391100,1291.6,1292.0,1282.8,1289.8,22307
1696391400,1289.8,1295.75,1289.45,1294.15,17106
1696391700,1294.15,1297.7,1291.15,1292.0,14186
1696392000,1292.0,1292.0,1288.4,1291.4,14463
1696392300,1290.3,1292.2,1288.8,1290.25,5363
1696392600,1290.2,1291.75,1288.4,1290.2,11562
1696392900,1290.2,1292.0,1290.05,1291.8,4814
1696393200,1291.25,1291.8,1290.0,1290.0,5018
1696393500,1290.0,1292.0,1289.7,1290.45,4975
1696393800,1290.45,1290.45,1288.0,1288.0,3237
1696394100,1288.0,1288.5,1286.6,1288.2,3650
1696394400,1288.2,1288.2,1285.25,1285.5,2788
1696394700,1285.75,1287.5,1284.85,1286.45,2425
1696395000,1286.45,1287.95,1286.0,1287.85,2789
1696395300,1287.85,1288.25,1286.45,1286.55,983
1696395600,1286.55,1286.9,1285.1,1286.9,4181
1696395900,1286.25,1288.0,1285.6,1285.6,5431
1696396200,1286.35,1286.6,1284.3,1284.95,4187
1696396500,1284.4,1285.8,1284.25,1285.15,2097
1696396800,1285.8,1285.8,1284.65,1285.0,1033
1696397100,1284.75,1285.1,1284.15,1284.75,1603
1696397400,1285.55,1286.85,1285.0,1285.1,3183
1696397700,1285.1,1285.85,1285.0,1285.3,1158
1696398000,1285.3,1286.4,1285.0,1285.6,1372
1696398300,1285.5,1285.75,1283.7,1284.1,6511
1696398600,1284.1,1284.1,1281.05,1281.15,8839
1696398900,1281.15,1282.7,1279.25,1282.45,27713
1696399200,1282.6,1283.7,1281.65,1283.7,6546
1696399500,1283.7,1284.55,1282.55,1282.55,5945
1696399800,1282.65,1282.65,1279.3,1279.8,6861
1696400100,1279.3,1280.9,1278.35,1278.75,12048
1696400400,1278.75,1279.5,1277.35,1277.85,9490
1696400700,1277.85,1279.7,1276.5,1277.75,8596
1696401000,1277.8,1280.0,1277.25,1279.6,5562
1696401300,1279.75,1280.9,1278.0,1278.2,12889
1696401600,1278.45,1279.35,1274.15,1275.4,25062
1696401900,1275.4,1276.15,1273.0,1273.05,11811
1696402200,1273.0,1273.0,1271.0,1271.0,19268
1696402500,1271.0,1271.35,1269.2,1270.75,26479
1696402800,1270.65,1271.6,1269.6,1271.45,14326
1696403100,1271.45,1273.0,1271.1,1271.8,8043
1696403400,1271.8,1275.0,1271.8,1273.05,15357
1696403700,1273.05,1273.9,1272.2,1272.2,6940
1696404000,1272.3,1272.55,1271.05,1271.5,7787
1696404300,1271.55,1271.55,1269.55,1269.8,19284
1696404600,1269.85,1270.7,1269.5,1269.85,11986
1696404900,1269.9,1270.9,1269.45,1270.15,11033
1696405200,1270.15,1270.85,1268.6,1268.6,16413
1696405500,1268.65,1269.45,1267.4,1268.8,21212
1696405800,1268.85,1269.75,1267.45,1269.0,24734
1696406100,1268.95,1270.2,1267.65,1267.65,13682
1696406400,1267.65,1268.75,1266.65,1267.55,17059
1696406700,1267.6,1269.15,1266.45,1267.6,26961
1696407000,1267.4,1268.0,1266.75,1267.85,11866
1696407300,1267.85,1268.1,1266.45,1266.75,19888
1696407600,1267.0,1267.45,1266.2,1266.65,27675
1696407900,1266.7,1267.0,1265.5,1265.55,17906
1696408200,1265.55,1267.35,1264.35,1265.75,37395
1696408500,1265.75,1266.35,1265.15,1265.2,35093
1696408800,1265.2,1266.05,1264.75,1264.85,29307
1696409100,1264.9,1266.6,1264.7,1266.35,11976
1696409400,1265.9,1271.2,1265.15,1270.15,62474
1696409700,1269.9,1272.45,1268.3,1272.0,36412
1696410000,1271.6,1274.65,1270.6,1270.7,31596
1696410300,1270.85,1272.0,1270.3,1270.4,22677
1696410600,1270.4,1271.65,1270.15,1270.95,21307
1696410900,1270.55,1271.7,1270.0,1270.7,25601
1696411200,1270.7,1271.1,1268.55,1269.15,20596
1696411500,1269.3,1269.75,1267.4,1268.15,19641
1696411800,1268.05,1269.1,1268.0,1268.25,29017
1696412100,1268.05,1270.3,1268.0,1270.2,24264
1696412400,1270.2,1271.0,1269.15,1270.35,16167
1696412700,1270.25,1270.9,1269.95,1270.65,23267
1696413000,1270.5,1273.5,1270.5,1272.55,28109
1696413300,1272.55,1277.0,1269.6,1275.0,37564
1696477500,1271.0,1273.95,1264.95,1267.05,22938
1696477800,1267.0,1271.55,1266.0,1268.85,26128
1696478100,1268.55,1271.75,1267.5,1270.4,13658
1696478400,1269.9,1273.5,1269.9,1272.0,18423
1696478700,1271.75,1273.6,1271.0,1271.95,8859
1696479000,1271.45,1275.0,1271.45,1274.0,9249
1696479300,1273.95,1274.25,1272.0,1272.3,6963
1696479600,1272.05,1273.9,1272.05,1272.2,5356
1696479900,1272.2,1273.55,1271.5,1272.1,5984
1696480200,1272.05,1273.2,1271.6,1272.3,5648
1696480500,1272.05,1273.1,1270.95,1272.0,9072
1696480800,1272.1,1273.65,1271.95,1271.95,6382
1696481100,1271.95,1273.45,1271.05,1272.95,6672
1696481400,1272.4,1273.5,1271.2,1271.95,6089
1696481700,1271.45,1272.05,1270.0,1270.6,8891
1696482000,1270.45,1272.2,1269.25,1272.2,13558
1696482300,1272.0,1272.9,1272.0,1272.0,5422
1696482600,1272.1,1273.9,1271.45,1271.7,6685
1696482900,1271.7,1276.25,1271.1,1275.75,7784
1696483200,1276.05,1279.3,1275.85,1277.7,10141
1696483500,1278.05,1279.6,1277.3,1277.35,7766
1696483800,1277.35,1278.4,1277.0,1277.15,5261
1696484100,1277.15,1278.15,1276.6,1276.75,4499
1696484400,1276.75,1278.9,1276.5,1278.0,7714
1696484700,1278.0,1278.05,1276.85,1277.45,7512
1696485000,1277.95,1278.9,1276.35,1277.2,11320
1696485300,1277.2,1278.25,1276.25,1277.7,25063
1696485600,1277.95,1278.6,1276.7,1278.0,17968
1696485900,1278.0,1278.5,1276.75,1277.95,8029
1696486200,1277.45,1277.95,1276.55,1277.7,10481
1696486500,1277.65,1278.35,1276.15,1278.05,18544
1696486800,1277.9,1278.2,1276.9,1277.1,13322
1696487100,1277.0,1278.3,1276.25,1278.25,30989
1696487400,1277.65,1281.6,1277.6,1280.25,19050
1696487700,1280.25,1282.0,1280.0,1281.55,8448
1696488000,1281.55,1282.1,1280.0,1281.0,8842
1696488300,1281.05,1281.7,1280.15,1280.15,17329
1696488600,1280.05,1280.45,1274.65,1275.5,35075
1696488900,1276.15,1276.15,1271.85,1273.1,8854
1696489200,1273.1,1274.65,1272.2,1273.85,6813
1696489500,1273.85,1275.4,1273.3,1274.45,6666
1696489800,1274.65,1276.15,1271.7,1271.75,43812
1696490100,1271.8,1271.95,1270.4,1271.5,24783
1696490400,1271.05,1272.9,1270.85,1272.2,5765
1696490700,1272.2,1272.75,1271.8,1272.2,4038
1696491000,1272.25,1272.5,1271.1,1271.35,3917
1696491300,1271.4,1271.7,1271.0,1271.05,2886
1696491600,1271.05,1272.0,1271.0,1271.5,3530
1696491900,1271.8,1272.25,1269.0,1270.15,12501
1696492200,1270.05,1272.5,1268.4,1271.8,19744
1696492500,1272.45,1273.6,1271.8,1273.5,4241
1696492800,1273.4,1275.15,1273.1,1275.0,4800
1696493100,1274.85,1277.95,1274.75,1277.95,6294
1696493400,1277.95,1278.0,1276.35,1276.95,6580
1696493700,1277.0,1279.85,1276.55,1279.85,6040
1696494000,1279.85,1280.25,1278.6,1280.0,10545
1696494300,1280.0,1280.15,1277.65,1277.8,12796
1696494600,1277.85,1278.75,1274.8,1276.7,11615
1696494900,1277.0,1278.9,1276.25,1277.45,8594
1696495200,1278.0,1278.3,1275.75,1277.95,9646
1696495500,1277.6,1278.75,1274.45,1278.1,12450
1696495800,1278.05,1278.05,1275.2,1276.2,10183
1696496100,1276.3,1276.3,1274.35,1274.75,7477
1696496400,1274.95,1276.85,1273.1,1273.6,23013
1696496700,1274.0,1276.45,1273.4,1275.7,9705
1696497000,1275.8,1275.8,1273.75,1274.3,5213
1696497300,1274.3,1275.25,1273.3,1273.7,4942
1696497600,1273.7,1275.55,1273.0,1275.2,5462
1696497900,1275.2,1275.6,1273.65,1274.4,10551
1696498200,1274.2,1274.2,1270.65,1272.2,31074
1696498500,1272.25,1274.0,1271.25,1273.0,29159
1696498800,1273.1,1274.9,1273.0,1273.05,24056
1696499100,1273.0,1275.75,1273.0,1275.1,33328
1696499400,1275.05,1276.35,1275.0,1275.9,33424
1696499700,1275.9,1279.25,1273.5,1276.85,49944
1696563900,1276.0,1280.2,1273.2,1273.2,18748
1696564200,1272.9,1274.8,1272.0,1274.75,60351
1696564500,1274.75,1277.95,1274.1,1277.95,22839
1696564800,1277.95,1278.25,1277.0,1277.55,8333
1696565100,1277.55,1278.85,1277.55,1278.15,4851
1696565400,1278.15,1280.2,1278.15,1280.0,13342
1696565700,1280.05,1282.45,1280.0,1282.25,6231
1696566000,1282.0,1282.25,1280.5,1282.2,8877
1696566300,1282.0,1282.2,1281.35,1282.2,11534
1696566600,1282.2,1282.2,1280.0,1281.45,20486
1696566900,1281.45,1282.85,1281.15,1281.2,5819
1696567200,1281.2,1281.7,1280.0,1280.6,7798
1696567500,1280.3,1280.6,1280.1,1280.5,3515
1696567800,1280.5,1280.5,1280.0,1280.45,4394
1696568100,1280.45,1280.45,1280.0,1280.1,14632
1696568400,1280.1,1281.6,1279.95,1280.0,13093
1696568700,1280.0,1283.2,1280.0,1283.2,11864
1696569000,1283.2,1284.95,1282.0,1284.3,16505
1696569300,1284.5,1285.3,1284.2,1284.75,5672
1696569600,1284.75,1285.25,1284.7,1285.2,3251
1696569900,1285.2,1286.0,1285.05,1285.65,4571
1696570200,1285.65,1287.35,1284.95,1284.95,11166
1696570500,1284.95,1286.25,1284.95,1286.05,6465
1696570800,1286.05,1286.65,1285.75,1286.65,6962
1696571100,1286.65,1286.65,1285.9,1286.0,7901
1696571400,1286.05,1287.0,1285.3,1287.0,9252
1696571700,1286.8,1286.85,1285.0,1286.1,7808
1696572000,1286.1,1286.65,1285.25,1286.05,22045
1696572300,1286.05,1287.55,1282.95,1282.95,18821
1696572600,1282.95,1284.9,1282.25,1282.25,7975
1696572900,1282.25,1283.85,1282.15,1283.7,7268
1696573200,1283.7,1285.65,1283.1,1285.65,5036
1696573500,1285.65,1285.65,1284.85,1285.2,4058
1696573800,1285.0,1285.15,1282.2,1282.55,39939
1696574100,1282.55,1282.55,1280.05,1280.6,7106
1696574400,1280.6,1281.7,1280.6,1281.65,3190
1696574700,1281.6,1281.6,1281.0,1281.05,1918
1696575000,1281.0,1281.25,1280.3,1281.0,5103
1696575300,1280.6,1281.95,1280.6,1281.3,2065
1696575600,1281.3,1281.5,1280.0,1280.0,3526
1696575900,1280.2,1280.65,1280.0,1280.45,4428
1696576200,1280.45,1280.65,1280.0,1280.6,3501
1696576500,1280.6,1280.6,1280.0,1280.35,3998
1696576800,1280.35,1281.65,1280.35,1280.8,1689
1696577100,1280.8,1280.8,1280.3,1280.4,1478
1696577400,1280.4,1281.75,1280.35,1280.65,3259
1696577700,1280.65,1282.95,1280.4,1281.15,4362
1696578000,1281.2,1282.75,1281.2,1282.75,2696
1696578300,1282.75,1282.75,1280.4,1280.65,1570
1696578600,1280.85,1281.15,1280.35,1280.4,1898
1696578900,1280.4,1282.6,1280.15,1282.6,4579
1696579200,1282.6,1283.0,1280.1,1280.85,4471
1696579500,1280.85,1280.85,1279.2,1280.05,12475
1696579800,1280.05,1280.05,1280.0,1280.0,1362
1696580100,1280.05,1280.9,1280.0,1280.35,5632
1696580400,1280.0,1280.65,1280.0,1280.4,3430
1696580700,1280.45,1280.55,1280.0,1280.4,4868
1696581000,1280.3,1280.75,1280.2,1280.65,3041
1696581300,1280.55,1280.7,1280.0,1280.0,4659
1696581600,1280.0,1281.45,1280.0,1280.85,6936
1696581900,1280.85,1281.3,1280.25,1281.0,3102
1696582200,1281.05,1281.8,1281.0,1281.75,16557
1696582500,1281.7,1282.6,1280.9,1281.9,21368
1696582800,1281.9,1281.95,1280.5,1281.5,20304
1696583100,1281.55,1281.9,1279.5,1281.5,49591
1696583400,1281.5,1281.5,1281.0,1281.2,4094
1696583700,1281.25,1281.7,1281.2,1281.65,4745
1696584000,1281.7,1281.7,1281.05,1281.25,4313
1696584300,1281.2,1281.85,1281.1,1281.5,8540
1696584600,1281.75,1282.35,1281.7,1282.05,22048
1696584900,1282.0,1282.55,1282.0,1282.05,23255
1696585200,1282.15,1282.65,1282.05,1282.5,10698
1696585500,1282.0,1285.5,1282.0,1284.8,19334
1696585800,1284.75,1285.05,1283.5,1284.25,17727
1696586100,1284.25,1286.15,1284.2,1284.2,33227
1696823100,1278.1,1282.95,1274.8,1276.95,18316
1696823400,1276.95,1278.8,1274.2,1278.4,6290
1696823700,1278.4,1279.25,1275.55,1278.0,5573
1696824000,1278.05,1279.05,1275.55,1275.55,5708
1696824300,1275.55,1276.25,1273.35,1274.15,15173
1696824600,1274.1,1274.1,1272.0,1274.0,21494
1696824900,1274.0,1278.3,1273.5,1277.5,5721
1696825200,1277.95,1282.35,1277.5,1281.7,13064
1696825500,1281.7,1281.7,1280.0,1281.25,1603
1696825800,1281.25,1281.4,1278.65,1280.1,3532
1696826100,1279.45,1280.8,1278.85,1279.2,16917
1696826400,1279.0,1280.1,1278.75,1279.0,13984
1696826700,1279.0,1279.15,1275.05,1277.4,3351
1696827000,1277.4,1278.05,1275.65,1276.4,5163
1696827300,1275.7,1277.9,1275.7,1275.95,2937
1696827600,1275.95,1277.45,1275.95,1277.45,769
1696827900,1277.45,1279.3,1277.45,1279.3,1489
1696828200,1279.45,1279.55,1278.05,1279.55,11621
1696828500,1279.55,1281.3,1279.05,1281.3,1071
1696828800,1281.3,1281.4,1280.0,1281.0,1157
1696829100,1281.4,1284.65,1281.05,1284.65,8921
1696829400,1284.65,1284.65,1282.75,1283.0,10552
1696829700,1283.1,1284.35,1282.75,1282.8,3550
1696830000,1282.8,1284.5,1282.75,1284.05,10826
1696830300,1284.05,1285.45,1284.0,1284.45,12667
1696830600,1284.45,1284.5,1280.3,1281.5,29246
1696830900,1281.5,1282.1,1280.0,1280.55,4003
1696831200,1280.6,1281.2,1280.0,1280.05,2115
1696831500,1280.05,1280.05,1278.05,1279.8,4470
1696831800,1279.8,1280.7,1279.0,1280.65,4945
1696832100,1280.2,1280.75,1278.75,1279.0,6133
1696832400,1279.0,1279.6,1277.0,1277.65,15061
1696832700,1277.65,1279.65,1277.05,1279.65,14000
1696833000,1279.65,1281.75,1279.5,1280.6,5583
1696833300,1281.15,1281.75,1280.25,1280.7,671
1696833600,1280.7,1281.45,1279.5,1279.5,3460
1696833900,1279.5,1280.45,1279.5,1279.8,5602
1696834200,1279.8,1280.0,1279.5,1279.8,5387
1696834500,1279.8,1280.45,1279.5,1280.25,2896
1696834800,1280.25,1280.45,1279.5,1280.45,4651
1696835100,1280.45,1280.45,1279.5,1279.5,18020
1696835400,1279.5,1280.4,1275.05,1277.5,223369
1696835700,1278.0,1279.3,1277.65,1278.35,23246
1696836000,1278.35,1279.25,1277.75,1278.45,13165
1696836300,1278.45,1278.6,1277.8,1278.45,8076
1696836600,1278.4,1280.55,1278.0,1280.5,16169
1696836900,1280.5,1282.65,1280.0,1281.6,8484
1696837200,1281.6,1282.8,1280.3,1282.4,8666
1696837500,1282.85,1284.4,1281.4,1284.4,17108
1696837800,1284.5,1285.0,1283.0,1283.1,10178
1696838100,1283.1,1285.0,1282.45,1283.35,19588
1696838400,1283.35,1284.5,1282.45,1283.55,11793
1696838700,1283.55,1283.55,1282.45,1283.35,18285
1696839000,1283.35,1284.0,1282.35,1283.4,11453
1696839300,1283.4,1284.45,1282.3,1284.2,12083
1696839600,1284.2,1284.9,1283.15,1284.0,7661
1696839900,1284.0,1284.0,1283.0,1283.15,9484
1696840200,1283.15,1284.8,1282.75,1283.75,7942
1696840500,1283.7,1283.8,1282.9,1283.8,9903
1696840800,1283.15,1284.75,1283.0,1283.75,13903
1696841100,1283.75,1284.6,1282.4,1284.1,25174
1696841400,1284.1,1285.0,1282.85,1284.9,12874
1696841700,1284.9,1290.75,1284.1,1288.05,28157
1696842000,1288.05,1288.7,1284.3,1285.4,16409
1696842300,1285.4,1286.6,1284.55,1285.35,13262
1696842600,1285.35,1286.35,1284.85,1285.95,16348
1696842900,1285.95,1285.95,1280.7,1281.25,98523
1696843200,1281.25,1282.95,1276.15,1276.75,126966
1696843500,1276.35,1277.5,1274.5,1277.5,21486
1696843800,1277.95,1279.0,1276.5,1276.6,11354
1696844100,1276.4,1277.45,1276.0,1277.45,10367
1696844400,1277.4,1277.7,1275.5,1276.05,12438
1696844700,1276.05,1276.95,1274.6,1275.15,13756
1696845000,1275.0,1276.3,1274.05,1276.3,32741
1696845300,1276.3,1285.75,1274.05,1285.75,126577
1696909500,1285.0,1285.8,1279.8,1284.4,21428
1696909800,1285.0,1290.0,1283.95,1288.2,18940
1696910100,1288.0,1292.5,1287.25,1292.05,37161
1696910400,1291.4,1293.0,1285.55,1285.95,20228
1696910700,1285.95,1287.15,1284.95,1285.0,16210
1696911000,1285.0,1286.6,1284.7,1285.25,22384
1696911300,1285.0,1288.75,1285.0,1287.6,8602
1696911600,1287.6,1291.0,1287.6,1290.4,13654
1696911900,1290.2,1290.4,1287.5,1287.8,5477
1696912200,1287.8,1289.9,1285.55,1286.2,10952
1696912500,1287.15,1288.5,1285.85,1288.2,5966
1696912800,1287.75,1288.3,1286.5,1287.45,11895
1696913100,1286.85,1287.45,1284.85,1286.0,13407
1696913400,1286.0,1287.75,1285.7,1286.5,8561
1696913700,1285.75,1287.5,1285.75,1286.5,4469
1696914000,1285.95,1287.55,1285.95,1286.75,11867
1696914300,1286.3,1287.15,1285.2,1286.7,4052
1696914600,1286.7,1287.0,1285.45,1285.85,4090
1696914900,1285.85,1287.3,1285.7,1286.8,6468
1696915200,1286.45,1287.45,1285.7,1287.1,5618
1696915500,1286.55,1287.15,1285.6,1287.05,4732
1696915800,1286.35,1287.45,1285.85,1285.85,3889
1696916100,1286.05,1287.15,1285.5,1286.3,4667
1696916400,1286.35,1286.7,1285.1,1286.2,5874
1696916700,1286.65,1286.75,1285.3,1286.45,5525
1696917000,1286.5,1286.95,1285.85,1286.85,8613
1696917300,1286.35,1286.85,1286.0,1286.7,6372
1696917600,1286.6,1286.85,1285.75,1286.8,10468
1696917900,1286.8,1286.8,1286.0,1286.35,5426
1696918200,1286.0,1286.8,1285.8,1286.8,5260
1696918500,1286.15,1287.1,1286.15,1286.8,18276
1696918800,1286.75,1287.3,1286.25,1286.45,7642
1696919100,1287.0,1287.3,1286.15,1286.35,3470
1696919400,1286.35,1292.3,1286.35,1291.45,17039
1696919700,1291.15,1298.0,1291.1,1296.45,71815
1696920000,1296.45,1298.35,1294.1,1297.9,47930
1696920300,1297.95,1301.0,1297.05,1300.6,81780
1696920600,1301.0,1301.35,1298.85,1300.75,29090
1696920900,1300.15,1301.95,1298.2,1299.8,21834
1696921200,1299.25,1303.95,1299.0,1303.5,31083
1696921500,1303.7,1303.95,1301.55,1303.45,13376
1696921800,1302.85,1304.45,1301.5,1303.8,12869
1696922100,1303.9,1307.7,1303.9,1305.35,36816
1696922400,1306.0,1307.65,1304.3,1305.6,16344
1696922700,1305.6,1307.35,1305.5,1307.25,7521
1696923000,1306.65,1307.25,1305.5,1306.35,7879
1696923300,1306.35,1307.4,1305.55,1306.1,7245
1696923600,1306.1,1306.9,1305.65,1306.45,11716
1696923900,1306.45,1309.65,1306.0,1308.8,21255
1696924200,1308.8,1309.3,1306.9,1308.6,8513
1696924500,1308.6,1312.6,1307.3,1311.15,31599
1696924800,1311.05,1311.65,1309.85,1310.65,13595
1696925100,1310.65,1310.65,1307.55,1308.45,7912
1696925400,1307.8,1309.35,1306.8,1308.05,6487
1696925700,1308.05,1309.35,1307.7,1308.35,10578
1696926000,1308.4,1309.65,1306.95,1307.35,7877
1696926300,1307.35,1309.4,1307.3,1307.45,14540
1696926600,1307.45,1307.95,1305.6,1307.0,12028
1696926900,1307.05,1308.75,1305.85,1307.65,14664
1696927200,1306.95,1308.95,1306.55,1307.15,8851
1696927500,1307.7,1308.25,1306.35,1307.3,9306
1696927800,1307.3,1308.25,1306.0,1306.0,10336
1696928100,1306.05,1306.95,1305.35,1305.35,9398
1696928400,1305.35,1308.65,1305.35,1305.5,19509
1696928700,1306.25,1306.95,1305.1,1305.95,10969
1696929000,1305.25,1306.75,1304.9,1306.1,10310
1696929300,1305.45,1306.35,1303.45,1304.05,21583
1696929600,1304.55,1304.9,1303.1,1303.75,32728
1696929900,1304.4,1304.85,1303.35,1303.4,7861
1696930200,1304.9,1305.3,1301.1,1302.2,30975
1696930500,1301.4,1303.5,1300.25,1301.55,42160
1696930800,1301.8,1303.65,1300.85,1302.25,32327
1696931100,1302.45,1302.45,1299.7,1300.5,22032
1696931400,1300.5,1302.95,1300.5,1301.8,23351
1696931700,1301.85,1306.0,1300.6,1300.6,23396
1696995900,1310.0,1310.0,1300.5,1301.5,37689
1696996200,1300.8,1301.45,1297.0,1297.85,38093
1696996500,1297.85,1298.35,1295.0,1295.15,29197
1696996800,1295.45,1297.55,1295.0,1296.4,19566
1696997100,1296.0,1297.45,1296.0,1296.3,10604
1696997400,1296.3,1296.6,1295.0,1295.85,12009
1696997700,1295.9,1296.2,1294.75,1295.15,16857
1696998000,1295.4,1296.45,1294.55,1295.75,18108
1696998300,1295.5,1296.35,1295.5,1296.15,14341
1696998600,1296.15,1296.15,1293.25,1293.65,21060
1696998900,1293.55,1293.7,1291.15,1291.3,14222
1696999200,1291.4,1293.3,1291.2,1292.45,27924
1696999500,1292.55,1294.0,1291.7,1292.5,11204
1696999800,1292.55,1293.45,1292.15,1292.9,8703
1697000100,1292.9,1295.9,1292.4,1295.35,10119
1697000400,1295.4,1296.65,1295.0,1295.5,7723
1697000700,1295.45,1296.0,1294.0,1295.55,12622
1697001000,1295.55,1295.6,1293.8,1294.0,56886
1697001300,1294.0,1294.7,1293.4,1293.95,6129
1697001600,1294.05,1294.65,1293.7,1294.0,6272
1697001900,1294.0,1294.85,1293.75,1294.25,7763
1697002200,1294.25,1295.45,1294.0,1295.45,3151
1697002500,1295.45,1295.5,1293.8,1294.1,4986
1697002800,1294.1,1294.1,1293.65,1294.05,4523
1697003100,1294.05,1294.05,1293.45,1294.05,4060
1697003400,1294.05,1294.6,1293.55,1294.1,3088
1697003700,1294.1,1295.0,1294.0,1294.0,3010
1697004000,1294.05,1295.0,1294.0,1294.0,3988
1697004300,1294.0,1294.65,1293.8,1294.05,5423
1697004600,1294.0,1294.6,1294.0,1294.0,3254
1697004900,1294.1,1294.1,1293.65,1293.85,3507
1697005200,1294.0,1294.05,1293.55,1293.65,2867
1697005500,1293.55,1296.0,1293.5,1296.0,18464
1697005800,1295.0,1296.0,1295.0,1295.4,4968
1697006100,1295.4,1296.15,1295.2,1295.55,2604
1697006400,1295.45,1295.5,1294.6,1295.2,2437
1697006700,1295.2,1296.2,1295.15,1296.15,5718
1697007000,1296.2,1296.2,1296.0,1296.15,2961
1697007300,1296.1,1299.0,1296.0,1298.85,22841
1697007600,1298.85,1301.05,1298.8,1300.4,10633
1697007900,1300.15,1301.5,1299.3,1300.15,15314
1697008200,1300.15,1300.2,1298.75,1300.0,31078
1697008500,1300.0,1300.8,1299.8,1300.8,34218
1697008800,1300.6,1301.5,1300.2,1300.3,7396
1697009100,1300.3,1301.45,1299.95,1300.05,22255
1697009400,1300.05,1301.0,1300.0,1301.0,4390
1697009700,1301.0,1301.4,1300.2,1300.6,5791
1697010000,1300.6,1303.95,1300.25,1303.4,14654
1697010300,1303.35,1303.35,1301.7,1302.65,7328
1697010600,1302.55,1303.65,1302.15,1303.4,11663
1697010900,1303.35,1303.35,1301.05,1302.05,7948
1697011200,1302.05,1302.9,1302.0,1302.55,5152
1697011500,1302.15,1302.55,1300.7,1301.45,5789
1697011800,1301.45,1303.75,1300.05,1303.75,27924
1697012100,1303.75,1304.6,1303.25,1303.45,9028
1697012400,1303.45,1304.4,1303.1,1304.15,7853
1697012700,1303.95,1304.0,1302.1,1303.65,15376
1697013000,1303.65,1305.5,1303.4,1304.65,19811
1697013300,1304.65,1305.45,1304.2,1305.45,8934
1697013600,1305.45,1306.55,1303.65,1306.05,39566
1697013900,1306.0,1308.0,1304.9,1306.8,48840
1697014200,1307.55,1307.7,1306.45,1307.7,15032
1697014500,1307.7,1307.75,1306.95,1307.1,6392
1697014800,1307.0,1308.65,1306.95,1307.45,48049
1697015100,1307.7,1308.55,1306.95,1307.7,33486
1697015400,1307.7,1307.75,1306.25,1307.15,11419
1697015700,1307.15,1308.3,1306.5,1307.8,29555
1697016000,1307.75,1308.2,1306.8,1308.15,18726
1697016300,1308.1,1308.35,1307.4,1308.2,18330
1697016600,1308.2,1309.55,1307.7,1308.85,60675
1697016900,1308.8,1309.15,1307.75,1308.65,74140
1697017200,1308.6,1310.55,1308.15,1310.35,54527
1697017500,1310.3,1310.5,1309.9,1309.95,42262
1697017800,1310.05,1310.3,1309.8,1310.05,47004
1697018100,1310.1,1310.95,1310.0,1310.1,64697
1697082300,1311.95,1315.2,1306.85,1310.8,18192
1697082600,1311.45,1311.75,1307.25,1307.25,22810
1697082900,1307.25,1307.25,1304.05,1305.55,16507
1697083200,1305.55,1305.7,1303.0,1305.2,10272
1697083500,1305.2,1305.3,1303.1,1304.05,7474
1697083800,1304.05,1307.15,1303.0,1304.35,17000
1697084100,1304.25,1305.5,1301.25,1301.65,13746
1697084400,1301.7,1303.5,1300.95,1302.25,12567
1697084700,1302.25,1303.5,1302.0,1302.0,10118
1697085000,1302.15,1303.75,1302.0,1303.2,6026
1697085300,1303.2,1307.0,1303.15,1304.15,11197
1697085600,1304.15,1305.3,1303.7,1305.05,7202
1697085900,1305.05,1305.1,1303.15,1303.5,4742
1697086200,1303.55,1305.2,1303.05,1304.5,3501
1697086500,1304.5,1305.7,1303.25,1305.7,4203
1697086800,1305.7,1305.7,1303.45,1304.2,3401
1697087100,1304.2,1305.2,1304.1,1304.6,2665
1697087400,1304.65,1310.3,1304.65,1309.05,18764
1697087700,1309.25,1311.15,1309.25,1311.15,5424
1697088000,1311.15,1311.15,1309.45,1309.45,4821
1697088300,1309.45,1309.8,1307.0,1307.5,4296
1697088600,1307.5,1310.35,1307.0,1310.35,5551
1697088900,1310.0,1310.65,1310.0,1310.0,4797
1697089200,1310.0,1312.15,1310.0,1311.5,3986
1697089500,1310.85,1311.6,1310.15,1311.25,3643
1697089800,1311.25,1311.25,1310.0,1310.1,2891
1697090100,1310.1,1311.35,1309.6,1310.75,8261
1697090400,1310.75,1312.7,1310.0,1312.05,4296
1697090700,1312.0,1312.45,1310.05,1310.6,4183
1697091000,1310.25,1311.2,1310.05,1310.35,3203
1697091300,1310.35,1311.15,1310.1,1310.7,2577
1697091600,1310.4,1310.6,1310.0,1310.1,4751
1697091900,1310.1,1313.0,1310.0,1312.55,10842
1697092200,1312.5,1312.5,1309.9,1310.75,12270
1697092500,1310.75,1311.0,1310.0,1310.6,5988
1697092800,1310.6,1310.6,1310.0,1310.1,4358
1697093100,1310.1,1311.0,1310.0,1310.05,4610
1697093400,1310.05,1311.45,1310.0,1310.25,4857
1697093700,1310.3,1311.0,1310.0,1310.35,6670
1697094000,1310.35,1310.95,1310.0,1310.25,11556
1697094300,1310.85,1311.0,1310.0,1310.45,3282
1697094600,1310.55,1312.75,1310.35,1311.2,12938
1697094900,1311.2,1311.4,1310.05,1311.0,4235
1697095200,1311.0,1311.9,1310.0,1310.05,13295
1697095500,1310.05,1310.85,1309.95,1310.0,30646
1697095800,1310.0,1310.05,1309.45,1310.05,33016
1697096100,1310.05,1310.35,1309.95,1310.05,6630
1697096400,1310.05,1311.15,1309.6,1310.6,21731
1697096700,1310.6,1311.15,1310.0,1310.4,4078
1697097000,1310.4,1311.6,1310.05,1311.0,2965
1697097300,1311.0,1312.0,1310.7,1311.2,3816
1697097600,1311.2,1312.5,1310.75,1312.3,5147
1697097900,1312.3,1312.85,1311.2,1311.65,6158
1697098200,1311.7,1312.9,1311.3,1311.8,5394
1697098500,1311.95,1312.6,1310.65,1311.0,38793
1697098800,1311.25,1312.0,1310.15,1310.9,11820
1697099100,1311.0,1311.9,1310.05,1310.65,8777
1697099400,1310.8,1311.85,1310.05,1310.55,5751
1697099700,1311.1,1311.4,1310.2,1311.3,4040
1697100000,1311.3,1311.35,1310.0,1310.65,5634
1697100300,1310.65,1311.05,1310.05,1310.3,6775
1697100600,1310.5,1310.85,1310.0,1310.25,6251
1697100900,1310.25,1311.35,1310.0,1311.05,9290
1697101200,1311.05,1312.0,1310.8,1311.2,6891
1697101500,1311.2,1311.6,1310.05,1310.95,7968
1697101800,1310.95,1311.1,1310.05,1310.9,7074
1697102100,1310.9,1311.0,1310.1,1310.2,6070
1697102400,1310.35,1312.0,1310.0,1312.0,7383
1697102700,1312.0,1313.8,1311.05,1313.8,11319
1697103000,1313.5,1314.4,1312.1,1313.0,27350
1697103300,1313.05,1314.5,1312.5,1313.35,24809
1697103600,1313.8,1314.2,1312.7,1313.2,12899
1697103900,1313.25,1314.6,1313.05,1314.05,17898
1697104200,1314.1,1314.4,1314.05,1314.4,12802
1697104500,1314.4,1317.4,1313.15,1316.5,18446
1697168700,1315.85,1328.35,1313.0,1325.3,70106
1697169000,1325.2,1329.65,1324.45,1329.2,47409
1697169300,1329.2,1329.2,1325.15,1325.65,19351
1697169600,1325.65,1325.65,1319.55,1320.55,20041
1697169900,1320.55,1320.9,1318.4,1319.5,9329
1697170200,1319.5,1321.65,1318.75,1320.8,8982
1697170500,1320.25,1323.2,1320.25,1323.0,10970
1697170800,1323.0,1324.9,1322.1,1323.8,7455
1697171100,1323.8,1324.0,1322.05,1322.7,4263
1697171400,1322.7,1323.75,1320.5,1321.45,7668
1697171700,1321.45,1321.45,1318.8,1319.3,9310
1697172000,1319.6,1319.7,1317.0,1317.45,15176
1697172300,1317.45,1320.9,1317.15,1320.9,6046
1697172600,1320.95,1321.85,1319.15,1321.15,8685
1697172900,1321.15,1321.6,1319.65,1321.5,4543
1697173200,1321.5,1323.5,1321.25,1322.0,6371
1697173500,1322.0,1322.0,1319.05,1319.65,11348
1697173800,1319.65,1319.65,1318.0,1318.6,3078
1697174100,1318.6,1319.15,1317.1,1319.0,6411
1697174400,1319.0,1320.0,1318.15,1319.7,13958
1697174700,1319.75,1320.0,1319.1,1319.1,3022
1697175000,1319.1,1319.8,1318.05,1318.4,2629
1697175300,1319.0,1319.55,1318.0,1319.5,4361
1697175600,1319.0,1320.0,1318.55,1319.95,2713
1697175900,1319.35,1319.95,1318.9,1319.1,2116
1697176200,1319.1,1319.1,1318.55,1319.0,794
1697176500,1318.95,1319.0,1318.2,1318.85,2809
1697176800,1318.85,1319.0,1317.8,1318.45,17217
1697177100,1318.2,1319.15,1317.45,1319.0,49063
1697177400,1319.0,1319.05,1318.0,1318.6,3262
1697177700,1318.6,1319.2,1318.0,1319.0,3512
1697178000,1319.0,1319.4,1317.65,1318.0,37720
1697178300,1318.0,1318.3,1316.3,1316.5,6813
1697178600,1316.3,1318.0,1315.95,1317.4,18411
1697178900,1317.5,1317.5,1315.85,1316.15,7197
1697179200,1316.15,1316.75,1315.6,1315.9,4368
1697179500,1316.05,1317.4,1315.8,1317.4,3159
1697179800,1317.0,1320.85,1317.0,1320.8,4110
1697180100,1320.5,1321.5,1319.8,1320.0,5172
1697180400,1320.2,1321.25,1318.8,1319.05,3575
1697180700,1319.05,1319.9,1318.05,1318.75,17875
1697181000,1318.75,1319.0,1318.2,1318.45,1721
1697181300,1318.4,1320.0,1318.4,1319.4,1786
1697181600,1319.4,1319.95,1318.0,1318.55,2386
1697181900,1318.1,1319.45,1318.05,1318.5,1575
1697182200,1318.65,1319.35,1318.0,1318.1,1639
1697182500,1318.1,1319.35,1318.0,1318.05,3766
1697182800,1318.05,1319.4,1317.7,1318.6,16032
1697183100,1318.25,1320.0,1318.25,1319.7,1365
1697183400,1319.7,1320.15,1319.05,1319.6,2229
1697183700,1320.0,1321.2,1319.05,1319.15,7502
1697184000,1319.55,1320.1,1318.2,1318.8,3756
1697184300,1318.85,1319.45,1318.1,1318.35,1911
1697184600,1318.35,1318.75,1316.5,1318.0,15509
1697184900,1318.0,1320.75,1317.95,1320.45,14828
1697185200,1320.45,1321.8,1319.55,1321.3,14243
1697185500,1321.3,1322.5,1320.9,1321.5,12894
1697185800,1321.7,1322.6,1320.8,1322.5,9601
1697186100,1322.5,1324.3,1320.7,1323.65,12832
1697186400,1324.3,1324.3,1320.65,1322.45,38137
1697186700,1322.4,1323.0,1319.15,1320.0,15721
1697187000,1320.25,1322.0,1320.0,1321.6,5057
1697187300,1321.8,1322.45,1319.25,1321.65,17035
1697187600,1321.55,1322.35,1321.0,1321.95,1827
1697187900,1322.0,1322.15,1319.25,1320.55,4026
1697188200,1320.0,1321.0,1319.0,1319.0,3482
1697188500,1319.0,1321.0,1317.2,1320.75,6803
1697188800,1320.75,1321.45,1319.2,1320.25,18120
1697189100,1320.25,1321.0,1318.0,1318.5,85389
1697189400,1318.8,1319.5,1316.3,1316.7,20075
1697189700,1317.75,1317.75,1314.75,1315.65,14937
1697190000,1315.4,1316.35,1314.6,1316.2,16720
1697190300,1316.2,1318.25,1315.2,1316.6,20700
1697190600,1316.2,1318.2,1314.6,1317.6,20000
1697190900,1317.6,1318.3,1312.85,1318.3,9592
1697427900,1319.2,1325.0,1316.75,1316.9,13773
1697428200,1317.0,1321.95,1317.0,1320.95,7405
1697428500,1320.3,1321.05,1316.9,1317.7,5807
1697428800,1317.7,1317.95,1313.45,1313.45,6223
1697429100,1313.15,1313.8,1311.0,1312.35,5618
1697429400,1312.35,1313.65,1310.55,1313.4,3115
1697429700,1313.55,1314.1,1312.65,1313.7,2936
1697430000,1313.7,1319.0,1313.7,1318.0,7255
1697430300,1318.0,1318.0,1315.25,1317.45,2429
1697430600,1317.8,1318.0,1316.05,1316.3,3060
1697430900,1316.85,1319.3,1316.45,1319.1,1908
1697431200,1319.1,1319.15,1317.6,1318.25,2555
1697431500,1318.25,1319.95,1317.7,1318.0,2320
1697431800,1318.0,1319.3,1317.0,1319.3,1453
1697432100,1319.3,1319.5,1318.0,1318.2,701
1697432400,1318.2,1318.85,1317.4,1317.75,697
1697432700,1317.75,1317.75,1316.25,1316.4,2957
1697433000,1317.0,1317.7,1316.35,1317.0,2191
1697433300,1316.6,1317.3,1316.3,1316.85,995
1697433600,1316.85,1317.5,1316.6,1317.35,1521
1697433900,1317.45,1317.45,1316.05,1316.35,1252
1697434200,1317.0,1319.2,1316.4,1318.4,4684
1697434500,1318.4,1318.8,1317.25,1318.2,977
1697434800,1317.6,1319.2,1314.3,1318.95,5917
1697435100,1319.2,1319.2,1317.55,1318.5,938
1697435400,1318.45,1319.15,1317.2,1317.5,1206
1697435700,1317.5,1319.15,1317.5,1319.1,676
1697436000,1319.1,1322.9,1318.6,1322.9,7843
1697436300,1323.05,1323.05,1321.4,1322.25,3130
1697436600,1322.5,1324.0,1322.0,1323.95,4786
1697436900,1323.7,1324.35,1322.4,1323.5,5343
1697437200,1323.95,1324.5,1322.1,1324.45,2873
1697437500,1324.45,1324.55,1323.05,1324.05,1260
1697437800,1324.45,1325.0,1322.4,1324.05,3372
1697438100,1324.05,1325.9,1323.6,1325.9,4237
1697438400,1326.25,1326.7,1324.6,1325.75,8750
1697438700,1325.8,1325.8,1323.8,1324.35,3696
1697439000,1324.35,1324.75,1323.95,1324.4,7948
1697439300,1324.4,1326.25,1324.4,1324.65,5976
1697439600,1325.05,1326.2,1324.95,1325.35,4683
1697439900,1325.35,1326.2,1324.6,1324.9,3969
1697440200,1324.9,1325.85,1324.1,1324.7,4441
1697440500,1324.7,1328.25,1324.6,1327.05,24955
1697440800,1327.05,1328.2,1327.0,1327.85,2874
1697441100,1327.85,1328.2,1327.05,1327.9,17402
1697441400,1327.9,1329.3,1327.25,1328.55,9317
1697441700,1328.55,1328.85,1327.7,1328.2,2952
1697442000,1328.2,1328.5,1328.0,1328.25,4803
1697442300,1328.25,1328.5,1327.8,1328.4,5779
1697442600,1328.4,1329.0,1328.0,1328.2,1861
1697442900,1328.2,1329.0,1328.0,1329.0,8078
1697443200,1329.0,1329.5,1328.1,1328.5,6133
1697443500,1328.5,1332.2,1328.4,1331.95,10669
1697443800,1331.95,1331.95,1329.55,1329.55,19461
1697444100,1329.4,1329.95,1328.05,1329.0,10069
1697444400,1329.0,1329.75,1329.0,1329.7,2673
1697444700,1329.5,1330.0,1329.0,1329.6,22851
1697445000,1329.1,1329.55,1324.45,1325.0,14210
1697445300,1325.0,1326.0,1323.6,1325.4,11019
1697445600,1325.4,1327.75,1325.0,1325.05,10983
1697445900,1325.0,1326.5,1324.1,1325.25,10602
1697446200,1325.2,1326.65,1324.7,1325.25,12341
1697446500,1325.2,1326.0,1324.05,1324.8,10873
1697446800,1324.75,1325.5,1322.15,1323.3,11618
1697447100,1323.1,1324.15,1322.25,1323.15,12294
1697447400,1323.05,1325.25,1323.05,1325.05,12788
1697447700,1325.05,1325.9,1323.75,1325.9,11147
1697448000,1325.95,1325.95,1322.3,1323.1,10067
1697448300,1323.1,1323.95,1321.25,1322.6,12002
1697448600,1322.8,1324.3,1321.85,1322.75,17674
1697448900,1322.8,1324.35,1321.5,1323.45,20105
1697449200,1323.35,1324.6,1322.2,1322.35,18671
1697449500,1322.35,1323.4,1320.75,1322.25,26184
1697449800,1322.25,1322.85,1320.55,1321.45,25936
1697450100,1321.5,1323.5,1320.0,1323.4,16862
1697514300,1325.0,1330.9,1325.0,1329.65,14568
1697514600,1329.2,1332.0,1327.7,1328.3,14229
1697514900,1328.3,1329.25,1326.2,1328.15,5753
1697515200,1328.15,1331.95,1328.15,1328.95,20828
1697515500,1329.15,1334.0,1329.0,1332.15,26036
1697515800,1332.1,1335.3,1330.65,1334.95,15710
1697516100,1335.25,1336.3,1333.6,1335.7,11969
1697516400,1335.75,1338.25,1334.65,1337.8,13281
1697516700,1337.8,1338.25,1332.8,1333.8,18394
1697517000,1333.8,1335.05,1332.1,1332.5,67167
1697517300,1332.5,1333.05,1329.35,1330.85,22723
1697517600,1330.9,1333.4,1329.95,1332.9,21040
1697517900,1333.4,1337.25,1332.5,1336.05,14002
1697518200,1336.05,1339.7,1335.15,1337.7,17468
1697518500,1338.35,1339.95,1337.75,1339.0,8562
1697518800,1338.8,1340.8,1338.1,1340.55,10199
1697519100,1340.55,1342.0,1340.0,1341.1,11138
1697519400,1341.1,1341.95,1339.65,1340.7,5730
1697519700,1340.7,1340.7,1339.2,1339.5,6756
1697520000,1339.5,1341.5,1339.5,1340.5,10309
1697520300,1340.5,1341.5,1340.5,1341.0,2379
1697520600,1341.0,1341.45,1340.0,1340.7,4578
1697520900,1341.1,1341.4,1340.1,1340.5,3083
1697521200,1340.5,1341.0,1340.0,1340.5,2880
1697521500,1341.05,1345.0,1340.1,1343.25,24226
1697521800,1343.25,1344.4,1343.0,1343.7,4909
1697522100,1344.0,1344.5,1343.15,1343.45,2449
1697522400,1343.95,1347.75,1343.35,1347.25,19432
1697522700,1347.25,1348.5,1346.75,1347.8,16786
1697523000,1347.8,1347.9,1345.1,1346.0,6658
1697523300,1346.0,1346.95,1345.5,1346.5,5645
1697523600,1346.5,1348.7,1344.8,1347.7,25664
1697523900,1347.7,1348.0,1346.0,1346.95,5560
1697524200,1347.0,1348.75,1346.45,1348.4,4418
1697524500,1348.4,1348.65,1347.1,1347.2,5068
1697524800,1347.25,1347.65,1346.8,1347.3,2389
1697525100,1347.2,1347.35,1346.3,1347.0,2851
1697525400,1347.0,1348.7,1346.95,1347.55,6048
1697525700,1347.55,1349.4,1347.55,1348.95,7748
1697526000,1348.95,1349.0,1347.5,1348.55,5035
1697526300,1348.0,1349.0,1348.0,1348.75,3670
1697526600,1348.8,1348.95,1348.2,1348.6,4033
1697526900,1348.6,1348.8,1345.95,1346.7,7151
1697527200,1346.7,1347.4,1346.15,1346.8,7356
1697527500,1347.35,1347.95,1345.55,1346.45,12400
1697527800,1346.0,1347.5,1345.85,1346.4,7851
1697528100,1346.4,1347.15,1345.6,1345.7,6680
1697528400,1346.3,1346.5,1345.5,1345.9,6764
1697528700,1346.2,1346.7,1345.65,1346.45,9102
1697529000,1346.45,1349.2,1346.45,1348.85,8501
1697529300,1348.9,1349.15,1347.65,1349.05,12196
1697529600,1349.1,1351.0,1348.35,1350.3,27420
1697529900,1350.35,1350.75,1348.0,1348.3,11605
1697530200,1348.3,1349.45,1346.85,1348.4,14836
1697530500,1348.4,1350.05,1348.3,1350.05,15375
1697530800,1349.5,1351.0,1348.6,1349.25,22613
1697531100,1349.8,1350.8,1347.75,1348.55,25821
1697531400,1348.95,1349.9,1348.25,1348.95,7154
1697531700,1348.95,1349.7,1348.1,1349.7,9297
1697532000,1349.7,1350.4,1348.7,1349.45,14215
1697532300,1349.45,1350.35,1348.45,1349.0,12335
1697532600,1349.25,1349.4,1347.5,1348.1,11936
1697532900,1347.85,1349.5,1346.3,1348.75,36824
1697533200,1348.55,1349.2,1346.75,1348.3,32177
1697533500,1348.75,1349.5,1347.35,1348.75,9301
1697533800,1348.5,1349.5,1347.8,1347.85,6635
1697534100,1347.8,1349.75,1347.55,1349.0,7010
1697534400,1348.45,1349.8,1348.1,1348.2,9658
1697534700,1348.65,1350.0,1348.1,1349.05,14278
1697535000,1348.75,1349.6,1348.1,1349.1,19853
1697535300,1349.2,1349.2,1346.9,1348.35,28028
1697535600,1348.1,1349.9,1347.1,1348.85,35128
1697535900,1349.15,1351.1,1348.05,1349.2,55166
1697536200,1348.7,1350.5,1347.0,1348.45,33188
1697536500,1348.4,1348.85,1344.5,1345.35,33078
1697600700,1344.05,1347.0,1340.75,1342.55,17158
1697601000,1342.55,1345.15,1339.0,1344.25,12191
1697601300,1344.25,1344.8,1342.4,1343.2,9252
1697601600,1343.2,1345.95,1342.5,1345.35,7780
1697601900,1345.4,1346.95,1344.25,1345.3,8157
1697602200,1345.3,1348.2,1344.95,1347.45,6727
1697602500,1347.65,1347.95,1346.0,1347.15,4412
1697602800,1347.15,1348.35,1346.05,1347.1,6193
1697603100,1347.75,1347.9,1346.0,1347.5,3455
1697603400,1347.5,1347.65,1346.3,1346.85,2451
1697603700,1346.85,1351.1,1346.6,1350.3,5581
1697604000,1350.3,1352.0,1349.8,1351.45,5150
1697604300,1351.45,1353.25,1351.45,1351.8,6832
1697604600,1351.8,1352.4,1350.0,1351.25,3707
1697604900,1351.25,1351.25,1349.7,1350.55,3037
1697605200,1350.55,1351.2,1349.2,1350.25,5283
1697605500,1350.3,1351.35,1349.2,1349.55,2548
1697605800,1349.55,1350.15,1347.15,1348.05,8599
1697606100,1347.85,1348.7,1345.2,1346.9,5765
1697606400,1347.25,1348.55,1345.2,1345.3,2602
1697606700,1345.3,1348.6,1345.2,1348.15,3793
1697607000,1348.45,1350.35,1347.5,1349.8,4387
1697607300,1350.2,1350.45,1349.85,1350.0,4771
1697607600,1350.0,1350.95,1349.75,1350.35,24701
1697607900,1350.0,1351.85,1350.0,1350.4,4792
1697608200,1350.4,1352.6,1349.95,1352.0,10849
1697608500,1352.0,1352.7,1351.4,1352.3,2934
1697608800,1351.75,1354.7,1351.7,1353.8,6228
1697609100,1353.7,1354.3,1352.65,1353.25,5500
1697609400,1352.7,1353.35,1350.2,1351.4,3105
1697609700,1351.25,1351.45,1350.1,1350.75,3976
1697610000,1350.3,1350.9,1349.65,1350.0,6042
1697610300,1350.25,1350.4,1346.8,1347.2,13292
1697610600,1347.2,1349.6,1347.0,1347.55,2527
1697610900,1347.25,1349.8,1347.25,1349.35,4246
1697611200,1349.4,1349.55,1347.8,1348.0,4972
1697611500,1348.5,1348.9,1347.5,1348.4,2704
1697611800,1348.2,1348.9,1347.15,1348.3,1712
1697612100,1348.3,1351.5,1347.6,1351.1,3201
1697612400,1351.1,1351.1,1349.1,1349.55,2067
1697612700,1349.75,1351.55,1349.25,1351.35,2980
1697613000,1351.05,1352.75,1350.15,1352.7,8181
1697613300,1352.35,1352.5,1351.6,1352.45,3542
1697613600,1352.45,1352.5,1351.35,1351.35,2102
1697613900,1351.25,1351.25,1348.7,1349.4,3808
1697614200,1349.4,1350.95,1348.85,1350.35,7231
1697614500,1350.45,1352.0,1350.4,1350.6,2174
1697614800,1351.4,1352.0,1350.25,1351.6,1858
1697615100,1351.6,1353.0,1351.35,1352.1,3726
1697615400,1352.0,1353.9,1351.3,1353.05,2921
1697615700,1353.15,1353.85,1352.8,1353.25,3281
1697616000,1353.0,1353.75,1351.8,1352.15,3926
1697616300,1352.15,1353.3,1351.75,1352.25,5359
1697616600,1352.25,1352.65,1351.25,1351.8,4463
1697616900,1352.5,1352.95,1351.8,1352.75,2345
1697617200,1352.8,1353.8,1352.0,1353.8,9628
1697617500,1353.8,1355.15,1353.25,1355.15,9987
1697617800,1355.15,1356.15,1354.4,1355.65,9951
1697618100,1355.65,1358.3,1354.55,1357.5,12272
1697618400,1357.5,1358.6,1357.1,1357.65,5133
1697618700,1357.65,1358.15,1355.75,1355.75,6286
1697619000,1355.75,1356.55,1354.6,1354.7,3316
1697619300,1354.65,1356.45,1354.5,1356.45,3341
1697619600,1355.6,1357.0,1355.2,1356.8,2412
1697619900,1356.65,1356.9,1354.0,1355.2,6800
1697620200,1355.15,1356.1,1355.15,1355.4,9893
1697620500,1355.45,1356.1,1355.0,1355.35,2052
1697620800,1355.1,1356.0,1354.85,1355.55,1964
1697621100,1355.55,1356.0,1354.2,1355.0,4783
1697621400,1355.1,1357.9,1355.0,1357.7,8586
1697621700,1357.85,1357.85,1355.15,1356.45,8861
1697622000,1356.8,1357.7,1355.1,1357.7,8964
1697622300,1357.45,1358.0,1356.95,1357.5,12443
1697622600,1357.5,1357.5,1355.3,1355.3,14743
1697622900,1355.1,1356.9,1352.25,1355.0,11359
1697687100,1349.0,1351.0,1344.1,1348.0,22460
1697687400,1347.35,1348.0,1343.55,1343.8,9815
1697687700,1343.55,1344.6,1343.5,1344.1,6796
1697688000,1344.1,1344.8,1341.3,1342.95,11166
1697688300,1342.7,1342.85,1339.95,1341.55,5557
1697688600,1341.55,1342.9,1340.0,1340.65,5778
1697688900,1341.0,1341.0,1338.6,1339.3,7619
1697689200,1339.3,1343.65,1339.1,1342.6,8668
1697689500,1342.2,1343.7,1341.3,1342.35,5950
1697689800,1342.05,1343.65,1341.6,1342.9,9327
1697690100,1342.6,1344.9,1341.5,1343.25,6607
1697690400,1343.1,1343.85,1342.1,1343.4,4303
1697690700,1343.4,1343.85,1342.15,1343.55,3565
1697691000,1343.55,1345.9,1342.8,1345.25,4091
1697691300,1345.25,1345.25,1342.3,1343.2,2493
1697691600,1343.5,1344.25,1342.0,1343.05,2040
1697691900,1343.05,1343.95,1342.3,1343.35,3152
1697692200,1342.6,1344.0,1342.2,1343.65,4751
1697692500,1343.3,1344.45,1342.6,1343.7,3018
1697692800,1343.7,1344.65,1343.0,1343.95,1764
1697693100,1343.95,1344.05,1342.6,1343.45,2581
1697693400,1343.45,1345.0,1342.9,1344.25,3140
1697693700,1344.25,1345.4,1343.4,1344.55,1959
1697694000,1344.55,1345.1,1343.65,1344.65,1379
1697694300,1344.65,1347.45,1344.1,1345.6,7556
1697694600,1345.6,1346.5,1344.95,1346.25,1922
1697694900,1346.2,1352.85,1346.0,1351.9,15140
1697695200,1351.9,1352.2,1350.0,1351.75,7509
1697695500,1351.75,1353.6,1351.1,1352.95,6223
1697695800,1352.9,1352.9,1349.7,1350.9,2947
1697696100,1350.9,1351.65,1350.05,1351.35,1960
1697696400,1351.35,1352.2,1348.5,1349.35,5254
1697696700,1349.05,1349.85,1346.2,1346.95,2915
1697697000,1346.65,1349.3,1346.65,1348.65,2381
1697697300,1348.75,1349.65,1346.95,1349.5,3042
1697697600,1349.5,1350.9,1347.85,1348.6,2607
1697697900,1348.45,1349.0,1347.75,1349.0,2714
1697698200,1348.95,1349.95,1346.65,1346.95,4679
1697698500,1346.9,1347.55,1345.65,1347.3,5266
1697698800,1347.3,1349.65,1346.35,1348.4,4531
1697699100,1348.4,1348.6,1346.55,1347.0,5209
1697699400,1346.95,1347.7,1346.0,1347.05,3333
1697699700,1347.05,1347.9,1345.4,1347.45,3271
1697700000,1347.45,1348.85,1345.7,1347.15,6967
1697700300,1347.15,1347.5,1346.0,1346.2,3211
1697700600,1346.2,1347.0,1345.05,1346.7,2918
1697700900,1346.7,1346.75,1344.3,1346.05,8092
1697701200,1346.05,1347.4,1345.0,1346.75,4164
1697701500,1346.55,1347.0,1345.55,1346.05,5549
1697701800,1346.05,1347.1,1345.55,1347.1,4855
1697702100,1347.1,1347.25,1345.5,1346.1,2814
1697702400,1346.05,1347.8,1345.5,1347.8,4622
1697702700,1347.55,1348.95,1346.1,1346.2,5793
1697703000,1346.6,1349.3,1346.0,1347.85,4892
1697703300,1347.0,1349.35,1346.0,1346.6,14240
1697703600,1346.6,1347.0,1345.1,1345.35,8104
1697703900,1345.15,1345.9,1344.4,1345.2,5899
1697704200,1345.15,1348.35,1344.45,1347.95,14791
1697704500,1347.85,1348.75,1345.05,1345.5,12158
1697704800,1345.6,1346.8,1345.3,1345.3,7359
1697705100,1345.3,1345.4,1343.1,1343.2,11279
1697705400,1343.1,1344.45,1342.1,1342.85,10819
1697705700,1342.7,1343.35,1342.05,1342.25,12099
1697706000,1342.3,1343.05,1340.85,1341.95,11253
1697706300,1341.7,1343.25,1341.65,1342.35,9113
1697706600,1342.3,1343.5,1342.0,1342.8,8707
1697706900,1342.8,1348.3,1342.25,1348.0,22535
1697707200,1348.0,1349.2,1347.3,1348.15,20091
1697707500,1348.15,1349.15,1348.0,1348.2,7122
1697707800,1348.2,1350.45,1347.0,1349.85,30141
1697708100,1349.5,1350.95,1348.05,1348.15,18122
1697708400,1348.1,1348.65,1348.0,1348.1,25702
1697708700,1348.0,1350.15,1348.0,1348.05,19436
1697709000,1348.0,1348.05,1347.8,1347.85,20620
1697709300,1347.9,1350.0,1345.35,1350.0,24797
1697773500,1340.0,1346.0,1337.05,1337.5,32534
1697773800,1337.25,1341.75,1336.65,1341.75,18149
1697774100,1341.75,1342.0,1338.7,1339.4,9837
1697774400,1339.4,1341.0,1336.5,1338.75,8502
1697774700,1338.75,1346.0,1338.6,1346.0,8684
1697775000,1346.0,1346.0,1341.0,1341.15,7710
1697775300,1341.25,1344.0,1341.05,1343.05,3765
1697775600,1343.5,1344.55,1343.0,1343.35,3694
1697775900,1343.35,1344.85,1342.6,1344.0,6498
1697776200,1343.95,1347.0,1343.85,1345.95,7790
1697776500,1345.95,1346.15,1345.7,1345.75,1116
1697776800,1345.75,1346.95,1345.0,1346.0,17250
1697777100,1346.0,1350.0,1346.0,1348.15,9000
1697777400,1348.2,1349.7,1347.5,1349.4,6321
1697777700,1349.4,1352.0,1349.35,1351.3,11295
1697778000,1351.45,1353.35,1351.1,1351.3,4693
1697778300,1351.3,1352.0,1350.7,1352.0,8878
1697778600,1352.0,1354.6,1351.95,1353.85,10944
1697778900,1353.85,1357.6,1353.75,1356.0,11450
1697779200,1356.0,1356.2,1354.4,1355.1,10521
1697779500,1355.1,1356.55,1355.0,1355.95,7968
1697779800,1355.95,1356.2,1355.4,1356.2,5216
1697780100,1356.3,1356.75,1354.6,1354.8,3442
1697780400,1354.8,1356.05,1354.6,1355.8,5402
1697780700,1355.7,1356.35,1354.65,1356.3,5337
1697781000,1356.3,1357.25,1355.95,1356.1,4196
1697781300,1356.1,1357.2,1356.1,1357.2,5902
1697781600,1357.25,1357.45,1356.1,1357.0,4317
1697781900,1357.0,1358.8,1356.55,1358.8,8576
1697782200,1358.8,1360.55,1358.2,1359.6,12411
1697782500,1359.5,1360.55,1357.75,1359.85,9156
1697782800,1359.85,1360.8,1358.8,1360.8,17301
1697783100,1360.8,1360.8,1358.0,1360.3,11836
1697783400,1360.3,1360.8,1359.7,1360.0,7302
1697783700,1360.0,1360.7,1359.25,1360.55,7334
1697784000,1360.55,1364.0,1360.5,1363.9,17575
1697784300,1363.85,1367.0,1363.85,1366.1,23289
1697784600,1366.1,1368.65,1365.35,1367.65,19689
1697784900,1367.65,1367.65,1365.5,1365.5,7232
1697785200,1365.5,1365.5,1361.8,1361.85,14150
1697785500,1361.85,1363.55,1361.6,1361.8,7157
1697785800,1361.6,1362.7,1360.05,1361.25,14955
1697786100,1361.25,1363.85,1361.25,1363.35,7726
1697786400,1363.35,1363.95,1361.4,1363.6,13744
1697786700,1363.6,1363.8,1361.55,1361.6,5417
1697787000,1361.7,1362.95,1361.0,1362.4,7733
1697787300,1362.4,1363.0,1358.0,1358.0,37978
1697787600,1358.25,1359.05,1357.5,1358.75,10065
1697787900,1358.75,1360.55,1358.4,1360.0,28731
1697788200,1360.0,1360.05,1357.6,1358.7,10266
1697788500,1358.7,1360.65,1358.7,1360.0,40395
1697788800,1360.0,1360.1,1359.4,1359.5,5383
1697789100,1359.5,1359.7,1359.45,1359.7,3560
1697789400,1359.7,1359.7,1358.95,1359.15,3774
1697789700,1359.15,1359.9,1358.4,1359.7,6720
1697790000,1359.75,1360.05,1359.55,1360.0,7938
1697790300,1359.95,1360.0,1359.05,1359.4,2886
1697790600,1359.4,1359.55,1358.85,1359.25,4445
1697790900,1359.25,1360.15,1359.2,1359.85,6573
1697791200,1359.85,1360.25,1359.25,1359.55,9874
1697791500,1359.55,1359.55,1359.25,1359.5,7206
1697791800,1359.5,1359.5,1358.0,1358.2,2761
1697792100,1358.2,1358.2,1356.15,1357.1,13022
1697792400,1357.1,1357.15,1356.1,1356.8,6397
1697792700,1356.8,1361.55,1356.65,1360.0,47576
1697793000,1360.0,1361.8,1358.3,1359.85,26537
1697793300,1359.85,1360.95,1359.15,1360.0,27136
1697793600,1360.15,1361.05,1359.3,1360.0,32783
1697793900,1360.0,1364.95,1359.5,1364.45,16502
1697794200,1364.45,1366.15,1363.45,1363.85,23635
1697794500,1363.85,1364.4,1361.75,1362.15,22499
1697794800,1361.75,1363.5,1361.45,1362.7,17306
1697795100,1362.6,1362.6,1360.7,1361.15,16675
1697795400,1361.15,1363.6,1360.15,1361.0,24925
1697795700,1361.0,1364.9,1361.0,1364.0,18613
1698032700,1359.95,1362.3,1355.0,1362.15,37286
1698033000,1362.1,1366.55,1361.1,1365.25,26517
1698033300,1365.1,1366.4,1364.6,1365.15,7508
1698033600,1365.05,1366.0,1363.0,1363.9,6695
1698033900,1363.9,1365.3,1363.3,1364.05,6843
1698034200,1364.25,1366.45,1364.1,1365.3,5000
1698034500,1365.55,1366.0,1363.8,1363.9,4095
1698034800,1363.85,1363.85,1359.45,1359.8,8947
1698035100,1359.8,1361.1,1359.4,1360.15,4200
1698035400,1360.8,1361.75,1360.05,1361.7,6688
1698035700,1361.7,1362.7,1357.7,1357.7,15771
1698036000,1357.7,1359.35,1356.4,1357.8,15471
1698036300,1358.1,1358.3,1355.4,1356.45,11148
1698036600,1356.6,1357.25,1353.85,1354.25,14136
1698036900,1354.15,1355.15,1351.2,1353.05,23390
1698037200,1353.05,1355.25,1352.65,1355.05,8947
1698037500,1355.65,1356.75,1354.75,1355.5,6891
1698037800,1355.5,1356.75,1355.0,1355.2,6366
1698038100,1355.15,1355.9,1354.3,1354.35,5408
1698038400,1354.35,1354.95,1353.55,1354.8,4274
1698038700,1354.8,1359.75,1354.7,1359.75,15802
1698039000,1359.7,1359.95,1356.75,1358.1,5603
1698039300,1358.1,1358.45,1356.8,1357.85,3352
1698039600,1357.85,1357.95,1356.85,1357.45,2081
1698039900,1357.45,1357.7,1354.9,1354.95,4089
1698040200,1354.95,1355.65,1353.55,1354.3,3923
1698040500,1354.3,1355.3,1354.1,1354.65,2234
1698040800,1354.65,1355.2,1353.65,1353.9,1971
1698041100,1353.9,1355.6,1353.85,1355.05,3479
1698041400,1355.05,1356.35,1354.5,1356.35,3816
1698041700,1356.2,1359.05,1356.2,1358.75,8122
1698042000,1358.75,1359.1,1357.2,1357.2,2865
1698042300,1357.15,1358.35,1355.85,1357.65,6188
1698042600,1357.65,1358.0,1354.5,1355.85,6611
1698042900,1355.75,1356.4,1354.0,1354.05,3705
1698043200,1354.05,1356.35,1353.8,1354.3,3306
1698043500,1354.3,1355.9,1354.15,1355.15,2557
1698043800,1355.6,1355.9,1352.65,1353.75,5118
1698044100,1353.15,1356.45,1352.1,1355.95,8105
1698044400,1356.0,1356.0,1354.15,1354.4,3118
1698044700,1354.15,1355.0,1353.3,1353.55,3235
1698045000,1353.55,1354.95,1353.25,1354.85,4353
1698045300,1354.05,1355.0,1353.6,1354.3,4285
1698045600,1353.9,1355.3,1353.65,1354.75,4462
1698045900,1354.75,1354.8,1353.05,1353.05,3014
1698046200,1353.3,1354.15,1351.55,1353.55,7328
1698046500,1353.55,1354.3,1352.35,1352.55,4667
1698046800,1352.65,1354.0,1352.5,1353.3,4477
1698047100,1353.3,1353.9,1352.0,1352.55,3548
1698047400,1352.5,1353.25,1351.45,1353.05,4031
1698047700,1353.05,1353.05,1351.1,1351.55,2667
1698048000,1351.8,1352.1,1349.4,1350.3,13095
1698048300,1350.3,1350.55,1349.25,1349.75,5032
1698048600,1349.75,1349.9,1349.0,1349.35,9354
1698048900,1348.9,1349.6,1347.95,1348.55,9413
1698049200,1348.9,1350.05,1348.35,1349.7,7699
1698049500,1349.7,1351.1,1349.65,1351.1,7860
1698049800,1351.3,1354.6,1350.95,1353.15,14243
1698050100,1353.15,1353.9,1351.9,1352.9,7099
1698050400,1352.9,1354.15,1352.05,1353.7,5431
1698050700,1353.5,1353.5,1350.25,1350.25,11751
1698051000,1349.8,1350.5,1348.6,1350.5,26706
1698051300,1350.5,1351.45,1348.95,1349.25,16204
1698051600,1349.15,1351.65,1348.65,1350.4,11259
1698051900,1350.35,1351.5,1349.65,1351.5,10596
1698052200,1351.3,1351.3,1350.25,1351.1,7011
1698052500,1351.1,1351.45,1349.8,1350.75,5849
1698052800,1350.75,1351.65,1348.65,1348.8,40879
1698053100,1348.8,1349.35,1340.25,1347.3,67122
1698053400,1348.3,1348.5,1336.3,1341.25,91194
1698053700,1341.0,1341.25,1337.75,1339.4,46941
1698054000,1339.25,1340.05,1336.6,1336.7,38747
1698054300,1336.7,1339.3,1336.45,1337.3,56892
1698054600,1337.3,1337.4,1333.2,1334.05,58239
1698054900,1333.95,1337.3,1329.05,1335.05,37655
1698205500,1323.05,1336.0,1323.05,1326.0,43030
1698205800,1326.0,1329.45,1325.15,1327.5,32729
1698206100,1327.5,1329.55,1325.5,1329.4,19829
1698206400,1329.4,1340.35,1329.4,1336.1,27433
1698206700,1336.1,1336.9,1334.25,1336.9,15332
1698207000,1336.9,1338.85,1334.9,1335.35,14463
1698207300,1335.35,1340.25,1335.35,1338.7,8438
1698207600,1338.7,1341.05,1338.7,1339.25,8672
1698207900,1339.25,1341.8,1337.6,1341.7,10064
1698208200,1341.7,1341.7,1338.0,1339.55,10303
1698208500,1339.55,1339.8,1338.4,1338.4,3028
1698208800,1337.8,1340.7,1337.6,1340.7,8249
1698209100,1340.7,1346.1,1339.7,1344.1,12468
1698209400,1344.1,1345.3,1341.2,1341.6,7339
1698209700,1341.7,1341.85,1339.0,1339.0,4788
1698210000,1339.0,1340.5,1338.2,1338.4,8422
1698210300,1338.4,1339.9,1337.6,1339.0,8026
1698210600,1338.9,1342.15,1338.85,1340.75,10746
1698210900,1340.75,1341.85,1340.0,1340.1,9150
1698211200,1339.65,1341.45,1338.4,1341.05,14995
1698211500,1341.45,1341.65,1339.55,1339.55,6803
1698211800,1339.8,1341.05,1338.95,1339.4,6992
1698212100,1339.15,1341.0,1338.4,1339.75,7938
1698212400,1340.45,1341.45,1338.55,1341.15,12718
1698212700,1341.15,1341.35,1339.9,1340.05,11583
1698213000,1340.05,1340.05,1337.8,1338.1,5217
1698213300,1338.1,1338.35,1336.05,1336.5,13496
1698213600,1336.4,1336.5,1334.55,1335.3,9701
1698213900,1335.85,1335.85,1333.1,1335.1,13667
1698214200,1335.4,1336.0,1333.25,1333.85,6194
1698214500,1333.85,1336.95,1333.85,1335.8,11440
1698214800,1335.7,1335.95,1333.3,1333.7,7612
1698215100,1333.7,1334.35,1332.3,1332.3,7926
1698215400,1332.05,1332.25,1330.35,1330.35,6501
1698215700,1330.3,1330.75,1326.5,1326.5,15461
1698216000,1326.65,1327.65,1325.7,1326.65,9896
1698216300,1326.65,1326.65,1323.25,1324.3,8490
1698216600,1324.35,1324.35,1322.35,1323.2,8326
1698216900,1323.2,1324.7,1322.05,1323.0,7892
1698217200,1323.0,1323.25,1320.1,1321.75,8433
1698217500,1321.7,1322.05,1320.6,1320.9,7618
1698217800,1320.8,1320.9,1317.75,1318.25,11211
1698218100,1318.25,1320.45,1318.1,1318.7,7557
1698218400,1318.75,1319.6,1315.2,1315.2,5933
1698218700,1315.25,1316.6,1313.9,1314.55,13880
1698219000,1314.55,1317.0,1314.1,1316.1,6251
1698219300,1316.45,1317.1,1314.85,1315.0,6055
1698219600,1315.05,1317.1,1314.6,1315.15,3354
1698219900,1315.0,1316.45,1314.15,1316.05,5747
1698220200,1316.0,1316.1,1314.6,1315.45,4978
1698220500,1315.3,1318.9,1315.3,1318.05,5380
1698220800,1318.1,1319.15,1318.0,1318.85,10645
1698221100,1318.95,1319.4,1318.5,1319.05,9139
1698221400,1319.05,1319.15,1317.95,1318.55,12371
1698221700,1318.55,1319.15,1318.05,1318.55,14489
1698222000,1318.55,1319.9,1318.5,1318.9,12596
1698222300,1319.0,1319.95,1318.55,1319.55,10555
1698222600,1319.55,1319.55,1319.5,1319.55,12216
1698222900,1319.55,1320.85,1317.3,1318.05,11254
1698223200,1318.05,1318.6,1316.5,1318.55,4857
1698223500,1318.55,1318.7,1317.0,1317.35,4005
1698223800,1317.4,1317.4,1311.6,1311.8,12632
1698224100,1311.75,1315.2,1311.4,1315.0,10493
1698224400,1315.0,1315.0,1312.15,1313.65,6799
1698224700,1313.65,1315.55,1311.75,1312.7,6523
1698225000,1312.7,1315.95,1312.35,1314.7,6357
1698225300,1314.7,1317.7,1313.85,1316.95,6729
1698225600,1316.95,1319.15,1316.05,1319.15,19482
1698225900,1319.15,1319.2,1317.8,1318.35,21649
1698226200,1318.95,1319.15,1315.0,1319.1,29306
1698226500,1319.15,1321.15,1313.3,1313.3,35913
1698226800,1313.75,1315.1,1311.0,1311.35,24472
1698227100,1311.35,1312.3,1309.95,1310.0,35718
1698227400,1310.05,1315.55,1309.9,1314.9,48871
1698227700,1315.1,1315.1,1308.65,1311.0,34934
1698291900,1315.8,1315.8,1305.1,1309.65,32372
1698292200,1309.65,1313.0,1308.65,1310.4,17169
1698292500,1310.9,1313.3,1309.9,1310.35,15274
1698292800,1310.35,1310.7,1307.3,1307.45,15623
1698293100,1307.55,1308.4,1306.9,1307.75,6806
1698293400,1307.9,1307.95,1305.15,1306.95,15921
1698293700,1306.95,1307.35,1304.2,1305.85,10494
1698294000,1305.65,1306.9,1304.0,1304.85,6282
1698294300,1304.85,1306.0,1304.45,1305.3,4559
1698294600,1305.3,1306.05,1303.55,1304.95,13702
1698294900,1304.95,1305.25,1300.15,1300.15,22395
1698295200,1300.2,1300.4,1295.0,1296.0,35696
1698295500,1295.95,1295.95,1290.75,1294.05,42890
1698295800,1294.1,1299.6,1294.1,1297.7,19738
1698296100,1297.8,1299.35,1296.2,1299.0,9238
1698296400,1299.1,1300.85,1297.35,1299.2,15065
1698296700,1299.15,1302.9,1299.15,1300.1,10424
1698297000,1300.15,1301.9,1299.35,1300.15,7115
1698297300,1300.15,1300.95,1296.85,1297.0,3525
1698297600,1297.0,1299.0,1297.0,1298.2,4790
1698297900,1298.2,1298.85,1297.4,1298.1,7050
1698298200,1298.1,1299.85,1297.75,1298.9,6723
1698298500,1298.9,1299.35,1297.9,1298.45,3024
1698298800,1298.45,1299.5,1298.0,1298.05,2610
1698299100,1298.05,1299.7,1297.95,1298.85,2472
1698299400,1298.85,1299.55,1298.0,1298.2,2647
1698299700,1298.35,1299.35,1297.85,1298.8,2358
1698300000,1299.1,1301.1,1298.15,1300.8,6373
1698300300,1300.9,1301.65,1299.8,1301.6,12027
1698300600,1301.6,1306.3,1300.8,1305.0,23886
1698300900,1305.0,1307.55,1305.0,1305.25,8980
1698301200,1305.25,1306.65,1305.0,1306.45,3621
1698301500,1306.25,1309.3,1306.05,1306.6,7864
1698301800,1306.35,1307.65,1306.05,1306.75,8397
1698302100,1307.0,1308.4,1306.25,1307.75,37280
1698302400,1307.85,1307.85,1305.0,1305.0,39230
1698302700,1305.0,1307.0,1305.0,1306.5,4776
1698303000,1306.5,1306.65,1304.65,1305.15,3949
1698303300,1305.45,1305.9,1304.65,1305.15,2904
1698303600,1305.15,1305.55,1304.6,1305.05,3450
1698303900,1305.55,1306.6,1305.05,1305.15,2528
1698304200,1305.15,1306.5,1305.0,1306.4,1935
1698304500,1306.45,1307.5,1305.0,1305.0,9293
1698304800,1305.0,1307.5,1304.75,1305.25,14534
1698305100,1305.55,1307.0,1305.0,1305.0,3476
1698305400,1305.55,1306.4,1304.6,1305.0,5559
1698305700,1305.0,1306.3,1303.9,1305.75,25283
1698306000,1305.7,1308.5,1305.0,1305.2,10847
1698306300,1305.2,1308.2,1305.0,1307.6,15084
1698306600,1307.55,1308.3,1305.0,1305.7,16800
1698306900,1305.7,1307.0,1304.95,1306.55,13395
1698307200,1306.55,1306.75,1304.85,1305.2,23845
1698307500,1305.55,1306.0,1305.0,1305.75,23859
1698307800,1305.75,1307.3,1303.55,1306.35,22326
1698308100,1306.5,1309.2,1305.0,1308.9,17440
1698308400,1308.2,1310.6,1305.3,1310.1,15004
1698308700,1310.1,1310.1,1307.6,1308.05,25560
1698309000,1308.0,1309.3,1307.7,1308.05,26992
1698309300,1308.0,1309.0,1308.0,1308.0,3463
1698309600,1308.0,1308.15,1308.0,1308.0,3668
1698309900,1308.05,1308.9,1308.0,1308.05,5061
1698310200,1308.0,1308.65,1308.0,1308.5,5265
1698310500,1308.5,1309.65,1308.0,1308.2,4458
1698310800,1308.45,1309.2,1308.05,1308.75,5125
1698311100,1308.75,1308.75,1308.0,1308.35,5556
1698311400,1308.4,1308.85,1308.0,1308.05,14000
1698311700,1308.05,1310.5,1307.8,1310.1,10236
1698312000,1310.45,1310.45,1303.0,1305.0,49928
1698312300,1305.15,1305.95,1305.0,1305.9,12588
1698312600,1305.9,1306.8,1305.0,1305.0,38279
1698312900,1305.0,1306.5,1305.0,1306.5,34619
1698313200,1305.95,1306.6,1305.0,1305.75,24139
1698313500,1305.75,1306.8,1305.0,1305.0,30543
1698313800,1305.0,1305.95,1305.0,1305.15,35146
1698314100,1305.1,1307.0,1304.4,1307.0,52351
1698378300,1307.6,1318.35,1305.6,1309.8,16453
1698378600,1309.8,1315.3,1309.65,1314.65,8249
1698378900,1314.65,1316.05,1313.45,1313.45,4897
1698379200,1313.45,1315.05,1313.05,1315.05,3507
1698379500,1315.0,1315.0,1312.85,1314.1,4375
1698379800,1314.05,1316.8,1313.9,1316.6,3251
1698380100,1316.6,1319.25,1316.4,1318.7,5574
1698380400,1318.7,1319.0,1316.1,1316.65,3519
1698380700,1316.65,1320.0,1316.15,1319.0,4144
1698381000,1319.0,1320.7,1318.05,1318.35,8689
1698381300,1318.95,1319.35,1317.55,1318.5,3241
1698381600,1317.75,1318.3,1315.1,1317.0,5946
1698381900,1317.0,1317.2,1314.7,1315.2,4038
1698382200,1315.2,1315.8,1314.5,1315.25,1631
1698382500,1315.55,1318.0,1314.7,1317.9,5313
1698382800,1317.55,1319.5,1317.05,1317.1,4557
1698383100,1317.4,1318.25,1316.35,1316.5,2722
1698383400,1316.5,1316.5,1316.05,1316.5,910
1698383700,1316.4,1316.4,1314.65,1315.15,2217
1698384000,1315.15,1315.15,1313.0,1313.6,2662
1698384300,1313.65,1314.0,1311.55,1312.15,5113
1698384600,1312.15,1313.9,1311.55,1312.25,1822
1698384900,1311.85,1313.65,1311.85,1312.1,2285
1698385200,1312.1,1312.65,1311.1,1311.5,896
1698385500,1311.5,1312.55,1311.5,1312.3,966
1698385800,1312.3,1315.05,1312.0,1315.05,6268
1698386100,1315.8,1315.8,1313.65,1314.4,6213
1698386400,1314.4,1316.7,1314.4,1316.05,1945
1698386700,1316.05,1316.5,1315.5,1315.95,1736
1698387000,1315.95,1318.4,1315.95,1317.5,2177
1698387300,1317.5,1318.4,1316.8,1318.15,3788
1698387600,1318.2,1318.65,1317.15,1317.55,2813
1698387900,1317.9,1319.0,1317.35,1318.4,4081
1698388200,1319.0,1319.1,1315.05,1315.4,7264
1698388500,1315.95,1318.35,1315.55,1317.9,5219
1698388800,1317.9,1318.6,1315.05,1316.15,7109
1698389100,1316.15,1316.15,1313.2,1313.2,5264
1698389400,1312.1,1312.6,1310.5,1310.95,7626
1698389700,1310.95,1311.0,1306.3,1306.45,8538
1698390000,1306.3,1308.2,1306.1,1307.1,4356
1698390300,1307.05,1307.8,1306.0,1307.2,2724
1698390600,1307.0,1310.1,1306.65,1309.85,3248
1698390900,1309.85,1310.95,1309.0,1310.35,5385
1698391200,1310.35,1310.6,1309.35,1310.35,1674
1698391500,1310.65,1311.4,1307.0,1308.0,3195
1698391800,1308.0,1309.2,1307.9,1308.5,1760
1698392100,1308.5,1309.05,1306.5,1308.45,2503
1698392400,1308.55,1309.0,1305.75,1307.95,3805
1698392700,1308.0,1309.4,1306.35,1308.35,5458
1698393000,1308.2,1308.55,1306.95,1307.15,3061
1698393300,1307.2,1307.2,1306.15,1306.75,2863
1698393600,1306.6,1307.35,1304.4,1305.25,3584
1698393900,1305.25,1307.1,1304.65,1304.9,4208
1698394200,1304.9,1305.9,1304.9,1305.9,1992
1698394500,1305.85,1307.0,1305.0,1305.35,4746
1698394800,1305.2,1305.45,1303.5,1304.4,6657
1698395100,1304.4,1305.45,1302.95,1305.0,13505
1698395400,1305.0,1305.6,1302.9,1303.35,4393
1698395700,1303.15,1304.35,1303.15,1303.9,6502
1698396000,1303.9,1304.6,1303.75,1304.6,7123
1698396300,1304.5,1304.6,1303.6,1304.0,5342
1698396600,1304.0,1304.7,1304.0,1304.1,6043
1698396900,1304.1,1305.5,1303.75,1305.2,7320
1698397200,1305.2,1307.6,1305.15,1307.2,17862
1698397500,1307.0,1307.9,1305.85,1306.5,7409
1698397800,1306.0,1307.7,1305.5,1307.0,17679
1698398100,1307.0,1308.5,1293.65,1301.35,113316
1698398400,1301.75,1305.0,1299.0,1304.15,56988
1698398700,1304.85,1304.85,1297.5,1297.65,14018
1698399000,1297.9,1303.85,1297.65,1300.35,19194
1698399300,1300.35,1302.55,1298.85,1302.55,18615
1698399600,1302.55,1302.95,1301.85,1302.55,20817
1698399900,1302.5,1305.0,1302.5,1304.05,36287
1698400200,1304.05,1306.2,1303.95,1305.75,23623
1698400500,1305.0,1307.0,1303.95,1307.0,19931
1698637500,1305.2,1323.65,1305.2,1323.4,46663
1698637800,1323.6,1328.9,1323.2,1325.0,55323
1698638100,1325.0,1327.6,1315.3,1319.35,60280
1698638400,1318.75,1320.0,1314.6,1317.65,21052
1698638700,1317.65,1318.9,1316.0,1316.75,7793
1698639000,1316.75,1316.75,1306.0,1307.35,31446
1698639300,1307.35,1309.15,1305.0,1307.25,25563
1698639600,1307.25,1311.05,1306.4,1308.95,9916
1698639900,1308.95,1309.5,1306.25,1306.7,7437
1698640200,1306.7,1308.95,1306.65,1308.0,7490
1698640500,1308.05,1308.35,1306.15,1306.7,4889
1698640800,1306.5,1311.0,1306.25,1308.7,8118
1698641100,1309.1,1310.0,1306.7,1307.3,6816
1698641400,1307.3,1313.5,1307.3,1312.65,16198
1698641700,1312.65,1318.5,1312.65,1318.25,10246
1698642000,1318.25,1323.05,1317.55,1320.3,34134
1698642300,1320.3,1320.5,1318.0,1319.35,18391
1698642600,1319.55,1322.75,1318.75,1321.5,21440
1698642900,1321.5,1323.8,1320.35,1322.55,12929
1698643200,1322.8,1323.5,1321.0,1323.15,22680
1698643500,1323.15,1323.8,1320.75,1321.05,7085
1698643800,1321.2,1323.35,1321.05,1321.9,19489
1698644100,1322.25,1324.75,1321.6,1324.45,13755
1698644400,1324.35,1325.8,1323.0,1323.25,13143
1698644700,1323.15,1323.4,1322.3,1323.05,23596
1698645000,1323.0,1325.0,1323.0,1324.85,18052
1698645300,1324.85,1325.6,1324.05,1325.35,9173
1698645600,1325.35,1325.35,1323.0,1323.45,5309
1698645900,1323.6,1325.5,1322.6,1323.15,11838
1698646200,1323.15,1324.7,1322.7,1324.0,19477
1698646500,1324.0,1324.05,1321.9,1322.75,16733
1698646800,1322.75,1324.3,1322.0,1324.0,9770
1698647100,1324.05,1324.55,1322.05,1322.5,9055
1698647400,1322.5,1323.1,1320.65,1321.25,19445
1698647700,1321.3,1321.3,1318.25,1318.85,26596
1698648000,1318.95,1318.95,1315.05,1315.55,23302
1698648300,1315.55,1315.55,1311.9,1313.55,26445
1698648600,1313.5,1317.25,1313.5,1316.9,16841
1698648900,1316.9,1318.75,1315.55,1316.15,14642
1698649200,1316.15,1318.45,1315.7,1316.6,8987
1698649500,1316.5,1317.8,1316.0,1316.3,6224
1698649800,1316.25,1318.6,1316.25,1318.25,7047
1698650100,1318.25,1319.6,1317.15,1319.25,11885
1698650400,1319.25,1321.85,1319.0,1321.5,9858
1698650700,1321.55,1321.55,1318.0,1318.35,17480
1698651000,1318.6,1319.05,1317.35,1318.5,6888
1698651300,1318.2,1318.45,1316.8,1318.1,7051
1698651600,1318.1,1319.35,1317.15,1318.35,10235
1698651900,1319.2,1320.1,1318.55,1318.65,13624
1698652200,1318.7,1319.5,1317.05,1319.4,18463
1698652500,1319.4,1319.45,1318.0,1318.6,14657
1698652800,1318.65,1320.0,1318.3,1319.6,8480
1698653100,1319.6,1321.05,1319.6,1320.0,8661
1698653400,1320.05,1321.65,1319.25,1321.05,10442
1698653700,1321.15,1323.3,1320.75,1321.6,27730
1698654000,1321.6,1322.0,1320.15,1321.2,7082
1698654300,1321.2,1321.5,1320.45,1320.9,5854
1698654600,1320.95,1321.75,1319.6,1319.6,7792
1698654900,1319.55,1321.15,1319.55,1320.95,6741
1698655200,1321.0,1321.6,1319.6,1320.05,6711
1698655500,1320.1,1320.5,1318.95,1320.5,5470
1698655800,1320.5,1321.45,1319.9,1320.3,7044
1698656100,1320.35,1321.15,1320.25,1321.1,5949
1698656400,1321.1,1321.55,1320.65,1321.25,11541
1698656700,1321.2,1321.85,1320.55,1321.8,5408
1698657000,1321.85,1324.3,1321.85,1324.2,25274
1698657300,1324.2,1324.55,1321.45,1322.2,11968
1698657600,1322.25,1322.35,1320.7,1321.4,7953
1698657900,1321.4,1322.2,1320.4,1321.25,9270
1698658200,1322.2,1326.0,1322.2,1325.9,43537
1698658500,1325.6,1330.7,1325.6,1327.1,39748
1698658800,1327.1,1328.2,1325.1,1325.15,23866
1698659100,1325.1,1327.3,1325.1,1325.5,35793
1698659400,1325.5,1327.0,1324.9,1327.0,28051
1698659700,1326.95,1327.75,1325.4,1325.5,26076
1698723900,1325.0,1334.8,1319.5,1333.85,25748
1698724200,1334.55,1341.45,1334.2,1338.75,68249
1698724500,1339.2,1346.6,1337.9,1344.4,51711
1698724800,1344.25,1345.0,1338.55,1341.55,64396
1698725100,1342.0,1346.1,1340.55,1345.0,53390
1698725400,1345.0,1356.7,1345.0,1356.65,90355
1698725700,1355.9,1357.2,1348.1,1350.5,70381
1698726000,1350.4,1350.4,1346.15,1347.3,27641
1698726300,1347.3,1351.8,1344.5,1351.75,36406
1698726600,1351.55,1355.65,1350.45,1355.65,39090
1698726900,1355.65,1359.4,1354.35,1357.0,49607
1698727200,1356.3,1360.95,1354.0,1360.3,44956
1698727500,1360.0,1362.6,1358.65,1360.45,52542
1698727800,1360.45,1360.75,1357.0,1359.9,21003
1698728100,1359.55,1360.45,1356.05,1357.95,17661
1698728400,1357.9,1358.7,1356.3,1358.7,20646
1698728700,1358.4,1360.9,1357.8,1360.9,9677
1698729000,1360.9,1360.9,1353.95,1354.3,35916
1698729300,1354.3,1356.45,1352.05,1355.3,20820
1698729600,1355.65,1359.0,1354.95,1357.85,10791
1698729900,1357.55,1359.0,1356.6,1358.85,14569
1698730200,1358.9,1359.0,1358.4,1358.9,16846
1698730500,1358.95,1359.0,1356.9,1356.9,10341
1698730800,1357.2,1359.0,1357.05,1359.0,8813
1698731100,1359.0,1359.0,1357.05,1358.35,28472
1698731400,1358.35,1358.8,1356.45,1357.25,11486
1698731700,1356.95,1358.6,1355.3,1357.45,10838
1698732000,1357.45,1358.95,1357.0,1358.3,7822
1698732300,1358.1,1359.7,1356.95,1357.9,40011
1698732600,1358.0,1358.05,1356.05,1357.65,3807
1698732900,1357.35,1358.0,1355.15,1357.05,14899
1698733200,1357.25,1358.75,1356.9,1357.95,15587
1698733500,1357.8,1361.7,1357.3,1361.45,58429
1698733800,1361.45,1369.05,1360.25,1367.85,66431
1698734100,1367.8,1369.9,1364.8,1369.05,37094
1698734400,1369.15,1370.0,1366.6,1368.0,28806
1698734700,1368.05,1368.05,1364.95,1366.7,26609
1698735000,1366.6,1367.0,1365.0,1365.0,7539
1698735300,1365.0,1365.0,1363.6,1364.2,15347
1698735600,1364.0,1364.9,1362.35,1364.15,17964
1698735900,1364.15,1365.55,1364.0,1364.8,40533
1698736200,1364.8,1364.95,1363.5,1364.05,9272
1698736500,1364.7,1364.95,1363.15,1364.95,8594
1698736800,1364.95,1365.3,1363.7,1364.55,33596
1698737100,1364.55,1365.0,1363.6,1364.95,10496
1698737400,1364.95,1365.35,1364.45,1364.75,17502
1698737700,1365.0,1365.2,1363.75,1363.75,15161
1698738000,1363.85,1364.5,1360.8,1361.25,15794
1698738300,1361.9,1363.05,1360.95,1362.4,10886
1698738600,1362.15,1363.45,1361.7,1363.1,8954
1698738900,1363.15,1365.15,1362.55,1365.0,13650
1698739200,1365.0,1365.0,1361.25,1363.25,25490
1698739500,1363.2,1364.55,1361.9,1362.9,27402
1698739800,1363.45,1363.7,1362.0,1362.35,5941
1698740100,1362.2,1363.0,1361.9,1362.15,5658
1698740400,1362.05,1362.65,1359.4,1360.7,17348
1698740700,1360.65,1362.4,1360.65,1361.95,9664
1698741000,1362.0,1363.9,1361.4,1363.5,8267
1698741300,1363.75,1364.6,1363.1,1363.35,12536
1698741600,1363.9,1365.0,1362.9,1364.7,8158
1698741900,1364.7,1365.65,1364.1,1364.5,8401
1698742200,1364.65,1364.9,1362.6,1363.0,11392
1698742500,1363.0,1363.45,1361.1,1362.3,12631
1698742800,1362.4,1363.05,1362.05,1362.4,4931
1698743100,1362.05,1362.7,1360.35,1360.6,19558
1698743400,1361.25,1363.55,1360.25,1362.55,30934
1698743700,1362.6,1363.45,1361.3,1363.35,14968
1698744000,1363.45,1363.9,1360.1,1363.15,49902
1698744300,1363.15,1366.65,1363.1,1365.3,28490
1698744600,1365.85,1366.9,1363.95,1364.85,85270
1698744900,1364.85,1364.85,1362.6,1363.25,79385
1698745200,1363.15,1366.45,1363.15,1365.4,82941
1698745500,1365.4,1370.1,1365.0,1369.95,86520
1698745800,1369.7,1373.5,1368.8,1373.45,118054
1698746100,1373.4,1375.4,1369.95,1370.0,95229
1698810300,1371.05,1377.95,1366.0,1369.0,58739
1698810600,1369.0,1370.95,1367.0,1367.7,29137
1698810900,1367.7,1370.85,1367.6,1368.9,19904
1698811200,1368.9,1369.0,1366.1,1366.4,16109
1698811500,1366.4,1366.45,1363.15,1364.4,18669
1698811800,1364.4,1365.0,1363.75,1364.5,9183
1698812100,1364.65,1364.75,1361.3,1361.9,8614
1698812400,1361.9,1363.2,1359.05,1361.9,14698
1698812700,1361.9,1363.0,1360.95,1361.6,7803
1698813000,1361.55,1361.9,1359.4,1359.5,8633
1698813300,1359.35,1359.65,1357.35,1357.35,12868
1698813600,1357.3,1358.9,1357.1,1358.2,8671
1698813900,1358.1,1361.4,1357.5,1360.9,8870
1698814200,1360.9,1362.9,1360.0,1362.4,11276
1698814500,1362.35,1362.5,1361.65,1362.35,3116
1698814800,1362.35,1362.4,1360.65,1360.7,2771
1698815100,1360.7,1360.9,1359.25,1359.9,6127
1698815400,1359.9,1360.0,1358.05,1358.4,6112
1698815700,1358.4,1359.0,1358.0,1359.0,3843
1698816000,1359.0,1359.0,1354.55,1355.95,66608
1698816300,1356.0,1356.4,1354.5,1355.4,8373
1698816600,1355.5,1355.55,1353.1,1354.15,5266
1698816900,1354.15,1355.5,1353.55,1355.2,2801
1698817200,1355.2,1356.15,1353.65,1355.7,4884
1698817500,1355.7,1355.95,1354.4,1354.6,2563
1698817800,1354.6,1356.15,1353.9,1355.85,2929
1698818100,1355.85,1356.1,1352.5,1353.4,8394
1698818400,1353.45,1353.55,1352.0,1352.45,3485
1698818700,1352.65,1353.9,1352.3,1353.85,4613
1698819000,1353.85,1354.95,1353.85,1354.4,2583
1698819300,1354.5,1355.0,1354.0,1354.5,2649
1698819600,1354.4,1355.25,1354.4,1355.0,3526
1698819900,1355.0,1355.25,1353.05,1353.6,3767
1698820200,1353.55,1354.0,1353.0,1353.15,3607
1698820500,1353.15,1353.9,1352.6,1352.6,5281
1698820800,1352.65,1353.95,1352.15,1353.95,2559
1698821100,1353.9,1355.25,1350.8,1353.3,22832
1698821400,1353.3,1353.3,1351.3,1351.75,8998
1698821700,1351.7,1354.3,1351.6,1354.25,14395
1698822000,1353.9,1354.2,1351.2,1352.55,6948
1698822300,1352.55,1352.9,1351.8,1352.35,6171
1698822600,1352.3,1352.9,1351.0,1351.3,7733
1698822900,1351.3,1351.9,1349.2,1349.65,7845
1698823200,1350.15,1351.7,1350.15,1351.35,10923
1698823500,1351.35,1352.25,1350.6,1351.1,3465
1698823800,1350.95,1353.45,1350.95,1353.25,24907
1698824100,1353.3,1355.0,1353.3,1354.5,11828
1698824400,1354.5,1354.5,1351.15,1351.4,4117
1698824700,1351.05,1351.2,1346.5,1350.0,12744
1698825000,1350.0,1350.45,1347.1,1347.5,4161
1698825300,1347.5,1349.4,1347.1,1348.65,5662
1698825600,1348.65,1349.3,1347.05,1347.2,3566
1698825900,1347.2,1349.25,1346.15,1348.55,4835
1698826200,1348.55,1348.7,1347.6,1347.7,2135
1698826500,1348.1,1349.3,1347.6,1348.95,5489
1698826800,1348.95,1350.0,1348.0,1348.0,2620
1698827100,1348.35,1348.35,1346.15,1346.5,4183
1698827400,1346.5,1349.0,1346.35,1347.95,7150
1698827700,1347.95,1348.0,1346.8,1347.15,3773
1698828000,1347.15,1347.15,1344.65,1345.5,9278
1698828300,1345.25,1346.55,1344.0,1346.4,6929
1698828600,1346.4,1346.4,1344.2,1344.55,14016
1698828900,1344.6,1345.15,1343.45,1344.9,5818
1698829200,1344.7,1345.4,1342.75,1344.15,10707
1698829500,1344.1,1344.2,1342.25,1342.55,8662
1698829800,1342.5,1343.0,1342.0,1342.1,8477
1698830100,1342.05,1342.1,1340.4,1341.3,14652
1698830400,1341.3,1343.1,1340.6,1342.15,12130
1698830700,1342.15,1342.3,1340.7,1340.7,12620
1698831000,1340.75,1341.0,1337.1,1339.0,35287
1698831300,1338.45,1340.65,1336.85,1337.8,37090
1698831600,1337.8,1338.8,1336.0,1336.5,40142
1698831900,1336.5,1336.55,1333.35,1334.55,45610
1698832200,1334.3,1334.8,1333.25,1333.3,63322
1698832500,1333.3,1342.0,1332.4,1338.75,66091
1698896700,1342.0,1357.75,1340.15,1354.45,35688
1698897000,1354.15,1357.2,1352.0,1357.2,17477
1698897300,1356.95,1356.95,1352.5,1355.05,17017
1698897600,1354.6,1356.35,1352.25,1352.5,12336
1698897900,1352.05,1355.0,1351.8,1354.55,5812
1698898200,1353.95,1355.6,1352.7,1354.05,8654
1698898500,1354.0,1354.2,1350.55,1350.8,8740
1698898800,1350.6,1351.4,1348.55,1350.0,9946
1698899100,1349.35,1349.95,1347.5,1348.0,9099
1698899400,1348.3,1350.0,1347.8,1349.0,17820
1698899700,1349.15,1349.95,1347.5,1348.55,11265
1698900000,1348.65,1349.9,1347.15,1348.15,11724
1698900300,1348.0,1352.95,1347.6,1350.25,28491
1698900600,1350.05,1350.9,1348.15,1348.75,6792
1698900900,1348.7,1353.3,1348.7,1353.0,9579
1698901200,1353.25,1354.3,1352.55,1353.1,8044
1698901500,1353.0,1353.85,1351.2,1352.15,7972
1698901800,1352.0,1353.25,1351.2,1352.2,2427
1698902100,1351.8,1352.5,1351.2,1351.2,2244
1698902400,1351.2,1352.0,1350.1,1351.6,2601
1698902700,1351.15,1351.15,1347.6,1349.05,5506
1698903000,1348.15,1348.7,1345.9,1346.15,5177
1698903300,1346.1,1348.0,1345.95,1348.0,3472
1698903600,1347.5,1347.95,1346.3,1346.55,1376
1698903900,1346.3,1347.05,1344.2,1344.85,5973
1698904200,1344.35,1345.25,1343.75,1344.6,2842
1698904500,1344.0,1345.8,1343.4,1345.7,3639
1698904800,1345.1,1345.95,1343.9,1344.05,2485
1698905100,1344.0,1344.6,1342.55,1344.45,2298
1698905400,1344.05,1344.55,1341.75,1343.55,4984
1698905700,1343.55,1344.85,1342.5,1343.9,5330
1698906000,1343.2,1344.15,1342.5,1342.85,2623
1698906300,1342.4,1345.15,1342.4,1344.0,11265
1698906600,1343.0,1344.45,1343.0,1343.65,7820
1698906900,1343.9,1345.25,1343.35,1344.9,20902
1698907200,1344.95,1346.2,1344.1,1344.8,24529
1698907500,1344.1,1346.6,1344.1,1345.75,17027
1698907800,1345.7,1348.45,1345.05,1347.7,23632
1698908100,1347.7,1348.7,1346.55,1348.2,18590
1698908400,1348.35,1348.65,1343.05,1343.45,7178
1698908700,1343.25,1343.7,1340.55,1342.5,11144
1698909000,1342.45,1344.95,1342.45,1342.85,7151
1698909300,1342.8,1344.25,1342.8,1343.15,2298
1698909600,1343.15,1343.45,1341.45,1342.45,3208
1698909900,1341.55,1342.4,1341.0,1341.8,3177
1698910200,1341.2,1342.05,1340.55,1341.0,3747
1698910500,1340.65,1341.65,1340.55,1341.15,2197
1698910800,1340.55,1342.65,1340.55,1342.5,3387
1698911100,1342.05,1343.95,1341.95,1343.7,1414
1698911400,1342.7,1343.85,1342.1,1343.65,1685
1698911700,1343.75,1344.6,1341.0,1341.2,3037
1698912000,1341.2,1343.8,1341.05,1341.9,3259
1698912300,1341.4,1342.7,1341.4,1342.65,1662
1698912600,1342.65,1343.6,1341.9,1342.35,3165
1698912900,1342.5,1343.4,1342.0,1343.05,3080
1698913200,1342.6,1344.85,1342.55,1344.65,5433
1698913500,1344.25,1347.45,1344.25,1347.15,5813
1698913800,1347.2,1348.35,1344.35,1345.2,5845
1698914100,1344.9,1346.55,1344.7,1346.15,3227
1698914400,1346.0,1346.6,1345.25,1345.35,2827
1698914700,1345.65,1346.1,1343.05,1343.95,10085
1698915000,1343.8,1345.85,1342.35,1344.7,8296
1698915300,1345.25,1345.3,1342.5,1342.5,5358
1698915600,1342.2,1343.1,1342.0,1342.8,9994
1698915900,1342.55,1344.55,1342.55,1342.9,4898
1698916200,1342.4,1344.15,1341.45,1343.1,14312
1698916500,1343.0,1343.4,1341.4,1343.4,11560
1698916800,1343.55,1345.7,1343.3,1345.35,10506
1698917100,1345.1,1345.95,1343.4,1345.0,12142
1698917400,1345.4,1347.15,1344.3,1344.75,11599
1698917700,1344.7,1345.2,1342.4,1343.65,11637
1698918000,1343.65,1343.65,1342.15,1342.85,9876
1698918300,1342.85,1344.0,1342.0,1343.65,9972
1698918600,1343.55,1343.55,1342.0,1342.2,10798
1698918900,1342.25,1344.95,1342.1,1342.1,7750
1698983100,1344.8,1349.95,1339.4,1342.25,26372
1698983400,1342.25,1342.25,1337.05,1337.7,17499
1698983700,1338.0,1338.55,1335.05,1337.55,20524
1698984000,1337.55,1338.45,1336.75,1337.1,10286
1698984300,1337.1,1338.65,1337.05,1337.6,12921
1698984600,1337.4,1337.6,1333.6,1335.05,19577
1698984900,1335.45,1335.65,1332.0,1332.75,13415
1698985200,1332.75,1333.5,1330.55,1333.5,17993
1698985500,1333.35,1334.95,1332.0,1333.9,12227
1698985800,1333.9,1337.5,1333.2,1337.35,19298
1698986100,1336.7,1337.9,1335.65,1336.25,10403
1698986400,1336.25,1336.5,1334.2,1335.0,7266
1698986700,1335.0,1335.95,1334.0,1334.75,8601
1698987000,1335.2,1335.55,1333.5,1333.75,5281
1698987300,1333.5,1333.7,1331.65,1332.9,8638
1698987600,1332.85,1335.5,1332.25,1335.5,9088
1698987900,1335.5,1335.5,1333.85,1334.0,5638
1698988200,1333.95,1334.0,1332.5,1334.0,6584
1698988500,1334.0,1334.85,1333.05,1334.85,4111
1698988800,1334.85,1338.65,1334.2,1338.65,17416
1698989100,1338.65,1340.0,1336.95,1339.6,12211
1698989400,1339.6,1340.7,1338.05,1338.55,8302
1698989700,1338.95,1340.4,1338.1,1339.5,5618
1698990000,1339.5,1339.55,1338.0,1339.1,8331
1698990300,1340.4,1340.4,1338.0,1338.55,8288
1698990600,1338.65,1339.25,1336.45,1336.55,7238
1698990900,1336.55,1338.1,1336.1,1337.1,6457
1698991200,1337.65,1337.65,1336.05,1336.5,5178
1698991500,1336.5,1337.3,1335.3,1336.6,7040
1698991800,1336.6,1337.1,1335.8,1336.35,5145
1698992100,1336.35,1336.65,1335.2,1336.0,5449
1698992400,1336.05,1336.05,1335.0,1335.25,6171
1698992700,1335.25,1335.25,1333.7,1334.5,7351
1698993000,1334.6,1335.7,1334.2,1334.2,5440
1698993300,1334.9,1335.25,1334.15,1335.05,6033
1698993600,1335.05,1335.9,1334.1,1334.7,6740
1698993900,1334.7,1335.05,1333.1,1333.25,4984
1698994200,1333.25,1334.6,1333.1,1334.4,7460
1698994500,1334.4,1334.9,1333.0,1333.25,6557
1698994800,1333.35,1334.35,1333.0,1334.25,6858
1698995100,1334.25,1336.75,1334.0,1336.4,7477
1698995400,1336.4,1337.4,1335.0,1335.3,9219
1698995700,1335.3,1335.95,1334.7,1334.95,4875
1698996000,1334.95,1335.45,1333.55,1334.05,5998
1698996300,1334.7,1334.75,1332.8,1334.75,5271
1698996600,1335.0,1335.3,1334.1,1334.9,7328
1698996900,1334.9,1337.7,1334.85,1336.25,6141
1698997200,1336.25,1336.45,1334.45,1335.0,5057
1698997500,1334.8,1335.65,1334.1,1334.15,5790
1698997800,1334.15,1335.7,1334.0,1335.0,5384
1698998100,1334.6,1336.0,1334.3,1334.55,6610
1698998400,1334.55,1334.95,1334.0,1334.1,5569
1698998700,1334.1,1335.3,1333.1,1334.75,10327
1698999000,1334.15,1335.15,1333.75,1334.0,5217
1698999300,1334.0,1334.6,1333.0,1333.15,5305
1698999600,1333.1,1334.3,1333.0,1333.45,5663
1698999900,1333.45,1333.45,1332.55,1332.6,4613
1699000200,1332.75,1333.7,1332.6,1333.3,5398
1699000500,1333.2,1333.8,1332.5,1332.5,4829
1699000800,1332.7,1333.0,1331.8,1332.35,7687
1699001100,1332.8,1333.65,1332.05,1332.05,3953
1699001400,1332.2,1334.0,1332.0,1332.85,6758
1699001700,1332.65,1333.2,1332.3,1332.55,3652
1699002000,1332.55,1332.8,1332.0,1332.2,5596
1699002300,1332.2,1332.3,1330.0,1330.7,10735
1699002600,1330.7,1331.85,1330.0,1330.85,7265
1699002900,1330.85,1332.45,1330.4,1331.75,7555
1699003200,1331.75,1331.75,1329.8,1330.0,7495
1699003500,1330.0,1332.45,1330.0,1330.55,9648
1699003800,1330.55,1331.7,1328.8,1329.05,21178
1699004100,1329.25,1331.1,1329.2,1330.85,18227
1699004400,1330.85,1331.4,1329.0,1330.0,13420
1699004700,1330.0,1331.0,1328.7,1329.6,19190
1699005000,1329.6,1329.6,1328.05,1328.3,16447
1699005300,1328.25,1329.2,1326.1,1326.1,24604
1699242300,1335.0,1340.7,1331.45,1339.0,16157
1699242600,1339.05,1339.95,1336.15,1336.75,17421
1699242900,1336.75,1337.35,1335.1,1335.5,5489
1699243200,1335.5,1337.0,1335.1,1336.0,3287
1699243500,1336.0,1336.45,1333.3,1334.2,3323
1699243800,1334.2,1334.75,1332.55,1333.35,3108
1699244100,1333.35,1334.75,1332.95,1334.45,1487
1699244400,1334.45,1335.0,1333.65,1333.65,2276
1699244700,1333.65,1334.6,1332.65,1333.9,4145
1699245000,1333.95,1334.9,1333.0,1333.1,1435
1699245300,1333.75,1334.75,1333.2,1334.75,1295
1699245600,1334.25,1336.5,1334.25,1336.5,2067
1699245900,1336.5,1337.85,1335.9,1337.3,4097
1699246200,1337.3,1337.3,1333.8,1335.0,11059
1699246500,1335.0,1335.0,1333.3,1333.55,1571
1699246800,1333.55,1334.5,1332.05,1332.25,3056
1699247100,1332.05,1332.65,1331.35,1332.65,3054
1699247400,1332.75,1333.05,1330.5,1331.3,3979
1699247700,1330.85,1331.5,1330.3,1330.95,810
1699248000,1330.95,1332.55,1330.95,1331.6,3111
1699248300,1331.6,1332.8,1331.6,1332.5,400
1699248600,1332.5,1332.9,1328.5,1328.75,2027
1699248900,1328.75,1330.5,1328.75,1330.1,865
1699249200,1330.1,1330.8,1330.0,1330.0,550
1699249500,1330.0,1330.8,1329.2,1330.2,1122
1699249800,1330.2,1331.6,1330.2,1330.65,1572
1699250100,1330.65,1331.2,1330.3,1331.2,635
1699250400,1331.2,1332.0,1331.0,1331.25,680
1699250700,1331.25,1332.0,1331.05,1332.0,483
1699251000,1332.0,1332.0,1331.15,1331.4,742
1699251300,1331.4,1332.3,1331.25,1331.8,1326
1699251600,1331.15,1331.9,1331.0,1331.9,1573
1699251900,1331.3,1332.15,1330.2,1331.05,1175
1699252200,1331.05,1331.5,1329.1,1329.15,5166
1699252500,1329.25,1329.9,1329.0,1329.75,1561
1699252800,1329.3,1329.55,1327.5,1328.85,4805
1699253100,1328.35,1330.1,1328.0,1328.4,1421
1699253400,1328.0,1328.4,1326.5,1327.15,3023
1699253700,1327.15,1329.8,1326.8,1328.9,3807
1699254000,1328.9,1329.0,1328.0,1329.0,1090
1699254300,1329.0,1329.0,1328.6,1329.0,1022
1699254600,1328.95,1329.0,1328.0,1328.3,1641
1699254900,1328.25,1329.0,1327.75,1329.0,1797
1699255200,1329.0,1329.0,1328.5,1329.0,1206
1699255500,1329.0,1329.0,1328.3,1328.5,804
1699255800,1328.5,1329.0,1328.1,1329.0,868
1699256100,1328.95,1329.0,1328.6,1329.0,1841
1699256400,1329.0,1329.0,1328.65,1328.85,1295
1699256700,1328.65,1329.0,1328.65,1329.0,598
1699257000,1328.95,1329.0,1327.25,1327.7,4362
1699257300,1327.3,1327.8,1327.05,1327.7,5040
1699257600,1327.65,1327.9,1327.0,1327.9,2336
1699257900,1327.85,1327.95,1326.8,1327.0,2580
1699258200,1327.0,1327.85,1326.75,1327.5,3325
1699258500,1327.5,1327.55,1326.2,1327.2,4881
1699258800,1327.15,1327.25,1326.2,1327.1,2610
1699259100,1327.1,1327.75,1326.4,1327.35,1840
1699259400,1327.35,1327.35,1326.1,1327.15,2187
1699259700,1326.6,1327.1,1325.05,1325.95,3135
1699260000,1325.9,1327.0,1323.4,1327.0,30705
1699260300,1326.7,1327.0,1325.9,1326.7,3319
1699260600,1326.65,1327.0,1325.95,1326.65,2252
1699260900,1326.4,1326.75,1325.5,1326.65,2336
1699261200,1326.65,1326.8,1325.85,1326.0,5112
1699261500,1325.95,1326.0,1325.7,1325.95,3106
1699261800,1326.0,1327.55,1325.85,1327.35,23881
1699262100,1327.35,1327.9,1326.45,1327.0,2165
1699262400,1326.95,1327.75,1326.75,1327.05,2265
1699262700,1326.55,1327.3,1326.5,1327.25,933
1699263000,1327.75,1332.65,1326.85,1331.55,37127
1699263300,1332.0,1333.6,1331.05,1333.0,13574
1699263600,1333.05,1333.1,1331.45,1331.45,17440
1699263900,1331.3,1331.3,1329.25,1329.4,12864
1699264200,1329.35,1334.9,1329.35,1334.9,26665
1699264500,1335.0,1336.15,1330.25,1330.25,23233
1699328700,1332.5,1339.15,1332.5,1333.4,16077
1699329000,1333.4,1334.85,1331.35,1334.7,15373
1699329300,1334.7,1336.75,1333.6,1334.15,15468
1699329600,1334.75,1335.45,1332.75,1333.55,14938
1699329900,1333.05,1334.4,1330.25,1331.3,35237
1699330200,1331.3,1332.0,1329.4,1330.65,24651
1699330500,1330.65,1331.95,1329.1,1330.7,13915
1699330800,1331.0,1331.25,1329.2,1330.5,6251
1699331100,1330.5,1331.9,1329.2,1330.0,13885
1699331400,1330.05,1330.7,1325.25,1326.9,33904
1699331700,1327.0,1328.75,1325.95,1326.65,12983
1699332000,1326.0,1327.8,1326.0,1327.3,14196
1699332300,1327.3,1327.95,1325.9,1327.95,9239
1699332600,1327.3,1328.05,1326.0,1326.65,9850
1699332900,1326.65,1328.35,1326.1,1328.15,3527
1699333200,1328.15,1330.6,1328.0,1329.9,3858
1699333500,1329.9,1330.75,1328.65,1329.5,6406
1699333800,1329.65,1331.1,1329.55,1330.65,4422
1699334100,1330.65,1331.0,1329.4,1329.75,4465
1699334400,1329.75,1329.95,1327.85,1328.3,5161
1699334700,1328.05,1331.35,1327.85,1329.65,11239
1699335000,1329.65,1330.7,1328.8,1330.3,1648
1699335300,1330.25,1330.65,1329.05,1329.05,4060
1699335600,1329.05,1330.3,1328.95,1330.15,2067
1699335900,1330.15,1332.55,1329.95,1332.2,5089
1699336200,1332.2,1333.0,1331.2,1331.65,3031
1699336500,1331.65,1332.3,1330.6,1331.25,2794
1699336800,1331.15,1331.5,1329.6,1329.8,1786
1699337100,1329.85,1331.75,1328.8,1329.6,5941
1699337400,1329.6,1329.9,1322.5,1324.15,55959
1699337700,1324.15,1325.15,1323.0,1324.5,17941
1699338000,1324.5,1326.4,1324.0,1325.0,13780
1699338300,1324.8,1326.45,1324.1,1324.35,11398
1699338600,1324.35,1325.8,1323.0,1324.95,24038
1699338900,1324.4,1324.7,1322.9,1324.0,5953
1699339200,1323.6,1325.25,1322.7,1324.7,7196
1699339500,1324.7,1326.3,1324.3,1325.85,6329
1699339800,1325.4,1326.65,1324.3,1324.3,3754
1699340100,1324.4,1324.4,1320.4,1321.25,7282
1699340400,1321.45,1324.4,1320.5,1324.4,5251
1699340700,1324.4,1326.1,1324.05,1325.35,4882
1699341000,1325.35,1326.7,1324.85,1325.25,3407
1699341300,1325.45,1329.0,1325.35,1327.45,16601
1699341600,1327.1,1328.85,1326.1,1328.8,20435
1699341900,1328.75,1330.0,1327.55,1327.75,32564
1699342200,1328.15,1330.8,1327.4,1328.15,11711
1699342500,1328.0,1328.5,1327.05,1328.1,3405
1699342800,1328.1,1328.65,1326.0,1327.0,8166
1699343100,1326.45,1327.95,1325.3,1327.0,6243
1699343400,1327.0,1327.15,1325.75,1326.55,3760
1699343700,1326.55,1327.95,1325.0,1326.05,7022
1699344000,1326.1,1329.45,1324.35,1328.95,16431
1699344300,1328.3,1331.5,1328.0,1331.1,16091
1699344600,1330.35,1334.75,1329.8,1333.5,23278
1699344900,1333.4,1335.0,1331.75,1334.35,10149
1699345200,1334.65,1339.0,1333.25,1339.0,43307
1699345500,1338.7,1339.95,1335.7,1338.0,23553
1699345800,1337.35,1339.0,1336.55,1338.15,16129
1699346100,1338.25,1340.0,1336.8,1340.0,18596
1699346400,1339.8,1340.8,1338.45,1340.8,10642
1699346700,1340.25,1342.0,1339.6,1341.6,16117
1699347000,1340.8,1341.65,1339.0,1340.95,11835
1699347300,1340.95,1341.1,1337.85,1337.95,11780
1699347600,1337.95,1339.7,1337.05,1338.25,11776
1699347900,1338.25,1338.55,1335.75,1336.3,7998
1699348200,1336.3,1336.6,1334.4,1335.6,15309
1699348500,1335.6,1336.55,1334.0,1335.75,9751
1699348800,1335.75,1339.8,1335.35,1337.85,12651
1699349100,1337.85,1339.65,1336.95,1337.25,10443
1699349400,1338.55,1340.45,1337.9,1340.0,35851
1699349700,1339.85,1340.4,1336.15,1337.25,19595
1699350000,1337.2,1340.0,1337.15,1339.35,29777
1699350300,1339.3,1342.9,1338.8,1342.9,28150
1699350600,1342.65,1344.05,1342.35,1343.0,41289
1699350900,1343.0,1343.45,1340.1,1343.25,18945
1699415100,1342.15,1343.95,1336.6,1338.9,11784
1699415400,1338.75,1339.75,1337.35,1339.7,1774
1699415700,1339.7,1339.7,1336.2,1337.2,4799
1699416000,1337.3,1339.4,1336.4,1337.8,4258
1699416300,1337.8,1338.45,1335.0,1336.0,4521
1699416600,1336.0,1337.75,1334.7,1337.0,75015
1699416900,1337.0,1338.7,1336.2,1338.0,2550
1699417200,1338.0,1338.1,1337.05,1338.05,1322
1699417500,1338.05,1338.9,1337.1,1337.85,1722
1699417800,1337.9,1338.2,1337.25,1337.5,866
1699418100,1338.0,1340.3,1337.35,1339.0,6493
1699418400,1339.0,1339.9,1338.8,1338.8,1476
1699418700,1338.8,1340.95,1338.7,1340.7,1731
1699419000,1340.7,1342.7,1339.75,1341.45,3461
1699419300,1341.45,1341.75,1340.0,1341.35,2163
1699419600,1341.35,1343.1,1341.35,1343.1,2769
1699419900,1343.1,1344.0,1342.9,1343.95,1502
1699420200,1343.95,1344.4,1342.05,1343.15,3925
1699420500,1343.15,1344.25,1343.05,1343.35,3968
1699420800,1343.35,1344.4,1342.3,1342.95,1919
1699421100,1342.95,1343.05,1340.15,1340.45,1454
1699421400,1340.45,1342.0,1340.15,1341.0,1819
1699421700,1341.0,1341.35,1340.2,1340.8,861
1699422000,1340.8,1340.8,1336.95,1338.5,3649
1699422300,1338.5,1339.4,1337.0,1337.85,1704
1699422600,1337.85,1340.3,1337.05,1339.55,6113
1699422900,1339.55,1341.0,1339.15,1339.25,2146
1699423200,1339.25,1339.9,1337.75,1338.85,2107
1699423500,1338.85,1339.1,1337.5,1337.9,2991
1699423800,1337.9,1338.7,1337.05,1337.3,1816
1699424100,1337.3,1339.05,1337.3,1337.75,1490
1699424400,1337.75,1339.0,1336.2,1337.0,3478
1699424700,1337.0,1337.7,1336.3,1336.6,980
1699425000,1336.6,1337.0,1335.9,1336.85,2604
1699425300,1336.85,1339.95,1336.8,1339.95,3534
1699425600,1339.9,1341.85,1339.25,1341.85,2830
1699425900,1341.85,1343.75,1340.5,1342.6,3457
1699426200,1343.1,1343.85,1342.5,1343.3,2292
1699426500,1343.3,1344.0,1341.5,1342.35,2392
1699426800,1342.35,1343.45,1342.3,1342.9,1881
1699427100,1342.9,1343.6,1342.5,1342.6,2228
1699427400,1342.6,1343.5,1342.6,1343.25,844
1699427700,1343.4,1344.1,1342.75,1343.65,3506
1699428000,1344.1,1345.5,1343.1,1345.0,12279
1699428300,1345.0,1345.9,1345.0,1345.8,4463
1699428600,1346.3,1346.9,1346.0,1346.45,4902
1699428900,1346.45,1346.7,1345.05,1345.6,3717
1699429200,1345.6,1347.3,1345.4,1346.9,4437
1699429500,1346.9,1347.6,1346.5,1347.45,3970
1699429800,1347.45,1348.9,1346.8,1346.8,9555
1699430100,1346.8,1347.5,1346.0,1346.65,3035
1699430400,1346.65,1347.5,1345.5,1347.3,11740
1699430700,1347.2,1348.85,1346.95,1347.45,7736
1699431000,1347.3,1348.25,1346.6,1347.75,7646
1699431300,1347.75,1348.15,1347.0,1347.95,7252
1699431600,1347.95,1348.65,1347.1,1348.5,4988
1699431900,1348.5,1349.35,1347.7,1348.5,5299
1699432200,1348.5,1349.3,1347.9,1349.0,6679
1699432500,1349.0,1349.0,1348.1,1348.3,4206
1699432800,1348.3,1348.65,1346.55,1347.2,13699
1699433100,1347.2,1347.85,1346.8,1347.0,12760
1699433400,1347.5,1347.5,1345.3,1345.3,8906
1699433700,1345.3,1346.6,1345.05,1346.05,20778
1699434000,1346.05,1346.95,1342.95,1344.0,8496
1699434300,1343.95,1345.9,1342.7,1345.9,4328
1699434600,1345.55,1346.7,1345.3,1346.7,3394
1699434900,1346.7,1346.75,1344.55,1345.55,7849
1699435200,1345.55,1345.95,1343.85,1345.2,4892
1699435500,1345.2,1346.35,1343.95,1345.25,3881
1699435800,1345.85,1347.75,1344.5,1346.15,19670
1699436100,1346.15,1346.8,1344.45,1345.4,17895
1699436400,1345.4,1345.95,1344.75,1345.85,15613
1699436700,1345.85,1346.1,1344.2,1345.5,26302
1699437000,1345.5,1346.2,1344.9,1345.95,15703
1699437300,1346.1,1347.85,1344.05,1347.0,17757
1699501500,1346.9,1346.9,1335.8,1336.1,16402
1699501800,1335.9,1337.85,1335.45,1337.75,7195
1699502100,1337.75,1339.95,1336.0,1339.55,8683
1699502400,1339.55,1340.15,1336.7,1337.35,19663
1699502700,1337.35,1338.25,1336.75,1338.05,5582
1699503000,1338.05,1338.45,1337.2,1338.2,2747
1699503300,1338.2,1339.5,1337.6,1337.6,4336
1699503600,1337.6,1340.7,1336.25,1340.35,3658
1699503900,1340.65,1342.45,1340.4,1341.85,3845
1699504200,1341.85,1343.85,1341.65,1343.5,2235
1699504500,1343.5,1344.0,1341.95,1343.35,2496
1699504800,1343.35,1344.0,1342.45,1342.75,1890
1699505100,1342.75,1345.95,1342.7,1345.4,10462
1699505400,1345.4,1346.0,1344.6,1345.6,1632
1699505700,1345.45,1346.35,1343.25,1345.25,11049
1699506000,1345.25,1345.55,1344.4,1345.25,997
1699506300,1345.25,1346.2,1344.0,1344.5,2453
1699506600,1344.5,1346.1,1344.0,1344.8,5017
1699506900,1344.8,1347.95,1344.65,1347.25,5062
1699507200,1347.25,1347.35,1344.6,1345.0,10281
1699507500,1345.0,1345.65,1343.95,1345.2,6749
1699507800,1345.2,1346.55,1345.0,1345.8,2525
1699508100,1345.8,1346.0,1345.7,1345.8,855
1699508400,1345.8,1346.0,1345.8,1345.95,2600
1699508700,1346.0,1346.0,1343.75,1344.1,1891
1699509000,1343.75,1345.8,1343.75,1345.1,3820
1699509300,1345.1,1348.95,1345.0,1348.5,12705
1699509600,1347.8,1348.8,1346.65,1348.65,9164
1699509900,1348.65,1349.3,1346.8,1347.5,8702
1699510200,1347.5,1347.8,1346.5,1347.65,2122
1699510500,1347.65,1349.3,1346.6,1348.95,4983
1699510800,1348.95,1349.8,1347.75,1349.55,5956
1699511100,1349.55,1350.5,1348.25,1349.45,8527
1699511400,1349.55,1350.65,1347.15,1347.55,7036
1699511700,1347.55,1350.0,1347.55,1349.2,3635
1699512000,1349.2,1350.0,1347.55,1349.3,5642
1699512300,1349.3,1350.0,1348.25,1348.6,1756
1699512600,1348.6,1349.0,1348.1,1348.15,1252
1699512900,1348.15,1351.0,1348.15,1350.9,6466
1699513200,1350.95,1351.55,1350.0,1350.15,4262
1699513500,1350.15,1350.15,1349.25,1350.05,5402
1699513800,1350.05,1350.85,1348.4,1350.85,7564
1699514100,1350.8,1351.0,1348.4,1349.7,11344
1699514400,1349.7,1350.85,1348.8,1349.6,3576
1699514700,1349.6,1351.0,1347.85,1349.05,6466
1699515000,1349.05,1350.05,1347.7,1348.1,4621
1699515300,1348.1,1350.9,1347.35,1350.9,5966
1699515600,1350.9,1350.95,1348.05,1348.4,6905
1699515900,1348.4,1348.85,1347.45,1348.3,1384
1699516200,1348.3,1349.45,1347.45,1348.75,6058
1699516500,1348.75,1349.5,1348.15,1348.9,3236
1699516800,1348.9,1349.1,1347.8,1348.2,1151
1699517100,1348.2,1349.0,1347.1,1348.3,2627
1699517400,1348.3,1348.85,1345.45,1346.2,4899
1699517700,1346.2,1347.1,1345.0,1346.0,7980
1699518000,1346.0,1346.7,1344.9,1345.65,8064
1699518300,1345.65,1345.9,1344.55,1345.45,1645
1699518600,1345.45,1347.7,1344.5,1345.6,12080
1699518900,1346.1,1348.95,1345.35,1347.2,7073
1699519200,1347.2,1348.7,1345.75,1347.65,3616
1699519500,1347.65,1349.95,1346.35,1349.95,2856
1699519800,1350.0,1350.75,1346.2,1347.15,18020
1699520100,1347.15,1347.7,1345.85,1346.5,2343
1699520400,1346.5,1347.0,1345.45,1345.75,2445
1699520700,1345.75,1346.45,1345.4,1346.1,787
1699521000,1346.1,1346.9,1345.4,1346.0,897
1699521300,1346.1,1348.05,1345.85,1346.6,3369
1699521600,1346.6,1348.2,1345.1,1345.85,5220
1699521900,1345.85,1347.05,1345.2,1346.0,3592
1699522200,1346.05,1350.45,1346.0,1350.05,19157
1699522500,1350.05,1351.55,1349.55,1350.2,9852
1699522800,1350.1,1351.55,1350.0,1350.85,9007
1699523100,1350.85,1351.4,1349.45,1350.05,19524
1699523400,1350.1,1351.85,1350.0,1350.85,16854
1699523700,1351.25,1353.35,1349.05,1352.0,41487
1699587900,1351.75,1353.35,1343.8,1349.6,101822
1699588200,1349.6,1353.7,1346.6,1353.0,17915
1699588500,1353.6,1354.7,1351.6,1352.55,14346
1699588800,1352.55,1352.75,1350.7,1352.15,5657
1699589100,1352.45,1355.9,1351.7,1355.0,9287
1699589400,1355.0,1357.7,1355.0,1357.65,14778
1699589700,1357.65,1360.0,1356.0,1356.95,28644
1699590000,1356.95,1358.1,1355.0,1356.9,11602
1699590300,1356.9,1357.3,1355.25,1355.4,2963
1699590600,1355.4,1356.9,1354.2,1354.3,5754
1699590900,1354.9,1355.0,1353.65,1354.7,2136
1699591200,1354.7,1354.9,1351.45,1352.2,7130
1699591500,1351.65,1354.0,1351.6,1352.9,4351
1699591800,1352.2,1353.4,1352.0,1353.25,3631
1699592100,1353.25,1353.25,1351.8,1353.15,3683
1699592400,1353.15,1353.25,1351.9,1351.9,1556
1699592700,1351.9,1352.4,1349.35,1350.05,8836
1699593000,1350.05,1350.45,1348.25,1348.95,7222
1699593300,1348.95,1350.65,1348.95,1350.45,4433
1699593600,1350.5,1350.75,1349.0,1350.1,4451
1699593900,1350.1,1350.35,1349.3,1349.65,2270
1699594200,1349.7,1349.9,1347.4,1348.2,5612
1699594500,1348.2,1349.0,1347.5,1348.8,2335
1699594800,1348.8,1350.65,1348.25,1350.65,3279
1699595100,1350.65,1350.95,1348.05,1348.9,7787
1699595400,1348.9,1349.95,1347.4,1347.85,2016
1699595700,1347.95,1349.9,1346.55,1349.65,14949
1699596000,1349.65,1351.0,1347.55,1349.35,4843
1699596300,1349.35,1350.5,1348.95,1349.7,2113
1699596600,1349.7,1351.0,1348.85,1350.5,2252
1699596900,1350.5,1351.0,1349.3,1350.3,4528
1699597200,1350.3,1352.5,1349.5,1352.0,6904
1699597500,1352.0,1353.2,1351.5,1352.2,4185
1699597800,1352.2,1354.25,1352.2,1353.5,3257
1699598100,1353.5,1354.15,1353.2,1353.65,2223
1699598400,1353.65,1355.3,1353.65,1353.65,3695
1699598700,1353.65,1355.1,1353.3,1354.9,4893
1699599000,1354.95,1355.1,1353.45,1354.25,3751
1699599300,1354.25,1354.3,1351.8,1353.0,4164
1699599600,1353.0,1353.25,1352.3,1352.35,3059
1699599900,1352.35,1353.2,1351.5,1351.5,4598
1699600200,1351.5,1352.25,1350.6,1351.0,6327
1699600500,1351.0,1352.9,1350.6,1352.8,4666
1699600800,1352.85,1352.95,1350.75,1352.0,3306
1699601100,1352.0,1353.0,1350.6,1352.15,4856
1699601400,1352.15,1352.7,1350.55,1351.0,4219
1699601700,1351.0,1351.7,1350.55,1351.0,2044
1699602000,1351.0,1352.45,1350.55,1352.0,8397
1699602300,1352.0,1353.7,1351.9,1353.5,3552
1699602600,1353.5,1354.0,1352.0,1353.45,3357
1699602900,1353.45,1353.6,1352.2,1352.95,2279
1699603200,1352.95,1355.5,1352.95,1355.15,7580
1699603500,1355.15,1357.0,1354.6,1356.25,5749
1699603800,1356.25,1356.75,1355.3,1356.5,2672
1699604100,1356.5,1357.2,1355.95,1356.75,6330
1699604400,1356.75,1357.0,1355.25,1356.1,2624
1699604700,1356.05,1356.15,1353.8,1355.2,5553
1699605000,1355.2,1355.6,1354.05,1355.15,4508
1699605300,1355.15,1356.85,1354.65,1356.75,3287
1699605600,1356.75,1357.25,1354.65,1355.35,8677
1699605900,1355.35,1356.1,1354.85,1355.4,2626
1699606200,1355.4,1355.85,1354.65,1355.0,3667
1699606500,1355.0,1355.0,1353.2,1355.0,5466
1699606800,1355.0,1355.0,1353.45,1354.5,3362
1699607100,1354.5,1355.0,1353.35,1354.7,4758
1699607400,1354.7,1355.0,1353.55,1354.35,2488
1699607700,1354.35,1354.95,1353.6,1354.9,3055
1699608000,1354.9,1355.0,1354.1,1354.95,3347
1699608300,1354.95,1355.0,1353.35,1353.8,6272
1699608600,1353.9,1355.0,1353.9,1355.0,13899
1699608900,1355.0,1356.95,1354.45,1356.9,41989
1699609200,1356.0,1356.85,1355.7,1356.75,13472
1699609500,1356.75,1356.9,1354.7,1356.5,42108
1699609800,1356.5,1356.5,1354.85,1355.5,32899
1699610100,1355.5,1355.5,1353.95,1355.0,17500
1699793100,1365.0,1365.9,1353.95,1360.5,11484
1699793400,1360.5,1362.4,1360.0,1361.0,9258
1699793700,1361.0,1361.6,1360.0,1361.0,1806
1699794000,1360.35,1361.0,1358.15,1360.0,2911
1699794300,1360.0,1362.5,1359.8,1361.15,2842
1699794600,1361.15,1364.9,1361.15,1363.35,20413
1699794900,1363.35,1363.9,1358.6,1359.0,6435
1699795200,1359.0,1360.65,1359.0,1360.0,1460
1699795500,1360.0,1360.0,1358.1,1358.6,2272
1699795800,1358.6,1358.8,1356.9,1358.5,3669
1699796100,1358.5,1359.0,1355.0,1355.85,2495
1699796400,1356.55,1359.95,1356.3,1359.95,2743
1699847100,1351.5,1359.7,1348.65,1349.4,14487
1699847400,1349.4,1351.0,1348.8,1349.2,5003
1699847700,1349.45,1349.7,1345.35,1346.65,5936
1699848000,1346.65,1346.65,1343.0,1343.0,14191
1699848300,1342.95,1344.6,1338.15,1338.25,22998
1699848600,1338.15,1341.8,1338.15,1340.1,13125
1699848900,1340.1,1342.0,1339.55,1340.9,13847
1699849200,1340.9,1341.95,1340.2,1341.35,6051
1699849500,1341.35,1342.8,1340.2,1342.65,10606
1699849800,1342.65,1346.65,1342.0,1345.15,11034
1699850100,1345.15,1346.1,1344.5,1345.35,4552
1699850400,1345.35,1345.35,1340.05,1341.0,13238
1699850700,1340.75,1343.15,1335.0,1335.4,45883
1699851000,1335.35,1336.25,1330.0,1331.15,30685
1699851300,1331.15,1332.65,1329.75,1331.6,17054
1699851600,1331.6,1334.65,1331.4,1334.35,10173
1699851900,1334.0,1336.8,1332.9,1336.25,11030
1699852200,1336.25,1337.95,1332.5,1333.05,32244
1699852500,1333.05,1336.65,1332.6,1335.2,11900
1699852800,1335.2,1335.6,1334.1,1334.8,7571
1699853100,1334.55,1335.65,1332.7,1334.25,10767
1699853400,1333.8,1335.55,1332.45,1334.2,11620
1699853700,1334.2,1336.65,1333.3,1336.45,10241
1699854000,1336.55,1337.0,1334.6,1335.15,12700
1699854300,1335.7,1339.5,1334.4,1338.35,23407
1699854600,1338.35,1339.95,1337.15,1338.55,19457
1699854900,1338.55,1339.4,1337.15,1338.0,6494
1699855200,1337.95,1340.95,1337.65,1338.55,11203
1699855500,1338.55,1339.8,1337.55,1337.55,7498
1699855800,1337.55,1339.0,1337.0,1338.15,12266
1699856100,1338.15,1339.2,1338.0,1338.2,5608
1699856400,1338.05,1338.45,1335.45,1336.1,8563
1699856700,1336.05,1338.3,1335.0,1337.8,11786
1699857000,1338.4,1338.8,1335.15,1335.8,53121
1699857300,1335.8,1337.65,1335.0,1335.45,15247
1699857600,1335.5,1335.5,1334.1,1334.45,10458
1699857900,1334.45,1334.9,1333.35,1333.55,10217
1699858200,1333.55,1334.05,1332.0,1333.0,17967
1699858500,1333.0,1333.25,1332.5,1333.25,9673
1699858800,1333.25,1334.95,1332.25,1332.25,23008
1699859100,1332.25,1333.0,1332.25,1332.3,7923
1699859400,1332.3,1333.45,1332.05,1333.45,9487
1699859700,1333.0,1334.95,1333.0,1334.45,5362
1699860000,1334.45,1334.9,1333.55,1333.7,8436
1699860300,1333.75,1334.55,1332.75,1332.85,8681
1699860600,1332.85,1333.2,1332.25,1333.0,16314
1699860900,1333.0,1333.25,1332.1,1332.45,8861
1699861200,1332.45,1333.15,1332.0,1333.0,20568
1699861500,1333.0,1333.0,1332.1,1332.4,5365
1699861800,1332.4,1333.0,1332.3,1332.7,4952
1699862100,1332.7,1333.0,1332.5,1333.0,10165
1699862400,1333.0,1333.0,1332.55,1332.8,7305
1699862700,1332.8,1333.0,1328.35,1329.35,36719
1699863000,1329.3,1329.95,1328.35,1328.85,10757
1699863300,1328.85,1329.5,1328.0,1328.2,12003
1699863600,1328.0,1328.95,1328.0,1328.45,13253
1699863900,1328.45,1330.95,1327.9,1328.7,34262
1699864200,1328.7,1330.1,1328.45,1329.55,5647
1699864500,1328.95,1329.5,1327.95,1329.1,12122
1699864800,1329.1,1330.95,1328.35,1329.5,14103
1699865100,1329.5,1330.0,1327.9,1328.95,18617
1699865400,1328.95,1329.9,1328.9,1329.0,4982
1699865700,1329.0,1329.85,1328.9,1329.2,6391
1699866000,1329.05,1330.15,1327.9,1328.8,28101
1699866300,1328.6,1329.4,1326.25,1327.2,26394
1699866600,1327.1,1327.2,1326.3,1326.5,9061
1699866900,1326.5,1327.0,1325.0,1325.55,19295
1699867200,1325.55,1327.0,1325.0,1325.55,19562
1699867500,1325.55,1327.25,1325.5,1326.05,13404
1699867800,1326.05,1327.0,1325.95,1326.55,20582
1699868100,1326.5,1329.75,1326.4,1329.6,51946
1699868400,1329.6,1329.6,1327.4,1328.5,63743
1699868700,1329.15,1330.35,1327.7,1329.3,81904
1699869000,1329.3,1329.3,1326.6,1328.85,87504
1699869300,1329.1,1331.9,1328.0,1328.2,35628
1700019900,1348.95,1348.95,1332.85,1334.0,39223
1700020200,1334.15,1336.15,1333.65,1335.7,11594
1700020500,1335.7,1338.9,1333.8,1336.15,26462
1700020800,1336.15,1336.5,1333.85,1334.05,6992
1700021100,1334.05,1335.0,1332.05,1332.5,8118
1700021400,1332.5,1335.45,1332.5,1334.5,6721
1700021700,1334.35,1334.9,1333.5,1333.55,3327
1700022000,1333.55,1335.1,1333.55,1334.5,6450
1700022300,1334.5,1335.85,1334.2,1335.25,6645
1700022600,1335.25,1338.0,1335.25,1336.4,9208
1700022900,1336.95,1338.1,1335.95,1337.0,11849
1700023200,1337.0,1341.45,1337.0,1340.6,10428
1700023500,1340.1,1341.45,1338.7,1340.0,4514
1700023800,1340.0,1341.45,1340.0,1340.85,2553
1700024100,1341.2,1342.0,1340.45,1340.45,4482
1700024400,1340.45,1343.45,1340.45,1343.0,4924
1700024700,1343.0,1343.35,1342.25,1342.65,3903
1700025000,1342.65,1344.95,1342.4,1343.5,6942
1700025300,1343.45,1346.45,1342.1,1344.85,7817
1700025600,1344.85,1345.35,1343.5,1344.3,3675
1700025900,1344.3,1345.9,1343.4,1343.4,12723
1700026200,1343.4,1346.0,1343.4,1344.0,6478
1700026500,1344.0,1347.0,1344.0,1346.35,8363
1700026800,1345.8,1346.35,1344.0,1345.5,6418
1700027100,1345.5,1346.2,1343.4,1344.1,17386
1700027400,1344.1,1344.4,1343.15,1344.0,5170
1700027700,1344.0,1344.65,1343.55,1343.65,11079
1700028000,1343.65,1344.7,1343.65,1344.4,11930
1700028300,1344.4,1347.0,1344.4,1347.0,4384
1700028600,1347.0,1350.5,1346.4,1350.5,20200
1700028900,1350.5,1350.9,1349.0,1350.7,4492
1700029200,1350.7,1350.95,1349.3,1349.9,3904
1700029500,1350.0,1350.0,1347.0,1347.5,4363
1700029800,1347.5,1349.05,1347.3,1347.65,3208
1700030100,1347.65,1349.5,1347.65,1348.9,3484
1700030400,1348.9,1349.35,1347.5,1348.65,3852
1700030700,1348.65,1349.9,1348.25,1349.9,3465
1700031000,1349.9,1350.0,1348.35,1348.85,6628
1700031300,1349.45,1351.1,1348.95,1350.5,6348
1700031600,1350.5,1350.9,1349.5,1350.35,2488
1700031900,1350.35,1352.25,1350.15,1351.05,2863
1700032200,1351.05,1352.85,1351.0,1351.5,4291
1700032500,1351.4,1351.7,1350.25,1351.45,3555
1700032800,1351.45,1352.2,1350.9,1351.3,2958
1700033100,1351.3,1351.65,1350.9,1350.9,2265
1700033400,1350.9,1351.9,1350.55,1351.05,3259
1700033700,1351.05,1351.2,1350.1,1350.1,2537
1700034000,1350.25,1350.9,1350.0,1350.9,4696
1700034300,1350.9,1352.85,1350.8,1352.4,5667
1700034600,1352.4,1353.95,1352.0,1352.15,3837
1700034900,1352.15,1354.8,1351.8,1354.8,6031
1700035200,1354.8,1354.9,1352.35,1353.95,3995
1700035500,1353.95,1354.0,1353.25,1353.7,4201
1700035800,1353.7,1355.5,1353.6,1355.0,11546
1700036100,1355.0,1356.2,1354.65,1354.85,8468
1700036400,1354.85,1355.95,1353.8,1354.95,6415
1700036700,1354.95,1355.1,1353.75,1354.75,3377
1700037000,1354.35,1355.0,1353.75,1354.0,4696
1700037300,1353.95,1354.15,1353.0,1353.7,3924
1700037600,1353.7,1355.0,1353.2,1354.8,5044
1700037900,1354.8,1355.0,1354.25,1354.95,4244
1700038200,1354.95,1355.0,1354.7,1354.95,2265
1700038500,1354.95,1355.75,1353.05,1354.45,8279
1700038800,1354.45,1355.7,1354.1,1355.35,2473
1700039100,1355.45,1357.0,1355.35,1356.6,10260
1700039400,1356.6,1356.6,1355.15,1355.8,4862
1700039700,1355.8,1355.9,1355.5,1355.55,4396
1700040000,1355.55,1355.9,1354.25,1355.8,12397
1700040300,1355.8,1355.85,1355.0,1355.1,11193
1700040600,1355.25,1358.45,1355.2,1357.35,39951
1700040900,1357.65,1358.9,1357.05,1358.7,43995
1700041200,1358.7,1358.7,1357.0,1358.4,35959
1700041500,1358.4,1358.95,1356.85,1356.85,44018
1700041800,1356.85,1358.55,1355.75,1356.1,54420
1700042100,1356.1,1356.1,1351.9,1353.6,37798
1700106300,1362.75,1362.75,1350.1,1352.35,12870
1700106600,1352.35,1353.1,1348.55,1350.75,12303
1700106900,1350.75,1352.65,1349.2,1352.15,5473
1700107200,1352.15,1354.35,1351.0,1351.5,4039
1700107500,1351.5,1357.75,1351.25,1356.7,11009
1700107800,1356.0,1358.2,1354.5,1356.9,12464
1700108100,1356.95,1358.0,1355.7,1357.4,10730
1700108400,1357.4,1357.95,1356.5,1356.5,5982
1700108700,1356.5,1356.7,1353.65,1354.55,6154
1700109000,1354.55,1354.95,1351.45,1353.95,6721
1700109300,1353.95,1358.45,1353.95,1356.45,6613
1700109600,1356.45,1357.4,1355.0,1356.6,2393
1700109900,1356.6,1357.85,1353.55,1353.85,4649
1700110200,1353.85,1353.85,1352.2,1353.75,2422
1700110500,1353.75,1353.75,1350.85,1352.9,4044
1700110800,1352.9,1353.0,1351.65,1352.0,2755
1700111100,1352.0,1352.0,1351.1,1351.1,4461
1700111400,1351.1,1352.4,1348.6,1351.8,10291
1700111700,1351.95,1352.4,1350.55,1350.55,2454
1700112000,1350.55,1351.4,1350.0,1351.3,4601
1700112300,1351.3,1352.6,1350.6,1352.4,2625
1700112600,1352.4,1358.95,1351.8,1357.9,19922
1700112900,1357.9,1358.5,1356.95,1357.7,8903
1700113200,1357.55,1358.9,1355.4,1358.6,8795
1700113500,1358.7,1359.85,1357.35,1359.0,15672
1700113800,1359.25,1359.3,1358.0,1358.5,4077
1700114100,1358.5,1359.5,1358.0,1359.4,6145
1700114400,1359.15,1360.0,1359.0,1359.4,4223
1700114700,1359.3,1360.95,1358.0,1360.85,11495
1700115000,1360.85,1361.8,1360.0,1360.2,3135
1700115300,1360.2,1361.0,1359.95,1360.35,3025
1700115600,1360.3,1360.35,1360.0,1360.05,2277
1700115900,1360.05,1360.35,1360.0,1360.0,5265
1700116200,1360.0,1360.65,1359.5,1360.1,3491
1700116500,1360.1,1362.05,1359.6,1361.4,4011
1700116800,1361.4,1363.25,1361.4,1362.6,6099
1700117100,1363.2,1363.2,1360.8,1361.05,3630
1700117400,1361.05,1362.0,1360.75,1361.6,2310
1700117700,1361.05,1361.6,1360.25,1361.35,2523
1700118000,1361.5,1363.6,1360.85,1361.2,7129
1700118300,1361.05,1362.75,1360.55,1361.6,2978
1700118600,1361.6,1364.3,1361.6,1363.0,25220
1700118900,1362.95,1364.05,1360.95,1361.4,5980
1700119200,1361.4,1362.7,1361.4,1362.2,1220
1700119500,1362.1,1363.1,1361.7,1362.7,2127
1700119800,1362.8,1363.0,1362.2,1362.2,1641
1700120100,1362.65,1363.55,1362.2,1362.65,4925
1700120400,1362.65,1363.65,1361.5,1361.55,4153
1700120700,1361.55,1361.85,1360.1,1361.6,6433
1700121000,1362.0,1363.9,1360.55,1362.9,2411
1700121300,1362.9,1363.8,1362.5,1362.5,3756
1700121600,1362.5,1362.95,1361.05,1361.8,3599
1700121900,1361.4,1363.45,1361.4,1362.2,4585
1700122200,1362.2,1363.0,1362.0,1362.35,3274
1700122500,1362.4,1362.95,1362.0,1362.25,5367
1700122800,1362.25,1363.5,1362.25,1363.35,3626
1700123100,1363.4,1363.55,1362.15,1362.85,3669
1700123400,1362.85,1363.0,1362.5,1362.5,2072
1700123700,1362.5,1363.0,1360.65,1361.8,10574
1700124000,1362.0,1362.05,1360.35,1361.4,4264
1700124300,1361.4,1362.3,1359.55,1361.5,5404
1700124600,1361.5,1361.85,1360.8,1361.55,1626
1700124900,1361.55,1363.8,1360.45,1363.55,10211
1700125200,1363.8,1364.0,1362.6,1363.9,2910
1700125500,1363.9,1364.0,1362.15,1363.0,3225
1700125800,1362.85,1364.6,1362.6,1364.3,5434
1700126100,1363.7,1365.1,1363.0,1363.0,4903
1700126400,1363.0,1363.15,1362.0,1362.7,2975
1700126700,1362.7,1363.45,1360.5,1362.9,9121
1700127000,1362.9,1363.25,1359.25,1360.7,31533
1700127300,1360.65,1361.85,1357.45,1359.25,32183
1700127600,1359.25,1360.15,1355.5,1357.2,35689
1700127900,1357.85,1361.0,1357.6,1360.45,29621
1700128200,1360.3,1361.9,1360.0,1360.05,20865
1700128500,1360.05,1362.65,1360.0,1360.0,22288
1700192700,1354.0,1369.15,1354.0,1367.6,45821
1700193000,1367.6,1376.9,1367.2,1376.9,35512
1700193300,1376.9,1382.85,1374.3,1380.65,60770
1700193600,1380.0,1382.0,1377.4,1382.0,46957
1700193900,1381.75,1402.0,1381.75,1402.0,146830
1700194200,1402.0,1429.4,1399.3,1429.4,345076
1700194500,1428.65,1434.2,1422.0,1424.45,254505
1700194800,1424.45,1425.6,1420.0,1420.0,96906
1700195100,1420.0,1425.0,1418.95,1423.0,60212
1700195400,1423.0,1428.0,1422.4,1427.25,52491
1700195700,1427.25,1428.25,1421.5,1423.0,55970
1700196000,1423.0,1425.0,1420.2,1423.35,57310
1700196300,1423.35,1425.95,1421.0,1424.3,53525
1700196600,1424.3,1425.45,1421.55,1424.65,123632
1700196900,1424.65,1425.0,1421.55,1422.5,84426
1700197200,1422.5,1422.5,1420.0,1420.0,25846
1700197500,1420.0,1420.95,1419.0,1420.75,34609
1700197800,1420.05,1422.55,1420.0,1420.65,17774
1700198100,1420.65,1424.8,1420.65,1423.05,25221
1700198400,1423.05,1424.8,1421.55,1421.7,23034
1700198700,1421.7,1422.1,1419.25,1419.6,22241
1700199000,1419.7,1421.75,1419.6,1420.25,9499
1700199300,1420.25,1421.75,1420.05,1420.6,9771
1700199600,1420.6,1421.7,1420.2,1420.95,10165
1700199900,1420.6,1421.4,1419.35,1420.0,15132
1700200200,1420.0,1423.9,1419.5,1423.75,18786
1700200500,1423.9,1423.95,1421.55,1422.05,11096
1700200800,1422.05,1428.95,1421.85,1427.5,84666
1700201100,1427.5,1429.9,1426.95,1427.8,36170
1700201400,1427.8,1429.4,1426.0,1428.85,19843
1700201700,1428.85,1429.55,1426.5,1427.4,32322
1700202000,1427.4,1427.6,1422.0,1424.2,43552
1700202300,1424.2,1431.0,1423.0,1429.9,67254
1700202600,1429.9,1430.3,1427.6,1429.55,22665
1700202900,1429.35,1429.35,1427.45,1428.7,11372
1700203200,1428.75,1428.95,1427.05,1427.35,11090
1700203500,1427.35,1427.5,1425.0,1425.7,20321
1700203800,1425.7,1426.5,1423.05,1424.4,32921
1700204100,1424.55,1426.15,1423.15,1424.35,28312
1700204400,1424.35,1426.15,1424.05,1425.6,7103
1700204700,1425.6,1426.95,1425.1,1426.5,10976
1700205000,1426.5,1426.95,1425.2,1426.95,8487
1700205300,1426.95,1429.0,1426.35,1427.0,15949
1700205600,1427.0,1428.9,1426.6,1427.3,18054
1700205900,1427.3,1429.0,1427.3,1427.8,7417
1700206200,1427.8,1428.5,1425.95,1426.9,10022
1700206500,1426.75,1428.9,1426.2,1428.3,11690
1700206800,1428.6,1428.65,1427.1,1427.6,8525
1700207100,1427.6,1427.95,1426.4,1426.6,7134
1700207400,1426.6,1431.4,1426.45,1429.75,44847
1700207700,1429.75,1430.7,1429.0,1430.7,24606
1700208000,1430.7,1432.0,1430.05,1431.0,34665
1700208300,1431.0,1431.45,1427.8,1428.4,33216
1700208600,1427.85,1430.0,1427.85,1429.0,29785
1700208900,1429.25,1429.8,1426.6,1426.6,23625
1700209200,1426.95,1426.95,1421.05,1423.2,51247
1700209500,1423.2,1423.25,1420.1,1421.55,23265
1700209800,1421.55,1421.85,1419.0,1420.4,64619
1700210100,1420.4,1421.5,1419.0,1419.6,40342
1700210400,1419.5,1421.15,1413.8,1414.7,57358
1700210700,1414.7,1418.2,1413.6,1417.0,33219
1700211000,1417.0,1418.75,1416.5,1417.85,16463
1700211300,1417.85,1418.2,1411.2,1412.1,41612
1700211600,1412.5,1413.5,1411.5,1413.5,29568
1700211900,1413.5,1413.5,1410.95,1413.0,30717
1700212200,1413.0,1413.5,1412.05,1413.4,15162
1700212500,1413.4,1413.4,1410.2,1410.65,25090
1700212800,1410.65,1412.95,1410.0,1411.0,40527
1700213100,1411.0,1413.35,1410.8,1413.0,21046
1700213400,1412.8,1413.4,1411.05,1412.9,28544
1700213700,1412.9,1414.5,1412.9,1413.5,26994
1700214000,1413.5,1416.35,1413.25,1415.0,42633
1700214300,1415.65,1416.0,1412.0,1412.8,53271
1700214600,1412.65,1415.7,1411.5,1415.3,72457
1700214900,1415.5,1415.85,1413.0,1413.7,29089
1700451900,1413.95,1420.0,1402.15,1412.0,60561
1700452200,1411.55,1413.0,1407.25,1410.45,20948
1700452500,1410.45,1412.8,1409.55,1410.0,8544
1700452800,1410.0,1410.45,1407.0,1408.0,11874
1700453100,1408.0,1411.5,1406.0,1410.05,23067
1700453400,1410.05,1414.5,1410.0,1413.0,20061
1700453700,1413.0,1413.0,1408.25,1411.0,22850
1700454000,1411.0,1411.55,1408.6,1409.45,8110
1700454300,1409.45,1409.45,1406.55,1407.5,5161
1700454600,1407.5,1407.65,1405.0,1406.15,11987
1700454900,1405.75,1406.15,1405.0,1405.1,2647
1700455200,1405.1,1407.4,1405.1,1406.0,4668
1700455500,1405.8,1405.8,1404.05,1405.4,8862
1700455800,1405.05,1406.4,1404.0,1405.25,6031
1700456100,1405.2,1405.35,1403.0,1404.0,4651
1700456400,1404.0,1404.6,1402.15,1404.6,4301
1700456700,1404.6,1404.6,1402.9,1404.4,2929
1700457000,1404.4,1405.05,1403.1,1403.2,4804
1700457300,1403.2,1405.5,1403.2,1404.15,1168
1700457600,1404.7,1404.8,1402.55,1403.3,6141
1700457900,1403.45,1403.45,1399.1,1401.1,13778
1700458200,1401.1,1401.1,1398.25,1398.95,10425
1700458500,1398.95,1399.0,1394.0,1394.0,13814
1700458800,1394.95,1396.2,1391.5,1392.85,11978
1700459100,1392.85,1395.0,1391.2,1394.5,7137
1700459400,1394.5,1397.9,1394.5,1395.85,7064
1700459700,1395.85,1396.75,1395.0,1396.0,3054
1700460000,1396.0,1396.4,1395.4,1396.25,2398
1700460300,1396.25,1396.3,1391.85,1394.2,5824
1700460600,1394.2,1395.0,1393.05,1394.05,1961
1700460900,1394.05,1394.05,1393.25,1393.7,2028
1700461200,1393.7,1393.7,1392.0,1392.85,2931
1700461500,1392.85,1392.85,1390.9,1391.0,3917
1700461800,1390.95,1391.9,1390.3,1390.4,6110
1700462100,1390.4,1393.15,1390.4,1391.35,8222
1700462400,1391.35,1393.15,1390.2,1390.2,7044
1700462700,1390.2,1392.85,1384.05,1384.7,38491
1700463000,1385.3,1387.7,1384.1,1387.25,13537
1700463300,1387.25,1387.7,1385.0,1385.25,4183
1700463600,1385.25,1386.25,1384.0,1385.8,7685
1700463900,1386.1,1386.45,1384.1,1384.65,5231
1700464200,1384.65,1385.5,1384.1,1385.4,2658
1700464500,1385.4,1385.55,1385.05,1385.55,3354
1700464800,1385.5,1387.05,1385.15,1385.6,3653
1700465100,1385.6,1385.65,1384.0,1384.6,3852
1700465400,1384.5,1385.9,1384.1,1385.8,4106
1700465700,1385.8,1386.95,1384.9,1386.0,57991
1700466000,1386.0,1388.95,1386.0,1388.15,5206
1700466300,1388.15,1388.85,1386.25,1386.7,5617
1700466600,1386.7,1387.6,1385.0,1385.0,3663
1700466900,1385.0,1385.9,1383.9,1385.0,8882
1700467200,1385.0,1385.95,1384.45,1385.9,3807
1700467500,1385.9,1387.45,1384.7,1386.8,14227
1700467800,1386.8,1387.0,1386.05,1387.0,5136
1700468100,1386.95,1387.45,1385.1,1386.25,5113
1700468400,1386.25,1386.45,1385.0,1385.25,2374
1700468700,1385.25,1385.65,1383.35,1384.05,6837
1700469000,1384.05,1385.7,1384.05,1385.4,2469
1700469300,1385.45,1385.9,1384.0,1384.7,3417
1700469600,1384.95,1385.8,1384.5,1385.8,3678
1700469900,1385.8,1387.45,1385.6,1387.0,5253
1700470200,1387.0,1389.0,1387.0,1388.4,5431
1700470500,1388.4,1390.5,1388.1,1389.8,8335
1700470800,1389.85,1390.0,1387.45,1387.6,6723
1700471100,1387.6,1388.55,1387.6,1388.3,2403
1700471400,1388.3,1389.6,1388.3,1388.75,5536
1700471700,1389.0,1389.4,1388.1,1388.5,6107
1700472000,1388.5,1389.25,1387.7,1388.4,3527
1700472300,1388.55,1388.55,1386.0,1386.4,3217
1700472600,1386.8,1386.9,1383.05,1383.25,24150
1700472900,1383.6,1384.65,1383.05,1384.35,10920
1700473200,1384.35,1385.35,1383.7,1384.4,19116
1700473500,1384.35,1387.0,1383.9,1386.1,24545
1700473800,1386.1,1386.85,1385.05,1386.05,19476
1700474100,1386.45,1388.75,1385.65,1387.0,18697
1700538300,1389.0,1398.0,1388.25,1393.9,36066
1700538600,1393.9,1394.85,1392.0,1393.0,12551
1700538900,1392.95,1395.4,1392.7,1394.8,9519
1700539200,1394.8,1395.55,1387.1,1390.05,17234
1700539500,1390.05,1391.75,1389.6,1389.9,7473
1700539800,1389.9,1392.65,1388.85,1392.5,7137
1700540100,1392.4,1396.9,1391.5,1396.7,88448
1700540400,1397.25,1409.95,1396.5,1408.55,61791
1700540700,1407.9,1409.0,1403.35,1405.0,38374
1700541000,1404.75,1407.5,1404.0,1405.65,13436
1700541300,1405.65,1407.0,1404.35,1406.0,7793
1700541600,1406.0,1414.3,1406.0,1414.3,28671
1700541900,1414.3,1418.3,1413.85,1417.4,43272
1700542200,1417.0,1420.0,1416.35,1419.2,64443
1700542500,1419.15,1421.8,1417.1,1417.55,58358
1700542800,1418.0,1421.4,1417.0,1421.25,33339
1700543100,1421.25,1421.25,1418.0,1418.3,26499
1700543400,1418.25,1421.45,1418.0,1420.1,33592
1700543700,1420.1,1420.6,1418.25,1419.0,36903
1700544000,1419.0,1420.0,1417.6,1418.5,16258
1700544300,1418.5,1421.6,1418.15,1420.55,18961
1700544600,1420.55,1420.95,1418.0,1418.55,19608
1700544900,1418.6,1420.9,1418.6,1419.45,12789
1700545200,1419.45,1420.0,1418.1,1419.2,9035
1700545500,1418.95,1421.5,1418.0,1420.8,26232
1700545800,1420.8,1421.5,1420.0,1420.75,18542
1700546100,1420.4,1421.7,1420.0,1421.55,34737
1700546400,1421.55,1422.75,1419.2,1420.0,27959
1700546700,1420.0,1420.8,1419.05,1419.8,9216
1700547000,1419.75,1420.1,1418.1,1418.7,14161
1700547300,1418.7,1418.85,1416.0,1416.0,34806
1700547600,1416.1,1417.35,1415.0,1417.3,24532
1700547900,1417.95,1419.45,1417.2,1418.85,20129
1700548200,1419.0,1419.05,1418.0,1418.6,11264
1700548500,1418.65,1419.45,1418.0,1418.5,16110
1700548800,1419.05,1420.1,1418.0,1419.05,13007
1700549100,1418.95,1420.9,1418.25,1419.8,10321
1700549400,1419.75,1420.65,1419.5,1420.05,11266
1700549700,1420.05,1421.0,1419.55,1420.05,14634
1700550000,1420.05,1420.1,1418.1,1419.55,10971
1700550300,1419.5,1420.6,1418.6,1420.55,26310
1700550600,1420.0,1422.4,1420.0,1422.15,30412
1700550900,1422.15,1424.9,1420.85,1424.0,40888
1700551200,1424.0,1424.45,1422.6,1422.85,33247
1700551500,1422.85,1425.0,1422.6,1424.75,26428
1700551800,1424.7,1425.15,1424.1,1424.95,25019
1700552100,1424.9,1425.1,1421.2,1421.75,35990
1700552400,1421.75,1424.1,1421.0,1421.3,29073
1700552700,1421.9,1422.45,1421.0,1422.0,15522
1700553000,1422.0,1422.55,1421.5,1421.85,15402
1700553300,1422.0,1422.85,1421.8,1422.3,12405
1700553600,1422.45,1424.3,1422.25,1423.55,21067
1700553900,1423.55,1423.95,1423.05,1423.5,13286
1700554200,1423.75,1423.9,1422.5,1422.95,17335
1700554500,1423.0,1423.9,1421.65,1422.1,21421
1700554800,1422.35,1422.65,1418.1,1419.45,36053
1700555100,1419.0,1421.0,1418.65,1419.45,23455
1700555400,1419.45,1420.5,1418.0,1418.75,15449
1700555700,1418.6,1419.8,1418.0,1419.8,20778
1700556000,1419.85,1421.65,1419.15,1420.55,16756
1700556300,1420.55,1422.9,1420.35,1421.6,20802
1700556600,1421.6,1422.5,1420.9,1421.5,18391
1700556900,1421.5,1423.9,1421.2,1421.95,26274
1700557200,1421.85,1422.85,1421.2,1422.0,12485
1700557500,1422.0,1424.6,1421.95,1423.95,30649
1700557800,1423.7,1424.2,1422.65,1422.85,22816
1700558100,1422.85,1423.9,1422.0,1423.4,23399
1700558400,1423.5,1424.0,1422.55,1423.95,26145
1700558700,1423.55,1424.5,1423.3,1423.8,29712
1700559000,1423.95,1424.75,1422.55,1423.65,63648
1700559300,1424.3,1425.0,1423.1,1423.8,56911
1700559600,1423.95,1424.5,1422.05,1424.0,67369
1700559900,1423.65,1424.3,1422.75,1422.75,81342
1700560200,1423.0,1424.4,1421.55,1422.95,62269
1700560500,1422.95,1423.95,1420.8,1423.0,29595
1700624700,1425.0,1430.0,1420.75,1428.0,56568
1700625000,1428.0,1428.05,1424.1,1426.3,14099
1700625300,1426.3,1426.75,1423.45,1426.65,14412
1700625600,1426.65,1427.0,1423.75,1424.9,6855
1700625900,1425.0,1426.0,1424.0,1424.15,6931
1700626200,1424.15,1424.6,1418.3,1418.3,23747
1700626500,1418.3,1420.6,1417.35,1418.25,19579
1700626800,1418.25,1421.65,1418.25,1421.65,4236
1700627100,1421.85,1422.0,1419.15,1419.3,5924
1700627400,1419.75,1422.0,1419.3,1421.5,4758
1700627700,1421.5,1421.95,1420.25,1421.85,3624
1700628000,1421.85,1428.35,1421.0,1427.0,150709
1700628300,1427.0,1427.15,1424.6,1426.6,4279
1700628600,1426.6,1426.85,1423.0,1423.8,4111
1700628900,1423.8,1425.95,1423.35,1425.1,4408
1700629200,1424.35,1426.95,1421.5,1426.7,7757
1700629500,1426.7,1426.75,1424.5,1426.7,2205
1700629800,1426.65,1427.0,1426.05,1426.55,3235
1700630100,1426.55,1428.4,1426.0,1427.5,5352
1700630400,1427.5,1428.4,1427.15,1427.95,5542
1700630700,1427.95,1428.0,1427.0,1427.0,1926
1700631000,1427.0,1427.85,1427.0,1427.55,1442
1700631300,1427.55,1427.55,1426.5,1427.2,2185
1700631600,1427.2,1427.4,1426.2,1427.15,2002
1700631900,1427.15,1428.0,1427.15,1427.25,3373
1700632200,1427.85,1429.85,1427.35,1428.4,7498
1700632500,1428.4,1428.95,1427.2,1427.5,2819
1700632800,1427.5,1428.0,1426.75,1427.8,2670
1700633100,1427.8,1428.1,1425.0,1426.05,7648
1700633400,1426.05,1427.15,1425.4,1426.1,3915
1700633700,1426.1,1427.0,1424.2,1426.0,8957
1700634000,1426.0,1426.85,1424.55,1425.45,4646
1700634300,1425.4,1426.85,1425.2,1426.6,4505
1700634600,1425.55,1426.6,1425.2,1425.95,3306
1700634900,1425.95,1426.0,1425.0,1425.4,4719
1700635200,1425.4,1425.95,1422.75,1423.1,6197
1700635500,1423.1,1424.4,1422.75,1422.75,4709
1700635800,1422.05,1423.2,1420.25,1421.75,10091
1700636100,1421.75,1421.8,1420.3,1421.75,6882
1700636400,1421.1,1424.5,1421.0,1424.5,7736
1700636700,1423.8,1426.4,1423.15,1425.5,5982
1700637000,1425.0,1425.5,1424.05,1424.6,2799
1700637300,1424.6,1425.15,1424.05,1425.15,2796
1700637600,1425.15,1426.0,1424.5,1426.0,3460
1700637900,1425.6,1426.0,1424.1,1424.85,3962
1700638200,1424.85,1425.45,1423.95,1425.0,2485
1700638500,1425.0,1427.7,1424.1,1427.0,8664
1700638800,1427.0,1427.8,1426.35,1427.05,2850
1700639100,1427.05,1428.95,1427.0,1427.55,4724
1700639400,1427.55,1429.0,1427.5,1429.0,4541
1700639700,1428.05,1428.85,1427.5,1427.5,3847
1700640000,1427.5,1428.5,1427.5,1427.7,2212
1700640300,1427.7,1428.85,1427.5,1427.75,4181
1700640600,1428.45,1428.7,1427.0,1427.1,2813
1700640900,1427.1,1429.8,1427.0,1429.5,11324
1700641200,1429.4,1430.45,1429.0,1430.0,14031
1700641500,1429.95,1430.1,1429.05,1429.9,6399
1700641800,1429.25,1431.0,1429.0,1430.45,7450
1700642100,1430.45,1430.9,1429.85,1430.55,9360
1700642400,1430.0,1430.1,1428.35,1430.0,28872
1700642700,1430.0,1431.0,1429.55,1430.6,6276
1700643000,1430.6,1431.0,1430.0,1430.95,3653
1700643300,1430.95,1431.0,1429.1,1430.7,9939
1700643600,1430.7,1433.95,1430.2,1432.85,15309
1700643900,1432.65,1432.7,1431.25,1432.55,3316
1700644200,1431.95,1432.6,1431.3,1432.5,5438
1700644500,1432.5,1438.4,1432.0,1438.2,65368
1700644800,1437.9,1438.3,1431.7,1433.6,78078
1700645100,1433.6,1435.1,1432.7,1433.15,6988
1700645400,1433.4,1434.5,1432.6,1432.85,10298
1700645700,1432.85,1433.0,1431.95,1432.65,7493
1700646000,1432.65,1433.6,1431.6,1431.6,13920
1700646300,1431.95,1432.9,1427.15,1427.5,22675
1700646600,1427.3,1429.1,1426.5,1428.0,20308
1700646900,1428.0,1429.95,1426.25,1428.0,18075
1700711100,1430.1,1434.05,1424.2,1424.2,59066
1700711400,1424.2,1432.15,1423.3,1431.65,11367
1700711700,1431.45,1434.35,1431.05,1432.85,12448
1700712000,1432.85,1433.9,1429.45,1431.3,18566
1700712300,1431.55,1432.05,1429.6,1431.6,11365
1700712600,1431.6,1431.85,1428.9,1428.9,4338
1700712900,1428.9,1429.6,1424.05,1425.75,14336
1700713200,1425.75,1427.65,1424.2,1426.3,7089
1700713500,1426.3,1430.0,1426.1,1426.9,4064
1700713800,1426.9,1427.35,1424.8,1425.9,3075
1700714100,1425.9,1426.45,1424.85,1426.35,2507
1700714400,1426.35,1427.2,1424.0,1426.95,7515
1700714700,1427.0,1427.2,1422.1,1422.4,7674
1700715000,1422.1,1423.75,1421.05,1423.75,12647
1700715300,1423.75,1424.6,1422.0,1423.6,3785
1700715600,1423.6,1424.85,1421.0,1421.15,4016
1700715900,1421.15,1423.0,1421.0,1421.4,2991
1700716200,1421.4,1421.65,1420.1,1420.55,5198
1700716500,1420.55,1421.3,1420.05,1420.95,5294
1700716800,1420.95,1422.4,1420.25,1421.65,2478
1700717100,1421.65,1422.55,1421.05,1422.25,2211
1700717400,1422.25,1423.65,1421.0,1422.9,2438
1700717700,1422.9,1423.3,1419.15,1419.7,8282
1700718000,1419.7,1419.7,1418.0,1418.3,12113
1700718300,1418.3,1419.95,1417.85,1418.7,2134
1700718600,1418.7,1420.0,1418.5,1418.55,2156
1700718900,1418.55,1419.3,1418.0,1418.3,2002
1700719200,1418.3,1419.0,1418.3,1419.0,1648
1700719500,1419.25,1419.25,1413.35,1413.8,13489
1700719800,1413.8,1415.8,1413.4,1414.95,5168
1700720100,1414.95,1415.75,1412.55,1413.15,10159
1700720400,1412.55,1413.65,1412.5,1413.05,4018
1700720700,1413.05,1414.2,1413.05,1413.5,5414
1700721000,1413.5,1414.35,1413.1,1413.95,4196
1700721300,1413.95,1414.0,1413.25,1413.4,1386
1700721600,1413.4,1414.5,1413.35,1414.2,2119
1700721900,1414.25,1414.75,1413.55,1414.7,1744
1700722200,1414.7,1417.0,1413.9,1416.85,7436
1700722500,1416.85,1418.0,1416.4,1417.8,8546
1700722800,1417.8,1418.0,1410.2,1410.6,10148
1700723100,1410.6,1412.25,1409.85,1412.25,5858
1700723400,1412.25,1412.6,1410.05,1410.9,4097
1700723700,1410.9,1413.0,1410.9,1412.1,2833
1700724000,1412.1,1413.45,1412.1,1412.65,2707
1700724300,1412.65,1413.3,1412.05,1413.3,3850
1700724600,1413.0,1413.5,1412.55,1413.45,2262
1700724900,1413.45,1413.5,1411.6,1412.35,3883
1700725200,1412.35,1412.75,1410.1,1411.05,2979
1700725500,1411.05,1413.2,1410.7,1412.5,2043
1700725800,1413.15,1413.15,1410.9,1410.9,2429
1700726100,1410.9,1412.95,1410.85,1412.1,1732
1700726400,1412.1,1413.05,1411.8,1412.45,1887
1700726700,1412.45,1412.95,1411.1,1411.1,1951
1700727000,1411.1,1412.25,1410.1,1410.15,2142
1700727300,1410.15,1412.0,1410.1,1411.3,1944
1700727600,1411.3,1412.45,1410.15,1411.1,4229
1700727900,1411.1,1411.65,1409.45,1410.9,4478
1700728200,1411.75,1411.85,1409.25,1410.0,2429
1700728500,1410.0,1410.55,1409.4,1410.25,5284
1700728800,1410.25,1411.3,1409.4,1409.7,2367
1700729100,1410.15,1411.65,1409.7,1410.5,3371
1700729400,1410.5,1411.4,1409.5,1411.0,2877
1700729700,1411.0,1411.0,1409.95,1410.75,1405
1700730000,1410.75,1410.85,1409.35,1409.95,2669
1700730300,1409.5,1409.95,1408.25,1408.4,4652
1700730600,1408.4,1409.75,1406.55,1406.55,9769
1700730900,1406.55,1409.0,1406.35,1408.4,11172
1700731200,1408.4,1411.25,1407.75,1411.0,7688
1700731500,1410.8,1411.4,1408.35,1410.3,6007
1700731800,1410.3,1411.0,1408.6,1410.8,5894
1700732100,1410.8,1411.9,1409.1,1411.65,8068
1700732400,1411.95,1412.0,1410.15,1411.5,9944
1700732700,1411.5,1413.1,1411.15,1412.65,14575
1700733000,1412.35,1414.45,1410.6,1413.95,19168
1700733300,1413.95,1414.05,1408.1,1408.1,73608
1700797500,1414.0,1418.95,1408.6,1409.05,20021
1700797800,1409.8,1411.7,1406.4,1410.0,7328
1700798100,1410.0,1411.7,1407.4,1411.4,3198
1700798400,1411.4,1411.7,1408.0,1408.4,7294
1700798700,1408.4,1411.35,1407.3,1409.55,9811
1700799000,1409.55,1411.0,1408.05,1409.5,3417
1700799300,1409.5,1411.0,1407.75,1407.75,3094
1700799600,1407.75,1408.5,1403.4,1404.0,7614
1700799900,1404.25,1404.3,1401.35,1402.3,5715
1700800200,1402.3,1403.2,1401.05,1402.95,4816
1700800500,1402.95,1405.9,1402.35,1405.5,5073
1700800800,1405.5,1405.95,1404.05,1405.5,4935
1700801100,1405.7,1406.3,1404.35,1404.55,2181
1700801400,1404.55,1405.95,1403.0,1405.4,3427
1700801700,1405.4,1407.6,1405.0,1405.5,2035
1700802000,1405.5,1405.8,1402.3,1402.3,1977
1700802300,1402.3,1405.1,1402.3,1405.1,1129
1700802600,1405.1,1408.4,1404.5,1407.5,4027
1700802900,1407.5,1409.25,1407.1,1409.1,5250
1700803200,1409.0,1409.15,1406.4,1407.6,2176
1700803500,1407.6,1410.9,1406.15,1408.6,3746
1700803800,1408.6,1410.0,1406.55,1409.0,2544
1700804100,1409.0,1409.45,1408.2,1409.45,1543
1700804400,1409.45,1409.9,1408.2,1409.8,3840
1700804700,1409.8,1409.95,1408.35,1409.0,1707
1700805000,1409.0,1410.55,1409.0,1410.0,1059
1700805300,1410.0,1410.0,1409.15,1409.75,347
1700805600,1409.15,1409.6,1408.0,1408.2,1738
1700805900,1408.2,1409.15,1407.05,1407.6,1270
1700806200,1407.6,1409.95,1407.0,1409.75,4119
1700806500,1409.75,1410.0,1409.15,1409.65,592
1700806800,1409.7,1410.0,1407.9,1410.0,7359
1700807100,1410.0,1410.0,1408.55,1409.0,1276
1700807400,1409.0,1409.8,1408.05,1409.6,729
1700807700,1409.6,1409.6,1408.15,1409.5,1842
1700808000,1409.5,1409.5,1408.6,1409.4,582
1700808300,1409.4,1409.65,1408.1,1408.75,2644
1700808600,1408.85,1409.1,1407.6,1408.35,732
1700808900,1408.3,1408.6,1405.9,1407.3,1516
1700809200,1407.3,1409.0,1406.5,1408.65,1527
1700809500,1408.65,1409.1,1408.1,1408.15,2079
1700809800,1407.75,1408.5,1405.95,1407.0,5865
1700810100,1407.0,1408.3,1406.3,1407.4,2612
1700810400,1407.4,1408.4,1407.4,1408.15,902
1700810700,1408.15,1409.05,1407.8,1408.1,1475
1700811000,1408.1,1409.8,1408.1,1408.75,5396
1700811300,1408.75,1409.75,1408.75,1409.5,2957
1700811600,1409.5,1409.85,1408.3,1408.95,3045
1700811900,1408.95,1410.45,1408.6,1409.95,11919
1700812200,1409.95,1411.1,1408.3,1409.45,24524
1700812500,1409.45,1410.0,1408.65,1409.1,2603
1700812800,1409.1,1409.65,1408.7,1409.25,1197
1700813100,1409.25,1409.95,1408.55,1409.35,3049
1700813400,1409.35,1410.0,1408.55,1409.3,3618
1700813700,1409.3,1410.0,1408.9,1410.0,3378
1700814000,1410.0,1411.0,1409.8,1409.8,5406
1700814300,1409.8,1410.0,1409.0,1410.0,2432
1700814600,1410.0,1410.0,1409.65,1409.8,2138
1700814900,1409.8,1410.95,1409.05,1409.25,21911
1700815200,1409.25,1410.9,1409.25,1410.15,6935
1700815500,1410.15,1410.55,1409.55,1410.0,3446
1700815800,1410.0,1410.0,1409.95,1409.95,3471
1700816100,1409.95,1410.0,1409.5,1409.85,2675
1700816400,1409.8,1410.0,1408.55,1409.55,3278
1700816700,1409.55,1410.0,1408.5,1409.1,3212
1700817000,1409.1,1410.0,1408.5,1409.95,4046
1700817300,1409.95,1410.85,1408.05,1409.35,6859
1700817600,1409.35,1409.35,1408.55,1409.05,3329
1700817900,1409.05,1410.95,1408.05,1410.5,21118
1700818200,1410.0,1411.0,1408.85,1410.3,13876
1700818500,1410.5,1410.75,1409.35,1410.0,12228
1700818800,1410.0,1410.0,1409.7,1410.0,8778
1700819100,1410.0,1412.75,1408.15,1408.15,17643
1700819400,1408.15,1409.85,1407.9,1408.85,16499
1700819700,1408.85,1410.0,1403.0,1404.75,8526
1701143100,1409.8,1410.75,1393.1,1406.8,44541
1701143400,1406.8,1411.85,1406.45,1410.0,22534
1701143700,1410.3,1411.95,1403.55,1403.55,136552
1701144000,1403.55,1405.35,1402.85,1403.3,13189
1701144300,1403.3,1403.65,1402.2,1402.7,8128
1701144600,1402.7,1403.25,1400.05,1400.95,15772
1701144900,1400.9,1400.9,1395.6,1396.1,20340
1701145200,1396.1,1398.05,1396.0,1398.0,12843
1701145500,1398.0,1400.0,1397.4,1399.75,6864
1701145800,1399.75,1399.95,1396.5,1397.0,11181
1701146100,1397.0,1398.2,1393.55,1394.05,22217
1701146400,1394.15,1396.35,1393.55,1394.0,15440
1701146700,1394.0,1395.95,1393.85,1394.4,18298
1701147000,1394.4,1395.75,1393.55,1394.35,85912
1701147300,1394.35,1399.55,1394.05,1397.6,40542
1701147600,1397.6,1399.9,1396.85,1399.7,10731
1701147900,1399.7,1401.55,1397.65,1398.55,96076
1701148200,1398.55,1400.5,1397.95,1399.5,14815
1701148500,1399.5,1399.8,1397.75,1398.75,5089
1701148800,1398.75,1399.5,1397.5,1397.9,9440
1701149100,1397.9,1398.5,1396.1,1396.35,10683
1701149400,1396.35,1396.35,1394.5,1394.95,9020
1701149700,1394.95,1395.9,1394.55,1395.7,5675
1701150000,1395.7,1397.25,1395.25,1396.05,8037
1701150300,1396.05,1397.75,1395.8,1397.0,3748
1701150600,1397.0,1397.5,1395.6,1395.6,7259
1701150900,1395.6,1396.7,1394.85,1394.85,9321
1701151200,1394.95,1396.5,1394.6,1395.3,6847
1701151500,1395.3,1396.1,1395.15,1396.1,8122
1701151800,1396.1,1396.25,1395.4,1395.8,2327
1701152100,1395.8,1396.5,1395.0,1396.5,5903
1701152400,1396.5,1397.0,1396.0,1396.3,2959
1701152700,1396.3,1397.0,1395.15,1396.4,12646
1701153000,1396.4,1397.0,1395.7,1396.05,8484
1701153300,1396.0,1396.9,1395.75,1396.2,3702
1701153600,1396.2,1397.65,1396.2,1397.0,8157
1701153900,1397.05,1398.8,1396.8,1398.1,6386
1701154200,1398.1,1398.6,1397.2,1398.55,2890
1701154500,1398.3,1399.25,1398.3,1399.05,3630
1701154800,1399.05,1400.75,1398.9,1399.0,30134
1701155100,1399.2,1400.4,1399.0,1399.7,17741
1701155400,1399.6,1400.3,1399.25,1399.9,5604
1701155700,1399.75,1399.9,1398.0,1398.05,8844
1701156000,1398.0,1398.1,1394.65,1394.65,15596
1701156300,1394.5,1395.95,1394.45,1395.75,3410
1701156600,1395.65,1395.8,1394.7,1395.4,4198
1701156900,1395.4,1396.9,1395.05,1396.75,4697
1701157200,1396.75,1397.3,1396.0,1397.2,5385
1701157500,1397.2,1397.3,1396.2,1396.65,4677
1701157800,1396.35,1396.9,1395.0,1395.85,7279
1701158100,1395.85,1396.8,1395.05,1396.1,3082
1701158400,1396.1,1397.1,1395.6,1396.4,2030
1701158700,1395.9,1399.8,1395.9,1399.8,3184
1701159000,1399.8,1400.1,1398.55,1399.9,6585
1701159300,1399.7,1400.7,1399.05,1399.5,4092
1701159600,1399.5,1402.0,1399.5,1401.95,5339
1701159900,1401.95,1404.0,1401.6,1403.6,8849
1701160200,1403.6,1405.0,1402.5,1405.0,7443
1701160500,1405.0,1405.9,1403.9,1405.2,5434
1701160800,1404.8,1405.6,1404.5,1404.8,6604
1701161100,1404.8,1409.15,1404.8,1409.15,16606
1701161400,1408.75,1413.95,1407.35,1413.45,33211
1701161700,1413.4,1414.45,1410.05,1412.95,12231
1701162000,1412.95,1415.0,1412.1,1414.65,8523
1701162300,1414.65,1415.2,1413.25,1414.9,7490
1701162600,1414.9,1414.9,1410.0,1411.5,10993
1701162900,1411.6,1413.05,1410.2,1411.4,14757
1701163200,1411.75,1411.95,1409.5,1410.3,7979
1701163500,1410.3,1410.9,1409.9,1410.4,8769
1701163800,1410.4,1412.5,1409.95,1411.55,12262
1701164100,1411.55,1413.65,1411.45,1413.1,15260
1701164400,1413.65,1413.65,1410.65,1412.55,18853
1701164700,1412.35,1412.55,1410.4,1411.05,18578
1701165000,1411.25,1415.65,1411.15,1415.65,18939
1701165300,1415.55,1417.3,1411.45,1413.0,22379
1701229500,1415.45,1419.6,1410.05,1416.9,25810
1701229800,1416.45,1418.4,1414.6,1417.95,11904
1701230100,1417.95,1417.95,1416.15,1416.7,8392
1701230400,1416.7,1418.95,1416.65,1418.4,6422
1701230700,1418.4,1420.95,1418.05,1419.15,11771
1701231000,1419.15,1419.95,1417.65,1419.85,13915
1701231300,1419.85,1421.0,1419.3,1419.95,13980
1701231600,1419.95,1420.0,1418.15,1418.25,7385
1701231900,1418.25,1419.9,1418.0,1418.8,5034
1701232200,1418.8,1418.8,1418.05,1418.15,4010
1701232500,1418.15,1418.9,1416.45,1417.9,10034
1701232800,1417.9,1418.05,1415.0,1415.05,8699
1701233100,1415.05,1416.05,1414.4,1415.5,9384
1701233400,1415.6,1415.8,1413.15,1413.35,112282
1701233700,1413.35,1413.7,1413.1,1413.15,2722
1701234000,1413.15,1413.4,1409.15,1409.15,14355
1701234300,1409.15,1409.95,1407.95,1408.2,11791
1701234600,1408.2,1409.7,1407.25,1409.6,10025
1701234900,1409.6,1415.0,1409.6,1414.5,15417
1701235200,1414.5,1415.65,1413.35,1415.0,8936
1701235500,1415.0,1415.0,1413.1,1414.65,5956
1701235800,1414.65,1415.6,1414.3,1415.05,6932
1701236100,1415.05,1417.3,1415.05,1416.95,7503
1701236400,1416.95,1418.0,1415.9,1416.9,8682
1701236700,1416.9,1417.25,1414.45,1414.9,25624
1701237000,1414.85,1416.25,1414.2,1416.2,7593
1701237300,1415.6,1416.5,1415.25,1416.35,6174
1701237600,1416.35,1416.7,1415.45,1416.1,9245
1701237900,1416.1,1416.75,1415.1,1416.15,9621
1701238200,1416.15,1416.5,1414.8,1414.95,9915
1701238500,1414.8,1415.0,1414.65,1414.75,4175
1701238800,1414.75,1414.9,1414.3,1414.3,3761
1701239100,1414.3,1414.3,1413.55,1413.8,4732
1701239400,1413.8,1414.05,1412.0,1412.2,8053
1701239700,1412.2,1412.35,1411.0,1411.25,10917
1701240000,1411.25,1413.8,1411.0,1412.6,8707
1701240300,1412.6,1414.5,1412.45,1413.9,8160
1701240600,1413.9,1415.4,1413.85,1414.3,8666
1701240900,1414.3,1414.75,1412.45,1412.45,7222
1701241200,1412.45,1414.0,1412.45,1413.4,4392
1701241500,1413.85,1414.0,1413.4,1413.85,4150
1701241800,1413.8,1414.45,1413.05,1414.4,6981
1701242100,1414.4,1415.0,1414.1,1414.25,5430
1701242400,1414.25,1414.45,1413.0,1413.2,5270
1701242700,1413.1,1413.2,1412.1,1412.85,5891
1701243000,1412.85,1413.0,1412.3,1412.65,4876
1701243300,1412.65,1413.2,1411.8,1411.85,9623
1701243600,1411.85,1412.45,1411.3,1412.1,7887
1701243900,1412.1,1412.1,1411.3,1411.5,4520
1701244200,1411.5,1411.65,1410.5,1410.55,8633
1701244500,1410.55,1412.05,1410.5,1412.05,5510
1701244800,1411.45,1412.05,1410.6,1411.1,5414
1701245100,1411.1,1411.1,1409.0,1409.0,7210
1701245400,1409.5,1410.0,1408.0,1409.95,9571
1701245700,1409.95,1412.95,1409.55,1412.45,9632
1701246000,1413.35,1414.0,1412.0,1413.25,11271
1701246300,1413.25,1415.05,1412.4,1413.8,12994
1701246600,1413.5,1414.5,1412.9,1413.5,17476
1701246900,1413.5,1414.65,1413.25,1413.65,10983
1701247200,1413.65,1414.3,1412.25,1412.35,11211
1701247500,1412.35,1412.35,1409.95,1409.95,12258
1701247800,1409.95,1410.1,1408.0,1408.4,12159
1701248100,1408.3,1409.45,1408.05,1408.85,11327
1701248400,1408.85,1409.15,1407.0,1408.2,12414
1701248700,1408.2,1409.35,1407.65,1408.0,13035
1701249000,1408.0,1409.25,1406.75,1408.75,13903
1701249300,1408.1,1410.65,1408.1,1409.5,10907
1701249600,1409.5,1409.95,1407.5,1408.4,13772
1701249900,1408.4,1408.4,1406.15,1407.1,13595
1701250200,1406.55,1409.45,1406.05,1409.25,20627
1701250500,1409.25,1409.3,1407.05,1408.55,22204
1701250800,1408.05,1408.75,1407.15,1408.45,22752
1701251100,1408.45,1408.7,1407.2,1407.85,27660
1701251400,1407.85,1408.5,1406.55,1408.3,25909
1701251700,1408.5,1410.0,1406.0,1410.0,12232
1701315900,1410.0,1419.0,1409.05,1418.5,261714
1701316200,1418.5,1424.8,1417.9,1424.6,47362
1701316500,1424.6,1433.15,1424.2,1431.95,70392
1701316800,1431.95,1432.35,1425.4,1430.65,41902
1701317100,1430.65,1433.0,1428.45,1430.0,40200
1701317400,1430.0,1435.0,1429.35,1434.15,62200
1701317700,1434.15,1438.95,1433.3,1436.85,87588
1701318000,1436.85,1438.35,1433.85,1434.0,74070
1701318300,1434.0,1437.95,1430.0,1437.95,70822
1701318600,1437.45,1438.0,1436.25,1437.7,31807
1701318900,1437.7,1437.7,1434.65,1436.0,22446
1701319200,1436.0,1436.45,1433.05,1434.8,25288
1701319500,1434.8,1435.95,1432.3,1432.95,23342
1701319800,1432.95,1434.85,1432.0,1434.0,12460
1701320100,1434.0,1435.1,1432.0,1432.0,15258
1701320400,1432.75,1434.95,1432.0,1432.5,11150
1701320700,1432.5,1433.85,1430.05,1433.3,25371
1701321000,1433.4,1435.0,1433.25,1435.0,13795
1701321300,1435.0,1436.0,1434.6,1435.65,15610
1701321600,1435.8,1437.5,1435.1,1437.5,15060
1701321900,1437.5,1440.0,1436.3,1439.6,35915
1701322200,1439.8,1442.0,1439.8,1441.75,37835
1701322500,1441.75,1443.5,1441.0,1442.95,24471
1701322800,1442.2,1442.95,1440.0,1442.0,27506
1701323100,1442.2,1442.5,1441.0,1442.0,10411
1701323400,1442.0,1442.3,1440.8,1441.55,10151
1701323700,1441.55,1441.8,1440.05,1441.5,12044
1701324000,1441.5,1442.35,1440.0,1440.25,12817
1701324300,1440.25,1440.85,1440.0,1440.4,10475
1701324600,1440.4,1440.75,1439.05,1440.1,17137
1701324900,1440.1,1441.9,1439.4,1441.85,15906
1701325200,1441.3,1441.9,1440.6,1441.4,5782
1701325500,1440.75,1442.0,1440.35,1441.4,10878
1701325800,1441.4,1441.5,1440.0,1441.25,8935
1701326100,1440.85,1441.5,1440.1,1440.55,11560
1701326400,1440.55,1441.0,1440.0,1440.05,10392
1701326700,1440.05,1441.0,1438.4,1441.0,36460
1701327000,1441.0,1441.0,1439.95,1440.15,12305
1701327300,1440.2,1442.9,1438.5,1442.2,30616
1701327600,1442.2,1442.75,1440.5,1441.55,15528
1701327900,1441.55,1442.25,1440.75,1441.7,7375
1701328200,1441.7,1443.1,1441.0,1441.5,28199
1701328500,1441.5,1442.0,1441.0,1441.1,10671
1701328800,1441.1,1442.45,1440.7,1441.05,12557
1701329100,1441.1,1441.8,1440.5,1441.0,15303
1701329400,1441.0,1442.0,1440.5,1441.75,20238
1701329700,1441.8,1442.45,1440.55,1440.95,14668
1701330000,1441.0,1442.0,1440.1,1441.5,15829
1701330300,1441.5,1443.9,1440.95,1442.45,31131
1701330600,1442.45,1443.4,1440.6,1441.0,21393
1701330900,1441.6,1441.6,1440.0,1441.1,21574
1701331200,1441.55,1441.95,1440.3,1440.7,8284
1701331500,1440.7,1441.4,1440.3,1440.3,11637
1701331800,1440.75,1442.5,1440.0,1442.05,20656
1701332100,1442.1,1442.6,1440.65,1441.65,16953
1701332400,1442.0,1442.0,1435.4,1437.7,96157
1701332700,1438.0,1438.75,1432.4,1435.5,82672
1701333000,1435.5,1436.0,1433.1,1434.65,24506
1701333300,1434.65,1437.0,1433.75,1436.15,17671
1701333600,1436.15,1437.0,1435.0,1436.35,14187
1701333900,1436.9,1437.0,1435.5,1436.3,16448
1701334200,1436.3,1436.95,1435.05,1435.5,14616
1701334500,1435.5,1437.0,1434.45,1434.45,15772
1701334800,1434.45,1436.8,1430.5,1433.95,49397
1701335100,1433.95,1436.9,1433.15,1436.35,22505
1701335400,1436.35,1441.75,1435.2,1440.15,38296
1701335700,1440.15,1440.95,1436.9,1439.9,23366
1701336000,1439.7,1441.5,1437.8,1440.15,23418
1701336300,1440.15,1442.2,1439.8,1440.95,19358
1701336600,1440.4,1440.45,1428.1,1436.65,204777
1701336900,1436.7,1437.25,1435.15,1435.85,137966
1701337200,1435.8,1438.95,1434.6,1436.35,181688
1701337500,1436.3,1437.95,1434.5,1437.05,185663
1701337800,1437.0,1437.85,1432.3,1435.6,153658
1701338100,1435.65,1437.15,1432.65,1434.1,123765
1701402300,1438.05,1445.0,1430.45,1432.55,36555
1701402600,1432.55,1434.9,1426.6,1429.1,33238
1701402900,1429.1,1430.0,1426.5,1427.15,17207
1701403200,1427.15,1428.2,1426.35,1426.65,13719
1701403500,1426.65,1427.45,1422.0,1422.85,16169
1701403800,1422.85,1424.35,1420.65,1421.55,23605
1701404100,1421.55,1424.8,1420.8,1424.45,20997
1701404400,1424.45,1425.2,1422.1,1425.2,9446
1701404700,1425.2,1425.65,1422.95,1423.6,10530
1701405000,1423.6,1425.75,1422.2,1422.9,14362
1701405300,1422.9,1425.2,1422.65,1425.2,11414
1701405600,1425.2,1428.1,1424.4,1427.1,23521
1701405900,1427.1,1429.4,1425.95,1428.9,12480
1701406200,1428.9,1428.9,1425.0,1425.0,10431
1701406500,1425.0,1426.35,1424.0,1425.0,9993
1701406800,1425.0,1427.5,1425.0,1427.5,7067
1701407100,1427.5,1427.5,1426.1,1426.2,6623
1701407400,1426.2,1426.6,1426.15,1426.35,6101
1701407700,1426.35,1427.85,1426.1,1427.25,6817
1701408000,1427.25,1427.25,1426.1,1427.05,5620
1701408300,1427.0,1427.9,1427.0,1427.9,3857
1701408600,1427.9,1429.0,1427.0,1427.3,7820
1701408900,1427.3,1427.3,1427.0,1427.0,5167
1701409200,1427.1,1429.0,1427.0,1428.25,6471
1701409500,1428.25,1428.75,1428.0,1428.1,3051
1701409800,1428.1,1428.5,1427.05,1427.75,6976
1701410100,1427.9,1427.9,1426.9,1427.35,3351
1701410400,1427.3,1427.35,1426.6,1427.05,5282
1701410700,1427.05,1428.5,1427.0,1427.85,7099
1701411000,1427.85,1428.55,1427.0,1427.8,8175
1701411300,1427.8,1430.0,1427.05,1427.05,17398
1701411600,1427.05,1427.9,1427.0,1427.2,3103
1701411900,1427.2,1427.55,1427.0,1427.05,4606
1701412200,1427.05,1428.75,1427.0,1428.05,6954
1701412500,1428.05,1429.0,1427.0,1427.25,5678
1701412800,1427.25,1428.0,1426.25,1427.7,8742
1701413100,1427.7,1430.0,1427.05,1428.6,12934
1701413400,1428.6,1429.5,1427.7,1428.15,4638
1701413700,1428.6,1429.45,1426.75,1427.8,8538
1701414000,1427.25,1428.35,1427.15,1427.55,4253
1701414300,1427.55,1429.0,1427.55,1428.7,4038
1701414600,1428.6,1429.0,1428.15,1428.35,4162
1701414900,1428.35,1430.0,1428.0,1429.15,4970
1701415200,1429.15,1430.0,1429.1,1429.55,4638
1701415500,1429.55,1430.7,1429.05,1429.1,4428
1701415800,1429.1,1429.85,1427.95,1428.25,5168
1701416100,1428.4,1428.4,1427.35,1427.65,3540
1701416400,1427.65,1427.7,1426.55,1427.0,6801
1701416700,1427.0,1427.25,1426.5,1427.15,7244
1701417000,1427.15,1427.2,1427.0,1427.05,3884
1701417300,1427.05,1427.65,1426.6,1427.25,4656
1701417600,1427.25,1428.75,1427.05,1427.65,5678
1701417900,1427.65,1427.95,1426.9,1427.05,4657
1701418200,1427.1,1427.95,1427.0,1427.1,9064
1701418500,1427.0,1428.0,1426.7,1427.55,5478
1701418800,1427.55,1427.95,1427.0,1427.0,4366
1701419100,1427.1,1428.0,1426.95,1427.05,7154
1701419400,1427.05,1427.2,1426.7,1427.0,5053
1701419700,1427.0,1427.75,1424.25,1424.55,28703
1701420000,1424.55,1427.3,1424.55,1426.75,24369
1701420300,1426.75,1427.3,1426.7,1427.05,10853
1701420600,1427.0,1427.4,1425.3,1426.35,14784
1701420900,1426.3,1426.35,1425.05,1425.2,3768
1701421200,1425.05,1425.2,1422.6,1423.55,13415
1701421500,1423.55,1424.5,1422.3,1422.75,6426
1701421800,1422.75,1424.5,1422.65,1423.6,10986
1701422100,1423.6,1425.35,1423.6,1425.0,10093
1701422400,1425.0,1425.05,1423.2,1424.6,12123
1701422700,1424.6,1426.2,1423.5,1425.75,10365
1701423000,1425.75,1426.95,1425.55,1425.65,15773
1701423300,1425.6,1426.0,1424.55,1425.25,14441
1701423600,1425.2,1426.15,1424.6,1424.6,14929
1701423900,1424.75,1425.6,1421.8,1423.9,39521
1701424200,1423.9,1423.9,1421.05,1421.05,21549
1701424500,1421.1,1423.2,1420.1,1420.3,31746
1701661500,1439.9,1440.0,1428.0,1435.95,38241
1701661800,1435.95,1435.95,1432.25,1434.85,19281
1701662100,1434.85,1435.5,1432.7,1434.4,19896
1701662400,1434.4,1437.45,1432.6,1435.9,14014
1701662700,1435.6,1435.6,1426.9,1427.45,12138
1701663000,1426.95,1428.4,1425.0,1425.05,13892
1701663300,1425.05,1427.25,1423.25,1424.2,14085
1701663600,1424.2,1425.25,1423.0,1423.4,12668
1701663900,1423.6,1424.0,1418.6,1419.9,13609
1701664200,1419.8,1419.8,1415.0,1417.6,15820
1701664500,1417.6,1419.95,1416.15,1419.05,8026
1701664800,1419.05,1422.8,1418.0,1422.8,122069
1701665100,1422.8,1424.0,1421.5,1422.2,11991
1701665400,1422.2,1423.65,1421.15,1422.1,84372
1701665700,1422.1,1422.95,1421.15,1422.35,16096
1701666000,1422.0,1422.9,1421.5,1422.2,13135
1701666300,1422.2,1424.3,1422.0,1424.3,3982
1701666600,1424.05,1426.95,1423.15,1426.85,10970
1701666900,1426.9,1428.05,1426.2,1426.95,7537
1701667200,1426.95,1432.0,1426.2,1431.65,14948
1701667500,1431.6,1434.9,1431.6,1433.85,20775
1701667800,1433.85,1434.0,1432.25,1433.15,11261
1701668100,1433.15,1439.9,1432.65,1439.5,42394
1701668400,1439.55,1441.25,1437.9,1441.25,69062
1701668700,1441.25,1442.35,1440.0,1440.85,16288
1701669000,1440.85,1441.95,1440.0,1440.1,16606
1701669300,1440.1,1441.2,1440.0,1441.2,22104
1701669600,1441.15,1447.3,1440.15,1445.15,64689
1701669900,1445.6,1446.35,1445.0,1445.65,23049
1701670200,1445.6,1452.0,1445.6,1450.7,94714
1701670500,1450.75,1451.4,1449.65,1450.9,48068
1701670800,1450.5,1451.0,1447.1,1451.0,34825
1701671100,1450.95,1451.4,1447.65,1450.35,27916
1701671400,1450.8,1450.8,1445.9,1447.25,26628
1701671700,1447.25,1449.5,1446.35,1449.45,14446
1701672000,1449.4,1451.3,1448.45,1450.0,36490
1701672300,1450.05,1450.7,1448.05,1450.2,21119
1701672600,1450.2,1450.3,1447.05,1448.6,30025
1701672900,1448.45,1448.5,1445.0,1445.9,27017
1701673200,1445.85,1445.9,1440.5,1441.8,26995
1701673500,1441.05,1442.0,1438.3,1439.5,24135
1701673800,1439.5,1439.55,1438.45,1439.0,11234
1701674100,1438.95,1439.0,1435.1,1436.8,19398
1701674400,1436.85,1438.35,1436.0,1437.7,18374
1701674700,1437.7,1440.4,1437.35,1437.8,17960
1701675000,1438.0,1438.25,1435.7,1437.5,14981
1701675300,1437.5,1438.75,1436.6,1437.85,13278
1701675600,1437.85,1438.95,1437.5,1437.85,12052
1701675900,1437.75,1439.4,1436.55,1439.35,13822
1701676200,1439.4,1441.8,1439.1,1441.15,16170
1701676500,1441.05,1441.05,1436.8,1437.4,12728
1701676800,1437.75,1439.35,1437.75,1438.8,10331
1701677100,1438.8,1439.2,1438.35,1438.7,10508
1701677400,1438.45,1440.15,1438.45,1440.15,17926
1701677700,1440.3,1446.1,1440.3,1443.25,29248
1701678000,1443.4,1445.95,1443.25,1445.1,17099
1701678300,1445.1,1447.9,1444.75,1446.85,19647
1701678600,1446.9,1449.95,1446.3,1448.35,31248
1701678900,1448.35,1449.95,1446.95,1449.8,17239
1701679200,1449.95,1451.6,1448.9,1450.85,33131
1701679500,1450.85,1450.85,1450.0,1450.35,12242
1701679800,1450.4,1450.55,1446.2,1446.95,38918
1701680100,1446.95,1450.8,1446.2,1450.65,22940
1701680400,1450.7,1451.0,1450.0,1450.05,15282
1701680700,1450.05,1450.8,1448.55,1449.85,17928
1701681000,1449.85,1450.9,1449.4,1450.0,36592
1701681300,1450.0,1450.65,1449.95,1450.05,11289
1701681600,1450.05,1451.0,1448.2,1450.8,31092
1701681900,1450.8,1454.85,1449.55,1454.8,48620
1701682200,1454.85,1455.5,1452.1,1454.0,35848
1701682500,1454.05,1456.95,1453.95,1456.3,46986
1701682800,1456.3,1456.35,1452.8,1453.0,58926
1701683100,1452.95,1453.7,1449.0,1450.9,78765
1701683400,1451.0,1456.5,1450.0,1455.6,80409
1701683700,1455.6,1458.6,1452.35,1456.2,39142
1701747900,1454.0,1458.0,1443.0,1448.55,101315
1701748200,1448.55,1453.5,1448.05,1451.6,43859
1701748500,1452.05,1457.9,1449.9,1456.95,58166
1701748800,1456.8,1459.5,1454.0,1456.8,51513
1701749100,1456.8,1460.0,1455.55,1458.55,30570
1701749400,1458.45,1463.0,1457.25,1462.6,33445
1701749700,1462.55,1463.0,1456.15,1456.15,20925
1701750000,1456.15,1456.55,1450.05,1452.45,26497
1701750300,1452.8,1453.85,1450.05,1452.7,12906
1701750600,1452.7,1457.0,1451.75,1457.0,21609
1701750900,1457.45,1458.5,1455.2,1455.9,14463
1701751200,1455.9,1458.45,1454.7,1456.1,7605
1701751500,1456.1,1458.0,1453.65,1456.3,19249
1701751800,1456.45,1456.8,1449.5,1449.7,39073
1701752100,1450.2,1450.25,1446.1,1449.1,26776
1701752400,1449.75,1456.0,1449.0,1453.3,37820
1701752700,1453.3,1463.0,1453.0,1463.0,62700
1701753000,1462.65,1468.9,1462.65,1465.95,155466
1701753300,1465.9,1467.5,1465.1,1467.5,23703
1701753600,1467.55,1468.9,1466.15,1467.55,19960
1701753900,1467.55,1468.25,1466.0,1467.1,17136
1701754200,1467.1,1468.45,1466.5,1468.3,17233
1701754500,1468.2,1469.0,1461.8,1464.3,61630
1701754800,1464.05,1467.6,1462.0,1465.5,65525
1701755100,1465.5,1469.75,1463.1,1469.6,40221
1701755400,1469.55,1472.0,1463.3,1463.6,52206
1701755700,1463.6,1464.95,1460.45,1462.35,12172
1701756000,1462.35,1467.0,1459.9,1466.15,34339
1701756300,1466.1,1467.1,1463.0,1464.7,24960
1701756600,1464.45,1464.6,1458.0,1460.3,13097
1701756900,1460.3,1460.95,1459.25,1460.65,9692
1701757200,1460.7,1463.9,1458.1,1463.35,15142
1701757500,1463.35,1466.4,1462.6,1464.35,20414
1701757800,1464.35,1467.15,1462.2,1463.1,8647
1701758100,1463.1,1464.3,1459.8,1462.8,15350
1701758400,1462.8,1463.5,1459.95,1460.45,5803
1701758700,1460.45,1463.05,1460.45,1461.95,5285
1701759000,1461.95,1463.15,1460.0,1460.95,6318
1701759300,1460.9,1462.0,1460.0,1461.4,5286
1701759600,1461.4,1461.65,1460.0,1460.65,4624
1701759900,1460.65,1462.75,1460.5,1462.7,5048
1701760200,1462.7,1465.0,1461.85,1464.4,130734
1701760500,1464.3,1464.85,1463.55,1464.35,4242
1701760800,1464.35,1464.75,1461.0,1461.5,8039
1701761100,1461.5,1462.45,1461.0,1461.45,6306
1701761400,1462.1,1462.7,1461.2,1461.6,7485
1701761700,1461.65,1462.15,1461.0,1462.1,14361
1701762000,1462.15,1463.1,1462.0,1462.9,8079
1701762300,1462.9,1462.9,1462.0,1462.7,7540
1701762600,1462.65,1463.0,1462.0,1463.0,6447
1701762900,1463.0,1463.0,1462.0,1462.75,4504
1701763200,1462.75,1463.0,1462.0,1462.0,5968
1701763500,1462.0,1463.0,1461.8,1462.05,13425
1701763800,1462.05,1462.35,1461.0,1461.0,17654
1701764100,1461.05,1461.25,1453.45,1454.1,29701
1701764400,1454.1,1455.7,1453.1,1454.8,17095
1701764700,1454.8,1454.9,1452.8,1454.1,38997
1701765000,1454.1,1454.65,1452.95,1454.25,9283
1701765300,1454.25,1455.0,1454.2,1454.3,6621
1701765600,1454.3,1459.45,1454.2,1457.8,14513
1701765900,1457.8,1459.25,1457.5,1459.05,4085
1701766200,1459.05,1459.65,1457.75,1457.85,4839
1701766500,1457.85,1459.05,1456.9,1458.9,9501
1701766800,1458.9,1459.1,1456.7,1459.1,8057
1701767100,1458.8,1461.1,1457.5,1460.1,11964
1701767400,1460.1,1460.35,1458.0,1458.0,8249
1701767700,1457.6,1459.5,1456.9,1458.25,7558
1701768000,1458.2,1460.75,1457.75,1460.25,13298
1701768300,1460.25,1460.45,1457.95,1458.4,13016
1701768600,1459.1,1462.95,1457.95,1461.8,42472
1701768900,1461.7,1463.0,1460.2,1461.3,38296
1701769200,1461.3,1462.3,1460.0,1461.3,41618
1701769500,1461.3,1462.25,1459.85,1460.75,48092
1701769800,1460.75,1461.6,1458.2,1459.55,48154
1701770100,1459.5,1461.95,1455.25,1461.75,34518
1701834300,1462.0,1462.95,1452.05,1454.6,31673
1701834600,1455.5,1455.85,1452.45,1455.45,15700
1701834900,1455.45,1456.6,1453.15,1455.85,8518
1701835200,1455.85,1458.1,1454.75,1457.05,15149
1701835500,1457.05,1458.6,1455.05,1458.6,7268
1701835800,1458.55,1458.8,1457.0,1457.05,4909
1701836100,1457.05,1457.1,1453.7,1453.75,4213
1701836400,1453.75,1454.8,1452.05,1453.1,5199
1701836700,1453.1,1453.9,1452.0,1452.05,6795
1701837000,1452.05,1453.15,1448.75,1450.4,10621
1701837300,1450.4,1451.35,1449.45,1449.55,3664
1701837600,1449.6,1451.0,1448.55,1448.6,6785
1701837900,1448.6,1451.65,1448.55,1451.45,9021
1701838200,1451.45,1452.35,1450.0,1450.15,6711
1701838500,1450.25,1451.0,1450.05,1450.8,3943
1701838800,1450.75,1451.7,1450.05,1450.6,3424
1701839100,1450.6,1451.4,1450.1,1450.2,3917
1701839400,1450.2,1450.3,1447.35,1448.8,20756
1701839700,1448.8,1450.0,1448.45,1449.65,2843
1701840000,1449.65,1450.0,1448.1,1448.85,3891
1701840300,1448.85,1450.0,1447.4,1449.7,5896
1701840600,1449.7,1450.0,1447.3,1447.3,4059
1701840900,1447.3,1448.7,1446.5,1447.3,7592
1701841200,1447.3,1449.3,1446.85,1449.0,9435
1701841500,1449.0,1449.65,1447.8,1448.2,4355
1701841800,1448.2,1450.0,1448.05,1449.45,5188
1701842100,1449.45,1450.05,1449.0,1449.95,5605
1701842400,1449.95,1451.45,1449.5,1449.6,7292
1701842700,1449.6,1450.85,1449.0,1450.65,6207
1701843000,1450.65,1450.8,1449.0,1449.35,9776
1701843300,1449.35,1450.5,1449.35,1450.25,2736
1701843600,1450.25,1450.45,1449.0,1449.0,3775
1701843900,1449.0,1450.75,1448.35,1448.9,6753
1701844200,1448.9,1449.8,1448.05,1448.6,6856
1701844500,1448.65,1449.15,1448.15,1448.3,5097
1701844800,1448.3,1449.6,1448.15,1448.6,2838
1701845100,1448.6,1449.6,1448.3,1448.35,3245
1701845400,1448.3,1448.95,1448.15,1448.35,5189
1701845700,1448.45,1449.3,1448.3,1448.4,2717
1701846000,1448.4,1449.6,1448.3,1449.15,3744
1701846300,1449.15,1451.5,1448.6,1451.0,4759
1701846600,1451.0,1451.95,1449.0,1449.7,6886
1701846900,1449.7,1450.8,1448.55,1449.2,6824
1701847200,1449.2,1450.05,1448.7,1449.05,2859
1701847500,1449.1,1450.85,1448.5,1450.05,3649
1701847800,1450.05,1450.15,1448.65,1449.0,4317
1701848100,1449.0,1449.6,1445.15,1447.8,55452
1701848400,1447.8,1448.95,1447.4,1448.25,9398
1701848700,1448.25,1448.4,1448.1,1448.3,8168
1701849000,1448.3,1448.3,1447.7,1448.25,29970
1701849300,1448.25,1449.7,1447.4,1448.25,17492
1701849600,1448.25,1449.25,1447.85,1448.35,8382
1701849900,1448.35,1448.4,1448.1,1448.25,6466
1701850200,1448.25,1448.35,1448.15,1448.3,6896
1701850500,1448.3,1448.3,1447.95,1448.25,11551
1701850800,1448.3,1448.4,1447.85,1448.25,8157
1701851100,1448.25,1448.35,1447.9,1448.25,8031
1701851400,1448.3,1449.2,1447.75,1448.4,10744
1701851700,1448.9,1448.9,1447.85,1448.25,8085
1701852000,1448.25,1448.4,1447.6,1448.25,8369
1701852300,1448.3,1449.2,1448.1,1449.2,9452
1701852600,1449.2,1449.35,1448.2,1448.25,14906
1701852900,1448.3,1449.0,1448.0,1448.25,8993
1701853200,1448.25,1450.85,1448.0,1450.0,16041
1701853500,1450.0,1451.5,1449.9,1450.25,10054
1701853800,1450.25,1451.25,1449.8,1450.0,11646
1701854100,1450.0,1450.55,1450.0,1450.45,10553
1701854400,1450.45,1450.5,1450.0,1450.0,10177
1701854700,1450.05,1450.1,1449.35,1450.05,11389
1701855000,1450.05,1451.0,1449.55,1450.05,20515
1701855300,1450.05,1451.2,1449.85,1451.2,20699
1701855600,1451.2,1451.95,1450.15,1450.25,16743
1701855900,1450.25,1451.15,1450.15,1450.4,16573
1701856200,1450.5,1451.2,1450.0,1451.15,20684
1701856500,1451.15,1453.8,1450.15,1450.5,16183
1701920700,1456.85,1463.0,1453.0,1462.25,26020
1701921000,1462.5,1472.0,1462.05,1471.5,38833
1701921300,1471.7,1480.5,1470.65,1477.8,80359
1701921600,1477.95,1483.45,1466.95,1469.65,86275
1701921900,1469.6,1472.0,1465.75,1466.35,38711
1701922200,1466.5,1468.6,1463.4,1466.2,22679
1701922500,1466.2,1468.0,1464.45,1465.05,15387
1701922800,1465.4,1468.2,1464.1,1466.05,9684
1701923100,1466.05,1467.85,1465.7,1467.15,6262
1701923400,1467.15,1467.55,1465.3,1465.5,5716
1701923700,1465.55,1466.2,1465.05,1465.05,3702
1701924000,1465.4,1465.7,1463.6,1463.9,10280
1701924300,1463.9,1464.45,1462.25,1463.45,8874
1701924600,1463.45,1464.6,1462.6,1464.2,4852
1701924900,1464.2,1465.25,1462.9,1463.45,7355
1701925200,1463.45,1464.1,1460.15,1461.2,14051
1701925500,1461.2,1462.4,1460.8,1462.4,4609
1701925800,1462.45,1465.75,1462.45,1464.15,8826
1701926100,1464.15,1468.0,1464.15,1468.0,10573
1701926400,1468.0,1468.0,1466.5,1467.85,9890
1701926700,1467.85,1468.0,1465.0,1467.5,10513
1701927000,1467.55,1468.0,1466.65,1467.2,4176
1701927300,1467.2,1468.3,1465.65,1467.55,8904
1701927600,1467.55,1470.95,1467.55,1470.15,9127
1701927900,1470.25,1470.75,1468.9,1469.85,8580
1701928200,1469.85,1470.25,1466.4,1467.15,7713
1701928500,1467.5,1467.9,1464.3,1465.65,15892
1701928800,1465.8,1468.0,1465.0,1465.3,10633
1701929100,1465.15,1466.8,1463.8,1464.45,11268
1701929400,1464.45,1464.95,1461.7,1463.85,2579
1701929700,1463.6,1463.6,1459.35,1459.7,14506
1701930000,1459.7,1462.4,1459.0,1459.5,6494
1701930300,1459.5,1460.35,1456.85,1457.0,4183
1701930600,1457.0,1457.85,1451.0,1451.35,20722
1701930900,1451.7,1456.55,1451.35,1455.45,9236
1701931200,1455.45,1456.15,1453.1,1453.9,2990
1701931500,1453.9,1454.6,1453.0,1453.65,2259
1701931800,1453.65,1454.0,1451.9,1452.0,13765
1701932100,1451.9,1453.2,1451.9,1452.45,6127
1701932400,1452.7,1453.2,1451.0,1453.2,20462
1701932700,1453.15,1454.5,1453.15,1454.3,9949
1701933000,1454.3,1457.0,1454.2,1457.0,23486
1701933300,1457.0,1457.55,1455.2,1456.0,13860
1701933600,1456.0,1457.0,1455.5,1456.95,12046
1701933900,1457.0,1457.7,1454.0,1454.0,10093
1701934200,1454.0,1455.1,1451.45,1451.75,4676
1701934500,1451.75,1453.1,1451.75,1452.1,2144
1701934800,1452.0,1452.8,1452.0,1452.0,5333
1701935100,1452.0,1452.9,1451.3,1452.55,4504
1701935400,1452.55,1453.3,1452.0,1453.3,4421
1701935700,1453.3,1455.15,1452.3,1454.25,5718
1701936000,1454.25,1455.0,1453.3,1455.0,3905
1701936300,1454.8,1454.85,1452.35,1452.35,9498
1701936600,1452.35,1454.0,1452.35,1453.95,6902
1701936900,1453.95,1455.45,1453.9,1455.2,4437
1701937200,1455.2,1455.2,1452.75,1454.35,6058
1701937500,1454.35,1455.2,1453.3,1453.9,4762
1701937800,1453.9,1454.65,1453.9,1454.4,3394
1701938100,1454.35,1455.95,1454.0,1454.8,6476
1701938400,1454.8,1455.15,1453.75,1453.85,4855
1701938700,1453.85,1454.95,1453.35,1454.25,6037
1701939000,1454.25,1454.9,1453.25,1453.65,5485
1701939300,1453.65,1454.0,1452.25,1453.85,7095
1701939600,1453.9,1453.9,1450.15,1452.75,15220
1701939900,1452.35,1454.15,1451.35,1452.5,5084
1701940200,1452.5,1453.35,1451.8,1453.3,8411
1701940500,1453.3,1453.75,1452.05,1453.25,11749
1701940800,1453.15,1453.35,1451.7,1452.6,15853
1701941100,1452.55,1453.15,1451.6,1451.9,12734
1701941400,1452.5,1457.0,1451.9,1456.8,32006
1701941700,1456.8,1458.3,1456.5,1457.85,28153
1701942000,1457.9,1457.95,1456.45,1456.95,26252
1701942300,1456.75,1457.1,1455.85,1457.05,38271
1701942600,1457.05,1457.75,1456.55,1457.2,48598
1701942900,1457.2,1457.55,1454.0,1455.1,234276
1702007100,1455.0,1465.0,1451.7,1464.1,23970
1702007400,1465.05,1465.1,1462.1,1463.95,8892
1702007700,1464.5,1464.5,1459.25,1459.3,7720
1702008000,1459.3,1462.0,1459.3,1460.7,4261
1702008300,1461.35,1462.0,1460.0,1461.2,2967
1702008600,1461.2,1462.95,1461.2,1462.3,4563
1702008900,1461.8,1462.95,1460.75,1462.95,4136
1702009200,1462.95,1462.95,1461.0,1461.4,2249
1702009500,1462.0,1462.3,1455.35,1458.8,26863
1702009800,1458.15,1459.8,1457.45,1458.7,7979
1702010100,1458.7,1460.6,1458.7,1459.7,4928
1702010400,1459.7,1461.8,1459.1,1460.0,2925
1702010700,1460.0,1460.5,1459.1,1459.5,2126
1702011000,1459.5,1460.0,1459.4,1460.0,2544
1702011300,1460.0,1460.45,1458.0,1459.0,10148
1702011600,1459.0,1459.75,1458.5,1459.1,15956
1702011900,1459.1,1459.75,1458.55,1459.75,7687
1702012200,1459.75,1460.0,1458.4,1458.55,5175
1702012500,1458.55,1459.55,1457.3,1458.9,9050
1702012800,1458.75,1459.95,1458.0,1459.3,9089
1702013100,1459.3,1461.2,1459.0,1460.55,136164
1702013400,1460.55,1460.95,1458.4,1459.0,27912
1702013700,1459.0,1459.6,1452.15,1457.3,54069
1702014000,1457.3,1459.85,1457.3,1459.45,10680
1702014300,1459.45,1462.1,1459.45,1460.05,176481
1702014600,1460.05,1462.95,1460.05,1461.95,7114
1702014900,1461.95,1469.45,1461.95,1468.7,14434
1702015200,1468.7,1469.05,1466.2,1466.5,6584
1702015500,1466.25,1467.0,1464.75,1466.35,6910
1702015800,1466.85,1466.95,1464.3,1464.3,2120
1702016100,1464.3,1466.75,1463.4,1466.5,10158
1702016400,1466.5,1467.35,1465.0,1465.0,3920
1702016700,1465.0,1466.35,1465.0,1465.95,2467
1702017000,1466.35,1466.7,1465.0,1465.55,3165
1702017300,1465.0,1466.2,1465.0,1465.55,8665
1702017600,1465.55,1467.2,1465.0,1466.95,4058
1702017900,1466.4,1468.65,1465.95,1467.8,2747
1702018200,1467.8,1468.0,1463.45,1465.0,95861
1702018500,1465.0,1465.65,1464.5,1465.35,2164
1702018800,1465.35,1465.85,1464.5,1465.0,7738
1702019100,1465.0,1465.55,1464.55,1464.9,3465
1702019400,1463.85,1464.8,1462.85,1462.85,7221
1702019700,1462.85,1463.0,1460.0,1460.9,14261
1702020000,1460.5,1462.85,1460.35,1461.2,11416
1702020300,1461.15,1463.95,1460.65,1461.9,8098
1702020600,1461.9,1462.0,1460.0,1460.25,16199
1702020900,1460.25,1461.0,1459.0,1459.0,32484
1702021200,1459.0,1459.9,1456.95,1459.45,186300
1702021500,1459.45,1460.45,1458.5,1459.5,4566
1702021800,1459.5,1460.95,1459.0,1460.8,6391
1702022100,1460.8,1461.0,1459.35,1459.9,702
1702022400,1459.9,1460.35,1459.0,1460.35,11393
1702022700,1459.95,1460.7,1456.8,1457.45,26344
1702023000,1457.8,1459.85,1457.4,1458.75,12754
1702023300,1458.5,1458.95,1455.8,1458.65,16581
1702023600,1458.65,1458.65,1456.55,1456.85,14291
1702023900,1457.0,1458.05,1456.3,1456.4,2592
1702024200,1456.4,1458.55,1456.2,1457.7,5657
1702024500,1458.2,1458.25,1457.2,1457.6,4009
1702024800,1457.6,1459.15,1457.0,1459.15,12795
1702025100,1458.45,1460.8,1457.95,1460.0,8643
1702025400,1460.0,1460.5,1459.0,1459.55,25016
1702025700,1459.1,1460.5,1458.0,1460.0,110769
1702026000,1459.9,1460.35,1458.35,1459.95,19795
1702026300,1459.95,1461.0,1459.45,1461.0,27533
1702026600,1461.0,1463.65,1460.45,1462.6,13936
1702026900,1462.6,1464.95,1462.05,1464.0,14208
1702027200,1464.0,1468.0,1463.55,1467.0,15871
1702027500,1467.0,1467.8,1463.8,1464.6,18796
1702027800,1464.55,1465.9,1464.0,1464.75,30911
1702028100,1464.75,1465.05,1462.85,1464.4,39616
1702028400,1464.4,1468.0,1463.7,1467.95,36150
1702028700,1467.9,1467.95,1463.8,1465.0,42360
1702029000,1465.0,1467.0,1463.0,1466.25,76908
1702029300,1466.55,1468.35,1463.1,1465.85,30064
1702266300,1465.2,1468.05,1455.0,1463.85,21914
1702266600,1463.85,1465.95,1461.6,1464.2,9156
1702266900,1464.2,1466.0,1463.35,1465.3,5704
1702267200,1465.3,1466.8,1462.8,1463.75,4402
1702267500,1463.75,1467.0,1462.0,1466.8,4035
1702267800,1466.8,1466.95,1463.4,1463.4,2286
1702268100,1462.4,1464.9,1462.4,1464.5,2976
1702268400,1463.8,1465.1,1463.4,1463.4,2740
1702268700,1463.4,1465.65,1463.3,1464.75,1438
1702269000,1464.05,1465.2,1463.7,1464.7,1839
1702269300,1464.7,1464.8,1461.9,1463.65,4338
1702269600,1464.1,1467.75,1464.0,1467.55,3414
1702269900,1467.55,1468.25,1465.5,1466.3,2856
1702270200,1466.3,1467.8,1465.5,1467.8,2750
1702270500,1467.8,1467.9,1466.05,1466.7,2585
1702270800,1466.7,1468.3,1466.15,1467.4,2064
1702271100,1467.4,1468.05,1464.0,1464.0,3828
1702271400,1463.75,1463.75,1459.8,1461.75,7208
1702271700,1461.75,1462.0,1460.15,1461.6,3070
1702272000,1461.6,1462.2,1459.0,1459.55,4132
1702272300,1459.55,1461.0,1459.0,1460.35,3885
1702272600,1460.35,1460.65,1459.1,1460.4,1542
1702272900,1460.4,1461.55,1458.8,1461.0,1636
1702273200,1461.0,1461.85,1460.5,1461.65,2030
1702273500,1461.65,1461.85,1458.05,1459.55,2975
1702273800,1459.55,1461.3,1458.6,1460.7,6321
1702274100,1460.75,1461.7,1459.45,1459.55,3763
1702274400,1459.55,1460.4,1458.3,1458.9,4452
1702274700,1458.9,1460.0,1457.35,1457.6,4775
1702275000,1457.6,1458.95,1457.5,1457.7,6838
1702275300,1457.95,1458.0,1457.15,1457.95,4979
1702275600,1457.95,1457.95,1456.0,1456.15,4416
1702275900,1456.15,1458.0,1455.85,1455.85,3756
1702276200,1456.45,1457.5,1455.9,1456.6,14660
1702276500,1456.6,1458.0,1456.55,1456.7,8933
1702276800,1457.0,1458.9,1456.6,1456.8,12053
1702277100,1456.8,1457.0,1455.35,1456.0,11506
1702277400,1456.0,1457.1,1455.5,1457.0,5823
1702277700,1456.95,1458.75,1456.5,1458.25,5723
1702278000,1458.25,1458.95,1456.7,1457.9,7257
1702278300,1457.9,1460.05,1457.9,1460.05,7535
1702278600,1460.05,1460.9,1457.8,1460.0,152820
1702278900,1460.0,1460.35,1459.15,1460.0,4703
1702279200,1460.3,1463.4,1460.0,1461.15,15006
1702279500,1461.15,1462.35,1459.8,1461.55,5897
1702279800,1462.2,1463.8,1461.2,1462.0,7477
1702280100,1462.0,1463.4,1461.7,1463.0,6670
1702280400,1463.15,1463.6,1462.0,1463.0,5239
1702280700,1463.6,1463.9,1462.65,1463.55,3835
1702281000,1463.05,1464.65,1463.05,1464.0,11421
1702281300,1464.5,1466.35,1464.0,1466.35,12855
1702281600,1466.35,1466.35,1464.6,1465.15,3731
1702281900,1465.85,1465.85,1464.7,1464.9,5812
1702282200,1464.9,1465.45,1464.7,1464.9,5786
1702282500,1465.0,1465.55,1464.05,1465.0,7283
1702282800,1465.25,1465.45,1464.2,1465.1,4432
1702283100,1465.1,1465.55,1464.1,1465.2,5521
1702283400,1465.2,1465.7,1464.65,1465.3,6402
1702283700,1465.3,1465.45,1464.2,1465.1,8062
1702284000,1465.1,1465.8,1464.2,1465.2,12441
1702284300,1465.7,1465.9,1465.0,1465.6,13944
1702284600,1465.6,1466.15,1465.0,1466.0,7327
1702284900,1466.0,1466.1,1465.0,1465.7,7202
1702285200,1465.95,1466.4,1465.0,1466.05,11230
1702285500,1466.05,1466.6,1464.05,1464.3,10641
1702285800,1464.3,1465.0,1464.0,1464.0,4062
1702286100,1464.0,1464.45,1463.95,1464.0,11259
1702286400,1464.0,1464.25,1461.1,1461.1,19128
1702286700,1461.85,1462.3,1460.25,1461.8,7410
1702287000,1461.8,1463.85,1460.85,1463.05,19115
1702287300,1462.9,1463.15,1459.75,1460.1,18333
1702287600,1460.1,1460.85,1458.35,1460.15,25318
1702287900,1460.1,1460.25,1459.25,1460.15,25392
1702288200,1460.0,1461.25,1458.05,1461.1,27136
1702288500,1461.1,1465.5,1459.0,1464.05,21043
1702352700,1464.5,1478.45,1459.95,1478.05,137097
1702353000,1476.7,1481.0,1476.05,1479.75,39781
1702353300,1479.75,1487.95,1479.35,1482.05,64605
1702353600,1482.6,1483.15,1478.55,1480.65,28426
1702353900,1480.65,1484.0,1480.0,1482.55,12042
1702354200,1482.95,1484.95,1477.25,1477.25,25496
1702354500,1477.25,1477.9,1473.5,1477.6,24177
1702354800,1477.6,1477.65,1474.65,1477.55,6803
1702355100,1477.55,1481.25,1477.5,1480.2,7768
1702355400,1479.85,1480.45,1477.85,1479.95,8766
1702355700,1480.0,1481.9,1479.2,1481.6,12000
1702356000,1481.6,1482.0,1478.4,1479.65,12347
1702356300,1479.4,1484.85,1478.8,1483.95,16824
1702356600,1483.95,1484.7,1481.6,1481.95,10905
1702356900,1481.95,1482.1,1478.55,1478.55,12149
1702357200,1478.55,1478.95,1475.3,1475.85,10341
1702357500,1475.85,1477.65,1475.5,1477.6,7583
1702357800,1477.6,1479.2,1476.25,1476.25,6748
1702358100,1476.75,1479.9,1476.0,1478.2,6526
1702358400,1478.2,1480.7,1477.75,1478.85,4146
1702358700,1478.85,1479.6,1476.75,1477.9,3802
1702359000,1477.9,1480.1,1476.85,1476.85,5464
1702359300,1476.85,1477.65,1474.35,1474.85,9147
1702359600,1475.5,1475.5,1473.2,1473.4,5723
1702359900,1473.4,1474.2,1473.05,1473.5,7493
1702360200,1473.5,1474.8,1473.5,1474.25,3858
1702360500,1474.25,1475.3,1473.55,1474.15,4449
1702360800,1474.6,1475.35,1472.15,1472.35,7145
1702361100,1472.35,1472.5,1470.8,1471.9,8819
1702361400,1471.9,1473.7,1471.8,1472.45,3868
1702361700,1472.45,1473.5,1472.1,1472.2,4417
1702362000,1472.2,1472.8,1471.6,1471.7,6429
1702362300,1472.4,1472.4,1468.05,1468.65,9089
1702362600,1468.65,1469.95,1468.15,1468.75,6592
1702362900,1468.75,1470.8,1468.3,1470.5,4447
1702363200,1470.5,1470.9,1469.6,1470.65,3904
1702363500,1470.85,1471.0,1468.4,1470.5,5156
1702363800,1470.45,1471.0,1469.3,1470.45,6476
1702364100,1470.45,1470.75,1468.9,1469.5,7882
1702364400,1469.35,1469.6,1468.05,1468.25,4455
1702364700,1468.25,1469.85,1468.1,1468.1,3629
1702365000,1468.1,1468.45,1465.45,1465.8,14599
1702365300,1466.0,1468.2,1465.8,1468.05,4959
1702365600,1468.05,1470.15,1467.55,1469.7,6106
1702365900,1470.15,1470.15,1468.05,1468.45,5495
1702366200,1469.25,1470.15,1468.0,1468.6,5676
1702366500,1469.35,1469.45,1468.25,1468.6,4667
1702366800,1469.2,1470.5,1468.65,1469.8,7202
1702367100,1469.8,1471.5,1469.5,1471.5,18026
1702367400,1471.1,1471.8,1469.6,1470.35,9686
1702367700,1470.35,1472.0,1470.0,1470.95,8852
1702368000,1470.95,1475.15,1470.55,1474.15,19885
1702368300,1474.15,1477.75,1473.4,1477.2,16774
1702368600,1477.2,1482.55,1476.65,1479.3,26827
1702368900,1478.85,1479.45,1476.55,1478.0,13306
1702369200,1478.0,1482.4,1477.65,1481.3,18486
1702369500,1481.3,1482.4,1480.1,1482.3,15186
1702369800,1482.05,1484.45,1481.4,1483.85,29382
1702370100,1484.0,1484.95,1482.6,1484.1,30878
1702370400,1484.1,1489.75,1482.85,1487.55,36630
1702370700,1487.8,1488.2,1485.0,1486.75,31344
1702371000,1487.0,1490.95,1486.1,1488.45,67127
1702371300,1488.45,1491.75,1487.5,1491.1,32310
1702371600,1491.4,1491.45,1485.35,1486.0,52136
1702371900,1486.0,1486.7,1479.6,1481.0,58343
1702372200,1481.7,1481.7,1477.15,1479.4,44832
1702372500,1479.0,1479.65,1474.15,1475.05,43277
1702372800,1475.15,1479.1,1474.3,1477.55,42653
1702373100,1477.5,1481.75,1476.2,1480.6,51790
1702373400,1480.6,1483.25,1478.0,1481.0,109472
1702373700,1481.7,1486.1,1480.1,1482.85,100063
1702374000,1482.85,1484.9,1479.9,1481.2,86217
1702374300,1481.15,1482.6,1480.2,1481.25,53400
1702374600,1481.1,1483.6,1479.95,1481.25,59438
1702374900,1481.8,1485.0,1478.8,1485.0,61424
1702439100,1483.15,1483.15,1474.75,1475.95,24424
1702439400,1475.95,1480.0,1475.2,1476.75,8246
1702439700,1476.8,1479.25,1475.35,1476.0,6138
1702440000,1476.0,1476.0,1473.05,1473.95,13520
1702440300,1473.95,1473.95,1470.0,1471.5,8390
1702440600,1471.5,1473.1,1471.0,1471.75,3064
1702440900,1471.75,1471.75,1469.0,1469.8,2163
1702441200,1469.8,1470.0,1465.05,1467.5,9157
1702441500,1467.4,1468.95,1465.2,1466.5,5620
1702441800,1466.5,1468.35,1465.8,1466.85,3621
1702442100,1467.0,1468.65,1466.55,1466.75,3570
1702442400,1466.75,1467.8,1465.2,1466.0,19727
1702442700,1466.0,1467.95,1463.35,1467.0,18758
1702443000,1467.0,1467.8,1465.25,1465.35,19661
1702443300,1465.35,1467.9,1465.2,1466.1,13770
1702443600,1466.1,1468.7,1464.5,1466.9,69742
1702443900,1466.9,1467.05,1462.35,1463.25,4562
1702444200,1463.25,1465.7,1462.4,1465.05,3917
1702444500,1465.05,1465.65,1464.2,1464.5,5513
1702444800,1464.5,1465.5,1464.1,1465.0,2918
1702445100,1464.5,1465.2,1463.2,1464.5,29954
1702445400,1464.5,1466.45,1464.15,1464.35,4555
1702445700,1465.0,1465.45,1464.05,1464.4,2513
1702446000,1464.45,1464.95,1464.1,1464.5,2189
1702446300,1464.5,1464.75,1464.05,1464.5,3042
1702446600,1464.5,1465.25,1464.3,1464.6,1728
1702446900,1464.6,1466.05,1464.3,1465.0,3012
1702447200,1465.0,1466.5,1464.45,1464.45,635588
1702447500,1464.45,1466.35,1464.45,1466.0,38147
1702447800,1466.0,1466.7,1465.0,1466.1,12122
1702448100,1466.1,1466.55,1465.35,1465.5,5928
1702448400,1465.5,1466.7,1465.45,1466.05,5750
1702448700,1466.05,1466.5,1465.25,1465.4,5697
1702449000,1465.4,1465.9,1465.05,1465.35,3643
1702449300,1465.35,1466.25,1464.95,1465.4,3466
1702449600,1465.4,1466.65,1465.2,1465.3,15570
1702449900,1465.35,1465.9,1460.0,1465.3,428708
1702450200,1465.3,1465.65,1462.55,1462.75,317732
1702450500,1462.75,1463.45,1461.5,1462.6,6069
1702450800,1462.6,1462.85,1461.55,1461.55,4736
1702451100,1461.55,1462.85,1461.3,1462.15,5054
1702451400,1462.15,1463.9,1461.5,1463.3,4892
1702451700,1463.3,1464.75,1461.5,1461.5,2728
1702452000,1461.5,1462.5,1460.5,1461.1,8153
1702452300,1461.1,1464.4,1460.1,1463.3,9721
1702452600,1463.3,1465.0,1461.25,1461.25,5421
1702452900,1461.25,1462.9,1461.0,1462.9,5385
1702453200,1462.9,1464.45,1461.75,1462.75,9260
1702453500,1462.7,1465.0,1462.15,1463.85,5745
1702453800,1463.85,1464.55,1462.7,1464.05,3211
1702454100,1464.05,1465.5,1463.6,1463.6,6176
1702454400,1463.6,1466.75,1463.6,1466.2,97877
1702454700,1466.2,1470.0,1466.15,1469.55,18449
1702455000,1469.55,1469.55,1466.6,1468.5,9086
1702455300,1468.5,1469.0,1464.7,1466.5,9731
1702455600,1467.15,1467.9,1466.45,1467.4,6214
1702455900,1467.4,1467.85,1466.35,1467.1,6084
1702456200,1467.1,1468.9,1467.1,1468.65,9166
1702456500,1468.35,1468.9,1467.0,1467.95,7952
1702456800,1467.95,1468.95,1466.1,1467.5,10869
1702457100,1467.5,1468.0,1466.15,1467.05,10063
1702457400,1467.05,1467.7,1465.7,1467.1,10680
1702457700,1467.1,1468.0,1465.85,1466.8,8636
1702458000,1466.8,1468.0,1466.25,1467.1,9456
1702458300,1467.1,1467.5,1465.35,1467.1,7833
1702458600,1467.5,1468.3,1465.7,1468.1,8874
1702458900,1468.1,1468.2,1466.05,1466.6,7330
1702459200,1466.6,1469.0,1466.6,1467.25,9171
1702459500,1467.25,1468.5,1464.6,1464.6,17666
1702459800,1465.2,1467.45,1464.5,1467.35,41900
1702460100,1467.35,1469.0,1465.0,1467.95,24421
1702460400,1467.75,1467.95,1465.9,1465.9,22415
1702460700,1465.95,1467.5,1465.9,1466.85,24813
1702461000,1466.85,1468.9,1466.85,1468.55,33189
1702461300,1468.55,1468.85,1465.05,1466.0,25439
1702525500,1473.0,1477.0,1461.2,1462.4,87410
1702525800,1462.4,1466.75,1462.4,1466.2,33340
1702526100,1466.2,1471.2,1465.75,1468.9,22679
1702526400,1468.9,1470.85,1468.0,1468.05,12819
1702526700,1468.05,1472.9,1466.7,1472.1,10930
1702527000,1472.5,1475.15,1471.0,1473.3,18569
1702527300,1472.7,1475.3,1471.6,1474.15,13346
1702527600,1473.6,1476.8,1473.0,1473.4,16309
1702527900,1473.85,1476.85,1472.35,1474.05,23637
1702528200,1474.7,1477.45,1473.8,1476.05,18499
1702528500,1476.05,1476.75,1474.25,1474.9,11309
1702528800,1474.55,1477.4,1474.55,1475.35,29536
1702529100,1475.35,1475.8,1466.4,1470.35,46938
1702529400,1470.35,1471.65,1465.4,1466.7,27871
1702529700,1466.7,1468.95,1464.25,1466.85,48754
1702530000,1466.85,1467.9,1455.0,1458.65,118254
1702530300,1459.4,1462.45,1455.5,1457.25,26426
1702530600,1457.25,1459.25,1455.05,1458.0,14814
1702530900,1458.0,1463.7,1457.95,1462.7,8896
1702531200,1462.7,1465.0,1460.2,1461.15,10081
1702531500,1461.15,1465.5,1460.0,1464.8,10176
1702531800,1464.75,1466.55,1463.5,1464.45,7334
1702532100,1464.45,1465.7,1463.6,1464.05,5833
1702532400,1464.05,1467.9,1464.05,1467.15,5879
1702532700,1467.15,1473.95,1467.15,1469.1,77818
1702533000,1469.1,1470.3,1468.2,1468.4,7475
1702533300,1468.4,1470.45,1468.4,1469.35,242524
1702533600,1469.35,1470.05,1468.7,1469.25,36080
1702533900,1469.25,1470.4,1469.2,1470.0,6517
1702534200,1469.85,1470.1,1467.05,1469.5,6354
1702534500,1469.55,1470.2,1466.0,1466.3,5497
1702534800,1466.35,1467.0,1465.55,1466.35,6756
1702535100,1466.35,1469.05,1466.25,1468.15,5114
1702535400,1468.15,1470.15,1465.9,1467.05,202370
1702535700,1467.05,1468.15,1464.4,1464.65,22753
1702536000,1464.75,1465.9,1464.6,1465.2,8861
1702536300,1465.2,1468.05,1465.05,1466.4,13409
1702536600,1466.45,1468.5,1465.15,1467.85,9718
1702536900,1467.4,1469.75,1467.3,1468.3,9295
1702537200,1468.3,1469.5,1467.3,1468.95,10401
1702537500,1469.2,1469.35,1467.2,1467.8,141964
1702537800,1467.75,1468.55,1467.0,1468.05,23447
1702538100,1468.05,1468.8,1467.7,1468.1,11565
1702538400,1468.0,1469.25,1467.95,1468.0,26394
1702538700,1468.0,1471.95,1467.95,1470.35,12639
1702539000,1470.35,1471.7,1468.9,1471.05,5502
1702539300,1471.05,1473.6,1470.15,1473.15,12128
1702539600,1473.15,1473.9,1472.35,1472.4,6167
1702539900,1472.4,1474.95,1470.65,1474.65,8586
1702540200,1474.9,1476.0,1471.55,1474.8,13767
1702540500,1474.9,1475.0,1472.2,1472.4,8535
1702540800,1472.4,1473.8,1471.35,1471.6,9694
1702541100,1471.45,1473.35,1470.25,1472.65,13315
1702541400,1472.65,1473.15,1469.15,1470.0,19131
1702541700,1470.0,1470.5,1467.15,1467.6,81215
1702542000,1468.0,1469.05,1467.2,1468.2,223331
1702542300,1467.8,1470.0,1466.7,1468.2,19419
1702542600,1468.2,1469.1,1466.7,1468.05,22586
1702542900,1467.35,1469.7,1466.8,1469.25,231352
1702543200,1469.25,1472.0,1469.25,1471.1,13822
1702543500,1471.1,1472.75,1468.85,1470.0,10890
1702543800,1470.0,1470.1,1467.75,1469.5,10546
1702544100,1469.55,1470.6,1467.8,1468.25,11816
1702544400,1468.05,1469.25,1466.1,1466.1,31406
1702544700,1467.0,1469.0,1465.15,1468.3,27979
1702545000,1468.3,1470.0,1467.7,1469.3,11871
1702545300,1469.3,1469.95,1467.05,1467.6,119017
1702545600,1467.6,1468.35,1466.75,1467.3,47481
1702545900,1467.3,1468.35,1466.25,1466.7,68417
1702546200,1466.8,1469.7,1466.8,1468.3,57676
1702546500,1468.3,1470.2,1467.3,1467.65,61760
1702546800,1467.85,1470.9,1467.55,1470.0,65020
1702547100,1470.05,1470.4,1469.9,1469.95,80646
1702547400,1470.0,1472.6,1469.85,1471.85,90043
1702547700,1471.85,1472.9,1465.7,1470.0,53236
1702611900,1474.0,1485.0,1466.4,1470.25,42154
1702612200,1470.25,1470.85,1463.4,1464.15,20560
1702612500,1464.15,1468.95,1464.15,1465.95,9911
1702612800,1465.55,1465.95,1463.65,1464.35,13643
1702613100,1464.35,1465.05,1460.0,1460.4,19256
1702613400,1460.4,1463.8,1460.4,1461.3,15799
1702613700,1461.7,1463.75,1460.7,1461.3,15480
1702614000,1461.3,1461.3,1458.8,1460.6,25524
1702614300,1460.4,1460.6,1456.85,1458.15,17021
1702614600,1458.15,1460.55,1457.9,1460.25,29591
1702614900,1460.25,1462.6,1459.1,1462.1,17243
1702615200,1462.1,1462.9,1460.4,1462.6,12303
1702615500,1462.6,1462.7,1459.55,1461.2,12961
1702615800,1461.2,1461.2,1457.0,1457.9,22298
1702616100,1457.9,1458.95,1457.0,1457.75,14512
1702616400,1457.75,1457.8,1453.05,1453.8,31285
1702616700,1453.8,1454.8,1448.6,1450.25,89846
1702617000,1450.8,1453.0,1449.85,1450.75,39158
1702617300,1450.5,1453.15,1449.3,1452.25,24053
1702617600,1452.25,1453.6,1450.55,1451.35,13471
1702617900,1451.35,1454.45,1451.35,1453.0,13096
1702618200,1453.0,1454.05,1451.3,1451.65,12780
1702618500,1452.1,1454.5,1451.8,1453.45,8027
1702618800,1453.45,1455.45,1453.45,1454.4,10616
1702619100,1454.4,1455.8,1454.35,1454.35,6411
1702619400,1454.35,1455.8,1454.1,1454.15,6289
1702619700,1454.15,1455.3,1452.15,1453.9,10340
1702620000,1453.9,1454.7,1453.5,1453.75,4801
1702620300,1453.8,1455.45,1453.65,1453.65,7640
1702620600,1453.65,1455.3,1453.65,1454.15,4640
1702620900,1454.25,1455.1,1452.6,1452.8,6722
1702621200,1453.35,1455.0,1452.45,1454.05,14303
1702621500,1454.05,1454.15,1451.55,1453.0,5218
1702621800,1453.0,1454.0,1452.1,1452.5,5913
1702622100,1452.5,1452.5,1450.9,1451.2,11165
1702622400,1451.2,1452.0,1449.3,1449.3,7725
1702622700,1449.3,1450.2,1449.3,1449.75,4927
1702623000,1449.75,1451.4,1449.45,1450.6,6304
1702623300,1450.6,1451.7,1450.0,1450.3,7739
1702623600,1450.35,1451.75,1450.15,1451.0,7022
1702623900,1451.2,1451.3,1449.4,1449.85,6922
1702624200,1450.0,1450.55,1449.55,1450.1,4015
1702624500,1450.1,1451.25,1450.05,1450.8,6680
1702624800,1450.8,1453.9,1450.7,1453.0,11647
1702625100,1453.0,1454.75,1452.1,1453.7,12250
1702625400,1453.7,1455.75,1453.0,1455.45,8615
1702625700,1455.45,1457.3,1455.25,1456.8,9078
1702626000,1456.8,1456.9,1453.4,1455.0,6943
1702626300,1455.0,1456.5,1455.0,1455.9,4953
1702626600,1455.9,1457.25,1455.2,1456.0,6250
1702626900,1456.0,1457.6,1455.75,1457.2,5528
1702627200,1457.2,1460.0,1455.55,1459.15,13950
1702627500,1459.2,1459.45,1458.2,1458.8,7495
1702627800,1458.5,1459.0,1458.1,1458.45,8371
1702628100,1458.45,1458.9,1457.9,1458.65,5164
1702628400,1458.65,1458.7,1455.3,1456.3,8572
1702628700,1456.3,1457.0,1454.7,1456.75,13123
1702629000,1456.75,1457.0,1455.45,1456.55,11870
1702629300,1456.55,1456.65,1454.65,1455.6,8402
1702629600,1455.6,1456.15,1454.65,1454.65,8964
1702629900,1454.55,1455.2,1453.95,1454.15,7821
1702630200,1454.15,1455.0,1454.05,1454.35,6248
1702630500,1454.35,1456.05,1454.25,1455.9,7632
1702630800,1455.95,1457.0,1454.0,1454.15,18693
1702631100,1454.15,1454.15,1450.85,1451.4,16037
1702631400,1451.4,1452.95,1451.2,1451.85,14881
1702631700,1451.85,1452.85,1451.45,1451.7,16175
1702632000,1451.7,1454.1,1451.65,1452.25,18665
1702632300,1452.25,1453.7,1452.0,1453.1,29908
1702632600,1453.1,1453.45,1451.05,1452.4,87769
1702632900,1452.4,1452.45,1449.95,1451.7,94848
1702633200,1451.7,1453.25,1450.0,1452.05,79912
1702633500,1452.05,1457.0,1451.85,1453.1,102690
1702633800,1453.1,1454.75,1451.4,1452.3,84034
1702634100,1452.35,1454.6,1449.65,1454.6,80788
1702871100,1452.5,1453.0,1443.0,1448.6,18077
1702871400,1449.05,1457.1,1448.55,1455.05,33356
1702871700,1455.05,1455.05,1448.35,1449.0,23805
1702872000,1449.0,1451.9,1446.8,1451.25,34984
1702872300,1451.25,1454.15,1450.7,1452.4,12741
1702872600,1452.4,1453.1,1450.45,1452.0,9950
1702872900,1452.0,1452.95,1450.95,1451.85,6993
1702873200,1451.85,1452.45,1449.0,1450.5,6933
1702873500,1450.5,1451.6,1449.8,1451.15,4348
1702873800,1451.15,1452.55,1450.05,1451.65,10549
1702874100,1451.65,1452.65,1451.55,1452.5,4139
1702874400,1452.5,1456.15,1452.0,1454.8,17079
1702874700,1453.8,1457.15,1453.7,1456.05,10174
1702875000,1456.05,1456.05,1452.25,1453.9,9912
1702875300,1453.9,1458.0,1453.35,1457.0,10011
1702875600,1457.0,1459.1,1455.35,1456.0,8651
1702875900,1456.0,1457.8,1454.25,1455.0,8168
1702876200,1455.0,1455.45,1452.95,1453.65,9712
1702876500,1453.65,1454.0,1451.8,1452.9,9894
1702876800,1452.9,1455.8,1452.9,1455.5,10019
1702877100,1455.5,1458.6,1454.5,1458.55,307494
1702877400,1458.4,1458.95,1456.85,1458.35,10645
1702877700,1458.35,1459.95,1457.3,1457.3,12057
1702878000,1457.3,1460.0,1457.2,1459.85,11048
1702878300,1459.85,1461.4,1457.85,1461.05,17862
1702878600,1460.4,1461.1,1456.9,1457.15,7151
1702878900,1457.2,1457.5,1455.0,1455.0,7780
1702879200,1455.0,1456.55,1455.0,1455.45,13844
1702879500,1455.45,1456.15,1453.1,1453.85,21579
1702879800,1453.85,1455.0,1453.45,1454.75,5311
1702880100,1455.0,1455.8,1454.3,1454.75,5895
1702880400,1454.75,1457.75,1454.75,1457.4,8615
1702880700,1457.4,1458.95,1455.0,1457.5,14257
1702881000,1457.5,1458.4,1456.8,1456.8,11039
1702881300,1456.8,1457.45,1454.55,1455.0,12067
1702881600,1454.75,1458.8,1454.4,1458.1,10986
1702881900,1458.1,1458.9,1456.75,1458.0,11137
1702882200,1458.0,1458.0,1456.3,1457.55,11120
1702882500,1457.55,1458.2,1454.7,1455.05,7751
1702882800,1455.05,1456.2,1454.35,1454.75,7086
1702883100,1454.75,1456.4,1454.6,1455.45,6898
1702883400,1455.1,1455.75,1454.4,1454.9,6454
1702883700,1454.9,1455.7,1454.3,1454.9,5573
1702884000,1454.6,1455.65,1454.15,1454.2,6056
1702884300,1454.2,1454.65,1452.25,1452.55,7819
1702884600,1452.35,1452.8,1451.45,1451.55,6535
1702884900,1451.75,1453.05,1451.65,1452.05,7852
1702885200,1452.05,1452.45,1450.9,1451.55,8995
1702885500,1451.65,1451.7,1449.4,1449.95,116019
1702885800,1449.85,1451.0,1449.4,1449.95,11879
1702886100,1449.95,1450.9,1447.4,1448.6,13895
1702886400,1449.05,1449.05,1445.35,1445.75,12005
1702886700,1445.5,1446.7,1443.55,1444.0,19286
1702887000,1443.9,1444.95,1443.25,1443.55,12931
1702887300,1443.55,1444.55,1443.45,1444.0,8286
1702887600,1444.15,1444.7,1443.25,1443.85,13215
1702887900,1443.75,1446.85,1443.3,1446.55,91372
1702888200,1446.55,1448.55,1445.85,1448.25,8890
1702888500,1448.25,1449.45,1447.2,1449.2,8478
1702888800,1449.2,1450.0,1447.9,1449.55,8570
1702889100,1449.55,1450.35,1448.65,1448.7,8767
1702889400,1448.7,1449.6,1448.55,1449.5,8001
1702889700,1449.5,1452.05,1448.95,1451.35,12113
1702890000,1451.35,1452.75,1450.55,1452.2,6215
1702890300,1452.2,1452.5,1450.95,1451.65,6039
1702890600,1451.6,1453.0,1449.85,1450.0,229575
1702890900,1449.9,1451.4,1449.55,1450.3,10142
1702891200,1450.3,1452.0,1450.0,1451.35,3401
1702891500,1451.4,1452.55,1451.1,1451.1,4281
1702891800,1451.1,1451.95,1448.05,1448.45,20227
1702892100,1448.45,1448.95,1447.3,1448.2,14973
1702892400,1448.2,1449.5,1447.2,1447.9,18534
1702892700,1447.9,1448.5,1446.3,1446.3,27211
1702893000,1446.25,1446.8,1445.0,1445.35,29016
1702893300,1445.25,1449.1,1441.7,1445.0,27176
1702957500,1444.95,1448.0,1440.6,1442.1,24671
1702957800,1442.1,1443.1,1440.55,1440.9,20574
1702958100,1440.9,1441.6,1439.3,1440.2,24700
1702958400,1440.25,1441.1,1440.0,1440.8,19741
1702958700,1440.8,1441.25,1440.0,1440.8,11458
1702959000,1440.75,1440.75,1433.0,1433.0,31103
1702959300,1432.1,1436.05,1431.4,1435.95,23196
1702959600,1435.95,1436.7,1434.0,1435.55,14502
1702959900,1435.45,1435.45,1433.5,1433.95,15049
1702960200,1433.95,1435.0,1433.3,1434.15,17000
1702960500,1434.05,1435.8,1433.55,1434.0,22265
1702960800,1434.0,1435.0,1433.35,1433.75,14818
1702961100,1434.05,1435.0,1433.3,1434.6,16327
1702961400,1434.3,1435.0,1433.45,1434.1,12315
1702961700,1434.1,1437.95,1433.9,1436.9,16109
1702962000,1436.85,1440.65,1436.8,1440.35,12272
1702962300,1440.35,1441.4,1439.05,1440.1,10678
1702962600,1440.1,1440.4,1439.3,1440.15,6194
1702962900,1440.15,1440.5,1438.85,1438.85,7719
1702963200,1438.85,1439.55,1438.3,1439.15,7411
1702963500,1439.15,1440.4,1437.65,1438.95,9023
1702963800,1438.45,1439.0,1437.4,1438.35,5883
1702964100,1438.15,1439.25,1438.15,1438.95,5479
1702964400,1438.9,1439.1,1437.6,1439.0,8182
1702964700,1438.95,1438.95,1437.25,1437.55,3528
1702965000,1437.55,1438.3,1434.4,1435.0,20049
1702965300,1435.05,1436.1,1434.7,1435.1,10589
1702965600,1435.1,1435.9,1434.75,1435.0,8594
1702965900,1434.95,1435.0,1434.7,1435.0,33410
1702966200,1434.95,1435.15,1434.6,1434.6,12302
1702966500,1434.6,1435.0,1434.55,1434.75,4867
1702966800,1434.75,1435.15,1432.85,1433.15,10738
1702967100,1433.1,1433.15,1430.75,1431.9,19065
1702967400,1431.8,1434.15,1431.4,1434.0,7117
1702967700,1433.85,1434.0,1432.25,1432.3,12712
1702968000,1432.45,1432.5,1429.9,1430.15,23993
1702968300,1430.1,1430.8,1428.4,1430.3,20051
1702968600,1430.3,1430.75,1429.5,1430.1,9729
1702968900,1430.15,1430.7,1429.8,1430.0,12285
1702969200,1429.95,1430.6,1429.9,1429.95,10899
1702969500,1429.95,1430.9,1429.5,1430.65,13548
1702969800,1430.65,1431.9,1429.55,1431.05,16022
1702970100,1430.95,1432.0,1429.6,1430.15,8336
1702970400,1430.0,1430.15,1429.5,1430.0,4660
1702970700,1429.9,1430.15,1429.0,1429.9,6802
1702971000,1429.9,1430.65,1429.5,1430.0,4523
1702971300,1430.0,1430.75,1429.55,1430.05,5511
1702971600,1430.05,1431.0,1430.05,1430.6,6041
1702971900,1430.55,1432.4,1430.55,1430.9,9884
1702972200,1430.9,1431.75,1430.65,1430.85,7706
1702972500,1430.85,1431.6,1429.85,1429.85,59200
1702972800,1429.85,1430.0,1428.9,1428.95,21528
1702973100,1428.9,1429.25,1428.5,1429.0,34146
1702973400,1428.75,1429.0,1428.5,1428.95,12932
1702973700,1428.9,1429.0,1428.65,1428.95,12354
1702974000,1428.9,1429.0,1428.55,1429.0,5302
1702974300,1428.95,1429.0,1428.85,1428.95,5888
1702974600,1428.95,1429.6,1428.5,1428.55,54625
1702974900,1428.75,1429.0,1428.5,1428.75,8871
1702975200,1428.7,1429.0,1425.55,1425.55,16103
1702975500,1425.7,1426.3,1423.25,1424.6,17680
1702975800,1424.6,1425.0,1423.25,1423.6,13332
1702976100,1423.55,1424.45,1422.6,1422.65,13004
1702976400,1422.65,1423.7,1422.0,1423.0,14387
1702976700,1423.0,1423.4,1421.5,1422.5,12165
1702977000,1422.5,1422.5,1420.75,1420.75,13368
1702977300,1420.95,1422.0,1419.25,1420.1,23914
1702977600,1420.05,1421.5,1419.95,1420.0,12808
1702977900,1420.0,1421.7,1419.25,1420.0,22122
1702978200,1419.9,1425.0,1419.05,1422.55,50919
1702978500,1422.65,1425.0,1422.55,1424.3,34020
1702978800,1424.45,1425.0,1423.4,1423.7,30786
1702979100,1423.7,1425.0,1423.7,1425.0,48908
1702979400,1425.0,1429.1,1424.8,1428.75,65420
1702979700,1428.7,1429.25,1427.0,1428.3,18919
1703043900,1437.0,1437.0,1426.15,1428.5,31138
1703044200,1428.5,1430.3,1427.55,1428.2,17114
1703044500,1427.75,1431.95,1427.3,1431.05,16476
1703044800,1431.1,1434.8,1430.7,1434.2,15295
1703045100,1434.2,1437.0,1434.2,1436.3,11609
1703045400,1436.2,1436.8,1433.0,1434.35,7598
1703045700,1434.35,1434.45,1432.05,1433.15,6997
1703046000,1433.15,1433.5,1432.2,1432.75,4661
1703046300,1432.75,1432.8,1430.65,1431.95,13439
1703046600,1432.0,1432.0,1428.25,1428.3,16752
1703046900,1428.3,1432.6,1428.3,1431.5,12478
1703047200,1431.75,1432.8,1430.7,1432.75,16427
1703047500,1432.6,1434.25,1432.1,1432.95,14551
1703047800,1432.95,1433.8,1432.85,1432.9,16265
1703048100,1433.0,1433.8,1432.05,1433.6,21472
1703048400,1434.0,1436.25,1434.0,1435.65,11651
1703048700,1435.65,1435.7,1433.15,1435.3,8896
1703049000,1435.25,1435.5,1434.2,1434.2,10479
1703049300,1434.2,1434.5,1433.35,1434.15,6746
1703049600,1434.3,1435.4,1433.5,1433.55,7075
1703049900,1433.55,1434.35,1432.1,1433.0,11912
1703050200,1433.0,1434.25,1432.9,1433.4,6745
1703050500,1433.4,1433.8,1432.75,1433.0,8348
1703050800,1433.0,1433.15,1431.9,1432.0,8780
1703051100,1432.0,1432.0,1427.55,1428.0,13597
1703051400,1428.0,1429.65,1427.0,1427.1,11125
1703051700,1427.05,1430.65,1427.05,1430.0,12664
1703052000,1430.0,1430.6,1428.0,1429.5,9841
1703052300,1429.4,1429.55,1427.5,1427.6,7258
1703052600,1427.55,1428.6,1424.3,1425.05,18776
1703052900,1424.75,1425.6,1424.0,1424.1,9731
1703053200,1424.1,1425.0,1423.1,1424.7,11463
1703053500,1424.95,1427.0,1424.55,1427.0,36341
1703053800,1427.0,1428.85,1424.7,1424.9,29640
1703054100,1424.9,1426.05,1424.0,1424.15,42268
1703054400,1424.15,1424.55,1423.6,1424.0,7205
1703054700,1423.75,1424.35,1422.65,1423.0,12870
1703055000,1423.0,1423.45,1421.2,1421.7,12759
1703055300,1421.75,1422.4,1421.0,1421.5,7458
1703055600,1421.5,1422.0,1420.6,1420.95,15048
1703055900,1420.95,1422.2,1420.45,1420.55,22769
1703056200,1420.65,1421.65,1420.2,1421.2,13012
1703056500,1421.25,1421.6,1420.2,1421.3,10228
1703056800,1421.3,1422.6,1420.95,1421.3,9601
1703057100,1421.85,1422.3,1420.35,1421.1,9160
1703057400,1421.45,1421.5,1420.05,1420.45,7124
1703057700,1420.45,1420.55,1417.5,1417.65,14540
1703058000,1417.7,1418.8,1416.5,1417.75,10358
1703058300,1417.75,1418.75,1416.25,1417.05,10850
1703058600,1417.05,1418.85,1416.4,1416.45,8442
1703058900,1416.45,1417.15,1414.2,1415.2,16481
1703059200,1415.2,1416.15,1411.75,1411.75,15787
1703059500,1411.75,1418.75,1410.55,1418.75,12394
1703059800,1418.2,1420.35,1414.6,1416.75,9954
1703060100,1416.75,1418.0,1414.35,1414.55,12004
1703060400,1414.45,1415.25,1408.9,1413.0,15148
1703060700,1413.0,1414.5,1410.55,1413.0,9428
1703061000,1413.0,1413.45,1407.55,1407.55,15373
1703061300,1407.3,1409.25,1405.0,1408.5,17770
1703061600,1408.5,1411.4,1408.3,1410.05,20670
1703061900,1409.75,1412.2,1408.45,1409.65,17787
1703062200,1409.65,1412.35,1409.55,1410.2,11609
1703062500,1410.2,1412.9,1409.55,1411.9,16037
1703062800,1411.8,1413.75,1410.0,1410.5,13537
1703063100,1410.25,1411.9,1407.7,1409.05,14535
1703063400,1409.05,1410.0,1405.95,1406.7,14624
1703063700,1406.7,1408.4,1404.05,1404.95,17860
1703064000,1404.95,1408.85,1404.95,1408.1,22595
1703064300,1408.1,1411.9,1407.65,1411.05,18406
1703064600,1411.05,1411.75,1406.5,1407.6,31445
1703064900,1407.15,1410.0,1407.1,1409.1,29066
1703065200,1409.25,1410.05,1408.05,1409.75,28419
1703065500,1409.75,1409.75,1407.0,1408.65,31064
1703065800,1408.65,1410.45,1407.15,1409.45,38867
1703066100,1409.6,1413.4,1405.65,1411.65,23528
1703130300,1401.5,1408.35,1387.4,1390.65,61897
1703130600,1390.65,1393.45,1389.65,1391.95,34171
1703130900,1391.2,1395.45,1390.0,1392.8,12503
1703131200,1392.75,1392.75,1388.0,1388.0,10179
1703131500,1388.0,1390.85,1384.0,1387.35,25223
1703131800,1387.0,1390.3,1387.0,1388.5,6270
1703132100,1388.5,1392.4,1388.5,1391.05,11704
1703132400,1391.05,1393.4,1390.65,1392.0,7560
1703132700,1392.0,1392.65,1388.9,1389.8,12099
1703133000,1389.8,1391.4,1384.1,1384.1,18839
1703133300,1384.25,1384.45,1380.0,1381.35,37020
1703133600,1381.35,1385.0,1381.35,1384.35,20002
1703133900,1384.35,1389.0,1383.75,1388.05,21816
1703134200,1388.05,1388.5,1385.55,1388.45,14787
1703134500,1388.45,1388.6,1384.85,1385.0,21148
1703134800,1385.0,1386.65,1384.3,1386.65,8377
1703135100,1386.65,1387.25,1385.1,1385.95,7448
1703135400,1385.95,1397.8,1385.55,1395.7,30299
1703135700,1395.7,1396.9,1391.65,1392.5,9288
1703136000,1392.5,1393.1,1390.7,1391.7,6120
1703136300,1391.7,1392.7,1390.45,1392.15,7559
1703136600,1392.15,1393.5,1390.1,1390.85,10217
1703136900,1390.85,1394.0,1388.3,1393.25,11312
1703137200,1393.45,1395.2,1392.55,1393.95,9754
1703137500,1393.95,1393.95,1389.45,1392.6,5144
1703137800,1392.6,1393.8,1391.95,1393.55,8769
1703138100,1393.55,1393.9,1392.3,1392.3,4384
1703138400,1392.3,1394.8,1392.3,1394.0,9136
1703138700,1394.0,1394.9,1392.7,1393.6,9452
1703139000,1393.6,1394.9,1393.1,1394.6,5369
1703139300,1394.6,1396.0,1392.5,1393.85,14849
1703139600,1393.85,1394.45,1392.3,1392.7,5200
1703139900,1393.65,1394.1,1391.3,1391.45,7468
1703140200,1391.5,1392.4,1390.0,1392.35,107175
1703140500,1392.35,1392.35,1390.0,1391.55,4806
1703140800,1391.55,1394.2,1390.5,1393.0,669682
1703141100,1393.0,1393.3,1391.55,1393.2,8555
1703141400,1393.3,1393.85,1391.5,1393.5,8229
1703141700,1393.6,1395.65,1393.6,1395.25,11312
1703142000,1395.3,1396.4,1394.35,1395.75,11329
1703142300,1395.75,1398.7,1395.4,1398.7,13735
1703142600,1398.7,1400.85,1398.45,1400.35,12923
1703142900,1400.35,1401.4,1399.05,1400.7,8073
1703143200,1400.7,1401.0,1399.05,1400.05,7971
1703143500,1400.55,1401.15,1398.65,1399.65,8882
1703143800,1400.05,1400.7,1399.1,1399.8,4423
1703144100,1399.8,1400.0,1398.05,1398.4,4319
1703144400,1398.4,1399.6,1397.05,1399.0,8287
1703144700,1399.0,1399.0,1396.25,1396.85,5478
1703145000,1396.85,1398.55,1396.8,1397.95,6524
1703145300,1397.95,1399.25,1396.95,1399.1,6040
1703145600,1399.1,1400.75,1398.65,1400.15,9982
1703145900,1400.1,1400.15,1394.0,1395.65,17498
1703146200,1395.65,1397.35,1394.0,1395.05,9711
1703146500,1395.1,1395.65,1393.75,1394.95,7345
1703146800,1395.0,1397.35,1394.25,1396.1,9502
1703147100,1396.15,1397.85,1395.2,1397.45,10005
1703147400,1397.45,1398.8,1395.0,1395.75,9200
1703147700,1395.75,1396.75,1394.25,1394.95,8532
1703148000,1394.95,1396.05,1393.95,1395.8,10983
1703148300,1395.75,1396.3,1394.0,1394.5,7767
1703148600,1394.5,1397.65,1394.05,1396.8,11719
1703148900,1397.3,1398.0,1395.65,1397.25,9255
1703149200,1397.55,1399.7,1396.8,1397.4,9499
1703149500,1397.4,1399.35,1396.8,1397.1,14486
1703149800,1396.85,1398.6,1396.0,1396.0,9699
1703150100,1396.45,1396.9,1395.0,1395.85,13908
1703150400,1395.85,1398.55,1394.5,1398.45,19387
1703150700,1398.45,1398.8,1395.0,1396.9,15556
1703151000,1396.85,1397.75,1395.0,1396.0,21998
1703151300,1396.0,1402.15,1395.45,1400.9,33428
1703151600,1400.9,1410.0,1400.5,1403.7,64583
1703151900,1403.35,1406.6,1402.9,1405.45,59195
1703152200,1405.45,1407.95,1404.4,1406.15,31907
1703152500,1406.15,1406.15,1401.25,1406.1,32996
1703216700,1414.0,1417.7,1406.3,1407.5,28387
1703217000,1407.0,1408.05,1404.35,1404.7,10142
1703217300,1404.7,1407.05,1404.2,1404.55,14130
1703217600,1404.55,1406.7,1401.95,1405.6,24395
1703217900,1405.9,1412.4,1405.65,1409.7,12010
1703218200,1409.7,1411.55,1408.55,1408.9,7504
1703218500,1408.9,1412.2,1408.75,1411.1,9260
1703218800,1411.1,1411.1,1409.4,1409.95,7806
1703219100,1409.85,1410.05,1407.5,1407.5,14920
1703219400,1407.7,1407.7,1402.3,1402.4,11691
1703219700,1402.3,1402.4,1400.25,1401.9,11412
1703220000,1401.5,1402.9,1399.15,1400.15,9562
1703220300,1400.15,1404.8,1400.0,1403.15,9971
1703220600,1402.35,1404.0,1401.55,1402.05,13495
1703220900,1402.15,1404.5,1401.4,1403.3,8939
1703221200,1403.3,1406.4,1402.95,1405.7,11070
1703221500,1405.65,1407.0,1405.15,1405.5,10944
1703221800,1405.2,1405.35,1403.0,1403.45,6318
1703222100,1403.45,1406.3,1403.1,1405.65,8279
1703222400,1405.65,1408.95,1404.9,1407.2,10350
1703222700,1407.2,1409.2,1406.55,1408.3,8380
1703223000,1408.3,1410.5,1408.3,1409.3,9926
1703223300,1409.3,1410.5,1406.55,1406.95,8713
1703223600,1406.95,1408.6,1406.0,1406.45,8652
1703223900,1406.45,1406.9,1404.05,1404.55,8092
1703224200,1404.55,1405.2,1402.5,1404.45,6183
1703224500,1404.45,1405.3,1403.85,1404.8,5838
1703224800,1404.8,1405.0,1403.3,1404.55,5747
1703225100,1404.55,1404.6,1402.0,1403.55,6436
1703225400,1403.55,1407.35,1403.55,1406.25,4643
1703225700,1406.25,1406.5,1405.0,1406.45,4590
1703226000,1406.45,1407.35,1404.55,1405.55,3626
1703226300,1405.55,1407.1,1404.8,1406.6,6647
1703226600,1406.6,1407.5,1405.6,1407.25,7982
1703226900,1407.25,1408.25,1406.25,1406.35,14039
1703227200,1406.35,1408.7,1406.05,1406.3,7802
1703227500,1406.3,1407.35,1403.35,1403.65,7729
1703227800,1403.65,1405.0,1401.6,1404.35,7917
1703228100,1404.35,1404.95,1402.9,1403.4,8636
1703228400,1403.4,1404.3,1399.15,1399.15,11922
1703228700,1399.15,1399.5,1397.35,1398.4,8058
1703229000,1398.4,1401.6,1397.45,1401.3,11903
1703229300,1401.3,1403.55,1400.6,1402.95,7902
1703229600,1402.95,1403.65,1401.65,1401.8,8298
1703229900,1401.8,1402.95,1401.45,1402.05,8650
1703230200,1402.05,1402.7,1401.0,1402.45,16824
1703230500,1402.45,1402.55,1401.05,1402.45,15747
1703230800,1402.05,1402.65,1396.45,1398.0,35508
1703231100,1398.0,1398.7,1397.4,1397.95,12197
1703231400,1397.95,1398.5,1397.55,1398.2,12066
1703231700,1398.0,1398.3,1397.25,1397.5,16771
1703232000,1398.1,1398.1,1393.6,1396.75,14641
1703232300,1396.75,1396.8,1395.0,1395.3,5825
1703232600,1395.1,1395.35,1392.0,1393.55,16404
1703232900,1393.55,1394.8,1389.05,1389.05,26266
1703233200,1389.25,1392.9,1389.05,1391.95,16752
1703233500,1391.0,1392.55,1389.0,1389.8,20741
1703233800,1390.7,1391.45,1389.0,1390.15,24205
1703234100,1390.35,1392.45,1389.55,1392.25,31443
1703234400,1392.25,1394.85,1392.25,1393.9,16679
1703234700,1393.9,1394.9,1392.6,1393.6,12709
1703235000,1393.6,1394.0,1391.0,1391.0,11109
1703235300,1391.0,1391.45,1389.25,1389.65,16045
1703235600,1389.65,1390.7,1387.05,1387.25,13148
1703235900,1387.35,1392.5,1387.35,1391.4,12737
1703236200,1391.4,1393.65,1389.6,1391.7,26965
1703236500,1391.45,1391.9,1387.25,1388.8,24282
1703236800,1388.8,1389.8,1387.65,1387.85,25892
1703237100,1387.85,1390.65,1387.85,1388.9,25919
1703237400,1388.9,1391.5,1388.6,1389.95,34812
1703237700,1389.95,1390.95,1388.95,1390.05,37023
1703238000,1390.05,1396.4,1389.95,1395.0,51283
1703238300,1394.85,1399.0,1394.85,1398.3,48869
1703238600,1398.3,1399.0,1395.6,1398.95,31025
1703238900,1398.95,1399.9,1395.25,1399.3,18631
1703562300,1400.0,1403.95,1397.15,1402.65,19568
1703562600,1402.65,1408.0,1402.15,1405.0,19481
1703562900,1405.0,1406.3,1401.4,1402.3,6578
1703563200,1402.3,1406.1,1401.7,1406.1,9002
1703563500,1405.25,1407.0,1404.0,1404.95,7762
1703563800,1404.95,1405.4,1403.0,1403.0,4722
1703564100,1403.0,1404.75,1402.25,1403.7,3031
1703564400,1403.7,1404.9,1401.55,1403.35,3477
1703564700,1403.35,1407.0,1403.35,1406.35,4088
1703565000,1406.45,1409.15,1406.3,1408.8,10579
1703565300,1408.2,1408.85,1404.8,1407.0,11959
1703565600,1407.0,1407.0,1402.8,1403.6,8783
1703565900,1403.6,1404.2,1400.4,1400.65,8392
1703566200,1400.4,1401.4,1394.45,1395.1,14958
1703566500,1395.1,1398.7,1394.55,1396.3,15955
1703566800,1396.3,1396.8,1395.0,1395.5,7824
1703567100,1395.05,1396.7,1395.0,1396.05,12211
1703567400,1396.05,1396.1,1391.75,1392.6,29888
1703567700,1392.6,1393.55,1390.65,1391.2,17065
1703568000,1391.2,1392.15,1388.7,1390.75,14741
1703568300,1390.75,1391.15,1388.95,1389.0,10700
1703568600,1389.0,1394.9,1389.0,1394.8,14636
1703568900,1394.8,1396.4,1394.1,1395.5,7276
1703569200,1395.5,1396.0,1394.45,1394.5,5898
1703569500,1394.6,1395.75,1394.45,1395.1,6035
1703569800,1395.1,1397.05,1394.55,1396.7,7766
1703570100,1396.4,1396.7,1395.0,1395.45,10578
1703570400,1395.0,1395.65,1393.5,1393.55,8110
1703570700,1393.55,1394.6,1393.1,1393.45,5774
1703571000,1393.45,1397.25,1393.15,1396.35,9079
1703571300,1396.35,1399.5,1396.35,1399.25,11133
1703571600,1398.7,1399.95,1397.7,1399.15,7939
1703571900,1399.15,1399.55,1398.0,1398.85,4262
1703572200,1398.85,1398.85,1396.6,1397.45,4116
1703572500,1397.45,1397.45,1396.1,1396.7,5153
1703572800,1396.7,1396.85,1394.75,1395.0,5562
1703573100,1395.0,1397.55,1395.0,1397.15,6544
1703573400,1397.15,1397.75,1393.55,1395.15,6054
1703573700,1395.05,1396.45,1394.3,1395.75,5288
1703574000,1395.75,1398.5,1394.6,1397.65,5848
1703574300,1397.65,1399.1,1396.0,1398.55,6969
1703574600,1398.55,1398.95,1396.05,1396.65,7466
1703574900,1396.65,1396.95,1394.35,1394.7,1697
1703575200,1394.7,1396.55,1394.7,1395.4,2094
1703575500,1395.65,1395.9,1393.05,1394.2,3134
1703575800,1394.2,1394.2,1390.45,1392.1,4550
1703576100,1392.8,1394.2,1392.0,1393.4,9994
1703576400,1393.4,1395.25,1392.8,1393.0,10101
1703576700,1393.0,1393.9,1391.5,1392.45,6351
1703577000,1392.3,1393.25,1391.5,1393.0,4745
1703577300,1392.75,1393.4,1391.9,1392.5,15622
1703577600,1392.5,1393.0,1392.05,1392.5,3554
1703577900,1392.55,1392.55,1390.75,1390.75,4264
1703578200,1390.75,1391.3,1389.35,1389.65,7226
1703578500,1389.65,1390.2,1389.2,1389.45,3890
1703578800,1389.3,1390.25,1387.65,1388.3,5199
1703579100,1388.3,1388.9,1387.8,1388.2,3077
1703579400,1388.15,1390.95,1388.0,1390.15,5534
1703579700,1390.15,1392.3,1390.15,1390.3,4888
1703580000,1390.3,1390.5,1388.7,1389.75,3222
1703580300,1389.75,1393.1,1389.7,1392.45,4592
1703580600,1392.45,1393.2,1391.5,1392.0,4188
1703580900,1392.0,1392.75,1390.7,1391.6,3401
1703581200,1391.6,1392.25,1390.5,1390.6,3399
1703581500,1390.55,1392.2,1390.55,1391.8,3337
1703581800,1391.8,1392.3,1390.8,1391.95,5839
1703582100,1391.95,1392.55,1391.1,1392.3,5043
1703582400,1392.25,1393.7,1390.75,1393.4,157828
1703582700,1393.4,1393.75,1391.05,1392.75,9945
1703583000,1392.75,1394.0,1391.2,1393.95,24980
1703583300,1393.95,1394.5,1391.0,1393.7,31204
1703583600,1393.7,1395.7,1392.85,1395.0,28873
1703583900,1395.55,1397.85,1393.6,1397.7,36201
1703584200,1397.5,1397.85,1395.0,1396.65,20361
1703584500,1396.65,1401.7,1396.1,1401.35,44578
1703648700,1405.0,1407.85,1399.1,1403.2,17085
1703649000,1403.2,1409.0,1403.05,1408.95,14517
1703649300,1408.95,1410.3,1406.7,1409.85,11770
1703649600,1409.85,1414.85,1408.45,1414.5,10823
1703649900,1414.5,1414.95,1412.65,1414.0,19323
1703650200,1414.0,1417.0,1413.8,1415.65,15184
1703650500,1415.65,1418.0,1414.05,1416.95,15029
1703650800,1416.95,1417.85,1416.1,1417.1,10623
1703651100,1417.1,1418.0,1414.4,1414.95,12152
1703651400,1414.9,1417.55,1414.9,1416.7,5389
1703651700,1416.7,1416.7,1414.2,1414.2,7403
1703652000,1414.5,1414.5,1412.0,1413.95,12558
1703652300,1414.1,1415.25,1413.1,1413.8,5966
1703652600,1413.8,1414.05,1413.0,1413.65,4178
1703652900,1413.65,1414.7,1413.2,1413.75,5753
1703653200,1413.75,1416.65,1413.75,1415.15,6524
1703653500,1415.0,1415.0,1414.15,1414.75,4055
1703653800,1414.95,1417.0,1414.75,1416.05,9518
1703654100,1416.05,1417.8,1415.1,1417.8,12666
1703654400,1417.8,1422.0,1417.4,1421.5,20691
1703654700,1421.5,1422.7,1419.5,1419.5,26883
1703655000,1420.15,1420.15,1417.8,1418.0,8990
1703655300,1418.0,1418.95,1417.1,1418.2,9852
1703655600,1418.15,1418.2,1415.5,1416.7,10684
1703655900,1416.7,1419.5,1416.1,1418.9,6759
1703656200,1418.9,1419.85,1417.2,1418.3,7761
1703656500,1418.3,1418.75,1416.05,1418.75,7305
1703656800,1418.75,1419.15,1417.5,1418.7,8275
1703657100,1418.7,1419.0,1417.7,1418.8,7358
1703657400,1418.8,1418.95,1417.5,1417.95,4536
1703657700,1417.95,1418.35,1416.9,1417.75,5959
1703658000,1417.75,1418.55,1417.45,1418.45,4027
1703658300,1418.45,1418.85,1417.5,1418.6,8040
1703658600,1418.7,1419.0,1418.6,1419.0,7571
1703658900,1419.0,1420.8,1418.8,1420.05,12785
1703659200,1420.45,1421.6,1420.05,1421.6,5358
1703659500,1421.6,1421.8,1419.0,1421.25,10228
1703659800,1420.85,1421.4,1418.1,1418.45,5911
1703660100,1418.55,1419.55,1417.35,1417.65,9625
1703660400,1417.65,1418.4,1415.6,1416.85,7356
1703660700,1416.85,1418.55,1416.45,1418.05,6393
1703661000,1418.05,1419.25,1417.4,1418.25,4910
1703661300,1418.85,1419.5,1417.9,1419.5,5272
1703661600,1419.5,1419.5,1416.8,1418.95,5490
1703661900,1418.95,1419.5,1417.3,1419.5,4114
1703662200,1419.5,1419.5,1414.95,1416.5,7116
1703662500,1416.5,1417.4,1413.0,1413.65,11492
1703662800,1413.0,1415.9,1413.0,1414.9,2199
1703663100,1414.9,1415.5,1413.2,1415.15,4725
1703663400,1415.05,1415.5,1413.3,1413.6,6448
1703663700,1414.25,1417.95,1413.55,1417.95,3965
1703664000,1417.95,1417.95,1413.5,1414.7,6386
1703664300,1413.9,1415.35,1413.0,1415.35,5032
1703664600,1415.35,1416.6,1414.55,1415.6,3110
1703664900,1416.15,1417.8,1415.6,1416.75,4679
1703665200,1416.75,1418.0,1416.5,1417.15,3467
1703665500,1417.1,1418.5,1416.05,1418.45,3449
1703665800,1418.45,1418.5,1416.55,1418.5,5119
1703666100,1418.5,1418.5,1416.25,1417.85,6859
1703666400,1417.85,1418.0,1414.5,1416.45,5768
1703666700,1416.45,1416.5,1414.2,1414.95,5670
1703667000,1414.95,1415.0,1413.1,1413.95,5893
1703667300,1413.95,1415.0,1413.75,1414.2,4492
1703667600,1414.2,1414.5,1412.05,1412.5,7386
1703667900,1413.0,1413.9,1412.25,1413.55,4829
1703668200,1413.45,1414.1,1412.25,1413.9,5627
1703668500,1414.3,1415.4,1413.65,1414.85,5579
1703668800,1414.65,1416.25,1414.05,1415.1,7274
1703669100,1415.1,1415.95,1413.7,1415.6,5548
1703669400,1415.6,1421.2,1413.95,1420.65,32961
1703669700,1420.65,1422.0,1420.4,1421.45,21795
1703670000,1421.45,1422.75,1420.9,1422.25,23245
1703670300,1422.45,1423.4,1420.85,1422.9,30367
1703670600,1422.85,1424.0,1421.55,1421.8,33978
1703670900,1421.8,1422.8,1418.9,1418.9,20991
1703735100,1428.5,1437.4,1425.55,1434.55,95397
1703735400,1434.2,1435.0,1430.0,1430.35,37003
1703735700,1430.35,1433.8,1428.3,1431.7,26805
1703736000,1431.7,1433.95,1431.05,1433.0,18752
1703736300,1433.0,1436.2,1432.15,1436.15,25808
1703736600,1436.15,1439.8,1435.25,1439.0,37587
1703736900,1438.65,1442.0,1438.05,1441.0,51449
1703737200,1441.0,1444.45,1440.65,1444.45,52974
1703737500,1444.45,1444.95,1438.4,1441.4,44038
1703737800,1441.4,1441.8,1435.3,1435.45,35919
1703738100,1435.45,1437.2,1433.05,1436.85,29722
1703738400,1436.85,1437.35,1431.2,1433.9,22379
1703738700,1433.9,1434.85,1431.0,1432.0,13806
1703739000,1432.0,1432.5,1426.45,1426.8,34094
1703739300,1427.6,1428.5,1425.0,1426.85,26039
1703739600,1426.85,1428.0,1425.0,1425.5,8066
1703739900,1425.5,1426.75,1425.0,1426.15,6713
1703740200,1426.15,1426.5,1422.0,1423.3,12120
1703740500,1423.3,1424.95,1422.5,1422.8,9967
1703740800,1422.8,1425.55,1422.05,1422.15,6699
1703741100,1422.15,1423.6,1421.55,1423.0,3844
1703741400,1423.0,1423.2,1421.9,1422.3,3174
1703741700,1422.3,1426.1,1422.25,1425.35,10813
1703742000,1425.05,1426.9,1424.1,1425.15,6051
1703742300,1425.15,1425.4,1422.55,1423.0,6022
1703742600,1423.0,1425.0,1422.2,1423.0,5071
1703742900,1423.0,1423.8,1420.0,1420.95,9738
1703743200,1420.95,1423.45,1420.05,1422.0,6362
1703743500,1421.8,1423.5,1420.65,1421.55,4599
1703743800,1421.55,1422.75,1420.6,1422.0,6258
1703744100,1422.25,1423.0,1421.55,1421.7,4066
1703744400,1422.45,1422.9,1419.5,1421.3,10009
1703744700,1421.3,1421.7,1419.3,1420.55,8806
1703745000,1420.55,1421.7,1420.35,1421.15,5999
1703745300,1421.0,1423.75,1421.0,1423.45,6513
1703745600,1422.75,1423.1,1421.0,1422.1,6864
1703745900,1421.65,1423.45,1420.6,1420.7,7414
1703746200,1420.9,1423.75,1420.9,1423.75,12525
1703746500,1423.4,1425.05,1422.55,1424.55,9449
1703746800,1424.55,1425.0,1423.0,1424.0,6057
1703747100,1424.0,1424.7,1422.15,1422.9,5807
1703747400,1422.9,1425.0,1420.8,1423.6,7649
1703747700,1423.6,1424.95,1421.9,1422.5,11581
1703748000,1422.25,1424.45,1421.25,1423.1,7310
1703748300,1423.1,1424.25,1421.6,1423.15,7092
1703748600,1423.15,1424.0,1421.5,1422.55,7037
1703748900,1422.8,1424.5,1422.2,1424.05,8621
1703749200,1424.3,1424.9,1422.8,1422.95,12084
1703749500,1422.95,1424.1,1422.4,1423.15,7553
1703749800,1423.15,1424.2,1422.0,1423.55,5971
1703750100,1422.85,1424.75,1422.4,1424.05,9796
1703750400,1424.05,1424.5,1423.1,1423.65,9246
1703750700,1424.3,1424.45,1421.7,1423.5,14620
1703751000,1423.5,1424.85,1422.5,1424.45,9146
1703751300,1424.45,1429.05,1423.85,1428.5,18309
1703751600,1428.5,1428.5,1426.0,1427.5,8140
1703751900,1427.5,1428.9,1424.4,1425.65,14981
1703752200,1425.65,1426.8,1422.3,1426.0,9865
1703752500,1426.0,1426.95,1422.8,1423.1,8912
1703752800,1423.1,1426.75,1422.65,1425.8,8151
1703753100,1425.8,1427.4,1424.8,1426.3,12244
1703753400,1426.3,1430.0,1426.3,1428.2,33029
1703753700,1427.8,1431.0,1426.9,1427.75,23185
1703754000,1427.75,1429.5,1425.45,1428.25,12412
1703754300,1428.25,1429.7,1426.75,1429.1,14722
1703754600,1429.1,1430.35,1428.0,1429.75,20163
1703754900,1429.75,1430.5,1428.0,1429.2,18767
1703755200,1429.25,1431.45,1428.4,1430.45,24436
1703755500,1430.45,1436.4,1429.75,1435.25,29994
1703755800,1435.25,1436.95,1432.95,1436.0,61805
1703756100,1436.05,1437.25,1433.55,1435.45,51470
1703756400,1436.15,1436.55,1433.15,1434.85,49571
1703756700,1435.3,1435.7,1432.6,1435.0,44732
1703757000,1435.0,1439.0,1433.25,1436.85,75393
1703757300,1436.85,1437.1,1430.5,1430.5,47843
1703821500,1433.0,1433.0,1425.05,1428.25,11313
1703821800,1428.25,1428.5,1425.15,1426.7,7757
1703822100,1426.7,1429.65,1426.0,1427.05,10210
1703822400,1427.7,1432.7,1427.7,1431.85,8188
1703822700,1431.85,1432.85,1427.75,1428.45,6275
1703823000,1428.45,1429.55,1426.8,1426.85,4387
1703823300,1426.85,1429.0,1426.85,1428.95,3901
1703823600,1428.95,1430.85,1428.55,1429.4,6115
1703823900,1429.4,1430.3,1425.8,1426.1,7521
1703824200,1426.1,1427.75,1425.8,1426.15,6036
1703824500,1426.15,1426.15,1422.3,1423.1,10582
1703824800,1423.1,1424.45,1422.2,1422.2,6175
1703825100,1422.2,1424.25,1422.0,1422.45,4548
1703825400,1422.45,1426.2,1422.1,1425.7,6076
1703825700,1425.7,1425.85,1424.1,1425.0,2457
1703826000,1425.0,1426.85,1424.6,1425.55,5602
1703826300,1425.55,1427.85,1425.55,1426.0,4493
1703826600,1426.0,1429.25,1426.0,1429.25,2546
1703826900,1429.25,1429.25,1425.0,1425.05,1361
1703827200,1425.05,1426.15,1424.3,1425.45,4646
1703827500,1425.45,1426.45,1425.0,1425.55,1780
1703827800,1425.55,1426.9,1425.0,1426.15,5107
1703828100,1426.15,1427.75,1425.35,1425.95,3465
1703828400,1425.95,1426.45,1425.55,1426.1,255
1703828700,1425.35,1426.25,1425.25,1425.5,1140
1703829000,1425.5,1427.2,1425.5,1426.3,1986
1703829300,1426.3,1427.0,1425.9,1426.1,5098
1703829600,1426.1,1427.8,1426.05,1427.05,3419
1703829900,1427.05,1427.4,1426.5,1426.75,508
1703830200,1426.5,1426.75,1425.8,1426.05,3748
1703830500,1426.05,1426.3,1425.85,1426.0,4937
1703830800,1426.25,1427.4,1426.0,1427.3,3384
1703831100,1427.3,1427.3,1426.25,1427.0,1027
1703831400,1427.0,1427.0,1426.05,1426.1,1203
1703831700,1426.1,1427.3,1425.8,1426.45,5895
1703832000,1426.5,1426.55,1425.65,1426.1,1338
1703832300,1426.1,1426.1,1425.85,1426.05,1220
1703832600,1426.05,1427.75,1426.0,1426.4,3531
1703832900,1426.4,1426.9,1425.6,1425.6,1111
1703833200,1425.6,1426.45,1421.05,1422.9,7082
1703833500,1422.9,1422.95,1421.55,1421.6,2882
1703833800,1421.6,1422.35,1421.55,1422.3,3459
1703834100,1422.3,1422.35,1421.45,1422.3,4207
1703834400,1422.3,1422.3,1421.45,1421.55,1920
1703834700,1421.55,1422.3,1421.35,1422.15,3430
1703835000,1422.15,1425.8,1421.55,1425.75,7161
1703835300,1425.75,1427.45,1425.1,1426.4,4552
1703835600,1426.4,1427.0,1425.0,1425.05,1743
1703835900,1425.6,1425.6,1423.15,1423.8,1967
1703836200,1423.8,1423.8,1423.2,1423.4,1048
1703836500,1423.4,1423.65,1422.3,1422.95,3461
1703836800,1422.95,1425.75,1422.9,1425.15,2950
1703837100,1425.15,1426.4,1424.9,1425.85,3646
1703837400,1425.85,1427.55,1425.85,1427.05,4228
1703837700,1427.5,1427.5,1426.4,1426.65,1840
1703838000,1426.65,1426.95,1425.6,1425.6,1776
1703838300,1425.75,1425.75,1424.15,1424.8,5445
1703838600,1424.85,1425.1,1424.15,1425.0,3491
1703838900,1425.0,1426.5,1425.0,1426.05,4379
1703839200,1426.05,1426.7,1422.35,1422.35,10069
1703839500,1422.35,1425.0,1422.35,1423.45,3695
1703839800,1423.45,1424.75,1423.2,1423.5,4890
1703840100,1423.2,1424.45,1423.0,1423.85,4691
1703840400,1424.45,1429.05,1423.85,1428.5,5049
1703840700,1428.1,1431.0,1428.1,1430.35,14383
1703841000,1430.4,1430.95,1429.65,1430.05,2880
1703841300,1430.05,1431.8,1430.0,1431.45,2706
1703841600,1431.45,1431.7,1429.7,1430.3,5088
1703841900,1430.3,1432.45,1430.3,1432.35,4399
1703842200,1432.35,1434.65,1431.5,1434.35,13500
1703842500,1434.35,1435.25,1432.7,1434.0,13255
1703842800,1434.0,1434.0,1431.65,1432.55,12924
1703843100,1432.55,1432.95,1431.55,1432.45,13526
1703843400,1432.45,1432.55,1430.1,1431.95,17680
1703843700,1431.95,1433.85,1430.0,1432.1,14088
1704080700,1435.85,1437.6,1429.1,1430.95,4964
1704081000,1430.95,1432.9,1430.0,1430.65,4271
1704081300,1430.65,1431.45,1427.75,1428.2,3531
1704081600,1428.2,1431.35,1428.0,1429.55,2071
1704081900,1429.5,1431.45,1429.0,1429.0,1291
1704082200,1429.0,1431.3,1428.7,1431.3,1161
1704082500,1431.3,1433.25,1430.55,1432.5,1761
1704082800,1433.25,1434.0,1431.05,1431.05,3361
1704083100,1431.4,1433.0,1431.0,1432.4,3519
1704083400,1432.4,1433.0,1431.05,1432.0,1508
1704083700,1432.0,1432.9,1431.0,1432.7,1010
1704084000,1432.7,1432.9,1431.0,1432.9,723
1704084300,1432.9,1433.6,1432.05,1433.35,1236
1704084600,1433.25,1433.5,1431.0,1431.75,1816
1704084900,1431.75,1432.5,1431.0,1432.5,883
1704085200,1432.5,1433.0,1431.3,1433.0,491
1704085500,1433.0,1433.5,1432.05,1433.5,1066
1704085800,1433.1,1433.5,1432.2,1432.6,644
1704086100,1432.95,1433.35,1432.1,1432.5,1001
1704086400,1432.5,1432.5,1430.5,1431.15,2137
1704086700,1431.15,1431.35,1430.5,1430.5,696
1704087000,1430.5,1431.0,1429.3,1429.35,1057
1704087300,1429.35,1430.0,1429.35,1429.35,808
1704087600,1429.35,1429.95,1427.15,1427.75,4315
1704087900,1428.45,1428.8,1427.0,1427.4,1818
1704088200,1427.4,1428.0,1427.2,1427.3,451
1704088500,1427.3,1428.0,1425.95,1427.0,2313
1704088800,1427.0,1427.35,1426.0,1426.05,1566
1704089100,1426.05,1426.9,1426.0,1426.85,1169
1704089400,1426.85,1428.3,1426.4,1427.2,880
1704089700,1427.95,1428.15,1426.05,1426.6,201
1704090000,1427.15,1428.25,1426.4,1428.2,1083
1704090300,1428.2,1428.2,1426.5,1426.65,1692
1704090600,1426.65,1427.6,1426.65,1427.5,551
1704090900,1426.9,1429.45,1426.8,1429.45,2155
1704091200,1429.45,1430.3,1428.6,1429.75,2032
1704091500,1429.75,1429.9,1427.7,1428.95,1671
1704091800,1428.95,1428.95,1427.25,1428.3,1492
1704092100,1428.4,1428.4,1427.05,1427.5,611
1704092400,1427.5,1429.4,1427.05,1429.35,2346
1704092700,1429.35,1429.45,1428.05,1428.75,1363
1704093000,1429.45,1429.45,1428.6,1429.4,487
1704093300,1429.0,1429.45,1428.5,1429.45,683
1704093600,1429.45,1429.45,1428.85,1429.0,590
1704093900,1429.0,1429.45,1428.25,1428.4,1373
1704094200,1428.4,1429.15,1428.2,1428.65,575
1704094500,1429.1,1429.35,1428.25,1428.45,836
1704094800,1429.2,1429.4,1428.25,1428.45,549
1704095100,1429.15,1429.45,1428.4,1429.4,746
1704095400,1429.4,1429.5,1428.85,1429.05,687
1704095700,1429.5,1429.9,1429.05,1429.9,603
1704096000,1429.9,1430.0,1428.85,1428.85,1276
1704096300,1429.0,1430.0,1428.85,1429.0,1277
1704096600,1429.0,1429.8,1427.85,1428.45,1526
1704096900,1428.45,1428.65,1427.35,1428.6,589
1704097200,1428.6,1429.35,1427.5,1428.5,819
1704097500,1428.7,1430.0,1427.9,1429.1,702
1704097800,1429.8,1430.0,1429.1,1429.4,654
1704098100,1429.95,1431.7,1428.85,1428.85,5206
1704098400,1428.85,1429.1,1427.65,1427.65,3415
1704098700,1427.65,1429.75,1427.0,1429.6,6654
1704099000,1429.75,1430.65,1428.65,1429.85,2629
1704099300,1430.6,1431.0,1429.0,1430.1,1397
1704099600,1430.1,1432.0,1429.45,1431.9,3856
1704099900,1432.0,1432.0,1431.0,1431.0,1310
1704100200,1431.5,1434.5,1431.0,1433.55,5531
1704100500,1434.2,1435.5,1433.5,1435.5,5686
1704100800,1435.05,1436.8,1434.1,1434.95,6186
1704101100,1434.35,1436.6,1434.35,1436.3,3767
1704101400,1435.95,1436.8,1433.15,1435.0,5991
1704101700,1435.35,1436.0,1433.25,1434.1,4333
1704102000,1434.1,1434.9,1429.0,1430.4,5917
1704102300,1430.4,1432.0,1429.0,1431.75,4497
1704102600,1431.75,1432.2,1430.0,1430.5,2964
1704102900,1430.5,1431.0,1426.6,1427.8,6262
1704167100,1437.0,1440.0,1429.05,1437.75,18883
1704167400,1438.15,1447.35,1438.15,1443.5,28678
1704167700,1443.5,1449.7,1442.3,1445.5,23915
1704168000,1446.5,1446.9,1440.65,1441.65,10203
1704168300,1441.65,1442.0,1435.45,1436.6,9251
1704168600,1436.65,1437.8,1433.15,1433.15,7016
1704168900,1433.15,1435.05,1433.15,1433.4,4484
1704169200,1434.2,1440.65,1433.35,1435.4,18457
1704169500,1435.4,1435.4,1421.75,1424.7,49170
1704169800,1424.7,1427.65,1422.25,1426.75,9926
1704170100,1426.8,1432.05,1426.6,1431.35,5554
1704170400,1431.35,1433.5,1428.4,1431.3,5382
1704170700,1431.3,1431.55,1429.6,1431.55,2547
1704171000,1431.7,1431.7,1427.2,1429.0,7293
1704171300,1429.0,1431.35,1427.0,1429.8,12895
1704171600,1429.4,1432.95,1428.75,1432.55,20619
1704171900,1432.5,1432.5,1427.4,1430.6,38152
1704172200,1430.5,1432.45,1427.15,1428.95,23323
1704172500,1428.95,1430.3,1426.0,1426.0,8661
1704172800,1426.0,1428.25,1423.3,1427.45,6934
1704173100,1427.45,1428.2,1425.8,1426.55,5151
1704173400,1426.5,1429.25,1426.5,1427.25,3734
1704173700,1427.25,1428.5,1425.9,1427.2,4891
1704174000,1427.2,1427.5,1425.5,1426.75,3983
1704174300,1426.75,1426.75,1425.2,1426.2,4679
1704174600,1426.2,1427.75,1424.4,1424.4,4130
1704174900,1424.4,1426.5,1424.25,1424.25,2518
1704175200,1424.25,1426.7,1423.85,1426.1,3846
1704175500,1426.1,1427.3,1425.0,1425.0,3010
1704175800,1425.0,1428.2,1424.05,1427.45,3554
1704176100,1427.45,1429.8,1427.15,1429.8,3934
1704176400,1429.8,1430.0,1428.5,1428.5,2722
1704176700,1428.5,1429.05,1428.2,1428.4,1056
1704177000,1428.4,1430.65,1428.05,1428.5,2598
1704177300,1428.5,1430.6,1427.85,1430.6,1524
1704177600,1430.05,1430.6,1426.5,1429.05,5226
1704177900,1429.05,1431.0,1428.35,1430.95,2260
1704178200,1430.95,1431.05,1429.25,1429.7,1101
1704178500,1429.7,1429.95,1428.5,1429.1,1928
1704178800,1429.1,1429.8,1428.55,1429.8,1102
1704179100,1429.8,1429.8,1427.2,1427.5,1423
1704179400,1428.0,1429.75,1427.45,1429.75,2172
1704179700,1429.75,1430.3,1428.5,1428.8,2362
1704180000,1428.8,1430.35,1428.0,1430.35,926
1704180300,1430.15,1431.15,1429.1,1431.15,2704
1704180600,1431.15,1434.5,1430.45,1434.5,3573
1704180900,1434.5,1435.0,1431.7,1432.25,2289
1704181200,1432.25,1432.7,1431.7,1432.0,1100
1704181500,1432.0,1440.05,1432.0,1438.0,13337
1704181800,1438.0,1438.4,1433.65,1436.0,3771
1704182100,1436.0,1436.75,1434.2,1435.9,2250
1704182400,1435.25,1435.9,1433.0,1433.8,2102
1704182700,1433.8,1438.0,1433.2,1438.0,3615
1704183000,1438.0,1438.0,1436.15,1436.9,1407
1704183300,1436.9,1437.4,1435.25,1436.55,2498
1704183600,1436.55,1437.0,1435.75,1437.0,1691
1704183900,1436.95,1438.0,1435.55,1436.65,3147
1704184200,1436.65,1436.7,1434.45,1435.6,2756
1704184500,1435.6,1435.6,1432.8,1433.0,4676
1704184800,1433.0,1436.2,1432.0,1435.55,7891
1704185100,1435.1,1435.9,1433.25,1434.05,1801
1704185400,1434.05,1434.1,1432.6,1433.5,2892
1704185700,1433.5,1433.85,1431.5,1433.85,4508
1704186000,1433.3,1434.4,1431.95,1433.2,5933
1704186300,1433.2,1435.25,1432.1,1433.95,4750
1704186600,1434.0,1434.65,1432.8,1433.45,3976
1704186900,1433.45,1435.85,1432.85,1435.1,5374
1704187200,1435.1,1435.2,1431.5,1433.0,13541
1704187500,1433.0,1435.1,1432.1,1432.75,15628
1704187800,1433.4,1435.6,1431.8,1434.0,29172
1704188100,1434.0,1439.1,1432.2,1439.1,29097
1704188400,1439.45,1439.9,1435.2,1438.35,37979
1704188700,1438.35,1440.85,1437.5,1440.55,34238
1704189000,1440.1,1440.9,1438.15,1439.45,36462
1704189300,1439.75,1442.0,1437.0,1437.65,26381
1704253500,1430.0,1440.9,1423.8,1429.0,21718
1704253800,1429.0,1434.0,1429.0,1432.95,8979
1704254100,1432.95,1435.0,1431.8,1433.3,5056
1704254400,1433.3,1434.15,1431.15,1431.8,5439
1704254700,1431.8,1431.8,1428.65,1429.3,5768
1704255000,1429.3,1429.3,1425.45,1426.25,6332
1704255300,1426.25,1428.45,1426.05,1427.5,4508
1704255600,1427.5,1430.75,1427.05,1429.65,5395
1704255900,1429.65,1431.95,1428.05,1431.3,4210
1704256200,1431.8,1431.8,1428.05,1430.4,6280
1704256500,1430.3,1431.9,1428.3,1431.75,4127
1704256800,1431.75,1434.2,1431.15,1433.4,6128
1704257100,1433.4,1435.95,1432.95,1435.95,9767
1704257400,1435.9,1438.25,1435.2,1437.9,5249
1704257700,1437.9,1438.0,1436.0,1437.0,3216
1704258000,1437.0,1438.1,1436.75,1437.6,3244
1704258300,1437.6,1437.7,1436.7,1437.25,2265
1704258600,1437.25,1437.25,1436.0,1436.7,1617
1704258900,1436.7,1437.85,1436.0,1437.0,5516
1704259200,1437.0,1437.0,1436.6,1437.0,1573
1704259500,1437.0,1437.0,1436.0,1436.95,3535
1704259800,1436.95,1438.75,1436.95,1438.35,7206
1704260100,1438.35,1438.45,1437.0,1437.65,1301
1704260400,1437.65,1437.65,1436.0,1436.15,1957
1704260700,1436.15,1440.0,1436.0,1439.8,7190
1704261000,1439.8,1439.8,1437.9,1438.05,1792
1704261300,1438.05,1438.2,1434.75,1435.15,5989
1704261600,1435.15,1436.3,1433.75,1435.2,4205
1704261900,1435.2,1435.35,1432.55,1432.95,1380
1704262200,1432.95,1432.95,1431.7,1432.9,5757
1704262500,1432.9,1436.65,1432.9,1436.0,2233
1704262800,1436.0,1436.45,1433.7,1434.05,2675
1704263100,1434.05,1434.65,1432.7,1433.55,3801
1704263400,1433.55,1435.2,1432.8,1433.65,2748
1704263700,1433.65,1435.2,1433.0,1434.25,2851
1704264000,1434.25,1435.7,1433.45,1434.3,3870
1704264300,1434.3,1434.75,1433.1,1433.65,2769
1704264600,1433.65,1433.9,1429.1,1430.05,7757
1704264900,1430.05,1430.45,1429.5,1430.05,4121
1704265200,1430.15,1430.9,1429.5,1430.3,3012
1704265500,1430.3,1431.5,1429.5,1430.15,3230
1704265800,1430.15,1430.4,1429.6,1429.95,4534
1704266100,1429.95,1430.15,1429.6,1430.05,2869
1704266400,1430.05,1430.25,1429.65,1429.75,2577
1704266700,1429.95,1431.35,1429.75,1431.0,1997
1704267000,1430.4,1431.0,1429.8,1430.4,2101
1704267300,1430.4,1431.0,1430.0,1430.2,2457
1704267600,1430.2,1431.3,1429.9,1430.9,3241
1704267900,1430.9,1431.05,1429.8,1430.05,2058
1704268200,1430.05,1430.65,1429.6,1430.05,2702
1704268500,1430.05,1430.5,1429.45,1430.1,2417
1704268800,1430.1,1430.5,1429.3,1430.1,3956
1704269100,1430.1,1430.55,1429.4,1430.45,3304
1704269400,1430.45,1430.45,1429.45,1430.0,4738
1704269700,1430.05,1430.15,1429.05,1430.15,7852
1704270000,1430.15,1430.25,1429.3,1430.2,5657
1704270300,1430.2,1430.9,1429.4,1430.1,11941
1704270600,1429.8,1431.0,1429.55,1430.45,3202
1704270900,1430.45,1430.95,1429.45,1430.15,4667
1704271200,1430.15,1431.15,1429.4,1430.2,5849
1704271500,1430.2,1430.7,1428.45,1428.8,5475
1704271800,1428.8,1428.8,1425.7,1427.65,54971
1704272100,1427.65,1427.75,1425.0,1425.45,5866
1704272400,1425.45,1425.95,1424.1,1425.0,9652
1704272700,1425.0,1425.25,1422.65,1424.55,10543
1704273000,1424.55,1425.2,1423.4,1424.6,7603
1704273300,1424.6,1425.0,1422.65,1423.95,10518
1704273600,1423.9,1427.05,1423.25,1425.6,36553
1704273900,1425.6,1426.1,1424.15,1424.55,7155
1704274200,1425.2,1425.9,1423.55,1424.35,16105
1704274500,1424.35,1425.1,1423.0,1423.5,19799
1704274800,1423.5,1425.55,1423.05,1425.0,14450
1704275100,1424.75,1425.0,1421.45,1422.05,38393
1704275400,1422.05,1422.05,1420.05,1420.9,12136
1704275700,1420.85,1424.95,1415.6,1420.8,26959
1704339900,1420.8,1430.0,1415.0,1425.05,35439
1704340200,1425.05,1428.0,1424.55,1426.3,10064
1704340500,1425.85,1430.05,1425.2,1429.7,6544
1704340800,1429.1,1430.05,1427.4,1428.0,7908
1704341100,1428.0,1430.0,1427.75,1429.45,15460
1704341400,1429.45,1429.5,1425.95,1426.35,8613
1704341700,1426.8,1426.95,1425.4,1425.75,4718
1704342000,1426.15,1427.25,1425.6,1427.25,5062
1704342300,1427.25,1428.3,1426.9,1427.75,4276
1704342600,1427.75,1427.95,1427.05,1427.95,1417
1704342900,1428.0,1430.0,1428.0,1429.2,2754
1704343200,1429.2,1430.0,1427.7,1430.0,7662
1704343500,1430.0,1432.2,1427.2,1427.85,29396
1704343800,1427.85,1429.9,1426.9,1429.1,5926
1704344100,1429.1,1430.0,1428.7,1430.0,3649
1704344400,1429.6,1431.75,1429.6,1431.15,2779
1704344700,1431.15,1431.2,1430.3,1431.2,2498
1704345000,1431.2,1431.5,1430.65,1431.25,807
1704345300,1431.25,1431.25,1429.0,1429.1,2161
1704345600,1429.1,1429.65,1428.4,1428.75,1084
1704345900,1428.75,1429.2,1426.4,1426.4,3962
1704346200,1426.4,1429.15,1426.35,1429.15,2415
1704346500,1429.15,1430.5,1426.4,1429.05,217457
1704346800,1429.05,1431.5,1428.3,1431.4,12168
1704347100,1431.4,1433.8,1430.55,1432.55,9496
1704347400,1432.55,1433.55,1431.5,1432.85,8240
1704347700,1432.85,1432.9,1430.15,1430.15,5596
1704348000,1430.15,1431.1,1426.85,1427.25,12672
1704348300,1427.25,1428.95,1426.8,1427.65,9539
1704348600,1427.7,1429.4,1427.7,1429.05,3375
1704348900,1429.05,1429.3,1427.85,1429.05,4025
1704349200,1429.05,1429.9,1428.2,1429.15,3976
1704349500,1429.15,1429.7,1425.6,1429.05,26819
1704349800,1429.05,1429.8,1426.65,1426.75,3933
1704350100,1426.75,1427.9,1426.5,1427.35,6463
1704350400,1427.35,1428.1,1427.1,1427.6,7238
1704350700,1427.6,1427.75,1425.8,1425.85,5664
1704351000,1425.85,1426.95,1423.0,1423.9,11767
1704351300,1423.9,1425.15,1423.2,1424.0,8456
1704351600,1424.0,1424.0,1422.5,1422.6,7166
1704351900,1422.6,1423.95,1420.1,1423.65,15555
1704352200,1423.65,1424.75,1422.7,1424.0,10369
1704352500,1424.0,1425.0,1424.0,1424.2,5846
1704352800,1424.2,1427.35,1424.0,1425.2,6077
1704353100,1425.2,1425.35,1424.0,1424.0,5127
1704353400,1424.0,1425.1,1423.5,1424.1,7504
1704353700,1424.1,1425.75,1424.0,1425.5,6220
1704354000,1425.5,1426.6,1424.1,1425.6,8762
1704354300,1425.6,1428.5,1425.5,1427.4,6719
1704354600,1427.4,1428.45,1426.6,1428.1,4634
1704354900,1428.1,1429.7,1426.5,1428.9,11048
1704355200,1428.9,1429.4,1428.55,1429.2,3053
1704355500,1429.2,1429.2,1428.4,1428.85,3890
1704355800,1428.85,1431.5,1428.0,1431.5,9544
1704356100,1431.95,1432.9,1431.05,1431.6,4346
1704356400,1431.3,1431.65,1428.4,1428.6,8735
1704356700,1428.6,1430.1,1428.1,1429.5,8096
1704357000,1429.5,1429.7,1427.2,1429.4,9516
1704357300,1429.5,1429.6,1428.55,1429.1,2904
1704357600,1429.1,1432.0,1429.1,1430.55,8972
1704357900,1430.55,1431.6,1429.9,1430.85,5472
1704358200,1430.85,1431.95,1430.45,1430.55,6018
1704358500,1430.6,1431.5,1430.1,1430.45,3493
1704358800,1430.45,1431.9,1430.1,1431.4,8111
1704359100,1431.4,1432.5,1430.7,1432.15,6335
1704359400,1432.15,1433.0,1431.4,1432.0,10951
1704359700,1432.0,1432.1,1430.1,1430.75,6731
1704360000,1430.75,1430.8,1430.0,1430.2,4697
1704360300,1430.2,1430.5,1429.7,1430.45,6203
1704360600,1430.5,1432.0,1429.5,1430.75,17834
1704360900,1430.8,1432.0,1430.0,1430.8,18806
1704361200,1430.8,1431.7,1428.5,1429.6,27388
1704361500,1430.0,1432.0,1429.25,1431.05,41640
1704361800,1431.05,1436.6,1431.0,1433.3,43462
1704362100,1433.4,1434.65,1429.05,1430.35,55744
1704426300,1435.9,1446.1,1433.7,1446.05,26374
1704426600,1446.05,1457.95,1445.95,1456.0,88586
1704426900,1456.05,1462.3,1455.7,1459.05,53263
1704427200,1459.35,1464.2,1458.0,1463.8,54092
1704427500,1463.8,1465.8,1460.2,1465.8,66559
1704427800,1466.0,1468.0,1462.15,1466.55,45116
1704428100,1466.55,1467.35,1462.1,1463.45,35335
1704428400,1463.45,1463.5,1460.2,1462.5,25395
1704428700,1462.5,1463.5,1458.65,1459.1,28409
1704429000,1459.1,1461.95,1458.0,1458.3,28254
1704429300,1458.1,1458.45,1453.1,1455.55,33732
1704429600,1455.55,1455.55,1451.0,1453.5,19553
1704429900,1453.65,1458.05,1452.0,1458.0,27384
1704430200,1458.0,1458.0,1456.0,1457.0,11471
1704430500,1457.0,1459.0,1456.75,1457.5,7360
1704430800,1457.5,1458.8,1456.3,1458.45,11689
1704431100,1458.45,1461.9,1458.45,1460.75,12596
1704431400,1460.75,1460.9,1458.0,1460.9,11064
1704431700,1460.5,1460.5,1451.0,1451.2,19246
1704432000,1451.2,1454.35,1450.05,1450.45,18402
1704432300,1450.45,1451.3,1447.35,1449.05,18716
1704432600,1449.65,1450.9,1448.45,1449.35,18859
1704432900,1449.35,1450.25,1445.1,1446.7,10970
1704433200,1446.7,1447.95,1446.0,1447.15,6576
1704433500,1447.15,1448.6,1447.0,1447.2,9056
1704433800,1447.2,1447.2,1445.0,1445.6,9601
1704434100,1445.6,1445.95,1443.2,1444.55,13141
1704434400,1444.15,1447.15,1444.15,1446.0,12721
1704434700,1446.0,1446.2,1444.75,1445.25,5175
1704435000,1445.25,1447.85,1445.15,1447.5,7265
1704435300,1447.5,1449.0,1446.8,1448.75,7817
1704435600,1449.0,1450.85,1448.1,1450.2,9422
1704435900,1449.95,1450.65,1448.3,1449.0,6561
1704436200,1449.0,1449.0,1445.55,1446.45,7489
1704436500,1446.45,1448.15,1446.05,1446.9,6006
1704436800,1446.9,1448.0,1446.05,1446.65,7517
1704437100,1446.65,1446.95,1445.0,1446.55,7167
1704437400,1446.55,1448.1,1446.0,1446.1,5470
1704437700,1446.1,1448.1,1446.0,1446.75,6508
1704438000,1446.75,1447.0,1446.0,1446.1,5190
1704438300,1446.1,1447.35,1445.85,1446.85,5406
1704438600,1446.85,1447.25,1445.55,1446.2,5495
1704438900,1446.2,1447.9,1446.1,1447.2,5269
1704439200,1447.2,1449.2,1447.2,1447.85,5879
1704439500,1447.85,1449.6,1447.5,1449.3,7120
1704439800,1449.3,1451.0,1449.15,1450.8,5563
1704440100,1450.9,1451.0,1449.3,1449.45,5521
1704440400,1449.45,1449.7,1447.05,1447.25,6350
1704440700,1447.1,1449.95,1446.7,1449.1,5398
1704441000,1449.1,1449.9,1448.65,1448.75,5116
1704441300,1448.75,1449.1,1447.8,1448.4,5470
1704441600,1448.4,1450.0,1448.4,1449.9,6312
1704441900,1449.9,1454.2,1449.85,1452.3,14462
1704442200,1452.3,1452.45,1450.1,1451.25,8872
1704442500,1451.25,1453.2,1451.0,1452.7,4440
1704442800,1452.65,1453.7,1450.75,1450.95,6558
1704443100,1450.95,1451.35,1448.85,1451.0,8953
1704443400,1450.95,1451.35,1448.75,1449.1,6838
1704443700,1449.1,1451.5,1448.95,1450.15,39565
1704444000,1450.4,1453.0,1450.1,1452.8,5893
1704444300,1452.8,1453.5,1450.0,1450.25,17754
1704444600,1450.2,1451.0,1449.7,1450.75,11169
1704444900,1450.75,1451.2,1450.0,1450.75,16425
1704445200,1449.7,1451.7,1449.7,1451.1,17477
1704445500,1451.1,1451.4,1449.9,1450.15,9712
1704445800,1450.15,1453.0,1449.4,1452.9,27287
1704446100,1452.9,1452.9,1451.5,1452.5,10749
1704446400,1452.5,1454.8,1452.45,1453.9,13867
1704446700,1453.9,1454.0,1452.7,1453.95,9225
1704447000,1454.0,1456.4,1453.0,1453.2,24130
1704447300,1453.2,1454.0,1451.1,1452.2,19690
1704447600,1452.2,1452.35,1451.0,1451.95,21807
1704447900,1452.0,1453.8,1450.0,1453.75,30083
1704448200,1453.5,1459.05,1453.05,1459.0,32061
1704448500,1459.05,1460.35,1454.2,1454.5,27248
1704685500,1454.15,1460.1,1446.6,1454.65,46906
1704685800,1454.0,1457.45,1450.5,1456.6,29324
1704686100,1456.6,1456.6,1453.2,1454.7,9779
1704686400,1454.7,1454.7,1449.45,1450.1,9700
1704686700,1449.5,1450.1,1441.9,1442.85,15191
1704687000,1442.75,1442.75,1440.25,1441.1,7596
1704687300,1441.0,1442.45,1437.95,1437.95,4963
1704687600,1437.9,1439.95,1437.0,1438.75,6486
1704687900,1438.75,1439.5,1438.0,1438.05,4520
1704688200,1437.8,1442.35,1437.5,1440.85,5507
1704688500,1440.85,1440.9,1439.0,1439.0,3656
1704688800,1439.1,1439.1,1438.45,1438.45,3131
1704689100,1438.4,1439.95,1437.9,1438.75,8036
1704689400,1438.6,1438.95,1438.6,1438.95,1779
1704689700,1438.95,1440.7,1437.7,1440.65,8014
1704690000,1440.6,1441.9,1439.95,1440.25,4748
1704690300,1440.25,1443.2,1439.45,1442.45,9573
1704690600,1442.45,1442.85,1439.85,1440.1,3098
1704690900,1439.9,1440.2,1439.55,1440.2,2167
1704691200,1440.05,1441.1,1439.4,1439.8,8174
1704691500,1439.8,1440.3,1439.0,1440.05,27826
1704691800,1440.05,1440.1,1439.2,1440.05,6106
1704692100,1439.75,1440.25,1433.5,1434.8,37033
1704692400,1434.8,1434.8,1431.3,1433.4,5974
1704692700,1432.6,1433.4,1431.8,1432.45,5246
1704693000,1432.4,1433.85,1428.5,1431.9,20308
1704693300,1431.3,1433.6,1430.5,1433.05,11818
1704693600,1432.8,1434.85,1432.15,1434.8,4610
1704693900,1434.2,1435.1,1433.5,1433.85,5016
1704694200,1433.5,1434.3,1433.05,1434.15,3420
1704694500,1433.9,1434.15,1432.5,1433.2,6072
1704694800,1433.2,1433.75,1428.0,1429.0,10850
1704695100,1429.0,1430.3,1428.2,1429.55,5006
1704695400,1429.55,1431.0,1429.0,1429.9,4758
1704695700,1429.5,1430.85,1429.35,1430.15,4811
1704696000,1430.0,1430.3,1428.8,1429.95,7245
1704696300,1429.95,1429.95,1427.5,1427.5,4436
1704696600,1427.5,1427.85,1425.45,1427.0,6672
1704696900,1426.55,1428.25,1426.3,1428.0,5128
1704697200,1428.0,1438.0,1428.0,1437.65,27547
1704697500,1436.75,1437.05,1430.25,1431.25,8256
1704697800,1431.0,1433.3,1427.6,1433.0,9318
1704698100,1432.6,1433.45,1426.55,1426.65,11468
1704698400,1426.65,1429.45,1426.1,1428.9,6536
1704698700,1428.2,1428.55,1426.55,1427.85,5083
1704699000,1427.2,1428.45,1425.05,1426.1,7727
1704699300,1425.7,1426.55,1424.8,1425.75,6009
1704699600,1425.75,1427.05,1424.85,1426.2,4014
1704699900,1426.2,1426.65,1425.15,1426.05,5574
1704700200,1426.05,1426.75,1425.7,1426.0,4369
1704700500,1426.0,1426.8,1425.4,1425.65,3824
1704700800,1425.65,1426.75,1423.75,1425.25,8144
1704701100,1425.25,1425.5,1423.75,1424.75,3947
1704701400,1424.65,1425.0,1424.4,1424.4,6416
1704701700,1424.4,1424.4,1423.6,1423.8,5768
1704702000,1423.75,1424.0,1423.4,1423.9,4860
1704702300,1423.85,1424.05,1423.8,1424.0,4289
1704702600,1423.95,1425.1,1423.5,1425.1,16500
1704702900,1425.1,1427.7,1425.1,1426.65,4736
1704703200,1426.65,1427.95,1426.15,1427.95,4840
1704703500,1427.5,1427.65,1426.35,1426.8,5412
1704703800,1426.7,1428.0,1425.4,1426.05,7333
1704704100,1425.9,1427.6,1425.8,1427.55,6298
1704704400,1427.35,1427.35,1425.55,1425.6,4646
1704704700,1425.55,1426.95,1425.25,1425.9,5281
1704705000,1425.9,1427.75,1425.9,1427.4,7883
1704705300,1427.3,1428.25,1426.45,1426.7,8052
1704705600,1426.6,1426.9,1424.8,1425.9,12243
1704705900,1425.7,1425.7,1423.25,1423.25,7537
1704706200,1423.0,1423.4,1421.55,1422.65,18463
1704706500,1422.65,1423.05,1421.0,1422.3,15134
1704706800,1422.25,1422.85,1420.3,1420.7,16744
1704707100,1420.65,1422.25,1418.25,1419.9,25729
1704707400,1419.9,1422.15,1419.3,1421.85,21922
1704707700,1421.65,1422.2,1416.4,1416.4,41152
1704771900,1429.0,1432.4,1425.05,1425.7,15238
1704772200,1425.65,1426.3,1422.2,1424.6,16207
1704772500,1424.6,1426.65,1424.5,1424.8,6880
1704772800,1424.8,1428.1,1421.1,1427.05,15671
1704773100,1427.1,1427.1,1421.0,1424.15,123667
1704773400,1424.15,1426.5,1423.05,1425.0,208459
1704773700,1425.0,1429.75,1425.0,1429.0,4612
1704774000,1429.0,1429.65,1427.05,1429.2,4341
1704774300,1429.2,1429.35,1428.7,1428.7,3215
1704774600,1429.15,1430.0,1428.4,1429.6,4203
1704774900,1429.55,1429.6,1423.7,1423.7,13862
1704775200,1423.7,1427.7,1422.65,1426.0,7555
1704775500,1426.15,1432.0,1424.15,1431.1,10753
1704775800,1431.1,1433.45,1426.8,1431.0,8324
1704776100,1430.95,1431.45,1427.05,1428.55,3953
1704776400,1428.55,1429.55,1426.6,1427.15,4073
1704776700,1427.15,1428.5,1426.45,1426.75,5437
1704777000,1426.75,1428.15,1426.05,1426.75,7268
1704777300,1426.75,1427.95,1425.6,1426.8,5401
1704777600,1426.8,1428.35,1426.45,1427.35,4419
1704777900,1427.35,1429.7,1427.05,1428.2,7043
1704778200,1428.2,1429.15,1427.5,1428.55,5615
1704778500,1428.55,1433.5,1428.2,1432.5,7832
1704778800,1432.5,1434.15,1429.75,1430.5,10629
1704779100,1430.5,1430.75,1429.0,1429.4,3611
1704779400,1429.45,1432.65,1428.25,1431.95,10819
1704779700,1431.95,1432.3,1430.4,1431.6,7507
1704780000,1431.6,1431.95,1430.0,1430.0,6241
1704780300,1430.0,1430.6,1428.35,1429.8,4392
1704780600,1429.8,1430.8,1429.35,1429.35,4901
1704780900,1429.35,1430.55,1429.05,1429.9,5565
1704781200,1429.9,1431.3,1429.85,1431.0,3918
1704781500,1431.0,1433.5,1430.0,1432.2,7407
1704781800,1432.2,1433.1,1429.5,1430.2,10309
1704782100,1430.2,1433.9,1430.0,1431.5,4765
1704782400,1431.5,1436.5,1431.5,1435.35,15057
1704782700,1436.0,1440.45,1435.0,1440.1,14605
1704783000,1440.1,1441.9,1436.8,1436.8,6902
1704783300,1436.8,1444.65,1436.8,1443.55,21928
1704783600,1443.55,1455.35,1443.55,1450.85,28405
1704783900,1450.9,1453.8,1448.25,1448.25,14254
1704784200,1448.25,1450.0,1446.6,1447.45,9826
1704784500,1447.35,1450.9,1446.75,1450.2,7436
1704784800,1450.2,1451.0,1449.05,1450.0,6035
1704785100,1450.0,1451.9,1449.2,1450.3,7670
1704785400,1450.3,1458.0,1450.15,1455.55,18260
1704785700,1455.55,1457.15,1453.1,1454.65,11461
1704786000,1455.25,1458.4,1454.6,1457.5,15371
1704786300,1457.5,1458.0,1453.55,1454.05,11070
1704786600,1454.05,1454.15,1451.65,1452.1,8579
1704786900,1452.1,1456.65,1452.0,1455.95,7813
1704787200,1455.9,1456.45,1454.8,1455.95,9207
1704787500,1455.95,1456.0,1454.85,1455.8,5090
1704787800,1455.85,1459.0,1455.4,1458.6,12393
1704788100,1458.6,1459.0,1456.3,1456.7,11214
1704788400,1457.45,1462.85,1456.5,1461.35,30734
1704788700,1461.45,1465.75,1460.75,1464.65,32992
1704789000,1464.65,1468.25,1464.65,1467.8,30482
1704789300,1468.25,1468.25,1465.0,1465.3,27811
1704789600,1465.8,1467.85,1465.35,1466.3,15741
1704789900,1466.8,1467.45,1460.4,1460.75,60513
1704790200,1460.7,1461.95,1453.15,1456.75,84310
1704790500,1456.2,1457.05,1452.7,1454.2,45722
1704790800,1454.2,1462.3,1453.25,1456.5,32813
1704791100,1456.55,1458.8,1453.05,1453.2,20762
1704791400,1453.7,1454.15,1447.85,1451.05,75397
1704791700,1451.45,1453.8,1450.0,1450.55,59058
1704792000,1450.3,1451.95,1450.0,1451.0,23236
1704792300,1450.75,1453.6,1450.0,1451.6,38622
1704792600,1451.6,1456.55,1450.05,1451.85,77616
1704792900,1451.8,1453.2,1449.3,1452.55,104166
1704793200,1452.8,1452.95,1448.95,1449.75,53709
1704793500,1449.8,1451.9,1448.5,1450.05,57401
1704793800,1450.95,1451.05,1445.05,1447.95,154976
1704794100,1447.95,1454.85,1446.05,1452.95,29024
1704771900,1429.0,1432.4,1425.05,1425.7,15238
1704772200,1425.65,1426.3,1422.2,1424.6,16207
1704772500,1424.6,1426.65,1424.5,1424.8,6880
1704772800,1424.8,1428.1,1421.1,1427.05,15671
1704773100,1427.1,1427.1,1421.0,1424.15,123667
1704773400,1424.15,1426.5,1423.05,1425.0,208459
1704773700,1425.0,1429.75,1425.0,1429.0,4612
1704774000,1429.0,1429.65,1427.05,1429.2,4341
1704774300,1429.2,1429.35,1428.7,1428.7,3215
1704774600,1429.15,1430.0,1428.4,1429.6,4203
1704774900,1429.55,1429.6,1423.7,1423.7,13862
1704775200,1423.7,1427.7,1422.65,1426.0,7555
1704775500,1426.15,1432.0,1424.15,1431.1,10753
1704775800,1431.1,1433.45,1426.8,1431.0,8324
1704776100,1430.95,1431.45,1427.05,1428.55,3953
1704776400,1428.55,1429.55,1426.6,1427.15,4073
1704776700,1427.15,1428.5,1426.45,1426.75,5437
1704777000,1426.75,1428.15,1426.05,1426.75,7268
1704777300,1426.75,1427.95,1425.6,1426.8,5401
1704777600,1426.8,1428.35,1426.45,1427.35,4419
1704777900,1427.35,1429.7,1427.05,1428.2,7043
1704778200,1428.2,1429.15,1427.5,1428.55,5615
1704778500,1428.55,1433.5,1428.2,1432.5,7832
1704778800,1432.5,1434.15,1429.75,1430.5,10629
1704779100,1430.5,1430.75,1429.0,1429.4,3611
1704779400,1429.45,1432.65,1428.25,1431.95,10819
1704779700,1431.95,1432.3,1430.4,1431.6,7507
1704780000,1431.6,1431.95,1430.0,1430.0,6241
1704780300,1430.0,1430.6,1428.35,1429.8,4392
1704780600,1429.8,1430.8,1429.35,1429.35,4901
1704780900,1429.35,1430.55,1429.05,1429.9,5565
1704781200,1429.9,1431.3,1429.85,1431.0,3918
1704781500,1431.0,1433.5,1430.0,1432.2,7407
1704781800,1432.2,1433.1,1429.5,1430.2,10309
1704782100,1430.2,1433.9,1430.0,1431.5,4765
1704782400,1431.5,1436.5,1431.5,1435.35,15057
1704782700,1436.0,1440.45,1435.0,1440.1,14605
1704783000,1440.1,1441.9,1436.8,1436.8,6902
1704783300,1436.8,1444.65,1436.8,1443.55,21928
1704783600,1443.55,1455.35,1443.55,1450.85,28405
1704783900,1450.9,1453.8,1448.25,1448.25,14254
1704784200,1448.25,1450.0,1446.6,1447.45,9826
1704784500,1447.35,1450.9,1446.75,1450.2,7436
1704784800,1450.2,1451.0,1449.05,1450.0,6035
1704785100,1450.0,1451.9,1449.2,1450.3,7670
1704785400,1450.3,1458.0,1450.15,1455.55,18260
1704785700,1455.55,1457.15,1453.1,1454.65,11461
1704786000,1455.25,1458.4,1454.6,1457.5,15371
1704786300,1457.5,1458.0,1453.55,1454.05,11070
1704786600,1454.05,1454.15,1451.65,1452.1,8579
1704786900,1452.1,1456.65,1452.0,1455.95,7813
1704787200,1455.9,1456.45,1454.8,1455.95,9207
1704787500,1455.95,1456.0,1454.85,1455.8,5090
1704787800,1455.85,1459.0,1455.4,1458.6,12393
1704788100,1458.6,1459.0,1456.3,1456.7,11214
1704788400,1457.45,1462.85,1456.5,1461.35,30734
1704788700,1461.45,1465.75,1460.75,1464.65,32992
1704789000,1464.65,1468.25,1464.65,1467.8,30482
1704789300,1468.25,1468.25,1465.0,1465.3,27811
1704789600,1465.8,1467.85,1465.35,1466.3,15741
1704789900,1466.8,1467.45,1460.4,1460.75,60513
1704790200,1460.7,1461.95,1453.15,1456.75,84310
1704790500,1456.2,1457.05,1452.7,1454.2,45722
1704790800,1454.2,1462.3,1453.25,1456.5,32813
1704791100,1456.55,1458.8,1453.05,1453.2,20762
1704791400,1453.7,1454.15,1447.85,1451.05,75397
1704791700,1451.45,1453.8,1450.0,1450.55,59058
1704792000,1450.3,1451.95,1450.0,1451.0,23236
1704792300,1450.75,1453.6,1450.0,1451.6,38622
1704792600,1451.6,1456.55,1450.05,1451.85,77616
1704792900,1451.8,1453.2,1449.3,1452.55,104166
1704793200,1452.8,1452.95,1448.95,1449.75,53709
1704793500,1449.8,1451.9,1448.5,1450.05,57401
1704793800,1450.95,1451.05,1445.05,1447.95,154976
1704794100,1447.95,1454.85,1446.05,1452.95,29024
1704858300,1454.95,1461.9,1451.65,1461.4,45240
1704858600,1461.4,1471.7,1460.05,1471.45,79384
1704858900,1470.95,1480.5,1469.0,1478.6,220670
1704859200,1477.9,1486.95,1473.05,1486.1,139978
1704859500,1486.8,1488.65,1479.05,1481.0,104073
1704859800,1481.0,1488.0,1480.45,1486.5,52529
1704860100,1486.55,1490.75,1486.0,1490.55,88691
1704860400,1490.55,1495.35,1489.05,1490.95,139595
1704860700,1490.95,1491.75,1486.65,1491.5,75123
1704861000,1491.65,1493.9,1489.05,1493.9,71183
1704861300,1492.8,1493.75,1490.0,1490.0,43115
1704861600,1490.0,1491.8,1488.8,1490.0,26284
1704861900,1490.0,1490.1,1484.05,1488.6,161261
1704862200,1488.6,1488.6,1481.5,1484.3,57977
1704862500,1483.55,1485.9,1482.0,1484.05,33190
1704862800,1484.05,1484.15,1483.45,1483.55,19094
1704863100,1483.55,1483.7,1477.0,1482.0,53449
1704863400,1482.1,1482.75,1479.95,1480.05,13898
1704863700,1480.15,1481.5,1478.85,1480.0,27097
1704864000,1480.0,1480.1,1479.65,1479.95,15324
1704864300,1479.95,1481.25,1479.7,1479.95,22718
1704864600,1479.95,1480.5,1478.85,1480.0,19576
1704864900,1480.0,1480.1,1478.15,1478.35,15999
1704865200,1478.35,1478.4,1477.85,1477.9,10904
1704865500,1477.9,1477.9,1474.5,1476.0,60648
1704865800,1476.0,1476.65,1474.8,1475.1,23143
1704866100,1475.0,1475.45,1473.4,1473.75,17038
1704866400,1473.8,1474.0,1470.05,1470.25,25275
1704866700,1470.25,1470.25,1467.6,1469.95,22052
1704867000,1469.95,1471.4,1467.55,1468.0,34940
1704867300,1468.0,1468.45,1462.3,1462.4,25059
1704867600,1462.45,1463.9,1460.7,1461.55,19591
1704867900,1461.55,1462.95,1460.5,1461.0,16981
1704868200,1461.0,1461.4,1459.0,1459.45,17114
1704868500,1459.05,1463.4,1459.05,1463.1,13145
1704868800,1463.1,1463.2,1459.0,1459.6,14022
1704869100,1459.6,1460.0,1459.15,1459.5,2922
1704869400,1459.5,1460.0,1459.5,1459.75,3614
1704869700,1459.75,1460.0,1453.7,1459.8,21138
1704870000,1459.5,1459.5,1458.0,1458.2,6446
1704870300,1458.2,1458.6,1456.35,1456.35,3052
1704870600,1456.35,1457.3,1456.1,1456.75,3555
1704870900,1456.8,1459.0,1454.1,1456.9,7855
1704871200,1456.9,1459.85,1456.55,1458.5,8075
1704871500,1458.5,1459.4,1456.0,1456.0,9146
1704871800,1456.0,1459.7,1456.0,1459.6,7126
1704872100,1459.65,1459.65,1458.5,1458.85,3888
1704872400,1458.85,1459.7,1457.0,1457.75,18944
1704872700,1457.75,1459.5,1456.85,1457.9,11416
1704873000,1457.9,1458.8,1457.05,1457.1,8833
1704873300,1457.1,1458.0,1457.1,1457.75,2316
1704873600,1457.75,1458.0,1457.05,1457.5,3120
1704873900,1457.5,1457.5,1454.6,1454.6,11411
1704874200,1454.95,1455.45,1449.6,1452.3,34588
1704874500,1452.3,1452.95,1449.35,1450.2,13490
1704874800,1450.2,1453.95,1449.8,1453.5,9259
1704875100,1453.5,1455.0,1451.25,1453.55,6634
1704875400,1453.55,1455.45,1450.65,1451.2,8776
1704875700,1451.65,1453.95,1451.35,1453.4,3414
1704876000,1453.95,1456.45,1453.4,1455.15,4373
1704876300,1455.15,1455.15,1452.9,1454.0,16004
1704876600,1454.0,1454.0,1448.0,1449.4,24954
1704876900,1449.4,1451.85,1449.1,1451.45,18837
1704877200,1451.45,1453.8,1451.0,1453.65,5615
1704877500,1453.65,1454.0,1451.45,1452.8,5122
1704877800,1452.8,1454.0,1450.0,1450.0,12749
1704878100,1450.0,1453.0,1449.65,1450.0,28538
1704878400,1450.0,1452.45,1449.25,1451.5,35658
1704878700,1450.85,1452.15,1450.2,1451.45,35468
1704879000,1451.45,1453.85,1450.85,1453.15,40825
1704879300,1453.15,1453.15,1450.05,1451.35,42467
1704879600,1451.45,1452.45,1450.05,1450.65,56792
1704879900,1450.65,1452.4,1450.5,1451.65,73922
1704880200,1451.6,1451.75,1450.1,1451.0,77106
1704880500,1450.95,1456.55,1450.55,1453.8,35042
1704944700,1450.05,1462.05,1437.85,1460.95,17895
1704945000,1460.95,1463.3,1452.35,1453.0,20133
1704945300,1453.35,1455.0,1450.5,1452.25,10383
1704945600,1452.25,1455.2,1452.1,1455.0,7257
1704945900,1455.2,1457.4,1454.1,1454.55,9984
1704946200,1454.55,1455.9,1452.75,1453.8,19269
1704946500,1453.8,1456.4,1453.8,1454.5,6842
1704946800,1454.5,1454.9,1452.75,1452.75,5449
1704947100,1452.75,1453.7,1452.15,1452.6,7877
1704947400,1452.75,1453.25,1446.9,1447.8,13337
1704947700,1447.8,1448.45,1442.4,1442.4,9165
1704948000,1442.4,1445.25,1442.4,1445.0,4898
1704948300,1445.0,1446.85,1443.1,1446.5,8884
1704948600,1446.5,1446.6,1444.1,1445.3,5472
1704948900,1445.3,1447.1,1444.9,1446.65,3688
1704949200,1446.85,1447.35,1444.3,1445.05,4774
1704949500,1445.05,1446.4,1445.0,1445.0,4997
1704949800,1445.0,1446.05,1445.0,1445.15,4225
1704950100,1446.0,1446.0,1444.1,1444.65,5399
1704950400,1444.65,1444.65,1441.4,1441.95,5890
1704950700,1441.9,1442.0,1439.8,1440.8,7427
1704951000,1440.8,1441.95,1440.0,1441.3,3249
1704951300,1441.3,1441.8,1439.9,1439.95,98056
1704951600,1439.95,1440.15,1438.45,1439.85,4963
1704951900,1439.85,1440.0,1438.8,1439.6,4397
1704952200,1439.6,1440.0,1434.1,1435.25,93889
1704952500,1435.25,1436.2,1435.0,1436.0,7072
1704952800,1436.1,1437.45,1435.0,1436.0,6880
1704953100,1436.0,1439.6,1435.9,1439.35,3004
1704953400,1439.35,1440.75,1438.8,1438.85,7170
1704953700,1438.85,1438.9,1436.85,1437.55,8402
1704954000,1437.55,1439.55,1437.25,1439.05,2729
1704954300,1439.0,1440.0,1438.5,1439.8,4733
1704954600,1439.8,1439.8,1438.25,1438.5,4430
1704954900,1438.15,1439.8,1437.35,1439.7,3542
1704955200,1439.7,1440.6,1439.1,1440.0,8940
1704955500,1440.0,1440.4,1439.75,1440.0,6542
1704955800,1440.0,1440.4,1439.95,1440.0,7590
1704956100,1440.0,1441.8,1439.9,1440.3,7071
1704956400,1440.2,1441.35,1439.7,1440.0,6227
1704956700,1440.05,1440.75,1438.05,1439.1,12053
1704957000,1439.1,1439.95,1438.95,1439.5,1986
1704957300,1439.5,1440.3,1439.35,1439.85,10758
1704957600,1439.85,1439.9,1438.15,1439.15,2786
1704957900,1439.15,1439.95,1437.65,1438.3,3025
1704958200,1438.3,1438.95,1437.15,1437.55,3838
1704958500,1437.55,1438.45,1435.95,1436.4,3857
1704958800,1436.4,1438.35,1436.05,1437.4,5014
1704959100,1437.4,1438.75,1436.8,1437.8,4101
1704959400,1437.8,1437.95,1434.6,1434.95,5967
1704959700,1434.6,1435.0,1434.0,1434.1,21548
1704960000,1434.1,1435.2,1432.15,1432.55,6578
1704960300,1432.55,1433.8,1432.25,1433.6,2477
1704960600,1433.6,1434.7,1433.1,1433.9,5093
1704960900,1433.7,1433.85,1430.15,1431.0,6376
1704961200,1431.0,1431.95,1429.95,1430.1,10317
1704961500,1430.0,1431.55,1430.0,1430.25,7907
1704961800,1430.25,1430.35,1429.6,1429.85,6433
1704962100,1429.85,1431.1,1429.85,1429.9,6756
1704962400,1429.95,1429.95,1426.35,1427.6,7871
1704962700,1427.4,1428.5,1426.9,1427.35,4165
1704963000,1427.35,1429.2,1426.5,1429.05,8766
1704963300,1429.05,1430.9,1428.4,1429.5,10066
1704963600,1429.5,1430.0,1429.0,1429.25,8861
1704963900,1429.25,1430.0,1427.0,1427.8,6291
1704964200,1427.8,1430.2,1427.55,1429.65,13873
1704964500,1429.65,1430.2,1429.0,1429.8,5395
1704964800,1429.8,1431.5,1429.7,1429.95,14360
1704965100,1430.0,1431.05,1428.5,1429.0,19565
1704965400,1428.95,1430.0,1428.0,1428.85,18606
1704965700,1428.95,1429.45,1426.6,1428.3,37387
1704966000,1429.0,1429.45,1425.9,1426.2,47969
1704966300,1426.2,1428.8,1425.95,1428.2,55913
1704966600,1428.35,1428.85,1427.9,1428.05,31412
1704966900,1428.15,1431.9,1428.0,1430.0,18583
1705031100,1434.8,1434.8,1427.8,1428.0,17451
1705031400,1428.0,1432.4,1426.4,1426.45,13772
1705031700,1427.3,1427.3,1422.0,1423.65,27185
1705032000,1423.6,1424.2,1420.15,1421.8,13295
1705032300,1421.8,1421.9,1418.5,1420.15,15102
1705032600,1420.2,1423.55,1419.75,1421.45,7625
1705032900,1421.45,1423.4,1421.05,1422.6,5805
1705033200,1423.0,1423.85,1422.55,1423.1,4316
1705033500,1423.1,1423.1,1422.5,1423.05,2331
1705033800,1423.1,1427.4,1422.95,1427.0,6851
1705034100,1427.0,1428.55,1426.8,1427.35,4113
1705034400,1427.3,1429.85,1425.05,1425.55,8071
1705034700,1425.55,1426.75,1425.0,1426.1,6524
1705035000,1426.1,1426.1,1424.0,1424.55,3324
1705035300,1424.6,1425.7,1423.5,1424.05,4483
1705035600,1424.0,1425.0,1423.8,1425.0,2842
1705035900,1425.45,1426.45,1424.7,1425.8,2861
1705036200,1425.8,1427.0,1425.75,1425.8,2425
1705036500,1425.8,1425.85,1425.05,1425.65,3454
1705036800,1425.65,1425.7,1425.0,1425.1,2763
1705037100,1425.1,1425.25,1423.0,1423.2,4127
1705037400,1423.2,1424.65,1423.0,1423.2,5996
1705037700,1423.25,1423.35,1420.6,1421.95,10878
1705038000,1421.95,1422.3,1421.8,1421.9,3046
1705038300,1421.9,1423.15,1421.9,1422.7,3265
1705038600,1422.7,1424.0,1422.5,1423.1,2509
1705038900,1423.1,1424.2,1423.05,1423.2,3327
1705039200,1423.2,1425.85,1423.2,1425.3,7791
1705039500,1425.3,1425.95,1425.25,1425.6,2823
1705039800,1425.7,1428.0,1425.6,1427.45,5341
1705040100,1427.45,1429.5,1427.3,1429.0,4820
1705040400,1429.0,1429.05,1427.95,1428.25,4933
1705040700,1428.25,1429.5,1428.15,1429.4,3678
1705041000,1429.4,1429.45,1427.65,1427.65,3699
1705041300,1427.65,1427.8,1426.65,1427.15,6183
1705041600,1427.15,1427.6,1425.75,1426.25,5481
1705041900,1426.25,1427.15,1423.8,1424.05,7462
1705042200,1424.05,1425.05,1423.8,1424.55,2638
1705042500,1424.55,1424.7,1422.05,1423.05,8005
1705042800,1423.05,1424.05,1423.05,1423.7,2457
1705043100,1423.6,1423.95,1422.0,1422.25,3378
1705043400,1422.25,1422.35,1421.35,1422.0,6692
1705043700,1422.0,1422.85,1421.5,1421.75,6923
1705044000,1421.75,1426.25,1421.75,1425.55,5237
1705044300,1425.55,1426.6,1424.65,1426.45,2920
1705044600,1426.55,1427.95,1426.55,1426.85,4044
1705044900,1426.85,1428.45,1426.65,1428.1,4934
1705045200,1428.1,1428.5,1428.0,1428.2,3354
1705045500,1428.2,1428.3,1426.05,1427.05,3659
1705045800,1427.05,1427.15,1425.55,1426.55,4009
1705046100,1426.55,1428.75,1426.55,1428.1,8191
1705046400,1428.1,1429.45,1425.3,1425.55,8779
1705046700,1425.2,1428.2,1425.2,1428.2,4318
1705047000,1428.2,1431.0,1427.85,1431.0,11659
1705047300,1431.0,1432.0,1428.4,1430.35,6853
1705047600,1430.35,1430.85,1429.6,1430.1,4605
1705047900,1430.1,1430.85,1429.0,1429.65,6256
1705048200,1429.65,1429.95,1429.6,1429.8,2552
1705048500,1429.8,1429.8,1426.1,1427.5,7504
1705048800,1427.5,1428.0,1426.2,1428.0,3903
1705049100,1428.0,1428.65,1427.05,1427.3,4265
1705049400,1427.3,1430.65,1427.1,1429.95,3981
1705049700,1430.0,1430.15,1428.45,1430.0,4282
1705050000,1430.0,1435.8,1429.95,1435.4,11509
1705050300,1435.4,1437.95,1435.4,1437.85,12422
1705050600,1437.85,1437.85,1434.55,1436.0,16530
1705050900,1436.0,1436.0,1429.05,1431.95,26038
1705051200,1431.95,1432.9,1430.75,1432.3,10087
1705051500,1432.3,1435.4,1432.05,1434.35,9335
1705051800,1434.35,1436.65,1432.0,1434.85,12180
1705052100,1434.05,1434.9,1431.65,1432.55,10125
1705052400,1432.55,1434.4,1431.25,1434.0,11183
1705052700,1433.7,1436.95,1433.55,1436.65,19615
1705053000,1436.65,1437.0,1434.7,1436.45,21954
1705053300,1436.4,1440.9,1435.25,1439.4,20726
1705290300,1442.0,1444.55,1439.9,1440.45,30473
1705290600,1440.5,1440.5,1434.1,1435.5,15487
1705290900,1435.5,1437.55,1433.45,1434.35,7529
1705291200,1434.35,1434.95,1427.35,1429.7,17810
1705291500,1430.4,1430.4,1425.05,1427.65,9622
1705291800,1427.65,1428.75,1425.9,1426.0,11927
1705292100,1425.9,1426.4,1424.55,1425.4,8408
1705292400,1424.95,1428.95,1424.95,1427.3,106314
1705292700,1426.4,1428.85,1426.4,1428.65,4239
1705293000,1426.55,1431.5,1426.5,1431.5,8635
1705293300,1431.5,1431.55,1427.7,1428.5,7669
1705293600,1428.5,1431.0,1428.5,1430.95,5819
1705293900,1430.9,1431.5,1429.45,1430.15,4087
1705294200,1430.15,1430.55,1429.0,1429.85,3421
1705294500,1429.9,1430.5,1429.3,1429.95,3734
1705294800,1429.95,1430.45,1428.8,1430.35,7156
1705295100,1430.3,1430.3,1428.1,1428.7,4919
1705295400,1428.7,1429.45,1428.3,1428.95,5346
1705295700,1428.9,1429.5,1428.0,1428.25,4013
1705296000,1428.2,1429.0,1428.0,1428.95,13542
1705296300,1428.9,1431.95,1428.5,1431.95,7144
1705296600,1431.95,1431.95,1430.55,1430.9,3693
1705296900,1430.85,1431.85,1430.45,1431.5,3033
1705297200,1431.5,1433.7,1431.5,1432.45,8158
1705297500,1432.0,1433.65,1430.45,1433.25,6241
1705297800,1433.25,1433.75,1431.8,1432.9,3901
1705298100,1433.2,1433.2,1430.75,1432.7,6273
1705298400,1431.95,1432.65,1430.75,1431.25,4815
1705298700,1431.15,1432.6,1430.95,1431.25,3252
1705299000,1431.25,1431.7,1430.05,1431.05,3020
1705299300,1431.0,1431.6,1430.0,1430.95,3502
1705299600,1430.9,1431.35,1429.0,1430.05,3225
1705299900,1430.05,1431.55,1429.5,1430.5,4344
1705300200,1430.35,1432.05,1430.0,1431.7,5664
1705300500,1431.65,1431.65,1429.0,1429.65,4341
1705300800,1429.65,1431.9,1429.25,1431.3,2519
1705301100,1431.0,1432.8,1430.95,1432.0,4530
1705301400,1431.95,1433.0,1431.2,1432.5,5499
1705301700,1432.55,1432.85,1430.1,1431.15,5243
1705302000,1430.5,1431.15,1429.8,1429.8,6632
1705302300,1429.5,1430.55,1429.05,1429.8,5332
1705302600,1429.45,1429.8,1428.4,1429.25,8356
1705302900,1429.0,1431.8,1429.0,1430.3,34455
1705303200,1430.25,1431.3,1429.1,1430.2,6576
1705303500,1430.2,1431.4,1429.8,1430.2,7631
1705303800,1430.05,1430.95,1429.85,1430.25,6744
1705304100,1430.25,1431.5,1430.0,1431.25,7766
1705304400,1431.25,1431.45,1430.0,1431.3,6291
1705304700,1431.3,1431.4,1430.0,1430.15,6375
1705305000,1430.1,1431.1,1430.0,1430.15,8408
1705305300,1430.1,1431.65,1430.0,1430.35,7190
1705305600,1430.35,1431.0,1430.0,1430.6,8518
1705305900,1430.55,1431.0,1429.8,1430.3,6935
1705306200,1430.3,1431.0,1429.95,1430.1,6089
1705306500,1430.0,1430.9,1429.95,1430.3,6842
1705306800,1430.25,1432.95,1429.95,1431.1,10132
1705307100,1431.1,1432.35,1430.6,1432.15,6327
1705307400,1432.15,1433.5,1430.6,1433.25,7530
1705307700,1433.1,1434.5,1432.55,1433.7,8396
1705308000,1433.7,1435.95,1433.5,1434.5,10413
1705308300,1434.0,1436.35,1433.4,1434.8,24282
1705308600,1434.65,1435.65,1433.85,1434.3,9379
1705308900,1434.15,1434.95,1431.95,1432.55,11516
1705309200,1432.15,1433.45,1430.0,1431.35,10109
1705309500,1431.35,1432.5,1431.0,1431.65,9345
1705309800,1431.65,1432.25,1430.9,1431.3,7965
1705310100,1431.25,1431.95,1430.05,1430.15,7082
1705310400,1430.15,1431.5,1430.0,1431.3,8873
1705310700,1431.3,1433.0,1430.85,1432.25,7813
1705311000,1432.25,1433.6,1432.1,1432.3,12931
1705311300,1432.3,1432.3,1430.25,1431.3,9963
1705311600,1431.4,1432.45,1430.25,1431.85,10643
1705311900,1431.8,1431.95,1428.0,1430.05,129699
1705312200,1430.05,1431.25,1429.45,1430.05,46891
1705312500,1430.05,1432.1,1428.0,1430.25,44127
1705376700,1425.05,1431.9,1422.0,1425.65,30902
1705377000,1426.55,1430.15,1425.4,1428.3,21047
1705377300,1428.85,1429.8,1427.0,1427.0,3587
1705377600,1427.05,1428.95,1426.6,1427.45,4035
1705377900,1427.4,1429.5,1425.5,1428.75,129718
1705378200,1428.75,1430.0,1425.75,1429.15,25935
1705378500,1429.15,1429.95,1427.7,1429.0,3613
1705378800,1429.0,1430.15,1428.9,1429.95,4918
1705379100,1429.95,1430.5,1425.0,1426.2,4924
1705379400,1425.5,1426.2,1419.2,1419.5,19660
1705379700,1419.5,1421.75,1418.15,1421.45,30572
1705380000,1421.45,1421.55,1420.05,1421.35,5813
1705380300,1421.35,1421.4,1419.05,1420.75,6651
1705380600,1420.8,1423.45,1419.0,1422.35,417491
1705380900,1422.35,1424.4,1421.0,1421.2,10805
1705381200,1421.2,1422.7,1421.15,1421.65,7832
1705381500,1421.65,1421.9,1420.05,1420.45,3713
1705381800,1420.45,1421.35,1419.7,1420.0,7434
1705382100,1420.55,1421.4,1419.55,1421.4,9249
1705382400,1421.35,1421.6,1420.0,1420.6,4573
1705382700,1420.6,1422.7,1420.0,1420.2,9555
1705383000,1420.55,1421.0,1420.0,1420.1,1864
1705383300,1420.1,1421.45,1420.1,1421.2,3486
1705383600,1421.2,1421.2,1420.0,1420.9,1794
1705383900,1420.9,1420.9,1419.8,1420.8,4049
1705384200,1420.8,1421.95,1420.2,1420.9,5591
1705384500,1420.9,1422.0,1420.7,1421.2,4079
1705384800,1421.2,1421.75,1420.25,1420.7,3850
1705385100,1420.6,1421.2,1420.0,1420.35,4127
1705385400,1420.35,1421.2,1420.0,1420.15,4772
1705385700,1420.1,1421.45,1420.0,1420.4,4978
1705386000,1420.4,1421.45,1420.0,1420.5,3388
1705386300,1420.5,1421.4,1420.0,1420.2,4390
1705386600,1420.2,1421.2,1419.6,1420.3,6305
1705386900,1420.0,1420.85,1419.5,1420.0,6485
1705387200,1420.0,1421.25,1419.6,1420.75,4147
1705387500,1420.75,1421.6,1420.0,1420.35,4815
1705387800,1420.35,1420.85,1419.65,1420.05,5019
1705388100,1420.05,1420.5,1415.25,1417.7,66794
1705388400,1417.7,1418.0,1411.55,1415.4,62060
1705388700,1415.4,1417.3,1414.4,1415.8,38698
1705389000,1415.8,1416.75,1414.95,1415.75,13456
1705389300,1415.75,1417.65,1415.0,1417.5,15256
1705389600,1417.7,1418.25,1416.25,1416.5,9126
1705389900,1416.5,1417.0,1415.3,1416.2,6463
1705390200,1416.15,1417.95,1415.7,1416.2,8874
1705390500,1416.2,1417.0,1415.5,1416.25,11462
1705390800,1416.25,1418.95,1415.35,1415.35,31421
1705391100,1415.35,1418.05,1415.0,1417.2,24713
1705391400,1416.75,1417.95,1413.05,1414.3,13729
1705391700,1414.3,1414.7,1410.05,1411.15,13175
1705392000,1411.0,1415.0,1410.1,1414.3,12488
1705392300,1414.3,1415.85,1413.75,1415.2,27624
1705392600,1415.2,1415.5,1412.2,1414.25,19063
1705392900,1414.25,1415.2,1413.25,1413.7,7254
1705393200,1413.65,1414.15,1412.55,1413.3,8641
1705393500,1413.3,1414.0,1412.8,1413.9,7521
1705393800,1413.9,1414.35,1412.7,1412.7,8917
1705394100,1412.85,1413.8,1412.55,1413.0,6712
1705394400,1412.65,1414.15,1412.65,1413.3,7739
1705394700,1413.3,1413.35,1412.65,1412.9,6053
1705395000,1412.9,1413.3,1410.0,1410.2,36074
1705395300,1410.2,1410.65,1408.25,1409.25,13064
1705395600,1409.25,1410.6,1405.85,1406.4,16094
1705395900,1406.15,1407.55,1405.55,1407.5,12423
1705396200,1407.5,1408.2,1406.5,1407.35,9642
1705396500,1407.05,1409.75,1406.1,1407.2,18938
1705396800,1406.7,1408.5,1406.0,1408.15,29338
1705397100,1408.15,1408.5,1407.25,1408.25,21012
1705397400,1408.15,1409.1,1407.0,1408.75,77141
1705397700,1408.75,1409.6,1407.5,1408.5,36892
1705398000,1408.5,1410.05,1408.0,1408.95,43647
1705398300,1408.95,1409.6,1407.9,1409.0,65587
1705398600,1408.95,1411.7,1407.75,1410.0,56596
1705398900,1409.95,1410.55,1405.55,1409.0,30101
1705463100,1397.0,1409.55,1386.55,1408.8,124210
1705463400,1408.2,1409.85,1402.5,1403.45,32125
1705463700,1403.45,1403.45,1398.1,1401.0,34089
1705464000,1400.8,1401.95,1399.15,1400.3,13945
1705464300,1400.0,1401.05,1395.05,1396.3,34726
1705464600,1396.0,1397.9,1394.95,1397.05,27607
1705464900,1397.05,1400.0,1395.65,1399.0,21784
1705465200,1398.95,1401.85,1398.3,1400.4,18943
1705465500,1400.05,1400.8,1398.1,1400.65,12866
1705465800,1400.65,1400.65,1398.9,1399.65,12903
1705466100,1399.65,1399.85,1398.1,1399.35,14833
1705466400,1399.35,1403.95,1399.0,1403.3,345627
1705466700,1403.3,1404.7,1399.6,1403.95,86327
1705467000,1403.4,1407.75,1403.4,1407.55,18246
1705467300,1407.55,1407.7,1406.25,1407.4,5740
1705467600,1407.4,1412.0,1407.0,1410.85,18525
1705467900,1410.85,1410.85,1408.25,1409.1,11353
1705468200,1409.1,1412.0,1408.95,1411.65,8030
1705468500,1411.65,1414.15,1411.05,1412.05,8614
1705468800,1412.05,1412.95,1411.0,1411.2,10115
1705469100,1411.2,1411.7,1410.0,1411.6,8354
1705469400,1411.6,1414.0,1411.45,1413.4,11255
1705469700,1413.4,1415.0,1413.1,1414.85,8441
1705470000,1415.0,1416.15,1413.3,1413.45,14767
1705470300,1413.3,1414.45,1411.9,1412.7,19747
1705470600,1412.7,1414.25,1412.55,1414.0,7179
1705470900,1414.0,1417.45,1413.9,1416.4,14664
1705471200,1416.4,1420.4,1416.1,1417.95,20759
1705471500,1417.95,1418.15,1416.75,1417.45,11390
1705471800,1417.1,1420.4,1416.6,1417.1,16535
1705472100,1417.3,1417.8,1415.15,1417.35,6627
1705472400,1417.35,1419.25,1417.0,1418.85,3752
1705472700,1418.85,1419.95,1418.75,1419.85,6769
1705473000,1419.9,1425.75,1418.7,1425.7,107449
1705473300,1425.7,1425.7,1424.1,1425.0,32925
1705473600,1425.2,1435.75,1424.65,1435.05,114112
1705473900,1435.0,1439.0,1433.95,1439.0,54940
1705474200,1438.8,1444.95,1438.6,1441.4,77513
1705474500,1442.05,1442.95,1436.05,1437.8,70193
1705474800,1437.8,1439.5,1437.3,1439.0,23640
1705475100,1439.0,1439.0,1437.05,1439.0,20764
1705475400,1439.0,1439.0,1437.15,1438.9,11944
1705475700,1438.6,1439.0,1437.25,1437.75,9365
1705476000,1437.95,1439.0,1437.55,1438.7,5569
1705476300,1438.7,1438.7,1436.15,1437.4,6877
1705476600,1437.4,1438.45,1436.25,1437.45,12542
1705476900,1436.8,1437.2,1434.6,1436.2,14314
1705477200,1436.45,1436.95,1435.0,1435.2,4424
1705477500,1434.9,1436.0,1433.25,1435.65,10585
1705477800,1435.55,1435.6,1434.0,1434.9,9474
1705478100,1434.9,1440.75,1433.6,1438.5,48434
1705478400,1438.25,1439.0,1437.35,1439.0,11478
1705478700,1439.0,1439.0,1437.0,1438.0,7752
1705479000,1438.0,1438.85,1437.2,1437.85,11249
1705479300,1437.7,1438.5,1435.5,1435.75,14285
1705479600,1435.75,1436.7,1432.6,1432.85,11863
1705479900,1432.85,1434.7,1430.3,1430.95,9557
1705480200,1430.95,1433.2,1430.15,1431.4,17501
1705480500,1431.4,1437.3,1430.5,1435.95,228884
1705480800,1436.0,1436.05,1431.65,1433.65,24236
1705481100,1433.65,1434.4,1430.65,1433.3,16664
1705481400,1433.5,1433.5,1431.8,1431.85,15243
1705481700,1431.85,1433.4,1431.5,1433.05,12539
1705482000,1433.05,1433.7,1430.6,1431.8,20417
1705482300,1431.85,1432.3,1430.0,1430.9,14194
1705482600,1430.95,1431.0,1426.15,1429.8,33351
1705482900,1429.7,1430.5,1428.4,1428.65,13478
1705483200,1428.65,1429.55,1426.75,1426.85,16079
1705483500,1426.85,1427.7,1424.35,1426.0,18778
1705483800,1425.25,1425.9,1422.95,1422.95,35215
1705484100,1423.0,1423.95,1421.8,1422.25,32184
1705484400,1422.25,1422.35,1419.85,1421.6,68921
1705484700,1421.6,1424.35,1419.7,1423.0,82736
1705485000,1423.0,1423.0,1418.65,1421.2,190539
1705485300,1421.15,1424.7,1419.0,1423.0,75432
1705549500,1416.9,1416.9,1384.65,1389.0,196250
1705549800,1389.05,1395.35,1384.2,1395.05,85814
1705550100,1395.9,1397.9,1392.35,1397.25,35119
1705550400,1397.3,1397.95,1394.0,1397.3,16545
1705550700,1397.3,1403.5,1395.8,1401.9,20072
1705551000,1402.6,1404.0,1400.1,1402.95,25578
1705551300,1402.2,1405.3,1401.15,1403.1,47013
1705551600,1403.1,1406.35,1401.5,1401.75,23695
1705551900,1401.95,1402.75,1397.85,1402.2,26448
1705552200,1402.2,1406.0,1398.95,1403.15,18687
1705552500,1402.05,1407.85,1401.65,1407.7,20582
1705552800,1407.8,1411.9,1405.3,1408.8,46303
1705553100,1408.8,1411.5,1406.25,1409.15,29383
1705553400,1409.15,1412.05,1408.8,1410.0,67677
1705553700,1410.0,1410.75,1409.8,1410.0,35645
1705554000,1410.0,1410.9,1409.2,1410.0,13957
1705554300,1410.0,1418.2,1409.4,1417.0,15611
1705554600,1417.0,1420.45,1415.0,1419.9,30232
1705554900,1420.0,1424.15,1418.1,1423.1,29685
1705555200,1423.2,1427.7,1422.5,1425.65,14173
1705555500,1425.55,1425.55,1413.15,1418.5,36487
1705555800,1418.55,1420.8,1417.5,1420.25,13636
1705556100,1420.2,1424.65,1419.3,1423.3,109349
1705556400,1423.3,1425.5,1422.5,1424.0,121473
1705556700,1424.75,1427.5,1424.15,1427.0,18902
1705557000,1427.0,1432.75,1424.5,1432.75,220510
1705557300,1432.75,1435.5,1430.1,1434.2,17555
1705557600,1434.4,1435.0,1431.75,1432.0,11644
1705557900,1432.5,1433.95,1429.85,1433.15,13308
1705558200,1433.15,1434.1,1431.0,1433.15,11352
1705558500,1433.15,1438.0,1432.5,1435.0,45783
1705558800,1435.0,1435.7,1433.55,1434.7,22909
1705559100,1434.7,1435.95,1434.1,1435.55,10233
1705559400,1435.55,1436.25,1433.05,1434.0,11723
1705559700,1434.0,1434.35,1429.2,1430.0,10157
1705560000,1430.5,1430.5,1427.25,1428.95,10097
1705560300,1429.05,1429.7,1428.0,1428.95,6716
1705560600,1428.35,1430.55,1427.35,1429.95,9744
1705560900,1429.95,1431.95,1427.75,1427.75,14092
1705561200,1427.5,1427.9,1421.35,1422.7,191240
1705561500,1422.7,1424.25,1420.05,1421.0,10962
1705561800,1421.0,1422.45,1419.2,1421.75,7793
1705562100,1421.75,1423.0,1419.65,1420.0,9190
1705562400,1420.0,1420.0,1418.25,1419.55,74458
1705562700,1419.55,1420.0,1419.2,1419.65,41337
1705563000,1419.7,1420.0,1418.55,1419.7,5898
1705563300,1419.7,1420.0,1418.75,1419.95,8327
1705563600,1420.0,1420.0,1418.4,1419.5,6041
1705563900,1419.6,1420.0,1419.05,1420.0,5846
1705564200,1420.0,1420.05,1419.75,1419.95,4661
1705564500,1419.75,1420.3,1417.75,1418.45,8178
1705564800,1418.45,1420.0,1418.0,1420.0,5630
1705565100,1420.0,1420.0,1418.8,1418.9,7369
1705565400,1418.9,1418.9,1414.3,1416.5,11950
1705565700,1416.5,1416.7,1415.05,1416.5,8214
1705566000,1416.5,1416.9,1415.15,1416.05,6068
1705566300,1416.05,1416.05,1413.2,1414.2,6680
1705566600,1414.2,1414.75,1413.05,1413.85,7054
1705566900,1413.85,1414.65,1413.75,1414.35,6225
1705567200,1414.35,1414.5,1413.2,1414.2,5371
1705567500,1414.2,1414.85,1413.1,1413.8,4928
1705567800,1413.8,1416.0,1413.1,1415.35,7000
1705568100,1415.35,1417.9,1414.15,1416.55,9003
1705568400,1416.55,1418.7,1415.75,1418.7,8857
1705568700,1418.7,1418.75,1417.15,1418.2,6422
1705569000,1418.2,1419.55,1416.75,1418.25,10993
1705569300,1418.25,1418.9,1413.9,1414.75,11585
1705569600,1414.75,1415.3,1406.25,1407.6,22260
1705569900,1407.6,1409.35,1406.75,1408.45,11568
1705570200,1408.45,1409.8,1407.7,1408.1,15003
1705570500,1408.1,1408.5,1405.2,1405.45,21081
1705570800,1406.75,1407.75,1405.35,1406.2,25612
1705571100,1406.15,1408.25,1404.55,1405.65,26072
1705571400,1405.75,1408.4,1404.05,1404.9,48540
1705571700,1404.9,1407.45,1401.1,1405.9,114940
1705635900,1405.9,1425.05,1405.4,1424.45,22308
1705636200,1424.45,1424.45,1420.0,1420.7,10178
1705636500,1420.7,1424.95,1419.15,1424.0,4942
1705636800,1424.45,1426.2,1422.4,1423.2,10417
1705637100,1424.0,1425.95,1422.4,1422.8,5772
1705637400,1422.8,1423.0,1419.35,1420.35,3780
1705637700,1420.35,1421.05,1418.25,1421.05,4819
1705638000,1421.05,1421.05,1416.8,1419.6,2086
1705638300,1419.6,1422.25,1418.7,1422.05,3618
1705638600,1422.05,1425.0,1421.5,1424.3,3636
1705638900,1424.3,1427.95,1423.95,1425.85,4732
1705639200,1425.6,1426.0,1424.2,1425.5,4358
1705639500,1425.5,1425.9,1418.85,1419.75,3766
1705639800,1419.75,1422.0,1419.4,1422.0,2386
1705640100,1422.0,1422.65,1421.0,1421.2,2126
1705640400,1421.2,1424.25,1421.2,1422.5,1516
1705640700,1422.5,1423.2,1422.0,1422.0,1310
1705641000,1422.0,1422.0,1421.1,1421.1,1245
1705641300,1421.1,1422.05,1420.85,1422.05,1026
1705641600,1422.05,1422.05,1420.5,1421.25,2323
1705641900,1421.25,1421.75,1419.65,1420.1,1494
1705642200,1420.65,1422.6,1420.2,1421.85,1820
1705642500,1421.85,1421.9,1417.65,1418.85,3369
1705642800,1419.25,1420.85,1417.3,1418.3,2055
1705643100,1418.3,1418.95,1416.65,1418.4,2735
1705643400,1418.4,1419.65,1417.95,1418.8,3244
1705643700,1418.8,1421.0,1418.2,1420.6,4122
1705644000,1420.6,1424.25,1420.05,1423.85,4311
1705644300,1423.85,1424.65,1422.65,1424.5,4033
1705644600,1424.5,1425.0,1423.75,1424.15,3097
1705644900,1424.15,1424.4,1422.0,1423.4,4123
1705645200,1423.4,1424.75,1422.95,1424.3,3473
1705645500,1424.3,1424.9,1423.5,1424.25,3298
1705645800,1424.25,1424.7,1422.55,1422.55,1081
1705646100,1422.75,1424.85,1422.55,1424.5,2850
1705646400,1424.5,1425.9,1424.4,1425.9,6765
1705646700,1425.6,1427.3,1424.7,1426.7,5636
1705647000,1426.4,1427.4,1425.45,1427.0,4730
1705647300,1427.05,1428.4,1427.05,1428.4,7088
1705647600,1428.25,1430.75,1428.2,1430.15,10918
1705647900,1430.15,1430.3,1427.0,1428.0,17307
1705648200,1428.0,1430.35,1427.0,1428.5,11112
1705648500,1428.6,1430.95,1428.5,1430.05,8524
1705648800,1430.0,1431.2,1430.0,1430.45,5699
1705649100,1430.75,1431.95,1430.45,1431.0,5281
1705649400,1431.15,1432.55,1430.6,1431.0,8751
1705649700,1431.0,1431.25,1429.25,1429.25,14507
1705650000,1429.3,1429.65,1428.0,1429.0,9188
1705650300,1428.75,1432.0,1428.75,1431.75,5670
1705650600,1431.75,1433.1,1430.9,1431.8,6740
1705650900,1431.8,1432.15,1430.8,1430.8,4027
1705651200,1430.85,1433.6,1430.75,1433.6,4966
1705651500,1433.6,1433.8,1432.05,1433.55,3212
1705651800,1433.55,1434.0,1433.55,1433.75,1289
1705652100,1433.75,1435.05,1433.65,1434.3,5634
1705652400,1434.7,1436.0,1432.4,1432.65,7951
1705652700,1432.65,1433.7,1432.5,1433.0,4579
1705653000,1433.0,1434.4,1433.0,1434.3,11268
1705653300,1434.1,1434.65,1433.0,1433.0,7594
1705653600,1433.0,1434.25,1433.0,1434.25,13557
1705653900,1434.25,1436.0,1434.0,1436.0,9003
1705654200,1435.45,1436.65,1435.45,1435.95,6887
1705654500,1435.95,1438.1,1435.5,1436.95,6055
1705654800,1436.95,1438.0,1436.95,1437.75,7396
1705655100,1437.75,1438.85,1436.5,1438.0,8719
1705655400,1438.4,1442.95,1438.4,1441.55,25669
1705655700,1441.55,1441.55,1440.2,1441.45,10561
1705656000,1441.15,1441.4,1437.9,1439.6,7768
1705656300,1439.6,1440.5,1438.7,1439.8,3271
1705656600,1439.45,1440.65,1438.3,1439.65,21472
1705656900,1439.65,1441.7,1439.5,1440.25,17496
1705657200,1440.4,1440.95,1438.6,1439.5,15782
1705657500,1439.45,1440.9,1437.6,1440.45,19895
1705657800,1440.5,1441.65,1440.0,1441.45,39315
1705658100,1441.5,1445.0,1440.0,1441.0,37764
1705722300,1448.9,1454.35,1437.3,1453.0,14802
1705722600,1452.9,1453.9,1448.05,1448.5,5381
1705722900,1448.5,1448.5,1442.0,1444.45,5189
1705723200,1444.45,1446.6,1443.9,1444.95,2433
1705723500,1444.95,1444.95,1442.0,1442.9,2998
1705723800,1442.9,1446.25,1442.0,1442.0,4422
1705724100,1442.0,1443.4,1437.55,1438.8,4394
1705724400,1438.8,1440.9,1437.8,1438.35,1721
1705724700,1438.35,1438.35,1434.3,1434.8,2110
1705725000,1434.8,1439.45,1434.8,1438.85,3649
1705725300,1438.85,1442.1,1438.85,1441.2,2739
1705725600,1441.2,1443.95,1438.95,1442.05,2718
1705725900,1442.05,1444.45,1441.2,1443.55,5301
1705726200,1443.55,1444.25,1442.05,1443.45,1441
1705726500,1443.45,1446.35,1442.45,1445.4,6253
1705726800,1445.4,1446.2,1444.75,1445.6,1268
1705727100,1445.6,1446.0,1443.3,1446.0,2182
1705727400,1446.0,1446.4,1444.05,1445.2,2593
1705727700,1445.2,1445.2,1443.55,1444.35,790
1705728000,1444.35,1444.75,1443.75,1444.5,924
1705728300,1444.5,1444.85,1443.35,1444.5,1239
1705728600,1444.5,1444.95,1439.05,1439.1,5934
1705728900,1439.1,1440.0,1438.55,1439.65,926
1705729200,1439.65,1440.0,1438.8,1440.0,753
1705729500,1440.0,1440.55,1438.0,1440.55,4740
1705729800,1440.55,1440.7,1439.15,1439.6,1271
1705730100,1439.6,1440.15,1438.55,1439.05,1033
1705730400,1439.05,1439.9,1437.55,1438.95,929
1705730700,1438.95,1438.95,1436.05,1437.0,2005
1705731000,1437.0,1437.9,1436.1,1437.05,318
1705731300,1437.05,1438.1,1436.9,1438.05,518
1705731600,1438.05,1438.05,1436.2,1436.25,914
1705731900,1436.25,1437.55,1435.25,1435.4,4323
1705732200,1435.4,1437.1,1434.45,1435.15,7549
1705732500,1435.15,1437.75,1434.7,1436.25,3108
1705732800,1435.35,1443.4,1434.9,1442.8,7330
1705733100,1442.8,1443.65,1441.2,1442.15,6741
1705733400,1442.15,1443.05,1440.15,1441.55,2971
1705733700,1441.55,1441.6,1438.1,1438.95,1500
1705734000,1438.95,1439.5,1435.0,1437.25,2938
1705734300,1437.25,1439.5,1435.6,1439.5,2976
1705734600,1439.5,1441.15,1438.8,1439.9,7631
1705734900,1439.9,1439.9,1437.2,1437.3,1357
1705735200,1437.3,1438.9,1437.0,1438.25,1163
1705735500,1438.25,1439.8,1437.4,1439.55,1155
1705735800,1439.55,1439.85,1438.0,1438.75,2772
1705736100,1438.75,1439.25,1437.15,1438.75,101236
1705736400,1438.75,1439.25,1437.2,1438.55,738
1705736700,1437.8,1438.75,1437.0,1437.05,824
1705737000,1437.0,1438.2,1435.15,1436.3,1189
1705737300,1436.3,1436.55,1435.25,1436.0,899
1705737600,1436.0,1436.6,1435.05,1436.1,1363
1705737900,1436.1,1438.85,1434.7,1437.15,7127
1705738200,1437.15,1438.45,1437.15,1438.1,821
1705738500,1438.1,1438.8,1434.55,1437.1,4557
1705738800,1437.1,1437.7,1435.05,1436.55,2292
1705739100,1436.55,1437.5,1435.55,1436.35,1677
1705739400,1436.35,1436.75,1435.0,1436.4,2180
1705739700,1436.4,1436.4,1435.05,1436.0,1505
1705740000,1436.0,1436.0,1434.5,1434.95,2606
1705740300,1434.5,1435.45,1432.1,1432.85,3250
1705740600,1432.85,1433.4,1431.6,1432.6,3509
1705740900,1432.6,1433.95,1432.25,1433.8,1896
1705741200,1433.8,1435.95,1432.95,1435.95,5671
1705741500,1435.95,1438.3,1434.85,1437.35,7164
1705741800,1437.35,1439.0,1436.6,1438.1,4921
1705742100,1438.1,1441.05,1437.15,1440.0,12200
1705742400,1440.0,1441.0,1439.1,1440.35,5089
1705742700,1440.35,1443.0,1437.85,1441.85,21854
1705743000,1441.8,1444.3,1441.45,1443.5,22700
1705743300,1443.5,1444.25,1441.55,1442.3,9082
1705743600,1442.25,1443.4,1442.0,1442.5,6559
1705743900,1442.65,1442.8,1442.0,1442.5,12589
1705744200,1442.7,1443.25,1441.25,1442.15,30918
1705744500,1442.15,1443.95,1440.65,1443.95,39375
1705981500,1444.0,1448.5,1438.55,1445.5,51037
1705981800,1445.05,1447.6,1439.9,1443.0,28050
1705982100,1443.45,1447.75,1438.55,1445.05,35314
1705982400,1445.25,1448.65,1439.95,1443.05,61344
1705982700,1443.6,1445.45,1438.55,1440.85,68623
1705983000,1440.55,1443.2,1437.25,1443.0,52642
1705983300,1442.95,1443.3,1436.95,1440.05,18251
1705983600,1440.05,1441.9,1438.3,1439.95,17900
1705983900,1439.95,1440.35,1434.1,1435.65,31635
1705984200,1435.6,1436.6,1432.0,1433.6,22207
1705984500,1433.6,1434.6,1429.2,1433.1,24714
1705984800,1433.15,1435.7,1430.45,1432.4,13703
1705985100,1432.4,1434.0,1428.65,1428.65,13169
1705985400,1428.6,1435.45,1428.55,1435.1,14995
1705985700,1434.8,1435.1,1429.6,1432.15,11150
1705986000,1432.0,1432.7,1429.25,1429.7,10480
1705986300,1429.7,1430.2,1422.2,1423.25,38050
1705986600,1423.7,1423.8,1421.0,1421.8,36254
1705986900,1421.75,1423.6,1420.05,1420.75,17172
1705987200,1420.7,1421.15,1418.0,1418.1,15853
1705987500,1418.6,1418.6,1414.85,1414.9,26922
1705987800,1414.85,1417.05,1413.0,1414.9,20879
1705988100,1414.9,1416.95,1414.5,1416.05,10882
1705988400,1416.25,1419.0,1414.1,1414.25,11465
1705988700,1414.25,1414.6,1411.3,1411.8,18204
1705989000,1411.8,1413.6,1409.0,1412.55,13459
1705989300,1412.3,1412.8,1410.35,1411.1,14974
1705989600,1411.0,1411.1,1408.45,1408.8,13876
1705989900,1408.5,1409.35,1405.8,1406.55,17917
1705990200,1406.05,1406.25,1399.55,1400.0,55923
1705990500,1400.0,1405.9,1400.0,1405.1,12789
1705990800,1404.75,1408.9,1404.25,1408.55,16138
1705991100,1408.55,1409.2,1404.0,1404.05,7917
1705991400,1404.05,1404.45,1400.0,1401.85,23532
1705991700,1401.8,1401.8,1399.5,1400.05,34601
1705992000,1400.0,1400.85,1395.2,1395.2,19119
1705992300,1395.3,1398.9,1394.5,1397.0,19865
1705992600,1397.0,1398.1,1391.0,1391.5,25033
1705992900,1391.5,1392.2,1387.1,1388.05,18901
1705993200,1388.05,1389.6,1385.75,1386.55,15202
1705993500,1386.55,1387.8,1383.0,1384.55,17692
1705993800,1384.55,1386.7,1382.5,1383.6,9922
1705994100,1383.6,1387.3,1383.05,1385.85,10795
1705994400,1385.5,1386.9,1380.35,1382.25,20190
1705994700,1382.25,1382.25,1371.55,1373.4,74613
1705995000,1373.4,1378.2,1372.55,1373.1,23790
1705995300,1373.1,1375.75,1370.5,1373.95,18125
1705995600,1373.55,1376.35,1372.8,1375.55,28316
1705995900,1375.55,1379.4,1373.1,1377.95,17585
1705996200,1377.95,1378.45,1373.75,1374.8,40095
1705996500,1375.0,1378.25,1373.65,1376.45,35992
1705996800,1376.45,1377.9,1375.0,1376.2,8595
1705997100,1376.2,1377.25,1373.85,1375.1,40061
1705997400,1375.1,1379.6,1374.1,1378.3,61807
1705997700,1378.3,1381.2,1376.5,1379.65,116451
1705998000,1379.75,1380.15,1375.1,1377.35,53088
1705998300,1377.35,1383.8,1376.45,1383.3,81345
1705998600,1383.3,1384.65,1381.35,1384.05,9604
1705998900,1384.15,1384.95,1380.35,1380.35,34757
1705999200,1380.35,1382.85,1377.7,1378.7,28402
1705999500,1378.8,1380.15,1375.0,1375.75,103787
1705999800,1375.4,1377.2,1372.85,1374.1,168737
1706000100,1374.45,1376.25,1371.45,1372.9,94432
1706000400,1372.4,1375.45,1371.0,1374.25,67828
1706000700,1374.3,1375.9,1372.65,1375.0,70065
1706001000,1375.0,1375.3,1371.55,1372.4,62174
1706001300,1372.45,1374.6,1369.5,1374.25,68623
1706001600,1373.6,1374.15,1368.55,1372.55,69077
1706001900,1372.55,1375.55,1371.7,1373.2,36054
1706002200,1373.2,1374.2,1367.35,1373.3,106698
1706002500,1373.75,1380.0,1372.75,1380.0,57391
1706002800,1380.0,1380.15,1376.05,1379.1,66009
1706003100,1379.05,1379.6,1374.35,1375.0,73475
1706003400,1375.0,1378.4,1374.4,1375.6,67249
1706003700,1375.45,1377.15,1370.0,1375.0,57140
1706067900,1380.4,1383.95,1368.55,1372.2,40723
1706068200,1372.2,1388.8,1371.15,1388.0,17482
1706068500,1388.65,1388.65,1381.2,1382.8,27466
1706068800,1382.0,1388.15,1382.0,1387.45,17933
1706069100,1387.7,1389.4,1384.55,1385.8,16607
1706069400,1385.8,1387.85,1383.55,1384.05,13662
1706069700,1384.45,1387.4,1383.45,1385.25,18425
1706070000,1385.25,1386.3,1383.0,1385.8,17038
1706070300,1385.0,1396.6,1385.0,1393.1,27937
1706070600,1393.1,1395.7,1390.1,1392.2,17530
1706070900,1391.65,1394.45,1389.95,1391.8,24848
1706071200,1391.0,1392.65,1389.7,1390.5,14115
1706071500,1390.0,1393.75,1389.8,1391.75,13873
1706071800,1391.25,1392.8,1388.75,1390.6,22738
1706072100,1390.2,1391.05,1386.05,1386.45,15533
1706072400,1386.45,1391.05,1386.45,1390.15,14394
1706072700,1390.2,1393.95,1390.2,1390.9,16644
1706073000,1390.95,1392.85,1389.85,1391.1,14895
1706073300,1391.35,1392.75,1388.6,1390.75,10332
1706073600,1390.75,1394.75,1390.05,1394.75,18380
1706073900,1393.85,1395.9,1392.45,1395.3,15595
1706074200,1394.35,1400.5,1394.35,1400.45,23689
1706074500,1400.45,1401.4,1396.5,1397.6,12349
1706074800,1397.35,1399.1,1396.05,1398.4,14395
1706075100,1398.4,1400.0,1397.3,1399.9,13364
1706075400,1399.9,1400.65,1397.8,1398.35,14168
1706075700,1397.85,1399.1,1392.4,1393.1,16167
1706076000,1393.9,1394.15,1389.4,1392.8,18677
1706076300,1392.8,1396.0,1392.5,1393.35,11905
1706076600,1393.35,1394.2,1390.9,1394.2,13197
1706076900,1393.6,1394.2,1390.3,1393.0,12064
1706077200,1393.0,1394.2,1391.2,1393.9,7701
1706077500,1394.25,1394.4,1390.0,1391.75,17239
1706077800,1391.75,1391.75,1382.2,1383.05,39065
1706078100,1383.05,1386.55,1382.4,1383.7,10581
1706078400,1383.7,1385.75,1381.95,1383.9,18112
1706078700,1383.1,1386.15,1383.1,1385.3,14575
1706079000,1385.3,1387.1,1384.25,1384.85,12176
1706079300,1384.85,1386.0,1383.2,1386.0,14680
1706079600,1386.0,1387.45,1385.25,1386.0,12711
1706079900,1386.0,1387.4,1385.95,1386.65,11661
1706080200,1386.65,1388.65,1386.0,1387.3,8026
1706080500,1387.3,1388.7,1386.7,1388.2,19900
1706080800,1388.2,1390.75,1388.05,1389.45,16339
1706081100,1389.45,1391.25,1388.2,1391.25,13646
1706081400,1391.55,1391.75,1389.9,1390.15,17019
1706081700,1390.15,1390.75,1386.8,1388.3,15379
1706082000,1388.3,1388.5,1386.0,1386.45,12125
1706082300,1386.3,1389.15,1385.0,1389.15,18068
1706082600,1389.15,1392.1,1387.1,1388.15,20328
1706082900,1388.15,1388.35,1384.6,1385.0,14453
1706083200,1385.0,1386.25,1384.0,1385.6,17029
1706083500,1385.6,1388.8,1385.0,1388.8,17066
1706083800,1388.8,1389.25,1387.45,1389.0,13326
1706084100,1389.0,1393.25,1388.5,1393.15,23140
1706084400,1393.15,1397.1,1392.75,1397.05,18682
1706084700,1397.05,1400.8,1395.85,1400.0,17015
1706085000,1399.3,1403.85,1399.3,1402.65,17405
1706085300,1402.65,1403.4,1398.75,1400.4,18061
1706085600,1400.4,1402.9,1399.1,1401.95,20977
1706085900,1401.95,1403.8,1401.1,1402.9,14966
1706086200,1403.2,1406.5,1401.2,1401.7,24395
1706086500,1401.7,1405.45,1401.15,1403.2,17103
1706086800,1404.2,1405.15,1402.25,1404.95,23826
1706087100,1404.95,1406.5,1403.8,1406.5,3353
1706087400,1406.05,1409.6,1405.55,1409.2,4977
1706087700,1409.2,1410.0,1407.8,1408.5,7776
1706088000,1408.5,1411.6,1408.3,1411.6,7180
1706088300,1411.6,1411.95,1407.25,1408.45,10439
1706088600,1409.55,1411.9,1406.4,1408.1,14323
1706088900,1408.15,1410.5,1407.6,1409.8,15468
1706089200,1409.7,1411.55,1409.0,1411.2,39112
1706089500,1411.2,1412.8,1410.85,1412.75,17961
1706089800,1412.8,1413.9,1411.3,1412.5,18135
1706090100,1412.5,1413.0,1409.1,1412.4,14219
1706154300,1414.9,1414.9,1400.1,1400.45,34481
1706154600,1400.85,1400.85,1392.7,1393.95,24032
1706154900,1393.1,1398.45,1393.05,1393.35,17471
1706155200,1393.35,1396.45,1392.7,1393.35,10582
1706155500,1393.35,1397.75,1393.05,1396.1,8638
1706155800,1396.1,1397.0,1393.35,1393.65,5769
1706156100,1393.7,1393.7,1386.7,1387.6,19691
1706156400,1387.6,1389.0,1383.45,1383.45,25930
1706156700,1383.85,1384.95,1381.25,1383.75,29726
1706157000,1383.75,1385.45,1382.7,1384.8,19792
1706157300,1384.35,1386.0,1383.15,1384.1,25422
1706157600,1384.1,1385.8,1384.0,1384.0,16554
1706157900,1384.0,1384.95,1380.55,1383.8,39130
1706158200,1384.65,1385.45,1383.1,1384.2,19869
1706158500,1384.2,1385.0,1381.7,1383.65,44023
1706158800,1383.65,1384.8,1383.0,1384.3,24715
1706159100,1384.3,1385.75,1383.55,1384.2,11304
1706159400,1384.2,1388.0,1384.15,1386.15,11997
1706159700,1386.15,1388.1,1384.9,1388.0,14330
1706160000,1387.65,1389.5,1383.1,1384.7,20387
1706160300,1384.7,1385.0,1380.55,1380.55,11363
1706160600,1379.5,1380.45,1372.15,1374.4,22266
1706160900,1374.4,1375.85,1372.35,1372.85,11818
1706161200,1372.7,1373.95,1372.1,1372.95,8334
1706161500,1372.95,1377.75,1372.85,1377.0,11522
1706161800,1377.05,1379.35,1375.2,1375.25,11303
1706162100,1375.2,1376.45,1374.0,1374.75,5304
1706162400,1374.95,1377.55,1373.35,1374.3,10472
1706162700,1374.3,1378.55,1374.25,1378.1,7098
1706163000,1378.1,1382.8,1378.1,1382.2,16638
1706163300,1382.0,1383.45,1380.25,1380.95,7337
1706163600,1380.95,1381.1,1374.0,1374.7,24317
1706163900,1374.5,1375.9,1373.0,1375.0,12014
1706164200,1375.0,1375.7,1374.3,1374.7,3469
1706164500,1374.7,1376.0,1374.0,1374.25,5519
1706164800,1374.25,1375.0,1374.0,1374.0,3195
1706165100,1374.0,1374.85,1370.35,1372.25,25663
1706165400,1372.25,1373.45,1371.3,1372.45,4193
1706165700,1371.75,1374.4,1371.55,1373.25,10799
1706166000,1373.75,1374.9,1372.0,1372.0,6986
1706166300,1372.45,1374.65,1371.8,1373.8,6669
1706166600,1374.8,1374.8,1371.15,1372.0,7503
1706166900,1372.0,1375.0,1372.0,1372.75,12079
1706167200,1372.25,1372.9,1371.0,1372.1,7305
1706167500,1372.1,1373.3,1371.3,1372.7,7823
1706167800,1372.7,1376.0,1372.65,1375.25,13229
1706168100,1375.05,1375.95,1372.5,1373.1,10981
1706168400,1373.65,1375.75,1373.0,1375.0,12673
1706168700,1375.0,1375.8,1374.7,1375.55,10571
1706169000,1375.55,1375.95,1375.0,1375.05,8957
1706169300,1375.0,1375.45,1374.75,1375.0,15647
1706169600,1375.0,1378.65,1374.3,1375.25,31494
1706169900,1375.25,1376.2,1374.95,1375.0,27584
1706170200,1375.0,1375.5,1375.0,1375.1,8658
1706170500,1375.1,1375.65,1375.0,1375.1,8406
1706170800,1375.05,1376.45,1375.0,1375.0,21445
1706171100,1375.05,1376.7,1375.0,1375.05,20058
1706171400,1375.05,1376.25,1375.0,1375.25,12776
1706171700,1375.35,1375.35,1374.35,1375.0,30575
1706172000,1375.0,1375.95,1374.25,1375.05,54524
1706172300,1375.0,1375.55,1374.15,1375.0,51130
1706172600,1375.0,1375.15,1372.5,1373.05,59150
1706172900,1373.75,1381.35,1360.55,1370.6,218116
1706173200,1371.6,1376.2,1365.1,1367.45,140717
1706173500,1366.65,1379.9,1357.15,1364.4,313271
1706173800,1363.9,1370.95,1363.9,1369.75,102178
1706174100,1369.9,1370.95,1365.25,1370.15,127948
1706174400,1370.15,1374.65,1369.8,1373.0,79330
1706174700,1373.0,1378.0,1372.15,1374.8,164597
1706175000,1374.75,1382.35,1374.65,1381.5,121198
1706175300,1381.95,1385.0,1376.75,1377.2,132962
1706175600,1377.3,1382.95,1377.2,1380.85,168653
1706175900,1380.8,1383.25,1379.3,1380.0,147854
1706176200,1380.05,1384.6,1379.65,1383.25,176498
1706176500,1382.35,1390.0,1379.15,1387.5,251942
1706499900,1388.0,1418.6,1388.0,1404.45,84097
1706500200,1405.35,1415.45,1404.55,1415.0,33636
1706500500,1415.4,1418.0,1409.0,1415.0,56396
1706500800,1415.0,1416.25,1412.8,1414.85,31516
1706501100,1414.85,1416.5,1412.0,1416.4,33888
1706501400,1416.4,1421.85,1414.65,1415.05,24192
1706501700,1415.9,1418.6,1415.0,1417.9,9141
1706502000,1419.0,1419.55,1415.0,1416.45,38109
1706502300,1416.45,1418.0,1414.0,1417.9,9948
1706502600,1417.9,1419.5,1417.2,1419.15,5573
1706502900,1419.4,1421.45,1418.05,1420.95,11721
1706503200,1420.95,1424.6,1420.1,1420.55,16036
1706503500,1419.6,1419.65,1407.6,1409.55,23466
1706503800,1409.55,1416.6,1407.1,1415.95,13193
1706504100,1415.95,1422.95,1415.3,1422.5,12691
1706504400,1422.5,1422.85,1416.85,1419.0,16867
1706504700,1419.4,1421.3,1417.85,1419.9,12100
1706505000,1419.9,1420.7,1416.1,1417.35,12189
1706505300,1417.55,1418.35,1413.45,1414.9,9784
1706505600,1415.65,1417.0,1413.15,1416.5,11799
1706505900,1416.4,1416.45,1411.0,1412.2,27202
1706506200,1412.2,1413.1,1410.1,1411.7,18277
1706506500,1411.75,1414.7,1411.15,1414.25,13131
1706506800,1414.2,1415.0,1412.35,1413.95,12908
1706507100,1413.85,1416.9,1413.0,1414.85,34471
1706507400,1414.15,1415.0,1409.4,1411.3,19064
1706507700,1411.65,1413.4,1410.5,1411.15,13901
1706508000,1411.15,1412.25,1402.6,1402.85,26996
1706508300,1402.85,1402.85,1396.5,1400.0,20197
1706508600,1400.0,1410.55,1400.0,1408.75,23529
1706508900,1409.25,1410.15,1406.85,1407.75,18210
1706509200,1407.75,1410.0,1406.25,1409.7,18144
1706509500,1409.7,1410.6,1408.5,1409.35,10677
1706509800,1409.35,1410.35,1408.2,1408.7,12382
1706510100,1408.7,1410.2,1406.85,1408.6,11950
1706510400,1408.6,1410.0,1407.35,1409.3,12863
1706510700,1409.3,1409.65,1406.8,1408.25,12955
1706511000,1408.25,1409.25,1407.05,1407.85,11589
1706511300,1407.85,1408.65,1405.3,1405.9,19179
1706511600,1405.9,1407.4,1402.95,1403.1,7844
1706511900,1403.1,1404.0,1402.2,1403.6,5665
1706512200,1403.6,1408.25,1403.15,1406.0,11522
1706512500,1406.7,1410.0,1405.75,1409.05,12105
1706512800,1409.05,1409.7,1407.65,1408.3,12073
1706513100,1408.3,1409.3,1407.1,1408.75,12969
1706513400,1408.75,1410.6,1408.4,1409.5,13389
1706513700,1409.5,1410.45,1408.45,1409.1,13647
1706514000,1409.1,1409.75,1407.85,1408.35,11206
1706514300,1408.35,1410.0,1408.35,1408.75,12072
1706514600,1408.55,1410.9,1408.15,1410.0,13037
1706514900,1409.9,1412.9,1409.7,1412.0,14756
1706515200,1412.0,1413.2,1407.4,1409.15,12667
1706515500,1409.15,1409.35,1407.45,1408.65,12824
1706515800,1408.7,1410.3,1408.5,1409.2,8571
1706516100,1409.65,1411.85,1409.05,1410.65,10613
1706516400,1410.65,1411.4,1409.3,1409.95,10916
1706516700,1410.0,1410.95,1408.3,1409.25,10587
1706517000,1409.4,1410.85,1408.15,1408.9,13094
1706517300,1408.9,1411.0,1408.3,1410.35,10018
1706517600,1410.6,1410.85,1409.0,1410.05,34392
1706517900,1410.05,1412.75,1409.9,1412.25,103409
1706518200,1412.25,1414.5,1411.55,1414.5,12105
1706518500,1414.5,1415.35,1412.9,1412.9,14337
1706518800,1412.9,1418.6,1411.55,1418.3,30680
1706519100,1418.45,1418.45,1414.25,1416.55,22786
1706519400,1416.55,1416.85,1413.85,1415.35,17638
1706519700,1415.35,1418.0,1415.0,1417.35,114994
1706520000,1417.35,1420.0,1416.9,1419.35,17259
1706520300,1419.2,1420.8,1416.95,1418.85,18831
1706520600,1418.85,1420.05,1417.55,1418.55,32326
1706520900,1418.95,1420.0,1417.2,1418.75,29249
1706521200,1418.6,1420.0,1417.7,1418.6,34366
1706521500,1418.6,1418.75,1415.65,1417.8,35869
1706521800,1417.75,1419.9,1415.55,1419.55,33818
1706522100,1419.55,1419.85,1415.0,1415.05,21974
1706586300,1425.0,1433.7,1405.65,1409.65,102950
1706586600,1409.15,1409.45,1392.85,1397.95,71191
1706586900,1397.75,1399.9,1393.85,1398.25,26320
1706587200,1398.15,1406.05,1397.0,1403.7,54109
1706587500,1403.7,1409.1,1402.95,1407.15,47472
1706587800,1407.15,1408.75,1405.45,1407.9,21547
1706588100,1407.25,1408.15,1405.3,1407.25,21966
1706588400,1406.75,1412.75,1406.75,1412.05,12673
1706588700,1412.05,1416.7,1410.7,1414.95,11205
1706589000,1413.9,1417.05,1410.0,1415.15,26873
1706589300,1415.3,1415.85,1409.0,1414.0,28831
1706589600,1414.0,1414.4,1406.5,1407.15,12512
1706589900,1407.15,1409.45,1406.15,1407.3,6724
1706590200,1407.3,1408.7,1406.65,1407.15,7247
1706590500,1407.15,1408.35,1406.0,1407.25,14004
1706590800,1407.25,1412.4,1407.25,1411.0,7830
1706591100,1411.0,1411.2,1407.75,1408.8,11998
1706591400,1408.8,1409.85,1407.1,1409.85,8412
1706591700,1409.85,1411.15,1408.9,1410.65,5202
1706592000,1410.65,1411.45,1408.65,1411.4,9032
1706592300,1411.4,1413.6,1409.55,1410.6,9537
1706592600,1410.6,1411.55,1409.55,1411.0,6460
1706592900,1410.6,1411.5,1409.3,1411.2,41118
1706593200,1411.2,1413.6,1410.0,1412.85,28456
1706593500,1412.85,1413.3,1410.95,1411.55,6760
1706593800,1411.55,1411.95,1408.8,1411.25,6263
1706594100,1411.2,1412.45,1409.1,1409.5,12952
1706594400,1409.5,1410.75,1408.1,1410.7,9350
1706594700,1410.5,1410.75,1408.05,1410.6,11824
1706595000,1410.6,1412.4,1410.45,1411.7,16991
1706595300,1411.7,1413.35,1411.7,1411.85,7530
1706595600,1411.85,1413.0,1410.35,1412.8,5030
1706595900,1412.8,1413.0,1410.8,1411.45,7611
1706596200,1412.05,1412.5,1410.05,1412.0,13683
1706596500,1412.0,1412.4,1410.6,1412.2,9294
1706596800,1412.2,1416.55,1412.2,1415.05,14864
1706597100,1415.05,1416.4,1414.45,1416.0,5019
1706597400,1416.0,1416.9,1413.8,1414.55,9930
1706597700,1414.55,1417.3,1414.1,1415.9,11645
1706598000,1416.05,1416.65,1413.95,1415.0,14507
1706598300,1415.0,1416.45,1414.2,1414.6,14850
1706598600,1414.6,1415.5,1413.75,1414.75,9427
1706598900,1414.75,1415.7,1411.35,1413.7,17755
1706599200,1413.7,1415.15,1412.0,1412.0,20487
1706599500,1412.0,1413.7,1411.75,1412.75,5170
1706599800,1412.75,1413.55,1412.2,1412.75,3040
1706600100,1412.75,1412.8,1411.3,1411.8,3722
1706600400,1411.8,1412.85,1411.0,1411.95,4229
1706600700,1411.95,1412.15,1410.3,1412.0,6875
1706601000,1412.05,1412.5,1408.3,1411.35,10943
1706601300,1411.35,1412.8,1411.05,1411.9,4675
1706601600,1412.75,1412.85,1411.35,1411.95,2706
1706601900,1411.95,1412.4,1410.3,1411.45,4506
1706602200,1412.35,1412.4,1409.9,1411.0,6248
1706602500,1410.3,1412.55,1410.3,1412.0,5480
1706602800,1412.0,1412.45,1410.0,1411.0,3390
1706603100,1411.0,1411.5,1409.4,1410.45,9771
1706603400,1410.45,1411.25,1404.6,1406.5,12952
1706603700,1406.5,1407.0,1403.8,1404.9,13119
1706604000,1404.7,1408.95,1403.05,1404.95,14032
1706604300,1405.65,1408.0,1404.8,1406.4,14524
1706604600,1406.4,1409.7,1405.7,1408.0,14887
1706604900,1408.1,1408.95,1406.75,1408.25,29062
1706605200,1408.25,1412.0,1407.1,1411.9,30843
1706605500,1411.05,1414.8,1409.3,1409.3,44482
1706605800,1409.3,1409.9,1404.1,1405.4,28469
1706606100,1405.4,1405.95,1400.0,1401.65,30739
1706606400,1400.95,1402.15,1398.6,1399.15,17034
1706606700,1398.7,1401.1,1398.55,1399.9,13904
1706607000,1400.55,1402.2,1398.3,1399.6,51765
1706607300,1399.6,1401.7,1398.95,1399.0,50630
1706607600,1399.0,1399.5,1397.75,1398.5,49499
1706607900,1398.75,1399.0,1396.1,1397.9,54572
1706608200,1397.9,1401.65,1397.45,1399.7,68782
1706608500,1399.7,1401.1,1396.65,1397.35,34923
1706672700,1400.0,1400.0,1388.8,1390.2,18985
1706673000,1390.2,1392.4,1389.05,1391.8,13710
1706673300,1391.8,1393.1,1387.85,1393.1,16449
1706673600,1392.95,1395.8,1390.2,1395.35,13670
1706673900,1395.3,1397.0,1392.35,1393.0,13986
1706674200,1392.8,1394.45,1390.7,1393.4,16178
1706674500,1392.8,1393.25,1389.0,1390.4,15644
1706674800,1390.4,1391.55,1390.0,1390.75,8520
1706675100,1391.2,1392.05,1388.1,1388.45,13413
1706675400,1388.45,1389.0,1383.5,1385.95,19903
1706675700,1385.95,1387.8,1385.7,1386.15,12137
1706676000,1386.15,1386.2,1383.5,1384.6,11430
1706676300,1384.6,1385.85,1383.75,1384.0,13299
1706676600,1384.0,1384.05,1381.7,1382.4,9015
1706676900,1382.4,1384.95,1382.4,1383.2,9341
1706677200,1383.1,1385.75,1383.0,1384.55,12424
1706677500,1384.55,1387.0,1383.85,1386.8,13291
1706677800,1385.85,1388.5,1384.9,1386.0,11638
1706678100,1386.0,1387.9,1386.0,1387.8,9838
1706678400,1387.8,1390.4,1387.15,1390.0,12813
1706678700,1390.0,1392.4,1389.6,1392.1,12023
1706679000,1391.9,1392.45,1391.5,1392.05,12776
1706679300,1392.05,1393.7,1391.75,1393.05,10670
1706679600,1393.0,1394.5,1393.0,1394.1,14175
1706679900,1394.1,1394.1,1393.1,1394.05,26883
1706680200,1394.05,1394.1,1391.75,1393.2,15059
1706680500,1393.2,1394.8,1392.15,1393.1,16458
1706680800,1393.1,1398.8,1392.7,1396.9,32314
1706681100,1396.9,1396.9,1393.85,1393.85,16736
1706681400,1393.85,1394.75,1392.3,1394.05,15034
1706681700,1394.05,1399.0,1393.8,1398.35,30763
1706682000,1398.25,1399.85,1396.05,1396.9,16609
1706682300,1396.9,1399.65,1396.55,1397.75,13913
1706682600,1397.75,1400.1,1397.0,1397.4,13936
1706682900,1397.25,1397.95,1397.0,1397.15,7921
1706683200,1397.15,1398.05,1395.7,1397.4,15091
1706683500,1397.4,1397.5,1394.25,1394.95,14891
1706683800,1395.15,1399.7,1394.75,1397.85,20699
1706684100,1397.85,1398.45,1393.0,1393.0,16030
1706684400,1393.05,1394.75,1393.0,1393.8,12484
1706684700,1393.7,1394.9,1393.1,1394.25,8801
1706685000,1394.25,1394.75,1393.0,1393.4,9610
1706685300,1393.3,1394.85,1393.0,1393.0,12928
1706685600,1393.0,1394.3,1393.0,1393.0,12468
1706685900,1393.0,1393.55,1393.0,1393.0,14935
1706686200,1393.0,1395.45,1393.0,1393.5,9122
1706686500,1393.5,1394.95,1393.5,1393.6,7658
1706686800,1393.5,1396.95,1393.45,1395.1,17591
1706687100,1395.1,1398.0,1394.55,1397.25,9585
1706687400,1397.25,1400.5,1397.25,1400.0,18192
1706687700,1400.0,1402.55,1397.6,1397.6,15932
1706688000,1397.65,1399.45,1397.05,1399.45,14979
1706688300,1399.45,1399.45,1393.6,1393.6,15689
1706688600,1393.6,1395.2,1393.25,1393.4,10912
1706688900,1393.4,1394.5,1393.0,1393.15,10573
1706689200,1393.15,1396.3,1393.1,1395.55,12682
1706689500,1395.55,1396.35,1394.25,1396.35,9154
1706689800,1396.35,1398.7,1395.15,1397.95,10336
1706690100,1397.95,1398.9,1397.05,1397.25,10580
1706690400,1397.25,1398.0,1397.25,1397.3,9547
1706690700,1397.3,1399.7,1397.25,1398.3,15387
1706691000,1398.3,1399.9,1396.75,1397.45,15019
1706691300,1397.45,1397.65,1394.8,1396.6,12664
1706691600,1396.6,1398.0,1394.55,1395.5,11129
1706691900,1395.5,1397.85,1395.45,1396.5,14014
1706692200,1396.1,1398.95,1396.1,1398.5,15662
1706692500,1398.5,1398.55,1396.35,1396.45,11823
1706692800,1396.45,1397.95,1395.75,1396.05,13750
1706693100,1396.0,1396.35,1395.45,1395.95,12920
1706693400,1396.0,1399.85,1396.0,1399.6,49648
1706693700,1399.7,1402.6,1399.4,1401.95,70418
1706694000,1401.95,1403.2,1398.85,1402.05,82328
1706694300,1402.05,1402.55,1398.55,1398.95,65838
1706694600,1398.95,1403.55,1398.25,1403.55,58400
1706694900,1403.55,1406.5,1395.95,1406.0,53384
1706759100,1407.3,1409.9,1400.0,1406.0,29991
1706759400,1405.5,1413.25,1405.1,1408.0,19951
1706759700,1407.75,1408.7,1402.55,1403.6,13267
1706760000,1404.4,1405.5,1400.95,1403.45,11218
1706760300,1402.9,1405.95,1402.05,1403.55,17700
1706760600,1403.75,1406.85,1403.05,1404.85,10350
1706760900,1404.85,1410.15,1404.0,1409.0,16550
1706761200,1409.0,1413.3,1408.95,1412.25,16600
1706761500,1412.25,1412.25,1409.15,1410.7,5523
1706761800,1410.0,1411.35,1409.55,1409.55,3744
1706762100,1408.9,1413.3,1408.05,1412.5,6125
1706762400,1412.5,1415.8,1411.25,1413.1,13589
1706762700,1413.05,1413.05,1408.4,1411.35,3942
1706763000,1411.35,1412.15,1410.55,1411.65,3099
1706763300,1411.8,1412.2,1411.0,1411.2,2397
1706763600,1411.2,1412.85,1411.0,1412.05,2211
1706763900,1412.05,1413.25,1411.0,1411.05,3257
1706764200,1411.05,1411.5,1405.6,1407.95,12356
1706764500,1407.95,1409.2,1406.65,1407.45,2590
1706764800,1407.45,1408.0,1405.95,1407.6,2657
1706765100,1407.6,1408.6,1406.6,1407.6,2084
1706765400,1407.6,1410.6,1406.85,1407.15,9048
1706765700,1407.15,1409.0,1406.45,1408.05,3148
1706766000,1408.3,1409.35,1407.8,1407.85,2240
1706766300,1407.85,1408.3,1400.35,1402.05,8185
1706766600,1402.35,1403.2,1400.2,1400.85,4248
1706766900,1400.85,1404.55,1400.2,1402.65,7290
1706767200,1402.65,1403.5,1401.0,1401.35,5428
1706767500,1401.35,1404.4,1400.2,1402.4,5669
1706767800,1402.4,1403.65,1400.2,1402.55,2756
1706768100,1402.55,1404.7,1400.85,1404.1,6098
1706768400,1404.1,1405.25,1398.5,1401.85,16187
1706768700,1402.5,1411.2,1402.5,1410.4,25540
1706769000,1409.9,1418.05,1409.7,1418.05,44853
1706769300,1418.0,1425.0,1417.55,1421.0,37088
1706769600,1421.0,1436.3,1421.0,1432.85,54721
1706769900,1432.85,1451.3,1431.1,1444.35,117233
1706770200,1444.35,1446.8,1439.0,1446.4,44469
1706770500,1446.9,1448.0,1442.75,1445.75,27973
1706770800,1445.75,1448.0,1444.05,1446.0,30066
1706771100,1445.8,1457.75,1445.45,1456.2,75820
1706771400,1456.4,1459.7,1453.15,1455.75,48827
1706771700,1455.35,1455.8,1446.7,1449.4,85051
1706772000,1449.35,1455.65,1447.45,1452.05,27019
1706772300,1452.05,1452.05,1446.7,1446.95,47755
1706772600,1447.35,1448.0,1443.05,1447.3,112079
1706772900,1447.3,1448.45,1443.0,1443.75,24136
1706773200,1443.75,1447.3,1443.75,1446.3,19231
1706773500,1446.3,1452.0,1446.3,1448.65,25129
1706773800,1449.0,1451.0,1447.0,1449.9,21495
1706774100,1450.15,1450.8,1446.55,1447.3,20122
1706774400,1447.25,1447.5,1444.0,1446.15,19913
1706774700,1446.2,1447.0,1444.05,1445.45,78763
1706775000,1445.45,1446.9,1442.4,1443.15,32748
1706775300,1443.15,1443.45,1437.65,1440.0,39831
1706775600,1440.0,1440.0,1437.0,1438.35,18587
1706775900,1438.35,1440.0,1437.05,1437.7,24155
1706776200,1437.7,1439.05,1437.0,1437.95,11362
1706776500,1437.95,1439.25,1436.75,1438.5,22188
1706776800,1438.5,1439.0,1437.0,1437.15,15716
1706777100,1437.15,1437.75,1433.15,1434.9,42942
1706777400,1434.9,1436.15,1434.0,1435.25,13073
1706777700,1435.3,1435.85,1433.85,1434.9,14199
1706778000,1434.9,1435.0,1433.0,1434.35,12734
1706778300,1434.35,1434.55,1432.9,1433.6,13925
1706778600,1433.6,1435.0,1432.95,1434.7,14856
1706778900,1434.7,1436.15,1433.85,1434.95,17360
1706779200,1434.95,1436.3,1432.4,1434.9,21218
1706779500,1434.7,1435.0,1433.35,1434.95,16159
1706779800,1434.6,1435.8,1432.35,1433.6,51822
1706780100,1433.5,1434.55,1431.6,1432.55,41503
1706780400,1435.0,1435.0,1431.1,1431.4,42029
1706780700,1431.4,1432.65,1430.85,1431.95,30200
1706781000,1432.0,1432.0,1429.25,1431.8,34033
1706781300,1431.9,1434.0,1429.05,1433.9,16120
1706845500,1440.8,1456.0,1437.8,1445.4,38554
1706845800,1446.5,1449.8,1444.3,1444.9,22501
1706846100,1444.9,1453.9,1443.85,1453.9,26040
1706846400,1453.95,1455.4,1449.15,1452.6,25129
1706846700,1452.6,1454.8,1446.55,1447.3,16028
1706847000,1447.3,1450.75,1447.05,1448.5,13868
1706847300,1449.15,1449.75,1443.0,1443.0,8570
1706847600,1443.0,1446.9,1442.6,1445.05,13975
1706847900,1445.05,1448.75,1445.0,1446.55,4253
1706848200,1446.1,1446.55,1441.35,1441.35,8937
1706848500,1441.35,1442.95,1437.4,1438.8,12155
1706848800,1438.8,1440.0,1437.0,1438.0,9061
1706849100,1438.0,1442.55,1436.6,1440.45,16484
1706849400,1440.35,1446.2,1438.2,1445.0,15984
1706849700,1445.45,1447.7,1443.95,1447.35,11418
1706850000,1447.35,1450.6,1442.7,1446.0,46126
1706850300,1446.0,1447.65,1445.95,1446.25,7722
1706850600,1446.25,1447.85,1446.0,1446.45,8184
1706850900,1447.05,1448.0,1446.0,1446.35,4793
1706851200,1446.35,1447.4,1446.0,1446.75,6231
1706851500,1446.75,1448.5,1446.5,1448.35,10955
1706851800,1448.3,1448.3,1446.05,1446.3,4743
1706852100,1446.4,1451.2,1446.35,1450.5,31052
1706852400,1450.5,1452.65,1450.5,1452.0,94566
1706852700,1452.0,1454.8,1452.0,1452.8,14075
1706853000,1452.8,1452.95,1448.2,1449.45,97722
1706853300,1449.45,1452.0,1448.1,1449.9,28772
1706853600,1449.9,1450.9,1448.7,1449.0,14051
1706853900,1449.0,1452.0,1448.4,1450.1,15798
1706854200,1450.05,1451.4,1448.0,1448.55,58827
1706854500,1448.2,1450.65,1448.0,1449.8,55808
1706854800,1449.8,1450.0,1447.95,1449.5,15633
1706855100,1449.5,1449.5,1443.9,1445.95,19092
1706855400,1445.95,1447.9,1441.65,1442.15,50098
1706855700,1442.15,1445.75,1441.2,1443.1,27864
1706856000,1443.1,1443.1,1440.0,1440.1,18591
1706856300,1440.1,1442.15,1438.2,1439.0,7008
1706856600,1439.0,1442.2,1437.55,1440.4,25526
1706856900,1440.4,1440.85,1435.9,1436.6,16227
1706857200,1436.6,1436.95,1431.2,1432.15,16245
1706857500,1431.5,1433.4,1430.0,1432.4,11950
1706857800,1432.4,1435.0,1432.2,1433.3,8416
1706858100,1433.3,1435.0,1432.8,1433.65,7427
1706858400,1433.65,1435.0,1432.25,1434.3,19067
1706858700,1433.75,1435.1,1428.1,1429.1,23753
1706859000,1429.1,1432.6,1427.75,1431.7,16541
1706859300,1431.7,1431.9,1423.75,1424.6,26442
1706859600,1424.8,1425.0,1420.05,1422.15,10260
1706859900,1422.15,1424.3,1420.8,1422.05,22507
1706860200,1422.05,1424.2,1422.05,1422.85,14608
1706860500,1423.15,1424.8,1422.85,1424.05,7385
1706860800,1424.05,1425.9,1421.15,1425.0,3659
1706861100,1424.6,1425.9,1422.5,1422.5,18167
1706861400,1422.5,1424.7,1422.05,1424.0,2675
1706861700,1424.5,1424.5,1421.0,1421.0,11879
1706862000,1421.0,1422.5,1420.1,1421.5,2520
1706862300,1421.5,1423.4,1420.85,1422.15,13972
1706862600,1422.15,1423.25,1421.7,1422.35,1382
1706862900,1422.35,1423.95,1421.85,1422.05,13652
1706863200,1422.05,1426.25,1422.05,1426.2,2482
1706863500,1426.2,1426.7,1424.45,1426.05,13579
1706863800,1426.1,1428.45,1425.0,1427.6,6349
1706864100,1427.6,1430.7,1426.0,1430.0,10957
1706864400,1430.0,1434.55,1429.7,1434.35,42047
1706864700,1434.35,1435.6,1433.3,1433.35,34314
1706865000,1433.35,1434.75,1433.0,1433.75,12738
1706865300,1433.7,1435.05,1433.65,1435.05,15512
1706865600,1434.9,1435.5,1431.55,1433.85,109483
1706865900,1433.85,1434.0,1429.45,1432.2,26757
1706866200,1433.25,1435.0,1432.1,1433.65,32351
1706866500,1433.65,1435.55,1432.3,1435.0,33275
1706866800,1435.05,1436.3,1434.65,1436.05,134402
1706867100,1436.0,1438.25,1435.95,1436.55,78894
1706867400,1436.05,1437.0,1435.0,1436.5,41296
1706867700,1436.5,1437.9,1430.15,1437.9,47714
1707104700,1435.0,1460.0,1433.05,1441.95,18473
1707105000,1441.95,1441.95,1436.05,1436.8,9246
1707105300,1436.8,1440.0,1435.2,1440.0,10485
1707105600,1440.0,1441.1,1435.65,1435.65,4948
1707105900,1435.65,1438.95,1435.0,1438.85,4566
1707106200,1438.1,1440.5,1437.9,1438.25,4228
1707106500,1438.25,1440.9,1435.8,1439.3,4663
1707106800,1439.7,1443.3,1439.0,1439.0,8231
1707107100,1439.55,1441.15,1438.55,1439.65,8437
1707107400,1439.65,1443.0,1439.05,1440.65,3200
1707107700,1440.65,1442.0,1439.5,1439.5,3112
1707108000,1439.5,1441.2,1439.0,1440.55,4357
1707108300,1441.0,1441.0,1430.55,1431.6,10343
1707108600,1431.6,1432.45,1430.2,1431.95,3428
1707108900,1431.7,1431.95,1428.0,1429.65,9299
1707109200,1429.55,1429.55,1426.3,1429.0,8777
1707109500,1428.9,1428.95,1425.5,1425.85,6027
1707109800,1425.8,1429.35,1425.0,1429.05,4646
1707110100,1429.05,1429.1,1427.75,1428.7,3035
1707110400,1428.7,1429.0,1426.15,1428.0,5629
1707110700,1428.0,1429.15,1426.0,1426.5,2987
1707111000,1426.5,1427.35,1426.25,1426.7,2452
1707111300,1426.7,1427.75,1425.65,1426.75,3642
1707111600,1426.75,1427.55,1425.65,1427.3,2395
1707111900,1427.3,1428.0,1425.5,1425.75,2164
1707112200,1425.5,1427.4,1424.55,1426.95,4015
1707112500,1426.95,1428.0,1423.3,1428.0,7272
1707112800,1428.0,1428.5,1426.55,1427.95,3690
1707113100,1427.95,1430.5,1427.95,1430.25,4804
1707113400,1430.7,1431.0,1428.0,1428.8,3473
1707113700,1428.8,1428.8,1426.5,1428.25,2514
1707114000,1428.25,1429.05,1425.0,1425.75,5341
1707114300,1425.7,1428.5,1425.2,1426.9,12249
1707114600,1426.9,1426.9,1425.45,1425.95,1448
1707114900,1425.95,1426.0,1424.65,1425.0,3203
1707115200,1425.0,1428.0,1424.4,1427.65,3228
1707115500,1427.65,1428.5,1426.6,1426.9,2643
1707115800,1427.05,1427.8,1425.85,1426.05,5157
1707116100,1426.05,1426.4,1422.65,1423.0,6751
1707116400,1423.1,1424.45,1422.0,1422.05,4524
1707116700,1422.05,1423.2,1422.05,1422.7,3279
1707117000,1422.7,1423.45,1421.15,1423.1,4867
1707117300,1423.1,1425.85,1422.95,1425.35,29435
1707117600,1425.35,1426.8,1424.75,1426.05,8935
1707117900,1426.05,1430.0,1426.0,1429.9,28505
1707118200,1429.9,1431.05,1427.5,1427.55,4902
1707118500,1427.55,1430.45,1427.5,1429.65,4632
1707118800,1429.35,1429.65,1427.3,1427.3,1366
1707119100,1427.0,1427.7,1424.6,1424.6,3689
1707119400,1424.6,1426.25,1424.1,1424.4,4822
1707119700,1424.4,1424.55,1419.9,1420.5,14131
1707120000,1420.5,1425.35,1420.05,1425.35,12044
1707120300,1425.35,1429.9,1425.0,1427.75,26643
1707120600,1428.5,1430.45,1427.8,1428.8,16547
1707120900,1428.8,1428.8,1425.0,1426.05,8903
1707121200,1426.05,1427.0,1422.75,1423.95,4562
1707121500,1423.95,1424.4,1422.15,1422.45,2092
1707121800,1422.45,1422.55,1416.35,1417.65,12381
1707122100,1418.05,1420.15,1418.05,1418.95,4471
1707122400,1419.4,1421.0,1417.85,1420.25,6820
1707122700,1420.8,1421.1,1419.2,1419.8,3170
1707123000,1419.8,1419.8,1417.55,1418.05,3227
1707123300,1418.0,1418.0,1416.05,1417.15,3703
1707123600,1417.15,1420.5,1416.35,1417.1,16573
1707123900,1417.3,1420.9,1417.1,1420.4,27202
1707124200,1420.4,1421.3,1415.2,1416.35,72956
1707124500,1416.35,1418.15,1414.9,1417.3,26231
1707124800,1417.9,1420.4,1416.45,1417.85,68606
1707125100,1417.85,1417.95,1415.65,1416.95,37610
1707125400,1416.45,1420.0,1416.45,1418.85,64720
1707125700,1418.8,1420.7,1418.6,1420.7,27979
1707126000,1420.7,1420.7,1418.3,1419.55,59834
1707126300,1419.55,1420.35,1416.2,1420.25,62027
1707126600,1420.25,1423.7,1419.45,1420.85,96033
1707126900,1421.0,1421.75,1416.0,1419.25,18784
1707191100,1422.6,1422.6,1404.9,1415.15,86078
1707191400,1415.15,1430.1,1415.15,1422.95,48839
1707191700,1422.95,1425.1,1420.1,1422.3,44477
1707192000,1422.3,1426.05,1420.55,1425.95,21916
1707192300,1425.95,1431.95,1425.2,1427.9,24662
1707192600,1427.75,1430.0,1425.1,1425.15,24143
1707192900,1425.15,1430.6,1424.15,1427.8,41270
1707193200,1427.8,1430.95,1426.25,1428.2,30193
1707193500,1428.2,1428.2,1423.0,1426.9,11863
1707193800,1426.85,1427.75,1425.25,1425.9,9643
1707194100,1425.9,1426.45,1423.2,1425.7,9593
1707194400,1426.35,1427.2,1421.8,1422.15,17961
1707194700,1422.15,1426.45,1422.15,1425.25,13876
1707195000,1425.25,1428.0,1425.25,1427.4,5386
1707195300,1428.0,1431.55,1427.75,1429.5,12757
1707195600,1430.0,1435.0,1429.4,1432.45,19857
1707195900,1432.8,1434.5,1431.0,1434.05,10404
1707196200,1434.05,1436.4,1432.9,1435.0,15119
1707196500,1435.0,1437.55,1433.55,1435.05,14011
1707196800,1435.7,1435.8,1431.75,1433.75,8317
1707197100,1433.8,1437.95,1433.8,1437.4,11416
1707197400,1437.4,1437.4,1433.5,1435.05,8060
1707197700,1435.05,1438.0,1434.2,1437.9,9644
1707198000,1437.9,1439.0,1435.45,1436.45,11430
1707198300,1436.45,1439.45,1435.65,1437.35,9927
1707198600,1438.4,1439.45,1437.35,1439.0,7720
1707198900,1438.65,1439.0,1435.0,1437.95,14010
1707199200,1437.95,1441.5,1436.3,1439.75,20320
1707199500,1440.4,1440.4,1437.4,1437.5,9346
1707199800,1437.5,1438.1,1432.5,1433.6,9352
1707200100,1433.9,1436.1,1432.75,1435.4,5811
1707200400,1435.95,1438.15,1435.2,1435.8,7853
1707200700,1435.8,1436.5,1433.0,1434.65,5545
1707201000,1434.85,1434.85,1431.3,1433.7,9653
1707201300,1433.7,1435.85,1433.25,1434.65,7062
1707201600,1435.35,1436.4,1432.85,1433.4,7505
1707201900,1433.4,1434.7,1431.3,1432.35,4697
1707202200,1431.75,1436.25,1431.3,1434.6,18414
1707202500,1434.6,1438.9,1433.35,1436.15,7436
1707202800,1436.15,1440.0,1435.45,1437.0,10179
1707203100,1437.0,1437.05,1433.0,1433.35,7636
1707203400,1433.35,1435.85,1433.0,1434.4,4607
1707203700,1434.4,1435.9,1429.7,1431.55,8242
1707204000,1431.55,1435.45,1431.0,1434.2,8268
1707204300,1434.2,1435.4,1434.0,1435.3,3847
1707204600,1435.3,1436.4,1434.05,1435.45,4802
1707204900,1435.45,1435.95,1430.75,1432.7,7626
1707205200,1432.7,1435.7,1431.75,1435.7,7150
1707205500,1435.35,1435.95,1433.55,1434.95,5552
1707205800,1434.4,1436.8,1433.25,1433.5,22355
1707206100,1433.25,1435.9,1432.8,1434.1,18949
1707206400,1434.1,1435.45,1433.1,1434.05,6968
1707206700,1434.05,1439.25,1429.05,1433.15,51720
1707207000,1433.8,1436.0,1430.65,1435.2,4727
1707207300,1435.2,1436.45,1434.0,1434.8,4628
1707207600,1434.8,1438.1,1434.05,1434.8,11560
1707207900,1434.8,1437.9,1434.25,1437.55,3479
1707208200,1437.55,1440.65,1437.55,1439.7,7206
1707208500,1439.7,1440.9,1438.4,1440.65,4921
1707208800,1440.65,1441.5,1439.4,1441.4,8550
1707209100,1441.4,1443.25,1440.1,1441.85,7271
1707209400,1441.85,1441.85,1440.15,1440.35,6169
1707209700,1441.1,1443.0,1440.5,1442.85,3794
1707210000,1443.0,1446.4,1442.85,1445.75,31224
1707210300,1445.85,1447.9,1444.8,1447.25,25118
1707210600,1447.35,1453.0,1446.6,1453.0,28115
1707210900,1452.9,1454.0,1450.95,1453.4,20403
1707211200,1453.4,1461.8,1452.2,1458.85,53211
1707211500,1458.95,1462.0,1457.1,1461.8,36867
1707211800,1461.95,1465.0,1459.8,1463.75,91423
1707212100,1463.3,1464.7,1460.15,1462.0,76063
1707212400,1461.95,1465.05,1461.7,1462.05,83179
1707212700,1462.55,1467.6,1461.65,1466.6,82425
1707213000,1466.6,1467.5,1464.45,1466.5,66992
1707213300,1466.5,1469.95,1465.0,1469.0,34581
1707277500,1472.6,1483.25,1461.85,1481.7,68595
1707277800,1481.7,1490.2,1480.0,1485.6,52188
1707278100,1485.45,1492.0,1483.6,1490.85,43986
1707278400,1490.8,1493.0,1483.45,1485.85,34772
1707278700,1485.85,1488.5,1483.3,1486.0,18938
1707279000,1486.0,1488.05,1483.3,1483.3,15250
1707279300,1483.95,1483.95,1480.0,1482.85,11639
1707279600,1482.25,1483.95,1481.2,1483.2,7604
1707279900,1483.15,1484.4,1482.0,1482.75,5456
1707280200,1482.75,1487.55,1481.3,1483.25,16665
1707280500,1483.25,1484.6,1481.05,1483.65,10628
1707280800,1483.05,1488.5,1482.65,1484.0,12193
1707281100,1484.0,1484.55,1481.75,1483.3,5742
1707281400,1483.3,1484.0,1481.0,1481.0,7566
1707281700,1481.0,1482.05,1478.05,1481.9,11256
1707282000,1481.9,1483.5,1478.3,1482.0,8981
1707282300,1482.0,1482.05,1477.5,1478.4,3517
1707282600,1478.5,1478.9,1477.1,1477.5,3777
1707282900,1477.5,1479.2,1477.1,1479.0,3408
1707283200,1479.0,1479.0,1477.5,1478.4,3166
1707283500,1478.4,1479.0,1475.2,1475.65,4753
1707283800,1475.3,1475.75,1472.05,1473.25,7680
1707284100,1473.25,1473.45,1468.15,1470.3,12397
1707284400,1470.3,1471.05,1468.25,1469.25,3064
1707284700,1469.25,1469.25,1465.7,1466.95,5560
1707285000,1466.95,1466.95,1463.95,1466.55,8158
1707285300,1466.55,1466.55,1462.95,1463.8,3575
1707285600,1463.8,1465.9,1460.9,1460.9,7461
1707285900,1460.9,1461.25,1455.15,1456.7,16789
1707286200,1456.7,1459.0,1455.15,1457.7,7430
1707286500,1457.7,1461.95,1457.7,1460.7,8290
1707286800,1460.35,1462.0,1458.4,1461.1,8867
1707287100,1462.4,1464.95,1460.1,1462.4,13307
1707287400,1462.0,1464.3,1461.7,1462.15,3774
1707287700,1462.0,1463.95,1461.1,1462.8,2306
1707288000,1462.95,1463.9,1456.0,1456.5,7843
1707288300,1456.5,1459.25,1456.05,1458.0,3462
1707288600,1458.0,1458.0,1454.05,1454.75,6117
1707288900,1454.75,1459.5,1454.05,1458.4,7060
1707289200,1458.4,1459.15,1457.15,1457.6,1988
1707289500,1457.6,1459.95,1457.15,1458.25,4580
1707289800,1458.25,1458.25,1455.2,1455.25,3224
1707290100,1455.25,1457.05,1454.0,1455.6,2250
1707290400,1455.35,1456.85,1453.65,1454.45,2747
1707290700,1454.45,1457.45,1453.8,1456.25,3119
1707291000,1456.25,1456.95,1455.0,1455.6,2697
1707291300,1455.15,1457.2,1455.15,1456.3,1649
1707291600,1456.3,1456.9,1455.7,1456.8,2790
1707291900,1456.8,1457.3,1456.05,1456.7,1552
1707292200,1456.05,1456.7,1453.8,1455.55,3077
1707292500,1455.0,1459.0,1454.8,1459.0,3248
1707292800,1458.5,1459.9,1458.1,1458.7,3727
1707293100,1459.0,1462.0,1458.6,1461.9,3711
1707293400,1461.2,1465.0,1461.2,1463.5,7099
1707293700,1463.45,1464.5,1461.9,1463.75,2696
1707294000,1463.75,1467.3,1463.7,1466.8,11316
1707294300,1466.55,1467.5,1465.9,1466.95,3958
1707294600,1466.95,1466.95,1466.0,1466.85,4582
1707294900,1466.75,1468.3,1466.35,1467.0,3500
1707295200,1466.9,1472.0,1466.55,1471.85,9791
1707295500,1471.85,1472.75,1470.6,1471.9,10284
1707295800,1472.2,1473.5,1470.25,1472.45,8829
1707296100,1472.45,1473.5,1471.1,1472.9,6566
1707296400,1472.9,1473.05,1470.7,1471.65,3057
1707296700,1470.85,1472.0,1467.55,1467.7,7050
1707297000,1467.65,1471.0,1467.4,1469.3,2573
1707297300,1469.3,1469.5,1465.7,1466.0,4837
1707297600,1466.0,1467.5,1466.0,1467.3,2907
1707297900,1467.3,1467.3,1465.55,1466.05,5083
1707298200,1466.05,1467.95,1465.7,1467.75,5988
1707298500,1467.8,1469.05,1465.05,1466.3,6404
1707298800,1466.25,1469.35,1465.95,1468.9,9313
1707299100,1468.9,1470.7,1467.45,1468.95,18073
1707299400,1468.95,1473.35,1467.25,1472.45,22479
1707299700,1472.95,1476.5,1471.5,1476.5,10376
1707363900,1481.9,1485.3,1473.5,1479.2,40723
1707364200,1479.7,1481.9,1476.35,1476.7,16737
1707364500,1476.7,1484.8,1475.5,1482.95,19239
1707364800,1481.7,1484.4,1479.95,1483.7,17030
1707365100,1483.25,1484.9,1480.0,1480.95,15352
1707365400,1480.95,1484.0,1479.3,1481.3,10182
1707365700,1481.3,1481.75,1478.4,1479.5,10166
1707366000,1479.55,1480.2,1478.1,1479.35,8129
1707366300,1479.35,1484.7,1479.1,1483.6,8167
1707366600,1483.6,1488.7,1482.1,1486.0,22715
1707366900,1486.05,1486.85,1478.15,1481.0,18858
1707367200,1480.95,1481.0,1477.1,1478.25,26786
1707367500,1478.5,1479.75,1471.6,1478.3,43927
1707367800,1478.4,1484.25,1477.4,1483.2,16052
1707368100,1483.2,1489.9,1483.1,1488.8,14691
1707368400,1489.15,1490.7,1485.5,1490.7,19607
1707368700,1490.7,1492.1,1486.0,1486.4,20820
1707369000,1486.4,1489.75,1480.9,1483.25,22356
1707369300,1483.1,1484.4,1481.55,1483.95,19531
1707369600,1483.95,1485.65,1481.45,1482.65,13460
1707369900,1482.65,1484.6,1476.2,1477.55,25373
1707370200,1477.55,1478.0,1467.4,1468.9,45770
1707370500,1468.85,1470.95,1464.05,1465.55,46917
1707370800,1465.55,1469.4,1463.65,1467.95,30116
1707371100,1467.0,1469.2,1465.15,1466.3,17421
1707371400,1466.3,1467.7,1462.85,1464.6,23484
1707371700,1464.6,1471.45,1464.6,1469.6,15550
1707372000,1469.6,1470.8,1463.2,1464.2,17870
1707372300,1465.1,1469.55,1462.95,1467.15,22933
1707372600,1467.15,1473.1,1465.6,1471.8,31465
1707372900,1471.75,1473.95,1471.35,1471.95,11449
1707373200,1471.95,1476.65,1470.15,1475.0,10631
1707373500,1475.0,1478.35,1474.2,1478.2,11732
1707373800,1478.2,1479.35,1474.6,1475.45,14457
1707374100,1475.45,1476.0,1470.8,1472.2,15214
1707374400,1472.2,1477.65,1471.75,1475.1,11892
1707374700,1475.1,1476.9,1472.2,1474.4,12415
1707375000,1474.4,1475.75,1471.1,1475.0,18562
1707375300,1475.3,1476.9,1473.05,1474.5,16831
1707375600,1474.1,1474.7,1471.1,1474.55,32443
1707375900,1474.8,1477.9,1472.85,1475.6,17982
1707376200,1475.6,1477.3,1473.75,1475.35,8753
1707376500,1475.35,1476.35,1473.75,1475.4,10299
1707376800,1475.4,1478.85,1473.25,1478.5,18465
1707377100,1478.5,1479.95,1477.05,1479.8,11535
1707377400,1479.8,1481.0,1476.0,1479.5,13163
1707377700,1479.5,1480.65,1478.45,1479.6,8424
1707378000,1479.6,1481.05,1478.3,1479.8,16580
1707378300,1479.8,1480.95,1477.25,1477.25,16360
1707378600,1477.25,1480.0,1475.45,1476.2,20606
1707378900,1476.2,1480.3,1475.95,1479.45,17571
1707379200,1479.45,1479.95,1477.0,1478.05,10507
1707379500,1478.05,1478.55,1475.6,1477.85,8287
1707379800,1477.85,1478.1,1472.7,1474.3,20356
1707380100,1474.3,1475.35,1470.3,1471.6,11725
1707380400,1470.45,1472.3,1468.0,1470.5,17530
1707380700,1470.5,1471.0,1467.4,1469.7,16651
1707381000,1469.7,1470.0,1465.1,1466.35,27299
1707381300,1466.35,1468.0,1464.35,1467.75,23675
1707381600,1467.75,1472.0,1467.0,1470.95,13991
1707381900,1470.95,1472.25,1468.55,1470.75,13639
1707382200,1470.95,1475.0,1468.8,1473.6,15722
1707382500,1474.2,1476.2,1470.1,1470.55,18311
1707382800,1470.55,1473.35,1468.8,1472.4,13900
1707383100,1472.4,1472.75,1468.45,1469.5,16520
1707383400,1468.9,1469.65,1467.0,1468.6,19117
1707383700,1468.6,1470.7,1467.85,1468.55,23982
1707384000,1469.2,1470.75,1465.2,1465.2,28388
1707384300,1465.2,1466.4,1459.0,1460.95,42047
1707384600,1460.55,1464.0,1458.15,1461.55,53883
1707384900,1461.55,1463.9,1457.35,1457.7,73494
1707385200,1458.15,1459.3,1455.15,1456.25,73137
1707385500,1456.3,1459.8,1456.0,1458.6,65697
1707385800,1458.6,1458.7,1456.35,1457.75,45559
1707386100,1457.75,1460.65,1456.5,1457.3,48642
1707450300,1468.0,1468.0,1443.2,1447.8,26780
1707450600,1447.8,1451.0,1443.45,1447.1,11657
1707450900,1447.1,1450.9,1445.8,1447.3,4585
1707451200,1447.3,1450.75,1447.05,1449.65,5250
1707451500,1450.35,1452.35,1449.1,1451.0,8093
1707451800,1451.0,1453.85,1449.0,1450.9,12066
1707452100,1451.0,1451.0,1446.1,1447.7,5589
1707452400,1447.7,1449.45,1445.0,1446.5,8165
1707452700,1446.5,1448.5,1445.7,1445.75,5630
1707453000,1445.85,1447.6,1443.4,1447.1,5997
1707453300,1447.1,1449.45,1446.1,1448.35,4260
1707453600,1448.35,1452.15,1447.65,1448.7,9591
1707453900,1448.7,1448.7,1444.35,1446.7,7966
1707454200,1447.65,1449.35,1445.95,1449.0,4420
1707454500,1449.0,1451.25,1446.6,1448.0,14492
1707454800,1448.45,1450.05,1446.1,1447.7,7966
1707455100,1448.35,1451.1,1447.0,1450.55,5746
1707455400,1450.55,1455.0,1449.2,1450.05,14558
1707455700,1450.05,1452.9,1449.5,1450.1,2381
1707456000,1450.1,1452.9,1450.1,1452.9,4176
1707456300,1452.9,1455.7,1450.65,1453.75,8254
1707456600,1453.75,1454.65,1449.1,1449.1,2762
1707456900,1449.45,1449.45,1436.5,1440.15,17481
1707457200,1440.15,1450.75,1440.15,1447.9,7530
1707457500,1447.9,1450.45,1446.4,1447.8,4452
1707457800,1447.8,1448.0,1444.55,1445.95,3603
1707458100,1445.95,1449.05,1444.65,1447.0,3456
1707458400,1447.6,1448.05,1443.3,1447.7,5868
1707458700,1447.7,1454.85,1447.2,1453.75,6896
1707459000,1453.75,1457.4,1452.5,1456.3,6834
1707459300,1456.3,1457.95,1455.65,1457.45,3456
1707459600,1457.45,1458.45,1455.0,1457.6,2769
1707459900,1458.4,1459.95,1457.85,1458.05,2842
1707460200,1458.8,1460.95,1457.25,1457.95,4018
1707460500,1458.45,1460.5,1457.9,1459.4,1397
1707460800,1459.4,1460.35,1457.2,1458.25,2541
1707461100,1458.3,1458.3,1454.6,1455.45,2419
1707461400,1455.4,1456.4,1454.15,1455.8,6070
1707461700,1455.85,1458.0,1454.3,1457.65,3637
1707462000,1457.65,1458.95,1456.95,1457.3,5409
1707462300,1457.95,1460.3,1457.25,1460.25,1013
1707462600,1460.25,1464.85,1460.05,1464.15,7095
1707462900,1464.4,1464.9,1462.15,1462.4,3383
1707463200,1462.9,1465.5,1461.85,1464.45,4391
1707463500,1464.45,1465.3,1462.7,1463.15,2837
1707463800,1463.15,1464.7,1457.45,1457.45,10747
1707464100,1457.45,1459.95,1457.4,1458.4,3198
1707464400,1458.95,1460.55,1457.8,1458.65,1860
1707464700,1458.65,1459.25,1455.35,1455.4,6592
1707465000,1456.0,1458.9,1450.45,1450.9,17996
1707465300,1452.1,1454.1,1450.25,1452.0,6146
1707465600,1452.0,1454.55,1450.55,1451.35,7155
1707465900,1451.35,1451.4,1447.85,1449.2,11837
1707466200,1449.2,1452.15,1449.2,1449.8,5023
1707466500,1449.8,1452.1,1448.35,1451.15,2288
1707466800,1451.15,1452.05,1447.3,1448.2,5151
1707467100,1448.2,1451.4,1447.55,1451.05,3533
1707467400,1451.05,1451.05,1445.8,1446.2,28527
1707467700,1446.2,1447.15,1444.8,1444.9,4968
1707468000,1444.9,1447.95,1444.8,1446.75,5464
1707468300,1446.85,1448.2,1446.0,1447.5,1642
1707468600,1447.6,1448.6,1446.35,1447.25,4791
1707468900,1447.25,1448.45,1442.0,1442.0,11764
1707469200,1442.0,1443.35,1440.35,1443.0,2494
1707469500,1443.0,1443.1,1441.2,1441.55,2950
1707469800,1441.55,1442.45,1439.35,1439.4,7997
1707470100,1439.4,1443.95,1439.4,1441.55,10314
1707470400,1441.55,1442.85,1441.55,1441.9,4184
1707470700,1441.9,1442.4,1438.9,1439.25,13473
1707471000,1439.25,1441.9,1438.0,1438.8,13876
1707471300,1438.8,1440.8,1437.35,1438.0,57629
1707471600,1438.15,1443.15,1437.9,1443.15,28392
1707471900,1443.15,1443.2,1441.8,1442.7,10289
1707472200,1442.75,1443.0,1440.75,1443.0,8633
1707472500,1443.0,1444.05,1441.7,1442.0,7746
1707709500,1442.45,1448.0,1434.5,1436.75,15509
1707709800,1436.75,1445.95,1436.55,1443.3,17953
1707710100,1442.25,1446.15,1442.15,1446.15,6433
1707710400,1446.15,1447.9,1445.1,1446.75,8987
1707710700,1447.4,1452.0,1445.5,1445.5,8326
1707711000,1445.5,1447.55,1442.0,1442.45,4380
1707711300,1442.0,1443.9,1442.0,1443.45,2099
1707711600,1443.45,1443.95,1440.25,1441.3,4411
1707711900,1441.3,1443.25,1438.2,1442.1,3680
1707712200,1442.5,1443.35,1439.1,1439.9,5492
1707712500,1439.85,1441.7,1437.05,1438.6,3444
1707712800,1438.55,1439.7,1437.05,1439.45,6550
1707713100,1439.0,1442.2,1438.3,1440.45,2932
1707713400,1440.45,1441.65,1434.05,1434.75,4154
1707713700,1434.75,1436.8,1432.75,1436.1,7646
1707714000,1436.5,1438.8,1436.0,1437.0,1763
1707714300,1437.3,1439.0,1435.45,1437.1,1953
1707714600,1437.15,1440.6,1434.45,1439.8,6547
1707714900,1440.3,1440.3,1437.75,1439.15,831
1707715200,1439.0,1439.15,1436.1,1436.4,1045
1707715500,1436.55,1440.0,1436.0,1439.3,4019
1707715800,1439.3,1439.5,1437.0,1437.65,1252
1707716100,1437.4,1437.65,1436.1,1436.4,2456
1707716400,1436.4,1443.05,1436.4,1442.8,3777
1707716700,1442.8,1444.85,1441.75,1444.1,3267
1707717000,1444.1,1444.1,1440.0,1441.7,2245
1707717300,1441.75,1442.4,1440.0,1440.5,2271
1707717600,1441.0,1441.05,1437.15,1438.25,4160
1707717900,1438.45,1440.45,1437.45,1438.4,984
1707718200,1438.4,1440.8,1434.55,1434.55,12838
1707718500,1434.55,1435.3,1427.1,1427.2,60433
1707718800,1427.9,1429.4,1427.0,1429.4,5114
1707719100,1429.4,1429.4,1426.55,1428.2,3449
1707719400,1428.2,1429.95,1427.45,1427.45,595
1707719700,1427.45,1429.05,1426.75,1427.5,1629
1707720000,1427.5,1427.95,1426.6,1427.35,650
1707720300,1427.35,1429.25,1426.8,1428.3,1396
1707720600,1428.3,1429.15,1427.05,1428.65,2993
1707720900,1428.65,1429.15,1427.4,1427.8,987
1707721200,1427.9,1430.25,1427.8,1429.0,7033
1707721500,1429.0,1430.5,1428.3,1429.4,3138
1707721800,1429.4,1429.75,1428.0,1428.5,734
1707722100,1429.7,1429.7,1427.1,1429.45,2113
1707722400,1429.45,1430.15,1427.8,1429.3,3221
1707722700,1429.3,1430.45,1428.0,1429.7,14740
1707723000,1429.7,1429.7,1425.0,1425.4,5945
1707723300,1425.4,1425.9,1423.65,1424.7,5951
1707723600,1424.7,1425.4,1423.25,1425.35,1127
1707723900,1425.35,1429.85,1424.25,1428.65,10789
1707724200,1428.65,1429.4,1428.2,1428.75,1836
1707724500,1428.95,1429.8,1428.1,1428.6,1132
1707724800,1428.6,1430.0,1428.55,1428.95,2396
1707725100,1428.95,1431.5,1428.9,1429.4,6198
1707725400,1429.4,1430.6,1428.55,1428.8,1544
1707725700,1428.8,1429.2,1427.3,1428.95,2504
1707726000,1428.95,1429.0,1427.4,1427.75,1042
1707726300,1427.75,1430.0,1427.15,1429.9,5492
1707726600,1429.9,1430.0,1428.65,1429.85,1132
1707726900,1429.85,1430.0,1427.2,1428.6,2995
1707727200,1428.6,1429.65,1427.75,1429.2,1028
1707727500,1429.2,1430.0,1427.75,1428.3,1406
1707727800,1428.3,1429.65,1426.9,1427.9,1558
1707728100,1427.9,1429.4,1427.05,1428.55,1382
1707728400,1428.85,1429.9,1428.0,1429.4,1406
1707728700,1429.4,1429.9,1426.8,1427.75,2137
1707729000,1427.75,1430.0,1427.4,1429.9,12394
1707729300,1429.85,1437.05,1429.8,1436.4,7735
1707729600,1436.4,1441.0,1436.1,1436.5,10192
1707729900,1436.5,1437.85,1433.2,1433.6,5449
1707730200,1433.6,1440.7,1433.55,1439.5,13637
1707730500,1439.5,1440.95,1439.1,1439.45,11574
1707730800,1439.5,1439.95,1436.9,1437.25,14010
1707731100,1437.25,1437.55,1431.95,1433.15,47711
1707731400,1433.0,1435.65,1430.0,1432.6,16892
1707731700,1432.6,1439.6,1431.55,1437.0,57084
1707795900,1436.0,1440.7,1428.2,1433.2,14416
1707796200,1432.6,1443.95,1431.55,1442.0,29385
1707796500,1442.95,1444.25,1432.3,1433.75,22115
1707796800,1434.25,1442.5,1433.4,1437.9,25165
1707797100,1438.3,1449.6,1437.4,1446.05,63213
1707797400,1446.05,1449.7,1442.0,1448.0,21235
1707797700,1448.3,1449.8,1442.6,1446.05,7973
1707798000,1446.05,1447.65,1443.2,1443.2,9808
1707798300,1443.2,1444.95,1441.25,1441.25,8976
1707798600,1442.0,1444.4,1437.45,1443.65,6014
1707798900,1443.65,1449.85,1440.15,1448.1,18250
1707799200,1447.45,1454.9,1447.45,1451.3,35205
1707799500,1451.3,1454.0,1448.95,1454.0,9009
1707799800,1453.35,1456.65,1451.1,1455.55,18986
1707800100,1455.7,1456.55,1448.15,1449.55,19475
1707800400,1449.25,1452.45,1447.25,1452.0,7696
1707800700,1452.0,1454.1,1449.5,1451.45,6712
1707801000,1451.45,1455.95,1448.9,1453.45,11727
1707801300,1453.45,1454.9,1452.05,1454.8,5630
1707801600,1454.8,1454.85,1451.2,1451.75,6356
1707801900,1451.75,1453.0,1449.45,1452.15,6276
1707802200,1452.15,1453.0,1447.55,1447.55,5269
1707802500,1447.85,1451.0,1444.05,1450.65,11667
1707802800,1450.65,1451.7,1448.2,1449.85,4728
1707803100,1449.85,1454.5,1449.1,1454.4,7295
1707803400,1454.4,1455.0,1451.9,1453.65,5464
1707803700,1453.65,1455.5,1452.0,1453.4,6099
1707804000,1453.4,1456.6,1453.25,1456.5,9689
1707804300,1456.5,1459.6,1456.35,1458.5,14801
1707804600,1458.5,1461.5,1457.1,1461.45,21992
1707804900,1461.45,1461.45,1456.6,1459.35,10232
1707805200,1459.35,1459.55,1455.15,1457.25,9617
1707805500,1457.25,1459.0,1456.45,1458.65,6866
1707805800,1458.65,1459.8,1456.8,1458.45,16830
1707806100,1458.45,1460.6,1457.5,1459.6,10188
1707806400,1459.6,1462.0,1458.0,1461.95,14980
1707806700,1461.95,1464.9,1460.85,1462.25,29298
1707807000,1462.25,1462.55,1459.0,1460.85,14507
1707807300,1460.95,1462.55,1460.0,1461.5,12408
1707807600,1461.5,1463.95,1460.2,1463.65,16052
1707807900,1463.65,1463.65,1460.35,1460.9,9928
1707808200,1460.9,1462.95,1459.55,1462.05,7891
1707808500,1461.15,1462.95,1459.5,1460.5,5216
1707808800,1460.5,1461.0,1457.65,1458.8,6353
1707809100,1458.9,1465.5,1457.7,1464.5,10065
1707809400,1464.5,1468.55,1464.5,1466.2,19768
1707809700,1466.2,1468.45,1464.75,1467.55,13389
1707810000,1467.9,1468.3,1462.7,1465.75,22102
1707810300,1465.75,1467.45,1464.15,1466.55,5188
1707810600,1467.15,1470.85,1466.25,1470.0,11526
1707810900,1469.95,1475.85,1467.7,1475.0,28593
1707811200,1475.0,1475.0,1471.65,1474.2,11394
1707811500,1474.2,1474.2,1467.1,1467.7,12990
1707811800,1467.7,1469.25,1464.9,1469.05,11868
1707812100,1469.05,1470.05,1467.15,1469.9,10862
1707812400,1469.9,1470.8,1467.0,1467.3,6895
1707812700,1467.3,1468.7,1466.0,1466.2,6501
1707813000,1466.2,1468.85,1465.9,1468.2,5081
1707813300,1468.2,1469.9,1463.9,1466.0,14288
1707813600,1466.0,1468.5,1463.75,1468.0,8439
1707813900,1468.3,1469.8,1467.35,1468.5,5742
1707814200,1468.5,1470.65,1467.65,1469.75,14076
1707814500,1469.75,1470.0,1467.05,1467.95,8373
1707814800,1467.95,1469.45,1467.0,1468.45,10908
1707815100,1468.45,1470.0,1466.4,1466.5,11824
1707815400,1466.5,1470.0,1466.2,1468.45,13758
1707815700,1468.45,1469.9,1467.95,1469.0,4249
1707816000,1469.0,1474.9,1468.9,1473.25,27248
1707816300,1473.95,1474.9,1470.0,1471.95,17603
1707816600,1471.95,1473.0,1470.15,1472.0,47604
1707816900,1472.5,1473.05,1466.0,1468.4,130843
1707817200,1468.4,1470.0,1467.0,1468.05,63095
1707817500,1468.05,1469.0,1464.95,1466.0,100954
1707817800,1466.45,1468.6,1464.55,1465.15,63055
1707818100,1465.2,1469.75,1461.5,1461.55,59062
1707882300,1460.0,1463.25,1452.85,1461.05,17369
1707882600,1461.05,1464.0,1458.35,1461.1,16299
1707882900,1461.1,1463.15,1461.0,1462.25,6167
1707883200,1461.65,1462.0,1454.25,1455.25,14491
1707883500,1455.5,1461.45,1455.0,1459.5,3995
1707883800,1459.5,1459.5,1454.0,1454.0,3109
1707884100,1454.0,1454.3,1450.85,1451.7,6225
1707884400,1450.75,1455.45,1450.75,1453.95,3676
1707884700,1453.95,1453.95,1450.1,1451.35,4464
1707885000,1451.35,1452.25,1449.0,1451.95,8690
1707885300,1451.95,1458.0,1451.6,1457.95,11491
1707885600,1457.3,1461.7,1456.05,1457.1,11697
1707885900,1457.1,1458.9,1455.25,1458.5,2346
1707886200,1458.5,1460.9,1457.0,1459.0,3488
1707886500,1459.0,1459.55,1456.4,1456.4,1723
1707886800,1456.4,1458.15,1453.1,1453.4,6943
1707887100,1453.4,1453.4,1450.25,1451.95,8666
1707887400,1451.95,1452.35,1450.05,1450.65,2171
1707887700,1450.05,1451.4,1450.05,1451.0,3821
1707888000,1450.5,1451.2,1447.2,1447.2,7270
1707888300,1447.15,1450.0,1447.05,1449.9,3051
1707888600,1449.9,1451.5,1448.65,1450.15,5479
1707888900,1450.15,1450.3,1445.5,1445.65,3615
1707889200,1446.5,1447.25,1442.6,1445.3,6770
1707889500,1445.3,1445.35,1442.35,1443.35,4525
1707889800,1442.5,1447.2,1442.5,1446.85,3666
1707890100,1446.85,1447.0,1445.0,1445.55,1311
1707890400,1445.55,1446.75,1443.55,1444.9,3950
1707890700,1444.9,1445.0,1443.5,1444.2,2488
1707891000,1444.2,1444.8,1443.5,1444.7,2321
1707891300,1444.7,1444.7,1443.5,1444.55,1717
1707891600,1444.1,1446.6,1443.65,1445.85,5865
1707891900,1445.85,1446.65,1443.75,1445.35,2084
1707892200,1445.35,1445.35,1442.5,1443.5,2994
1707892500,1443.75,1446.15,1443.15,1446.0,1816
1707892800,1446.0,1446.2,1444.1,1445.4,3308
1707893100,1445.55,1448.75,1445.1,1448.75,4382
1707893400,1448.75,1448.75,1447.0,1447.0,3603
1707893700,1447.0,1447.5,1445.0,1445.5,7308
1707894000,1445.5,1447.85,1445.0,1447.25,8875
1707894300,1447.25,1448.15,1446.0,1446.5,3515
1707894600,1446.5,1446.7,1445.0,1445.8,2169
1707894900,1445.8,1446.55,1445.0,1446.0,6847
1707895200,1445.25,1446.85,1445.25,1446.35,2840
1707895500,1446.35,1446.85,1445.2,1446.85,5224
1707895800,1446.65,1448.0,1446.25,1447.85,11993
1707896100,1447.85,1447.85,1447.0,1447.65,2531
1707896400,1447.65,1449.0,1447.4,1447.95,7594
1707896700,1447.4,1447.95,1445.05,1445.1,2773
1707897000,1445.1,1446.65,1444.45,1445.5,4185
1707897300,1445.5,1445.5,1442.55,1443.05,3869
1707897600,1443.05,1443.75,1440.4,1441.35,8018
1707897900,1441.35,1441.7,1440.0,1440.85,3776
1707898200,1440.85,1441.8,1440.0,1440.5,2918
1707898500,1440.3,1443.35,1440.0,1443.3,5586
1707898800,1443.0,1443.15,1439.05,1440.55,12853
1707899100,1440.55,1441.5,1439.1,1440.8,6508
1707899400,1440.8,1442.8,1440.25,1440.45,8187
1707899700,1440.45,1442.0,1440.0,1442.0,4449
1707900000,1442.0,1444.25,1441.75,1443.65,5928
1707900300,1443.65,1445.35,1442.55,1443.1,8745
1707900600,1443.1,1446.15,1442.45,1445.9,4437
1707900900,1445.8,1446.05,1443.65,1445.4,4527
1707901200,1445.35,1447.4,1443.1,1445.7,10476
1707901500,1445.7,1447.8,1444.45,1446.15,3781
1707901800,1446.15,1446.7,1444.4,1446.3,8005
1707902100,1446.3,1447.0,1444.45,1446.7,10272
1707902400,1446.7,1448.2,1446.3,1446.6,8158
1707902700,1446.6,1448.6,1446.3,1448.25,10820
1707903000,1448.25,1456.45,1448.25,1454.45,29955
1707903300,1454.45,1455.95,1451.2,1452.8,8974
1707903600,1452.8,1453.65,1450.25,1451.2,10186
1707903900,1451.2,1456.45,1450.95,1455.95,22403
1707904200,1455.95,1459.0,1455.1,1457.0,18935
1707904500,1456.05,1458.0,1453.15,1458.0,9860
1707968700,1464.0,1464.35,1453.25,1453.95,17645
1707969000,1453.95,1455.0,1451.05,1453.45,7637
1707969300,1453.45,1453.8,1450.05,1453.4,4210
1707969600,1453.4,1455.0,1451.15,1453.05,8989
1707969900,1452.75,1452.9,1448.0,1448.75,5764
1707970200,1448.75,1450.0,1448.0,1449.75,5039
1707970500,1450.0,1453.55,1448.0,1452.0,9618
1707970800,1452.0,1454.65,1451.2,1452.55,4320
1707971100,1452.3,1452.3,1447.7,1449.6,6420
1707971400,1448.75,1451.6,1447.65,1449.85,2255
1707971700,1449.85,1451.85,1447.15,1448.25,4539
1707972000,1448.25,1451.65,1446.7,1448.9,6540
1707972300,1450.1,1452.85,1449.15,1451.2,4479
1707972600,1451.2,1451.9,1450.1,1451.0,3774
1707972900,1450.7,1451.0,1448.0,1448.5,3870
1707973200,1448.5,1452.5,1448.0,1449.1,1946
1707973500,1449.85,1453.0,1448.4,1450.55,5991
1707973800,1450.55,1452.4,1449.4,1452.4,4473
1707974100,1452.4,1452.45,1449.5,1450.95,3160
1707974400,1450.95,1452.0,1449.0,1450.0,1506
1707974700,1450.0,1450.4,1446.2,1447.5,2235
1707975000,1447.5,1449.5,1446.9,1447.4,4602
1707975300,1447.6,1449.8,1446.9,1447.95,3984
1707975600,1447.95,1448.7,1446.95,1447.25,4202
1707975900,1447.25,1448.7,1446.75,1448.35,1596
1707976200,1448.35,1449.8,1447.6,1449.8,2728
1707976500,1449.8,1450.2,1448.1,1449.5,1387
1707976800,1449.5,1450.2,1448.95,1450.2,2576
1707977100,1450.15,1451.5,1450.1,1451.05,1618
1707977400,1451.0,1451.45,1446.05,1447.8,18296
1707977700,1447.8,1450.0,1447.0,1448.8,11973
1707978000,1449.45,1449.85,1446.2,1449.75,14651
1707978300,1449.75,1450.0,1447.2,1448.7,6118
1707978600,1448.7,1448.7,1445.65,1446.5,9944
1707978900,1446.5,1447.5,1446.0,1446.95,3467
1707979200,1446.9,1448.0,1446.25,1447.8,5185
1707979500,1447.05,1448.5,1446.1,1446.55,5817
1707979800,1446.3,1449.4,1445.8,1448.3,6148
1707980100,1449.4,1450.55,1447.2,1449.2,8490
1707980400,1448.6,1449.25,1444.7,1446.2,5160
1707980700,1446.2,1447.6,1445.35,1447.4,1960
1707981000,1447.4,1447.95,1445.05,1447.9,2980
1707981300,1447.9,1449.1,1445.75,1449.1,5449
1707981600,1449.1,1450.0,1448.5,1449.85,2307
1707981900,1449.85,1450.0,1449.0,1449.95,1641
1707982200,1449.95,1449.95,1448.45,1448.45,1398
1707982500,1448.45,1449.0,1446.15,1447.05,2729
1707982800,1447.0,1447.5,1446.15,1446.55,1352
1707983100,1446.95,1447.4,1444.95,1444.95,5589
1707983400,1444.95,1449.15,1443.65,1447.85,25534
1707983700,1447.85,1449.05,1444.9,1448.45,12546
1707984000,1448.45,1448.95,1446.35,1448.6,3781
1707984300,1448.6,1451.9,1447.75,1451.9,9459
1707984600,1451.9,1458.0,1450.9,1457.95,19044
1707984900,1457.95,1457.95,1455.55,1457.4,3018
1707985200,1457.4,1458.8,1456.5,1457.5,4387
1707985500,1457.5,1458.55,1456.95,1457.95,4476
1707985800,1457.95,1457.95,1454.0,1454.75,4250
1707986100,1454.15,1455.4,1453.6,1455.05,3698
1707986400,1455.05,1455.1,1452.45,1453.45,4044
1707986700,1453.15,1454.95,1450.75,1452.2,13821
1707987000,1452.3,1454.8,1449.2,1450.0,9696
1707987300,1450.0,1454.0,1449.65,1452.25,14036
1707987600,1453.3,1455.9,1451.95,1455.1,13246
1707987900,1455.55,1457.75,1453.9,1457.4,23164
1707988200,1457.0,1461.2,1456.4,1460.75,12761
1707988500,1460.75,1461.55,1458.55,1460.35,11904
1707988800,1460.55,1461.8,1459.2,1461.7,14269
1707989100,1461.7,1462.35,1455.05,1456.1,14961
1707989400,1456.1,1456.85,1449.85,1454.35,61215
1707989700,1453.85,1456.45,1451.0,1454.55,55026
1707990000,1454.8,1456.2,1451.4,1453.0,77257
1707990300,1453.0,1454.95,1451.55,1454.95,26468
1707990600,1454.95,1455.8,1453.1,1454.05,15976
1707990900,1454.1,1459.0,1453.05,1458.9,20333
1708055100,1456.4,1460.1,1451.6,1458.0,9890
1708055400,1459.25,1463.9,1458.05,1463.0,8026
1708055700,1463.0,1463.9,1460.1,1460.75,3344
1708056000,1460.75,1462.0,1458.95,1459.85,10783
1708056300,1459.85,1461.85,1458.75,1460.6,5309
1708056600,1460.6,1462.0,1459.85,1461.45,1753
1708056900,1461.45,1461.45,1458.25,1460.05,3504
1708057200,1460.05,1462.0,1459.25,1459.9,1271
1708057500,1460.95,1463.85,1460.7,1463.75,4065
1708057800,1463.6,1468.85,1463.6,1465.95,24639
1708058100,1467.15,1468.0,1464.35,1467.85,11838
1708058400,1467.85,1471.75,1466.1,1470.55,14753
1708058700,1470.55,1471.45,1469.25,1470.85,8059
1708059000,1470.85,1470.95,1469.95,1470.75,5898
1708059300,1470.75,1472.95,1470.0,1471.85,7541
1708059600,1471.85,1475.0,1471.85,1473.5,7240
1708059900,1473.5,1475.8,1472.7,1475.45,9017
1708060200,1475.45,1479.15,1474.6,1479.15,16631
1708060500,1479.15,1480.95,1476.45,1476.45,40711
1708060800,1476.45,1477.55,1474.6,1476.75,8638
1708061100,1475.95,1476.9,1475.0,1476.65,7336
1708061400,1476.65,1478.45,1475.8,1477.65,5443
1708061700,1477.1,1477.55,1475.35,1475.95,2845
1708062000,1475.95,1477.5,1475.05,1476.8,7248
1708062300,1477.4,1478.2,1476.4,1477.85,4891
1708062600,1477.85,1479.5,1476.8,1478.5,3945
1708062900,1478.5,1479.3,1477.1,1477.75,1975
1708063200,1477.75,1482.7,1477.0,1481.05,19181
1708063500,1481.05,1481.55,1479.55,1479.95,10992
1708063800,1479.95,1481.9,1479.5,1481.6,21393
1708064100,1481.05,1481.7,1479.5,1480.55,4249
1708064400,1480.55,1480.7,1480.0,1480.15,4804
1708064700,1480.15,1481.15,1479.35,1481.1,6409
1708065000,1481.1,1483.95,1480.65,1482.8,12617
1708065300,1482.8,1482.9,1481.3,1482.15,8218
1708065600,1482.15,1482.85,1480.5,1482.25,10382
1708065900,1482.25,1483.4,1482.0,1483.25,5811
1708066200,1483.25,1483.25,1480.8,1481.7,4601
1708066500,1481.7,1483.5,1480.55,1480.55,7195
1708066800,1481.35,1482.15,1480.35,1481.75,6527
1708067100,1481.75,1482.0,1478.2,1481.9,11074
1708067400,1481.9,1484.0,1481.05,1483.95,11065
1708067700,1483.95,1484.9,1483.05,1484.35,9645
1708068000,1484.4,1487.0,1483.9,1486.9,13347
1708068300,1486.9,1488.75,1486.1,1488.5,15414
1708068600,1488.5,1491.2,1487.8,1490.4,29006
1708068900,1490.4,1495.0,1489.05,1493.8,60834
1708069200,1493.8,1497.0,1490.9,1493.4,58677
1708069500,1493.4,1498.0,1493.3,1496.55,41836
1708069800,1496.55,1501.85,1496.55,1500.45,68022
1708070100,1500.45,1501.1,1497.9,1500.1,32520
1708070400,1500.0,1502.3,1497.5,1499.7,37523
1708070700,1500.0,1504.0,1499.8,1503.8,30747
1708071000,1503.9,1503.9,1500.2,1501.9,35150
1708071300,1501.9,1503.0,1499.0,1502.5,33788
1708071600,1502.7,1504.65,1502.25,1504.6,42705
1708071900,1504.6,1507.95,1504.4,1505.7,60579
1708072200,1506.2,1510.0,1505.15,1509.6,69479
1708072500,1509.9,1511.8,1504.75,1506.0,81076
1708072800,1506.0,1510.0,1505.3,1508.8,65403
1708073100,1508.8,1511.0,1507.35,1508.0,31796
1708073400,1508.4,1509.0,1506.6,1508.5,33726
1708073700,1508.45,1510.5,1507.6,1509.45,34074
1708074000,1509.85,1514.5,1509.4,1511.6,67102
1708074300,1511.6,1513.8,1510.9,1512.9,43894
1708074600,1512.9,1515.0,1512.05,1514.25,60143
1708074900,1514.25,1516.2,1510.0,1510.0,64431
1708075200,1510.0,1514.95,1509.2,1512.35,63389
1708075500,1512.35,1513.4,1508.0,1508.6,46113
1708075800,1508.65,1509.85,1506.0,1508.8,68251
1708076100,1509.0,1509.55,1505.75,1507.3,62588
1708076400,1507.3,1509.0,1507.0,1507.5,54422
1708076700,1507.6,1509.2,1506.2,1507.9,57121
1708077000,1507.95,1509.1,1506.7,1508.9,70399
1708077300,1508.95,1515.15,1508.15,1514.0,83959
1708314300,1517.1,1522.0,1501.55,1501.95,100756
1708314600,1500.25,1507.6,1500.2,1503.2,39825
1708314900,1503.2,1504.05,1493.55,1497.2,38790
1708315200,1497.2,1502.45,1495.1,1501.55,35656
1708315500,1501.55,1502.6,1495.2,1495.6,27617
1708315800,1495.6,1498.0,1492.1,1493.0,29641
1708316100,1493.0,1496.55,1490.4,1490.8,22279
1708316400,1490.8,1492.0,1486.55,1490.2,32333
1708316700,1490.2,1491.4,1488.3,1490.15,9609
1708317000,1490.6,1491.85,1487.1,1488.25,32255
1708317300,1488.55,1490.85,1487.2,1489.75,13724
1708317600,1489.75,1489.75,1486.0,1487.15,19675
1708317900,1487.25,1488.7,1486.0,1486.5,19175
1708318200,1486.55,1489.9,1486.55,1488.95,12164
1708318500,1488.95,1490.35,1487.6,1489.3,17716
1708318800,1489.3,1491.0,1488.0,1489.35,24620
1708319100,1489.35,1493.15,1489.35,1491.2,22939
1708319400,1491.2,1492.9,1491.0,1491.0,9094
1708319700,1491.4,1491.75,1487.7,1490.85,13659
1708320000,1490.85,1491.3,1489.7,1490.65,4027
1708320300,1490.65,1494.0,1489.5,1493.9,3904
1708320600,1493.9,1494.9,1491.8,1492.3,10240
1708320900,1492.3,1496.0,1492.3,1495.1,18229
1708321200,1495.1,1498.45,1494.55,1498.45,14454
1708321500,1498.45,1502.8,1497.55,1502.0,29028
1708321800,1502.15,1502.15,1498.0,1498.85,36696
1708322100,1498.85,1498.95,1491.85,1495.4,20942
1708322400,1495.4,1498.75,1495.05,1496.25,8440
1708322700,1495.8,1497.4,1493.0,1495.55,9530
1708323000,1495.55,1497.7,1494.15,1497.7,6777
1708323300,1497.7,1499.1,1496.75,1498.8,6943
1708323600,1497.9,1498.95,1494.5,1494.6,31585
1708323900,1495.3,1497.4,1494.0,1495.75,18976
1708324200,1495.75,1496.95,1492.35,1493.15,11274
1708324500,1493.15,1493.65,1491.15,1491.15,14978
1708324800,1491.15,1492.05,1490.9,1491.25,25915
1708325100,1491.25,1492.0,1488.8,1489.1,18336
1708325400,1489.1,1492.0,1489.1,1490.8,3849
1708325700,1490.8,1492.0,1490.0,1491.2,4274
1708326000,1491.2,1492.0,1490.15,1490.95,12733
1708326300,1490.95,1491.3,1490.05,1491.25,2124
1708326600,1491.25,1492.0,1490.9,1491.55,2370
1708326900,1491.55,1492.0,1488.8,1489.45,7229
1708327200,1489.2,1490.95,1489.2,1489.3,5314
1708327500,1489.3,1489.9,1487.2,1488.0,5186
1708327800,1488.0,1489.4,1487.3,1487.85,6576
1708328100,1487.85,1488.85,1487.0,1488.5,3848
1708328400,1488.5,1490.35,1488.1,1490.25,5782
1708328700,1490.25,1490.65,1489.0,1489.15,5120
1708329000,1489.1,1489.55,1488.0,1489.5,1475
1708329300,1489.5,1490.9,1489.25,1489.75,3766
1708329600,1489.75,1490.95,1489.05,1489.25,2719
1708329900,1489.25,1490.05,1488.6,1488.7,2825
1708330200,1488.7,1489.6,1488.65,1489.1,1211
1708330500,1489.1,1489.15,1488.25,1488.95,2633
1708330800,1488.95,1490.0,1488.6,1489.0,3121
1708331100,1489.0,1489.9,1488.0,1488.35,4328
1708331400,1488.3,1489.0,1488.0,1488.95,3007
1708331700,1488.95,1489.0,1488.1,1489.0,1585
1708332000,1488.7,1489.0,1488.05,1488.7,2166
1708332300,1488.75,1489.45,1488.3,1488.4,1575
1708332600,1488.4,1490.0,1488.35,1489.9,1480
1708332900,1489.4,1491.95,1489.4,1491.7,3838
1708333200,1491.7,1492.0,1490.0,1490.0,3733
1708333500,1490.0,1490.6,1488.25,1488.45,3026
1708333800,1488.45,1490.95,1488.2,1490.65,2239
1708334100,1490.65,1490.85,1489.65,1490.15,2780
1708334400,1490.15,1490.55,1488.65,1489.45,6354
1708334700,1489.45,1490.05,1487.85,1488.1,6538
1708335000,1488.15,1489.2,1487.25,1487.6,8260
1708335300,1487.6,1488.65,1486.4,1487.2,15757
1708335600,1487.2,1488.55,1486.45,1487.65,24148
1708335900,1487.75,1490.0,1487.2,1489.1,33061
1708336200,1489.15,1491.7,1489.05,1490.7,28657
1708336500,1490.7,1491.95,1488.7,1489.8,14421
1708400700,1488.85,1488.85,1473.35,1478.05,36730
1708401000,1477.75,1485.95,1475.0,1480.8,27088
1708401300,1480.8,1483.4,1478.6,1480.1,14462
1708401600,1480.1,1486.65,1479.85,1483.9,13926
1708401900,1483.9,1485.95,1482.2,1484.1,9186
1708402200,1484.1,1488.2,1483.6,1484.0,4024
1708402500,1484.0,1489.3,1483.2,1485.9,8205
1708402800,1486.0,1488.0,1485.25,1487.5,11981
1708403100,1487.4,1488.65,1484.75,1485.1,9125
1708403400,1485.1,1485.15,1481.75,1483.75,7331
1708403700,1483.85,1497.15,1483.35,1495.8,39534
1708404000,1495.85,1497.6,1490.25,1492.25,50031
1708404300,1492.4,1496.9,1491.25,1491.95,28907
1708404600,1491.15,1491.8,1488.05,1491.65,9942
1708404900,1490.95,1491.5,1488.0,1488.0,10017
1708405200,1488.0,1491.65,1487.05,1491.45,7140
1708405500,1490.55,1496.0,1490.2,1495.25,12413
1708405800,1495.25,1497.0,1494.2,1495.7,21920
1708406100,1495.3,1497.8,1491.35,1494.5,22994
1708406400,1494.5,1496.0,1493.7,1495.45,12794
1708406700,1494.75,1499.35,1493.65,1498.45,35132
1708407000,1498.45,1504.15,1497.75,1501.2,56133
1708407300,1501.2,1502.0,1499.15,1500.55,31349
1708407600,1500.6,1502.8,1500.0,1502.4,7557
1708407900,1502.7,1503.9,1500.0,1502.65,12826
1708408200,1503.0,1503.15,1500.1,1500.6,7164
1708408500,1500.6,1501.05,1499.9,1501.05,15215
1708408800,1500.5,1507.55,1500.5,1505.5,19409
1708409100,1505.5,1505.85,1503.4,1504.55,13673
1708409400,1504.55,1506.85,1503.5,1504.65,15463
1708409700,1504.8,1507.65,1503.3,1507.35,10356
1708410000,1507.35,1507.9,1504.3,1506.7,18157
1708410300,1506.7,1507.0,1503.9,1504.95,13791
1708410600,1504.95,1506.45,1503.1,1504.0,13717
1708410900,1504.0,1506.9,1503.05,1506.9,19101
1708411200,1507.0,1508.5,1504.7,1505.95,15742
1708411500,1505.95,1506.9,1501.0,1501.35,24142
1708411800,1501.2,1503.25,1499.25,1503.1,25309
1708412100,1503.2,1503.9,1501.35,1502.9,12519
1708412400,1502.7,1502.95,1500.15,1502.0,10939
1708412700,1501.95,1502.0,1499.85,1500.3,6625
1708413000,1500.3,1501.3,1498.75,1500.25,33397
1708413300,1500.25,1502.0,1499.65,1501.25,22448
1708413600,1501.7,1503.85,1501.65,1502.2,6340
1708413900,1502.2,1502.7,1500.1,1500.9,5656
1708414200,1500.2,1502.3,1499.9,1501.3,9541
1708414500,1501.25,1501.35,1499.85,1501.05,12492
1708414800,1500.8,1502.95,1500.15,1501.7,9724
1708415100,1502.0,1506.6,1501.55,1504.8,7074
1708415400,1504.8,1508.75,1503.95,1508.75,12065
1708415700,1508.7,1510.0,1504.05,1504.45,16347
1708416000,1505.05,1505.15,1504.2,1504.2,2865
1708416300,1504.55,1506.5,1504.55,1505.75,6107
1708416600,1505.85,1506.4,1504.85,1505.15,3061
1708416900,1505.6,1507.2,1505.0,1507.2,29257
1708417200,1507.2,1508.55,1506.2,1507.65,36184
1708417500,1507.65,1509.0,1507.35,1508.0,11750
1708417800,1508.05,1510.9,1506.65,1507.85,59454
1708418100,1507.85,1510.0,1507.85,1509.45,34117
1708418400,1509.45,1510.95,1508.15,1510.85,15382
1708418700,1510.05,1510.9,1508.0,1508.95,21149
1708419000,1508.8,1510.9,1508.0,1508.05,22846
1708419300,1508.55,1509.25,1508.0,1508.0,14784
1708419600,1508.05,1510.0,1508.0,1510.0,16640
1708419900,1510.0,1510.1,1507.95,1509.0,23051
1708420200,1508.75,1512.4,1508.0,1510.15,39188
1708420500,1510.8,1511.45,1509.1,1510.6,25253
1708420800,1511.0,1517.65,1510.6,1514.35,56516
1708421100,1514.4,1514.95,1510.35,1510.75,31467
1708421400,1511.2,1513.2,1509.65,1512.45,45396
1708421700,1512.55,1515.0,1511.75,1514.55,22306
1708422000,1514.6,1515.55,1513.25,1514.85,35148
1708422300,1515.0,1516.45,1513.75,1514.2,62389
1708422600,1514.0,1514.25,1510.85,1513.4,46089
1708422900,1513.8,1515.0,1510.0,1515.0,31430
1708487100,1510.05,1519.5,1510.05,1519.05,41887
1708487400,1518.25,1519.35,1513.2,1517.5,18250
1708487700,1517.9,1517.9,1507.55,1511.3,16388
1708488000,1511.4,1512.45,1508.3,1511.45,12598
1708488300,1511.45,1512.2,1506.35,1512.2,9463
1708488600,1511.85,1516.85,1509.55,1513.05,15376
1708488900,1513.05,1518.45,1513.05,1516.45,13747
1708489200,1516.3,1518.95,1515.05,1515.7,8914
1708489500,1515.7,1518.4,1515.35,1515.4,6399
1708489800,1515.5,1517.3,1514.0,1514.0,7548
1708490100,1514.0,1515.8,1512.4,1515.6,5587
1708490400,1515.05,1516.15,1510.15,1511.7,14799
1708490700,1512.15,1513.7,1510.0,1511.7,8816
1708491000,1511.7,1512.45,1510.15,1511.2,14772
1708491300,1511.85,1512.8,1507.6,1510.05,8446
1708491600,1510.05,1513.9,1509.7,1512.9,2347
1708491900,1512.5,1512.95,1508.05,1508.2,1696
1708492200,1508.9,1510.95,1508.55,1509.7,5400
1708492500,1509.7,1509.7,1506.2,1508.95,7724
1708492800,1508.95,1508.95,1503.1,1505.0,11206
1708493100,1505.1,1505.95,1504.0,1504.95,5699
1708493400,1505.25,1505.25,1501.4,1502.65,7659
1708493700,1502.7,1503.1,1501.05,1502.8,2220
1708494000,1502.4,1507.15,1502.35,1505.85,4184
1708494300,1505.9,1507.95,1505.2,1507.6,3601
1708494600,1507.4,1508.2,1505.0,1505.3,5748
1708494900,1505.3,1510.2,1505.05,1508.65,4457
1708495200,1509.6,1509.6,1506.1,1506.25,4395
1708495500,1506.25,1506.95,1505.75,1506.0,9680
1708495800,1506.8,1507.95,1505.95,1507.0,10644
1708496100,1507.0,1507.3,1506.15,1507.3,1766
1708496400,1507.15,1509.55,1507.15,1508.35,5633
1708496700,1508.45,1511.4,1507.65,1509.0,11186
1708497000,1509.0,1510.25,1507.8,1509.45,4074
1708497300,1509.45,1510.55,1507.35,1508.7,4212
1708497600,1508.6,1509.45,1508.35,1509.0,3587
1708497900,1509.0,1510.0,1508.4,1508.9,3014
1708498200,1509.0,1511.6,1507.8,1508.3,14608
1708498500,1508.55,1511.75,1507.55,1510.9,11961
1708498800,1510.4,1514.3,1509.6,1510.0,19294
1708499100,1510.0,1511.25,1509.05,1509.7,55618
1708499400,1509.7,1510.0,1507.0,1508.55,3636
1708499700,1508.55,1510.2,1507.15,1510.0,3419
1708500000,1510.0,1510.45,1508.85,1509.0,2738
1708500300,1509.0,1509.6,1508.0,1509.6,3299
1708500600,1509.6,1511.75,1508.95,1511.3,5342
1708500900,1511.05,1511.65,1508.45,1509.5,2199
1708501200,1509.5,1510.0,1508.0,1509.2,4556
1708501500,1509.4,1510.55,1508.55,1510.0,2585
1708501800,1510.0,1514.0,1509.65,1513.4,3605
1708502100,1513.4,1513.45,1510.0,1510.0,5842
1708502400,1511.25,1513.0,1510.75,1512.8,3108
1708502700,1512.85,1514.95,1512.2,1514.9,4289
1708503000,1514.8,1514.95,1509.45,1509.45,8219
1708503300,1510.0,1510.25,1505.45,1506.65,6944
1708503600,1506.65,1510.5,1506.6,1508.6,5709
1708503900,1508.4,1508.9,1506.3,1507.3,3739
1708504200,1506.35,1508.75,1505.65,1508.5,8012
1708504500,1509.35,1509.35,1505.55,1506.7,8303
1708504800,1506.7,1509.5,1506.15,1507.6,125336
1708505100,1507.6,1509.8,1506.0,1508.5,6488
1708505400,1508.5,1509.8,1507.0,1509.8,19907
1708505700,1509.8,1513.0,1507.35,1511.9,28727
1708506000,1511.65,1512.0,1506.45,1507.0,26596
1708506300,1506.3,1508.0,1504.0,1505.15,92041
1708506600,1505.15,1505.15,1500.2,1501.0,27433
1708506900,1500.85,1501.75,1496.65,1498.95,20579
1708507200,1498.9,1503.95,1498.8,1502.15,50437
1708507500,1501.55,1502.15,1497.2,1500.7,6722
1708507800,1500.8,1503.0,1498.65,1502.0,29272
1708508100,1502.0,1506.95,1501.85,1506.35,28753
1708508400,1506.4,1507.0,1503.0,1505.25,35891
1708508700,1505.3,1505.8,1501.25,1501.95,38401
1708509000,1501.95,1502.35,1498.05,1499.3,51775
1708509300,1499.3,1503.0,1495.4,1499.8,57538
1708573500,1510.0,1512.6,1491.15,1498.3,44592
1708573800,1498.55,1503.2,1493.45,1495.75,20278
1708574100,1495.8,1499.65,1494.65,1497.2,11848
1708574400,1497.2,1498.6,1490.0,1494.15,34951
1708574700,1494.15,1495.75,1488.2,1488.55,36110
1708575000,1488.5,1492.4,1487.05,1490.75,20555
1708575300,1490.7,1495.95,1489.5,1495.45,7263
1708575600,1495.0,1495.45,1488.5,1488.6,11553
1708575900,1488.95,1491.05,1482.0,1482.0,29230
1708576200,1482.0,1483.5,1478.2,1481.05,57247
1708576500,1480.65,1487.15,1478.8,1484.6,36697
1708576800,1484.65,1488.6,1484.1,1486.25,14186
1708577100,1486.25,1488.0,1483.7,1486.55,11616
1708577400,1486.15,1488.35,1485.75,1486.65,15744
1708577700,1486.9,1487.85,1485.5,1486.65,11380
1708578000,1487.2,1489.0,1483.8,1483.85,9257
1708578300,1484.05,1486.25,1481.95,1482.25,8962
1708578600,1482.25,1483.85,1480.7,1482.5,7194
1708578900,1481.7,1483.5,1480.05,1480.05,5910
1708579200,1480.05,1483.0,1480.05,1481.95,6461
1708579500,1481.65,1483.05,1479.2,1479.45,13120
1708579800,1479.75,1481.3,1478.75,1479.15,6175
1708580100,1479.15,1479.65,1476.85,1477.0,10544
1708580400,1477.05,1481.6,1476.05,1480.05,8342
1708580700,1480.05,1482.7,1478.25,1478.25,7739
1708581000,1479.05,1479.15,1473.05,1473.85,13564
1708581300,1474.35,1474.65,1470.7,1472.45,18590
1708581600,1472.45,1475.6,1471.9,1475.3,15070
1708581900,1475.25,1476.3,1473.0,1474.4,4332
1708582200,1474.4,1476.35,1473.5,1474.95,5279
1708582500,1475.75,1476.3,1473.25,1473.95,5231
1708582800,1473.95,1473.95,1470.2,1471.9,8153
1708583100,1471.9,1474.1,1471.5,1473.65,5733
1708583400,1474.1,1476.1,1473.65,1476.1,4480
1708583700,1476.05,1477.85,1475.05,1477.85,2428
1708584000,1477.8,1481.2,1477.8,1480.45,9040
1708584300,1480.45,1481.45,1479.6,1480.8,4372
1708584600,1480.8,1480.95,1478.35,1478.75,4592
1708584900,1479.05,1479.9,1478.05,1479.45,2214
1708585200,1479.05,1481.0,1479.05,1480.5,5582
1708585500,1480.8,1483.85,1480.15,1481.1,14268
1708585800,1481.3,1481.3,1478.55,1479.7,16271
1708586100,1479.65,1483.25,1478.9,1483.0,9200
1708586400,1483.0,1484.6,1480.85,1481.55,10945
1708586700,1481.6,1483.0,1480.75,1481.65,9088
1708587000,1482.4,1483.55,1481.55,1483.55,8199
1708587300,1483.8,1485.0,1482.1,1484.8,5776
1708587600,1484.75,1485.0,1483.05,1483.85,2672
1708587900,1483.85,1484.0,1482.65,1483.3,3393
1708588200,1483.25,1485.4,1482.5,1484.9,5798
1708588500,1484.85,1485.4,1480.8,1481.65,53841
1708588800,1481.7,1484.0,1480.95,1483.55,4930
1708589100,1483.55,1485.45,1483.55,1485.35,9807
1708589400,1485.4,1490.7,1484.8,1490.0,9698
1708589700,1490.0,1492.0,1489.9,1491.7,7156
1708590000,1491.65,1492.2,1488.35,1492.05,11707
1708590300,1492.15,1495.75,1491.25,1494.0,12082
1708590600,1493.9,1497.0,1493.8,1494.35,15124
1708590900,1494.4,1496.3,1490.85,1490.85,12042
1708591200,1490.0,1491.7,1488.9,1490.6,14354
1708591500,1490.6,1491.2,1488.7,1489.7,15059
1708591800,1489.9,1492.15,1489.3,1492.05,9009
1708592100,1492.05,1492.5,1489.7,1492.1,13393
1708592400,1492.15,1492.8,1490.3,1492.8,12915
1708592700,1492.7,1495.4,1490.65,1494.5,24225
1708593000,1494.5,1495.05,1489.25,1491.9,34994
1708593300,1491.6,1496.45,1489.85,1496.4,28965
1708593600,1496.4,1502.85,1496.3,1502.1,85114
1708593900,1502.1,1508.1,1501.15,1507.3,47032
1708594200,1507.3,1509.0,1504.75,1508.45,56974
1708594500,1508.5,1510.9,1505.7,1509.75,50657
1708594800,1509.8,1512.0,1506.85,1507.15,51551
1708595100,1507.15,1512.4,1506.1,1511.7,57582
1708595400,1511.75,1513.2,1510.3,1511.8,48491
1708595700,1511.85,1513.5,1505.75,1511.0,27382
1708659900,1508.4,1510.85,1501.25,1506.5,14132
1708660200,1506.5,1506.9,1502.7,1502.7,5001
1708660500,1502.7,1506.95,1502.7,1506.9,11281
1708660800,1506.9,1510.0,1506.1,1509.95,8785
1708661100,1509.45,1510.25,1508.0,1510.0,5964
1708661400,1509.95,1511.5,1509.55,1510.0,5566
1708661700,1510.0,1512.05,1509.05,1509.2,4455
1708662000,1510.1,1511.0,1509.15,1509.95,2171
1708662300,1509.9,1511.2,1508.5,1511.05,4149
1708662600,1511.05,1512.55,1508.9,1510.0,5236
1708662900,1509.35,1510.0,1509.35,1509.55,1254
1708663200,1509.55,1509.9,1504.9,1506.75,6396
1708663500,1506.7,1508.25,1505.95,1507.1,1542
1708663800,1508.05,1508.3,1506.6,1507.75,1891
1708664100,1507.75,1507.75,1503.9,1504.7,3316
1708664400,1504.7,1504.85,1502.5,1504.85,6760
1708664700,1504.85,1505.15,1503.0,1503.45,1837
1708665000,1503.75,1504.65,1502.75,1504.65,2881
1708665300,1504.65,1506.0,1503.75,1505.95,3056
1708665600,1505.95,1507.1,1504.75,1506.65,1684
1708665900,1506.65,1508.0,1504.85,1508.0,1394
1708666200,1507.5,1509.2,1507.4,1508.95,1818
1708666500,1508.95,1511.9,1508.25,1510.0,5399
1708666800,1510.0,1514.9,1510.0,1514.4,12250
1708667100,1514.9,1516.85,1512.8,1516.6,11735
1708667400,1516.6,1526.95,1516.15,1526.55,55988
1708667700,1526.6,1528.0,1523.55,1526.8,31925
1708668000,1526.8,1530.9,1526.45,1530.7,49471
1708668300,1530.05,1530.7,1528.05,1529.65,19014
1708668600,1529.65,1532.5,1523.05,1524.9,39801
1708668900,1524.9,1526.95,1524.45,1525.9,13305
1708669200,1526.0,1526.0,1519.2,1524.25,23623
1708669500,1524.25,1528.05,1523.55,1526.55,15734
1708669800,1526.55,1526.9,1524.5,1526.0,9065
1708670100,1525.65,1529.0,1525.0,1529.0,13406
1708670400,1528.4,1529.0,1526.0,1528.45,12372
1708670700,1528.45,1528.45,1526.1,1528.15,5101
1708671000,1528.15,1528.2,1524.8,1524.8,6556
1708671300,1524.8,1528.05,1524.55,1526.55,14593
1708671600,1526.55,1528.7,1525.25,1525.95,9170
1708671900,1525.95,1528.6,1525.5,1527.8,8066
1708672200,1527.8,1529.25,1527.2,1528.5,10376
1708672500,1527.95,1528.75,1527.1,1527.95,5479
1708672800,1527.6,1528.8,1526.05,1527.5,7265
1708673100,1527.5,1527.9,1525.45,1525.7,5545
1708673400,1525.7,1526.75,1525.15,1526.45,4764
1708673700,1526.1,1526.3,1523.0,1523.1,13639
1708674000,1523.1,1525.85,1522.95,1525.85,8220
1708674300,1525.85,1527.7,1525.0,1526.75,9458
1708674600,1526.7,1527.8,1526.0,1526.8,9928
1708674900,1526.8,1526.85,1521.05,1524.75,13952
1708675200,1524.3,1526.95,1524.0,1525.9,6952
1708675500,1525.6,1527.3,1524.0,1525.9,6988
1708675800,1525.8,1526.0,1524.3,1526.0,6343
1708676100,1526.0,1528.0,1525.2,1526.6,16653
1708676400,1526.6,1528.0,1525.25,1527.55,9014
1708676700,1527.25,1533.9,1526.05,1533.7,48131
1708677000,1533.75,1535.0,1531.45,1532.0,33879
1708677300,1531.9,1533.95,1531.05,1533.15,28382
1708677600,1533.15,1533.15,1530.7,1533.05,23569
1708677900,1532.85,1533.1,1530.15,1532.3,23388
1708678200,1532.3,1533.05,1531.2,1532.95,14298
1708678500,1532.95,1533.6,1531.9,1533.5,10570
1708678800,1533.55,1534.9,1532.45,1533.7,13455
1708679100,1533.0,1534.6,1532.3,1533.8,17482
1708679400,1533.8,1534.25,1532.4,1533.6,14578
1708679700,1533.6,1535.8,1533.0,1535.7,34023
1708680000,1535.65,1536.25,1534.0,1534.7,26609
1708680300,1534.7,1534.8,1530.0,1532.7,37383
1708680600,1532.7,1533.3,1527.5,1529.2,40472
1708680900,1528.9,1529.7,1526.7,1529.4,31487
1708681200,1529.45,1530.4,1526.45,1530.35,39170
1708681500,1530.35,1530.35,1526.75,1529.35,30700
1708681800,1529.35,1531.1,1529.0,1530.1,29193
1708682100,1529.5,1534.0,1524.85,1530.0,27145
1708919100,1531.15,1533.65,1525.1,1532.95,29191
1708919400,1533.0,1539.55,1531.6,1538.2,36581
1708919700,1538.45,1541.8,1534.6,1536.55,49810
1708920000,1536.65,1538.7,1530.2,1532.45,23267
1708920300,1531.7,1534.3,1530.0,1531.5,25041
1708920600,1531.5,1533.85,1530.65,1531.95,10568
1708920900,1531.65,1535.75,1530.65,1535.7,13452
1708921200,1535.0,1537.65,1530.0,1533.2,22659
1708921500,1533.4,1533.4,1530.0,1531.7,21478
1708921800,1532.15,1535.1,1531.5,1533.6,9714
1708922100,1533.55,1537.0,1533.1,1536.5,15309
1708922400,1536.05,1536.55,1534.25,1536.55,6269
1708922700,1536.55,1537.65,1536.1,1536.95,8369
1708923000,1536.95,1542.95,1536.7,1541.65,31479
1708923300,1541.55,1543.45,1541.0,1543.4,29199
1708923600,1543.5,1546.5,1542.65,1546.25,28482
1708923900,1546.15,1548.0,1539.5,1540.95,43057
1708924200,1540.95,1543.45,1539.55,1540.25,21138
1708924500,1540.3,1543.0,1539.7,1541.7,15571
1708924800,1541.7,1541.7,1539.3,1541.5,16403
1708925100,1540.9,1543.0,1540.9,1542.5,13062
1708925400,1542.25,1543.0,1540.8,1542.8,9857
1708925700,1542.05,1543.55,1542.0,1542.9,14279
1708926000,1542.9,1543.0,1541.15,1542.3,4977
1708926300,1542.0,1543.5,1541.3,1543.0,7449
1708926600,1542.95,1543.0,1542.0,1543.0,6414
1708926900,1542.9,1543.0,1542.0,1542.55,6244
1708927200,1542.55,1543.0,1542.0,1542.85,6653
1708927500,1542.35,1543.0,1542.3,1542.8,5880
1708927800,1542.3,1542.5,1536.3,1539.95,18050
1708928100,1539.35,1543.0,1539.35,1543.0,5284
1708928400,1542.95,1543.0,1540.6,1540.6,6816
1708928700,1540.3,1541.65,1539.95,1541.35,5463
1708929000,1541.35,1543.0,1541.15,1542.8,9638
1708929300,1542.85,1543.0,1539.3,1539.3,7649
1708929600,1539.3,1540.0,1538.35,1539.25,6625
1708929900,1539.25,1541.25,1539.25,1540.7,6253
1708930200,1541.15,1543.0,1539.55,1542.95,5485
1708930500,1542.45,1543.0,1541.85,1542.5,3830
1708930800,1542.15,1542.5,1540.2,1541.2,3769
1708931100,1541.35,1541.8,1540.55,1540.7,4243
1708931400,1540.5,1541.25,1540.0,1540.1,5522
1708931700,1540.1,1540.2,1537.0,1537.6,9900
1708932000,1537.3,1540.1,1536.6,1538.5,8057
1708932300,1538.15,1540.1,1537.0,1540.1,5992
1708932600,1540.05,1540.1,1538.0,1538.4,4152
1708932900,1538.4,1538.9,1537.1,1538.9,4488
1708933200,1538.9,1542.25,1538.75,1541.0,21923
1708933500,1541.05,1542.0,1540.4,1541.2,5997
1708933800,1541.15,1542.0,1541.0,1541.5,3880
1708934100,1541.5,1542.0,1541.0,1541.45,3939
1708934400,1541.4,1541.75,1540.7,1541.45,8187
1708934700,1541.45,1542.7,1540.75,1542.15,3808
1708935000,1542.35,1543.0,1542.1,1542.95,4130
1708935300,1542.9,1543.0,1542.5,1543.0,4723
1708935600,1543.0,1543.0,1541.0,1541.9,6978
1708935900,1541.8,1542.15,1541.0,1541.65,3082
1708936200,1541.35,1546.0,1541.35,1545.05,99858
1708936500,1545.0,1547.0,1545.0,1545.75,11005
1708936800,1545.75,1547.0,1545.0,1547.0,14359
1708937100,1547.0,1548.85,1546.3,1548.85,20528
1708937400,1548.6,1553.4,1548.45,1551.6,44711
1708937700,1551.1,1552.15,1549.05,1552.0,25033
1708938000,1552.0,1552.2,1548.0,1548.9,31490
1708938300,1548.9,1551.95,1548.3,1550.7,25310
1708938600,1550.5,1551.9,1549.75,1550.0,24596
1708938900,1550.0,1551.7,1549.95,1550.05,17928
1708939200,1550.45,1551.95,1549.35,1551.85,19470
1708939500,1551.65,1552.0,1549.55,1551.55,22608
1708939800,1551.95,1552.2,1548.8,1550.1,32991
1708940100,1550.1,1550.55,1548.1,1549.9,30138
1708940400,1549.9,1550.5,1548.35,1549.9,38079
1708940700,1549.9,1549.9,1545.75,1549.8,53364
1708941000,1549.5,1549.5,1546.35,1549.5,27142
1708941300,1549.45,1552.0,1547.0,1552.0,24548
1709005500,1553.8,1559.1,1547.2,1558.1,51752
1709005800,1558.9,1562.1,1556.8,1559.5,57851
1709006100,1559.5,1559.9,1551.65,1555.0,61777
1709006400,1555.0,1555.25,1550.65,1554.75,24396
1709006700,1554.7,1555.9,1549.85,1550.95,21496
1709007000,1550.95,1551.9,1546.8,1550.05,16772
1709007300,1550.05,1550.65,1548.0,1549.0,13484
1709007600,1549.75,1552.7,1547.1,1548.0,16734
1709007900,1548.0,1551.45,1547.8,1551.45,9807
1709008200,1551.45,1553.5,1551.0,1552.0,12950
1709008500,1552.0,1552.65,1545.95,1549.4,29865
1709008800,1549.7,1552.5,1547.55,1551.85,9578
1709009100,1551.9,1552.5,1549.0,1550.05,11287
1709009400,1550.05,1551.6,1549.1,1550.95,11306
1709009700,1550.95,1551.0,1549.0,1550.05,13749
1709010000,1550.6,1551.05,1549.45,1550.1,8134
1709010300,1550.1,1550.65,1549.0,1549.6,5267
1709010600,1550.0,1551.0,1549.6,1550.75,6892
1709010900,1550.75,1551.4,1549.5,1550.75,12333
1709011200,1550.75,1552.0,1546.15,1550.0,11770
1709011500,1550.0,1550.65,1549.5,1550.0,8366
1709011800,1550.0,1550.45,1548.0,1548.4,17633
1709012100,1548.0,1548.95,1546.5,1547.0,13898
1709012400,1547.0,1550.95,1547.0,1550.9,9265
1709012700,1550.9,1555.0,1550.5,1554.8,21897
1709013000,1554.5,1558.5,1553.1,1557.0,23385
1709013300,1557.4,1557.95,1553.9,1557.0,23227
1709013600,1557.0,1560.25,1557.0,1559.6,47122
1709013900,1559.6,1562.0,1558.45,1561.8,27495
1709014200,1561.8,1563.7,1558.95,1562.25,25108
1709014500,1562.55,1562.55,1559.7,1562.4,16513
1709014800,1562.35,1562.9,1560.15,1561.0,27614
1709015100,1561.55,1562.5,1560.0,1562.35,14033
1709015400,1562.5,1566.0,1561.9,1565.7,28912
1709015700,1565.65,1569.0,1565.0,1566.15,59633
1709016000,1566.15,1567.95,1562.85,1564.8,35268
1709016300,1564.85,1565.05,1560.0,1562.5,31899
1709016600,1562.5,1565.5,1562.05,1565.0,16444
1709016900,1565.0,1565.3,1562.15,1563.55,13782
1709017200,1563.7,1564.7,1561.3,1563.55,9326
1709017500,1563.35,1563.95,1561.05,1561.95,11217
1709017800,1561.9,1564.45,1561.85,1564.3,13816
1709018100,1564.25,1564.25,1561.7,1563.7,16844
1709018400,1563.7,1564.95,1562.45,1564.75,15846
1709018700,1564.9,1564.9,1561.0,1561.5,18932
1709019000,1561.1,1561.65,1557.4,1561.3,40487
1709019300,1560.8,1562.4,1558.85,1559.75,17249
1709019600,1559.75,1561.4,1558.8,1558.95,14480
1709019900,1558.9,1564.9,1558.65,1563.05,16856
1709020200,1562.45,1564.65,1561.8,1564.0,15140
1709020500,1563.6,1564.0,1558.0,1559.9,17288
1709020800,1559.9,1560.0,1555.3,1555.8,74631
1709021100,1555.45,1558.9,1552.0,1552.25,27590
1709021400,1552.05,1552.95,1546.5,1547.55,36430
1709021700,1547.65,1550.45,1544.65,1549.9,37316
1709022000,1549.35,1551.45,1547.75,1551.45,31375
1709022300,1551.45,1553.05,1549.5,1550.0,20925
1709022600,1549.95,1551.0,1548.85,1550.85,15859
1709022900,1550.8,1555.65,1550.75,1553.3,29358
1709023200,1553.05,1553.45,1551.0,1551.9,23717
1709023500,1551.9,1552.45,1549.15,1551.9,15117
1709023800,1551.9,1553.8,1550.95,1552.1,26293
1709024100,1552.15,1552.15,1547.5,1549.55,29049
1709024400,1548.85,1550.55,1546.6,1547.55,15727
1709024700,1547.65,1550.25,1547.55,1548.15,14635
1709025000,1548.35,1548.5,1545.25,1547.4,15116
1709025300,1547.45,1547.7,1544.6,1545.2,16443
1709025600,1544.65,1546.45,1541.65,1541.75,23269
1709025900,1542.0,1545.4,1541.65,1543.3,18780
1709026200,1543.25,1546.95,1542.85,1546.85,28659
1709026500,1546.8,1548.3,1542.4,1542.4,46225
1709026800,1542.4,1543.75,1541.25,1543.05,25374
1709027100,1543.0,1543.55,1539.3,1541.9,32372
1709027400,1541.9,1542.5,1538.9,1542.5,43886
1709027700,1542.5,1544.45,1540.5,1542.45,40187
1709091900,1544.0,1551.8,1540.0,1541.0,27118
1709092200,1540.85,1544.6,1540.1,1543.55,9820
1709092500,1543.55,1544.35,1537.3,1539.7,10699
1709092800,1540.15,1545.5,1539.05,1544.95,17193
1709093100,1544.95,1548.9,1542.95,1547.1,9545
1709093400,1547.9,1550.0,1546.45,1548.05,10239
1709093700,1549.05,1549.05,1545.5,1545.5,4098
1709094000,1546.25,1548.45,1546.05,1546.15,4773
1709094300,1546.15,1546.9,1542.95,1543.85,6681
1709094600,1544.4,1548.0,1543.05,1547.95,4655
1709094900,1547.5,1550.0,1547.5,1548.2,13789
1709095200,1548.9,1550.4,1547.75,1548.65,4157
1709095500,1548.65,1551.7,1548.25,1549.15,4101
1709095800,1549.9,1551.5,1546.4,1547.2,7441
1709096100,1547.2,1550.6,1547.15,1550.15,4274
1709096400,1550.45,1550.95,1546.6,1550.1,6375
1709096700,1550.05,1550.75,1548.5,1550.0,3329
1709097000,1550.0,1550.75,1549.1,1549.65,3704
1709097300,1549.65,1549.95,1545.6,1545.6,3530
1709097600,1545.6,1546.55,1541.0,1542.65,12421
1709097900,1542.65,1545.25,1541.75,1543.1,9547
1709098200,1543.1,1543.45,1540.0,1540.0,5623
1709098500,1540.0,1541.8,1539.4,1540.5,8187
1709098800,1540.05,1545.1,1539.9,1543.45,10303
1709099100,1543.65,1546.25,1543.65,1544.85,6003
1709099400,1544.15,1544.85,1543.05,1543.8,2517
1709099700,1543.8,1543.8,1540.25,1541.25,2843
1709100000,1541.25,1544.0,1540.75,1543.25,5582
1709100300,1543.25,1543.7,1541.5,1543.45,2411
1709100600,1542.75,1543.5,1541.7,1541.9,2326
1709100900,1541.9,1541.9,1539.2,1540.0,3441
1709101200,1540.0,1541.0,1539.1,1540.85,4235
1709101500,1540.4,1542.85,1540.3,1540.6,4456
1709101800,1540.6,1543.2,1539.65,1543.15,7356
1709102100,1542.8,1546.45,1540.6,1541.75,31432
1709102400,1541.75,1545.8,1540.15,1545.05,13589
1709102700,1545.05,1551.0,1545.05,1551.0,25119
1709103000,1550.15,1553.8,1549.55,1553.5,24992
1709103300,1553.7,1555.65,1552.45,1555.4,20266
1709103600,1554.65,1556.6,1550.0,1550.0,11168
1709103900,1550.0,1552.65,1550.0,1550.5,20745
1709104200,1550.5,1554.05,1550.1,1553.25,9739
1709104500,1553.15,1553.85,1552.0,1552.6,4601
1709104800,1553.35,1554.0,1552.15,1552.65,5458
1709105100,1552.2,1553.0,1550.0,1550.9,6409
1709105400,1550.45,1551.0,1546.4,1549.3,11953
1709105700,1549.15,1550.55,1546.3,1547.6,6540
1709106000,1548.2,1548.6,1546.5,1547.6,5185
1709106300,1547.15,1548.15,1544.1,1547.65,9944
1709106600,1547.15,1549.7,1546.95,1548.3,3567
1709106900,1548.2,1548.8,1546.8,1547.95,3858
1709107200,1547.95,1552.95,1547.3,1550.9,8336
1709107500,1550.95,1554.75,1550.5,1554.05,11908
1709107800,1554.05,1555.0,1552.5,1553.55,8384
1709108100,1553.55,1554.0,1550.15,1551.15,6427
1709108400,1551.15,1554.0,1550.75,1554.0,9068
1709108700,1553.45,1554.6,1551.2,1554.1,8800
1709109000,1554.1,1555.0,1552.3,1554.8,10970
1709109300,1554.8,1555.0,1553.8,1553.85,6968
1709109600,1553.85,1556.7,1553.8,1555.9,12152
1709109900,1555.9,1556.75,1553.85,1555.0,9768
1709110200,1554.2,1555.95,1553.5,1554.35,6685
1709110500,1554.35,1555.95,1553.55,1554.1,9490
1709110800,1553.95,1554.9,1545.5,1545.8,54319
1709111100,1546.25,1548.15,1543.85,1545.5,10045
1709111400,1545.5,1546.3,1544.15,1545.1,5548
1709111700,1544.3,1547.2,1544.3,1546.95,15957
1709112000,1546.95,1549.15,1544.8,1544.8,18095
1709112300,1544.85,1545.85,1540.05,1542.05,13259
1709112600,1542.45,1544.0,1541.65,1543.5,24154
1709112900,1543.6,1544.0,1540.4,1541.8,29961
1709113200,1541.8,1541.9,1539.4,1540.1,25709
1709113500,1540.1,1540.1,1536.4,1536.55,26586
1709113800,1536.55,1539.45,1536.55,1537.85,22790
1709114100,1537.8,1545.0,1536.55,1539.1,21459
1709178300,1540.2,1540.4,1525.4,1526.55,20528
1709178600,1526.75,1531.55,1526.65,1529.4,13942
1709178900,1529.4,1538.0,1529.3,1536.0,9160
1709179200,1537.05,1539.0,1533.7,1537.65,7593
1709179500,1537.0,1539.65,1534.0,1538.85,11104
1709179800,1538.85,1542.8,1537.65,1541.0,13903
1709180100,1541.0,1546.85,1539.65,1543.15,23908
1709180400,1543.15,1549.55,1542.3,1547.5,21733
1709180700,1547.9,1551.75,1547.05,1549.3,21718
1709181000,1550.55,1550.55,1547.5,1548.65,20280
1709181300,1548.9,1551.15,1543.6,1546.6,16980
1709181600,1546.6,1546.95,1540.5,1541.15,19371
1709181900,1541.15,1544.85,1540.05,1541.0,25368
1709182200,1541.95,1545.35,1540.65,1542.55,16188
1709182500,1542.95,1543.65,1540.6,1542.0,14520
1709182800,1542.0,1543.75,1539.85,1540.25,15047
1709183100,1540.2,1545.6,1538.55,1543.0,19993
1709183400,1542.95,1549.35,1542.15,1545.75,15582
1709183700,1545.85,1546.6,1543.0,1543.1,12096
1709184000,1542.85,1545.65,1542.15,1544.6,9948
1709184300,1544.15,1546.2,1543.15,1543.15,12017
1709184600,1543.15,1547.7,1543.15,1547.0,11074
1709184900,1546.6,1547.1,1542.45,1544.15,9572
1709185200,1543.85,1550.05,1543.15,1549.0,22469
1709185500,1549.35,1550.55,1545.9,1545.9,27704
1709185800,1546.5,1548.85,1544.9,1547.35,14935
1709186100,1547.3,1549.25,1546.0,1546.4,21189
1709186400,1546.7,1550.0,1546.7,1547.4,10070
1709186700,1547.6,1550.8,1547.4,1550.2,8896
1709187000,1550.15,1550.85,1547.55,1548.1,21010
1709187300,1548.1,1550.45,1547.95,1549.75,13422
1709187600,1549.75,1550.55,1549.05,1549.95,9423
1709187900,1549.95,1550.5,1548.55,1548.8,16079
1709188200,1548.8,1550.0,1548.8,1549.55,8044
1709188500,1549.55,1550.0,1547.0,1547.45,41470
1709188800,1547.4,1548.3,1545.6,1545.95,10842
1709189100,1545.95,1546.5,1542.45,1544.1,12205
1709189400,1543.95,1545.6,1542.0,1543.5,13911
1709189700,1542.8,1545.55,1541.4,1542.4,13742
1709190000,1542.35,1547.1,1541.0,1546.65,14094
1709190300,1546.65,1548.8,1544.9,1546.9,11137
1709190600,1546.6,1550.0,1545.95,1549.5,18715
1709190900,1549.95,1549.95,1545.55,1546.5,20846
1709191200,1547.05,1548.3,1545.15,1547.45,12746
1709191500,1547.6,1549.75,1546.2,1546.6,13555
1709191800,1546.6,1546.9,1543.45,1543.9,10448
1709192100,1543.9,1546.45,1542.45,1545.4,11638
1709192400,1545.4,1548.5,1544.6,1546.6,14265
1709192700,1546.6,1549.0,1546.15,1547.7,12020
1709193000,1547.7,1547.85,1545.3,1546.85,13737
1709193300,1546.8,1547.35,1544.95,1545.25,12551
1709193600,1545.15,1549.5,1544.85,1548.65,20747
1709193900,1548.35,1550.0,1546.4,1546.8,19569
1709194200,1546.85,1550.0,1546.05,1548.6,16057
1709194500,1548.7,1550.75,1548.15,1550.2,26919
1709194800,1550.2,1551.0,1548.4,1550.4,15492
1709195100,1550.4,1553.5,1549.1,1553.25,15932
1709195400,1553.25,1553.35,1548.85,1549.6,14287
1709195700,1549.65,1550.0,1546.65,1547.45,18700
1709196000,1547.5,1548.95,1544.55,1545.75,25522
1709196300,1545.6,1548.25,1545.6,1546.65,21947
1709196600,1546.65,1547.0,1545.35,1546.0,16608
1709196900,1546.0,1546.4,1543.65,1543.65,18707
1709197200,1543.65,1545.0,1538.2,1540.1,20059
1709197500,1540.1,1542.4,1537.1,1542.05,12831
1709197800,1542.05,1545.95,1542.05,1544.95,11852
1709198100,1545.0,1547.0,1543.5,1543.5,11690
1709198400,1543.55,1546.85,1543.1,1544.55,19808
1709198700,1544.25,1544.7,1540.2,1542.6,23178
1709199000,1542.85,1548.0,1542.55,1546.35,109301
1709199300,1546.35,1550.55,1545.4,1550.1,100212
1709199600,1550.0,1554.9,1549.9,1553.45,92896
1709199900,1553.5,1557.75,1553.05,1554.5,90053
1709200200,1553.45,1558.55,1553.45,1557.95,80003
1709200500,1557.95,1567.1,1550.3,1564.95,76854
1709264700,1564.9,1569.35,1555.15,1560.2,82467
1709265000,1560.2,1560.95,1549.75,1550.5,32303
1709265300,1550.0,1551.8,1548.75,1549.25,23457
1709265600,1549.25,1550.8,1547.0,1549.35,12323
1709265900,1549.35,1553.0,1547.35,1549.85,47447
1709266200,1549.85,1550.0,1548.0,1548.45,3645
1709266500,1548.45,1550.0,1548.0,1549.7,4012
1709266800,1549.65,1554.55,1549.0,1551.0,9876
1709267100,1551.0,1553.7,1550.5,1551.5,5969
1709267400,1552.05,1556.6,1551.5,1552.05,12098
1709267700,1551.75,1552.4,1551.05,1551.9,5065
1709268000,1551.9,1552.95,1550.0,1550.1,60310
1709268300,1550.05,1550.7,1549.2,1549.75,7821
1709268600,1549.75,1552.25,1549.0,1551.5,10136
1709268900,1551.5,1554.85,1551.5,1553.95,4558
1709269200,1554.7,1556.45,1554.45,1554.95,10260
1709269500,1555.45,1555.45,1551.1,1551.2,6589
1709269800,1551.9,1552.85,1550.0,1550.3,3117
1709270100,1550.3,1551.8,1550.25,1550.8,1873
1709270400,1551.4,1552.9,1550.45,1552.6,3015
1709270700,1552.6,1554.5,1552.6,1553.0,2506
1709271000,1553.0,1553.0,1550.25,1551.1,45277
1709271300,1551.35,1552.9,1550.7,1552.9,7487
1709271600,1553.0,1555.0,1551.3,1554.05,5597
1709271900,1554.5,1554.9,1553.05,1553.15,3032
1709272200,1553.05,1555.45,1552.85,1554.45,6085
1709272500,1555.35,1555.45,1550.65,1550.65,4572
1709272800,1550.4,1551.6,1548.5,1549.2,6411
1709273100,1549.2,1550.0,1548.5,1548.8,7223
1709273400,1548.8,1549.95,1548.2,1549.25,3759
1709273700,1548.7,1550.5,1548.7,1550.0,6140
1709274000,1549.55,1550.4,1549.5,1550.0,4430
1709274300,1550.0,1550.4,1549.0,1549.9,4920
1709274600,1550.15,1550.25,1547.7,1548.95,9315
1709274900,1548.95,1548.95,1546.55,1547.6,4973
1709275200,1547.6,1549.8,1546.8,1549.75,4742
1709275500,1549.75,1549.75,1548.25,1548.85,6457
1709275800,1548.85,1550.1,1548.4,1548.6,54032
1709276100,1549.5,1550.9,1548.6,1550.0,46589
1709276400,1550.5,1551.35,1549.95,1550.0,9163
1709276700,1550.0,1551.2,1549.4,1550.25,19279
1709277000,1550.25,1554.75,1550.25,1554.1,14759
1709277300,1554.1,1554.35,1549.15,1550.45,9658
1709277600,1550.5,1550.5,1549.05,1549.8,5396
1709277900,1549.8,1550.0,1548.35,1549.05,7208
1709278200,1548.95,1550.05,1548.5,1549.45,7836
1709278500,1549.45,1550.0,1548.55,1548.95,5481
1709278800,1548.6,1550.0,1548.0,1549.35,11646
1709279100,1549.35,1549.9,1548.55,1548.55,5285
1709279400,1548.55,1550.0,1548.05,1549.2,7183
1709279700,1549.2,1550.6,1548.35,1550.0,8240
1709280000,1550.3,1550.4,1548.2,1549.95,15625
1709280300,1549.55,1551.55,1546.8,1548.0,11996
1709280600,1548.0,1549.25,1547.55,1548.75,9494
1709280900,1548.0,1549.55,1547.5,1549.0,7045
1709281200,1548.25,1549.55,1547.7,1549.1,9639
1709281500,1549.1,1549.4,1547.95,1548.45,5452
1709281800,1548.45,1549.5,1547.65,1548.8,7162
1709282100,1548.8,1549.5,1547.75,1548.85,8638
1709282400,1549.5,1549.5,1546.8,1547.45,7364
1709282700,1547.5,1548.3,1546.7,1547.45,8099
1709283000,1547.0,1548.0,1546.75,1547.85,5656
1709283300,1547.3,1548.1,1546.85,1547.2,6215
1709283600,1547.25,1548.1,1546.85,1547.05,8603
1709283900,1546.85,1549.35,1546.0,1548.75,13331
1709284200,1548.75,1549.1,1546.8,1547.0,7774
1709284500,1546.7,1549.35,1546.7,1547.2,12646
1709284800,1547.4,1548.0,1544.55,1544.85,13607
1709285100,1544.8,1547.0,1544.25,1544.6,16395
1709285400,1544.85,1546.0,1542.9,1543.65,54445
1709285700,1544.45,1546.25,1540.7,1543.1,67065
1709286000,1543.1,1543.3,1540.6,1540.8,15766
1709286300,1540.6,1541.25,1536.05,1538.15,30505
1709286600,1538.25,1540.6,1538.15,1539.4,29293
1709286900,1539.4,1542.0,1538.7,1541.0,25299
1709351100,1553.05,1557.0,1542.15,1542.15,4428
1709351400,1542.0,1545.75,1541.0,1544.75,1623
1709351700,1544.75,1546.95,1542.3,1545.6,2620
1709352000,1545.6,1547.35,1544.7,1547.1,767
1709352300,1547.1,1547.4,1545.7,1547.4,1560
1709352600,1547.4,1547.4,1545.9,1546.95,504
1709352900,1546.95,1549.45,1545.3,1549.45,2042
1709353200,1548.1,1552.7,1548.1,1550.0,1376
1709353500,1550.8,1553.75,1550.55,1550.55,2543
1709359200,1546.05,1569.4,1546.0,1549.95,669
1709359500,1550.0,1553.0,1546.5,1546.5,4039
1709359800,1547.0,1547.95,1546.5,1547.5,1549
1709360100,1547.5,1547.5,1546.5,1547.0,835
1709360400,1547.0,1547.95,1546.05,1546.05,1323
1709360700,1546.05,1546.5,1545.05,1545.05,1085
1709361000,1546.2,1547.0,1545.05,1546.45,3395
1709361300,1546.4,1547.0,1545.2,1547.0,306
1709361600,1547.0,1547.0,1546.0,1546.35,655
1709361900,1546.35,1547.0,1546.0,1546.95,7266
1709362200,1546.95,1547.0,1546.5,1547.0,3268
1709362500,1547.0,1547.0,1546.5,1546.9,8245
1709523900,1553.85,1554.0,1540.1,1540.7,26043
1709524200,1538.95,1540.65,1538.1,1539.55,12563
1709524500,1539.55,1540.95,1531.3,1531.9,22031
1709524800,1530.7,1535.0,1530.0,1533.7,22789
1709525100,1533.05,1534.95,1532.8,1533.7,13536
1709525400,1533.25,1533.25,1529.1,1529.7,15461
1709525700,1529.7,1530.6,1529.25,1529.8,14250
1709526000,1529.8,1531.45,1529.25,1530.2,19403
1709526300,1530.1,1531.2,1529.25,1529.6,27513
1709526600,1529.95,1531.05,1529.0,1530.0,13156
1709526900,1530.0,1533.1,1530.0,1530.4,20451
1709527200,1530.15,1532.55,1530.15,1532.35,13258
1709527500,1532.25,1534.15,1528.15,1529.95,17973
1709527800,1529.95,1530.0,1528.4,1528.45,8016
1709528100,1528.4,1529.45,1526.95,1528.7,12948
1709528400,1529.1,1530.1,1528.2,1528.85,13890
1709528700,1528.85,1530.2,1526.8,1528.35,15417
1709529000,1528.35,1530.0,1526.65,1528.6,16274
1709529300,1529.1,1529.9,1526.15,1527.05,13843
1709529600,1527.05,1527.45,1524.45,1524.95,148601
1709529900,1524.9,1527.15,1522.45,1526.25,12341
1709530200,1526.55,1526.55,1522.5,1522.5,31185
1709530500,1522.5,1524.65,1522.5,1524.2,11011
1709530800,1524.25,1525.5,1523.0,1524.05,16364
1709531100,1524.1,1525.25,1523.5,1523.95,13071
1709531400,1523.95,1524.0,1522.55,1522.6,11552
1709531700,1522.9,1523.55,1521.65,1521.65,11636
1709532000,1521.6,1521.85,1519.05,1520.45,21022
1709532300,1520.1,1523.25,1519.65,1521.65,11950
1709532600,1521.65,1521.95,1519.3,1520.0,21527
1709532900,1519.95,1522.25,1519.55,1519.7,20762
1709533200,1520.3,1521.0,1518.2,1519.15,67671
1709533500,1519.15,1519.15,1513.45,1514.15,48985
1709533800,1514.05,1514.5,1512.6,1513.15,34454
1709534100,1513.15,1514.7,1511.5,1512.4,29721
1709534400,1512.1,1512.9,1510.95,1511.4,17414
1709534700,1511.4,1511.45,1509.4,1510.05,18745
1709535000,1510.25,1511.0,1508.25,1510.85,27327
1709535300,1510.8,1516.45,1510.0,1515.5,36235
1709535600,1515.65,1519.0,1511.9,1516.7,96764
1709535900,1516.7,1517.45,1514.0,1514.2,37673
1709536200,1514.35,1519.0,1513.05,1518.95,55523
1709536500,1518.95,1519.45,1512.55,1514.85,50270
1709536800,1514.5,1516.95,1513.55,1514.2,21561
1709537100,1514.2,1517.25,1513.95,1516.4,17809
1709537400,1516.4,1522.1,1516.4,1521.45,45024
1709537700,1521.45,1527.8,1519.2,1526.65,120757
1709538000,1526.7,1531.0,1526.65,1528.15,79583
1709538300,1528.55,1534.85,1528.15,1532.5,68938
1709538600,1532.5,1537.4,1530.0,1530.7,84305
1709538900,1530.6,1530.6,1523.1,1526.25,43853
1709539200,1526.65,1527.0,1521.3,1522.55,11259
1709539500,1523.2,1525.1,1522.15,1522.3,7806
1709539800,1522.7,1524.25,1517.35,1517.5,16200
1709540100,1517.5,1518.8,1515.0,1518.15,18282
1709540400,1518.8,1518.95,1514.2,1517.45,22707
1709540700,1517.45,1517.45,1514.4,1515.6,10313
1709541000,1515.3,1516.45,1512.5,1515.65,9869
1709541300,1515.65,1516.85,1512.85,1513.6,14426
1709541600,1513.6,1515.7,1511.9,1515.6,17042
1709541900,1515.6,1515.8,1512.1,1513.25,12768
1709542200,1512.4,1514.0,1510.5,1511.45,19427
1709542500,1511.45,1513.9,1510.2,1513.5,13829
1709542800,1512.8,1514.0,1511.2,1512.55,12482
1709543100,1512.6,1512.9,1509.0,1511.85,18067
1709543400,1511.85,1513.0,1510.35,1512.8,11110
1709543700,1512.75,1514.7,1511.5,1514.55,14067
1709544000,1514.95,1516.0,1513.1,1516.0,15005
1709544300,1515.95,1516.0,1512.15,1513.5,16146
1709544600,1513.5,1515.6,1513.5,1514.9,29076
1709544900,1515.15,1519.9,1515.15,1518.75,37078
1709545200,1519.0,1519.0,1516.5,1518.05,39407
1709545500,1517.65,1519.6,1516.15,1519.6,37730
1709545800,1518.8,1519.9,1518.75,1519.2,41718
1709546100,1519.2,1521.45,1515.0,1515.0,28576
1709610300,1525.0,1525.0,1512.0,1513.0,26292
1709610600,1513.0,1516.9,1510.05,1515.45,22854
1709610900,1515.05,1516.0,1511.0,1512.9,35241
1709611200,1513.75,1513.75,1509.25,1509.9,24479
1709611500,1510.0,1516.1,1510.0,1514.0,15428
1709611800,1514.05,1514.65,1511.55,1511.55,16953
1709612100,1511.55,1516.9,1510.0,1514.15,27954
1709612400,1514.95,1516.5,1513.05,1514.0,18810
1709612700,1513.55,1513.55,1510.0,1511.05,10715
1709613000,1511.05,1511.5,1510.0,1510.0,6377
1709613300,1510.0,1510.95,1508.5,1508.7,11330
1709613600,1508.7,1513.75,1508.15,1513.5,12938
1709613900,1513.35,1514.7,1509.9,1510.05,6758
1709614200,1510.6,1511.45,1505.3,1506.5,18053
1709614500,1506.5,1507.6,1505.3,1506.75,17804
1709614800,1506.75,1508.75,1505.0,1505.5,13640
1709615100,1505.5,1509.45,1505.2,1508.75,9464
1709615400,1508.75,1508.95,1506.0,1506.05,9227
1709615700,1506.15,1507.95,1506.0,1506.2,8905
1709616000,1506.3,1507.05,1506.1,1507.05,5868
1709616300,1507.05,1509.0,1506.15,1506.75,18636
1709616600,1506.75,1507.5,1505.9,1505.9,10644
1709616900,1505.85,1505.85,1504.1,1504.6,13365
1709617200,1504.6,1506.55,1504.55,1505.7,10339
1709617500,1505.7,1505.7,1502.5,1502.75,5397
1709617800,1502.75,1504.05,1501.5,1501.95,11215
1709618100,1501.5,1504.25,1501.0,1503.85,17872
1709618400,1503.85,1503.85,1500.95,1501.55,24818
1709618700,1501.35,1501.55,1499.05,1500.5,16973
1709619000,1500.5,1501.5,1499.7,1501.0,11644
1709619300,1500.9,1501.25,1499.0,1500.15,12927
1709619600,1499.95,1501.2,1498.6,1499.25,9786
1709619900,1499.25,1500.0,1499.0,1499.4,6333
1709620200,1499.35,1499.45,1496.55,1496.6,11653
1709620500,1496.6,1497.0,1495.1,1496.3,10523
1709620800,1496.9,1497.7,1496.3,1496.4,6646
1709621100,1496.3,1496.35,1493.95,1495.2,13874
1709621400,1495.2,1495.2,1492.5,1492.7,10921
1709621700,1492.7,1494.0,1492.4,1493.7,9680
1709622000,1493.7,1495.95,1492.8,1493.3,13288
1709622300,1493.3,1495.05,1493.1,1494.85,8005
1709622600,1494.85,1495.55,1494.4,1495.2,5515
1709622900,1495.2,1497.0,1494.25,1495.3,37402
1709623200,1495.4,1495.7,1492.8,1494.4,15723
1709623500,1494.3,1496.45,1494.15,1495.95,14763
1709623800,1496.05,1496.95,1495.75,1495.9,18318
1709624100,1495.95,1496.95,1494.85,1495.05,20104
1709624400,1495.05,1495.35,1492.8,1492.85,13317
1709624700,1492.85,1495.55,1492.4,1494.55,12845
1709625000,1494.5,1496.65,1494.25,1495.9,9760
1709625300,1495.95,1499.45,1495.4,1499.4,165703
1709625600,1499.0,1503.85,1499.0,1503.7,24623
1709625900,1502.85,1505.4,1501.85,1505.35,21586
1709626200,1504.5,1506.4,1503.8,1504.85,15155
1709626500,1504.35,1505.75,1501.3,1501.45,21863
1709626800,1501.45,1502.0,1496.6,1498.2,10221
1709627100,1498.7,1500.0,1496.6,1500.0,105473
1709627400,1499.7,1500.0,1497.45,1498.8,8214
1709627700,1498.2,1499.55,1497.4,1497.75,6302
1709628000,1497.05,1499.1,1495.85,1498.2,7355
1709628300,1498.2,1498.5,1496.0,1496.75,3853
1709628600,1496.65,1500.95,1496.5,1497.8,8128
1709628900,1498.0,1498.85,1495.15,1496.2,8428
1709629200,1496.35,1497.15,1494.0,1495.85,12933
1709629500,1495.6,1496.95,1494.7,1496.7,8869
1709629800,1496.7,1497.25,1492.3,1494.35,60363
1709630100,1494.95,1495.9,1493.5,1494.75,16330
1709630400,1494.75,1495.5,1492.1,1495.0,19780
1709630700,1494.85,1498.1,1493.25,1497.0,29176
1709631000,1497.0,1497.25,1490.8,1491.65,52769
1709631300,1491.7,1492.85,1487.95,1489.2,32057
1709631600,1489.2,1490.0,1488.05,1489.5,26392
1709631900,1489.7,1492.35,1489.45,1489.55,34018
1709632200,1489.75,1491.6,1488.8,1491.5,28416
1709632500,1491.45,1497.0,1489.1,1492.25,27468
1709696700,1492.25,1508.4,1487.0,1507.8,78551
1709697000,1507.8,1513.6,1505.35,1511.9,75359
1709697300,1511.9,1515.0,1503.2,1507.8,48824
1709697600,1507.1,1511.85,1505.25,1506.25,23253
1709697900,1506.95,1506.95,1499.25,1505.65,36425
1709698200,1505.3,1506.4,1495.6,1503.35,46692
1709698500,1504.2,1504.65,1499.0,1502.85,34668
1709698800,1502.7,1503.15,1498.15,1499.25,28653
1709699100,1499.2,1499.95,1495.35,1495.35,41160
1709699400,1495.35,1495.45,1488.25,1491.75,37391
1709699700,1490.65,1495.3,1490.05,1494.6,21081
1709700000,1494.6,1498.15,1493.35,1496.5,18007
1709700300,1496.0,1498.0,1494.35,1496.15,49609
1709700600,1496.05,1498.0,1493.65,1494.35,11181
1709700900,1494.3,1494.4,1488.7,1488.85,16787
1709701200,1488.85,1493.0,1488.65,1493.0,11911
1709701500,1493.0,1495.0,1491.65,1492.05,12503
1709701800,1492.05,1495.0,1492.0,1493.95,9375
1709702100,1493.75,1495.0,1491.55,1491.75,6133
1709702400,1491.8,1493.25,1490.2,1491.85,4203
1709702700,1491.85,1494.2,1490.5,1493.0,6043
1709703000,1493.05,1494.6,1492.0,1493.35,5944
1709703300,1493.35,1494.1,1490.35,1491.3,3734
1709703600,1491.2,1491.65,1490.0,1490.5,4310
1709703900,1490.5,1490.65,1488.8,1489.95,5579
1709704200,1489.95,1490.65,1489.05,1490.1,1494
1709704500,1490.35,1493.05,1489.75,1492.95,5827
1709704800,1493.05,1493.25,1491.15,1491.15,5941
1709705100,1491.15,1491.4,1488.65,1488.65,3905
1709705400,1488.9,1491.75,1488.2,1490.85,3376
1709705700,1490.95,1496.4,1489.65,1496.05,7347
1709706000,1496.05,1499.6,1495.45,1498.3,11098
1709706300,1498.3,1501.0,1495.25,1495.45,11699
1709706600,1495.4,1495.45,1491.0,1492.75,5372
1709706900,1492.75,1492.8,1489.05,1489.5,5688
1709707200,1489.5,1492.2,1489.5,1491.4,6633
1709707500,1491.45,1491.45,1489.5,1491.0,5767
1709707800,1490.95,1492.95,1489.5,1491.35,4940
1709708100,1491.35,1492.2,1490.0,1492.2,7283
1709708400,1492.2,1494.4,1491.35,1493.0,10347
1709708700,1493.6,1494.1,1491.4,1491.5,9360
1709709000,1491.15,1493.0,1489.0,1489.15,8311
1709709300,1489.1,1490.4,1489.0,1489.85,6215
1709709600,1489.8,1490.0,1489.3,1489.35,4343
1709709900,1489.55,1491.55,1489.3,1490.05,6498
1709710200,1490.05,1491.45,1489.35,1489.4,9868
1709710500,1489.35,1493.95,1489.35,1493.95,13545
1709710800,1494.35,1496.85,1493.3,1495.55,22328
1709711100,1495.6,1495.75,1493.2,1493.6,12136
1709711400,1493.7,1495.0,1493.55,1494.8,7282
1709711700,1494.8,1496.75,1494.4,1494.4,14488
1709712000,1494.7,1495.75,1494.0,1495.0,9425
1709712300,1495.0,1496.3,1493.25,1496.2,17572
1709712600,1496.25,1499.7,1496.25,1498.25,17745
1709712900,1498.25,1500.7,1496.0,1496.0,37941
1709713200,1495.75,1499.55,1495.7,1497.6,28493
1709713500,1497.65,1498.6,1495.65,1496.6,51247
1709713800,1496.2,1497.6,1493.0,1496.1,36184
1709714100,1496.1,1500.75,1495.6,1500.2,31014
1709714400,1500.2,1506.0,1498.9,1504.1,38820
1709714700,1504.5,1511.5,1504.5,1509.7,63233
1709715000,1509.75,1511.9,1508.65,1510.55,20976
1709715300,1510.6,1515.85,1510.25,1513.7,25251
1709715600,1513.75,1515.0,1511.55,1514.95,46643
1709715900,1514.5,1521.9,1514.15,1520.95,32536
1709716200,1521.45,1522.45,1517.0,1518.8,26497
1709716500,1518.65,1519.7,1517.4,1518.5,8032
1709716800,1518.5,1521.0,1517.35,1519.55,18266
1709717100,1519.6,1520.55,1516.95,1516.95,11085
1709717400,1517.2,1520.75,1517.2,1520.45,23635
1709717700,1520.55,1521.2,1519.5,1520.75,25985
1709718000,1520.75,1522.2,1519.5,1520.15,27406
1709718300,1520.0,1521.9,1519.45,1520.0,43854
1709718600,1520.6,1523.9,1519.0,1519.55,57020
1709718900,1519.55,1523.65,1518.5,1523.65,20710
1709783100,1520.0,1521.3,1510.2,1517.7,53104
1709783400,1516.25,1520.9,1514.8,1519.1,20357
1709783700,1519.1,1520.2,1517.0,1517.6,4861
1709784000,1517.6,1518.3,1512.6,1517.15,24793
1709784300,1517.15,1517.15,1508.0,1509.2,23655
1709784600,1509.2,1509.2,1504.1,1507.1,27705
1709784900,1506.25,1508.5,1504.85,1505.1,26328
1709785200,1505.1,1505.3,1502.35,1505.3,36715
1709785500,1506.35,1507.2,1505.1,1506.15,11984
1709785800,1506.15,1507.4,1505.2,1506.15,16935
1709786100,1506.4,1508.2,1505.2,1506.05,15539
1709786400,1506.0,1507.15,1505.05,1505.5,8189
1709786700,1505.5,1506.35,1500.15,1500.2,105702
1709787000,1500.7,1502.9,1500.1,1500.85,16678
1709787300,1500.9,1502.35,1497.4,1499.95,64000
1709787600,1499.05,1500.05,1498.1,1499.2,22202
1709787900,1499.0,1501.15,1498.0,1500.55,10966
1709788200,1501.1,1503.7,1498.85,1501.25,16567
1709788500,1501.0,1501.1,1498.0,1499.85,35032
1709788800,1499.9,1500.0,1496.5,1499.2,15147
1709789100,1498.9,1502.3,1498.25,1499.7,37487
1709789400,1499.9,1500.0,1497.4,1500.0,78952
1709789700,1500.0,1500.0,1496.0,1496.95,27318
1709790000,1497.35,1498.8,1496.0,1496.2,19645
1709790300,1496.15,1496.15,1493.1,1493.8,20157
1709790600,1494.0,1495.5,1493.1,1494.55,18334
1709790900,1494.55,1495.35,1493.25,1494.35,24374
1709791200,1494.25,1496.5,1494.05,1495.05,11940
1709791500,1495.0,1498.9,1494.85,1498.05,14479
1709791800,1498.05,1498.7,1496.15,1497.2,15127
1709792100,1497.55,1498.05,1495.0,1495.0,16662
1709792400,1495.0,1496.25,1495.0,1495.75,6639
1709792700,1496.15,1496.8,1494.0,1494.0,14891
1709793000,1493.95,1495.25,1493.65,1494.45,10503
1709793300,1494.45,1495.4,1493.3,1493.55,9644
1709793600,1494.1,1494.2,1493.0,1493.0,8088
1709793900,1493.45,1493.9,1493.0,1493.35,11778
1709794200,1493.35,1495.75,1493.2,1494.0,15119
1709794500,1494.65,1494.65,1493.1,1493.1,18707
1709794800,1493.65,1493.65,1492.1,1492.55,14105
1709795100,1492.6,1495.75,1492.25,1493.0,30756
1709795400,1493.7,1493.7,1491.55,1491.95,18418
1709795700,1492.15,1495.75,1491.1,1495.5,20355
1709796000,1495.5,1498.1,1494.6,1496.7,18351
1709796300,1496.35,1497.0,1493.75,1494.3,18709
1709796600,1494.85,1496.55,1492.15,1492.4,31032
1709796900,1492.7,1494.45,1491.4,1492.9,30516
1709797200,1492.1,1492.85,1490.75,1491.35,21806
1709797500,1491.05,1491.5,1489.5,1490.65,23769
1709797800,1490.6,1491.45,1489.2,1489.8,18260
1709798100,1489.65,1490.85,1489.0,1490.35,13643
1709798400,1490.0,1494.5,1489.0,1493.85,40832
1709798700,1493.9,1498.05,1493.1,1495.75,51268
1709799000,1495.75,1497.25,1494.25,1495.0,31188
1709799300,1495.6,1506.2,1493.85,1503.0,85765
1709799600,1502.95,1509.0,1500.0,1507.95,66930
1709799900,1507.9,1508.95,1506.05,1506.85,28801
1709800200,1506.8,1510.0,1504.1,1506.95,52757
1709800500,1507.5,1514.85,1506.8,1510.85,83044
1709800800,1511.05,1513.7,1506.0,1512.1,89459
1709801100,1511.2,1515.1,1511.2,1515.0,32825
1709801400,1515.2,1515.35,1511.9,1512.15,41021
1709801700,1512.15,1512.5,1509.4,1510.25,37004
1709802000,1510.1,1515.0,1509.75,1512.25,72811
1709802300,1512.2,1512.85,1509.85,1511.65,38722
1709802600,1511.65,1511.65,1506.3,1507.65,40958
1709802900,1507.7,1509.2,1506.1,1507.85,33368
1709803200,1507.15,1507.55,1503.9,1504.4,32198
1709803500,1504.4,1506.8,1504.0,1506.6,24813
1709803800,1506.4,1512.3,1504.75,1511.9,81357
1709804100,1511.9,1513.25,1508.9,1512.0,74191
1709804400,1512.0,1514.55,1510.0,1510.7,70611
1709804700,1510.65,1511.6,1509.4,1510.55,47958
1709805000,1510.2,1511.55,1509.25,1511.35,63092
1709805300,1511.1,1513.6,1506.25,1506.25,51366
1710128700,1526.95,1532.2,1517.3,1529.65,128997
1710129000,1529.95,1539.8,1526.9,1527.5,182996
1710129300,1527.5,1527.9,1517.1,1522.0,76295
1710129600,1522.55,1523.0,1517.5,1521.15,22059
1710129900,1520.4,1521.75,1518.5,1520.15,16743
1710130200,1520.0,1528.5,1519.9,1528.5,22936
1710130500,1527.95,1534.65,1527.95,1534.2,35277
1710130800,1534.0,1534.2,1531.5,1532.9,13615
1710131100,1532.8,1533.95,1528.0,1530.55,16454
1710131400,1530.3,1530.3,1527.0,1527.6,9749
1710131700,1527.0,1527.55,1523.5,1526.45,11774
1710132000,1526.4,1526.6,1524.85,1525.0,8319
1710132300,1524.9,1525.65,1522.5,1523.6,8511
1710132600,1523.0,1525.3,1521.4,1525.0,10434
1710132900,1524.9,1531.75,1523.45,1531.05,12775
1710133200,1531.0,1533.15,1528.0,1528.0,7600
1710133500,1528.0,1531.0,1527.25,1527.4,100987
1710133800,1527.4,1529.3,1524.45,1525.3,6533
1710134100,1525.3,1528.35,1524.85,1528.05,5933
1710134400,1527.3,1527.3,1525.0,1527.0,4778
1710134700,1527.2,1527.5,1525.15,1526.5,5034
1710135000,1527.1,1527.1,1525.0,1525.05,3115
1710135300,1525.05,1526.8,1523.5,1524.05,9712
1710135600,1524.05,1524.55,1520.3,1521.05,5805
1710135900,1520.4,1522.55,1518.2,1519.3,14584
1710136200,1520.45,1520.55,1515.0,1515.5,12641
1710136500,1515.5,1518.85,1513.6,1518.45,20784
1710136800,1518.5,1522.15,1518.05,1521.75,9539
1710137100,1521.55,1523.25,1519.1,1520.95,189147
1710137400,1521.0,1525.0,1520.85,1522.95,8452
1710137700,1522.9,1523.75,1518.8,1519.6,143006
1710138000,1519.6,1519.6,1514.5,1515.25,10207
1710138300,1515.1,1520.5,1514.25,1520.5,53386
1710138600,1520.5,1521.0,1518.8,1520.4,4318
1710138900,1520.05,1529.3,1520.05,1525.65,15183
1710139200,1525.75,1529.5,1525.55,1526.3,10178
1710139500,1526.45,1528.2,1524.6,1525.25,11861
1710139800,1525.25,1525.6,1519.15,1522.55,9231
1710140100,1522.2,1522.55,1519.6,1520.0,5934
1710140400,1520.55,1522.0,1519.95,1520.35,4682
1710140700,1520.35,1524.25,1520.35,1524.05,6063
1710141000,1523.45,1524.05,1521.1,1522.3,6934
1710141300,1522.6,1522.9,1518.65,1519.05,5552
1710141600,1519.0,1520.85,1519.0,1519.85,9558
1710141900,1520.0,1523.95,1519.85,1521.0,6130
1710142200,1521.0,1521.6,1520.05,1520.65,2637
1710142500,1520.75,1520.75,1519.1,1519.45,3920
1710142800,1519.45,1519.45,1515.8,1518.35,9059
1710143100,1518.35,1520.0,1517.15,1519.55,5246
1710143400,1519.55,1523.0,1518.8,1521.95,9784
1710143700,1521.95,1527.0,1521.9,1526.25,9168
1710144000,1527.0,1528.5,1526.1,1528.5,9059
1710144300,1528.5,1531.5,1528.45,1529.5,18019
1710144600,1529.3,1531.95,1529.15,1530.15,13674
1710144900,1530.1,1531.5,1529.3,1530.25,7303
1710145200,1530.35,1530.65,1529.4,1530.0,6924
1710145500,1530.25,1530.9,1527.15,1530.55,12837
1710145800,1530.55,1530.7,1528.6,1530.15,10086
1710146100,1530.15,1531.0,1527.6,1528.3,6972
1710146400,1529.0,1530.4,1528.0,1528.05,6632
1710146700,1528.05,1530.7,1527.55,1529.1,17893
1710147000,1529.0,1530.7,1526.6,1529.4,17277
1710147300,1529.35,1530.7,1528.65,1530.7,9683
1710147600,1530.7,1534.95,1530.1,1530.1,17386
1710147900,1530.25,1532.7,1530.0,1531.65,6656
1710148200,1531.75,1531.9,1530.0,1530.8,9260
1710148500,1530.85,1531.9,1529.5,1530.35,7356
1710148800,1530.7,1532.9,1529.6,1532.5,14062
1710149100,1532.55,1533.0,1530.7,1532.2,11977
1710149400,1532.2,1533.2,1530.55,1532.4,52353
1710149700,1532.4,1532.6,1530.8,1532.15,63998
1710150000,1532.0,1533.0,1530.0,1532.4,58464
1710150300,1532.35,1532.65,1530.05,1532.25,48576
1710150600,1532.25,1532.65,1530.65,1532.25,40456
1710150900,1532.2,1535.0,1532.0,1534.0,33551
1710215100,1533.0,1534.7,1530.0,1532.95,28728
1710215400,1532.7,1539.05,1532.1,1538.5,31536
1710215700,1538.35,1538.6,1534.55,1535.05,25585
1710216000,1535.05,1549.6,1531.7,1548.05,74200
1710216300,1548.0,1551.75,1540.8,1549.0,109036
1710216600,1549.0,1549.0,1535.4,1535.7,36298
1710216900,1535.3,1541.35,1535.0,1536.4,31387
1710217200,1536.45,1537.0,1533.0,1535.05,19648
1710217500,1535.65,1540.6,1535.5,1537.55,36770
1710217800,1537.55,1544.0,1535.2,1541.15,35042
1710218100,1541.1,1541.95,1536.05,1539.15,171659
1710218400,1538.3,1545.8,1538.3,1544.9,18685
1710218700,1545.0,1545.0,1539.25,1542.35,7278
1710219000,1542.4,1543.15,1537.2,1537.75,11807
1710219300,1538.0,1540.0,1537.35,1539.0,7659
1710219600,1538.9,1544.9,1537.05,1539.2,19510
1710219900,1539.4,1541.95,1537.05,1540.15,15288
1710220200,1540.15,1541.9,1526.6,1530.0,65582
1710220500,1530.0,1530.65,1509.05,1519.2,168770
1710220800,1519.15,1524.15,1516.9,1519.8,27566
1710221100,1520.15,1539.7,1520.15,1527.45,65773
1710221400,1527.3,1533.5,1526.2,1530.25,13424
1710221700,1530.25,1532.3,1526.6,1526.6,6583
1710222000,1526.6,1531.4,1526.05,1530.15,4564
1710222300,1530.15,1530.8,1527.4,1528.9,2486
1710222600,1529.05,1529.7,1526.2,1528.0,6025
1710222900,1528.9,1528.9,1522.9,1522.9,6062
1710223200,1523.5,1526.75,1522.8,1524.35,5647
1710223500,1524.35,1525.55,1518.95,1520.65,9141
1710223800,1520.7,1523.15,1520.15,1521.55,6606
1710224100,1521.55,1522.65,1518.65,1519.9,9624
1710224400,1520.55,1522.45,1520.1,1521.75,5191
1710224700,1521.5,1522.0,1518.0,1519.75,10932
1710225000,1519.75,1520.85,1517.2,1520.5,6501
1710225300,1520.8,1525.0,1520.25,1521.85,3639
1710225600,1522.35,1530.0,1520.7,1522.25,20197
1710225900,1522.45,1523.35,1519.95,1522.5,5707
1710226200,1522.75,1527.0,1522.1,1523.5,10543
1710226500,1523.7,1525.75,1522.35,1523.45,7604
1710226800,1523.7,1525.8,1523.15,1524.45,4103
1710227100,1524.45,1525.95,1519.45,1519.7,5578
1710227400,1519.7,1523.6,1519.5,1522.5,4417
1710227700,1522.45,1523.0,1520.6,1521.2,3593
1710228000,1521.2,1521.75,1519.65,1521.75,4225
1710228300,1521.75,1524.65,1521.1,1522.65,12367
1710228600,1522.55,1523.5,1520.5,1520.85,5451
1710228900,1520.85,1524.25,1520.3,1522.95,9128
1710229200,1522.6,1530.75,1521.45,1530.0,20603
1710229500,1530.0,1530.0,1525.0,1526.5,13212
1710229800,1526.5,1526.85,1524.0,1524.0,5329
1710230100,1524.05,1529.55,1523.0,1529.45,6453
1710230400,1529.4,1529.55,1526.6,1527.15,5822
1710230700,1526.65,1527.8,1525.3,1526.9,6766
1710231000,1526.9,1528.4,1526.05,1526.4,7071
1710231300,1526.3,1528.2,1524.85,1525.85,5547
1710231600,1525.85,1527.45,1524.95,1526.5,5858
1710231900,1526.5,1528.0,1525.45,1525.9,10350
1710232200,1525.85,1526.65,1523.85,1524.8,6278
1710232500,1524.65,1525.7,1521.1,1521.9,6840
1710232800,1521.75,1521.75,1517.0,1519.45,8892
1710233100,1519.45,1521.75,1518.5,1521.45,6569
1710233400,1521.25,1521.55,1518.1,1518.7,5979
1710233700,1518.7,1519.6,1514.05,1514.4,12320
1710234000,1514.35,1518.3,1514.0,1516.55,7032
1710234300,1516.55,1522.05,1516.45,1521.3,16579
1710234600,1521.3,1523.6,1519.45,1521.05,10239
1710234900,1521.05,1521.95,1518.35,1518.35,6908
1710235200,1518.8,1520.0,1516.9,1519.65,11132
1710235500,1519.65,1521.15,1515.75,1518.55,17997
1710235800,1518.2,1520.5,1516.8,1519.15,41410
1710236100,1518.8,1518.8,1514.75,1514.75,26414
1710236400,1514.75,1516.8,1513.0,1516.2,33873
1710236700,1516.0,1518.55,1514.25,1516.65,45536
1710237000,1516.25,1517.3,1514.7,1516.15,36282
1710237300,1515.8,1518.35,1512.5,1515.0,24133
1710301500,1524.0,1532.6,1514.9,1530.3,56910
1710301800,1529.65,1531.7,1518.05,1519.65,18487
1710302100,1519.65,1523.3,1518.95,1521.65,9129
1710302400,1521.95,1523.2,1519.15,1522.9,10642
1710302700,1522.9,1522.9,1517.35,1519.8,8203
1710303000,1519.2,1524.0,1519.2,1521.1,9813
1710303300,1521.1,1521.85,1518.0,1519.7,5041
1710303600,1520.15,1521.55,1518.45,1519.35,5041
1710303900,1518.65,1520.1,1512.7,1515.05,85381
1710304200,1513.7,1515.7,1512.4,1513.15,5226
1710304500,1513.15,1514.95,1506.55,1507.3,12267
1710304800,1507.3,1511.5,1505.9,1511.1,4922
1710305100,1511.5,1515.75,1510.7,1514.9,11161
1710305400,1514.7,1515.1,1512.0,1512.3,71557
1710305700,1512.85,1514.0,1511.1,1511.5,7762
1710306000,1511.6,1512.15,1508.95,1510.55,6430
1710306300,1510.75,1512.7,1510.1,1512.55,5862
1710306600,1512.3,1514.0,1511.0,1512.25,4616
1710306900,1512.25,1512.8,1512.15,1512.7,1302
1710307200,1512.7,1512.9,1510.05,1511.35,5160
1710307500,1511.35,1511.55,1509.45,1509.45,5789
1710307800,1510.05,1510.05,1505.85,1506.0,8526
1710308100,1506.0,1507.4,1504.0,1506.75,5553
1710308400,1506.75,1506.75,1502.1,1503.15,3452
1710308700,1503.15,1505.0,1503.15,1504.85,3665
1710309000,1504.85,1506.5,1501.45,1502.2,6371
1710309300,1502.2,1503.25,1498.0,1501.65,10601
1710309600,1501.65,1501.65,1495.2,1498.2,10074
1710309900,1498.3,1501.2,1497.25,1499.25,5123
1710310200,1499.25,1499.6,1497.0,1499.55,4001
1710310500,1499.55,1499.55,1494.3,1495.0,5717
1710310800,1495.0,1497.95,1492.6,1494.05,13257
1710311100,1494.15,1495.0,1488.25,1489.95,39737
1710311400,1489.95,1490.0,1484.7,1488.3,36665
1710311700,1488.75,1492.95,1488.2,1492.1,56537
1710312000,1492.1,1493.3,1488.0,1488.55,12759
1710312300,1488.5,1489.7,1487.7,1487.7,3597
1710312600,1487.65,1488.85,1485.0,1487.15,8745
1710312900,1487.15,1489.6,1485.1,1488.35,7159
1710313200,1488.35,1490.0,1485.8,1489.6,8910
1710313500,1489.5,1491.5,1488.85,1490.75,52203
1710313800,1490.1,1490.8,1486.55,1489.35,10898
1710314100,1489.65,1492.7,1489.35,1492.05,12242
1710314400,1492.0,1496.0,1489.15,1495.85,11255
1710314700,1495.85,1506.05,1495.25,1506.05,11693
1710315000,1505.05,1505.4,1500.65,1502.0,8310
1710315300,1501.95,1502.0,1499.25,1500.0,6476
1710315600,1500.0,1500.5,1497.1,1500.5,4408
1710315900,1500.3,1500.8,1495.0,1498.4,16487
1710316200,1497.5,1498.45,1493.45,1494.9,17768
1710316500,1494.9,1498.95,1493.85,1498.0,9808
1710316800,1498.15,1502.6,1497.3,1498.6,18446
1710317100,1498.6,1500.4,1494.45,1495.9,13065
1710317400,1495.9,1496.75,1492.95,1494.0,11253
1710317700,1494.0,1494.0,1490.45,1492.0,46950
1710318000,1492.0,1492.0,1488.1,1490.95,17620
1710318300,1490.2,1495.2,1489.6,1493.2,52671
1710318600,1493.2,1500.3,1493.1,1499.9,17838
1710318900,1499.6,1501.05,1498.5,1499.9,9701
1710319200,1499.1,1499.95,1496.25,1496.85,11851
1710319500,1496.85,1498.45,1494.0,1497.4,9544
1710319800,1497.4,1498.0,1494.0,1495.8,12013
1710320100,1495.7,1496.75,1491.65,1493.25,9198
1710320400,1493.25,1494.25,1487.3,1488.85,10158
1710320700,1488.75,1488.95,1481.85,1483.1,12003
1710321000,1483.2,1484.85,1480.65,1484.6,12040
1710321300,1484.6,1490.75,1484.55,1490.2,20839
1710321600,1490.7,1490.7,1488.5,1489.0,5810
1710321900,1488.95,1489.0,1485.8,1486.4,7892
1710322200,1486.5,1497.9,1486.5,1496.1,60084
1710322500,1496.1,1496.1,1485.0,1486.6,76846
1710322800,1486.6,1487.5,1481.8,1485.85,70200
1710323100,1485.95,1488.7,1483.1,1484.7,74836
1710323400,1485.0,1488.0,1482.95,1485.25,70057
1710323700,1484.45,1489.55,1483.05,1487.15,47548
1710387900,1482.2,1482.2,1465.3,1471.4,41275
1710388200,1472.1,1484.95,1471.65,1484.95,17288
1710388500,1484.95,1488.4,1481.35,1487.95,14055
1710388800,1487.7,1491.95,1487.4,1491.95,10667
1710389100,1491.9,1492.3,1488.55,1491.5,11517
1710389400,1491.5,1494.95,1491.5,1494.0,11266
1710389700,1493.95,1497.4,1492.85,1497.4,15504
1710390000,1497.4,1500.0,1496.1,1499.4,11906
1710390300,1499.4,1501.0,1496.25,1497.7,10831
1710390600,1497.7,1500.05,1495.05,1500.05,9501
1710390900,1500.05,1502.55,1499.55,1499.85,7551
1710391200,1499.55,1500.0,1497.3,1499.1,5212
1710391500,1499.1,1499.6,1492.8,1493.25,15766
1710391800,1492.6,1493.45,1491.65,1492.1,6851
1710392100,1492.45,1493.85,1488.65,1489.6,12660
1710392400,1489.6,1506.85,1487.85,1506.15,17048
1710392700,1506.6,1508.9,1502.1,1502.9,7591
1710393000,1502.9,1503.35,1501.1,1501.1,2699
1710393300,1501.4,1503.85,1501.1,1503.85,3127
1710393600,1503.85,1503.85,1500.8,1501.1,1272
1710393900,1501.1,1505.85,1500.45,1505.85,8253
1710394200,1505.7,1506.85,1504.15,1504.5,5663
1710394500,1504.55,1505.7,1502.5,1503.9,6063
1710394800,1503.9,1505.2,1502.95,1504.1,4132
1710395100,1504.1,1504.75,1503.15,1504.4,3154
1710395400,1503.95,1504.4,1498.15,1498.85,14823
1710395700,1498.85,1501.3,1496.85,1501.2,10637
1710396000,1501.2,1508.9,1500.35,1507.75,12835
1710396300,1507.3,1512.0,1506.0,1510.95,11454
1710396600,1510.95,1513.0,1507.85,1512.65,14307
1710396900,1512.65,1513.35,1510.65,1511.95,10781
1710397200,1512.55,1514.55,1511.1,1511.9,13759
1710397500,1511.9,1513.4,1510.9,1512.2,10873
1710397800,1512.2,1512.6,1509.3,1509.9,9373
1710398100,1509.9,1510.95,1503.8,1505.15,12377
1710398400,1504.9,1507.2,1504.0,1505.1,14348
1710398700,1505.1,1505.9,1500.85,1501.95,11086
1710399000,1501.15,1503.95,1500.15,1502.85,11681
1710399300,1502.9,1504.65,1502.15,1504.05,9595
1710399600,1504.05,1504.9,1503.15,1503.95,10055
1710399900,1503.85,1504.6,1500.3,1502.1,7075
1710400200,1502.0,1503.0,1500.5,1502.95,8803
1710400500,1503.0,1504.6,1501.15,1502.4,10197
1710400800,1502.4,1502.9,1500.0,1500.9,5396
1710401100,1500.7,1501.0,1497.7,1499.7,9778
1710401400,1499.9,1501.05,1498.9,1500.35,7100
1710401700,1500.35,1500.95,1498.0,1498.6,10223
1710402000,1498.55,1499.9,1497.8,1497.95,8074
1710402300,1497.85,1502.7,1497.5,1502.4,11376
1710402600,1502.95,1505.05,1502.45,1504.3,12316
1710402900,1504.3,1505.0,1503.35,1503.85,10328
1710403200,1503.5,1503.95,1498.75,1499.25,12793
1710403500,1499.35,1500.65,1497.8,1497.8,8840
1710403800,1498.2,1500.0,1497.6,1498.3,18376
1710404100,1497.6,1498.8,1494.5,1495.45,18505
1710404400,1495.45,1496.65,1491.85,1492.45,12046
1710404700,1492.55,1494.8,1491.9,1493.4,19147
1710405000,1493.4,1495.55,1492.25,1493.15,17068
1710405300,1493.25,1494.55,1491.85,1492.45,9649
1710405600,1492.4,1495.55,1492.4,1494.0,20353
1710405900,1493.95,1495.3,1491.8,1492.6,15486
1710406200,1492.6,1495.75,1491.0,1493.95,13161
1710406500,1494.05,1494.95,1492.05,1492.35,7056
1710406800,1492.25,1494.65,1492.15,1494.15,6128
1710407100,1494.15,1495.65,1493.85,1494.45,7334
1710407400,1494.45,1495.8,1494.0,1495.55,6155
1710407700,1495.5,1495.5,1494.05,1494.25,5167
1710408000,1494.25,1496.3,1494.15,1496.1,6956
1710408300,1496.1,1496.9,1494.2,1496.6,13511
1710408600,1496.7,1509.35,1496.6,1505.55,101013
1710408900,1506.45,1509.6,1503.2,1506.75,71393
1710409200,1506.75,1507.9,1503.55,1503.65,59752
1710409500,1504.6,1507.6,1503.65,1505.6,42558
1710409800,1505.6,1512.3,1505.6,1510.45,35811
1710410100,1510.5,1510.65,1504.05,1507.85,26270
1710474300,1482.0,1503.95,1482.0,1490.6,37913
1710474600,1491.3,1500.0,1486.45,1498.05,28649
1710474900,1498.05,1503.0,1495.6,1496.35,25501
1710475200,1496.35,1498.85,1493.05,1494.7,15538
1710475500,1493.8,1494.1,1489.65,1490.4,13411
1710475800,1489.5,1492.8,1489.4,1490.95,11205
1710476100,1490.95,1495.1,1490.95,1492.95,7192
1710476400,1492.15,1493.65,1490.0,1490.5,7005
1710476700,1490.5,1491.65,1487.0,1487.15,9660
1710477000,1487.15,1490.45,1485.0,1490.45,17543
1710477300,1490.4,1490.5,1483.15,1484.1,12673
1710477600,1484.05,1486.9,1484.05,1486.2,7693
1710477900,1486.65,1488.35,1485.45,1485.45,6343
1710478200,1485.45,1488.95,1483.9,1488.0,9044
1710478500,1488.9,1491.0,1486.85,1486.9,13186
1710478800,1487.6,1487.65,1484.35,1484.4,5605
1710479100,1484.4,1485.0,1482.95,1483.05,12102
1710479400,1483.1,1486.2,1481.1,1485.25,19779
1710479700,1485.8,1490.3,1485.0,1489.45,13755
1710480000,1489.45,1490.65,1487.9,1490.05,11194
1710480300,1490.05,1492.45,1487.9,1488.0,7617
1710480600,1488.3,1489.7,1487.9,1489.25,4063
1710480900,1489.25,1489.25,1485.7,1485.85,5522
1710481200,1485.85,1488.95,1485.75,1486.95,8803
1710481500,1486.95,1486.95,1484.0,1485.95,9840
1710481800,1485.95,1486.35,1483.55,1483.75,15931
1710482100,1483.75,1486.6,1483.75,1486.2,7255
1710482400,1486.2,1487.75,1485.15,1485.65,4612
1710482700,1485.9,1486.85,1483.45,1484.0,7485
1710483000,1484.5,1491.9,1483.05,1489.65,24494
1710483300,1489.75,1492.25,1489.0,1489.3,21243
1710483600,1489.3,1490.55,1489.0,1489.55,7672
1710483900,1489.55,1489.7,1485.15,1487.3,3668
1710484200,1487.7,1488.35,1484.6,1485.05,4582
1710484500,1485.8,1486.95,1485.0,1485.0,4390
1710484800,1485.0,1491.35,1485.0,1489.75,24157
1710485100,1489.8,1493.65,1489.8,1493.45,10683
1710485400,1493.45,1493.5,1489.45,1490.5,7062
1710485700,1490.35,1490.85,1489.85,1489.85,3018
1710486000,1490.2,1490.8,1488.6,1489.6,2075
1710486300,1490.1,1490.15,1488.8,1488.8,1907
1710486600,1489.15,1490.2,1487.85,1488.5,9158
1710486900,1488.5,1489.95,1487.85,1489.25,4675
1710487200,1489.6,1492.0,1489.1,1491.5,11184
1710487500,1491.55,1492.7,1491.0,1491.8,10070
1710487800,1492.0,1492.0,1488.05,1488.55,4071
1710488100,1489.2,1490.0,1487.9,1488.6,15431
1710488400,1488.6,1489.65,1486.75,1487.6,10567
1710488700,1487.65,1488.1,1485.0,1486.1,8901
1710489000,1486.75,1487.2,1486.1,1486.4,9132
1710489300,1486.55,1487.35,1485.6,1486.0,9423
1710489600,1486.0,1487.4,1486.0,1486.95,9746
1710489900,1487.2,1493.6,1487.1,1492.55,35224
1710490200,1492.55,1493.6,1491.0,1492.2,19235
1710490500,1492.15,1493.95,1492.15,1493.9,8338
1710490800,1493.9,1495.9,1493.9,1495.1,14993
1710491100,1495.1,1497.7,1491.85,1493.35,20871
1710491400,1493.35,1495.45,1493.35,1494.7,10534
1710491700,1494.7,1494.95,1492.2,1493.0,6523
1710492000,1493.0,1493.95,1492.0,1492.05,8608
1710492300,1492.3,1493.25,1491.9,1492.05,5340
1710492600,1492.0,1492.35,1490.3,1490.9,19533
1710492900,1490.9,1493.1,1490.35,1491.3,18706
1710493200,1491.3,1492.45,1489.1,1489.8,13185
1710493500,1490.45,1492.85,1489.75,1492.35,23963
1710493800,1492.4,1494.9,1492.25,1494.2,27907
1710494100,1494.2,1496.75,1493.45,1495.7,25070
1710494400,1495.7,1500.45,1495.65,1499.85,20778
1710494700,1499.85,1504.15,1499.8,1503.7,15958
1710495000,1503.6,1504.95,1494.35,1497.65,125622
1710495300,1497.6,1499.25,1496.8,1497.6,101681
1710495600,1498.5,1502.0,1497.7,1501.65,92298
1710495900,1501.65,1502.45,1499.55,1502.4,84114
1710496200,1501.95,1503.65,1499.25,1499.65,95591
1710496500,1499.65,1503.95,1496.65,1502.35,99370
1710733500,1493.0,1503.45,1486.25,1491.8,21911
1710733800,1491.25,1493.45,1490.1,1492.75,9022
1710734100,1492.75,1497.95,1492.75,1497.1,15985
1710734400,1497.1,1498.9,1493.7,1493.7,13024
1710734700,1493.7,1497.0,1492.4,1493.4,6187
1710735000,1493.0,1493.4,1490.4,1492.65,7321
1710735300,1493.4,1494.6,1491.2,1494.6,7600
1710735600,1494.25,1495.7,1492.65,1494.6,6801
1710735900,1494.6,1495.7,1493.0,1493.0,4437
1710736200,1493.0,1494.1,1491.6,1492.2,8125
1710736500,1492.2,1492.75,1489.3,1489.9,7356
1710736800,1489.35,1489.9,1487.05,1487.2,13727
1710737100,1487.2,1492.0,1487.2,1490.5,5877
1710737400,1490.5,1491.6,1490.25,1490.4,3153
1710737700,1490.4,1496.25,1490.25,1496.0,21931
1710738000,1495.85,1495.85,1491.65,1491.7,4803
1710738300,1491.7,1495.0,1491.0,1494.95,6397
1710738600,1494.95,1495.2,1492.9,1494.0,9420
1710738900,1494.0,1495.05,1493.15,1494.45,2674
1710739200,1494.3,1495.85,1494.25,1495.8,2353
1710739500,1495.8,1496.0,1493.55,1494.4,2237
1710739800,1494.05,1494.45,1490.55,1490.55,2714
1710740100,1490.55,1490.9,1488.45,1488.45,12256
1710740400,1488.1,1489.25,1484.1,1485.0,8953
1710740700,1485.0,1485.0,1479.75,1484.6,22687
1710741000,1484.6,1485.6,1483.0,1483.45,2874
1710741300,1483.45,1483.45,1482.1,1482.7,5768
1710741600,1482.7,1482.7,1479.15,1479.15,6025
1710741900,1479.15,1482.5,1478.3,1481.05,14506
1710742200,1481.05,1481.8,1478.8,1479.8,7968
1710742500,1479.8,1480.65,1479.75,1480.0,2116
1710742800,1480.0,1483.65,1479.2,1481.25,8202
1710743100,1481.25,1484.25,1480.55,1481.85,10779
1710743400,1481.95,1486.8,1480.0,1483.9,5091
1710743700,1483.9,1485.1,1483.15,1484.1,6614
1710744000,1484.5,1486.55,1483.3,1484.15,3635
1710744300,1484.2,1486.05,1483.8,1485.6,1487
1710744600,1485.6,1487.55,1485.4,1487.45,7938
1710744900,1487.45,1488.1,1485.55,1485.9,1442
1710745200,1486.05,1487.3,1485.15,1486.65,4888
1710745500,1486.65,1487.45,1485.4,1485.7,2776
1710745800,1485.7,1485.7,1481.7,1481.85,5533
1710746100,1481.8,1484.55,1481.8,1483.4,8743
1710746400,1482.75,1485.0,1482.4,1483.1,4405
1710746700,1483.1,1484.95,1482.15,1483.75,5645
1710747000,1483.75,1484.2,1482.1,1482.5,3904
1710747300,1483.15,1484.85,1482.05,1484.65,2809
1710747600,1484.65,1485.35,1483.15,1483.8,11076
1710747900,1483.95,1486.45,1483.9,1484.8,16182
1710748200,1484.85,1488.75,1484.75,1488.6,7213
1710748500,1488.6,1489.35,1486.7,1488.0,3991
1710748800,1488.1,1491.05,1487.95,1489.7,5716
1710749100,1489.55,1489.7,1486.9,1487.45,6166
1710749400,1487.45,1490.7,1486.0,1490.2,11241
1710749700,1490.7,1490.7,1488.0,1488.25,3463
1710750000,1488.1,1490.2,1487.1,1488.8,12185
1710750300,1489.4,1491.85,1489.1,1490.25,4026
1710750600,1490.25,1491.45,1489.35,1490.05,6211
1710750900,1489.9,1490.45,1487.15,1489.05,4455
1710751200,1489.0,1489.05,1486.05,1486.6,5267
1710751500,1486.6,1489.05,1485.7,1485.7,8472
1710751800,1485.7,1491.1,1485.15,1490.8,18543
1710752100,1490.6,1491.65,1489.2,1490.6,8356
1710752400,1490.6,1490.6,1488.9,1489.3,12249
1710752700,1489.3,1490.85,1488.6,1488.6,10424
1710753000,1488.95,1491.4,1488.6,1489.05,10310
1710753300,1489.1,1490.3,1488.2,1490.1,8491
1710753600,1490.1,1490.1,1487.65,1488.0,4838
1710753900,1488.25,1490.2,1487.0,1490.2,5252
1710754200,1490.05,1491.8,1489.4,1490.5,14599
1710754500,1490.5,1490.95,1487.25,1488.0,16063
1710754800,1488.0,1490.1,1487.9,1489.2,15574
1710755100,1489.2,1492.55,1488.9,1490.7,26637
1710755400,1490.55,1490.7,1489.1,1489.45,17579
1710755700,1489.4,1490.65,1485.1,1490.05,16564
1710819900,1480.0,1488.95,1475.55,1477.85,37569
1710820200,1477.1,1477.15,1473.7,1473.7,14216
1710820500,1473.75,1476.8,1472.5,1474.9,18013
1710820800,1474.0,1477.15,1473.9,1475.2,14724
1710821100,1475.25,1477.4,1474.0,1474.0,9343
1710821400,1474.0,1475.55,1472.15,1475.3,9354
1710821700,1475.3,1475.3,1470.0,1470.75,19945
1710822000,1470.6,1474.95,1470.0,1474.95,9754
1710822300,1474.95,1476.0,1473.45,1474.15,7184
1710822600,1472.8,1473.95,1470.85,1472.45,8563
1710822900,1471.95,1474.8,1470.0,1473.75,7971
1710823200,1473.05,1473.7,1471.8,1473.5,7615
1710823500,1473.45,1473.45,1471.1,1471.55,5395
1710823800,1471.6,1475.65,1470.9,1473.85,7951
1710824100,1474.45,1475.2,1471.4,1472.7,8527
1710824400,1472.7,1479.1,1472.35,1474.05,17616
1710824700,1474.05,1476.6,1473.3,1474.5,7095
1710825000,1474.95,1475.65,1470.15,1471.0,13769
1710825300,1471.45,1475.3,1470.6,1475.3,6672
1710825600,1475.0,1477.4,1473.65,1476.0,7183
1710825900,1476.0,1476.95,1473.9,1476.35,7545
1710826200,1476.45,1476.7,1472.2,1473.0,5665
1710826500,1472.95,1473.7,1463.3,1464.0,15845
1710826800,1464.0,1464.1,1461.0,1463.45,15962
1710827100,1463.0,1465.9,1463.0,1464.05,8460
1710827400,1464.05,1468.55,1463.75,1465.4,31377
1710827700,1465.4,1468.45,1464.2,1464.7,15112
1710828000,1464.4,1468.95,1464.4,1468.05,18375
1710828300,1468.05,1469.75,1465.85,1467.65,18102
1710828600,1466.7,1472.75,1466.55,1471.05,18097
1710828900,1471.05,1474.95,1471.05,1474.05,14161
1710829200,1474.1,1474.75,1471.2,1471.95,17450
1710829500,1471.95,1472.55,1469.2,1469.3,8302
1710829800,1469.15,1469.85,1467.05,1467.75,9052
1710830100,1467.75,1470.0,1466.6,1469.7,5636
1710830400,1469.7,1470.0,1467.3,1468.8,5380
1710830700,1468.8,1469.6,1466.9,1468.5,5984
1710831000,1468.6,1469.3,1466.8,1467.25,3162
1710831300,1467.25,1467.8,1465.3,1466.05,7398
1710831600,1465.4,1467.65,1465.0,1466.8,6581
1710831900,1467.05,1467.95,1464.6,1465.8,7889
1710832200,1465.8,1466.35,1464.25,1465.45,4807
1710832500,1465.55,1468.2,1464.2,1464.8,7932
1710832800,1464.5,1466.05,1462.2,1462.75,6487
1710833100,1462.75,1463.85,1461.95,1462.6,4415
1710833400,1462.6,1464.95,1462.15,1463.35,9525
1710833700,1462.8,1466.0,1462.45,1465.3,6178
1710834000,1465.3,1466.0,1463.55,1465.25,7547
1710834300,1464.85,1466.15,1464.15,1465.05,3988
1710834600,1465.4,1466.6,1464.65,1464.85,3450
1710834900,1464.85,1465.4,1463.35,1463.8,4425
1710835200,1463.8,1465.2,1463.15,1464.95,5100
1710835500,1464.5,1466.0,1464.15,1465.4,3338
1710835800,1465.4,1467.4,1465.15,1466.45,7010
1710836100,1466.45,1468.5,1466.4,1466.7,8286
1710836400,1466.7,1469.35,1466.5,1467.6,9814
1710836700,1467.6,1467.7,1465.0,1465.2,9722
1710837000,1465.25,1469.1,1464.0,1467.7,15236
1710837300,1467.7,1468.25,1465.8,1466.0,7423
1710837600,1466.75,1466.8,1463.0,1465.55,13937
1710837900,1465.35,1468.5,1463.55,1466.1,12330
1710838200,1466.1,1469.45,1465.6,1468.05,5778
1710838500,1467.4,1467.45,1464.65,1465.0,14169
1710838800,1465.15,1466.5,1464.0,1465.4,7006
1710839100,1465.85,1467.8,1464.8,1465.5,9361
1710839400,1465.9,1466.6,1463.7,1464.8,20893
1710839700,1464.6,1465.7,1462.6,1464.8,19860
1710840000,1464.1,1468.8,1463.45,1467.95,51263
1710840300,1468.0,1469.6,1466.5,1467.15,55156
1710840600,1467.4,1468.7,1464.15,1466.95,39267
1710840900,1467.05,1467.05,1463.0,1464.4,26844
1710841200,1463.9,1464.3,1458.4,1459.2,34054
1710841500,1459.2,1461.4,1456.75,1457.65,43887
1710841800,1457.65,1459.5,1456.7,1457.0,22590
1710842100,1457.0,1461.05,1456.3,1461.05,25345
1710906300,1460.0,1466.5,1458.05,1462.5,22981
1710906600,1463.8,1466.15,1460.1,1461.15,9309
1710906900,1462.0,1463.45,1460.0,1461.9,5187
1710907200,1461.9,1462.1,1459.0,1461.4,11378
1710907500,1461.4,1464.4,1461.05,1464.25,6662
1710907800,1464.25,1464.6,1462.05,1462.6,4175
1710908100,1462.05,1464.0,1461.45,1464.0,3526
1710908400,1464.0,1466.9,1463.35,1464.2,6951
1710908700,1464.2,1464.5,1461.65,1461.7,4774
1710909000,1461.55,1462.05,1455.45,1458.65,5598
1710909300,1458.65,1460.25,1457.05,1458.35,4878
1710909600,1457.95,1458.35,1453.8,1454.05,4885
1710909900,1454.05,1457.95,1453.55,1456.85,3941
1710910200,1456.5,1456.5,1451.2,1454.8,6756
1710910500,1454.8,1455.0,1452.05,1452.85,15012
1710910800,1452.85,1453.0,1450.0,1453.0,12828
1710911100,1453.35,1456.95,1453.35,1455.0,15371
1710911400,1454.0,1454.75,1453.75,1454.05,15543
1710911700,1454.05,1454.1,1452.75,1453.9,26261
1710912000,1454.1,1455.85,1453.6,1455.75,10489
1710912300,1455.75,1459.9,1455.75,1459.7,5531
1710912600,1459.85,1459.85,1457.9,1459.3,6696
1710912900,1459.3,1461.65,1458.75,1461.55,3209
1710913200,1461.55,1462.9,1460.4,1461.25,2902
1710913500,1461.0,1461.25,1457.7,1458.25,3655
1710913800,1458.25,1458.8,1457.2,1457.95,3172
1710914100,1457.95,1462.85,1456.8,1462.85,4515
1710914400,1462.15,1462.95,1460.75,1461.2,3331
1710914700,1461.3,1461.3,1459.5,1459.5,2122
1710915000,1459.9,1463.7,1459.05,1462.45,5813
1710915300,1462.6,1463.5,1460.35,1462.45,4261
1710915600,1461.7,1462.8,1461.0,1462.65,2074
1710915900,1462.65,1463.6,1461.9,1463.6,4659
1710916200,1463.7,1464.45,1462.05,1462.35,3006
1710916500,1462.35,1463.05,1459.05,1462.5,6025
1710916800,1462.5,1462.5,1460.65,1461.3,3198
1710917100,1460.95,1464.7,1460.75,1463.2,6150
1710917400,1463.3,1463.3,1461.25,1461.95,3291
1710917700,1461.95,1462.95,1460.5,1462.95,5944
1710918000,1462.7,1464.65,1462.35,1464.55,2832
1710918300,1464.05,1464.05,1460.5,1461.0,10163
1710918600,1461.0,1463.6,1460.6,1463.55,6365
1710918900,1463.55,1464.4,1462.85,1463.05,4515
1710919200,1463.05,1464.0,1462.4,1462.95,5139
1710919500,1462.2,1464.0,1462.2,1463.75,2741
1710919800,1463.75,1464.0,1462.55,1464.0,2881
1710920100,1464.0,1466.3,1463.95,1466.0,3587
1710920400,1466.3,1469.25,1466.0,1468.75,6085
1710920700,1468.55,1469.45,1466.1,1466.1,3161
1710921000,1466.75,1468.85,1466.5,1468.3,4294
1710921300,1468.3,1468.65,1464.0,1464.85,4334
1710921600,1464.85,1464.85,1462.3,1464.0,3789
1710921900,1463.4,1464.0,1463.0,1463.65,2635
1710922200,1463.05,1463.65,1461.65,1463.15,12981
1710922500,1462.55,1463.8,1461.35,1461.75,2505
1710922800,1461.35,1465.0,1460.5,1463.0,6306
1710923100,1463.5,1464.25,1461.15,1461.15,4733
1710923400,1460.95,1462.3,1460.5,1461.2,3216
1710923700,1460.6,1462.15,1459.4,1461.95,5552
1710924000,1461.4,1462.75,1459.5,1461.55,7119
1710924300,1461.7,1465.25,1461.45,1464.85,4822
1710924600,1464.1,1464.45,1460.65,1461.6,3620
1710924900,1461.6,1462.0,1460.1,1460.8,3455
1710925200,1460.8,1460.85,1458.05,1459.9,3702
1710925500,1460.4,1460.9,1458.2,1459.7,5204
1710925800,1459.7,1460.7,1458.6,1459.9,3229
1710926100,1460.0,1460.4,1459.4,1459.95,2037
1710926400,1459.25,1461.0,1458.3,1459.9,2954
1710926700,1459.4,1460.0,1457.0,1458.7,6319
1710927000,1458.8,1459.3,1457.55,1458.35,9149
1710927300,1458.5,1459.95,1457.6,1459.35,7446
1710927600,1459.3,1459.95,1458.0,1459.2,11042
1710927900,1459.1,1459.5,1457.6,1458.35,9610
1710928200,1458.35,1458.9,1457.2,1458.1,11689
1710928500,1458.0,1460.65,1457.3,1459.15,11978
1710992700,1472.9,1472.9,1458.0,1459.65,19594
1710993000,1459.65,1466.95,1459.1,1466.2,10830
1710993300,1466.7,1469.0,1464.7,1465.1,7225
1710993600,1465.55,1469.0,1465.55,1467.65,6391
1710993900,1467.9,1469.8,1466.65,1468.0,5642
1710994200,1467.7,1468.5,1463.9,1467.8,4109
1710994500,1467.6,1469.8,1465.75,1466.4,6008
1710994800,1466.4,1469.1,1465.3,1468.05,4548
1710995100,1469.05,1469.95,1465.65,1469.65,2496
1710995400,1469.95,1471.5,1469.05,1470.9,4375
1710995700,1471.55,1472.0,1469.3,1471.25,4895
1710996000,1472.0,1476.55,1471.3,1475.0,10496
1710996300,1475.65,1476.45,1467.25,1467.7,14670
1710996600,1468.4,1470.0,1467.0,1468.1,4310
1710996900,1468.05,1473.3,1468.05,1470.0,3509
1710997200,1470.6,1472.95,1469.6,1471.15,6519
1710997500,1471.15,1473.85,1471.0,1472.0,4728
1710997800,1471.95,1472.45,1469.65,1470.65,3832
1710998100,1470.2,1475.25,1470.2,1472.6,3956
1710998400,1472.6,1473.5,1470.35,1471.95,3250
1710998700,1471.9,1472.15,1468.85,1469.5,3455
1710999000,1469.5,1471.85,1468.5,1471.7,3192
1710999300,1471.7,1471.7,1464.05,1465.2,29561
1710999600,1465.0,1471.45,1465.0,1469.2,15972
1710999900,1469.2,1471.95,1469.2,1471.1,3223
1711000200,1470.35,1476.7,1470.35,1474.9,5236
1711000500,1475.0,1477.0,1473.65,1475.3,5520
1711000800,1474.75,1475.85,1472.65,1474.05,2385
1711001100,1474.0,1475.4,1471.0,1471.0,2917
1711001400,1470.55,1471.15,1468.6,1468.9,6849
1711001700,1468.85,1472.0,1468.85,1469.4,1612
1711002000,1469.0,1469.5,1464.1,1464.1,106211
1711002300,1463.2,1466.4,1462.6,1464.1,4648
1711002600,1464.3,1466.25,1462.5,1463.0,5785
1711002900,1462.6,1466.45,1462.45,1462.55,6406
1711003200,1462.5,1464.15,1460.7,1462.3,8232
1711003500,1462.1,1466.3,1461.55,1465.65,4300
1711003800,1465.65,1465.95,1463.75,1464.3,2206
1711004100,1464.2,1466.15,1462.75,1466.15,5108
1711004400,1465.3,1467.7,1464.55,1466.35,5812
1711004700,1467.0,1468.35,1466.0,1467.45,4435
1711005000,1467.45,1468.5,1466.15,1467.4,3510
1711005300,1466.75,1468.7,1464.2,1464.7,4013
1711005600,1464.7,1465.3,1461.75,1463.5,6608
1711005900,1464.0,1467.45,1463.1,1463.1,6814
1711006200,1463.0,1467.1,1462.95,1466.05,9821
1711006500,1466.05,1466.9,1464.1,1465.8,2590
1711006800,1465.45,1466.05,1462.7,1463.55,2958
1711007100,1463.2,1464.95,1462.15,1463.4,3596
1711007400,1463.4,1464.15,1460.4,1461.85,5615
1711007700,1461.05,1461.85,1460.0,1461.45,3528
1711008000,1461.45,1464.8,1461.45,1464.8,2687
1711008300,1463.95,1468.05,1462.95,1468.0,7187
1711008600,1467.6,1468.75,1465.45,1466.65,6306
1711008900,1465.85,1467.55,1464.1,1465.95,2891
1711009200,1465.4,1468.25,1465.4,1466.65,2828
1711009500,1466.0,1468.35,1464.0,1465.7,7252
1711009800,1465.75,1467.15,1464.25,1466.85,4514
1711010100,1466.4,1467.5,1463.4,1464.35,5582
1711010400,1464.2,1466.3,1462.0,1464.05,32792
1711010700,1464.1,1465.1,1461.3,1463.0,21645
1711011000,1462.65,1466.0,1462.65,1465.2,4673
1711011300,1464.4,1466.8,1462.05,1465.2,24675
1711011600,1464.9,1466.6,1462.05,1462.05,23091
1711011900,1463.15,1467.0,1462.0,1466.8,10323
1711012200,1466.8,1471.95,1466.8,1469.2,28089
1711012500,1468.6,1471.8,1468.6,1471.0,5863
1711012800,1471.0,1471.75,1465.25,1469.2,37867
1711013100,1469.2,1469.2,1462.6,1464.35,31942
1711013400,1464.1,1468.6,1460.15,1466.15,92863
1711013700,1466.8,1470.55,1464.2,1468.8,66075
1711014000,1469.7,1473.3,1467.85,1471.9,55053
1711014300,1471.95,1472.9,1468.65,1470.9,32184
1711014600,1470.95,1472.9,1468.55,1472.45,22547
1711014900,1472.55,1472.9,1468.5,1468.5,16399
1711079100,1474.0,1478.8,1467.35,1473.05,18986
1711079400,1473.45,1473.45,1468.3,1469.25,3418
1711079700,1470.0,1471.95,1468.9,1471.75,1717
1711080000,1471.75,1472.55,1469.3,1470.15,5301
1711080300,1470.6,1470.95,1462.0,1464.0,6286
1711080600,1464.0,1464.9,1460.85,1462.0,6551
1711080900,1462.4,1462.7,1460.0,1460.0,3045
1711081200,1460.0,1461.5,1458.1,1459.65,3855
1711081500,1459.0,1461.1,1458.65,1459.65,2512
1711081800,1459.65,1461.65,1459.35,1460.7,2286
1711082100,1461.0,1462.15,1459.7,1462.15,4839
1711082400,1462.15,1462.95,1461.0,1461.55,7327
1711082700,1461.55,1465.35,1460.15,1463.8,4372
1711083000,1464.75,1464.85,1462.15,1463.9,2764
1711083300,1463.45,1464.35,1462.1,1463.3,2659
1711083600,1463.6,1464.95,1463.3,1464.85,5511
1711083900,1463.5,1468.8,1463.5,1468.0,5349
1711084200,1468.7,1468.9,1465.75,1466.5,3099
1711084500,1466.5,1468.8,1466.0,1468.8,4293
1711084800,1468.8,1470.15,1468.05,1469.25,4455
1711085100,1469.25,1469.4,1467.65,1469.2,2852
1711085400,1469.2,1472.8,1469.0,1470.8,4141
1711085700,1470.8,1472.0,1470.05,1471.25,4173
1711086000,1471.45,1472.8,1470.35,1472.8,3596
1711086300,1473.0,1480.0,1472.8,1479.05,21236
1711086600,1478.95,1484.75,1478.1,1482.95,29689
1711086900,1483.0,1487.0,1482.0,1484.8,7522
1711087200,1484.8,1486.9,1483.7,1486.0,4331
1711087500,1486.0,1487.0,1484.35,1485.55,5286
1711087800,1485.55,1485.95,1484.15,1484.8,3066
1711088100,1484.8,1486.0,1483.85,1485.95,9219
1711088400,1485.95,1485.95,1483.55,1483.9,3319
1711088700,1483.9,1485.35,1483.4,1484.75,4785
1711089000,1484.8,1484.8,1480.2,1480.95,3384
1711089300,1480.95,1482.25,1480.3,1481.55,3361
1711089600,1481.55,1482.2,1479.4,1480.05,3557
1711089900,1480.45,1481.15,1479.4,1480.3,2493
1711090200,1480.3,1483.5,1479.25,1483.5,3700
1711090500,1483.45,1485.1,1482.35,1483.9,3990
1711090800,1483.9,1486.0,1483.55,1485.25,4137
1711091100,1485.3,1485.95,1485.0,1485.95,5798
1711091400,1485.95,1488.95,1485.75,1487.1,8378
1711091700,1487.6,1489.0,1486.05,1487.0,5256
1711092000,1486.6,1490.4,1486.6,1490.15,5335
1711092300,1490.1,1490.7,1487.9,1489.05,3045
1711092600,1489.05,1492.9,1488.7,1490.65,6490
1711092900,1490.65,1493.0,1489.4,1492.55,4545
1711093200,1492.7,1493.0,1489.95,1492.6,4883
1711093500,1492.6,1493.0,1489.7,1492.0,4872
1711093800,1492.0,1492.7,1490.9,1492.35,3181
1711094100,1492.35,1494.85,1490.55,1492.7,13284
1711094400,1492.7,1495.0,1492.35,1493.55,5031
1711094700,1493.5,1494.0,1491.7,1492.8,4108
1711095000,1492.8,1494.8,1491.75,1494.5,6464
1711095300,1494.5,1497.9,1493.7,1497.75,5531
1711095600,1497.5,1499.45,1496.5,1497.9,9155
1711095900,1497.85,1503.45,1497.5,1501.1,14655
1711096200,1501.1,1502.4,1498.15,1498.75,5889
1711096500,1498.75,1501.45,1498.45,1500.4,5364
1711096800,1500.35,1501.5,1499.15,1499.15,3210
1711097100,1499.15,1504.45,1499.0,1504.05,8931
1711097400,1504.05,1509.95,1504.05,1509.8,16207
1711097700,1509.75,1511.0,1505.95,1506.15,20206
1711098000,1506.05,1506.05,1502.15,1503.55,9620
1711098300,1503.7,1503.7,1500.5,1502.0,4988
1711098600,1502.0,1506.2,1501.2,1505.25,5211
1711098900,1505.25,1505.25,1499.7,1500.05,6590
1711099200,1499.65,1501.75,1499.5,1501.75,4078
1711099500,1501.6,1502.75,1500.6,1502.55,4520
1711099800,1502.45,1503.95,1500.5,1502.7,19508
1711100100,1502.55,1502.85,1499.25,1500.2,20838
1711100400,1500.25,1502.05,1500.0,1500.55,20864
1711100700,1500.6,1502.6,1499.05,1500.0,23805
1711101000,1500.1,1502.55,1500.0,1502.4,23909
1711101300,1502.45,1502.65,1495.3,1495.3,22805
1711424700,1458.5,1509.45,1457.8,1502.5,150739
1711425000,1503.45,1506.9,1494.45,1497.7,40094
1711425300,1497.1,1501.85,1492.5,1497.4,17247
1711425600,1497.4,1500.0,1493.35,1496.85,16448
1711425900,1496.85,1499.8,1492.95,1496.5,14837
1711426200,1495.65,1495.65,1489.05,1490.85,15996
1711426500,1491.1,1492.95,1489.4,1492.95,11390
1711426800,1492.45,1497.15,1492.05,1495.05,13967
1711427100,1494.9,1495.05,1490.7,1492.3,8086
1711427400,1492.85,1493.45,1483.65,1488.15,17063
1711427700,1488.1,1491.0,1483.95,1487.6,12254
1711428000,1487.95,1489.25,1485.1,1486.95,5681
1711428300,1486.95,1489.4,1483.0,1485.1,10621
1711428600,1485.2,1487.3,1484.0,1484.65,12663
1711428900,1484.7,1484.95,1483.1,1484.65,7265
1711429200,1484.9,1484.95,1479.0,1479.7,13895
1711429500,1480.15,1481.6,1478.0,1480.15,9890
1711429800,1480.9,1481.1,1479.1,1480.0,5297
1711430100,1480.0,1481.9,1478.0,1481.9,6939
1711430400,1481.85,1485.4,1480.9,1483.25,24281
1711430700,1483.25,1483.45,1480.05,1481.9,26375
1711431000,1481.9,1487.65,1481.4,1486.55,22741
1711431300,1486.4,1489.5,1485.75,1488.9,34634
1711431600,1489.6,1490.15,1488.65,1489.6,8897
1711431900,1489.6,1491.25,1489.1,1489.8,36733
1711432200,1489.8,1490.9,1487.35,1487.85,18365
1711432500,1488.0,1488.2,1485.2,1487.3,5606
1711432800,1487.3,1488.75,1485.8,1487.8,6197
1711433100,1488.05,1489.0,1486.25,1487.5,4990
1711433400,1487.5,1488.9,1486.8,1488.7,6449
1711433700,1488.75,1489.05,1487.4,1487.9,10429
1711434000,1488.1,1490.95,1487.35,1490.5,10839
1711434300,1490.35,1493.55,1488.1,1493.25,12094
1711434600,1493.25,1493.25,1490.55,1491.25,8264
1711434900,1491.2,1492.25,1488.95,1489.85,12261
1711435200,1489.85,1490.95,1488.6,1490.05,12912
1711435500,1489.7,1490.15,1488.0,1488.25,6292
1711435800,1488.2,1488.25,1484.05,1485.7,12457
1711436100,1485.65,1486.5,1483.0,1483.65,14899
1711436400,1483.65,1485.65,1482.9,1484.9,9114
1711436700,1484.9,1488.6,1484.65,1485.9,24711
1711437000,1486.05,1487.0,1485.6,1486.85,5297
1711437300,1486.8,1488.85,1485.3,1485.6,6908
1711437600,1485.65,1487.0,1484.6,1485.25,9380
1711437900,1485.25,1486.0,1483.7,1485.95,9483
1711438200,1485.95,1486.0,1484.35,1485.05,9695
1711438500,1485.3,1486.5,1484.25,1486.45,6437
1711438800,1486.5,1486.5,1484.5,1485.0,8319
1711439100,1484.95,1486.0,1484.95,1486.0,8933
1711439400,1486.0,1486.95,1485.0,1486.45,20344
1711439700,1486.0,1487.7,1485.65,1486.5,16636
1711440000,1486.5,1488.85,1486.0,1488.15,8942
1711440300,1488.15,1490.9,1487.9,1490.05,6390
1711440600,1490.2,1491.0,1488.7,1489.6,8251
1711440900,1489.6,1490.4,1486.75,1489.65,7869
1711441200,1489.6,1492.0,1489.1,1492.0,13414
1711441500,1491.95,1493.5,1491.2,1493.5,15286
1711441800,1493.5,1493.95,1491.0,1491.7,10959
1711442100,1491.7,1493.3,1490.8,1491.85,11927
1711442400,1491.9,1493.5,1491.8,1492.6,10853
1711442700,1492.8,1493.35,1491.0,1491.55,14669
1711443000,1491.55,1492.0,1489.55,1492.0,15357
1711443300,1491.85,1492.9,1489.6,1491.55,15386
1711443600,1491.55,1492.8,1488.95,1488.95,15756
1711443900,1488.95,1490.5,1487.75,1488.6,17615
1711444200,1488.45,1489.45,1485.75,1488.5,22355
1711444500,1488.55,1488.95,1485.45,1486.75,21291
1711444800,1486.1,1491.15,1486.1,1489.55,22236
1711445100,1489.5,1490.0,1486.8,1487.95,18942
1711445400,1488.55,1488.55,1484.55,1487.4,44561
1711445700,1487.35,1487.95,1484.55,1485.1,47079
1711446000,1485.1,1485.8,1483.55,1483.95,36646
1711446300,1483.95,1484.6,1483.55,1484.25,35031
1711446600,1484.3,1488.0,1484.25,1487.75,43681
1711446900,1487.7,1491.55,1485.05,1489.45,64027
1711511100,1490.0,1493.1,1480.55,1482.0,18384
1711511400,1481.5,1485.05,1481.3,1484.9,6601
1711511700,1484.4,1488.95,1484.4,1488.5,9590
1711512000,1488.5,1490.0,1486.45,1487.6,6577
1711512300,1487.5,1491.2,1487.5,1490.6,3549
1711512600,1490.4,1492.45,1490.4,1491.5,3619
1711512900,1491.5,1495.35,1491.5,1495.35,9901
1711513200,1495.4,1496.3,1493.1,1494.85,6356
1711513500,1494.85,1497.95,1494.85,1496.6,7304
1711513800,1497.35,1498.85,1497.15,1498.35,5833
1711514100,1498.05,1499.0,1496.05,1498.85,6346
1711514400,1498.8,1499.0,1495.75,1496.75,3335
1711514700,1496.75,1496.85,1492.2,1492.95,7502
1711515000,1492.95,1494.9,1492.2,1494.5,4830
1711515300,1495.0,1495.45,1492.2,1492.2,2948
1711515600,1492.2,1494.7,1491.0,1493.85,85701
1711515900,1494.9,1496.7,1493.45,1494.3,10229
1711516200,1494.3,1496.6,1493.5,1496.6,2308
1711516500,1495.75,1498.45,1494.55,1495.35,4235
1711516800,1495.35,1495.35,1491.05,1493.5,3668
1711517100,1493.5,1494.0,1490.9,1492.8,5167
1711517400,1491.9,1493.0,1490.15,1492.4,7579
1711517700,1492.4,1495.0,1492.4,1495.0,5310
1711518000,1495.0,1496.25,1494.2,1496.2,3514
1711518300,1496.2,1497.1,1493.9,1494.9,6313
1711518600,1494.9,1496.45,1493.35,1494.15,10273
1711518900,1493.4,1495.1,1493.4,1494.8,2113
1711519200,1494.8,1494.8,1491.0,1491.0,3175
1711519500,1491.0,1491.7,1490.45,1491.65,2470
1711519800,1491.65,1494.75,1490.9,1492.55,4121
1711520100,1493.45,1493.7,1490.9,1492.45,2923
1711520400,1492.45,1492.8,1490.85,1491.35,4446
1711520700,1491.35,1491.75,1489.4,1490.1,6529
1711521000,1489.95,1490.7,1489.4,1490.0,3330
1711521300,1490.0,1491.95,1490.0,1490.95,1785
1711521600,1490.95,1491.85,1489.5,1490.4,2725
1711521900,1490.4,1491.45,1488.55,1488.95,3474
1711522200,1489.0,1489.9,1486.25,1487.45,5435
1711522500,1488.05,1488.05,1486.5,1486.55,2654
1711522800,1486.3,1486.5,1482.55,1483.0,8468
1711523100,1483.15,1485.25,1482.5,1483.6,3686
1711523400,1484.25,1484.55,1483.0,1483.8,4434
1711523700,1483.05,1484.05,1483.0,1483.15,1917
1711524000,1483.15,1484.75,1483.1,1484.05,4268
1711524300,1484.15,1487.8,1483.8,1487.25,7629
1711524600,1487.5,1488.0,1486.0,1486.65,3776
1711524900,1486.55,1487.45,1484.05,1486.75,5000
1711525200,1486.75,1488.1,1484.65,1485.85,12733
1711525500,1486.5,1487.75,1485.9,1487.05,11458
1711525800,1487.1,1488.25,1486.6,1487.5,3176
1711526100,1487.8,1488.05,1486.1,1487.6,5161
1711526400,1487.8,1491.0,1487.75,1490.25,15811
1711526700,1490.85,1491.0,1490.0,1491.0,14376
1711527000,1491.0,1491.0,1488.25,1488.6,9276
1711527300,1489.35,1490.35,1488.85,1490.0,4898
1711527600,1490.0,1490.65,1488.4,1490.65,3043
1711527900,1490.1,1490.85,1489.05,1489.95,3169
1711528200,1490.25,1490.3,1487.85,1488.0,3950
1711528500,1487.85,1487.85,1485.6,1486.0,4091
1711528800,1486.0,1487.95,1484.95,1487.65,6490
1711529100,1487.75,1488.5,1486.4,1487.7,3675
1711529400,1487.8,1489.4,1487.5,1489.0,3594
1711529700,1488.95,1490.45,1487.55,1490.45,15942
1711530000,1490.35,1490.95,1488.35,1489.35,16407
1711530300,1489.05,1490.0,1487.65,1490.0,2358
1711530600,1489.85,1491.0,1486.45,1486.45,8330
1711530900,1486.85,1488.4,1486.45,1486.65,5446
1711531200,1486.8,1487.85,1484.35,1484.55,7274
1711531500,1484.5,1485.5,1480.55,1481.6,14002
1711531800,1481.6,1481.6,1477.6,1478.65,48637
1711532100,1478.6,1478.85,1475.35,1476.5,42078
1711532400,1476.45,1477.2,1473.5,1476.85,43369
1711532700,1476.85,1482.0,1475.25,1482.0,47264
1711533000,1482.0,1483.75,1480.85,1482.5,50498
1711533300,1482.5,1490.0,1481.35,1481.8,57355
1711597500,1480.0,1493.8,1480.0,1491.6,19805
1711597800,1491.45,1492.9,1488.35,1489.2,15457
1711598100,1489.2,1492.0,1486.95,1491.9,9727
1711598400,1491.8,1492.0,1482.05,1485.0,17739
1711598700,1485.0,1486.3,1484.45,1486.3,12848
1711599000,1485.85,1489.15,1485.7,1487.9,16977
1711599300,1487.9,1490.35,1484.0,1488.0,71144
1711599600,1488.0,1491.0,1487.2,1489.2,48206
1711599900,1489.2,1490.0,1486.7,1488.15,20819
1711600200,1488.25,1491.0,1486.35,1491.0,46542
1711600500,1491.0,1495.65,1489.85,1494.5,26414
1711600800,1494.5,1500.0,1493.55,1500.0,19995
1711601100,1499.8,1500.65,1498.0,1499.85,16039
1711601400,1499.85,1500.0,1496.85,1498.95,19420
1711601700,1498.95,1499.1,1493.8,1494.9,39213
1711602000,1493.9,1494.7,1492.0,1493.8,11719
1711602300,1493.8,1500.35,1493.6,1499.95,45714
1711602600,1499.95,1500.8,1498.45,1500.0,15917
1711602900,1500.0,1500.0,1498.3,1499.25,4473
1711603200,1499.25,1499.25,1493.55,1494.35,3632
1711603500,1494.35,1494.45,1492.05,1492.8,5886
1711603800,1492.1,1494.9,1492.1,1492.8,9958
1711604100,1493.6,1495.05,1490.4,1495.05,5399
1711604400,1495.05,1497.1,1493.4,1497.1,5863
1711604700,1497.1,1497.5,1495.1,1497.05,4653
1711605000,1497.45,1499.0,1497.05,1498.4,19901
1711605300,1499.0,1500.0,1498.05,1498.25,18041
1711605600,1498.25,1498.85,1497.3,1498.2,9358
1711605900,1498.45,1499.35,1498.45,1499.35,5854
1711606200,1499.35,1499.6,1498.0,1499.0,7263
1711606500,1499.0,1499.55,1498.5,1499.4,8511
1711606800,1499.5,1500.0,1498.7,1498.7,19014
1711607100,1498.7,1499.3,1497.3,1498.45,10146
1711607400,1498.95,1499.75,1498.45,1499.6,6812
1711607700,1500.0,1500.2,1497.6,1498.15,14372
1711608000,1498.15,1498.75,1496.75,1497.6,8078
1711608300,1497.6,1498.5,1497.0,1497.75,9138
1711608600,1497.75,1500.0,1497.75,1499.9,5500
1711608900,1499.9,1500.0,1498.85,1499.55,6065
1711609200,1499.55,1500.2,1498.7,1499.95,19464
1711609500,1499.95,1509.0,1499.95,1505.45,46573
1711609800,1505.05,1508.7,1504.8,1508.35,27084
1711610100,1508.4,1510.0,1506.65,1510.0,17948
1711610400,1510.0,1511.95,1508.4,1511.95,13451
1711610700,1511.8,1513.65,1509.65,1510.85,12265
1711611000,1511.7,1514.15,1511.05,1511.1,14526
1711611300,1511.1,1512.95,1510.7,1511.3,11584
1711611600,1511.8,1511.85,1508.8,1509.7,10114
1711611900,1510.0,1512.95,1510.0,1512.4,8835
1711612200,1512.9,1512.95,1510.25,1511.95,15536
1711612500,1511.95,1513.3,1511.0,1511.25,8727
1711612800,1511.25,1511.95,1509.1,1509.15,12535
1711613100,1509.15,1513.95,1508.3,1511.0,12582
1711613400,1510.95,1512.0,1509.05,1510.25,10849
1711613700,1510.25,1510.4,1507.0,1510.35,17594
1711614000,1509.65,1513.45,1509.4,1511.55,18440
1711614300,1511.1,1511.55,1509.75,1510.85,11203
1711614600,1510.95,1511.3,1509.15,1509.35,13955
1711614900,1509.35,1512.45,1509.35,1510.45,16882
1711615200,1510.45,1517.0,1509.8,1516.0,31034
1711615500,1515.9,1517.9,1513.35,1517.15,21628
1711615800,1516.5,1519.1,1515.75,1516.0,19636
1711616100,1516.5,1518.1,1515.0,1517.85,16361
1711616400,1517.1,1521.85,1516.7,1516.85,29239
1711616700,1516.85,1519.2,1514.85,1517.8,24987
1711617000,1517.8,1521.0,1516.75,1518.5,33822
1711617300,1518.5,1520.0,1516.1,1516.7,19462
1711617600,1516.3,1516.35,1512.7,1513.4,20766
1711617900,1512.85,1514.05,1507.4,1509.0,35974
1711618200,1508.8,1509.05,1501.5,1503.75,102536
1711618500,1503.75,1504.5,1497.0,1497.4,107632
1711618800,1497.4,1500.55,1493.6,1494.4,67623
1711619100,1493.6,1498.9,1493.6,1496.15,67897
1711619400,1496.15,1502.4,1494.0,1499.75,71561
1711619700,1499.65,1516.0,1493.6,1507.3,52541
1711943100,1498.0,1505.0,1494.05,1504.9,23182
1711943400,1504.2,1507.6,1501.0,1504.45,9496
1711943700,1503.55,1507.0,1503.05,1506.0,13016
1711944000,1506.0,1509.15,1503.65,1505.45,14446
1711944300,1505.9,1509.2,1505.9,1507.0,6709
1711944600,1507.0,1509.3,1503.75,1509.1,11291
1711944900,1509.1,1509.1,1506.9,1507.65,5237
1711945200,1507.65,1508.3,1504.8,1505.45,8767
1711945500,1506.95,1509.0,1505.5,1506.0,6639
1711945800,1506.0,1513.7,1506.0,1513.4,14190
1711946100,1513.45,1516.85,1512.0,1514.7,11576
1711946400,1514.85,1519.1,1514.85,1515.0,27652
1711946700,1515.0,1517.25,1514.15,1515.2,6521
1711947000,1516.05,1516.1,1513.65,1515.05,10109
1711947300,1515.05,1515.05,1510.25,1513.05,9749
1711947600,1512.75,1512.75,1506.3,1506.3,34856
1711947900,1506.7,1507.2,1503.65,1505.0,6870
1711948200,1505.0,1505.0,1502.55,1503.4,5802
1711948500,1503.4,1505.0,1501.55,1502.75,12259
1711948800,1502.0,1502.85,1499.55,1502.65,12518
1711949100,1502.65,1502.7,1500.0,1501.9,19037
1711949400,1501.85,1502.0,1499.05,1500.0,7833
1711949700,1500.0,1501.9,1498.55,1500.0,9668
1711950000,1499.6,1501.85,1499.5,1500.0,6330
1711950300,1500.0,1503.8,1499.75,1502.95,36850
1711950600,1502.95,1504.0,1499.15,1500.45,8386
1711950900,1499.8,1500.45,1498.75,1499.6,6498
1711951200,1499.8,1500.0,1498.75,1500.0,5037
1711951500,1499.25,1500.15,1497.55,1498.35,7397
1711951800,1497.7,1498.35,1496.65,1497.15,6408
1711952100,1498.0,1498.0,1496.8,1496.8,4173
1711952400,1496.8,1498.55,1496.4,1496.9,5503
1711952700,1496.9,1498.75,1496.6,1498.75,6645
1711953000,1498.75,1499.75,1497.75,1497.9,4210
1711953300,1497.9,1498.35,1496.6,1497.0,6448
1711953600,1497.0,1497.0,1494.7,1494.9,11108
1711953900,1494.85,1495.0,1494.2,1494.95,5916
1711954200,1494.95,1497.0,1494.55,1497.0,7832
1711954500,1497.05,1497.05,1494.75,1494.75,9185
1711954800,1494.75,1497.6,1494.75,1495.8,17478
1711955100,1495.8,1495.85,1494.9,1495.1,9738
1711955400,1495.1,1495.25,1494.0,1494.0,4748
1711955700,1494.0,1494.9,1492.5,1492.7,5767
1711956000,1492.7,1494.85,1492.6,1493.8,5958
1711956300,1494.4,1494.45,1492.7,1493.3,4676
1711956600,1493.3,1494.55,1491.5,1492.0,9905
1711956900,1492.0,1492.0,1490.1,1491.45,6096
1711957200,1491.8,1492.05,1490.35,1491.55,7245
1711957500,1491.6,1491.9,1490.05,1491.6,6099
1711957800,1491.0,1492.0,1491.0,1491.6,7401
1711958100,1491.95,1492.0,1490.5,1491.0,7868
1711958400,1491.25,1493.3,1491.2,1492.75,5573
1711958700,1492.75,1492.8,1490.5,1491.2,7245
1711959000,1491.2,1491.8,1490.5,1490.75,4739
1711959300,1490.75,1490.75,1488.4,1490.0,9509
1711959600,1490.0,1491.0,1489.5,1491.0,6065
1711959900,1491.0,1491.75,1490.0,1491.2,5346
1711960200,1491.2,1492.25,1490.5,1491.2,6031
1711960500,1491.55,1491.65,1490.6,1491.0,4338
1711960800,1491.1,1492.05,1490.2,1490.35,6900
1711961100,1490.3,1492.1,1490.15,1491.15,7769
1711961400,1491.15,1492.0,1489.8,1489.85,40536
1711961700,1490.0,1490.1,1488.0,1489.45,14285
1711962000,1488.8,1489.05,1487.4,1488.2,4675
1711962300,1488.15,1488.25,1486.75,1488.2,5525
1711962600,1488.2,1489.85,1487.7,1488.2,8982
1711962900,1488.2,1490.8,1488.05,1490.05,6518
1711963200,1490.35,1492.75,1490.0,1491.3,10477
1711963500,1491.35,1492.0,1490.4,1491.55,6048
1711963800,1491.4,1491.6,1489.15,1489.5,14478
1711964100,1489.55,1489.95,1487.2,1489.05,13858
1711964400,1488.75,1490.0,1488.65,1489.15,15578
1711964700,1489.15,1492.95,1488.65,1490.05,60727
1711965000,1490.0,1490.4,1489.15,1490.15,42327
1711965300,1490.0,1491.95,1489.0,1491.5,12028
1712029500,1495.0,1495.0,1484.4,1488.85,26500
1712029800,1488.9,1494.35,1488.0,1491.85,12498
1712030100,1491.85,1494.55,1488.25,1490.2,12005
1712030400,1489.65,1496.6,1488.05,1490.0,13906
1712030700,1490.0,1492.45,1488.45,1491.05,9961
1712031000,1491.05,1492.45,1484.25,1486.0,10751
1712031300,1485.95,1486.1,1481.0,1483.0,12317
1712031600,1483.0,1483.45,1481.2,1482.3,5785
1712031900,1482.3,1483.0,1479.0,1479.0,7322
1712032200,1479.55,1481.15,1479.0,1479.55,6813
1712032500,1479.6,1479.75,1475.0,1475.0,7890
1712032800,1476.05,1477.2,1470.85,1471.65,12496
1712033100,1472.3,1473.4,1470.0,1472.0,9620
1712033400,1471.95,1474.95,1467.15,1471.0,14967
1712033700,1471.3,1472.7,1470.1,1471.6,11014
1712034000,1471.6,1471.9,1470.0,1470.4,10731
1712034300,1470.3,1470.65,1468.15,1469.9,8735
1712034600,1469.95,1471.8,1469.0,1470.65,10273
1712034900,1470.65,1472.4,1469.1,1470.85,12858
1712035200,1470.85,1471.0,1467.5,1467.5,13482
1712035500,1467.3,1471.0,1467.05,1468.15,12598
1712035800,1468.1,1468.65,1465.3,1467.1,14313
1712036100,1467.1,1472.1,1467.1,1468.8,14211
1712036400,1469.25,1474.8,1467.8,1473.1,9619
1712036700,1473.3,1474.0,1472.05,1473.0,6342
1712037000,1473.0,1474.9,1471.3,1472.75,6481
1712037300,1472.2,1474.15,1471.15,1473.1,4488
1712037600,1473.05,1475.9,1472.45,1475.85,10170
1712037900,1475.85,1478.0,1475.1,1476.2,6957
1712038200,1476.5,1479.55,1475.55,1477.05,8243
1712038500,1477.05,1479.0,1475.7,1477.35,14470
1712038800,1477.3,1479.15,1477.2,1478.1,3991
1712039100,1478.05,1479.0,1476.0,1476.3,11065
1712039400,1476.3,1478.0,1475.55,1476.45,6420
1712039700,1476.45,1476.9,1475.0,1475.25,3790
1712040000,1475.25,1476.95,1475.0,1475.85,6137
1712040300,1475.85,1479.0,1475.6,1478.3,11681
1712040600,1478.9,1479.0,1475.85,1476.65,8542
1712040900,1476.1,1477.9,1475.55,1475.95,8774
1712041200,1475.5,1475.8,1472.0,1473.55,18066
1712041500,1473.5,1474.2,1470.5,1471.2,20485
1712041800,1471.2,1472.15,1470.2,1470.7,7311
1712042100,1470.7,1472.0,1470.2,1470.2,5585
1712042400,1470.45,1473.95,1470.45,1471.95,7265
1712042700,1472.75,1473.2,1471.2,1471.85,2950
1712043000,1472.75,1474.35,1471.1,1471.8,8767
1712043300,1471.8,1473.15,1470.35,1472.05,8504
1712043600,1471.8,1474.4,1471.8,1473.2,4616
1712043900,1473.4,1473.65,1472.7,1473.05,1718
1712044200,1473.05,1474.15,1472.05,1472.6,3311
1712044500,1472.55,1472.55,1470.1,1470.1,4364
1712044800,1470.15,1471.55,1469.35,1471.0,10786
1712045100,1470.65,1471.95,1469.75,1471.6,7351
1712045400,1471.75,1472.5,1471.0,1472.4,4809
1712045700,1472.4,1473.45,1471.9,1473.05,7036
1712046000,1473.05,1473.1,1472.1,1472.25,4183
1712046300,1472.4,1472.45,1470.9,1471.4,4468
1712046600,1471.35,1474.7,1471.35,1473.6,7754
1712046900,1473.6,1476.0,1473.6,1474.05,12167
1712047200,1474.15,1475.4,1474.0,1474.45,6330
1712047500,1474.45,1474.6,1473.0,1473.7,15015
1712047800,1473.5,1476.0,1473.4,1474.55,28167
1712048100,1474.6,1475.05,1472.9,1473.55,40698
1712048400,1474.0,1475.3,1473.05,1474.15,8949
1712048700,1474.15,1475.5,1473.5,1474.3,8544
1712049000,1474.25,1474.4,1471.45,1471.55,8178
1712049300,1471.25,1472.5,1470.1,1470.45,13646
1712049600,1470.5,1470.95,1470.0,1470.45,8776
1712049900,1470.4,1473.0,1470.4,1472.15,13295
1712050200,1472.15,1473.0,1469.0,1470.15,62219
1712050500,1470.15,1471.5,1470.0,1470.05,41004
1712050800,1470.15,1471.8,1469.4,1470.2,35522
1712051100,1470.05,1473.2,1469.95,1471.05,36432
1712051400,1471.45,1472.95,1468.65,1470.15,37185
1712051700,1470.2,1471.0,1469.0,1469.3,27949
1712115900,1470.0,1472.75,1460.5,1463.85,33537
1712116200,1464.0,1468.8,1463.85,1468.4,13854
1712116500,1468.45,1468.55,1462.3,1465.4,16138
1712116800,1464.9,1466.0,1464.0,1464.75,9153
1712117100,1464.75,1469.2,1464.75,1466.95,11889
1712117400,1466.95,1467.95,1466.1,1467.4,9288
1712117700,1467.25,1467.35,1464.65,1466.0,8092
1712118000,1466.3,1467.0,1464.15,1464.9,4566
1712118300,1464.55,1467.0,1464.2,1465.95,6458
1712118600,1466.2,1466.85,1464.0,1465.65,14780
1712118900,1465.65,1468.55,1465.5,1467.9,6357
1712119200,1467.9,1471.4,1466.35,1469.9,7467
1712119500,1469.95,1472.0,1469.0,1470.25,13667
1712119800,1470.9,1472.95,1470.3,1470.75,15079
1712120100,1470.75,1471.5,1468.8,1469.6,7446
1712120400,1469.6,1469.7,1468.1,1468.95,3543
1712120700,1468.8,1468.9,1465.0,1465.15,12695
1712121000,1465.55,1465.85,1462.5,1463.45,11820
1712121300,1463.25,1464.15,1458.75,1459.95,16124
1712121600,1460.0,1460.05,1456.05,1459.25,17649
1712121900,1458.8,1460.0,1458.0,1459.75,6445
1712122200,1459.7,1460.0,1458.95,1459.75,4065
1712122500,1459.7,1460.0,1458.85,1459.8,2957
1712122800,1459.35,1460.0,1458.9,1459.65,1801
1712123100,1459.1,1462.8,1457.1,1461.35,119803
1712123400,1461.5,1462.4,1459.85,1461.95,85808
1712123700,1461.75,1462.0,1459.15,1459.15,58887
1712124000,1459.85,1460.5,1459.15,1460.2,5261
1712124300,1460.05,1460.2,1458.4,1460.0,2590
1712124600,1460.0,1460.0,1458.7,1460.0,6220
1712124900,1459.6,1460.5,1459.5,1460.4,1367
1712125200,1460.5,1460.5,1458.75,1459.05,14293
1712125500,1459.15,1460.5,1459.0,1460.05,6350
1712125800,1460.05,1461.25,1460.0,1460.75,6293
1712126100,1460.8,1463.55,1460.5,1461.55,4603
1712126400,1462.0,1462.1,1460.0,1461.0,5710
1712126700,1460.95,1462.5,1460.95,1461.9,7566
1712127000,1462.35,1464.5,1462.0,1464.0,12647
1712127300,1464.0,1464.5,1463.95,1464.0,2729
1712127600,1464.45,1465.8,1463.85,1465.75,5922
1712127900,1465.75,1466.0,1463.0,1464.15,7976
1712128200,1464.95,1466.8,1464.15,1466.2,6223
1712128500,1465.45,1468.05,1465.45,1466.35,4598
1712128800,1466.35,1467.5,1465.75,1465.75,3739
1712129100,1466.0,1466.0,1464.1,1464.1,1988
1712129400,1464.7,1465.0,1463.7,1464.85,1578
1712129700,1464.75,1465.1,1463.9,1464.05,1187
1712130000,1464.05,1465.0,1463.0,1463.0,1869
1712130300,1463.6,1465.3,1462.9,1464.25,8211
1712130600,1464.2,1464.25,1462.8,1463.1,508
1712130900,1463.1,1464.9,1463.0,1464.0,1069
1712131200,1464.5,1464.5,1463.0,1463.25,1542
1712131500,1463.25,1464.4,1463.0,1464.05,1942
1712131800,1464.05,1464.4,1463.4,1463.45,2625
1712132100,1463.9,1463.9,1460.35,1461.25,73326
1712132400,1461.25,1462.9,1461.0,1461.25,2988
1712132700,1461.8,1461.8,1460.15,1460.15,1908
1712133000,1460.9,1460.95,1460.0,1460.55,3091
1712133300,1460.55,1460.9,1459.0,1459.25,121394
1712133600,1459.85,1464.3,1459.25,1463.6,228456
1712133900,1464.0,1465.8,1462.85,1462.85,5442
1712134200,1462.85,1463.7,1462.0,1462.05,3794
1712134500,1462.5,1463.25,1460.0,1460.0,5575
1712134800,1460.0,1460.15,1457.0,1458.3,582207
1712135100,1458.4,1459.25,1457.3,1458.05,4698
1712135400,1458.7,1459.15,1458.05,1458.5,2649
1712135700,1458.5,1459.35,1457.55,1459.25,46500
1712136000,1459.0,1460.35,1458.85,1458.85,19106
1712136300,1458.85,1459.1,1458.1,1458.6,7641
1712136600,1458.6,1460.95,1458.5,1460.65,32122
1712136900,1460.95,1461.35,1460.0,1461.0,12945
1712137200,1460.65,1461.0,1460.1,1460.75,9618
1712137500,1460.95,1461.95,1460.05,1460.65,17431
1712137800,1460.65,1464.3,1460.0,1462.0,22008
1712138100,1462.0,1462.5,1460.05,1462.0,13584
1712202300,1467.5,1468.8,1460.0,1460.95,39962
1712202600,1460.95,1463.3,1456.8,1462.9,22134
1712202900,1462.95,1466.9,1457.7,1457.7,47953
1712203200,1457.7,1460.0,1454.0,1458.05,19743
1712203500,1458.05,1458.6,1454.05,1454.2,11547
1712203800,1454.2,1456.45,1452.3,1452.35,19047
1712204100,1452.4,1454.55,1451.35,1452.15,15644
1712204400,1452.15,1457.5,1447.0,1448.4,240105
1712204700,1448.4,1453.9,1447.1,1452.7,45518
1712205000,1452.7,1455.95,1452.0,1454.65,28355
1712205300,1454.65,1458.55,1453.95,1456.25,27763
1712205600,1456.9,1459.9,1455.0,1455.0,28253
1712205900,1455.85,1460.0,1455.4,1457.65,54169
1712206200,1457.65,1459.0,1456.9,1457.55,16175
1712206500,1458.0,1459.25,1456.2,1457.2,17917
1712206800,1457.45,1458.75,1455.85,1457.2,14979
1712207100,1457.15,1459.9,1457.05,1458.2,21129
1712207400,1458.2,1462.6,1457.85,1460.75,17677
1712207700,1460.45,1464.05,1460.15,1463.25,22421
1712208000,1463.25,1463.4,1449.2,1449.95,50618
1712208300,1450.75,1456.9,1450.25,1456.75,37107
1712208600,1457.0,1458.0,1454.1,1456.05,5141
1712208900,1456.0,1457.0,1453.1,1456.5,18164
1712209200,1455.75,1463.8,1455.05,1463.5,11579
1712209500,1463.55,1465.9,1459.8,1460.1,17901
1712209800,1460.7,1462.8,1459.9,1461.7,3437
1712210100,1460.9,1462.65,1460.2,1462.25,5898
1712210400,1461.95,1461.95,1455.35,1457.3,28886
1712210700,1457.3,1458.9,1456.05,1457.5,9448
1712211000,1457.0,1457.9,1455.0,1457.0,12345
1712211300,1456.45,1463.9,1456.05,1463.3,20722
1712211600,1463.3,1463.9,1461.1,1463.0,4063
1712211900,1463.0,1463.0,1461.1,1462.1,6236
1712212200,1462.2,1463.9,1461.6,1462.45,3701
1712212500,1462.45,1464.0,1460.5,1462.5,59819
1712212800,1462.5,1463.4,1460.0,1461.1,10659
1712213100,1461.1,1461.5,1460.0,1461.0,2749
1712213400,1460.85,1463.4,1460.25,1462.15,10777
1712213700,1462.5,1463.8,1462.0,1463.8,9717
1712214000,1463.65,1465.15,1462.6,1462.95,44998
1712214300,1463.1,1465.3,1463.05,1464.6,13450
1712214600,1464.75,1465.5,1463.0,1465.25,26317
1712214900,1465.0,1468.0,1463.8,1467.75,18454
1712215200,1467.75,1470.95,1466.8,1469.6,27156
1712215500,1469.65,1470.65,1466.0,1466.1,15415
1712215800,1466.9,1470.2,1466.7,1468.75,22462
1712216100,1468.75,1472.0,1467.75,1471.15,24976
1712216400,1471.2,1473.3,1471.1,1472.25,14440
1712216700,1472.35,1474.25,1467.0,1468.4,30774
1712217000,1468.45,1472.35,1467.2,1471.6,18629
1712217300,1471.8,1472.35,1468.45,1470.4,33525
1712217600,1470.45,1475.0,1470.1,1475.0,27064
1712217900,1475.0,1475.05,1472.3,1473.95,10304
1712218200,1474.05,1474.1,1470.05,1470.05,12885
1712218500,1470.75,1470.9,1467.4,1469.95,14757
1712218800,1469.95,1469.95,1466.0,1467.35,5849
1712219100,1467.4,1468.35,1463.5,1464.6,10391
1712219400,1465.0,1470.6,1464.6,1467.75,6877
1712219700,1467.75,1469.85,1466.4,1466.55,9107
1712220000,1467.35,1467.35,1464.5,1464.5,10405
1712220300,1465.2,1465.95,1464.0,1464.95,10601
1712220600,1464.55,1465.1,1462.7,1464.2,6659
1712220900,1464.2,1464.75,1462.5,1462.75,8848
1712221200,1463.0,1464.75,1462.1,1463.0,6812
1712221500,1463.05,1464.15,1462.0,1463.7,9878
1712221800,1464.1,1466.0,1463.55,1464.4,3714
1712222100,1465.1,1467.55,1463.7,1463.95,9124
1712222400,1463.95,1465.8,1462.0,1463.9,214700
1712222700,1463.9,1465.5,1460.9,1462.7,15357
1712223000,1462.7,1464.35,1461.8,1463.7,71466
1712223300,1463.7,1465.05,1462.0,1463.15,40445
1712223600,1463.3,1464.2,1462.15,1462.85,19594
1712223900,1463.2,1466.7,1462.25,1466.7,12050
1712224200,1466.7,1466.9,1464.0,1465.65,19816
1712224500,1465.65,1469.85,1465.0,1465.0,18747
1712288700,1469.0,1481.2,1460.15,1481.2,65858
1712289000,1481.2,1487.6,1476.25,1487.0,75485
1712289300,1487.0,1487.0,1475.35,1479.0,24595
1712289600,1479.0,1482.8,1477.0,1482.8,17952
1712289900,1483.0,1484.6,1480.0,1481.4,20169
1712290200,1481.7,1483.5,1479.4,1479.55,12113
1712290500,1479.55,1480.9,1478.4,1480.45,15756
1712290800,1480.45,1484.5,1480.45,1483.95,10825
1712291100,1483.95,1483.95,1482.65,1483.55,4729
1712291400,1483.1,1483.55,1477.0,1478.5,11883
1712291700,1478.5,1480.5,1477.05,1479.35,8092
1712292000,1479.75,1481.25,1478.8,1481.2,5510
1712292300,1480.45,1481.9,1477.0,1477.55,15921
1712292600,1477.55,1479.9,1477.0,1477.15,6187
1712292900,1477.2,1477.9,1472.6,1475.55,14494
1712293200,1476.3,1476.9,1475.15,1476.5,3571
1712293500,1476.05,1477.5,1475.25,1477.1,3636
1712293800,1477.1,1480.85,1476.9,1478.65,9349
1712294100,1478.7,1480.0,1477.35,1478.05,7155
1712294400,1478.9,1479.15,1477.25,1477.5,7023
1712294700,1477.4,1479.1,1477.25,1479.0,2493
1712295000,1478.3,1479.0,1475.4,1475.8,10974
1712295300,1475.8,1479.65,1475.65,1478.75,6517
1712295600,1478.25,1481.7,1478.25,1481.0,6044
1712295900,1481.0,1481.2,1478.3,1480.05,11296
1712296200,1480.05,1481.2,1477.0,1478.45,7556
1712296500,1478.5,1479.8,1477.85,1479.8,2062
1712296800,1479.5,1481.1,1478.75,1479.45,8321
1712297100,1479.4,1481.0,1478.3,1481.0,4249
1712297400,1481.0,1481.3,1476.95,1477.6,10583
1712297700,1477.45,1477.6,1473.6,1474.2,8191
1712298000,1474.7,1475.9,1474.2,1475.3,3175
1712298300,1475.75,1475.85,1472.1,1473.0,10858
1712298600,1473.3,1476.95,1473.05,1476.65,3760
1712298900,1476.95,1477.35,1475.05,1475.8,4277
1712299200,1475.8,1476.8,1475.75,1476.5,4787
1712299500,1476.55,1479.0,1476.0,1477.45,7669
1712299800,1477.6,1479.5,1476.55,1479.3,4070
1712300100,1479.3,1479.5,1479.0,1479.5,4746
1712300400,1479.5,1479.5,1477.05,1478.85,7235
1712300700,1478.95,1482.0,1478.8,1481.6,13100
1712301000,1481.65,1482.0,1481.0,1481.2,3437
1712301300,1481.4,1482.0,1480.4,1481.5,4879
1712301600,1481.7,1484.2,1480.7,1483.0,16154
1712301900,1482.75,1484.0,1482.55,1483.4,6345
1712302200,1483.3,1483.95,1481.1,1481.3,5747
1712302500,1481.35,1483.3,1481.3,1483.0,3488
1712302800,1482.75,1483.75,1482.2,1482.5,2927
1712303100,1482.7,1483.0,1481.85,1482.65,2564
1712303400,1482.8,1484.95,1482.65,1484.95,5317
1712303700,1484.95,1484.95,1482.65,1484.4,9053
1712304000,1484.05,1484.85,1482.9,1483.5,2901
1712304300,1483.5,1483.5,1481.55,1483.0,4585
1712304600,1483.0,1484.85,1482.85,1484.35,5558
1712304900,1484.35,1485.0,1483.0,1483.85,3496
1712305200,1484.0,1486.25,1483.2,1486.2,12614
1712305500,1486.05,1488.0,1486.0,1487.8,14882
1712305800,1487.3,1489.0,1486.1,1487.65,12313
1712306100,1488.45,1488.9,1487.1,1488.4,8559
1712306400,1488.4,1488.4,1485.0,1485.85,19349
1712306700,1485.85,1487.2,1485.05,1486.75,9226
1712307000,1486.75,1486.8,1485.6,1485.7,2040
1712307300,1486.4,1487.45,1485.7,1487.25,8433
1712307600,1486.6,1488.35,1486.0,1487.45,13545
1712307900,1487.5,1487.55,1485.35,1485.5,5705
1712308200,1485.5,1487.5,1485.0,1487.4,4650
1712308500,1486.9,1489.5,1486.3,1489.5,10283
1712308800,1489.5,1489.9,1487.7,1488.5,9535
1712309100,1488.0,1489.9,1488.0,1489.65,11620
1712309400,1489.7,1489.7,1483.65,1483.65,30386
1712309700,1483.65,1488.1,1483.65,1485.8,28293
1712310000,1485.8,1485.95,1483.0,1484.95,15225
1712310300,1484.6,1485.55,1484.05,1484.25,22060
1712310600,1484.2,1485.55,1483.9,1485.55,19824
1712310900,1485.35,1486.65,1480.2,1486.65,19668
1712547900,1488.7,1495.7,1487.0,1491.8,17630
1712548200,1491.0,1494.55,1489.6,1491.75,11540
1712548500,1491.75,1495.0,1490.85,1495.0,4352
1712548800,1495.0,1497.1,1492.15,1495.8,12626
1712549100,1495.8,1497.0,1493.9,1496.4,3795
1712549400,1496.0,1496.85,1494.0,1494.0,3159
1712549700,1494.0,1498.9,1494.0,1497.6,6794
1712550000,1496.4,1497.2,1495.15,1496.5,2614
1712550300,1496.5,1499.0,1496.05,1498.65,5491
1712550600,1498.05,1499.45,1497.75,1498.0,6431
1712550900,1498.0,1498.6,1495.4,1496.65,5214
1712551200,1496.65,1501.7,1496.4,1501.0,20347
1712551500,1501.0,1504.5,1501.0,1503.85,22881
1712551800,1504.0,1505.0,1503.2,1504.5,12988
1712552100,1504.95,1505.0,1503.1,1504.25,10393
1712552400,1503.3,1506.75,1503.3,1505.0,7211
1712552700,1505.0,1505.8,1503.1,1503.6,4581
1712553000,1503.15,1504.45,1503.1,1504.45,8230
1712553300,1504.45,1505.0,1503.85,1504.9,2845
1712553600,1504.9,1505.0,1503.4,1504.05,5494
1712553900,1504.0,1505.7,1503.15,1505.7,5986
1712554200,1505.6,1511.0,1505.6,1510.8,24671
1712554500,1510.05,1511.45,1506.6,1508.2,39164
1712554800,1507.55,1509.0,1505.15,1509.0,5474
1712555100,1509.0,1509.15,1506.5,1507.1,4351
1712555400,1507.1,1508.8,1506.1,1508.1,4412
1712555700,1508.5,1510.65,1508.0,1510.15,5307
1712556000,1510.05,1511.4,1509.1,1509.2,9421
1712556300,1509.1,1510.8,1509.05,1509.6,4664
1712556600,1509.6,1509.7,1508.6,1509.0,2542
1712556900,1509.0,1509.0,1506.05,1506.65,7657
1712557200,1507.2,1508.45,1506.9,1507.85,1776
1712557500,1507.85,1507.9,1506.15,1507.0,2917
1712557800,1507.0,1507.9,1506.6,1507.9,1727
1712558100,1507.55,1507.9,1507.0,1507.35,1660
1712558400,1507.05,1509.05,1507.05,1508.5,2407
1712558700,1508.5,1509.4,1507.15,1509.3,2960
1712559000,1508.35,1509.9,1508.35,1509.8,1766
1712559300,1509.8,1517.0,1509.5,1517.0,53533
1712559600,1516.5,1520.0,1515.5,1518.4,25602
1712559900,1517.65,1518.4,1516.0,1517.0,7103
1712560200,1517.4,1518.95,1515.25,1517.4,15920
1712560500,1517.4,1518.0,1515.9,1517.8,4322
1712560800,1517.8,1519.35,1516.7,1518.3,9548
1712561100,1518.3,1518.3,1516.55,1517.4,3330
1712561400,1517.4,1520.0,1516.9,1519.5,7481
1712561700,1519.5,1520.0,1518.05,1519.0,5788
1712562000,1519.0,1522.9,1518.8,1522.8,12540
1712562300,1522.8,1527.0,1522.55,1527.0,22525
1712562600,1527.0,1528.0,1525.85,1526.2,18291
1712562900,1526.8,1526.8,1521.45,1522.0,14740
1712563200,1521.45,1522.7,1518.3,1521.6,32031
1712563500,1521.55,1523.8,1520.6,1522.15,12035
1712563800,1522.15,1522.75,1520.8,1521.65,4077
1712564100,1520.95,1521.8,1518.0,1519.2,8103
1712564400,1518.75,1520.45,1518.75,1519.5,4966
1712564700,1519.5,1519.9,1516.7,1519.85,15415
1712565000,1519.1,1524.5,1519.1,1524.25,32831
1712565300,1523.55,1524.75,1520.6,1521.45,5644
1712565600,1520.8,1523.0,1520.75,1523.0,2889
1712565900,1522.6,1524.0,1522.35,1522.6,3895
1712566200,1522.6,1525.0,1522.5,1523.85,7243
1712566500,1523.85,1525.95,1523.85,1525.25,7112
1712566800,1525.25,1525.8,1521.9,1523.1,8139
1712567100,1523.1,1524.75,1522.85,1524.5,9666
1712567400,1524.9,1524.95,1522.3,1522.8,4726
1712567700,1523.0,1523.85,1522.25,1523.0,3193
1712568000,1523.0,1523.0,1518.0,1519.0,9303
1712568300,1519.85,1520.0,1519.15,1519.4,3092
1712568600,1519.5,1519.5,1517.5,1518.3,20582
1712568900,1518.1,1520.9,1516.55,1518.25,47865
1712569200,1518.4,1520.05,1518.3,1519.65,18311
1712569500,1519.65,1520.6,1519.2,1520.15,19221
1712569800,1520.25,1520.45,1520.0,1520.35,18988
1712570100,1520.3,1520.35,1515.6,1519.0,18652
1712634300,1525.1,1527.4,1515.9,1522.5,53822
1712634600,1522.5,1522.95,1517.0,1517.75,12032
1712634900,1517.0,1518.05,1514.0,1516.6,10533
1712635200,1515.75,1518.1,1515.75,1517.1,6197
1712635500,1517.1,1517.95,1514.1,1514.1,7799
1712635800,1514.1,1519.0,1514.1,1519.0,6859
1712636100,1519.0,1520.3,1516.0,1517.85,11149
1712636400,1517.85,1519.0,1517.0,1518.95,5420
1712636700,1518.95,1518.95,1515.0,1515.6,4201
1712637000,1515.6,1518.6,1515.4,1516.65,5752
1712637300,1516.65,1516.65,1514.05,1515.9,4004
1712637600,1515.9,1515.9,1514.05,1514.95,4135
1712637900,1515.0,1515.45,1511.8,1515.45,6413
1712638200,1515.45,1515.75,1513.8,1515.45,7997
1712638500,1515.45,1516.35,1514.25,1516.35,8040
1712638800,1516.35,1519.9,1516.0,1519.9,14452
1712639100,1519.9,1523.1,1518.5,1522.65,7382
1712639400,1522.6,1522.7,1519.4,1520.1,2007
1712639700,1520.1,1520.1,1518.85,1518.9,2588
1712640000,1519.05,1519.65,1515.3,1515.65,4169
1712640300,1515.65,1517.2,1515.5,1516.15,3116
1712640600,1516.15,1519.65,1516.0,1518.15,2457
1712640900,1518.1,1519.4,1517.1,1517.8,2086
1712641200,1517.8,1521.85,1517.8,1521.85,5416
1712641500,1521.6,1521.95,1518.55,1519.2,3257
1712641800,1518.95,1520.3,1518.95,1519.6,4200
1712642100,1519.55,1520.0,1518.4,1519.2,2412
1712642400,1519.45,1520.15,1518.2,1518.95,4409
1712642700,1518.95,1527.0,1518.4,1522.8,17946
1712643000,1522.8,1522.8,1520.2,1521.2,2852
1712643300,1521.25,1524.1,1521.05,1523.25,4423
1712643600,1523.45,1526.7,1523.0,1523.35,10493
1712643900,1523.35,1524.8,1521.5,1521.65,5638
1712644200,1521.8,1521.8,1519.85,1521.25,3072
1712644500,1521.25,1522.6,1520.7,1521.4,3331
1712644800,1521.4,1522.2,1518.05,1519.9,8257
1712645100,1519.65,1521.95,1519.65,1520.35,2771
1712645400,1520.35,1523.15,1520.25,1521.0,5038
1712645700,1521.1,1522.1,1520.2,1521.3,3273
1712646000,1521.15,1522.3,1519.65,1521.1,12094
1712646300,1521.1,1521.1,1518.35,1519.35,6450
1712646600,1519.4,1521.35,1518.45,1520.35,9137
1712646900,1520.6,1520.6,1517.7,1518.3,6682
1712647200,1518.35,1519.05,1517.05,1518.55,4242
1712647500,1518.55,1519.9,1518.0,1518.4,3644
1712647800,1518.4,1519.6,1518.0,1518.3,2894
1712648100,1518.8,1519.85,1518.0,1518.1,4371
1712648400,1518.1,1520.0,1518.0,1519.0,6074
1712648700,1519.0,1519.4,1517.65,1517.7,3701
1712649000,1516.85,1517.3,1513.0,1516.1,12136
1712649300,1516.1,1517.55,1515.65,1517.05,5649
1712649600,1517.0,1517.15,1514.0,1516.75,10200
1712649900,1516.85,1516.9,1515.45,1515.85,5672
1712650200,1515.85,1518.0,1510.65,1511.45,12599
1712650500,1511.3,1520.0,1511.3,1519.6,12010
1712650800,1519.6,1519.95,1513.5,1514.6,13185
1712651100,1514.6,1514.85,1506.05,1508.65,40650
1712651400,1508.05,1511.55,1508.05,1508.35,8129
1712651700,1508.35,1510.05,1508.25,1510.05,7941
1712652000,1509.9,1512.75,1508.0,1511.45,11493
1712652300,1511.45,1512.65,1508.3,1508.5,7825
1712652600,1508.45,1511.85,1508.45,1510.75,9613
1712652900,1511.05,1514.0,1510.7,1512.25,9991
1712653200,1512.2,1514.05,1511.0,1511.35,11206
1712653500,1511.35,1513.0,1511.0,1511.85,12188
1712653800,1511.85,1515.15,1511.85,1514.85,17249
1712654100,1514.85,1515.0,1513.05,1514.2,14956
1712654400,1514.3,1517.1,1513.15,1514.05,13453
1712654700,1515.0,1515.95,1513.35,1513.35,3398
1712655000,1513.2,1513.85,1509.5,1510.6,32346
1712655300,1510.65,1511.8,1509.35,1510.55,21849
1712655600,1510.4,1511.1,1508.05,1509.4,18459
1712655900,1509.9,1512.0,1508.55,1511.35,19584
1712656200,1511.35,1513.45,1510.35,1511.4,25315
1712656500,1511.45,1512.5,1503.05,1504.7,22726
1712720700,1515.0,1516.7,1507.65,1511.0,20222
1712721000,1511.05,1512.0,1505.95,1506.75,8693
1712721300,1506.75,1508.8,1505.0,1505.85,11657
1712721600,1505.15,1505.9,1498.6,1500.25,16931
1712721900,1500.95,1502.75,1500.35,1502.6,5150
1712722200,1502.4,1502.65,1497.6,1501.0,6556
1712722500,1501.1,1501.7,1498.25,1499.05,3058
1712722800,1498.75,1501.05,1498.5,1498.65,4698
1712723100,1498.5,1499.85,1496.05,1498.0,6725
1712723400,1498.65,1499.3,1496.85,1498.05,5341
1712723700,1498.1,1499.05,1496.05,1497.1,4081
1712724000,1497.0,1499.2,1496.5,1497.0,5599
1712724300,1496.8,1496.8,1493.0,1494.95,7728
1712724600,1494.95,1500.4,1494.55,1500.4,12104
1712724900,1500.35,1502.0,1500.3,1502.0,7269
1712725200,1502.25,1503.6,1497.2,1497.2,14205
1712725500,1497.8,1497.8,1486.45,1487.25,26096
1712725800,1488.0,1489.75,1481.0,1487.85,43212
1712726100,1487.8,1492.0,1486.85,1489.8,17395
1712726400,1490.25,1492.2,1488.35,1492.2,6933
1712726700,1492.2,1492.95,1488.95,1491.0,4727
1712727000,1490.6,1491.0,1486.6,1487.8,18638
1712727300,1487.35,1489.0,1483.2,1488.25,60746
1712727600,1488.25,1489.1,1486.05,1489.1,5801
1712727900,1488.75,1489.1,1487.15,1488.0,4301
1712728200,1487.9,1488.0,1485.35,1486.55,4769
1712728500,1486.55,1487.0,1485.45,1486.3,2904
1712728800,1486.3,1488.5,1486.3,1488.15,3460
1712729100,1488.15,1489.0,1487.3,1488.65,4109
1712729400,1488.6,1489.15,1485.4,1486.15,11648
1712729700,1486.15,1487.65,1485.2,1487.3,5945
1712730000,1486.45,1487.45,1486.2,1486.9,1925
1712730300,1486.9,1488.45,1486.35,1488.45,3322
1712730600,1488.25,1490.4,1487.5,1490.0,7157
1712730900,1490.0,1490.05,1487.95,1488.55,3579
1712731200,1488.55,1491.25,1487.25,1491.25,5139
1712731500,1491.25,1491.25,1487.0,1488.6,6600
1712731800,1487.85,1488.6,1486.05,1487.55,6631
1712732100,1487.6,1490.4,1487.45,1490.25,18404
1712732400,1490.25,1493.0,1490.25,1492.5,8184
1712732700,1492.5,1493.5,1491.75,1493.5,8830
1712733000,1493.5,1494.95,1492.65,1492.65,8739
1712733300,1492.65,1493.05,1490.9,1491.0,5457
1712733600,1491.0,1494.85,1489.0,1494.8,5938
1712733900,1494.8,1494.95,1492.15,1494.7,5342
1712734200,1494.7,1494.75,1493.5,1493.95,4864
1712734500,1494.55,1496.25,1493.5,1495.7,14416
1712734800,1495.7,1500.75,1495.2,1500.4,31671
1712735100,1500.4,1500.5,1498.75,1500.0,8638
1712735400,1500.0,1502.4,1499.0,1502.35,13641
1712735700,1501.45,1502.35,1499.3,1500.2,7596
1712736000,1500.2,1501.3,1499.9,1500.5,7042
1712736300,1500.35,1501.5,1499.0,1500.25,12534
1712736600,1500.25,1501.0,1499.05,1501.0,8704
1712736900,1501.0,1501.65,1499.6,1501.35,7721
1712737200,1501.35,1502.3,1499.55,1502.3,9282
1712737500,1502.3,1503.6,1501.2,1503.1,14048
1712737800,1503.1,1503.25,1501.05,1502.35,12798
1712738100,1502.35,1506.05,1501.05,1505.45,18473
1712738400,1505.45,1505.75,1503.15,1504.35,12594
1712738700,1504.2,1507.35,1503.5,1507.15,20360
1712739000,1507.0,1507.2,1505.4,1506.6,12276
1712739300,1506.6,1507.25,1504.1,1506.5,17487
1712739600,1506.45,1507.9,1506.0,1507.8,13943
1712739900,1507.0,1508.5,1506.1,1507.25,25375
1712740200,1507.15,1508.35,1505.3,1507.4,30914
1712740500,1507.4,1508.35,1506.1,1507.15,21360
1712740800,1507.9,1508.35,1506.85,1508.2,16906
1712741100,1508.15,1508.25,1506.35,1507.3,12323
1712741400,1506.55,1508.3,1503.3,1508.0,53453
1712741700,1507.9,1508.5,1505.45,1505.45,38750
1712742000,1505.85,1506.6,1503.85,1504.6,36542
1712742300,1504.55,1504.75,1498.2,1500.45,47122
1712742600,1500.45,1502.2,1498.2,1500.2,36362
1712742900,1500.05,1501.4,1491.5,1495.0,33151
1712893500,1501.0,1502.95,1491.35,1501.8,30769
1712893800,1501.8,1504.75,1500.0,1502.2,15828
1712894100,1502.2,1502.7,1498.55,1499.95,12369
1712894400,1499.75,1500.1,1496.45,1500.0,43439
1712894700,1500.0,1507.15,1500.0,1505.15,15228
1712895000,1505.15,1506.95,1498.75,1499.95,22497
1712895300,1499.95,1505.75,1497.55,1503.0,48728
1712895600,1503.0,1507.65,1502.65,1507.0,7707
1712895900,1507.05,1507.95,1504.0,1505.0,10656
1712896200,1505.0,1507.2,1505.0,1506.65,5262
1712896500,1506.1,1508.2,1505.55,1506.7,3918
1712896800,1506.7,1508.25,1505.0,1508.25,11742
1712897100,1508.9,1508.9,1507.0,1508.5,7198
1712897400,1508.5,1508.6,1504.8,1507.05,39753
1712897700,1507.75,1508.75,1506.5,1508.0,5041
1712898000,1508.2,1511.0,1507.1,1509.1,10075
1712898300,1509.5,1510.7,1507.55,1509.2,6033
1712898600,1509.9,1511.4,1508.65,1510.6,9947
1712898900,1509.8,1510.5,1507.8,1508.1,6361
1712899200,1508.8,1509.7,1501.05,1503.95,23046
1712899500,1504.35,1505.0,1503.2,1503.95,5690
1712899800,1503.95,1505.0,1502.7,1502.95,3681
1712900100,1502.5,1503.0,1500.05,1500.8,5526
1712900400,1501.2,1502.2,1500.0,1500.7,6053
1712900700,1501.0,1505.0,1500.6,1504.4,5401
1712901000,1504.9,1504.9,1501.75,1502.0,1987
1712901300,1502.75,1502.8,1500.85,1501.75,8495
1712901600,1501.75,1502.05,1499.0,1500.75,6587
1712901900,1500.55,1501.45,1497.65,1501.45,9901
1712902200,1501.45,1501.9,1499.3,1500.45,6709
1712902500,1500.45,1500.95,1497.1,1499.0,5083
1712902800,1499.0,1499.35,1496.05,1497.25,2777
1712903100,1497.25,1497.3,1495.1,1496.45,3339
1712903400,1496.1,1496.4,1495.3,1496.05,2036
1712903700,1494.95,1497.45,1494.9,1495.7,4473
1712904000,1496.5,1496.65,1494.55,1495.05,1907
1712904300,1495.05,1495.4,1493.05,1494.75,3411
1712904600,1494.75,1499.1,1493.05,1498.65,7358
1712904900,1499.05,1499.1,1496.0,1496.4,2014
1712905200,1496.4,1497.55,1495.25,1496.45,2831
1712905500,1496.45,1496.45,1493.75,1493.8,2314
1712905800,1494.15,1496.15,1493.1,1496.05,4304
1712906100,1496.0,1497.85,1495.0,1496.8,1962
1712906400,1496.8,1497.05,1495.1,1496.4,1503
1712906700,1496.95,1497.0,1494.05,1495.95,4051
1712907000,1494.85,1497.6,1494.0,1494.75,3657
1712907300,1494.8,1494.8,1493.3,1493.95,2184
1712907600,1493.95,1495.3,1493.55,1495.0,3239
1712907900,1495.0,1498.45,1494.85,1498.35,2351
1712908200,1498.4,1498.45,1496.0,1497.5,2429
1712908500,1497.5,1499.1,1497.0,1498.3,2881
1712908800,1498.35,1499.0,1497.5,1498.3,2143
1712909100,1498.3,1498.85,1497.15,1498.0,1822
1712909400,1498.0,1499.05,1497.55,1498.7,2472
1712909700,1498.7,1499.0,1497.8,1498.5,1663
1712910000,1498.5,1498.7,1497.95,1498.6,1610
1712910300,1498.6,1499.85,1497.8,1499.85,5166
1712910600,1499.85,1499.85,1498.3,1498.3,3010
1712910900,1498.55,1498.6,1496.0,1496.65,4272
1712911200,1496.65,1497.35,1495.8,1496.45,3024
1712911500,1496.5,1497.9,1495.8,1496.8,2416
1712911800,1496.8,1496.9,1495.05,1496.9,6537
1712912100,1496.9,1498.6,1496.25,1497.85,7820
1712912400,1497.95,1498.0,1496.35,1497.0,3937
1712912700,1497.0,1499.1,1496.2,1498.75,4454
1712913000,1498.8,1500.1,1498.15,1499.6,28362
1712913300,1499.2,1500.4,1494.6,1495.15,13420
1712913600,1495.15,1496.6,1493.6,1494.6,8067
1712913900,1494.15,1496.65,1493.65,1495.8,6919
1712914200,1495.7,1496.3,1490.35,1491.2,28977
1712914500,1491.95,1493.35,1489.55,1490.2,23219
1712914800,1490.25,1494.0,1488.2,1493.85,57747
1712915100,1493.95,1497.0,1493.6,1496.4,26439
1712915400,1496.45,1496.5,1492.1,1492.1,47527
1712915700,1491.6,1493.0,1491.6,1493.0,34938
1713152700,1489.85,1489.9,1470.2,1476.1,29414
1713153000,1475.95,1479.85,1473.3,1473.8,22698
1713153300,1473.8,1475.45,1469.0,1473.9,14333
1713153600,1473.9,1475.0,1471.0,1473.95,8028
1713153900,1473.5,1473.95,1466.4,1468.1,10376
1713154200,1467.4,1471.35,1467.4,1468.85,6453
1713154500,1468.05,1474.1,1468.05,1471.55,8055
1713154800,1471.8,1476.75,1471.2,1475.9,211585
1713155100,1476.2,1480.7,1476.0,1480.7,9191
1713155400,1480.7,1480.7,1478.1,1479.6,6735
1713155700,1479.6,1482.0,1478.65,1479.45,6100
1713156000,1479.95,1480.0,1476.0,1477.0,5912
1713156300,1477.25,1477.25,1473.3,1475.6,8292
1713156600,1475.6,1475.95,1473.05,1473.5,7070
1713156900,1474.0,1476.45,1473.5,1476.15,13946
1713157200,1475.7,1476.45,1474.05,1474.9,15748
1713157500,1474.9,1475.75,1473.25,1474.7,6086
1713157800,1474.8,1475.6,1473.05,1475.6,6562
1713158100,1475.6,1477.9,1475.4,1477.1,8798
1713158400,1477.05,1477.4,1475.7,1475.7,5721
1713158700,1476.05,1480.0,1475.0,1478.35,11269
1713159000,1478.35,1478.95,1475.35,1476.45,9497
1713159300,1476.25,1476.25,1473.5,1475.1,6146
1713159600,1475.1,1475.65,1473.85,1473.95,4382
1713159900,1473.55,1475.05,1471.8,1473.1,7021
1713160200,1473.05,1473.05,1469.1,1469.8,9264
1713160500,1469.8,1472.9,1468.7,1472.0,5574
1713160800,1472.0,1472.0,1469.3,1470.85,5355
1713161100,1470.85,1470.85,1469.55,1470.85,3431
1713161400,1471.3,1471.8,1470.3,1471.0,3473
1713161700,1471.0,1471.0,1468.1,1468.3,8199
1713162000,1468.35,1470.3,1468.0,1468.0,6302
1713162300,1468.65,1471.0,1467.0,1471.0,12225
1713162600,1471.0,1471.95,1468.95,1469.45,7319
1713162900,1469.45,1469.45,1467.1,1468.5,6676
1713163200,1468.9,1470.85,1468.9,1469.55,14574
1713163500,1469.6,1470.55,1468.2,1469.8,11529
1713163800,1469.75,1471.9,1469.55,1471.5,14345
1713164100,1471.5,1473.05,1469.6,1470.35,10948
1713164400,1470.1,1471.6,1469.8,1470.35,10267
1713164700,1470.35,1473.15,1470.0,1472.1,11639
1713165000,1472.1,1472.95,1470.5,1472.9,6556
1713165300,1472.9,1474.75,1472.05,1472.5,9515
1713165600,1472.45,1473.4,1470.35,1471.2,7198
1713165900,1471.2,1471.2,1469.3,1469.85,4244
1713166200,1469.9,1469.9,1467.45,1468.45,6002
1713166500,1468.45,1469.75,1467.05,1469.75,7254
1713166800,1469.75,1471.0,1468.05,1470.9,8394
1713167100,1470.6,1470.9,1468.1,1468.9,4450
1713167400,1468.9,1471.7,1468.9,1471.7,5768
1713167700,1471.7,1473.7,1471.1,1471.75,7385
1713168000,1471.75,1473.6,1471.7,1473.6,5131
1713168300,1473.55,1473.55,1470.25,1472.45,6447
1713168600,1472.8,1473.35,1470.9,1471.25,4129
1713168900,1471.25,1472.0,1470.2,1470.6,5054
1713169200,1470.6,1471.55,1469.75,1470.95,4522
1713169500,1470.95,1471.15,1469.2,1469.7,5872
1713169800,1469.7,1472.45,1469.7,1472.0,4037
1713170100,1472.0,1472.8,1471.1,1472.8,6094
1713170400,1472.8,1472.8,1470.5,1471.1,3669
1713170700,1471.1,1472.1,1470.7,1470.7,3211
1713171000,1470.85,1472.2,1468.75,1470.5,8208
1713171300,1470.5,1470.5,1468.0,1468.35,4540
1713171600,1468.8,1469.0,1465.65,1466.3,4913
1713171900,1466.3,1467.75,1465.6,1467.25,5058
1713172200,1467.25,1467.8,1466.55,1467.6,3529
1713172500,1467.6,1467.95,1465.9,1466.6,4955
1713172800,1466.6,1468.5,1465.1,1467.45,12253
1713173100,1466.95,1469.5,1465.0,1465.9,19435
1713173400,1465.95,1466.25,1462.5,1464.8,38596
1713173700,1464.0,1466.85,1463.25,1466.3,34916
1713174000,1466.65,1467.05,1465.0,1465.7,37534
1713174300,1465.7,1468.35,1465.7,1467.3,34350
1713174600,1467.45,1470.3,1467.1,1469.25,41306
1713174900,1470.1,1472.9,1469.15,1471.75,38860
1713239100,1460.2,1474.6,1460.2,1471.4,27909
1713239400,1471.7,1473.8,1469.65,1471.95,12164
1713239700,1472.2,1476.9,1471.5,1472.1,37971
1713240000,1471.8,1473.5,1470.0,1470.0,15230
1713240300,1470.55,1470.75,1465.15,1466.0,12889
1713240600,1465.3,1466.6,1463.2,1465.5,11949
1713240900,1465.65,1465.65,1461.0,1463.35,6455
1713241200,1463.55,1464.2,1460.4,1463.95,6183
1713241500,1463.9,1464.8,1462.0,1462.0,6840
1713241800,1462.6,1465.0,1461.05,1465.0,5893
1713242100,1465.0,1465.2,1461.35,1461.65,8638
1713242400,1461.65,1462.0,1459.0,1460.35,21118
1713242700,1460.35,1462.5,1460.0,1461.35,8505
1713243000,1461.3,1462.35,1457.85,1461.85,13227
1713243300,1461.85,1465.25,1461.75,1465.25,6000
1713243600,1465.1,1466.3,1464.55,1464.9,8709
1713243900,1464.5,1464.7,1462.45,1464.15,10191
1713244200,1464.0,1464.7,1463.0,1463.65,2332
1713244500,1463.6,1463.6,1461.3,1462.25,3345
1713244800,1462.2,1462.25,1460.0,1461.75,4183
1713245100,1461.55,1461.55,1459.8,1460.95,3831
1713245400,1460.9,1462.4,1460.35,1461.75,2517
1713245700,1461.75,1462.9,1460.45,1461.0,3555
1713246000,1460.7,1461.1,1459.0,1460.35,7596
1713246300,1460.05,1460.45,1459.0,1459.55,3092
1713246600,1459.6,1460.45,1459.15,1460.15,3333
1713246900,1460.1,1460.15,1456.45,1459.65,5998
1713247200,1459.45,1460.2,1458.6,1460.0,3323
1713247500,1459.8,1459.8,1458.35,1459.4,3218
1713247800,1459.35,1459.55,1458.1,1459.5,4552
1713248100,1459.25,1461.4,1458.75,1458.75,6570
1713248400,1459.4,1459.4,1456.2,1458.75,11984
1713248700,1458.75,1459.0,1455.05,1457.65,18895
1713249000,1457.7,1457.85,1454.1,1454.55,9761
1713249300,1454.25,1456.0,1453.0,1453.3,10372
1713249600,1453.45,1455.75,1453.05,1455.55,10651
1713249900,1455.45,1455.7,1453.7,1453.7,7790
1713250200,1454.0,1454.7,1452.25,1453.85,13973
1713250500,1453.85,1454.55,1452.0,1453.1,9375
1713250800,1453.5,1457.0,1453.1,1457.0,9698
1713251100,1456.9,1459.3,1456.65,1459.0,8741
1713251400,1458.95,1462.0,1458.9,1461.2,5935
1713251700,1461.0,1461.85,1460.0,1460.8,2895
1713252000,1461.95,1462.5,1460.7,1461.0,3282
1713252300,1460.85,1461.55,1460.85,1461.3,1754
1713252600,1461.45,1462.75,1460.05,1462.7,4198
1713252900,1462.7,1462.7,1461.05,1461.7,1333
1713253200,1461.85,1463.35,1460.5,1462.95,6911
1713253500,1463.0,1463.0,1460.8,1461.95,3812
1713253800,1461.95,1461.95,1460.9,1461.4,1352
1713254100,1461.4,1465.75,1461.4,1463.8,6874
1713254400,1463.85,1465.25,1463.3,1464.75,1829
1713254700,1464.75,1465.95,1463.8,1465.3,3178
1713255000,1465.3,1467.0,1464.05,1464.15,4218
1713255300,1464.2,1466.45,1463.75,1465.25,6298
1713255600,1465.4,1470.75,1464.7,1468.6,14701
1713255900,1467.9,1469.65,1467.3,1468.65,2681
1713256200,1468.65,1468.8,1465.75,1466.85,5629
1713256500,1466.8,1466.85,1464.65,1466.15,5524
1713256800,1466.0,1468.0,1464.05,1465.85,4810
1713257100,1465.9,1470.85,1465.8,1467.7,22261
1713257400,1467.2,1468.4,1465.9,1466.05,4694
1713257700,1466.55,1466.7,1460.75,1462.0,10958
1713258000,1461.5,1462.8,1460.05,1461.15,4673
1713258300,1461.15,1462.0,1460.65,1461.7,3769
1713258600,1461.65,1461.75,1460.05,1461.2,4700
1713258900,1461.15,1462.8,1460.9,1462.15,15573
1713259200,1462.1,1463.65,1460.55,1460.75,19228
1713259500,1460.55,1462.05,1458.2,1460.05,11149
1713259800,1460.0,1465.0,1460.0,1464.55,24167
1713260100,1464.6,1464.75,1461.6,1462.45,18142
1713260400,1462.45,1466.0,1461.7,1465.95,29575
1713260700,1465.95,1466.05,1461.55,1462.4,27277
1713261000,1462.35,1464.05,1460.05,1463.8,28365
1713261300,1464.0,1467.9,1460.8,1467.9,17342
1713411900,1465.0,1476.6,1465.0,1466.1,41475
1713412200,1466.05,1468.85,1465.0,1465.95,27684
1713412500,1466.35,1469.85,1464.3,1468.75,34272
1713412800,1469.0,1474.3,1467.0,1472.8,18391
1713413100,1472.85,1474.95,1470.0,1471.05,34199
1713413400,1471.6,1471.6,1462.85,1468.3,42599
1713413700,1468.3,1469.25,1460.0,1460.0,55311
1713414000,1460.7,1465.8,1458.75,1465.8,24651
1713414300,1466.0,1473.95,1466.0,1473.15,11285
1713414600,1473.2,1474.65,1470.65,1471.55,10880
1713414900,1471.55,1472.2,1464.5,1468.2,13502
1713415200,1468.2,1468.55,1463.15,1465.85,18021
1713415500,1465.85,1467.3,1463.55,1464.15,17664
1713415800,1464.1,1465.75,1462.25,1465.65,15582
1713416100,1465.5,1466.85,1464.7,1466.25,17486
1713416400,1466.3,1469.85,1463.0,1469.4,23324
1713416700,1469.4,1472.35,1468.05,1469.75,19894
1713417000,1469.7,1470.45,1467.75,1468.05,17692
1713417300,1468.1,1470.45,1467.15,1469.0,19392
1713417600,1469.0,1469.05,1465.2,1467.85,14248
1713417900,1467.9,1468.6,1466.05,1466.8,12151
1713418200,1467.25,1468.35,1466.2,1468.0,10498
1713418500,1468.05,1478.0,1467.85,1477.15,22233
1713418800,1477.6,1479.9,1476.7,1478.1,16884
1713419100,1478.6,1483.65,1478.5,1481.0,18236
1713419400,1481.05,1481.85,1479.2,1480.9,11025
1713419700,1480.9,1481.55,1477.45,1478.55,10645
1713420000,1478.5,1479.95,1477.0,1477.3,12032
1713420300,1477.45,1481.0,1477.3,1478.55,15541
1713420600,1479.15,1479.75,1475.5,1477.4,16025
1713420900,1477.55,1479.4,1475.65,1476.5,10132
1713421200,1476.75,1478.75,1475.5,1478.75,11258
1713421500,1478.65,1480.0,1476.95,1479.3,13200
1713421800,1479.3,1480.05,1478.1,1478.75,10907
1713422100,1479.35,1479.35,1476.2,1478.6,10380
1713422400,1478.65,1479.95,1477.6,1478.75,11339
1713422700,1477.95,1481.4,1477.95,1480.0,10358
1713423000,1480.45,1481.35,1478.5,1479.2,11599
1713423300,1479.15,1481.0,1477.15,1480.95,10835
1713423600,1481.0,1482.0,1479.6,1480.35,12463
1713423900,1480.35,1481.85,1477.6,1481.8,11542
1713424200,1481.85,1482.95,1480.1,1481.25,22272
1713424500,1481.25,1481.8,1477.55,1478.8,5921
1713424800,1478.8,1479.45,1476.2,1476.85,5767
1713425100,1477.0,1480.1,1475.4,1478.85,11308
1713425400,1478.85,1479.85,1477.4,1477.95,8279
1713425700,1477.95,1479.9,1476.9,1478.25,7209
1713426000,1478.2,1478.95,1475.0,1478.75,10088
1713426300,1478.75,1478.8,1475.3,1477.5,13638
1713426600,1477.75,1478.1,1475.15,1476.25,7508
1713426900,1476.25,1476.55,1462.75,1465.4,80480
1713427200,1465.4,1474.55,1463.4,1473.6,38005
1713427500,1473.2,1474.0,1464.1,1467.0,25332
1713427800,1467.45,1471.35,1463.4,1466.6,18093
1713428100,1466.65,1468.0,1465.45,1467.35,10700
1713428400,1467.35,1469.7,1463.45,1468.45,16427
1713428700,1468.45,1470.0,1466.6,1468.0,13525
1713429000,1468.4,1469.2,1465.55,1467.9,23988
1713429300,1467.9,1468.9,1464.55,1466.3,13782
1713429600,1466.2,1468.2,1463.45,1466.9,23233
1713429900,1466.9,1468.8,1464.85,1465.9,21534
1713430200,1465.9,1467.1,1463.2,1466.25,15600
1713430500,1466.6,1468.7,1463.1,1465.65,18619
1713430800,1465.55,1465.9,1461.0,1462.35,17748
1713431100,1462.45,1464.6,1460.0,1463.6,21794
1713431400,1463.65,1466.15,1461.4,1462.6,19705
1713431700,1462.9,1464.65,1460.7,1463.15,12688
1713432000,1462.2,1464.55,1460.0,1461.1,15262
1713432300,1461.1,1462.6,1459.0,1462.6,55900
1713432600,1462.1,1464.6,1460.0,1460.65,133940
1713432900,1460.95,1462.3,1452.05,1453.3,110179
1713433200,1453.2,1454.2,1449.4,1453.4,63491
1713433500,1453.4,1456.2,1450.4,1451.95,58584
1713433800,1451.95,1452.6,1448.0,1451.95,51801
1713434100,1451.95,1460.0,1451.9,1459.75,26796
1713411900,1465.0,1476.6,1465.0,1466.1,41475
1713412200,1466.05,1468.85,1465.0,1465.95,27684
1713412500,1466.35,1469.85,1464.3,1468.75,34272
1713412800,1469.0,1474.3,1467.0,1472.8,18391
1713413100,1472.85,1474.95,1470.0,1471.05,34199
1713413400,1471.6,1471.6,1462.85,1468.3,42599
1713413700,1468.3,1469.25,1460.0,1460.0,55311
1713414000,1460.7,1465.8,1458.75,1465.8,24651
1713414300,1466.0,1473.95,1466.0,1473.15,11285
1713414600,1473.2,1474.65,1470.65,1471.55,10880
1713414900,1471.55,1472.2,1464.5,1468.2,13502
1713415200,1468.2,1468.55,1463.15,1465.85,18021
1713415500,1465.85,1467.3,1463.55,1464.15,17664
1713415800,1464.1,1465.75,1462.25,1465.65,15582
1713416100,1465.5,1466.85,1464.7,1466.25,17486
1713416400,1466.3,1469.85,1463.0,1469.4,23324
1713416700,1469.4,1472.35,1468.05,1469.75,19894
1713417000,1469.7,1470.45,1467.75,1468.05,17692
1713417300,1468.1,1470.45,1467.15,1469.0,19392
1713417600,1469.0,1469.05,1465.2,1467.85,14248
1713417900,1467.9,1468.6,1466.05,1466.8,12151
1713418200,1467.25,1468.35,1466.2,1468.0,10498
1713418500,1468.05,1478.0,1467.85,1477.15,22233
1713418800,1477.6,1479.9,1476.7,1478.1,16884
1713419100,1478.6,1483.65,1478.5,1481.0,18236
1713419400,1481.05,1481.85,1479.2,1480.9,11025
1713419700,1480.9,1481.55,1477.45,1478.55,10645
1713420000,1478.5,1479.95,1477.0,1477.3,12032
1713420300,1477.45,1481.0,1477.3,1478.55,15541
1713420600,1479.15,1479.75,1475.5,1477.4,16025
1713420900,1477.55,1479.4,1475.65,1476.5,10132
1713421200,1476.75,1478.75,1475.5,1478.75,11258
1713421500,1478.65,1480.0,1476.95,1479.3,13200
1713421800,1479.3,1480.05,1478.1,1478.75,10907
1713422100,1479.35,1479.35,1476.2,1478.6,10380
1713422400,1478.65,1479.95,1477.6,1478.75,11339
1713422700,1477.95,1481.4,1477.95,1480.0,10358
1713423000,1480.45,1481.35,1478.5,1479.2,11599
1713423300,1479.15,1481.0,1477.15,1480.95,10835
1713423600,1481.0,1482.0,1479.6,1480.35,12463
1713423900,1480.35,1481.85,1477.6,1481.8,11542
1713424200,1481.85,1482.95,1480.1,1481.25,22272
1713424500,1481.25,1481.8,1477.55,1478.8,5921
1713424800,1478.8,1479.45,1476.2,1476.85,5767
1713425100,1477.0,1480.1,1475.4,1478.85,11308
1713425400,1478.85,1479.85,1477.4,1477.95,8279
1713425700,1477.95,1479.9,1476.9,1478.25,7209
1713426000,1478.2,1478.95,1475.0,1478.75,10088
1713426300,1478.75,1478.8,1475.3,1477.5,13638
1713426600,1477.75,1478.1,1475.15,1476.25,7508
1713426900,1476.25,1476.55,1462.75,1465.4,80480
1713427200,1465.4,1474.55,1463.4,1473.6,38005
1713427500,1473.2,1474.0,1464.1,1467.0,25332
1713427800,1467.45,1471.35,1463.4,1466.6,18093
1713428100,1466.65,1468.0,1465.45,1467.35,10700
1713428400,1467.35,1469.7,1463.45,1468.45,16427
1713428700,1468.45,1470.0,1466.6,1468.0,13525
1713429000,1468.4,1469.2,1465.55,1467.9,23988
1713429300,1467.9,1468.9,1464.55,1466.3,13782
1713429600,1466.2,1468.2,1463.45,1466.9,23233
1713429900,1466.9,1468.8,1464.85,1465.9,21534
1713430200,1465.9,1467.1,1463.2,1466.25,15600
1713430500,1466.6,1468.7,1463.1,1465.65,18619
1713430800,1465.55,1465.9,1461.0,1462.35,17748
1713431100,1462.45,1464.6,1460.0,1463.6,21794
1713431400,1463.65,1466.15,1461.4,1462.6,19705
1713431700,1462.9,1464.65,1460.7,1463.15,12688
1713432000,1462.2,1464.55,1460.0,1461.1,15262
1713432300,1461.1,1462.6,1459.0,1462.6,55900
1713432600,1462.1,1464.6,1460.0,1460.65,133940
1713432900,1460.95,1462.3,1452.05,1453.3,110179
1713433200,1453.2,1454.2,1449.4,1453.4,63491
1713433500,1453.4,1456.2,1450.4,1451.95,58584
1713433800,1451.95,1452.6,1448.0,1451.95,51801
1713434100,1451.95,1460.0,1451.9,1459.75,26796
1713498300,1450.0,1455.0,1429.8,1440.25,65588
1713498600,1440.2,1441.0,1433.05,1436.5,29386
1713498900,1436.5,1438.5,1428.3,1428.55,16126
1713499200,1429.15,1434.0,1425.35,1432.95,22407
1713499500,1433.1,1446.75,1431.65,1443.65,15523
1713499800,1442.9,1443.45,1438.85,1440.7,3800
1713500100,1440.7,1446.8,1439.4,1442.6,4626
1713500400,1442.6,1445.0,1441.0,1444.4,2109
1713500700,1444.4,1447.0,1443.0,1444.9,4591
1713501000,1444.85,1447.75,1442.2,1447.6,4136
1713501300,1447.6,1447.85,1444.35,1444.35,4729
1713501600,1444.3,1444.4,1440.35,1441.7,7050
1713501900,1441.65,1442.95,1439.35,1442.65,5046
1713502200,1442.65,1443.0,1439.55,1440.85,11467
1713502500,1440.85,1443.5,1439.55,1440.25,9387
1713502800,1440.25,1443.15,1438.45,1440.5,7089
1713503100,1440.25,1442.35,1439.25,1441.15,6415
1713503400,1441.05,1442.0,1440.0,1440.65,5652
1713503700,1440.45,1442.3,1435.05,1440.5,45910
1713504000,1440.0,1441.95,1438.0,1440.0,19192
1713504300,1440.9,1443.1,1439.35,1440.7,12688
1713504600,1441.1,1443.95,1440.7,1443.2,2415
1713504900,1443.2,1443.2,1439.7,1440.15,8914
1713505200,1440.1,1442.75,1438.6,1442.75,11864
1713505500,1442.75,1443.0,1438.0,1440.1,15902
1713505800,1440.1,1441.55,1439.85,1440.5,7745
1713506100,1440.5,1444.0,1438.7,1442.95,11561
1713506400,1442.95,1443.4,1440.9,1440.9,5720
1713506700,1440.85,1442.6,1440.1,1441.25,9303
1713507000,1441.15,1441.5,1439.3,1440.65,19848
1713507300,1440.65,1440.9,1439.1,1440.75,5154
1713507600,1440.75,1440.75,1435.1,1436.45,11513
1713507900,1436.45,1436.45,1435.0,1435.2,2427
1713508200,1435.2,1435.9,1433.35,1434.1,3123
1713508500,1434.1,1435.85,1433.3,1434.6,3815
1713508800,1434.6,1435.25,1434.0,1434.75,3989
1713509100,1434.75,1435.6,1433.2,1435.1,5672
1713509400,1435.1,1439.85,1434.2,1437.75,8275
1713509700,1437.65,1438.3,1434.9,1434.95,4145
1713510000,1434.95,1434.95,1431.6,1432.0,5824
1713510300,1432.0,1437.7,1431.05,1437.7,7155
1713510600,1437.7,1440.7,1436.7,1440.25,14109
1713510900,1440.3,1442.7,1440.2,1441.15,14313
1713511200,1441.25,1442.75,1439.7,1441.9,30033
1713511500,1441.8,1442.85,1441.5,1442.6,9149
1713511800,1442.35,1444.5,1441.6,1444.5,15997
1713512100,1444.45,1444.45,1440.8,1443.2,16265
1713512400,1443.2,1443.45,1442.05,1442.9,805
1713512700,1442.9,1443.0,1442.0,1442.3,13858
1713513000,1442.3,1444.45,1438.0,1444.45,45146
1713513300,1444.5,1444.7,1442.6,1442.7,1825
1713513600,1442.6,1444.65,1440.7,1442.15,8005
1713513900,1442.15,1442.15,1439.5,1441.05,4918
1713514200,1441.05,1446.35,1440.45,1445.7,14136
1713514500,1445.7,1446.65,1444.85,1446.65,2731
1713514800,1446.65,1451.75,1446.45,1451.75,16659
1713515100,1451.75,1454.25,1451.2,1451.85,2806
1713515400,1452.4,1455.3,1451.15,1453.0,3984
1713515700,1453.0,1457.55,1453.0,1455.25,5181
1713516000,1455.25,1455.9,1453.45,1455.6,6219
1713516300,1454.75,1456.6,1449.05,1449.85,21530
1713516600,1449.85,1450.1,1446.3,1448.2,7437
1713516900,1447.55,1450.8,1447.55,1449.0,5626
1713517200,1448.75,1451.9,1448.65,1451.15,10736
1713517500,1451.2,1451.95,1449.85,1450.1,16719
1713517800,1450.0,1451.55,1445.0,1446.0,14514
1713518100,1446.25,1448.15,1445.0,1447.4,17146
1713518400,1447.4,1448.35,1445.05,1447.4,40146
1713518700,1447.4,1448.2,1445.6,1447.1,17810
1713519000,1447.55,1448.7,1446.2,1447.45,43020
1713519300,1448.0,1451.9,1446.4,1451.9,29499
1713519600,1451.7,1451.7,1447.4,1449.0,23645
1713519900,1449.0,1449.05,1445.55,1446.1,38441
1713520200,1446.1,1448.65,1444.75,1446.0,95265
1713520500,1446.0,1457.0,1445.35,1457.0,64169
1713757500,1456.5,1474.85,1452.0,1474.85,38323
1713757800,1475.0,1475.0,1464.7,1466.45,21686
1713758100,1466.45,1469.65,1465.3,1466.15,7253
1713758400,1466.0,1468.85,1465.3,1467.3,7231
1713758700,1467.3,1471.05,1466.9,1467.45,7584
1713759000,1467.45,1468.5,1466.0,1467.0,2889
1713759300,1467.0,1467.9,1463.25,1464.5,8949
1713759600,1464.5,1466.0,1461.6,1461.6,4702
1713759900,1462.2,1463.8,1460.15,1462.45,4542
1713760200,1463.0,1466.0,1462.0,1463.65,5019
1713760500,1463.9,1466.5,1463.4,1464.7,6657
1713760800,1464.7,1467.9,1464.0,1466.4,4712
1713761100,1466.9,1478.95,1466.5,1477.35,44063
1713761400,1477.8,1477.85,1472.3,1474.3,22490
1713761700,1474.3,1477.5,1473.55,1477.5,7569
1713762000,1477.5,1477.5,1475.4,1476.1,6323
1713762300,1475.75,1477.5,1475.5,1476.7,2356
1713762600,1476.7,1479.55,1476.35,1477.25,6800
1713762900,1477.25,1477.25,1473.9,1474.55,4774
1713763200,1474.7,1477.0,1474.3,1475.6,2476
1713763500,1475.7,1476.4,1473.6,1474.95,5419
1713763800,1474.9,1479.05,1474.25,1478.2,9803
1713764100,1478.2,1479.05,1476.75,1478.8,3240
1713764400,1478.8,1479.0,1477.7,1478.55,4076
1713764700,1478.55,1478.7,1476.65,1477.45,3313
1713765000,1476.95,1477.7,1475.0,1477.7,3042
1713765300,1477.7,1477.9,1474.55,1475.85,4903
1713765600,1476.1,1477.3,1475.7,1476.55,2419
1713765900,1476.55,1477.7,1475.95,1477.7,1868
1713766200,1477.75,1478.55,1476.5,1477.0,3443
1713766500,1477.0,1478.5,1476.6,1478.4,1850
1713766800,1478.4,1480.0,1478.3,1479.9,5819
1713767100,1479.9,1481.4,1479.65,1481.3,5140
1713767400,1481.25,1482.5,1479.25,1480.85,8461
1713767700,1480.85,1482.9,1480.15,1480.7,7075
1713768000,1481.2,1482.15,1478.15,1478.25,10199
1713768300,1478.25,1480.0,1477.4,1477.95,11809
1713768600,1478.0,1479.55,1477.5,1479.1,3493
1713768900,1478.45,1479.5,1477.1,1477.95,4133
1713769200,1478.6,1479.75,1477.45,1478.6,14734
1713769500,1478.6,1479.6,1478.4,1479.5,13437
1713769800,1479.3,1481.95,1478.8,1481.15,22203
1713770100,1481.2,1481.35,1477.8,1479.25,8789
1713770400,1479.25,1479.25,1478.1,1478.95,2446
1713770700,1478.95,1480.25,1478.9,1479.2,7105
1713771000,1479.2,1479.95,1479.15,1479.9,3675
1713771300,1479.9,1481.4,1477.5,1477.8,12730
1713771600,1477.8,1480.4,1477.8,1479.15,4749
1713771900,1479.4,1479.85,1478.15,1478.8,3974
1713772200,1479.0,1479.2,1478.0,1478.25,3531
1713772500,1479.4,1479.95,1478.0,1478.55,5913
1713772800,1478.55,1480.0,1478.55,1480.0,2312
1713773100,1480.0,1480.0,1478.9,1479.45,2498
1713773400,1479.65,1479.9,1478.85,1479.75,2444
1713773700,1479.75,1480.85,1479.3,1480.5,3583
1713774000,1480.45,1480.55,1479.5,1479.9,2746
1713774300,1479.85,1479.95,1479.5,1479.5,3465
1713774600,1479.5,1480.95,1479.5,1480.55,5879
1713774900,1480.6,1481.45,1479.5,1481.2,5291
1713775200,1481.2,1481.2,1479.65,1480.2,3303
1713775500,1480.2,1480.5,1479.3,1479.55,9052
1713775800,1479.55,1480.75,1479.3,1479.85,5357
1713776100,1479.85,1480.05,1479.3,1479.3,3081
1713776400,1479.9,1480.0,1479.3,1479.8,6834
1713776700,1480.35,1480.5,1478.3,1478.7,9630
1713777000,1478.6,1480.6,1478.6,1479.35,7789
1713777300,1479.45,1480.0,1479.05,1479.6,9668
1713777600,1479.5,1480.0,1479.3,1479.4,12052
1713777900,1479.95,1480.0,1478.6,1479.6,10687
1713778200,1479.55,1480.35,1479.0,1479.1,28787
1713778500,1479.1,1479.3,1473.15,1475.05,69830
1713778800,1475.0,1476.05,1473.35,1474.15,35428
1713779100,1474.15,1474.35,1470.4,1473.0,43730
1713779400,1473.0,1475.5,1472.05,1475.15,31410
1713779700,1475.25,1479.85,1474.25,1477.05,37703
1713843900,1478.0,1489.2,1478.0,1481.95,58143
1713844200,1481.95,1485.35,1479.05,1480.15,26483
1713844500,1480.15,1484.95,1477.5,1478.7,16011
1713844800,1478.9,1481.0,1478.2,1479.4,12359
1713845100,1479.4,1482.65,1478.0,1482.35,13391
1713845400,1481.5,1482.0,1475.95,1479.25,13999
1713845700,1479.25,1479.35,1476.7,1478.0,7554
1713846000,1477.75,1480.3,1476.7,1477.95,12859
1713846300,1478.35,1478.95,1474.85,1476.6,30643
1713846600,1476.9,1476.9,1473.7,1475.6,6651
1713846900,1475.6,1476.95,1474.8,1475.05,7892
1713847200,1475.0,1476.3,1474.0,1474.7,10903
1713847500,1475.2,1476.85,1474.1,1475.75,10986
1713847800,1476.3,1478.35,1474.0,1477.75,16210
1713848100,1477.75,1478.35,1474.05,1475.6,18800
1713848400,1475.6,1476.6,1474.5,1476.6,10328
1713848700,1476.4,1476.8,1474.45,1474.45,3406
1713849000,1475.05,1475.05,1474.1,1475.0,7191
1713849300,1475.0,1476.55,1473.9,1474.5,9575
1713849600,1474.5,1474.65,1473.9,1474.25,2709
1713849900,1474.25,1475.35,1473.85,1474.05,9888
1713850200,1474.45,1475.15,1473.5,1473.9,3597
1713850500,1474.25,1474.65,1473.6,1474.6,3708
1713850800,1474.6,1476.85,1474.0,1475.35,9811
1713851100,1475.35,1475.4,1474.35,1474.8,3026
1713851400,1474.8,1474.8,1474.2,1474.8,5650
1713851700,1474.75,1474.85,1474.7,1474.7,5681
1713852000,1474.65,1474.9,1473.7,1474.9,4901
1713852300,1474.9,1476.4,1474.85,1476.25,4473
1713852600,1476.25,1476.4,1474.8,1474.95,3546
1713852900,1474.9,1475.0,1473.95,1473.95,4593
1713853200,1473.95,1474.4,1473.5,1473.65,3140
1713853500,1473.6,1476.0,1473.5,1475.8,8120
1713853800,1475.8,1477.9,1474.95,1476.5,10482
1713854100,1476.5,1477.25,1475.7,1477.25,4669
1713854400,1476.7,1477.4,1475.45,1476.7,10330
1713854700,1476.7,1476.75,1473.9,1473.9,14596
1713855000,1473.85,1476.65,1473.65,1475.75,9396
1713855300,1475.25,1476.6,1473.55,1474.0,8654
1713855600,1474.0,1475.9,1473.5,1475.85,7237
1713855900,1475.9,1477.9,1475.65,1475.95,9202
1713856200,1475.95,1476.55,1475.95,1476.2,5646
1713856500,1476.25,1476.25,1473.4,1475.15,8998
1713856800,1475.0,1477.05,1474.85,1475.65,8621
1713857100,1475.55,1477.15,1475.3,1476.9,5027
1713857400,1476.8,1478.45,1476.7,1477.1,4306
1713857700,1477.1,1477.15,1474.05,1475.5,10920
1713858000,1475.55,1477.45,1475.5,1477.15,9412
1713858300,1477.15,1482.2,1476.55,1481.4,12256
1713858600,1481.2,1482.3,1479.75,1481.95,15880
1713858900,1481.95,1481.95,1479.55,1480.0,19471
1713859200,1479.45,1480.45,1476.4,1478.0,28624
1713859500,1477.25,1477.65,1473.8,1475.7,20180
1713859800,1475.7,1475.7,1473.8,1474.7,10365
1713860100,1474.65,1475.45,1473.8,1474.85,14626
1713860400,1474.9,1475.0,1474.0,1474.4,5399
1713860700,1474.25,1475.0,1473.05,1473.7,5360
1713861000,1473.7,1475.0,1473.3,1474.5,4947
1713861300,1474.45,1474.85,1473.25,1474.1,7460
1713861600,1474.1,1474.45,1473.2,1473.25,3485
1713861900,1473.25,1474.2,1472.6,1473.05,34766
1713862200,1473.1,1474.65,1472.7,1474.1,8830
1713862500,1473.55,1474.2,1472.5,1473.05,7285
1713862800,1473.45,1474.5,1470.6,1470.65,17979
1713863100,1470.6,1470.95,1468.7,1469.3,33417
1713863400,1469.15,1471.1,1468.9,1469.75,9641
1713863700,1469.7,1470.35,1468.4,1468.7,11017
1713864000,1468.7,1469.95,1468.7,1469.65,14232
1713864300,1469.75,1474.5,1469.65,1473.65,32702
1713864600,1473.65,1474.5,1470.35,1470.35,38889
1713864900,1470.55,1470.6,1466.0,1468.15,52703
1713865200,1468.3,1471.7,1468.0,1471.5,35099
1713865500,1471.2,1472.5,1470.1,1471.5,34016
1713865800,1471.75,1472.5,1467.0,1467.4,41881
1713866100,1467.5,1470.0,1464.25,1466.8,28281
1713930300,1469.85,1473.75,1458.85,1462.4,27944
1713930600,1462.4,1466.15,1461.05,1465.1,8390
1713930900,1465.1,1468.2,1465.05,1466.45,9054
1713931200,1466.45,1468.2,1466.15,1466.45,4232
1713931500,1467.2,1468.25,1466.25,1467.55,3690
1713931800,1467.55,1472.0,1467.0,1470.65,6215
1713932100,1471.45,1471.5,1469.25,1471.1,6845
1713932400,1471.1,1474.7,1470.7,1473.75,7130
1713932700,1474.25,1474.5,1471.4,1472.75,8811
1713933000,1472.75,1476.25,1472.75,1475.95,8969
1713933300,1475.9,1475.95,1472.6,1473.65,6826
1713933600,1473.2,1475.6,1471.35,1471.6,12004
1713933900,1471.8,1472.4,1469.05,1469.15,12802
1713934200,1469.15,1473.75,1467.85,1470.8,15349
1713934500,1471.45,1473.55,1470.7,1472.95,14170
1713934800,1473.1,1476.95,1472.9,1474.7,20066
1713935100,1474.7,1478.0,1473.5,1475.45,22424
1713935400,1475.45,1477.5,1475.0,1476.65,8157
1713935700,1476.6,1476.65,1475.3,1476.0,10701
1713936000,1475.85,1476.5,1473.1,1474.0,6649
1713936300,1473.6,1474.5,1473.1,1473.55,7491
1713936600,1473.4,1473.9,1470.75,1471.8,7229
1713936900,1471.55,1473.0,1470.7,1473.0,4441
1713937200,1472.5,1473.45,1472.25,1473.35,4582
1713937500,1472.65,1474.0,1471.65,1473.15,2853
1713937800,1473.15,1473.4,1471.7,1472.95,2175
1713938100,1472.35,1474.3,1472.35,1473.75,3510
1713938400,1473.85,1473.85,1472.4,1473.65,2591
1713938700,1473.65,1473.65,1471.15,1471.65,5647
1713939000,1471.3,1474.5,1471.25,1473.0,6538
1713939300,1472.75,1473.95,1471.1,1472.8,5294
1713939600,1472.75,1473.9,1471.5,1473.9,6094
1713939900,1473.25,1475.45,1472.9,1474.75,12366
1713940200,1474.75,1475.45,1473.25,1473.85,4804
1713940500,1473.8,1474.2,1473.0,1473.3,3761
1713940800,1473.0,1473.55,1470.0,1470.25,13448
1713941100,1469.6,1470.6,1468.5,1468.5,22035
1713941400,1468.95,1469.0,1464.9,1465.0,26544
1713941700,1465.0,1467.45,1464.7,1465.85,25104
1713942000,1465.85,1470.65,1465.2,1469.2,18299
1713942300,1469.65,1471.0,1469.0,1470.35,5006
1713942600,1471.1,1471.35,1467.95,1469.35,5110
1713942900,1469.3,1469.3,1464.0,1464.1,7756
1713943200,1464.8,1464.9,1461.5,1462.85,7396
1713943500,1462.6,1463.5,1460.5,1461.2,6630
1713943800,1460.6,1461.05,1457.0,1458.5,25875
1713944100,1458.45,1458.8,1457.5,1457.7,5433
1713944400,1457.6,1457.6,1455.15,1456.55,8130
1713944700,1456.8,1459.05,1455.7,1458.15,7880
1713945000,1458.2,1461.5,1458.0,1460.85,6588
1713945300,1460.4,1460.9,1458.0,1459.4,27426
1713945600,1459.4,1461.15,1458.6,1461.1,4548
1713945900,1461.05,1461.75,1455.15,1455.65,10482
1713946200,1455.6,1457.3,1453.05,1453.05,7283
1713946500,1453.5,1455.1,1452.55,1455.1,4785
1713946800,1454.85,1455.3,1453.25,1454.95,4038
1713947100,1454.65,1458.5,1454.65,1457.45,7959
1713947400,1457.45,1457.9,1456.2,1456.9,9378
1713947700,1456.7,1457.95,1455.85,1457.0,12672
1713948000,1457.0,1459.35,1456.45,1456.9,9258
1713948300,1457.15,1457.7,1455.1,1456.7,16083
1713948600,1456.7,1458.25,1456.05,1457.95,14167
1713948900,1457.1,1459.0,1456.2,1457.0,16518
1713949200,1457.05,1458.0,1455.2,1457.15,10410
1713949500,1457.0,1457.35,1454.75,1457.1,12166
1713949800,1457.1,1459.3,1456.65,1458.05,20790
1713950100,1458.2,1459.6,1457.9,1459.0,109435
1713950400,1459.0,1459.85,1458.3,1459.2,5102
1713950700,1459.2,1460.6,1459.15,1460.5,5312
1713951000,1460.45,1460.8,1459.35,1460.2,18034
1713951300,1459.8,1460.8,1458.55,1460.6,14470
1713951600,1460.6,1463.35,1460.6,1462.9,11056
1713951900,1462.9,1462.9,1457.05,1458.35,16335
1713952200,1458.35,1459.95,1458.0,1459.65,15064
1713952500,1459.4,1462.45,1459.0,1461.0,24848
1714016700,1464.0,1464.0,1446.25,1453.85,29345
1714017000,1452.75,1452.8,1448.5,1449.8,12889
1714017300,1448.75,1449.65,1444.95,1445.4,33900
1714017600,1445.8,1451.8,1445.55,1450.25,15288
1714017900,1450.25,1451.9,1446.35,1446.55,18572
1714018200,1446.5,1448.0,1442.3,1447.15,22676
1714018500,1447.3,1449.1,1442.7,1444.0,14093
1714018800,1443.9,1444.65,1440.3,1444.0,20528
1714019100,1444.0,1444.7,1439.35,1440.9,23991
1714019400,1440.85,1442.2,1439.3,1439.75,15135
1714019700,1439.75,1442.0,1439.3,1441.5,17527
1714020000,1441.3,1444.0,1439.3,1444.0,30956
1714020300,1444.0,1445.0,1442.45,1445.0,21052
1714020600,1444.7,1446.4,1441.3,1444.85,20532
1714020900,1444.9,1445.6,1441.4,1445.4,16550
1714021200,1444.55,1448.75,1443.85,1447.35,22422
1714021500,1447.7,1448.85,1446.6,1448.1,13880
1714021800,1448.85,1452.75,1446.2,1452.75,56430
1714022100,1452.75,1457.65,1451.2,1452.5,44351
1714022400,1452.75,1454.0,1443.8,1443.8,22299
1714022700,1443.7,1447.45,1442.85,1443.2,11872
1714023000,1443.15,1444.6,1440.6,1442.1,13328
1714023300,1442.9,1447.15,1441.5,1446.35,20182
1714023600,1446.5,1448.5,1444.35,1448.15,9662
1714023900,1448.15,1449.55,1445.95,1447.0,16310
1714024200,1446.35,1447.0,1443.25,1445.95,21165
1714024500,1445.95,1454.75,1444.0,1451.55,38117
1714024800,1451.55,1452.9,1449.2,1452.6,7824
1714025100,1452.8,1455.8,1452.2,1454.95,8793
1714025400,1454.95,1455.0,1452.25,1452.8,11937
1714025700,1452.75,1453.0,1449.0,1449.55,7425
1714026000,1448.8,1449.9,1446.15,1447.7,13466
1714026300,1447.7,1448.8,1446.0,1446.85,95658
1714026600,1446.85,1447.15,1444.0,1445.0,13230
1714026900,1445.05,1446.75,1445.0,1446.25,9334
1714027200,1446.1,1447.45,1444.1,1444.55,16081
1714027500,1445.05,1445.6,1441.05,1443.2,12842
1714027800,1443.1,1444.0,1440.05,1440.1,13215
1714028100,1440.95,1444.1,1440.15,1442.15,10311
1714028400,1442.75,1442.95,1440.3,1441.3,10724
1714028700,1441.15,1444.0,1440.7,1440.85,19353
1714029000,1440.85,1442.7,1438.5,1438.7,21333
1714029300,1438.7,1438.7,1436.6,1437.0,13142
1714029600,1437.15,1438.65,1436.5,1436.55,16012
1714029900,1437.25,1442.35,1436.15,1441.05,17712
1714030200,1441.0,1446.0,1439.0,1444.7,25230
1714030500,1444.7,1445.55,1442.65,1443.8,25211
1714030800,1443.85,1445.75,1442.7,1444.4,17145
1714031100,1444.3,1449.0,1443.6,1444.25,23651
1714031400,1444.25,1447.95,1443.3,1447.0,18779
1714031700,1447.3,1449.0,1444.6,1445.65,39359
1714032000,1445.75,1448.85,1444.7,1448.0,22354
1714032300,1447.25,1449.0,1446.85,1447.5,27332
1714032600,1447.65,1449.35,1446.9,1447.95,22060
1714032900,1448.0,1452.0,1447.4,1451.25,44378
1714033200,1451.3,1452.0,1447.85,1448.8,19057
1714033500,1448.1,1448.95,1445.35,1445.45,20521
1714033800,1445.45,1448.9,1445.0,1448.9,27283
1714034100,1448.9,1452.95,1448.9,1449.45,133427
1714034400,1450.0,1451.35,1447.2,1449.2,39103
1714034700,1449.3,1452.5,1448.0,1452.5,32931
1714035000,1452.8,1455.65,1449.15,1450.8,29662
1714035300,1450.8,1453.1,1450.1,1452.85,30638
1714035600,1452.45,1452.9,1448.05,1452.3,35537
1714035900,1452.0,1452.95,1445.1,1445.1,42471
1714036200,1445.1,1447.4,1443.0,1446.9,61554
1714036500,1446.75,1447.4,1444.0,1445.2,27008
1714036800,1446.0,1446.7,1444.1,1444.4,41722
1714037100,1445.0,1448.35,1442.0,1443.75,104954
1714037400,1444.35,1445.5,1441.75,1444.15,86947
1714037700,1444.2,1446.6,1443.55,1444.7,134342
1714038000,1444.95,1446.15,1442.65,1443.05,88980
1714038300,1443.0,1444.65,1441.05,1442.25,82388
1714038600,1442.05,1448.1,1441.2,1445.5,103973
1714038900,1445.9,1447.45,1442.0,1445.0,77274
1714103100,1455.0,1466.85,1451.25,1458.5,52512
1714103400,1459.45,1462.7,1447.85,1449.8,29493
1714103700,1449.8,1452.35,1447.9,1448.7,26576
1714104000,1448.7,1448.7,1441.25,1441.4,26331
1714104300,1441.0,1444.9,1440.4,1442.3,30626
1714104600,1441.45,1444.6,1439.65,1440.85,101030
1714104900,1440.0,1446.2,1440.0,1443.85,23574
1714105200,1443.85,1444.85,1442.0,1443.3,9234
1714105500,1443.9,1443.95,1441.9,1442.35,15967
1714105800,1442.35,1443.1,1440.75,1442.75,24471
1714106100,1442.75,1445.25,1442.0,1443.0,26561
1714106400,1442.9,1445.75,1441.1,1441.45,43144
1714106700,1441.15,1444.2,1441.15,1444.0,18330
1714107000,1444.0,1446.0,1442.65,1443.7,22459
1714107300,1443.7,1444.0,1438.6,1439.2,11730
1714107600,1439.55,1443.65,1439.35,1443.4,5616
1714107900,1443.4,1444.0,1441.55,1443.6,5609
1714108200,1443.4,1444.0,1437.8,1439.9,52968
1714108500,1439.95,1441.3,1439.1,1439.4,13761
1714108800,1439.15,1440.65,1438.55,1439.95,12406
1714109100,1440.35,1440.65,1435.9,1436.05,24766
1714109400,1436.05,1437.95,1436.0,1437.0,14005
1714109700,1436.75,1437.0,1435.05,1435.65,12780
1714110000,1435.65,1436.5,1433.2,1434.7,8171
1714110300,1434.55,1435.0,1433.55,1434.0,10996
1714110600,1433.95,1435.0,1433.65,1435.0,35686
1714110900,1434.95,1436.95,1434.75,1436.5,7539
1714111200,1436.5,1436.95,1434.8,1435.6,13801
1714111500,1435.8,1436.35,1434.6,1435.35,19706
1714111800,1435.35,1435.65,1434.75,1435.25,9181
1714112100,1435.25,1435.6,1434.6,1435.0,8052
1714112400,1435.0,1435.95,1434.75,1435.0,8095
1714112700,1434.9,1435.0,1433.45,1434.95,7480
1714113000,1434.7,1434.95,1431.0,1432.5,10824
1714113300,1432.4,1433.8,1432.0,1432.4,14591
1714113600,1432.15,1433.35,1431.25,1431.4,13762
1714113900,1431.55,1432.0,1431.2,1431.95,6020
1714114200,1431.65,1434.65,1431.4,1433.05,32108
1714114500,1433.0,1434.05,1432.25,1433.1,6920
1714114800,1433.15,1433.95,1431.05,1432.4,11252
1714115100,1432.4,1433.45,1430.5,1430.55,8838
1714115400,1430.5,1430.75,1428.05,1429.95,11692
1714115700,1429.95,1432.05,1429.9,1430.15,8496
1714116000,1430.0,1431.9,1429.0,1430.75,4286
1714116300,1430.6,1431.0,1429.0,1429.0,7087
1714116600,1429.3,1430.35,1428.55,1430.0,5188
1714116900,1429.85,1430.65,1429.75,1430.0,12309
1714117200,1429.9,1430.65,1429.65,1430.0,15355
1714117500,1429.9,1430.15,1428.6,1429.0,5837
1714117800,1429.05,1430.0,1428.4,1429.5,8085
1714118100,1429.05,1430.0,1422.4,1424.85,31472
1714118400,1424.7,1425.3,1421.1,1423.75,12381
1714118700,1423.6,1424.4,1421.0,1422.45,9120
1714119000,1422.2,1423.4,1419.1,1420.0,31123
1714119300,1419.8,1420.05,1417.95,1418.05,23772
1714119600,1417.75,1418.95,1415.85,1418.55,14773
1714119900,1418.65,1420.0,1417.2,1419.05,17452
1714120200,1419.05,1420.0,1415.2,1419.5,28409
1714120500,1419.35,1423.75,1417.25,1422.55,142706
1714120800,1422.5,1425.9,1421.75,1422.95,41704
1714121100,1422.8,1426.95,1421.0,1422.5,156747
1714121400,1422.5,1423.4,1418.0,1419.05,83047
1714121700,1418.55,1420.0,1414.35,1415.45,44706
1714122000,1415.45,1417.3,1414.05,1415.0,67085
1714122300,1414.75,1416.65,1414.0,1416.0,48251
1714122600,1415.7,1418.35,1415.2,1417.85,11617
1714122900,1417.45,1419.3,1417.45,1417.85,61716
1714123200,1417.95,1418.1,1415.1,1415.4,18540
1714123500,1415.35,1417.25,1412.35,1415.8,21573
1714123800,1415.8,1418.45,1414.0,1415.9,45660
1714124100,1415.2,1416.95,1412.3,1415.8,71485
1714124400,1415.7,1416.9,1414.15,1416.65,40002
1714124700,1416.45,1417.95,1414.4,1414.85,45123
1714125000,1414.8,1415.65,1413.15,1414.0,94236
1714125300,1413.95,1416.6,1411.2,1415.0,102738
1714362300,1437.0,1460.9,1429.1,1448.55,388104
1714362600,1448.55,1454.0,1439.1,1446.5,188523
1714362900,1446.6,1452.8,1444.95,1446.25,110296
1714363200,1446.95,1452.95,1445.0,1448.9,102471
1714363500,1448.1,1453.95,1447.6,1450.2,99543
1714363800,1450.2,1452.85,1445.1,1447.0,98308
1714364100,1446.95,1450.1,1445.0,1447.75,62787
1714364400,1447.75,1448.6,1445.0,1446.3,39566
1714364700,1446.3,1447.65,1440.0,1441.5,66576
1714365000,1440.95,1441.9,1440.0,1440.75,56367
1714365300,1440.55,1441.35,1435.05,1438.6,56352
1714365600,1438.65,1439.0,1435.05,1437.4,31201
1714365900,1437.4,1444.3,1437.3,1438.25,36345
1714366200,1438.25,1440.0,1435.0,1435.1,41849
1714366500,1435.1,1438.0,1432.15,1436.75,37017
1714366800,1436.75,1440.3,1433.05,1434.4,128479
1714367100,1434.55,1435.15,1433.75,1434.7,26088
1714367400,1434.1,1434.95,1433.7,1434.95,21870
1714367700,1434.85,1434.95,1433.15,1434.8,18980
1714368000,1434.8,1434.95,1433.15,1434.45,19861
1714368300,1434.45,1434.75,1428.1,1431.65,32532
1714368600,1430.9,1435.0,1430.35,1433.8,92080
1714368900,1433.0,1433.0,1431.0,1432.45,10521
1714369200,1432.45,1434.2,1430.7,1434.15,36430
1714369500,1434.1,1434.65,1432.2,1432.4,25106
1714369800,1432.35,1434.8,1429.55,1433.95,129816
1714370100,1433.9,1434.7,1431.5,1431.65,21149
1714370400,1433.1,1433.65,1428.85,1429.25,45434
1714370700,1429.9,1433.5,1429.15,1430.2,39088
1714371000,1430.05,1432.45,1429.25,1430.35,13868
1714371300,1430.3,1430.4,1427.05,1428.85,14360
1714371600,1428.95,1430.6,1428.5,1429.75,9247
1714371900,1430.0,1431.85,1429.05,1429.4,23031
1714372200,1429.4,1430.4,1421.5,1422.25,55992
1714372500,1422.25,1425.3,1422.1,1422.3,33259
1714372800,1422.35,1425.4,1418.05,1421.5,51587
1714373100,1421.45,1421.45,1418.0,1419.55,37000
1714373400,1419.55,1420.0,1417.65,1417.85,23088
1714373700,1417.85,1419.3,1416.0,1418.55,59244
1714374000,1418.55,1424.55,1418.25,1423.1,149177
1714374300,1423.7,1423.7,1418.6,1419.55,30664
1714374600,1419.15,1421.85,1419.15,1419.7,18596
1714374900,1419.75,1421.2,1419.1,1419.8,20208
1714375200,1419.8,1422.7,1419.05,1420.5,22946
1714375500,1420.55,1421.85,1419.0,1419.05,34468
1714375800,1419.15,1419.75,1418.0,1418.15,10847
1714376100,1418.15,1418.75,1414.05,1417.25,36576
1714376400,1417.2,1420.0,1417.2,1419.15,13908
1714376700,1419.2,1419.7,1415.9,1417.8,15678
1714377000,1417.85,1420.0,1417.85,1419.2,13146
1714377300,1419.85,1419.85,1416.0,1417.85,13831
1714377600,1417.8,1420.0,1417.0,1419.55,11380
1714377900,1419.65,1420.0,1418.05,1419.05,13744
1714378200,1419.05,1420.0,1418.25,1419.1,7489
1714378500,1419.1,1419.8,1416.9,1419.0,8143
1714378800,1419.0,1419.95,1418.5,1418.7,7708
1714379100,1418.7,1419.0,1417.25,1417.95,12633
1714379400,1417.95,1418.15,1416.1,1416.5,10797
1714379700,1416.5,1418.3,1416.35,1417.7,9411
1714380000,1417.65,1418.65,1415.6,1417.2,26664
1714380300,1417.8,1419.25,1416.75,1416.85,53216
1714380600,1416.85,1418.7,1416.25,1417.8,33073
1714380900,1417.8,1418.75,1416.55,1416.8,16632
1714381200,1416.75,1417.7,1415.5,1416.0,24233
1714381500,1416.0,1419.15,1415.3,1418.85,47384
1714381800,1418.2,1419.6,1416.5,1416.6,43996
1714382100,1416.45,1420.0,1415.35,1420.0,171849
1714382400,1419.7,1423.95,1418.6,1419.9,327272
1714382700,1419.95,1422.85,1419.55,1420.0,119687
1714383000,1419.75,1421.65,1419.65,1421.1,245150
1714383300,1421.1,1424.0,1421.05,1422.0,109099
1714383600,1422.0,1427.75,1420.55,1424.15,64193
1714383900,1424.55,1425.35,1423.05,1423.4,85611
1714384200,1423.35,1424.35,1422.45,1423.95,96947
1714384500,1423.95,1425.6,1422.05,1422.7,71299
1714448700,1432.0,1434.2,1426.2,1429.9,67085
1714449000,1430.6,1431.0,1424.2,1425.2,31129
1714449300,1425.2,1430.0,1423.2,1429.35,19968
1714449600,1428.9,1435.35,1428.0,1432.95,31159
1714449900,1432.45,1435.9,1431.1,1431.7,23470
1714450200,1432.05,1432.95,1429.05,1430.0,19120
1714450500,1429.65,1431.55,1427.85,1431.45,23851
1714450800,1431.45,1431.55,1428.6,1431.0,17920
1714451100,1431.0,1431.5,1429.55,1430.0,12560
1714451400,1430.0,1433.45,1429.05,1431.85,19431
1714451700,1431.85,1432.65,1429.45,1429.7,15752
1714452000,1430.1,1432.9,1430.05,1431.85,74356
1714452300,1432.85,1432.85,1429.2,1430.35,45067
1714452600,1430.6,1430.6,1429.1,1430.05,23637
1714452900,1430.05,1433.25,1429.85,1432.2,15539
1714453200,1432.0,1432.45,1429.05,1429.85,16411
1714453500,1429.9,1430.95,1429.35,1430.0,9164
1714453800,1430.0,1430.95,1429.75,1430.95,5390
1714454100,1431.0,1433.35,1429.8,1432.15,27355
1714454400,1432.4,1443.0,1431.55,1442.85,52629
1714454700,1442.35,1443.35,1436.2,1438.35,34575
1714455000,1438.35,1439.0,1432.0,1432.5,20127
1714455300,1432.5,1433.15,1426.7,1431.75,17570
1714455600,1431.75,1432.65,1429.4,1432.6,15252
1714455900,1432.7,1432.85,1428.95,1429.6,13925
1714456200,1429.7,1431.1,1429.0,1431.1,11064
1714456500,1430.95,1431.05,1427.9,1430.0,18073
1714456800,1429.75,1431.85,1429.0,1431.75,11541
1714457100,1431.0,1431.7,1429.45,1430.0,7960
1714457400,1429.8,1431.0,1428.05,1431.0,28772
1714457700,1431.0,1432.05,1423.85,1425.5,47543
1714458000,1425.5,1431.4,1425.0,1431.4,14441
1714458300,1431.4,1434.0,1431.25,1434.0,20684
1714458600,1434.0,1438.9,1433.95,1436.75,48666
1714458900,1435.45,1436.75,1431.25,1432.65,16445
1714459200,1432.0,1433.1,1431.95,1432.95,11778
1714459500,1432.95,1434.0,1432.25,1432.9,20795
1714459800,1432.9,1435.0,1432.2,1434.0,24537
1714460100,1434.0,1434.8,1432.5,1432.5,24042
1714460400,1432.95,1435.0,1432.2,1434.9,31403
1714460700,1434.95,1440.45,1434.75,1435.9,17906
1714461000,1436.0,1437.0,1434.1,1437.0,12624
1714461300,1437.0,1438.5,1435.4,1436.6,11947
1714461600,1436.7,1439.7,1436.05,1437.55,19840
1714461900,1438.25,1439.0,1436.75,1438.0,11895
1714462200,1438.0,1439.0,1436.55,1437.45,20962
1714462500,1437.0,1438.0,1433.8,1436.85,130168
1714462800,1437.0,1438.0,1435.0,1436.0,24900
1714463100,1435.5,1437.5,1435.05,1437.45,15710
1714463400,1437.05,1438.0,1436.85,1437.95,23745
1714463700,1437.85,1438.0,1437.0,1438.0,14122
1714464000,1438.0,1438.75,1437.1,1437.95,30607
1714464300,1437.85,1438.2,1435.55,1435.8,33602
1714464600,1436.2,1437.25,1434.4,1437.25,41877
1714464900,1437.25,1438.7,1435.7,1438.5,23523
1714465200,1438.6,1440.0,1437.7,1439.35,11786
1714465500,1439.45,1440.85,1438.15,1438.9,15307
1714465800,1438.85,1439.8,1430.45,1435.6,55742
1714466100,1435.6,1437.6,1433.9,1435.6,24107
1714466400,1435.45,1439.15,1434.05,1438.1,21143
1714466700,1438.1,1438.65,1436.45,1437.85,17771
1714467000,1437.85,1439.1,1436.8,1438.95,21082
1714467300,1438.95,1444.95,1437.8,1442.0,60571
1714467600,1442.0,1445.3,1438.9,1443.65,60001
1714467900,1444.05,1446.45,1442.55,1446.1,45815
1714468200,1446.1,1449.85,1445.95,1448.6,30078
1714468500,1448.65,1448.75,1445.85,1447.15,37727
1714468800,1447.15,1447.85,1444.3,1447.45,44042
1714469100,1447.45,1448.35,1444.6,1445.8,44750
1714469400,1445.4,1445.7,1436.2,1436.5,108187
1714469700,1436.6,1437.05,1432.3,1434.05,119388
1714470000,1434.1,1437.65,1433.3,1437.1,80339
1714470300,1437.2,1438.45,1435.2,1437.65,65012
1714470600,1437.55,1437.65,1433.05,1433.45,65046
1714470900,1433.2,1439.3,1432.1,1437.0,50905
1714621500,1416.35,1455.0,1416.35,1450.9,108467
1714621800,1451.8,1454.8,1446.3,1451.85,57331
1714622100,1451.85,1453.8,1447.65,1449.8,39115
1714622400,1449.9,1450.45,1443.55,1445.2,30401
1714622700,1445.25,1449.9,1443.05,1444.8,31888
1714623000,1444.8,1449.85,1444.3,1447.95,14100
1714623300,1447.95,1451.0,1446.65,1450.65,11134
1714623600,1450.25,1451.65,1448.9,1451.6,19124
1714623900,1451.6,1452.0,1443.4,1444.55,190130
1714624200,1445.2,1447.75,1437.3,1447.75,61778
1714624500,1447.75,1448.5,1445.5,1446.55,18855
1714624800,1446.15,1447.35,1445.7,1447.0,17361
1714625100,1447.0,1447.15,1446.2,1447.0,12685
1714625400,1447.0,1447.2,1446.45,1447.0,21562
1714625700,1447.0,1447.0,1444.15,1446.7,14950
1714626000,1446.8,1448.95,1445.45,1447.0,12277
1714626300,1447.15,1448.55,1445.0,1445.0,23873
1714626600,1445.0,1446.85,1444.4,1446.85,47499
1714626900,1446.6,1451.65,1446.6,1451.65,47477
1714627200,1451.6,1453.0,1450.5,1452.6,30329
1714627500,1452.6,1453.0,1451.05,1451.85,21408
1714627800,1451.85,1452.5,1450.0,1451.95,19893
1714628100,1451.9,1452.3,1448.8,1449.35,22393
1714628400,1449.75,1451.7,1449.3,1450.7,16043
1714628700,1450.75,1451.15,1448.5,1449.5,14740
1714629000,1450.0,1451.55,1448.65,1449.2,8785
1714629300,1449.25,1450.7,1447.25,1450.35,17095
1714629600,1450.3,1452.25,1449.0,1451.3,20672
1714629900,1451.65,1454.6,1451.45,1453.95,20111
1714630200,1454.0,1454.0,1451.55,1451.9,7856
1714630500,1451.55,1454.8,1451.05,1454.75,24344
1714630800,1454.75,1454.9,1452.45,1453.95,14203
1714631100,1453.9,1454.5,1452.75,1454.4,6814
1714631400,1454.4,1457.3,1454.15,1456.8,24637
1714631700,1456.7,1457.5,1455.4,1457.45,8582
1714632000,1457.45,1458.4,1454.25,1458.2,30007
1714632300,1458.2,1458.75,1457.25,1458.0,17568
1714632600,1458.0,1459.0,1455.9,1457.8,16150
1714632900,1457.55,1459.2,1457.4,1458.9,15214
1714633200,1458.55,1458.85,1456.3,1457.0,11086
1714633500,1456.95,1459.0,1456.6,1457.95,12769
1714633800,1457.95,1460.4,1457.2,1460.4,27702
1714634100,1460.5,1460.95,1457.4,1459.45,12427
1714634400,1458.9,1459.5,1458.1,1459.35,8283
1714634700,1459.45,1459.95,1458.1,1458.55,6764
1714635000,1458.5,1459.75,1457.55,1457.55,6520
1714635300,1457.6,1459.4,1456.5,1459.4,9748
1714635600,1459.15,1459.4,1456.85,1457.2,8778
1714635900,1457.2,1460.0,1457.2,1459.95,7348
1714636200,1459.8,1460.6,1458.45,1459.95,8494
1714636500,1460.0,1460.1,1459.0,1459.2,6201
1714636800,1459.2,1463.8,1458.9,1461.1,31246
1714637100,1461.0,1461.75,1459.7,1460.45,7190
1714637400,1460.65,1461.1,1459.25,1459.75,4443
1714637700,1459.75,1460.45,1458.6,1459.95,35555
1714638000,1460.0,1464.75,1459.95,1462.6,18568
1714638300,1462.55,1463.4,1460.95,1462.05,13163
1714638600,1461.85,1464.0,1460.0,1462.8,19563
1714638900,1462.0,1464.5,1461.05,1462.5,11370
1714639200,1462.6,1463.95,1461.9,1462.7,17302
1714639500,1462.7,1463.4,1460.6,1461.1,22786
1714639800,1461.15,1461.85,1460.1,1461.4,20496
1714640100,1461.4,1462.7,1460.15,1461.2,32411
1714640400,1461.0,1461.65,1457.0,1457.0,29861
1714640700,1457.15,1458.65,1455.65,1457.55,51655
1714641000,1457.65,1458.6,1455.6,1458.25,31387
1714641300,1457.75,1459.9,1456.1,1456.8,24866
1714641600,1456.8,1459.35,1456.65,1458.3,14812
1714641900,1458.25,1462.6,1457.6,1460.1,56464
1714642200,1460.1,1464.7,1458.05,1462.2,176704
1714642500,1462.15,1463.95,1459.6,1460.8,105337
1714642800,1460.9,1461.65,1459.3,1460.85,55046
1714643100,1460.9,1461.55,1459.0,1460.7,55605
1714643400,1460.75,1460.95,1459.3,1460.15,50660
1714643700,1459.75,1461.0,1457.2,1460.0,44794
1714707900,1469.0,1472.7,1462.0,1470.2,54059
1714708200,1471.0,1471.0,1466.1,1469.95,32421
1714708500,1469.0,1470.0,1466.95,1469.45,14147
1714708800,1469.45,1470.0,1465.15,1466.05,14909
1714709100,1465.9,1467.6,1464.75,1465.35,10440
1714709400,1465.05,1468.5,1465.05,1468.1,16569
1714709700,1467.8,1469.95,1465.3,1466.0,21852
1714710000,1466.0,1467.75,1464.35,1466.75,18405
1714710300,1466.7,1467.3,1465.5,1465.75,7623
1714710600,1465.75,1467.35,1464.5,1465.45,11435
1714710900,1465.3,1467.95,1463.45,1467.9,17519
1714711200,1467.9,1467.9,1465.95,1467.05,13152
1714711500,1467.05,1471.1,1465.85,1469.75,327582
1714711800,1469.75,1471.0,1466.85,1468.9,17135
1714712100,1469.1,1470.5,1465.05,1465.8,12401
1714712400,1465.7,1467.1,1462.8,1463.7,16500
1714712700,1463.2,1464.85,1461.65,1464.0,11678
1714713000,1464.0,1464.75,1458.6,1459.2,15762
1714713300,1459.2,1463.6,1457.55,1463.5,17182
1714713600,1463.6,1465.1,1463.45,1464.6,13269
1714713900,1464.6,1466.4,1462.65,1464.0,8506
1714714200,1464.0,1464.5,1461.55,1461.9,7784
1714714500,1462.15,1463.05,1460.75,1462.75,8372
1714714800,1462.65,1462.65,1460.75,1461.55,5955
1714715100,1461.55,1462.85,1460.1,1461.25,6324
1714715400,1461.35,1462.05,1459.15,1460.4,11251
1714715700,1460.4,1460.6,1456.6,1458.35,6588
1714716000,1458.0,1458.0,1455.0,1455.8,8415
1714716300,1455.8,1455.8,1452.6,1454.8,7743
1714716600,1455.05,1460.0,1454.85,1460.0,10050
1714716900,1460.0,1460.0,1458.6,1460.0,11270
1714717200,1459.9,1459.9,1458.0,1459.15,4744
1714717500,1459.15,1459.8,1457.85,1459.8,7441
1714717800,1459.75,1460.0,1457.2,1457.45,14415
1714718100,1457.45,1458.05,1455.45,1456.25,10451
1714718400,1455.85,1455.85,1453.45,1453.75,9351
1714718700,1453.5,1454.0,1452.55,1453.9,5063
1714719000,1453.9,1454.05,1452.95,1453.95,13280
1714719300,1453.75,1454.0,1451.65,1452.55,9743
1714719600,1452.85,1453.9,1452.55,1453.0,3149
1714719900,1453.0,1453.0,1451.05,1451.7,3162
1714720200,1451.65,1452.0,1449.9,1450.0,62629
1714720500,1450.0,1450.95,1447.7,1448.3,26079
1714720800,1448.3,1448.3,1443.45,1445.6,17070
1714721100,1445.6,1445.7,1444.65,1445.7,5994
1714721400,1445.9,1447.9,1445.5,1447.3,10007
1714721700,1447.3,1450.0,1447.0,1450.0,6152
1714722000,1450.0,1452.0,1449.55,1452.0,7945
1714722300,1451.7,1452.0,1449.95,1450.0,8366
1714722600,1449.95,1450.0,1448.85,1449.0,6259
1714722900,1449.0,1450.15,1448.9,1450.0,7255
1714723200,1450.0,1450.0,1448.8,1449.2,4567
1714723500,1449.3,1449.6,1445.5,1446.45,3669
1714723800,1446.2,1447.95,1446.0,1447.95,2890
1714724100,1447.95,1449.0,1447.6,1448.85,3397
1714724400,1448.65,1449.1,1446.9,1449.0,4452
1714724700,1449.0,1452.0,1448.55,1450.25,13841
1714725000,1450.25,1451.0,1449.15,1449.6,3551
1714725300,1449.6,1450.0,1448.95,1449.1,2427
1714725600,1449.1,1450.3,1449.05,1450.0,5884
1714725900,1450.0,1450.0,1447.65,1448.25,4378
1714726200,1448.25,1448.25,1445.85,1445.85,6972
1714726500,1445.85,1446.45,1444.2,1446.25,10270
1714726800,1446.25,1449.1,1446.0,1448.9,9148
1714727100,1449.1,1449.85,1446.6,1449.25,12303
1714727400,1449.85,1450.0,1446.3,1446.9,8402
1714727700,1446.6,1446.9,1445.55,1446.5,10568
1714728000,1446.65,1448.4,1446.0,1446.55,12921
1714728300,1446.55,1447.0,1444.75,1446.0,33865
1714728600,1446.0,1446.15,1444.15,1445.1,32579
1714728900,1445.15,1445.2,1441.5,1441.5,28428
1714729200,1441.2,1443.25,1440.0,1443.0,28675
1714729500,1443.0,1444.85,1442.95,1443.8,42738
1714729800,1443.85,1443.85,1441.1,1441.55,38271
1714730100,1441.5,1443.0,1438.4,1442.0,35737
1714967100,1450.0,1457.45,1446.6,1454.45,45750
1714967400,1454.1,1454.85,1450.0,1453.1,9957
1714967700,1453.75,1457.45,1450.5,1453.95,33561
1714968000,1453.6,1454.6,1451.2,1453.05,16805
1714968300,1453.6,1453.95,1446.65,1446.65,79559
1714968600,1447.45,1447.45,1439.4,1445.0,31062
1714968900,1445.0,1446.15,1440.4,1440.8,6755
1714969200,1440.9,1442.55,1437.0,1441.75,8584
1714969500,1441.6,1442.6,1438.55,1439.85,3199
1714969800,1439.45,1439.85,1435.55,1438.5,3464
1714970100,1438.5,1438.6,1436.15,1436.95,2189
1714970400,1436.95,1438.7,1434.65,1437.55,6721
1714970700,1437.15,1438.0,1433.15,1437.1,7059
1714971000,1437.1,1439.3,1434.1,1435.55,11871
1714971300,1435.55,1435.55,1433.75,1434.9,20619
1714971600,1434.9,1435.6,1434.2,1434.2,6578
1714971900,1434.65,1435.0,1431.6,1435.0,8771
1714972200,1435.0,1435.15,1434.95,1435.15,11148
1714972500,1434.95,1444.25,1434.95,1440.95,33441
1714972800,1441.6,1441.6,1437.8,1438.55,3046
1714973100,1438.55,1441.95,1438.55,1441.95,2384
1714973400,1441.45,1444.85,1440.45,1443.5,9011
1714973700,1443.3,1444.4,1442.35,1443.95,4571
1714974000,1443.65,1443.95,1441.0,1441.1,9941
1714974300,1441.15,1444.0,1440.65,1443.75,12318
1714974600,1443.75,1444.85,1437.0,1437.05,30219
1714974900,1437.05,1439.8,1435.25,1439.75,5351
1714975200,1439.75,1440.9,1437.3,1440.8,6526
1714975500,1440.75,1444.85,1440.7,1442.95,10740
1714975800,1442.25,1443.25,1440.6,1442.85,4414
1714976100,1442.55,1443.3,1441.05,1443.05,5575
1714976400,1443.1,1443.75,1441.15,1442.0,5013
1714976700,1441.95,1443.65,1441.15,1443.05,9857
1714977000,1443.0,1443.6,1442.1,1442.7,9392
1714977300,1442.7,1443.05,1442.0,1442.15,6034
1714977600,1441.8,1442.45,1441.0,1441.95,4515
1714977900,1441.95,1441.95,1439.05,1440.0,6988
1714978200,1440.0,1440.0,1439.0,1439.7,5022
1714978500,1439.75,1440.7,1437.75,1440.0,12106
1714978800,1440.0,1442.15,1439.5,1441.95,5178
1714979100,1441.95,1442.4,1439.6,1441.5,11262
1714979400,1441.4,1441.5,1438.4,1439.65,5800
1714979700,1439.7,1440.0,1437.85,1439.65,5360
1714980000,1439.25,1440.75,1438.1,1440.75,6215
1714980300,1440.55,1440.55,1439.2,1440.0,4421
1714980600,1439.95,1440.0,1438.5,1439.95,8893
1714980900,1439.95,1440.0,1437.45,1437.55,5444
1714981200,1437.9,1438.2,1436.1,1437.25,8412
1714981500,1437.25,1438.6,1436.2,1437.05,5796
1714981800,1437.05,1439.0,1435.7,1438.0,6394
1714982100,1437.7,1438.15,1436.2,1436.45,4016
1714982400,1436.8,1437.45,1434.0,1436.95,15266
1714982700,1437.0,1437.7,1433.9,1434.95,24536
1714983000,1434.7,1436.0,1434.0,1436.0,5491
1714983300,1436.85,1436.85,1435.0,1436.5,7783
1714983600,1436.5,1437.7,1435.7,1437.7,5231
1714983900,1437.7,1438.0,1437.0,1438.0,4249
1714984200,1437.95,1439.0,1437.15,1437.85,5303
1714984500,1437.85,1438.1,1436.15,1437.0,3861
1714984800,1437.15,1442.3,1436.7,1440.75,14021
1714985100,1439.95,1441.25,1439.3,1441.0,6888
1714985400,1440.6,1442.65,1440.05,1441.05,16644
1714985700,1440.35,1441.55,1439.0,1439.1,6847
1714986000,1439.65,1439.8,1433.55,1435.2,17368
1714986300,1435.25,1436.8,1434.4,1435.2,7146
1714986600,1435.3,1436.0,1433.9,1435.5,6737
1714986900,1435.5,1439.8,1435.5,1439.6,7567
1714987200,1439.45,1439.5,1437.0,1437.6,4418
1714987500,1437.6,1438.9,1435.7,1435.7,5446
1714987800,1435.75,1443.25,1435.1,1442.25,34298
1714988100,1443.05,1443.4,1440.6,1442.5,26576
1714988400,1442.5,1442.5,1439.0,1439.65,22097
1714988700,1439.65,1441.45,1438.65,1440.05,29532
1714989000,1440.0,1441.2,1438.05,1439.9,35300
1714989300,1439.85,1443.0,1438.85,1443.0,20968
1715053500,1440.9,1449.0,1440.1,1442.85,21501
1715053800,1443.4,1444.9,1438.55,1441.35,13399
1715054100,1441.4,1441.85,1438.85,1440.25,3960
1715054400,1440.25,1442.75,1435.35,1436.1,14259
1715054700,1437.1,1441.65,1437.1,1440.95,9022
1715055000,1440.95,1442.9,1439.1,1442.55,19024
1715055300,1442.15,1442.95,1437.15,1438.2,20305
1715055600,1438.1,1439.85,1433.85,1438.1,213876
1715055900,1438.1,1439.9,1434.9,1436.1,26686
1715056200,1436.1,1438.0,1435.25,1435.25,41237
1715056500,1436.0,1437.15,1435.6,1436.5,12801
1715056800,1436.5,1438.65,1436.0,1437.0,29241
1715057100,1437.0,1437.95,1435.75,1436.2,77440
1715057400,1436.0,1437.2,1431.55,1435.35,66069
1715057700,1435.0,1438.5,1435.0,1436.65,20378
1715058000,1436.7,1439.95,1435.75,1438.8,13797
1715058300,1438.8,1441.8,1438.0,1440.9,6221
1715058600,1440.7,1443.0,1439.05,1439.45,19085
1715058900,1439.4,1442.45,1439.0,1440.95,13944
1715059200,1440.95,1443.25,1440.35,1442.95,6994
1715059500,1442.7,1444.5,1441.1,1444.3,12792
1715059800,1444.3,1449.2,1444.3,1444.75,33478
1715060100,1444.75,1445.85,1443.35,1445.0,20184
1715060400,1445.0,1448.15,1443.7,1446.2,25906
1715060700,1446.2,1446.9,1442.2,1444.5,24155
1715061000,1444.5,1445.45,1440.0,1442.75,20507
1715061300,1442.5,1448.0,1441.35,1448.0,18994
1715061600,1448.0,1448.9,1445.1,1448.15,22448
1715061900,1448.05,1449.85,1446.85,1449.85,21757
1715062200,1449.85,1454.0,1448.15,1450.95,24854
1715062500,1451.1,1454.0,1450.6,1451.65,14741
1715062800,1451.65,1452.0,1447.6,1451.55,20895
1715063100,1451.55,1453.9,1450.25,1450.45,16511
1715063400,1451.1,1454.0,1450.1,1453.85,15759
1715063700,1453.85,1454.0,1451.45,1453.7,11991
1715064000,1453.7,1457.85,1453.05,1454.9,20566
1715064300,1454.8,1454.8,1450.0,1454.25,14627
1715064600,1454.25,1456.55,1452.4,1456.0,10290
1715064900,1456.05,1458.9,1455.95,1457.0,11660
1715065200,1457.0,1458.0,1456.0,1456.8,20448
1715065500,1457.0,1457.0,1448.0,1449.0,25381
1715065800,1448.65,1453.85,1448.2,1452.05,7451
1715066100,1452.0,1452.15,1449.7,1452.0,5196
1715066400,1452.1,1452.6,1447.95,1448.25,19039
1715066700,1448.3,1450.95,1447.1,1449.3,59378
1715067000,1449.25,1451.5,1448.0,1449.5,9684
1715067300,1449.5,1450.6,1448.15,1449.1,9107
1715067600,1449.55,1449.95,1447.6,1448.0,45732
1715067900,1448.05,1453.2,1447.15,1452.6,25132
1715068200,1452.6,1452.95,1450.8,1452.5,9538
1715068500,1452.5,1453.9,1451.35,1451.8,6684
1715068800,1451.85,1453.2,1451.05,1451.55,4482
1715069100,1451.25,1451.75,1447.9,1448.55,12556
1715069400,1448.55,1450.05,1447.25,1447.5,11988
1715069700,1448.45,1449.95,1448.0,1448.55,2345
1715070000,1448.15,1449.45,1447.95,1448.4,5636
1715070300,1448.4,1451.05,1448.0,1449.15,13552
1715070600,1449.15,1450.4,1448.5,1449.05,9757
1715070900,1449.05,1449.7,1448.4,1449.0,3007
1715071200,1449.0,1449.3,1446.7,1448.8,7545
1715071500,1449.0,1450.1,1447.8,1450.0,17246
1715071800,1450.0,1450.0,1447.0,1447.3,2546
1715072100,1447.3,1449.1,1445.45,1447.95,19268
1715072400,1447.95,1450.4,1447.15,1450.0,15345
1715072700,1449.95,1450.0,1446.6,1447.2,21565
1715073000,1447.05,1447.75,1445.1,1446.8,8572
1715073300,1446.8,1451.2,1446.0,1449.4,10224
1715073600,1449.4,1449.45,1447.9,1449.2,10585
1715073900,1449.3,1449.95,1447.05,1447.95,16797
1715074200,1448.0,1448.65,1445.15,1448.3,58213
1715074500,1448.2,1451.75,1447.2,1451.35,45411
1715074800,1451.3,1452.65,1448.9,1449.9,59566
1715075100,1449.5,1452.45,1448.4,1452.0,67185
1715075400,1451.9,1452.55,1449.3,1451.35,63446
1715075700,1451.5,1455.85,1450.3,1451.05,59937
1715139900,1440.0,1452.0,1440.0,1452.0,69264
1715140200,1451.25,1457.5,1451.0,1457.0,23128
1715140500,1457.0,1461.95,1455.9,1458.7,21126
1715140800,1458.15,1460.4,1456.7,1459.95,9058
1715141100,1459.5,1463.0,1458.05,1462.55,9538
1715141400,1462.55,1464.5,1454.65,1456.3,19856
1715141700,1456.2,1461.0,1456.2,1460.0,258411
1715142000,1460.0,1462.6,1458.2,1462.6,6365
1715142300,1462.2,1462.6,1460.15,1460.25,6692
1715142600,1459.9,1462.9,1457.45,1461.5,7622
1715142900,1461.7,1463.6,1461.0,1461.4,4823
1715143200,1461.45,1464.0,1461.4,1463.5,7680
1715143500,1463.5,1463.95,1462.0,1463.9,4133
1715143800,1463.9,1465.95,1460.55,1462.65,13540
1715144100,1462.7,1462.9,1459.0,1460.15,10102
1715144400,1460.15,1460.6,1455.8,1456.05,11442
1715144700,1456.0,1457.95,1455.1,1457.65,8072
1715145000,1457.6,1459.7,1455.75,1456.15,13168
1715145300,1456.15,1457.1,1455.7,1455.85,8104
1715145600,1455.8,1456.0,1452.0,1453.15,76133
1715145900,1453.2,1453.2,1451.65,1452.5,5273
1715146200,1452.45,1452.5,1450.9,1451.85,6893
1715146500,1451.95,1452.0,1448.15,1448.15,8512
1715146800,1448.15,1448.7,1445.0,1445.45,8961
1715147100,1445.5,1448.65,1445.4,1448.5,15433
1715147400,1449.0,1450.85,1444.9,1444.9,26142
1715147700,1445.65,1446.2,1444.9,1445.6,10700
1715148000,1445.6,1445.7,1444.0,1444.65,4232
1715148300,1444.7,1445.0,1443.0,1445.0,3050
1715148600,1445.2,1445.6,1444.7,1445.0,2950
1715148900,1445.0,1445.85,1444.3,1445.0,9552
1715149200,1445.0,1445.85,1443.0,1443.5,12452
1715149500,1443.5,1443.5,1442.25,1442.95,7474
1715149800,1442.95,1443.0,1442.0,1442.8,8254
1715150100,1442.8,1445.0,1440.6,1443.9,13947
1715150400,1443.9,1446.75,1442.95,1445.85,14172
1715150700,1445.5,1447.45,1444.35,1445.25,11195
1715151000,1445.25,1446.95,1445.0,1445.05,6692
1715151300,1445.1,1445.9,1443.7,1444.9,6147
1715151600,1444.95,1446.05,1443.7,1443.7,6562
1715151900,1443.7,1444.85,1436.3,1437.15,18256
1715152200,1437.15,1438.5,1436.7,1436.8,10942
1715152500,1437.3,1438.2,1433.45,1437.5,13350
1715152800,1437.5,1438.65,1435.95,1437.3,10379
1715153100,1437.8,1437.85,1435.75,1436.1,8068
1715153400,1436.5,1439.8,1436.1,1438.7,4598
1715153700,1438.7,1440.0,1438.0,1440.0,2839
1715154000,1440.0,1440.0,1435.5,1436.35,10559
1715154300,1436.35,1438.5,1435.9,1436.2,8173
1715154600,1436.35,1437.75,1435.05,1437.75,8436
1715154900,1437.75,1438.4,1436.65,1437.2,10156
1715155200,1437.2,1437.7,1434.8,1434.8,10489
1715155500,1434.8,1435.5,1431.95,1434.3,20283
1715155800,1433.75,1434.95,1432.0,1432.3,7497
1715156100,1432.2,1432.8,1428.05,1429.45,19816
1715156400,1429.45,1429.45,1425.0,1425.75,39270
1715156700,1425.75,1426.7,1423.0,1423.65,22456
1715157000,1423.65,1429.4,1423.25,1429.4,10559
1715157300,1429.4,1430.2,1426.8,1428.55,19664
1715157600,1428.2,1431.5,1428.1,1430.0,7799
1715157900,1430.0,1430.65,1428.0,1428.85,6320
1715158200,1429.35,1430.0,1427.85,1428.6,7671
1715158500,1429.0,1429.8,1427.8,1427.95,5402
1715158800,1427.9,1429.1,1424.4,1425.0,14692
1715159100,1425.15,1426.4,1424.0,1425.0,7130
1715159400,1424.95,1426.0,1424.15,1424.45,17782
1715159700,1425.0,1425.0,1423.0,1424.85,11629
1715160000,1424.55,1424.8,1423.35,1423.9,7582
1715160300,1423.9,1424.5,1423.5,1423.8,9427
1715160600,1424.05,1428.0,1423.65,1425.8,33121
1715160900,1425.3,1425.95,1423.55,1425.0,28459
1715161200,1425.0,1427.4,1425.0,1426.75,19098
1715161500,1426.7,1427.5,1425.15,1425.75,27310
1715161800,1425.7,1429.9,1425.6,1429.9,27717
1715162100,1429.9,1431.4,1425.1,1428.95,33271
1715226300,1431.9,1439.5,1428.0,1430.3,38252
1715226600,1430.55,1432.85,1426.85,1429.05,9364
1715226900,1429.55,1429.55,1423.5,1423.5,8066
1715227200,1423.5,1427.6,1422.1,1423.8,12506
1715227500,1423.15,1425.1,1422.35,1423.05,7757
1715227800,1423.1,1424.9,1420.45,1421.8,8830
1715228100,1421.95,1427.6,1421.0,1426.95,8559
1715228400,1426.05,1430.3,1426.05,1430.3,7664
1715228700,1430.0,1430.5,1426.55,1428.5,8910
1715229000,1427.85,1429.8,1425.9,1427.4,16724
1715229300,1427.45,1432.45,1427.45,1431.05,110042
1715229600,1430.95,1433.0,1427.05,1428.5,14518
1715229900,1428.45,1432.35,1427.2,1431.75,11879
1715230200,1431.1,1432.75,1427.0,1428.6,15340
1715230500,1428.65,1430.9,1427.5,1428.8,7271
1715230800,1428.6,1429.75,1426.2,1428.15,11025
1715231100,1427.85,1429.15,1426.7,1428.1,6841
1715231400,1428.1,1430.0,1426.7,1427.7,9961
1715231700,1427.65,1428.9,1426.05,1428.1,13686
1715232000,1427.55,1428.4,1425.55,1427.0,7661
1715232300,1426.95,1429.75,1426.5,1429.5,4671
1715232600,1429.45,1429.5,1426.8,1428.1,5019
1715232900,1428.1,1428.1,1422.1,1422.1,8897
1715233200,1422.1,1426.35,1421.05,1425.35,9634
1715233500,1425.35,1426.8,1423.8,1425.1,4058
1715233800,1425.1,1426.1,1422.85,1424.6,6395
1715234100,1425.45,1427.0,1424.25,1426.7,6807
1715234400,1426.4,1429.3,1424.8,1428.95,5191
1715234700,1428.95,1430.0,1428.1,1429.95,6052
1715235000,1429.95,1430.95,1428.7,1430.45,6239
1715235300,1430.4,1431.25,1428.1,1428.95,5989
1715235600,1428.95,1434.7,1428.3,1433.7,191049
1715235900,1433.95,1436.7,1433.0,1436.5,10026
1715236200,1436.5,1436.5,1434.3,1435.4,4510
1715236500,1435.4,1435.95,1432.7,1433.25,5870
1715236800,1433.25,1433.6,1430.55,1431.8,9003
1715237100,1431.8,1434.7,1431.05,1434.4,14766
1715237400,1434.15,1435.35,1433.5,1434.15,5712
1715237700,1434.15,1434.15,1431.1,1431.1,6677
1715238000,1431.6,1433.05,1429.55,1432.15,13055
1715238300,1432.25,1434.85,1430.9,1432.45,40581
1715238600,1432.45,1434.25,1431.05,1434.25,5839
1715238900,1434.25,1434.25,1429.45,1431.1,58821
1715239200,1430.3,1431.65,1426.1,1426.65,25433
1715239500,1426.6,1426.95,1421.7,1423.4,30395
1715239800,1423.55,1426.05,1423.1,1424.3,10310
1715240100,1424.6,1425.0,1422.5,1422.5,5301
1715240400,1422.7,1423.15,1418.1,1418.1,13716
1715240700,1418.05,1420.25,1415.6,1416.65,11756
1715241000,1416.5,1417.2,1413.6,1413.85,17043
1715241300,1414.0,1420.0,1413.7,1418.25,7349
1715241600,1418.25,1419.0,1417.1,1418.6,4443
1715241900,1418.0,1419.95,1417.0,1419.95,8217
1715242200,1419.95,1425.0,1419.95,1423.1,9913
1715242500,1423.3,1428.3,1422.65,1427.3,14518
1715242800,1427.25,1429.1,1425.5,1426.85,12888
1715243100,1426.9,1428.9,1425.2,1428.25,11557
1715243400,1428.25,1428.3,1421.75,1423.85,13455
1715243700,1423.85,1424.05,1420.0,1423.1,17017
1715244000,1423.1,1423.6,1419.5,1420.95,52325
1715244300,1420.95,1420.95,1415.5,1416.65,69628
1715244600,1416.6,1418.35,1413.2,1416.45,29129
1715244900,1416.45,1420.0,1415.5,1420.0,22482
1715245200,1420.0,1420.0,1417.1,1418.9,5520
1715245500,1418.85,1419.5,1417.0,1419.5,27515
1715245800,1419.95,1422.25,1418.05,1418.75,13991
1715246100,1419.45,1423.6,1418.55,1423.0,16561
1715246400,1423.0,1424.8,1421.85,1422.85,8108
1715246700,1422.9,1424.8,1420.15,1420.55,16574
1715247000,1420.55,1424.8,1419.9,1421.6,58671
1715247300,1421.6,1424.8,1421.0,1422.75,68197
1715247600,1422.75,1424.65,1421.0,1421.0,119137
1715247900,1421.0,1422.7,1421.0,1421.7,43786
1715248200,1421.7,1422.7,1421.0,1422.1,67746
1715248500,1422.1,1424.4,1415.5,1421.7,43116
1715312700,1425.0,1427.0,1415.9,1416.25,48441
1715313000,1415.75,1432.15,1415.75,1429.1,20012
1715313300,1428.95,1432.45,1428.7,1432.2,13401
1715313600,1432.5,1435.7,1429.45,1429.45,26107
1715313900,1429.4,1429.85,1424.05,1426.15,7897
1715314200,1426.2,1428.85,1424.55,1428.05,7848
1715314500,1428.25,1430.0,1426.5,1429.65,13434
1715314800,1429.65,1431.75,1429.6,1430.95,6255
1715315100,1430.75,1431.25,1429.45,1430.0,3681
1715315400,1430.05,1430.05,1426.0,1428.05,3795
1715315700,1428.35,1430.3,1427.9,1429.9,2658
1715316000,1429.85,1431.0,1428.65,1430.9,1352
1715316300,1430.2,1432.5,1429.05,1430.25,3767
1715316600,1430.25,1434.0,1429.9,1433.8,3592
1715316900,1434.0,1434.95,1432.4,1433.3,2489
1715317200,1433.25,1434.4,1432.1,1432.65,4079
1715317500,1432.65,1433.25,1429.05,1429.05,5264
1715317800,1429.75,1430.65,1428.3,1428.95,3187
1715318100,1428.95,1429.35,1426.05,1428.65,3034
1715318400,1428.65,1429.3,1425.05,1426.0,7304
1715318700,1426.7,1428.55,1426.5,1427.15,988
1715319000,1427.1,1428.95,1426.05,1428.35,2789
1715319300,1428.3,1431.5,1428.3,1431.5,3127
1715319600,1431.5,1431.95,1430.1,1430.7,3481
1715319900,1430.9,1431.2,1428.75,1429.65,3195
1715320200,1429.7,1432.1,1428.0,1432.1,5355
1715320500,1432.1,1432.6,1431.0,1432.35,10854
1715320800,1432.35,1432.95,1430.85,1431.7,4518
1715321100,1432.05,1432.05,1426.05,1427.35,6987
1715321400,1427.4,1429.1,1426.05,1429.1,8896
1715321700,1429.15,1430.35,1427.15,1427.5,4438
1715322000,1427.55,1428.4,1425.5,1427.05,7001
1715322300,1427.25,1429.35,1425.5,1428.45,12231
1715322600,1429.2,1430.75,1428.5,1429.75,3639
1715322900,1430.0,1430.0,1426.35,1427.3,8569
1715323200,1427.3,1428.25,1426.5,1426.85,3156
1715323500,1426.95,1428.85,1426.55,1426.8,3532
1715323800,1427.45,1427.9,1425.15,1425.8,9201
1715324100,1425.55,1427.2,1424.05,1426.7,19528
1715324400,1426.75,1429.95,1426.75,1429.0,9274
1715324700,1429.35,1429.75,1425.35,1426.7,4119
1715325000,1426.7,1427.25,1426.0,1426.45,4290
1715325300,1426.7,1428.45,1425.1,1427.75,26615
1715325600,1427.95,1428.95,1426.1,1428.65,2675
1715325900,1428.75,1428.95,1426.5,1428.1,10983
1715326200,1428.25,1428.4,1425.5,1426.45,34058
1715326500,1426.75,1427.6,1425.9,1426.2,5281
1715326800,1426.5,1427.6,1425.0,1425.9,6833
1715327100,1425.9,1426.6,1423.5,1423.5,43325
1715327400,1423.6,1427.0,1423.55,1426.05,6596
1715327700,1426.4,1427.7,1425.25,1427.0,6986
1715328000,1426.9,1430.0,1426.8,1429.85,6476
1715328300,1429.9,1432.45,1428.95,1431.65,11046
1715328600,1432.0,1433.4,1430.95,1432.2,5235
1715328900,1432.2,1432.75,1430.45,1431.55,4355
1715329200,1431.85,1437.8,1431.25,1437.8,9707
1715329500,1437.35,1438.5,1435.9,1436.8,8642
1715329800,1437.0,1437.25,1433.65,1434.05,8885
1715330100,1434.05,1434.75,1432.5,1433.15,7812
1715330400,1433.2,1433.2,1430.35,1432.65,7768
1715330700,1432.65,1433.0,1431.35,1432.4,5485
1715331000,1433.0,1433.0,1430.0,1430.75,9709
1715331300,1430.8,1433.35,1430.45,1432.35,11318
1715331600,1432.45,1433.45,1431.6,1432.35,4934
1715331900,1432.35,1432.45,1428.15,1429.3,12582
1715332200,1429.3,1430.3,1428.35,1429.6,3309
1715332500,1429.9,1431.0,1428.25,1429.45,6072
1715332800,1429.45,1431.45,1428.7,1431.15,7360
1715333100,1431.35,1431.8,1429.05,1429.9,4738
1715333400,1429.9,1432.95,1429.55,1432.65,14693
1715333700,1432.65,1434.35,1431.1,1431.1,22748
1715334000,1431.1,1431.5,1429.6,1431.0,26228
1715334300,1430.95,1433.0,1429.6,1432.45,25177
1715334600,1432.2,1434.0,1431.45,1433.65,29820
1715334900,1433.95,1434.0,1429.15,1429.15,17064
1715571900,1435.0,1440.0,1430.0,1432.25,10844
1715572200,1432.3,1433.35,1429.0,1429.15,3318
1715572500,1428.9,1430.95,1428.45,1430.95,1833
1715572800,1430.95,1434.0,1429.95,1433.55,9078
1715573100,1433.55,1433.95,1430.8,1431.65,8166
1715573400,1430.5,1433.0,1430.5,1431.25,10109
1715573700,1430.5,1434.85,1430.5,1433.95,15474
1715574000,1433.95,1434.3,1431.0,1431.0,3614
1715574300,1431.0,1432.1,1430.7,1431.4,14809
1715574600,1431.4,1431.5,1430.5,1431.35,13563
1715574900,1431.35,1431.4,1430.5,1430.8,7580
1715575200,1431.0,1431.45,1428.05,1431.3,43640
1715575500,1431.15,1433.55,1431.15,1432.45,22631
1715575800,1432.45,1434.0,1431.55,1432.95,5057
1715576100,1433.3,1434.25,1428.8,1430.9,8356
1715576400,1431.5,1432.65,1431.0,1432.0,18075
1715576700,1432.0,1432.6,1431.05,1431.05,1962
1715577000,1431.75,1432.0,1429.8,1431.7,9484
1715577300,1431.65,1431.65,1425.0,1426.95,7231
1715577600,1426.95,1429.5,1425.05,1429.4,3619
1715577900,1429.4,1429.4,1427.7,1428.85,1839
1715578200,1428.85,1430.0,1428.3,1429.45,3547
1715578500,1429.45,1431.8,1428.85,1429.95,5612
1715578800,1430.0,1430.95,1429.3,1430.4,999
1715579100,1430.4,1431.95,1430.05,1430.45,2099
1715579400,1430.45,1430.45,1427.4,1429.35,2422
1715579700,1429.35,1429.35,1427.7,1428.25,968
1715580000,1428.25,1430.1,1427.8,1429.25,1279
1715580300,1429.25,1429.25,1427.3,1427.3,1792
1715580600,1427.3,1427.5,1426.5,1427.35,4388
1715580900,1427.35,1428.85,1427.0,1427.4,2295
1715581200,1427.4,1427.65,1427.0,1427.35,1713
1715581500,1427.3,1427.3,1426.8,1427.2,3706
1715581800,1427.2,1429.85,1427.0,1429.8,6210
1715582100,1429.75,1431.5,1428.25,1430.0,4801
1715582400,1430.0,1430.3,1427.3,1429.1,6749
1715582700,1429.4,1430.1,1427.5,1428.05,2236
1715583000,1428.05,1429.25,1428.0,1428.15,40451
1715583300,1428.4,1428.4,1427.0,1427.45,4818
1715583600,1427.45,1427.9,1426.8,1427.55,4356
1715583900,1427.55,1429.1,1427.0,1428.0,4844
1715584200,1428.0,1429.75,1427.3,1427.5,5157
1715584500,1427.5,1428.0,1427.0,1427.45,1842
1715584800,1427.45,1427.45,1425.1,1427.0,19071
1715585100,1427.05,1428.5,1427.0,1428.4,2518
1715585400,1428.4,1428.4,1427.0,1427.05,2236
1715585700,1427.05,1427.05,1427.0,1427.05,2060
1715586000,1427.05,1427.95,1427.0,1427.6,2197
1715586300,1427.6,1427.7,1427.0,1427.15,2303
1715586600,1427.15,1427.15,1420.55,1423.45,23694
1715586900,1423.6,1428.0,1423.6,1427.0,20113
1715587200,1427.0,1427.9,1424.9,1425.5,7030
1715587500,1425.5,1426.15,1425.0,1425.75,5952
1715587800,1425.75,1426.05,1424.85,1425.3,6575
1715588100,1425.7,1429.4,1425.45,1429.05,4378
1715588400,1429.4,1430.8,1429.05,1430.0,10133
1715588700,1430.0,1430.8,1427.15,1427.8,7429
1715589000,1427.8,1428.75,1426.35,1426.7,6145
1715589300,1427.3,1428.55,1425.85,1425.85,5723
1715589600,1426.5,1428.45,1425.4,1427.5,6327
1715589900,1427.0,1429.3,1427.0,1427.0,7289
1715590200,1427.55,1428.25,1426.75,1427.45,6847
1715590500,1427.0,1430.0,1427.0,1427.85,8473
1715590800,1427.85,1429.4,1427.0,1427.05,10397
1715591100,1427.05,1428.3,1425.9,1428.0,28800
1715591400,1428.0,1428.0,1427.0,1427.0,12543
1715591700,1427.45,1428.65,1426.5,1427.05,26862
1715592000,1427.0,1427.85,1425.9,1427.0,27132
1715592300,1427.05,1427.05,1422.55,1424.1,15621
1715592600,1424.15,1425.0,1422.75,1423.25,40587
1715592900,1423.7,1424.85,1423.0,1423.75,21511
1715593200,1423.85,1425.2,1423.85,1425.05,20217
1715593500,1425.05,1427.6,1424.75,1427.25,36782
1715593800,1427.3,1428.65,1427.0,1427.45,24728
1715594100,1427.75,1430.0,1427.0,1427.0,17038
1715658300,1427.2,1433.7,1427.2,1428.5,29335
1715658600,1428.5,1428.5,1422.9,1424.5,16762
1715658900,1425.0,1429.95,1423.1,1426.0,16544
1715659200,1425.85,1428.95,1423.0,1427.4,15979
1715659500,1427.25,1429.0,1424.3,1427.1,15586
1715659800,1427.1,1427.65,1425.5,1426.6,12160
1715660100,1426.6,1428.5,1425.15,1426.9,21950
1715660400,1426.9,1426.95,1425.5,1426.25,16755
1715660700,1426.25,1429.7,1425.5,1426.0,30074
1715661000,1426.5,1428.25,1425.5,1426.0,14424
1715661300,1426.2,1427.85,1425.5,1426.8,8649
1715661600,1426.85,1427.95,1426.0,1427.25,7773
1715661900,1427.7,1429.2,1426.55,1427.65,15930
1715662200,1427.65,1427.65,1426.0,1426.15,1999
1715662500,1426.15,1428.25,1425.75,1427.8,12071
1715662800,1427.7,1429.4,1426.5,1427.95,8187
1715663100,1427.95,1429.05,1427.4,1428.1,8373
1715663400,1428.0,1428.0,1426.2,1426.75,1938
1715663700,1427.55,1428.55,1427.2,1428.0,7957
1715664000,1428.0,1428.4,1427.0,1427.45,6617
1715664300,1427.7,1428.1,1425.7,1427.85,16249
1715664600,1428.0,1429.45,1427.75,1428.6,6119
1715664900,1428.65,1429.35,1426.95,1427.35,6745
1715665200,1427.4,1427.5,1426.0,1426.55,10646
1715665500,1426.6,1426.8,1426.0,1426.6,12231
1715665800,1426.45,1426.8,1426.0,1426.15,11969
1715666100,1426.25,1426.25,1426.0,1426.0,10631
1715666400,1426.05,1427.4,1426.0,1426.2,13901
1715666700,1426.2,1426.8,1426.0,1426.55,4235
1715667000,1426.55,1428.3,1426.15,1427.95,3844
1715667300,1427.95,1428.6,1427.65,1427.9,8203
1715667600,1427.9,1427.9,1426.0,1426.45,5061
1715667900,1426.8,1428.1,1426.8,1427.9,1559
1715668200,1428.05,1428.05,1426.6,1427.2,6582
1715668500,1427.2,1427.8,1426.95,1427.05,2965
1715668800,1427.15,1427.15,1426.0,1426.0,4229
1715669100,1426.05,1426.5,1425.65,1426.2,22670
1715669400,1426.2,1426.2,1423.95,1424.75,6710
1715669700,1424.3,1424.95,1422.05,1424.45,6343
1715670000,1424.45,1426.45,1424.0,1426.0,5802
1715670300,1426.3,1426.3,1426.0,1426.05,20846
1715670600,1426.05,1426.75,1426.0,1426.05,6028
1715670900,1426.05,1426.5,1426.0,1426.05,15640
1715671200,1426.05,1427.65,1426.0,1426.0,8950
1715671500,1426.05,1426.15,1426.0,1426.0,27181
1715671800,1426.0,1427.25,1425.55,1426.7,46566
1715672100,1427.15,1428.0,1426.1,1426.55,4535
1715672400,1426.4,1427.7,1426.0,1426.5,4013
1715672700,1426.5,1427.45,1426.2,1426.85,5081
1715673000,1426.85,1427.05,1426.0,1426.45,2632
1715673300,1426.45,1427.85,1426.05,1427.05,23485
1715673600,1426.6,1428.95,1426.6,1428.95,2113
1715673900,1428.95,1429.5,1427.85,1429.4,3203
1715674200,1429.4,1430.75,1428.4,1430.1,12468
1715674500,1430.1,1431.1,1430.0,1430.2,6298
1715674800,1430.05,1431.4,1429.5,1430.1,12200
1715675100,1430.05,1431.0,1429.5,1430.45,5163
1715675400,1430.45,1433.0,1430.0,1432.2,14121
1715675700,1432.2,1432.2,1429.05,1430.4,9802
1715676000,1430.4,1432.45,1428.8,1430.5,10389
1715676300,1430.55,1430.55,1427.6,1428.8,6272
1715676600,1428.85,1428.95,1426.5,1428.9,9150
1715676900,1428.9,1429.55,1426.75,1426.8,4517
1715677200,1427.2,1430.6,1426.5,1429.1,15649
1715677500,1430.05,1431.8,1429.65,1431.1,5978
1715677800,1431.1,1432.85,1430.6,1432.85,6870
1715678100,1432.8,1432.85,1430.2,1431.0,2943
1715678400,1431.0,1431.0,1429.75,1430.6,3977
1715678700,1430.6,1430.6,1429.15,1429.5,8544
1715679000,1429.5,1432.85,1429.0,1432.75,37453
1715679300,1432.75,1436.75,1432.6,1435.45,25527
1715679600,1435.45,1436.2,1432.15,1432.15,27075
1715679900,1432.15,1433.3,1430.15,1430.85,23548
1715680200,1431.5,1434.8,1429.45,1434.35,27002
1715680500,1434.35,1436.5,1432.05,1436.5,15665
1715744700,1440.0,1440.55,1432.0,1435.6,9665
1715745000,1435.6,1435.6,1432.0,1433.65,4508
1715745300,1433.55,1435.8,1433.05,1435.4,963
1715745600,1435.7,1435.7,1432.8,1434.5,1965
1715745900,1434.5,1434.5,1433.1,1434.15,1704
1715746200,1434.15,1437.4,1433.95,1436.95,1948
1715746500,1436.95,1440.95,1436.95,1439.2,5186
1715746800,1439.8,1442.2,1439.1,1441.4,6503
1715747100,1441.4,1442.4,1439.0,1441.5,2849
1715747400,1442.0,1442.35,1436.4,1437.55,5976
1715747700,1437.5,1438.9,1432.25,1433.6,5303
1715748000,1433.0,1435.0,1430.8,1433.85,4658
1715748300,1434.65,1435.4,1432.55,1435.4,3197
1715748600,1435.4,1435.7,1434.0,1434.45,1531
1715748900,1435.15,1437.25,1433.9,1435.9,1501
1715749200,1435.95,1436.0,1430.45,1431.75,3964
1715749500,1432.5,1433.4,1432.05,1432.45,1328
1715749800,1432.45,1434.25,1431.0,1432.8,7134
1715750100,1432.8,1434.1,1430.55,1433.9,1111
1715750400,1433.9,1435.7,1433.1,1435.15,694
1715750700,1435.7,1436.05,1435.05,1436.05,638
1715751000,1436.05,1443.85,1436.05,1440.95,9866
1715751300,1440.95,1442.35,1438.3,1439.55,2008
1715751600,1439.7,1441.75,1439.1,1440.0,1240
1715751900,1440.0,1442.1,1439.9,1441.8,2693
1715752200,1441.7,1441.85,1440.8,1441.85,632
1715752500,1441.85,1441.85,1436.1,1437.15,4477
1715752800,1437.15,1438.4,1433.25,1433.75,4728
1715753100,1433.8,1436.35,1433.25,1435.7,1906
1715753400,1435.4,1437.1,1434.25,1436.35,2743
1715753700,1436.35,1436.7,1434.85,1435.5,2357
1715754000,1435.5,1436.45,1435.4,1435.4,706
1715754300,1435.4,1438.85,1434.4,1438.05,3386
1715754600,1438.9,1438.9,1435.4,1435.4,1138
1715754900,1436.0,1436.3,1435.25,1435.9,1105
1715755200,1435.9,1435.9,1434.4,1435.15,1924
1715755500,1435.15,1435.15,1433.0,1433.95,3354
1715755800,1433.95,1434.1,1431.75,1431.9,3698
1715756100,1431.9,1432.1,1429.8,1431.9,6083
1715756400,1431.95,1434.2,1431.7,1433.95,3378
1715756700,1433.6,1433.9,1432.1,1433.85,2964
1715757000,1433.85,1434.65,1432.65,1433.35,1638
1715757300,1433.4,1433.45,1430.3,1431.1,2939
1715757600,1431.1,1432.0,1430.1,1431.5,2669
1715757900,1431.45,1431.55,1429.35,1429.7,4008
1715758200,1430.1,1431.7,1429.7,1431.65,546
1715758500,1431.15,1432.95,1431.15,1431.25,1326
1715758800,1431.65,1431.7,1429.7,1430.1,1780
1715759100,1430.65,1432.05,1430.0,1431.9,843
1715759400,1431.8,1432.45,1431.2,1431.7,388
1715759700,1432.55,1432.55,1430.8,1431.05,402
1715760000,1431.6,1432.55,1431.05,1432.05,1118
1715760300,1432.05,1432.05,1430.6,1431.0,458
1715760600,1431.55,1431.75,1430.5,1431.05,1596
1715760900,1431.05,1431.7,1428.6,1430.15,2482
1715761200,1430.25,1430.55,1427.95,1430.25,2944
1715761500,1430.4,1434.55,1429.6,1433.1,6613
1715761800,1433.5,1434.0,1432.7,1433.05,760
1715762100,1433.5,1434.45,1432.7,1433.25,1221
1715762400,1433.8,1435.9,1433.15,1434.9,1730
1715762700,1435.7,1435.7,1433.15,1433.15,1109
1715763000,1433.15,1433.95,1431.9,1432.5,1555
1715763300,1433.4,1433.4,1432.3,1433.2,492
1715763600,1433.2,1435.0,1433.0,1434.8,1033
1715763900,1434.8,1436.45,1433.8,1436.45,3671
1715764200,1436.45,1436.45,1434.5,1435.45,1636
1715764500,1435.5,1436.0,1434.65,1435.95,674
1715764800,1436.0,1436.0,1434.35,1434.95,1478
1715765100,1434.95,1436.5,1434.4,1436.45,902
1715765400,1436.05,1437.85,1430.6,1430.95,9898
1715765700,1431.7,1432.6,1429.05,1429.8,13620
1715766000,1429.8,1431.35,1428.85,1429.2,9927
1715766300,1429.2,1430.75,1428.3,1430.7,13782
1715766600,1430.7,1430.9,1427.8,1428.25,13047
1715766900,1428.65,1431.55,1425.75,1428.8,13603
1715831100,1431.55,1431.9,1421.05,1428.0,29020
1715831400,1427.95,1431.15,1426.05,1426.55,10489
1715831700,1426.6,1428.0,1425.35,1426.0,14134
1715832000,1426.0,1426.6,1425.05,1425.35,23238
1715832300,1425.45,1427.5,1425.35,1426.0,12540
1715832600,1426.05,1427.8,1426.0,1426.0,10812
1715832900,1426.0,1427.7,1426.0,1426.15,8428
1715833200,1426.2,1427.1,1425.8,1426.85,17092
1715833500,1426.0,1427.5,1426.0,1426.0,9297
1715833800,1426.0,1427.3,1426.0,1426.05,10601
1715834100,1426.0,1426.95,1425.8,1426.0,8658
1715834400,1426.1,1426.2,1426.0,1426.0,9259
1715834700,1426.0,1426.2,1426.0,1426.0,11815
1715835000,1426.0,1426.1,1424.15,1424.25,58624
1715835300,1424.25,1424.4,1424.0,1424.0,11438
1715835600,1424.0,1424.55,1424.0,1424.05,7989
1715835900,1424.05,1424.55,1424.0,1424.0,7516
1715836200,1424.05,1424.35,1423.75,1423.85,7562
1715836500,1424.0,1424.0,1422.25,1422.25,31568
1715836800,1422.25,1422.9,1422.15,1422.85,11196
1715837100,1422.85,1424.25,1422.5,1423.0,3413
1715837400,1423.2,1425.0,1423.0,1424.6,3078
1715837700,1424.6,1424.85,1424.0,1424.2,4090
1715838000,1424.25,1424.25,1423.55,1424.0,14024
1715838300,1424.2,1424.2,1420.15,1421.2,63035
1715838600,1421.0,1421.5,1420.15,1421.25,35257
1715838900,1421.0,1423.9,1421.0,1422.5,4430
1715839200,1422.55,1424.8,1422.5,1423.55,2058
1715839500,1423.55,1425.1,1423.0,1423.55,2460
1715839800,1423.55,1426.0,1423.2,1425.6,4391
1715840100,1426.0,1428.9,1425.6,1428.05,5310
1715840400,1428.1,1429.7,1426.05,1426.2,5001
1715840700,1426.6,1429.35,1426.4,1428.4,4882
1715841000,1428.35,1431.5,1428.25,1430.0,8594
1715841300,1430.05,1437.0,1430.0,1435.4,7356
1715841600,1436.35,1441.3,1435.7,1440.6,6259
1715841900,1441.3,1444.3,1438.5,1439.55,13994
1715842200,1439.6,1441.0,1438.55,1440.15,7036
1715842500,1440.5,1440.9,1433.0,1434.05,8145
1715842800,1434.05,1435.35,1431.1,1433.45,5018
1715843100,1432.7,1434.1,1432.7,1433.35,593
1715843400,1433.35,1435.2,1433.15,1434.6,1094
1715843700,1434.65,1435.55,1433.15,1433.55,1711
1715844000,1433.55,1434.85,1433.15,1434.25,1263
1715844300,1433.55,1435.25,1431.0,1431.55,6084
1715844600,1431.65,1432.35,1430.3,1430.65,2724
1715844900,1430.65,1432.9,1430.05,1432.3,2990
1715845200,1432.3,1437.8,1432.3,1435.8,3753
1715845500,1435.8,1437.85,1433.05,1435.1,3131
1715845800,1435.1,1437.8,1435.1,1436.6,2386
1715846100,1436.45,1441.1,1436.05,1437.95,9121
1715846400,1437.95,1438.7,1433.05,1434.85,6125
1715846700,1434.85,1435.45,1432.05,1433.3,4552
1715847000,1433.65,1436.4,1432.4,1433.05,5706
1715847300,1433.05,1435.6,1432.0,1433.25,4587
1715847600,1433.45,1437.6,1433.05,1436.35,6747
1715847900,1435.6,1439.0,1435.35,1438.3,12219
1715848200,1438.35,1439.7,1436.8,1437.25,21166
1715848500,1437.15,1438.45,1433.55,1433.7,6098
1715848800,1433.85,1434.85,1432.5,1433.45,3465
1715849100,1433.2,1435.8,1432.05,1435.2,5604
1715849400,1435.05,1437.75,1434.65,1436.95,5663
1715849700,1437.6,1438.9,1435.65,1437.95,13711
1715850000,1438.5,1446.1,1437.85,1442.95,53667
1715850300,1442.95,1448.0,1441.0,1446.3,35875
1715850600,1445.85,1451.05,1444.2,1448.7,75102
1715850900,1448.7,1452.45,1448.6,1451.65,35076
1715851200,1451.65,1456.5,1450.45,1454.4,59713
1715851500,1454.3,1458.0,1454.0,1455.2,35411
1715851800,1455.2,1458.2,1450.8,1451.25,65632
1715852100,1451.25,1452.0,1449.0,1450.55,27953
1715852400,1450.65,1454.3,1449.3,1453.1,35812
1715852700,1453.35,1454.45,1450.0,1450.0,39290
1715853000,1450.65,1453.6,1449.85,1451.1,43149
1715853300,1451.4,1452.45,1445.75,1450.2,19867
1715917500,1450.0,1450.0,1437.25,1439.1,15113
1715917800,1439.1,1439.75,1436.05,1437.1,14323
1715918100,1436.05,1437.05,1433.0,1436.6,12323
1715918400,1436.6,1438.0,1435.15,1436.65,13482
1715918700,1435.7,1437.95,1435.7,1437.1,5724
1715919000,1437.1,1445.5,1436.1,1439.8,30039
1715919300,1439.8,1440.4,1437.8,1438.45,11806
1715919600,1437.6,1438.85,1437.0,1438.75,3598
1715919900,1438.75,1439.2,1437.1,1438.55,8809
1715920200,1438.9,1438.9,1436.45,1437.3,4848
1715920500,1437.3,1437.95,1435.0,1437.1,6397
1715920800,1437.1,1438.5,1436.05,1437.25,4361
1715921100,1437.9,1438.4,1436.15,1438.2,2741
1715921400,1438.2,1439.8,1436.3,1437.2,18752
1715921700,1437.2,1437.95,1435.75,1437.9,3180
1715922000,1437.9,1437.9,1435.6,1436.0,3319
1715922300,1436.0,1437.0,1435.5,1435.9,4362
1715922600,1435.95,1436.9,1435.5,1436.85,2276
1715922900,1436.85,1438.5,1436.3,1437.7,12267
1715923200,1437.7,1438.25,1437.1,1437.3,1917
1715923500,1437.3,1438.0,1437.0,1437.55,1527
1715923800,1437.55,1438.4,1437.0,1437.0,2323
1715924100,1437.55,1437.55,1435.85,1436.85,4633
1715924400,1436.35,1438.4,1436.35,1438.35,3616
1715924700,1438.35,1442.7,1438.05,1439.6,24351
1715925000,1439.6,1440.4,1438.0,1438.5,9275
1715925300,1438.5,1438.5,1437.0,1438.4,4165
1715925600,1438.4,1438.5,1437.4,1438.5,3082
1715925900,1438.5,1440.0,1438.35,1440.0,29198
1715926200,1440.0,1442.0,1439.0,1439.5,16188
1715926500,1439.5,1445.0,1438.5,1444.75,27378
1715926800,1445.0,1445.0,1442.95,1443.0,106245
1715927100,1443.5,1443.5,1441.15,1441.75,280378
1715927400,1441.75,1442.1,1440.0,1441.45,2314
1715927700,1441.45,1441.45,1439.7,1440.9,306350
1715928000,1440.9,1443.5,1440.55,1441.7,3941
1715928300,1442.0,1442.45,1441.3,1441.85,2020
1715928600,1442.4,1443.45,1440.35,1443.0,8973
1715928900,1443.45,1446.0,1441.3,1443.75,619839
1715929200,1443.8,1444.6,1442.8,1444.55,2023
1715929500,1444.8,1446.7,1444.55,1444.55,9491
1715929800,1444.65,1444.7,1443.15,1443.15,3091
1715930100,1443.4,1445.3,1443.4,1443.7,16420
1715930400,1443.7,1444.5,1443.5,1444.3,1427
1715930700,1444.5,1444.5,1442.7,1443.4,3220
1715931000,1443.1,1443.35,1441.4,1442.05,2728
1715931300,1441.85,1443.0,1441.45,1443.0,3271
1715931600,1442.7,1443.9,1440.65,1440.65,221012
1715931900,1440.6,1446.0,1440.6,1443.35,33766
1715932200,1443.35,1444.75,1443.35,1443.9,1292
1715932500,1443.9,1444.0,1441.8,1442.9,3831
1715932800,1442.55,1443.0,1442.15,1442.95,16338
1715933100,1443.0,1445.5,1442.95,1444.05,9703
1715933400,1444.05,1444.75,1443.3,1444.0,1530
1715933700,1443.95,1444.0,1443.6,1443.95,2205
1715934000,1444.0,1444.0,1442.35,1442.9,4077
1715934300,1442.65,1443.0,1442.45,1442.8,2017
1715934600,1443.0,1443.0,1442.8,1442.95,2058
1715934900,1443.0,1445.0,1442.75,1442.9,7708
1715935200,1442.85,1443.85,1442.35,1442.8,8103
1715935500,1442.9,1443.0,1441.3,1442.0,6050
1715935800,1441.85,1442.7,1441.55,1442.0,3081
1715936100,1442.1,1442.7,1440.55,1440.6,6689
1715936400,1440.65,1442.7,1440.65,1441.95,4636
1715936700,1441.95,1443.1,1441.25,1442.85,8588
1715937000,1441.45,1443.0,1435.95,1435.95,33672
1715937300,1435.85,1438.1,1435.4,1437.8,37695
1715937600,1437.85,1439.15,1436.7,1438.5,21056
1715937900,1438.5,1439.8,1438.0,1438.75,9402
1715938200,1438.8,1438.8,1433.6,1433.9,52449
1715938500,1433.95,1436.4,1432.3,1436.05,79474
1715938800,1436.05,1436.95,1434.65,1434.7,38535
1715939100,1434.75,1436.4,1432.65,1432.7,53223
1715939400,1432.65,1432.95,1430.5,1431.55,65643
1715939700,1432.6,1434.85,1431.6,1433.95,22278
1716003900,1434.0,1439.9,1434.0,1436.9,2051
1716004200,1436.9,1439.95,1436.05,1439.0,1068
1716004500,1440.0,1441.95,1439.05,1440.6,1622
1716004800,1441.0,1441.75,1440.0,1440.9,1075
1716005100,1440.9,1440.9,1438.0,1438.0,860
1716005400,1438.75,1438.75,1437.35,1438.5,473
1716005700,1438.5,1438.95,1437.6,1437.6,519
1716006000,1437.6,1438.5,1434.0,1434.0,2493
1716006300,1434.0,1435.05,1430.5,1432.95,3443
1716012000,1432.95,1443.3,1432.95,1438.95,2397
1716012300,1438.95,1441.0,1436.5,1439.05,2132
1716012600,1439.05,1439.75,1438.0,1439.3,458
1716012900,1438.05,1439.55,1437.85,1439.5,359
1716013200,1439.5,1439.5,1437.75,1439.1,334
1716013500,1439.1,1439.2,1437.9,1439.15,183
1716013800,1439.15,1439.15,1438.2,1439.0,146
1716014100,1439.0,1439.2,1438.2,1439.1,384
1716014400,1439.1,1440.0,1438.2,1440.0,1855
1716014700,1440.0,1441.85,1438.7,1441.0,1429
1716015000,1441.0,1444.1,1436.9,1442.3,3045
1716015300,1442.3,1443.0,1434.55,1434.75,3418
1716263100,1438.85,1440.7,1427.35,1428.0,51546
1716263400,1427.95,1429.3,1423.55,1428.55,38039
1716263700,1428.05,1429.45,1425.05,1429.35,20275
1716264000,1429.5,1429.5,1425.8,1427.7,12431
1716264300,1427.75,1432.45,1427.45,1428.15,11558
1716264600,1428.15,1430.6,1425.55,1425.7,14327
1716264900,1425.7,1427.8,1425.35,1425.75,15013
1716265200,1425.75,1427.1,1425.7,1426.55,8776
1716265500,1426.55,1429.65,1426.05,1429.2,12779
1716265800,1429.2,1429.35,1427.6,1427.6,7261
1716266100,1427.65,1428.25,1427.5,1428.25,14710
1716266400,1428.4,1428.95,1427.85,1428.35,4607
1716266700,1428.6,1431.9,1428.6,1429.95,8982
1716267000,1429.95,1430.75,1427.55,1428.25,6675
1716267300,1428.25,1429.95,1427.7,1429.95,5068
1716267600,1429.95,1430.9,1428.3,1428.6,3368
1716267900,1428.6,1430.45,1428.15,1430.35,4330
1716268200,1430.35,1430.7,1428.45,1430.6,4873
1716268500,1430.6,1430.95,1429.35,1430.8,5381
1716268800,1430.3,1430.8,1429.25,1429.7,2501
1716269100,1429.5,1429.65,1428.0,1428.45,2787
1716269400,1428.45,1429.5,1428.05,1428.15,3090
1716269700,1428.1,1428.8,1426.5,1428.15,28466
1716270000,1428.15,1428.15,1427.5,1427.5,5262
1716270300,1427.55,1427.85,1427.25,1427.55,17636
1716270600,1427.5,1427.55,1427.25,1427.5,9238
1716270900,1427.55,1428.85,1427.3,1428.4,7927
1716271200,1428.4,1428.4,1427.5,1428.0,6089
1716271500,1428.1,1428.45,1427.7,1428.05,4239
1716271800,1428.0,1432.95,1427.95,1431.6,8731
1716272100,1431.6,1431.85,1429.5,1429.8,6141
1716272400,1429.75,1430.4,1428.85,1428.85,7171
1716272700,1428.85,1429.2,1428.0,1429.05,6284
1716273000,1429.1,1429.1,1427.65,1427.9,11099
1716273300,1427.9,1428.5,1427.5,1428.2,7285
1716273600,1428.2,1429.35,1428.05,1428.95,4012
1716273900,1428.95,1429.45,1428.2,1428.9,3310
1716274200,1428.9,1428.9,1427.5,1427.85,5154
1716274500,1427.85,1427.85,1427.5,1427.6,3880
1716274800,1427.55,1428.95,1427.5,1428.55,4643
1716275100,1428.55,1429.95,1428.0,1429.65,5545
1716275400,1429.55,1429.55,1428.05,1428.85,5530
1716275700,1428.85,1428.85,1427.7,1428.1,2556
1716276000,1428.1,1428.85,1427.7,1428.15,3655
1716276300,1428.15,1429.2,1427.5,1428.65,21328
1716276600,1428.65,1429.0,1427.25,1427.65,30180
1716276900,1427.65,1427.65,1427.25,1427.3,14349
1716277200,1427.3,1428.75,1427.25,1428.15,9714
1716277500,1428.15,1428.7,1427.5,1428.2,7148
1716277800,1428.35,1428.35,1427.0,1427.5,19790
1716278100,1427.6,1427.9,1427.05,1427.9,13752
1716278400,1427.9,1429.15,1427.3,1428.1,13111
1716278700,1428.2,1428.2,1424.2,1425.4,209905
1716279000,1425.4,1425.4,1423.15,1423.25,31407
1716279300,1423.25,1424.75,1423.25,1423.85,21154
1716279600,1424.05,1425.2,1422.5,1424.35,47310
1716279900,1424.35,1425.75,1424.0,1425.0,11133
1716280200,1425.1,1427.25,1425.0,1425.7,9519
1716280500,1425.9,1427.35,1425.45,1426.4,10082
1716280800,1426.25,1426.8,1425.45,1426.2,7109
1716281100,1426.15,1426.3,1425.0,1425.55,11976
1716281400,1425.55,1426.6,1425.0,1425.65,9309
1716281700,1425.95,1425.95,1425.0,1425.25,8628
1716282000,1425.25,1425.25,1425.0,1425.0,12684
1716282300,1425.0,1426.3,1425.0,1425.6,11265
1716282600,1425.6,1426.05,1425.0,1425.05,11493
1716282900,1425.05,1426.4,1425.0,1425.75,19029
1716283200,1426.05,1426.05,1425.0,1425.35,11602
1716283500,1425.35,1426.15,1425.0,1425.5,30256
1716283800,1425.25,1432.5,1425.0,1431.65,68588
1716284100,1431.65,1431.9,1429.7,1429.8,53373
1716284400,1429.8,1430.9,1428.3,1430.0,45215
1716284700,1430.7,1430.7,1428.2,1428.6,43864
1716285000,1428.65,1429.8,1428.35,1428.65,38802
1716285300,1428.7,1429.65,1426.05,1428.5,24995
1716349500,1434.25,1435.55,1425.75,1427.9,18447
1716349800,1427.0,1428.0,1424.0,1424.0,12836
1716350100,1424.0,1427.3,1424.0,1426.45,8539
1716350400,1426.45,1428.0,1426.0,1427.9,9140
1716350700,1427.35,1429.2,1426.0,1429.0,7809
1716351000,1429.15,1429.45,1426.8,1428.85,7525
1716351300,1428.95,1429.45,1427.05,1428.6,9917
1716351600,1428.5,1431.6,1427.35,1430.45,5920
1716351900,1430.15,1433.55,1430.15,1432.0,9610
1716352200,1432.0,1432.0,1429.95,1430.9,4736
1716352500,1430.9,1431.55,1429.65,1430.3,3940
1716352800,1430.4,1432.05,1429.95,1432.0,4703
1716353100,1431.75,1432.15,1429.55,1429.55,5451
1716353400,1430.0,1430.35,1427.6,1427.6,3578
1716353700,1427.8,1430.2,1427.55,1429.3,4026
1716354000,1429.4,1430.4,1428.8,1429.9,3575
1716354300,1429.95,1430.95,1429.8,1430.5,3009
1716354600,1430.05,1430.8,1429.6,1430.7,3950
1716354900,1430.5,1430.5,1428.0,1428.8,3638
1716355200,1428.8,1433.0,1428.8,1433.0,3706
1716355500,1432.9,1433.3,1431.4,1431.4,2159
1716355800,1431.45,1432.0,1429.0,1429.05,3089
1716356100,1429.05,1430.0,1428.75,1429.0,3059
1716356400,1429.0,1430.9,1428.5,1429.5,6044
1716356700,1429.5,1429.5,1428.1,1428.5,11956
1716357000,1428.5,1429.15,1428.05,1428.85,2550
1716357300,1428.3,1429.2,1428.15,1428.6,3156
1716357600,1429.0,1429.6,1428.05,1428.6,2838
1716357900,1428.6,1428.85,1428.0,1428.0,1296
1716358200,1428.2,1428.65,1427.75,1428.4,4182
1716358500,1428.4,1429.65,1428.0,1429.3,1718
1716358800,1429.3,1429.75,1428.4,1429.15,1482
1716359100,1429.15,1429.15,1427.65,1428.0,2889
1716359400,1428.1,1428.25,1426.1,1427.0,7795
1716359700,1427.35,1427.4,1425.9,1427.15,11924
1716360000,1427.1,1427.95,1426.4,1427.3,5006
1716360300,1427.3,1427.45,1426.55,1427.4,2912
1716360600,1427.2,1427.45,1425.4,1425.9,4554
1716360900,1425.9,1428.0,1425.05,1427.15,162723
1716361200,1427.3,1427.95,1427.0,1427.9,3202
1716361500,1427.85,1428.7,1427.15,1427.85,13409
1716361800,1427.8,1428.05,1427.15,1427.75,8714
1716362100,1427.55,1428.15,1427.4,1428.0,5470
1716362400,1428.0,1428.0,1427.05,1427.9,2057
1716362700,1427.15,1427.9,1427.05,1427.8,2454
1716363000,1427.25,1428.0,1427.25,1427.75,2077
1716363300,1427.6,1428.0,1427.25,1427.35,2519
1716363600,1427.4,1428.0,1427.3,1428.0,1710
1716363900,1427.65,1429.15,1427.05,1427.1,2743
1716364200,1427.1,1428.5,1427.1,1427.6,1937
1716364500,1427.45,1427.95,1427.05,1427.85,1999
1716364800,1427.9,1428.0,1427.0,1427.8,14357
1716365100,1427.8,1427.95,1427.05,1427.3,2736
1716365400,1427.9,1428.0,1427.25,1427.35,6724
1716365700,1427.05,1427.9,1427.0,1427.3,5111
1716366000,1427.85,1427.95,1426.9,1427.3,25395
1716366300,1427.3,1427.35,1427.0,1427.0,7400
1716366600,1427.2,1428.5,1427.0,1427.7,8985
1716366900,1427.65,1428.95,1426.95,1427.15,25639
1716367200,1427.15,1427.35,1427.0,1427.05,12906
1716367500,1427.0,1427.95,1426.75,1427.0,184097
1716367800,1427.0,1427.65,1426.9,1427.4,64148
1716368100,1427.4,1427.4,1427.0,1427.15,6155
1716368400,1427.4,1427.95,1427.0,1427.6,6055
1716368700,1427.6,1427.65,1427.0,1427.0,5722
1716369000,1427.35,1427.4,1427.0,1427.0,6190
1716369300,1427.3,1427.8,1427.0,1427.4,4957
1716369600,1427.4,1427.8,1427.0,1427.3,4852
1716369900,1427.75,1427.75,1427.0,1427.2,24340
1716370200,1427.0,1427.75,1427.0,1427.0,16203
1716370500,1427.0,1428.9,1427.0,1427.5,22107
1716370800,1427.5,1427.85,1427.0,1427.2,23569
1716371100,1427.25,1428.7,1427.0,1427.9,25157
1716371400,1427.5,1427.9,1427.05,1427.4,24085
1716371700,1427.3,1428.65,1425.65,1427.5,15933
1716435900,1434.0,1440.85,1424.05,1439.85,50163
1716436200,1439.85,1440.0,1433.0,1437.0,21705
1716436500,1437.0,1438.95,1435.45,1437.4,7327
1716436800,1436.85,1439.0,1436.05,1438.3,13859
1716437100,1438.9,1443.25,1438.75,1442.8,31481
1716437400,1442.8,1448.0,1442.8,1447.1,42797
1716437700,1446.15,1446.95,1440.95,1443.1,27069
1716438000,1443.15,1443.8,1441.0,1441.65,9553
1716438300,1441.25,1442.8,1439.55,1442.35,8879
1716438600,1442.4,1442.4,1438.0,1439.05,11269
1716438900,1438.8,1440.8,1438.2,1438.7,5852
1716439200,1438.85,1439.9,1436.85,1439.6,8228
1716439500,1439.6,1440.45,1436.5,1438.95,8321
1716439800,1439.2,1443.5,1437.75,1441.8,12560
1716440100,1441.8,1442.0,1439.0,1439.25,8647
1716440400,1439.25,1440.4,1436.95,1438.55,10309
1716440700,1438.55,1439.1,1435.15,1437.35,12035
1716441000,1437.75,1437.9,1432.55,1435.9,13550
1716441300,1435.9,1437.2,1435.0,1435.9,10446
1716441600,1435.9,1440.0,1435.05,1438.65,8093
1716441900,1439.15,1439.9,1438.6,1439.0,7274
1716442200,1439.0,1439.45,1438.0,1438.85,25522
1716442500,1438.85,1440.25,1438.75,1439.5,20853
1716442800,1439.0,1439.7,1438.15,1438.75,3416
1716443100,1438.75,1440.2,1438.0,1440.0,8490
1716443400,1439.35,1440.0,1438.0,1438.75,6406
1716443700,1438.75,1440.15,1437.8,1440.15,16458
1716444000,1440.0,1447.5,1439.7,1445.25,26641
1716444300,1445.25,1446.55,1443.45,1444.7,4797
1716444600,1445.25,1446.0,1443.35,1444.15,5946
1716444900,1444.15,1445.05,1443.2,1444.15,4945
1716445200,1444.15,1444.15,1441.25,1442.55,5203
1716445500,1442.55,1443.95,1441.55,1442.6,6613
1716445800,1442.6,1443.55,1442.6,1443.35,4376
1716446100,1443.15,1444.0,1443.0,1444.0,2868
1716446400,1443.95,1444.0,1442.55,1443.2,3368
1716446700,1443.0,1444.45,1442.8,1443.15,4939
1716447000,1443.15,1444.25,1443.05,1443.9,3704
1716447300,1443.95,1444.9,1442.55,1444.65,3848
1716447600,1445.0,1445.35,1443.15,1444.45,6436
1716447900,1445.1,1451.3,1442.0,1450.25,51249
1716448200,1450.25,1452.95,1449.1,1449.4,15457
1716448500,1450.0,1450.05,1448.45,1449.35,4751
1716448800,1449.35,1450.1,1448.25,1448.95,11480
1716449100,1448.95,1451.0,1448.95,1449.65,7266
1716449400,1449.65,1451.1,1448.0,1448.2,14580
1716449700,1448.15,1450.35,1447.65,1448.7,6705
1716450000,1448.45,1448.95,1446.0,1446.4,6509
1716450300,1446.4,1449.0,1445.2,1446.75,10339
1716450600,1446.75,1449.45,1445.0,1449.3,19518
1716450900,1449.2,1451.4,1446.2,1446.95,30135
1716451200,1446.95,1447.8,1445.0,1446.0,15082
1716451500,1445.65,1446.85,1444.0,1446.45,15940
1716451800,1446.45,1448.0,1444.5,1444.85,13910
1716452100,1445.0,1447.2,1444.0,1446.5,15037
1716452400,1446.5,1447.9,1445.4,1447.0,13479
1716452700,1447.15,1447.4,1445.5,1446.65,14411
1716453000,1446.65,1447.2,1445.5,1445.85,11320
1716453300,1445.9,1448.0,1445.35,1445.95,19038
1716453600,1445.95,1450.75,1445.8,1449.55,32490
1716453900,1449.55,1452.2,1448.3,1450.35,30119
1716454200,1450.3,1452.65,1448.55,1450.2,42910
1716454500,1449.95,1452.95,1449.65,1450.1,12709
1716454800,1450.1,1450.15,1447.0,1447.5,13167
1716455100,1447.6,1448.6,1446.35,1447.6,10225
1716455400,1447.6,1449.8,1447.6,1449.1,5869
1716455700,1448.95,1450.0,1447.65,1448.5,7694
1716456000,1448.5,1448.8,1445.05,1447.15,15792
1716456300,1447.15,1449.2,1445.85,1448.05,18110
1716456600,1448.05,1449.65,1447.6,1449.25,49514
1716456900,1449.35,1449.75,1446.1,1449.3,54661
1716457200,1449.95,1451.0,1445.75,1446.65,54878
1716457500,1446.7,1446.95,1444.9,1445.3,21907
1716457800,1445.35,1445.4,1441.2,1441.8,23459
1716458100,1442.05,1444.25,1440.0,1443.0,22424
1716522300,1442.5,1445.95,1438.85,1440.4,15626
1716522600,1440.0,1442.4,1437.95,1440.95,6353
1716522900,1440.0,1441.1,1439.8,1440.0,4174
1716523200,1440.0,1440.55,1438.05,1438.75,7925
1716523500,1439.2,1439.85,1435.05,1435.35,8818
1716523800,1435.35,1439.45,1435.35,1439.05,3797
1716524100,1439.05,1440.45,1439.0,1439.75,1509
1716524400,1439.75,1440.9,1439.55,1440.7,2870
1716524700,1439.55,1440.3,1438.5,1438.8,1844
1716525000,1438.8,1439.35,1435.65,1436.0,4518
1716525300,1436.0,1438.0,1435.5,1438.0,2446
1716525600,1437.9,1438.55,1437.05,1437.9,1846
1716525900,1437.9,1438.5,1437.15,1437.15,1462
1716526200,1437.15,1440.45,1437.1,1439.45,2493
1716526500,1439.25,1440.0,1437.3,1437.6,2049
1716526800,1437.2,1437.65,1436.65,1436.85,1334
1716527100,1436.85,1438.35,1435.05,1435.9,5645
1716527400,1435.8,1438.45,1435.6,1437.9,1798
1716527700,1438.45,1442.75,1438.0,1442.75,12276
1716528000,1442.45,1444.2,1442.45,1443.95,3774
1716528300,1443.8,1444.6,1442.5,1443.55,3331
1716528600,1443.55,1447.0,1442.75,1446.7,11376
1716528900,1446.5,1446.9,1445.3,1446.0,3245
1716529200,1446.0,1446.0,1443.95,1444.75,4165
1716529500,1444.5,1448.45,1444.5,1446.5,6730
1716529800,1446.4,1447.15,1445.0,1445.4,1502
1716530100,1445.0,1447.0,1445.0,1447.0,13541
1716530400,1446.9,1447.45,1445.05,1445.7,6543
1716530700,1445.7,1446.35,1443.95,1444.2,8819
1716531000,1443.95,1446.65,1443.15,1444.7,11300
1716531300,1444.0,1444.7,1443.95,1444.05,1487
1716531600,1444.0,1444.85,1443.95,1444.65,3406
1716531900,1444.2,1444.8,1444.2,1444.8,1712
1716532200,1444.7,1444.8,1438.15,1439.25,9102
1716532500,1438.65,1442.9,1438.65,1442.35,1882
1716532800,1442.05,1443.2,1441.0,1442.1,2319
1716533100,1442.0,1442.45,1441.35,1441.6,1967
1716533400,1441.1,1442.7,1441.0,1442.05,2285
1716533700,1441.15,1442.15,1441.0,1441.3,1865
1716534000,1441.3,1443.4,1441.3,1443.25,4142
1716534300,1443.25,1443.25,1442.3,1442.75,1457
1716534600,1442.95,1443.15,1441.0,1443.15,6958
1716534900,1442.55,1443.1,1441.35,1442.3,1958
1716535200,1441.6,1443.05,1441.4,1442.15,1370
1716535500,1441.4,1443.15,1441.4,1442.0,5430
1716535800,1441.7,1442.0,1441.25,1442.0,5786
1716536100,1442.0,1444.6,1441.85,1444.6,108106
1716536400,1444.6,1445.0,1441.15,1443.6,52840
1716536700,1443.15,1444.5,1442.7,1443.35,1558
1716537000,1442.95,1443.45,1441.9,1442.75,2768
1716537300,1442.6,1445.0,1441.55,1445.0,1971
1716537600,1444.4,1445.0,1442.25,1442.95,3150
1716537900,1442.35,1442.95,1441.4,1442.25,1644
1716538200,1442.25,1443.0,1441.35,1442.9,1767
1716538500,1442.75,1442.8,1441.0,1441.85,4879
1716538800,1441.1,1441.85,1440.15,1440.7,1700
1716539100,1440.2,1440.9,1437.9,1440.45,5265
1716539400,1439.7,1440.9,1438.0,1439.05,1607
1716539700,1438.3,1439.3,1437.5,1439.0,2743
1716540000,1439.0,1439.1,1437.35,1439.1,1721
1716540300,1438.85,1440.0,1438.75,1439.75,2844
1716540600,1439.2,1441.55,1439.0,1440.1,3525
1716540900,1439.65,1441.05,1438.35,1439.4,1812
1716541200,1439.0,1439.4,1437.0,1438.85,2480
1716541500,1437.95,1438.85,1437.95,1438.65,1679
1716541800,1438.0,1439.25,1438.0,1438.95,2049
1716542100,1438.3,1438.95,1435.6,1436.25,4701
1716542400,1436.1,1438.4,1435.65,1436.9,3353
1716542700,1436.5,1437.5,1436.1,1437.4,2052
1716543000,1437.5,1437.5,1434.0,1436.05,8499
1716543300,1436.25,1437.7,1433.6,1437.55,9415
1716543600,1437.05,1438.0,1436.55,1436.9,7680
1716543900,1436.9,1438.9,1436.3,1437.0,10354
1716544200,1437.05,1437.05,1434.0,1434.3,10661
1716544500,1434.0,1438.7,1433.45,1437.0,8866
1716781500,1435.0,1448.0,1433.45,1439.0,15298
1716781800,1438.55,1441.5,1437.05,1439.5,10970
1716782100,1439.5,1440.15,1436.95,1437.25,2876
1716782400,1437.25,1437.5,1431.75,1432.0,19846
1716782700,1432.7,1439.65,1432.0,1439.0,7511
1716783000,1439.0,1439.7,1436.1,1438.1,9438
1716783300,1438.1,1439.6,1435.35,1436.9,5660
1716783600,1436.9,1438.2,1432.45,1433.05,5503
1716783900,1433.0,1436.4,1431.8,1435.65,7036
1716784200,1435.65,1438.7,1435.35,1438.35,3527
1716784500,1438.35,1439.9,1437.55,1438.85,2862
1716784800,1438.85,1438.85,1435.7,1436.0,3435
1716785100,1436.0,1436.45,1432.55,1434.3,4012
1716785400,1434.3,1436.9,1433.1,1435.85,1536
1716785700,1436.7,1439.0,1435.6,1439.0,5063
1716786000,1439.0,1439.0,1434.65,1434.7,9171
1716786300,1435.25,1436.95,1433.7,1436.95,2491
1716786600,1436.95,1437.45,1434.8,1435.6,3006
1716786900,1435.6,1438.25,1434.75,1437.9,4884
1716787200,1437.9,1439.2,1437.9,1438.55,2815
1716787500,1438.55,1439.05,1436.35,1438.35,3844
1716787800,1438.6,1439.15,1436.6,1437.5,8470
1716788100,1437.5,1437.7,1436.15,1436.95,3491
1716788400,1436.95,1437.15,1433.55,1434.25,6206
1716788700,1434.25,1435.9,1434.1,1435.25,2976
1716789000,1435.25,1435.95,1434.0,1434.7,4527
1716789300,1434.7,1434.9,1432.95,1434.9,5828
1716789600,1435.0,1435.5,1433.0,1434.05,2650
1716789900,1434.7,1435.8,1433.35,1435.45,1743
1716790200,1435.9,1438.1,1435.15,1436.95,7709
1716790500,1437.95,1438.35,1436.5,1438.0,3227
1716790800,1437.65,1438.8,1436.05,1438.35,2658
1716791100,1438.35,1441.8,1437.85,1439.85,6728
1716791400,1440.7,1440.75,1438.75,1439.0,4678
1716791700,1439.0,1441.95,1439.0,1440.9,4270
1716792000,1440.85,1441.65,1440.25,1441.45,3172
1716792300,1441.45,1441.45,1439.65,1441.45,2199
1716792600,1441.45,1441.45,1439.3,1441.25,5514
1716792900,1440.5,1441.0,1439.1,1440.35,4284
1716793200,1440.35,1441.7,1439.2,1440.75,8934
1716793500,1440.0,1442.0,1439.35,1440.95,6107
1716793800,1441.65,1442.35,1440.0,1441.65,9135
1716794100,1441.7,1443.0,1440.9,1441.9,9947
1716794400,1441.9,1441.95,1438.5,1439.3,7698
1716794700,1439.25,1439.85,1438.0,1438.9,3248
1716795000,1438.9,1438.95,1436.25,1438.05,7495
1716795300,1438.0,1438.55,1437.0,1437.3,3641
1716795600,1437.95,1438.65,1437.1,1437.8,3732
1716795900,1438.5,1439.9,1437.7,1439.55,4305
1716796200,1439.5,1439.65,1437.5,1438.4,3066
1716796500,1438.4,1438.75,1434.3,1436.5,11882
1716796800,1436.55,1437.9,1433.1,1434.95,29655
1716797100,1434.95,1435.8,1433.25,1434.0,15915
1716797400,1434.1,1434.15,1430.15,1431.6,28125
1716797700,1431.6,1432.75,1428.85,1431.35,7864
1716798000,1431.3,1434.25,1429.85,1432.25,310154
1716798300,1432.2,1432.25,1429.9,1430.85,6778
1716798600,1430.85,1432.7,1430.2,1431.75,7896
1716798900,1430.95,1432.0,1429.6,1431.85,236319
1716799200,1432.0,1432.9,1430.5,1431.0,6304
1716799500,1431.0,1434.5,1430.25,1432.95,19374
1716799800,1433.0,1433.85,1431.3,1432.25,8695
1716800100,1432.3,1433.45,1431.7,1433.0,3288
1716800400,1433.45,1433.5,1431.75,1432.55,4955
1716800700,1432.05,1432.6,1427.4,1428.4,49493
1716801000,1428.4,1429.85,1425.55,1427.7,23351
1716801300,1426.95,1427.25,1422.7,1423.5,29109
1716801600,1423.3,1423.3,1413.0,1414.95,92087
1716801900,1414.75,1416.95,1412.5,1412.9,63172
1716802200,1412.5,1413.85,1408.05,1410.0,154901
1716802500,1410.4,1411.55,1407.65,1409.05,59281
1716802800,1409.9,1410.4,1409.0,1409.2,38442
1716803100,1409.5,1410.85,1408.5,1409.05,27972
1716803400,1409.6,1414.5,1409.0,1410.1,97960
1716803700,1410.15,1410.8,1402.15,1407.0,63973
1716867900,1415.0,1417.95,1405.9,1407.1,37783
1716868200,1407.0,1414.8,1406.05,1412.55,21722
1716868500,1412.9,1418.05,1412.65,1415.5,14562
1716868800,1415.5,1416.3,1411.1,1414.85,8436
1716869100,1414.45,1419.85,1414.45,1419.25,11030
1716869400,1419.2,1422.4,1419.0,1421.0,13033
1716869700,1421.6,1423.55,1420.3,1421.7,13409
1716870000,1421.8,1423.3,1419.3,1422.35,13363
1716870300,1421.55,1422.85,1419.95,1422.7,8500
1716870600,1422.7,1424.9,1421.7,1424.85,16186
1716870900,1424.9,1427.65,1424.25,1425.4,12139
1716871200,1425.0,1427.1,1424.05,1426.7,7776
1716871500,1426.85,1426.85,1420.0,1420.45,21700
1716871800,1419.9,1421.0,1417.95,1421.0,15932
1716872100,1421.55,1424.9,1421.0,1421.0,5286
1716872400,1421.05,1421.05,1418.3,1418.6,5293
1716872700,1418.6,1422.85,1418.5,1422.5,7620
1716873000,1422.4,1429.6,1422.0,1428.0,20923
1716873300,1427.95,1429.4,1427.3,1428.0,16285
1716873600,1427.95,1431.95,1427.7,1431.05,24031
1716873900,1431.85,1432.55,1429.45,1429.45,15171
1716874200,1429.45,1429.8,1427.0,1428.65,14488
1716874500,1428.65,1430.95,1427.05,1429.15,13241
1716874800,1429.15,1431.3,1428.5,1430.2,11208
1716875100,1430.4,1430.45,1427.0,1428.45,10385
1716875400,1428.45,1429.8,1426.5,1428.05,8800
1716875700,1427.95,1428.9,1427.0,1428.9,7716
1716876000,1428.9,1430.1,1428.45,1430.1,8401
1716876300,1430.1,1431.9,1430.05,1430.1,6325
1716876600,1430.65,1431.5,1430.1,1431.35,5861
1716876900,1431.35,1431.5,1429.0,1429.65,4508
1716877200,1429.4,1431.0,1428.35,1430.85,6088
1716877500,1430.85,1431.0,1429.2,1429.85,5424
1716877800,1429.85,1431.7,1429.35,1431.2,10282
1716878100,1431.25,1431.25,1429.9,1431.0,10670
1716878400,1430.95,1432.45,1430.8,1432.45,8429
1716878700,1432.45,1434.6,1432.25,1434.25,20919
1716879000,1434.25,1437.0,1433.7,1436.5,23742
1716879300,1436.5,1436.9,1433.85,1434.6,17959
1716879600,1434.6,1434.65,1431.15,1431.9,9621
1716879900,1431.9,1434.35,1430.95,1433.8,16023
1716880200,1433.1,1433.8,1431.15,1433.6,15323
1716880500,1433.15,1434.7,1433.15,1434.05,9411
1716880800,1434.15,1437.2,1434.05,1435.9,14130
1716881100,1435.9,1435.9,1433.0,1434.9,12909
1716881400,1434.9,1436.0,1434.0,1435.7,6483
1716881700,1435.7,1436.1,1434.65,1435.1,5876
1716882000,1435.0,1435.0,1432.8,1434.1,9936
1716882300,1434.1,1435.9,1433.35,1435.8,10622
1716882600,1435.8,1435.8,1433.85,1434.3,2552
1716882900,1434.05,1436.4,1433.7,1434.65,12451
1716883200,1434.65,1434.95,1433.5,1434.55,3746
1716883500,1434.85,1437.4,1434.75,1437.15,12808
1716883800,1437.15,1439.85,1435.9,1438.95,16598
1716884100,1438.35,1439.8,1437.5,1438.45,11813
1716884400,1438.0,1440.8,1437.85,1440.7,15687
1716884700,1440.75,1440.75,1437.5,1437.9,7872
1716885000,1437.85,1439.05,1436.55,1436.65,12741
1716885300,1436.6,1436.65,1434.5,1435.25,15619
1716885600,1434.05,1435.65,1433.55,1434.0,16591
1716885900,1434.05,1435.5,1432.25,1434.5,106750
1716886200,1434.0,1437.65,1434.0,1436.7,75990
1716886500,1436.7,1436.85,1435.0,1436.85,4556
1716886800,1436.85,1438.7,1436.65,1438.15,11144
1716887100,1438.35,1440.5,1437.0,1440.35,13676
1716887400,1439.9,1444.4,1439.8,1443.0,20577
1716887700,1443.0,1446.9,1443.0,1445.65,29775
1716888000,1445.0,1449.35,1445.0,1449.35,38275
1716888300,1449.5,1451.0,1447.0,1450.95,41822
1716888600,1450.45,1452.25,1449.05,1451.45,109160
1716888900,1451.0,1451.3,1448.35,1449.85,88686
1716889200,1449.95,1451.2,1448.35,1450.2,71563
1716889500,1450.2,1454.4,1449.3,1452.05,123672
1716889800,1452.1,1452.7,1449.0,1450.35,75236
1716890100,1450.45,1455.0,1448.95,1452.0,45619
1716954300,1448.0,1449.45,1428.65,1429.0,106850
1716954600,1429.0,1429.4,1423.3,1426.55,46836
1716954900,1426.6,1426.6,1421.7,1425.85,42263
1716955200,1425.65,1428.65,1424.75,1428.5,29201
1716955500,1428.5,1429.95,1426.25,1426.5,19064
1716955800,1426.4,1426.9,1424.0,1424.2,21890
1716956100,1424.2,1425.0,1423.45,1424.35,12480
1716956400,1423.7,1426.85,1423.55,1426.0,15045
1716956700,1426.0,1426.5,1425.0,1426.0,10449
1716957000,1425.65,1427.85,1424.95,1425.15,26497
1716957300,1425.2,1425.4,1420.0,1420.0,20552
1716957600,1420.0,1421.4,1419.05,1421.2,19751
1716957900,1420.8,1420.8,1417.8,1418.0,34017
1716958200,1418.0,1419.75,1416.85,1417.0,21515
1716958500,1417.4,1419.25,1416.65,1418.9,11087
1716958800,1418.95,1419.35,1417.4,1417.75,7759
1716959100,1418.3,1419.65,1417.75,1418.95,6308
1716959400,1418.95,1418.95,1417.55,1418.0,8910
1716959700,1418.0,1422.0,1417.5,1419.1,13265
1716960000,1419.85,1420.1,1417.25,1418.05,10921
1716960300,1418.7,1419.8,1418.0,1418.0,3881
1716960600,1418.6,1419.25,1417.0,1417.05,9910
1716960900,1417.0,1418.2,1415.55,1416.65,16038
1716961200,1416.25,1417.45,1416.0,1417.05,13328
1716961500,1417.05,1417.95,1416.85,1417.0,11444
1716961800,1417.0,1417.5,1416.45,1417.2,10033
1716962100,1417.0,1417.2,1415.6,1415.6,7016
1716962400,1416.15,1416.4,1413.0,1413.05,71815
1716962700,1413.05,1413.65,1412.05,1412.4,60440
1716963000,1412.5,1412.8,1410.4,1410.85,14133
1716963300,1410.8,1412.0,1410.8,1411.8,8199
1716963600,1412.0,1412.4,1411.5,1411.7,12498
1716963900,1412.3,1413.2,1411.6,1412.25,9357
1716964200,1412.65,1412.65,1408.5,1409.0,76039
1716964500,1409.0,1409.35,1408.5,1408.5,16642
1716964800,1408.8,1409.35,1408.0,1408.15,17107
1716965100,1408.15,1408.75,1406.6,1407.3,33929
1716965400,1407.95,1409.4,1407.3,1408.95,18930
1716965700,1408.9,1411.7,1408.25,1411.5,21173
1716966000,1411.2,1413.95,1410.5,1413.85,54121
1716966300,1413.95,1414.4,1413.55,1413.95,19039
1716966600,1413.95,1416.0,1413.75,1415.5,18722
1716966900,1415.65,1417.4,1415.2,1416.0,33559
1716967200,1416.0,1416.0,1411.35,1411.5,19538
1716967500,1411.5,1412.0,1409.0,1409.5,19259
1716967800,1409.5,1412.2,1407.0,1412.2,25958
1716968100,1412.2,1413.55,1410.65,1412.65,8938
1716968400,1413.25,1413.4,1411.0,1412.95,10938
1716968700,1412.6,1415.0,1411.2,1414.95,12815
1716969000,1414.95,1414.95,1412.7,1413.55,4743
1716969300,1413.55,1413.75,1412.35,1413.75,7064
1716969600,1413.75,1415.65,1412.4,1415.15,11955
1716969900,1415.15,1415.3,1411.55,1411.8,7986
1716970200,1412.0,1414.0,1411.6,1412.65,5325
1716970500,1412.75,1413.2,1412.1,1412.8,3534
1716970800,1412.8,1413.4,1412.4,1412.9,3706
1716971100,1413.3,1414.65,1412.55,1414.0,4851
1716971400,1413.6,1414.0,1412.15,1412.15,3389
1716971700,1412.15,1413.45,1412.15,1413.45,3058
1716972000,1413.45,1414.5,1412.95,1414.2,4265
1716972300,1414.4,1415.95,1413.6,1414.0,6551
1716972600,1414.1,1414.9,1413.85,1414.5,4069
1716972900,1414.5,1415.55,1413.4,1415.45,7888
1716973200,1415.25,1415.45,1414.0,1415.05,8016
1716973500,1414.9,1415.5,1414.7,1415.3,4442
1716973800,1415.3,1415.3,1413.1,1413.6,7353
1716974100,1413.6,1414.0,1411.7,1414.0,15240
1716974400,1413.9,1414.2,1412.9,1414.0,7066
1716974700,1414.0,1414.0,1412.6,1412.65,8043
1716975000,1412.95,1413.45,1410.3,1412.7,46732
1716975300,1410.95,1413.85,1410.95,1413.2,51682
1716975600,1413.35,1413.45,1412.2,1413.35,35235
1716975900,1412.8,1413.55,1412.1,1413.05,42740
1716976200,1413.05,1414.0,1411.7,1413.0,50796
1716976500,1413.2,1413.8,1412.1,1413.4,22857
1717040700,1418.8,1418.8,1408.35,1412.85,52522
1717041000,1413.3,1414.8,1408.1,1410.5,21872
1717041300,1410.5,1410.5,1402.55,1403.45,23275
1717041600,1403.65,1405.0,1398.25,1398.5,29942
1717041900,1398.4,1402.85,1398.3,1400.5,18000
1717042200,1400.6,1401.2,1399.1,1399.75,7834
1717042500,1399.75,1400.35,1397.1,1397.45,12374
1717042800,1397.9,1400.1,1397.4,1398.9,12024
1717043100,1398.85,1402.45,1398.4,1401.75,11445
1717043400,1401.75,1402.05,1395.1,1396.45,21204
1717043700,1396.1,1397.75,1395.0,1395.25,13274
1717044000,1395.7,1397.6,1394.0,1394.0,14721
1717044300,1393.65,1394.5,1393.0,1394.2,13557
1717044600,1394.2,1397.8,1393.7,1395.3,8783
1717044900,1395.3,1395.85,1391.25,1391.3,25493
1717045200,1391.3,1394.45,1390.5,1393.5,12716
1717045500,1393.5,1398.0,1392.0,1392.0,13221
1717045800,1392.0,1394.7,1392.0,1393.1,4994
1717046100,1393.1,1393.8,1392.0,1392.35,5327
1717046400,1392.5,1395.1,1392.5,1392.5,10472
1717046700,1392.55,1397.45,1392.5,1394.5,9518
1717047000,1395.0,1396.65,1393.5,1396.6,11798
1717047300,1396.7,1397.75,1395.5,1396.5,6348
1717047600,1396.5,1397.95,1395.1,1395.1,9884
1717047900,1395.75,1396.5,1395.1,1395.85,4762
1717048200,1395.85,1396.4,1395.05,1395.1,4349
1717048500,1395.15,1395.55,1393.0,1393.05,10039
1717048800,1393.05,1394.3,1392.0,1392.8,7391
1717049100,1392.8,1394.45,1392.55,1392.7,3209
1717049400,1393.4,1393.4,1385.05,1386.4,29247
1717049700,1386.4,1386.4,1383.0,1384.35,22083
1717050000,1384.35,1385.2,1380.9,1381.1,16453
1717050300,1381.05,1382.7,1381.0,1381.7,11936
1717050600,1381.9,1383.0,1381.0,1381.0,12127
1717050900,1380.9,1382.9,1380.4,1382.2,11194
1717051200,1382.3,1382.95,1381.05,1381.25,8761
1717051500,1381.25,1383.6,1380.7,1383.15,12188
1717051800,1383.6,1383.9,1382.1,1382.4,16326
1717052100,1382.45,1384.0,1381.25,1383.3,11848
1717052400,1383.3,1385.0,1383.05,1383.7,12004
1717052700,1383.85,1383.9,1382.9,1383.6,11001
1717053000,1383.6,1388.5,1383.35,1388.05,19381
1717053300,1388.25,1393.8,1388.15,1392.7,37110
1717053600,1392.7,1395.0,1392.5,1394.5,10342
1717053900,1394.5,1396.0,1393.2,1395.2,12701
1717054200,1395.6,1396.25,1390.6,1391.75,13679
1717054500,1391.7,1392.5,1388.0,1388.8,18140
1717054800,1389.15,1389.9,1384.6,1386.0,41075
1717055100,1386.0,1386.7,1382.7,1383.6,20667
1717055400,1383.6,1384.3,1381.95,1382.4,13466
1717055700,1382.7,1385.95,1382.05,1384.7,27779
1717056000,1385.35,1387.4,1384.35,1386.1,23968
1717056300,1386.1,1386.45,1384.7,1385.9,18258
1717056600,1385.9,1387.4,1385.35,1387.1,13062
1717056900,1387.35,1388.75,1386.9,1387.8,16807
1717057200,1387.7,1389.35,1384.1,1384.2,20139
1717057500,1384.15,1384.95,1382.7,1383.2,17224
1717057800,1383.75,1385.55,1383.05,1385.2,28855
1717058100,1384.5,1385.55,1383.9,1385.5,71385
1717058400,1385.55,1385.55,1384.3,1385.5,72988
1717058700,1385.5,1385.55,1384.1,1385.05,30408
1717059000,1385.05,1385.75,1384.55,1385.5,14753
1717059300,1385.55,1385.55,1379.25,1383.0,137364
1717059600,1383.0,1384.85,1382.65,1384.0,87857
1717059900,1384.0,1385.45,1383.8,1384.0,33179
1717060200,1384.0,1385.25,1381.8,1383.5,48507
1717060500,1383.5,1385.0,1383.05,1384.15,35086
1717060800,1384.85,1385.25,1383.0,1383.5,19938
1717061100,1383.5,1384.6,1371.7,1371.7,75633
1717061400,1373.2,1380.35,1371.0,1380.35,126531
1717061700,1379.7,1380.6,1374.5,1377.4,180696
1717062000,1377.8,1384.75,1377.8,1381.95,74561
1717062300,1382.8,1383.95,1381.45,1383.75,64595
1717062600,1383.8,1387.75,1383.6,1384.75,51322
1717062900,1384.7,1387.0,1382.35,1385.0,44110
1717127100,1393.8,1393.8,1382.15,1387.3,43060
1717127400,1387.3,1389.7,1383.0,1383.9,16077
1717127700,1383.9,1387.65,1382.55,1383.0,32978
1717128000,1383.85,1384.6,1381.0,1383.85,10781
1717128300,1383.85,1384.55,1383.05,1384.0,2799
1717128600,1383.5,1385.0,1381.6,1382.0,8744
1717128900,1382.0,1382.7,1378.05,1380.2,10038
1717129200,1380.8,1381.45,1378.0,1378.0,5108
1717129500,1378.1,1380.35,1377.0,1378.1,4776
1717129800,1378.6,1378.95,1376.95,1376.95,3172
1717130100,1376.45,1376.75,1373.45,1375.8,15281
1717130400,1375.65,1376.6,1375.0,1375.35,4872
1717130700,1375.0,1376.65,1373.7,1376.45,5085
1717131000,1376.4,1376.95,1375.0,1375.9,6138
1717131300,1376.95,1379.9,1375.85,1378.9,5164
1717131600,1378.9,1380.75,1378.85,1380.75,4286
1717131900,1380.2,1381.9,1379.9,1380.0,5123
1717132200,1380.0,1382.0,1378.0,1378.15,42614
1717132500,1378.2,1379.05,1372.6,1373.7,17890
1717132800,1373.95,1374.95,1373.05,1374.95,2751
1717133100,1374.65,1376.8,1373.55,1375.6,8005
1717133400,1375.6,1378.0,1375.6,1377.3,6321
1717133700,1376.85,1378.3,1376.6,1377.5,7640
1717134000,1377.3,1380.0,1377.05,1379.2,9332
1717134300,1379.95,1380.0,1377.3,1378.3,7145
1717134600,1378.3,1380.0,1377.1,1379.55,6546
1717134900,1379.55,1380.1,1378.3,1379.0,20598
1717135200,1378.95,1380.65,1378.05,1379.6,7085
1717135500,1379.25,1382.0,1379.25,1381.35,13371
1717135800,1380.8,1382.6,1380.8,1381.8,15901
1717136100,1381.85,1384.5,1381.7,1384.5,10282
1717136400,1384.5,1384.7,1381.4,1381.65,3824
1717136700,1381.65,1382.55,1380.0,1380.95,3712
1717137000,1380.95,1383.5,1380.0,1382.8,7344
1717137300,1383.7,1385.4,1383.25,1384.95,42457
1717137600,1384.75,1387.45,1384.65,1386.8,5156
1717137900,1387.15,1389.5,1386.8,1388.4,23733
1717138200,1388.55,1389.95,1387.9,1388.95,12048
1717138500,1389.0,1393.5,1388.95,1392.45,10113
1717138800,1392.5,1395.4,1391.9,1395.25,14993
1717139100,1395.3,1395.4,1391.95,1394.5,22969
1717139400,1394.55,1395.75,1393.3,1395.05,8122
1717139700,1395.1,1396.95,1394.75,1395.7,7017
1717140000,1395.75,1397.5,1395.7,1396.25,8053
1717140300,1396.45,1396.45,1394.1,1395.05,9184
1717140600,1394.75,1396.6,1394.65,1396.15,9501
1717140900,1396.15,1396.9,1394.25,1394.8,6515
1717141200,1394.55,1396.9,1394.4,1395.3,12896
1717141500,1395.0,1395.3,1393.65,1395.05,6912
1717141800,1395.0,1397.45,1394.85,1397.45,6741
1717142100,1397.45,1397.5,1395.2,1397.0,5917
1717142400,1397.0,1397.3,1394.5,1395.6,8368
1717142700,1396.05,1396.85,1394.7,1396.5,7666
1717143000,1396.55,1398.15,1396.1,1397.4,8492
1717143300,1397.25,1400.0,1396.85,1398.6,5978
1717143600,1398.55,1401.15,1398.25,1399.3,16250
1717143900,1398.3,1400.75,1398.3,1400.0,8000
1717144200,1400.0,1401.0,1400.0,1400.8,8649
1717144500,1401.0,1401.0,1396.5,1399.0,15226
1717144800,1399.2,1399.9,1397.35,1398.05,8340
1717145100,1398.0,1398.75,1394.3,1395.05,16301
1717145400,1395.15,1397.85,1394.3,1395.2,19770
1717145700,1395.15,1395.2,1391.05,1391.55,28804
1717146000,1392.05,1393.15,1390.0,1390.95,50548
1717146300,1390.95,1391.3,1387.05,1389.25,43054
1717146600,1390.15,1390.3,1385.2,1388.35,47943
1717146900,1388.35,1392.55,1388.15,1391.1,44968
1717147200,1391.15,1396.4,1390.05,1396.2,57572
1717147500,1396.1,1397.45,1394.85,1395.85,12252
1717147800,1395.85,1395.85,1387.75,1388.75,269807
1717148100,1388.75,1392.95,1383.8,1390.65,314327
1717148400,1390.05,1392.9,1382.6,1382.6,242959
1717148700,1382.6,1386.55,1382.25,1384.2,260672
1717149000,1384.45,1385.95,1379.2,1380.65,267222
1717149300,1380.65,1389.0,1376.05,1388.9,209578
1717386300,1435.3,1436.4,1404.3,1410.1,65020
1717386600,1410.1,1412.9,1405.55,1410.5,32389
1717386900,1410.5,1412.45,1405.75,1406.7,11554
1717387200,1406.95,1407.65,1400.0,1400.15,9219
1717387500,1400.25,1407.9,1399.8,1401.55,20719
1717387800,1402.0,1403.9,1400.6,1401.0,9648
1717388100,1401.2,1401.2,1396.75,1397.3,12616
1717388400,1397.65,1402.9,1394.35,1401.55,14173
1717388700,1401.55,1402.75,1400.35,1402.1,5818
1717389000,1402.1,1404.35,1400.0,1400.5,10065
1717389300,1400.5,1402.0,1399.45,1402.0,6453
1717389600,1402.0,1402.0,1399.9,1400.8,12930
1717389900,1400.8,1402.4,1399.55,1401.1,8875
1717390200,1401.1,1402.6,1398.85,1402.1,17041
1717390500,1402.1,1406.4,1400.85,1405.75,16265
1717390800,1405.35,1408.0,1403.6,1406.7,14807
1717391100,1406.7,1406.8,1402.25,1404.35,14528
1717391400,1404.35,1406.95,1404.25,1405.55,14354
1717391700,1405.55,1405.85,1401.8,1405.25,13509
1717392000,1405.25,1405.5,1403.4,1405.0,6259
1717392300,1404.95,1405.7,1404.55,1405.6,6147
1717392600,1405.6,1407.0,1403.75,1405.0,8085
1717392900,1405.25,1406.25,1404.8,1405.95,4478
1717393200,1405.95,1406.05,1404.75,1405.15,3465
1717393500,1405.0,1405.0,1401.0,1401.0,5200
1717393800,1401.25,1402.75,1399.8,1400.75,5939
1717394100,1400.75,1400.95,1399.75,1400.15,3820
1717394400,1400.4,1400.95,1400.0,1400.15,3730
1717394700,1400.15,1400.75,1400.0,1400.25,3685
1717395000,1400.25,1401.45,1399.35,1400.0,6392
1717395300,1400.0,1402.1,1399.8,1400.0,6513
1717395600,1400.0,1403.55,1399.6,1403.2,7119
1717395900,1403.6,1403.7,1399.8,1400.0,6587
1717396200,1400.05,1400.9,1399.5,1399.55,6159
1717396500,1399.3,1399.85,1395.6,1398.1,12723
1717396800,1398.15,1399.3,1395.55,1395.9,9368
1717397100,1395.85,1395.85,1393.35,1393.4,10324
1717397400,1393.4,1396.1,1393.4,1395.2,9691
1717397700,1394.7,1394.9,1393.4,1393.85,7955
1717398000,1393.6,1395.4,1393.15,1395.0,6374
1717398300,1394.9,1394.95,1391.45,1391.45,9059
1717398600,1391.5,1392.0,1390.15,1390.7,6767
1717398900,1390.7,1391.45,1388.55,1390.15,9002
1717399200,1390.4,1391.65,1389.8,1391.0,6385
1717399500,1391.05,1392.25,1390.6,1392.1,7376
1717399800,1392.1,1392.9,1391.1,1391.15,7545
1717400100,1391.35,1392.95,1390.15,1391.25,7597
1717400400,1390.65,1391.65,1390.0,1390.35,9011
1717400700,1390.35,1391.75,1390.1,1391.25,6345
1717401000,1391.0,1392.95,1390.35,1390.8,6087
1717401300,1390.8,1392.05,1390.55,1390.9,5582
1717401600,1390.85,1391.3,1390.0,1390.1,5491
1717401900,1390.1,1391.45,1390.0,1390.6,7044
1717402200,1390.6,1390.6,1387.35,1389.1,11506
1717402500,1389.0,1391.55,1388.0,1390.9,8363
1717402800,1390.85,1391.0,1389.8,1390.25,6896
1717403100,1390.3,1395.0,1390.2,1395.0,8925
1717403400,1395.0,1396.45,1394.4,1396.3,13465
1717403700,1396.45,1397.95,1393.5,1396.5,16332
1717404000,1396.5,1396.7,1392.05,1393.65,8247
1717404300,1393.65,1394.65,1392.55,1393.35,7013
1717404600,1393.35,1393.6,1390.8,1391.55,11111
1717404900,1391.4,1392.05,1389.15,1390.05,17391
1717405200,1389.95,1391.2,1389.8,1390.25,5715
1717405500,1390.6,1393.65,1390.25,1392.6,8517
1717405800,1393.0,1394.35,1391.85,1393.4,8064
1717406100,1393.2,1393.95,1391.7,1392.35,8812
1717406400,1392.35,1395.0,1391.05,1392.95,11296
1717406700,1392.95,1393.6,1392.0,1392.35,6135
1717407000,1392.3,1392.35,1388.55,1389.75,20829
1717407300,1389.75,1393.95,1389.0,1393.65,30287
1717407600,1393.65,1394.0,1390.4,1393.45,37061
1717407900,1393.45,1398.0,1393.45,1394.6,28697
1717408200,1394.6,1394.6,1388.0,1389.2,37536
1717408500,1389.2,1392.85,1388.7,1390.7,15091
1717472700,1398.15,1400.0,1357.1,1386.2,175295
1717473000,1385.65,1386.85,1360.0,1367.55,162787
1717473300,1367.5,1372.35,1355.05,1355.05,90562
1717473600,1354.65,1385.0,1352.05,1376.2,73323
1717473900,1376.4,1389.35,1365.55,1386.45,89412
1717474200,1386.65,1387.9,1374.4,1381.1,28892
1717474500,1381.1,1388.0,1379.05,1387.75,17936
1717474800,1387.8,1388.05,1379.0,1382.1,10693
1717475100,1382.6,1400.95,1382.5,1386.55,30777
1717475400,1387.15,1395.55,1380.0,1394.15,20502
1717475700,1393.5,1399.5,1391.4,1399.1,19843
1717476000,1398.95,1401.5,1397.55,1401.3,24869
1717476300,1401.3,1402.7,1395.05,1397.7,33250
1717476600,1396.2,1398.6,1380.05,1398.55,57276
1717476900,1397.75,1397.75,1382.05,1385.3,15237
1717477200,1385.0,1390.65,1381.95,1385.05,10005
1717477500,1385.9,1391.4,1383.45,1386.75,12507
1717477800,1385.6,1388.5,1372.8,1374.9,24446
1717478100,1374.4,1380.75,1371.4,1378.95,29852
1717478400,1378.5,1380.95,1370.5,1371.85,8644
1717478700,1371.85,1372.7,1360.0,1363.8,37484
1717479000,1363.7,1365.0,1359.25,1361.3,5750
1717479300,1361.3,1361.3,1347.85,1360.7,25488
1717479600,1359.75,1365.0,1352.05,1355.2,17410
1717479900,1354.95,1364.95,1353.25,1363.4,10098
1717480200,1364.0,1374.0,1357.6,1371.15,30200
1717480500,1372.15,1373.45,1358.9,1369.75,21671
1717480800,1369.6,1373.5,1360.7,1371.1,19416
1717481100,1372.0,1377.15,1365.1,1369.65,20095
1717481400,1369.45,1371.05,1356.05,1356.5,21639
1717481700,1356.5,1369.0,1356.5,1363.95,12918
1717482000,1364.35,1368.95,1361.9,1367.75,14623
1717482300,1367.8,1368.5,1350.1,1350.1,21459
1717482600,1350.0,1350.9,1329.75,1334.4,39705
1717482900,1334.65,1334.95,1326.0,1332.7,14381
1717483200,1331.7,1338.0,1312.95,1329.9,19972
1717483500,1329.9,1340.0,1329.65,1334.85,10075
1717483800,1334.8,1336.8,1316.3,1316.45,15556
1717484100,1318.5,1321.1,1307.7,1310.35,32153
1717484400,1311.85,1346.55,1310.95,1343.65,18273
1717484700,1343.7,1351.8,1325.0,1326.6,22303
1717485000,1326.55,1351.55,1326.4,1344.3,17121
1717485300,1344.3,1351.0,1339.65,1348.2,20645
1717485600,1346.85,1351.8,1336.95,1350.95,29295
1717485900,1349.8,1352.6,1340.3,1342.95,23715
1717486200,1342.8,1349.8,1334.0,1342.7,27452
1717486500,1342.9,1348.0,1332.4,1334.0,29830
1717486800,1332.7,1344.25,1330.4,1343.65,33805
1717487100,1342.35,1344.95,1336.25,1341.15,53472
1717487400,1342.1,1350.45,1339.75,1345.9,57274
1717487700,1346.85,1350.45,1331.5,1336.05,43457
1717488000,1334.4,1336.2,1311.0,1328.65,65597
1717488300,1329.25,1339.0,1322.45,1338.05,80466
1717488600,1339.3,1349.5,1336.55,1348.6,64852
1717488900,1348.85,1350.8,1345.45,1350.3,59771
1717489200,1350.3,1379.6,1347.35,1374.75,104306
1717489500,1374.85,1374.85,1350.7,1352.95,64599
1717489800,1353.7,1353.7,1336.1,1338.75,53144
1717490100,1338.75,1349.8,1331.35,1348.2,49378
1717490400,1348.05,1352.35,1339.75,1351.75,34451
1717490700,1351.25,1351.6,1345.1,1350.45,33861
1717491000,1350.45,1351.25,1342.4,1348.45,32975
1717491300,1348.05,1349.25,1341.7,1343.05,35475
1717491600,1343.1,1355.0,1343.1,1348.85,52036
1717491900,1349.75,1357.55,1343.6,1356.3,97760
1717492200,1356.4,1361.4,1342.05,1348.1,61332
1717492500,1347.3,1348.9,1338.05,1343.45,36484
1717492800,1343.65,1347.75,1332.55,1337.1,36878
1717493100,1337.85,1345.75,1331.7,1341.45,53974
1717493400,1341.45,1345.0,1325.25,1330.5,111909
1717493700,1330.5,1345.6,1328.5,1345.6,96520
1717494000,1345.6,1349.8,1340.15,1344.45,102431
1717494300,1344.45,1349.8,1332.55,1337.95,128175
1717494600,1337.95,1341.3,1333.1,1336.55,66168
1717494900,1336.65,1341.05,1331.75,1332.55,51656
1717559100,1341.0,1356.6,1333.15,1344.2,64021
1717559400,1344.3,1351.2,1343.25,1344.4,15660
1717559700,1344.4,1354.8,1340.45,1353.35,21174
1717560000,1353.35,1357.85,1347.05,1348.85,17371
1717560300,1348.85,1353.7,1344.0,1345.0,8415
1717560600,1345.0,1352.3,1344.85,1346.3,21960
1717560900,1346.3,1346.85,1337.2,1337.3,33955
1717561200,1337.5,1339.65,1330.7,1334.5,21714
1717561500,1334.65,1342.55,1334.65,1342.55,14237
1717561800,1342.05,1355.5,1341.4,1355.15,10103
1717562100,1354.75,1359.9,1353.55,1358.4,10444
1717562400,1358.45,1372.6,1358.45,1371.45,28513
1717562700,1371.45,1371.45,1367.0,1370.3,6264
1717563000,1369.8,1370.65,1364.1,1364.1,13334
1717563300,1364.1,1366.2,1361.05,1362.85,13135
1717563600,1362.85,1368.4,1361.6,1366.95,9603
1717563900,1366.9,1367.8,1363.6,1365.35,4845
1717564200,1364.95,1368.55,1364.8,1367.55,4777
1717564500,1367.6,1373.95,1366.8,1372.5,12480
1717564800,1372.25,1374.75,1372.0,1373.15,2675
1717565100,1373.15,1377.0,1371.5,1374.25,12544
1717565400,1374.7,1378.6,1372.5,1376.8,13063
1717565700,1376.7,1377.5,1374.0,1375.4,3984
1717566000,1375.4,1379.85,1374.0,1376.9,5630
1717566300,1376.95,1378.05,1374.0,1376.75,6798
1717566600,1376.6,1378.0,1374.0,1375.65,4027
1717566900,1375.4,1378.2,1375.2,1377.35,3292
1717567200,1378.2,1379.0,1372.6,1374.85,5398
1717567500,1374.55,1378.4,1372.5,1374.45,5949
1717567800,1374.5,1378.15,1374.5,1377.05,3810
1717568100,1376.85,1376.9,1372.5,1372.65,4108
1717568400,1372.6,1376.55,1372.55,1374.35,5809
1717568700,1374.35,1378.95,1372.6,1378.45,8675
1717569000,1379.15,1383.5,1377.4,1382.65,19475
1717569300,1382.65,1387.45,1381.85,1383.75,11624
1717569600,1384.65,1385.6,1381.95,1385.55,9779
1717569900,1385.4,1389.5,1384.35,1389.5,10039
1717570200,1389.5,1389.7,1386.95,1387.4,10170
1717570500,1387.4,1388.95,1384.55,1385.0,8136
1717570800,1384.55,1385.2,1380.2,1380.3,9295
1717571100,1380.3,1382.05,1376.15,1377.85,13419
1717571400,1377.9,1378.9,1373.8,1375.05,11578
1717571700,1374.95,1377.15,1372.2,1372.55,14044
1717572000,1372.55,1379.45,1371.3,1378.3,11656
1717572300,1378.3,1380.2,1374.6,1376.85,10093
1717572600,1376.9,1381.45,1376.5,1380.05,8966
1717572900,1380.3,1386.6,1379.75,1385.85,7967
1717573200,1385.85,1387.15,1383.8,1384.15,11328
1717573500,1384.15,1386.6,1382.1,1386.1,7901
1717573800,1385.6,1387.0,1383.5,1383.5,13315
1717574100,1384.15,1386.2,1383.4,1385.0,8037
1717574400,1385.9,1387.95,1378.4,1379.85,66741
1717574700,1379.9,1381.6,1378.05,1380.0,16399
1717575000,1379.7,1380.0,1367.65,1373.7,55303
1717575300,1374.1,1375.05,1372.0,1373.85,7820
1717575600,1373.3,1374.8,1372.3,1373.95,10598
1717575900,1373.95,1378.7,1373.55,1378.6,8222
1717576200,1378.6,1384.35,1378.6,1383.0,8351
1717576500,1383.0,1385.2,1381.4,1383.8,12812
1717576800,1384.55,1385.35,1378.65,1381.55,41768
1717577100,1381.55,1386.1,1379.0,1383.8,22290
1717577400,1383.85,1392.0,1383.35,1390.2,15281
1717577700,1390.2,1394.0,1390.15,1390.9,13750
1717578000,1390.9,1391.95,1387.55,1390.95,15745
1717578300,1390.95,1393.0,1389.5,1391.9,22625
1717578600,1391.9,1393.0,1389.1,1390.4,19184
1717578900,1391.45,1393.0,1389.7,1392.1,12509
1717579200,1391.85,1392.9,1388.35,1388.65,16372
1717579500,1389.35,1392.0,1388.6,1392.0,9730
1717579800,1391.45,1395.0,1391.45,1393.25,30111
1717580100,1392.95,1396.2,1392.3,1394.45,29642
1717580400,1394.0,1395.6,1391.8,1392.85,31185
1717580700,1391.95,1393.4,1388.6,1392.1,42278
1717581000,1392.05,1392.05,1384.6,1385.0,49241
1717581300,1385.0,1391.6,1383.65,1385.0,65560
1717645500,1390.1,1399.95,1380.25,1397.45,123722
1717645800,1397.45,1402.35,1392.05,1398.75,48320
1717646100,1397.95,1412.15,1395.0,1408.4,39795
1717646400,1408.2,1417.85,1405.95,1416.75,20582
1717646700,1416.85,1419.5,1413.25,1419.0,26366
1717647000,1419.05,1425.3,1417.05,1421.7,26365
1717647300,1422.2,1422.7,1413.55,1416.15,17305
1717647600,1418.3,1423.0,1416.5,1419.45,12748
1717647900,1420.65,1427.0,1420.0,1423.15,21497
1717648200,1423.15,1425.0,1421.05,1422.85,11731
1717648500,1422.9,1424.5,1416.5,1416.8,8892
1717648800,1417.0,1421.1,1415.1,1421.1,21231
1717649100,1421.4,1431.85,1420.55,1427.05,54921
1717649400,1427.9,1430.75,1426.25,1428.25,7674
1717649700,1428.25,1429.65,1425.0,1425.3,6198
1717650000,1425.25,1425.95,1421.5,1423.55,8368
1717650300,1423.55,1427.15,1423.4,1425.7,7163
1717650600,1425.3,1430.9,1425.05,1430.25,15328
1717650900,1430.25,1432.9,1425.85,1427.05,21850
1717651200,1427.05,1428.7,1425.15,1427.4,7304
1717651500,1427.0,1427.5,1425.35,1427.0,5205
1717651800,1427.55,1433.6,1427.55,1432.0,20625
1717652100,1431.7,1435.0,1431.7,1433.3,32057
1717652400,1433.05,1438.75,1429.0,1430.0,82701
1717652700,1430.3,1434.95,1428.25,1433.2,14938
1717653000,1433.2,1435.0,1432.55,1434.1,30577
1717653300,1434.15,1434.55,1430.55,1432.8,13427
1717653600,1433.2,1433.5,1428.0,1428.15,8320
1717653900,1428.6,1428.75,1422.55,1423.65,56213
1717654200,1423.65,1428.65,1423.65,1425.65,11749
1717654500,1425.65,1426.7,1410.2,1411.0,24321
1717654800,1411.0,1417.9,1410.1,1417.9,13283
1717655100,1418.05,1423.95,1417.7,1420.0,12046
1717655400,1421.35,1423.9,1420.5,1420.5,28684
1717655700,1420.5,1425.45,1420.0,1420.3,19666
1717656000,1420.65,1422.75,1418.0,1419.05,17550
1717656300,1419.05,1422.05,1417.85,1420.8,4535
1717656600,1421.35,1422.95,1420.05,1420.15,3033
1717656900,1420.05,1421.7,1417.85,1418.8,3767
1717657200,1418.8,1424.0,1417.85,1423.8,2735
1717657500,1423.65,1423.85,1413.15,1414.1,4799
1717657800,1414.85,1415.0,1412.05,1412.6,5180
1717658100,1412.2,1413.55,1411.1,1412.45,6632
1717658400,1412.3,1414.2,1411.15,1411.15,5108
1717658700,1411.2,1415.85,1410.05,1415.0,9494
1717659000,1414.95,1415.45,1409.0,1409.9,12427
1717659300,1409.7,1412.6,1409.0,1410.1,12060
1717659600,1410.15,1411.45,1407.15,1409.8,11499
1717659900,1409.3,1415.35,1409.3,1411.35,3793
1717660200,1411.35,1413.55,1410.1,1411.45,2967
1717660500,1410.4,1416.0,1410.25,1414.85,2150
1717660800,1414.85,1416.1,1411.1,1413.05,3041
1717661100,1413.1,1417.4,1413.0,1416.5,2877
1717661400,1416.5,1420.9,1416.3,1420.65,5004
1717661700,1420.6,1420.75,1414.0,1415.3,15003
1717662000,1414.35,1418.6,1413.0,1416.7,11482
1717662300,1417.2,1424.7,1414.25,1421.9,11607
1717662600,1421.7,1424.75,1420.0,1420.1,6304
1717662900,1419.9,1426.35,1417.15,1425.4,36621
1717663200,1425.4,1431.9,1425.05,1426.1,52484
1717663500,1426.55,1431.0,1425.65,1429.55,16269
1717663800,1429.0,1432.0,1429.0,1430.7,18724
1717664100,1430.7,1432.0,1429.35,1430.35,24809
1717664400,1430.35,1433.2,1429.0,1432.9,56876
1717664700,1432.9,1433.0,1430.65,1432.75,62368
1717665000,1432.75,1435.5,1431.0,1435.5,92029
1717665300,1435.4,1439.3,1434.35,1438.75,40148
1717665600,1438.45,1441.95,1438.0,1441.6,150677
1717665900,1441.6,1444.5,1441.15,1442.6,163585
1717666200,1442.75,1444.1,1441.5,1443.75,74614
1717666500,1443.8,1443.85,1441.7,1442.6,99395
1717666800,1442.6,1445.8,1442.2,1443.55,134944
1717667100,1443.55,1444.25,1442.0,1442.1,55339
1717667400,1442.35,1442.85,1439.5,1441.3,67290
1717667700,1441.55,1442.3,1436.65,1438.45,36575
1717731900,1435.1,1440.0,1429.9,1433.3,22785
1717732200,1433.3,1437.5,1430.15,1434.35,22690
1717732500,1434.35,1434.35,1428.0,1429.85,29569
1717732800,1429.8,1429.8,1426.25,1428.1,23063
1717733100,1428.1,1428.4,1424.1,1425.75,23373
1717733400,1425.25,1426.1,1424.05,1425.85,11604
1717733700,1425.7,1425.8,1423.05,1423.85,16783
1717734000,1423.85,1423.95,1421.5,1423.45,16050
1717734300,1423.5,1424.95,1422.2,1422.6,16758
1717734600,1423.4,1424.4,1421.0,1424.4,12638
1717734900,1424.0,1424.5,1421.0,1422.2,18988
1717735200,1421.8,1424.0,1420.6,1423.95,18346
1717735500,1423.95,1425.7,1421.7,1424.1,16059
1717735800,1424.1,1425.8,1423.0,1425.8,8773
1717736100,1425.25,1428.35,1425.0,1425.85,18735
1717736400,1426.1,1426.6,1425.15,1426.6,3175
1717736700,1426.6,1429.8,1425.95,1428.0,10617
1717737000,1428.0,1428.8,1426.05,1426.6,6195
1717737300,1426.6,1427.75,1425.0,1425.5,26827
1717737600,1425.4,1428.5,1425.0,1427.95,11456
1717737900,1427.95,1429.95,1427.85,1429.0,8044
1717738200,1428.9,1430.95,1428.9,1430.0,27770
1717738500,1430.05,1430.2,1426.8,1428.15,17021
1717738800,1428.0,1429.15,1427.65,1428.9,5170
1717739100,1428.9,1428.9,1427.1,1428.15,9072
1717739400,1428.15,1428.5,1427.35,1428.0,7600
1717739700,1428.2,1428.8,1425.0,1425.6,24588
1717740000,1425.6,1425.9,1425.0,1425.9,5359
1717740300,1425.9,1426.7,1425.0,1426.55,5221
1717740600,1426.55,1426.7,1425.0,1426.0,4088
1717740900,1426.0,1426.4,1423.0,1423.6,20566
1717741200,1423.6,1426.4,1423.45,1426.25,10696
1717741500,1426.25,1426.4,1424.05,1424.3,16344
1717741800,1424.85,1425.45,1424.0,1424.95,6173
1717742100,1424.45,1425.3,1424.0,1425.1,8695
1717742400,1425.1,1425.25,1423.0,1423.95,11936
1717742700,1423.5,1424.25,1422.4,1422.9,7419
1717743000,1422.9,1423.95,1422.2,1423.1,7203
1717743300,1423.1,1423.15,1420.0,1422.5,20389
1717743600,1423.0,1424.8,1423.0,1424.25,13264
1717743900,1424.25,1424.25,1421.45,1422.5,6649
1717744200,1422.5,1424.25,1421.85,1424.25,7696
1717744500,1424.25,1425.0,1423.25,1424.7,7489
1717744800,1425.0,1425.05,1424.0,1424.6,5687
1717745100,1424.6,1424.7,1423.0,1423.6,6300
1717745400,1423.6,1423.8,1421.0,1421.7,10150
1717745700,1422.0,1423.4,1421.2,1421.5,6384
1717746000,1421.5,1422.5,1421.1,1422.5,5535
1717746300,1422.35,1423.35,1421.5,1422.6,6077
1717746600,1422.35,1423.55,1422.0,1422.8,6362
1717746900,1423.15,1423.35,1421.55,1422.45,8317
1717747200,1422.45,1422.45,1421.1,1422.05,6067
1717747500,1421.8,1423.0,1421.0,1421.0,11001
1717747800,1421.05,1422.5,1420.05,1420.7,28111
1717748100,1420.85,1421.9,1420.7,1420.95,24308
1717748400,1421.0,1422.8,1420.7,1420.95,26908
1717748700,1420.95,1421.15,1420.7,1421.0,33503
1717749000,1421.0,1421.9,1420.4,1421.0,22504
1717749300,1420.95,1422.6,1420.55,1421.75,31676
1717749600,1421.75,1422.0,1421.0,1421.05,18264
1717749900,1421.05,1422.0,1420.55,1421.9,33838
1717750200,1421.9,1421.95,1420.05,1420.4,31254
1717750500,1420.3,1422.0,1420.0,1422.0,19669
1717750800,1422.0,1423.9,1421.9,1423.4,26407
1717751100,1423.55,1423.65,1422.8,1423.0,12290
1717751400,1422.85,1423.5,1422.75,1423.45,12083
1717751700,1423.45,1424.9,1423.1,1424.0,17769
1717752000,1424.45,1424.6,1423.5,1423.55,11970
1717752300,1423.5,1425.9,1423.5,1425.85,28648
1717752600,1425.9,1426.95,1425.0,1426.0,41679
1717752900,1425.85,1426.85,1425.45,1425.8,30411
1717753200,1425.85,1426.4,1425.0,1425.1,41574
1717753500,1425.05,1426.0,1425.0,1425.7,38284
1717753800,1425.8,1426.95,1425.0,1426.5,49572
1717754100,1426.1,1427.95,1426.0,1427.0,33766
1717991100,1436.85,1436.85,1426.0,1428.15,35321
1717991400,1428.0,1430.0,1425.0,1426.3,21417
1717991700,1427.0,1431.0,1425.9,1428.9,25670
1717992000,1428.9,1428.9,1425.5,1425.75,15916
1717992300,1425.75,1427.95,1420.0,1424.45,20425
1717992600,1424.45,1428.9,1424.25,1427.8,12570
1717992900,1428.0,1428.0,1423.55,1424.8,12325
1717993200,1424.85,1426.65,1422.25,1426.65,9623
1717993500,1425.8,1427.7,1423.75,1425.35,12096
1717993800,1425.1,1427.0,1422.0,1424.6,9287
1717994100,1424.25,1426.35,1423.55,1425.9,9283
1717994400,1425.9,1427.0,1425.35,1425.75,9042
1717994700,1426.0,1428.5,1425.7,1428.0,14381
1717995000,1427.65,1430.0,1427.4,1429.1,12693
1717995300,1429.1,1430.9,1428.35,1430.9,6859
1717995600,1430.55,1432.7,1429.55,1431.8,12204
1717995900,1431.35,1431.45,1426.75,1429.75,10110
1717996200,1430.35,1432.65,1429.75,1430.85,12459
1717996500,1430.85,1434.15,1430.45,1433.7,361582
1717996800,1433.7,1434.5,1426.35,1430.7,25881
1717997100,1430.95,1432.7,1428.0,1429.3,12844
1717997400,1428.85,1431.0,1428.85,1430.7,11248
1717997700,1430.8,1430.85,1422.0,1422.5,96149
1717998000,1422.5,1425.0,1422.1,1425.0,14482
1717998300,1425.0,1425.0,1423.55,1423.55,13271
1717998600,1423.55,1423.55,1418.35,1420.0,50936
1717998900,1420.0,1423.15,1418.65,1422.7,42597
1717999200,1423.0,1423.6,1420.8,1421.65,6112
1717999500,1421.65,1422.95,1421.1,1422.6,5814
1717999800,1422.6,1424.85,1421.2,1424.75,7199
1718000100,1424.25,1425.5,1423.05,1425.45,9829
1718000400,1425.45,1426.35,1424.05,1425.35,8108
1718000700,1425.35,1426.15,1424.5,1426.0,7484
1718001000,1426.0,1427.3,1425.95,1426.8,10041
1718001300,1426.85,1427.8,1425.05,1425.35,7458
1718001600,1425.45,1427.15,1424.3,1425.45,8651
1718001900,1425.5,1426.9,1424.3,1426.7,8373
1718002200,1426.5,1429.95,1426.35,1429.95,26397
1718002500,1429.5,1431.2,1429.0,1429.25,73965
1718002800,1430.0,1433.85,1430.0,1433.05,11226
1718003100,1433.85,1434.45,1432.6,1433.5,9146
1718003400,1432.95,1437.7,1432.9,1437.05,20359
1718003700,1437.6,1437.6,1435.7,1437.0,9544
1718004000,1437.0,1441.25,1437.0,1441.25,26939
1718004300,1440.95,1441.7,1440.2,1441.0,9353
1718004600,1441.0,1441.5,1438.55,1440.1,10921
1718004900,1440.1,1449.5,1438.35,1449.15,52404
1718005200,1449.25,1452.0,1445.65,1447.0,27734
1718005500,1447.3,1447.8,1440.85,1446.0,30845
1718005800,1446.4,1447.0,1445.0,1446.95,13914
1718006100,1446.15,1446.95,1443.0,1445.05,53190
1718006400,1445.0,1447.0,1445.0,1445.75,12287
1718006700,1445.3,1446.75,1443.1,1445.0,28930
1718007000,1445.4,1447.0,1443.45,1445.1,28249
1718007300,1445.75,1446.35,1442.95,1445.0,49285
1718007600,1445.0,1446.55,1444.4,1445.9,17170
1718007900,1446.5,1447.45,1445.0,1446.3,17094
1718008200,1446.3,1447.15,1445.0,1446.05,11112
1718008500,1446.0,1446.95,1445.35,1445.75,4825
1718008800,1446.0,1448.5,1445.7,1447.1,8719
1718009100,1447.65,1447.85,1445.75,1445.9,5610
1718009400,1446.0,1449.9,1445.95,1447.4,51020
1718009700,1447.2,1447.4,1438.5,1438.5,13664
1718010000,1439.0,1440.9,1437.15,1438.95,16273
1718010300,1438.6,1438.8,1435.15,1437.6,14642
1718010600,1438.1,1438.1,1435.65,1436.95,6118
1718010900,1437.1,1437.95,1434.4,1434.5,40103
1718011200,1434.35,1435.65,1430.95,1432.5,48715
1718011500,1432.5,1435.65,1432.25,1435.65,5637
1718011800,1435.65,1439.85,1433.7,1439.25,13881
1718012100,1439.25,1439.4,1430.85,1430.9,169803
1718012400,1430.55,1432.15,1429.0,1431.15,20469
1718012700,1430.9,1432.45,1429.15,1430.75,18876
1718013000,1430.7,1430.9,1428.95,1430.25,55408
1718013300,1430.0,1430.45,1428.0,1429.05,55599
1718077500,1432.45,1438.8,1422.0,1428.0,22431
1718077800,1427.1,1430.0,1425.0,1427.8,12729
1718078100,1428.45,1430.7,1426.05,1428.0,12165
1718078400,1428.0,1428.9,1423.25,1427.7,10396
1718078700,1427.7,1432.2,1426.8,1432.2,10089
1718079000,1431.75,1436.5,1431.1,1434.4,14385
1718079300,1433.7,1436.2,1430.75,1431.55,8054
1718079600,1430.55,1434.0,1430.55,1432.4,5131
1718079900,1432.25,1433.15,1431.05,1432.2,5415
1718080200,1431.65,1433.65,1430.45,1433.65,2140
1718080500,1433.0,1439.0,1433.0,1435.95,11036
1718080800,1435.45,1437.4,1434.4,1436.5,5060
1718081100,1435.6,1437.55,1434.3,1437.0,3454
1718081400,1437.0,1437.95,1436.0,1437.0,3447
1718081700,1437.0,1437.45,1434.5,1434.95,2492
1718082000,1434.95,1436.45,1433.9,1435.05,3572
1718082300,1434.85,1435.1,1432.65,1434.05,4265
1718082600,1433.3,1436.05,1432.8,1435.65,3162
1718082900,1435.95,1436.0,1432.0,1432.95,3495
1718083200,1432.95,1433.5,1431.45,1433.35,4738
1718083500,1433.35,1433.75,1432.0,1432.2,4539
1718083800,1432.1,1432.75,1431.4,1432.1,5105
1718084100,1432.0,1432.5,1431.3,1431.35,1803
1718084400,1431.35,1432.9,1431.25,1432.75,2337
1718084700,1432.7,1435.55,1432.0,1435.25,3135
1718085000,1435.25,1435.8,1432.95,1434.45,4123
1718085300,1434.45,1435.4,1433.2,1435.0,3025
1718085600,1435.0,1435.55,1433.6,1433.9,4062
1718085900,1433.9,1433.9,1433.2,1433.65,1416
1718086200,1433.65,1435.2,1433.35,1435.0,6449
1718086500,1435.0,1438.7,1434.5,1436.85,5433
1718086800,1436.85,1437.6,1435.9,1436.2,2966
1718087100,1436.2,1436.75,1433.25,1434.25,6105
1718087400,1434.0,1434.25,1430.05,1431.0,10425
1718087700,1430.95,1432.45,1430.0,1431.55,6704
1718088000,1431.3,1432.4,1430.7,1431.45,3772
1718088300,1431.75,1434.9,1431.4,1434.2,8644
1718088600,1434.2,1434.2,1431.6,1434.2,9155
1718088900,1434.2,1435.0,1433.05,1434.2,5492
1718089200,1434.3,1435.95,1433.5,1434.5,5688
1718089500,1434.5,1435.85,1433.8,1435.1,3403
1718089800,1435.1,1437.6,1434.65,1437.55,11476
1718090100,1437.5,1437.55,1435.5,1436.85,7832
1718090400,1436.8,1438.95,1435.45,1437.4,13913
1718090700,1437.3,1439.8,1435.25,1435.6,16567
1718091000,1435.6,1436.45,1432.55,1433.25,3189
1718091300,1433.25,1434.1,1432.1,1432.4,2367
1718091600,1432.4,1432.4,1431.05,1431.45,5722
1718091900,1431.45,1432.2,1430.25,1431.5,6203
1718092200,1430.9,1431.9,1428.1,1430.0,10863
1718092500,1429.9,1430.5,1428.2,1428.8,5978
1718092800,1428.45,1431.45,1428.45,1431.35,6799
1718093100,1431.4,1433.25,1428.65,1430.55,14797
1718093400,1430.45,1431.25,1428.1,1428.7,13240
1718093700,1428.7,1430.7,1427.05,1428.4,42375
1718094000,1428.0,1430.6,1425.8,1429.7,18683
1718094300,1429.7,1430.5,1428.05,1429.75,6549
1718094600,1429.75,1430.7,1425.0,1427.3,21689
1718094900,1427.15,1428.6,1425.5,1426.55,7745
1718095200,1426.45,1427.1,1425.0,1425.25,7282
1718095500,1426.1,1426.25,1423.6,1425.5,15056
1718095800,1424.95,1427.15,1424.05,1427.0,4324
1718096100,1427.0,1430.0,1426.45,1430.0,7428
1718096400,1430.0,1430.45,1427.05,1427.6,3260
1718096700,1427.6,1429.05,1426.6,1427.05,17152
1718097000,1427.05,1428.2,1424.9,1426.1,28188
1718097300,1426.1,1426.7,1425.15,1426.55,11896
1718097600,1426.7,1428.55,1426.35,1428.4,17213
1718097900,1428.5,1429.5,1428.25,1429.1,7988
1718098200,1428.85,1429.8,1423.95,1424.95,91641
1718098500,1424.95,1428.4,1424.1,1427.65,47624
1718098800,1428.0,1430.9,1426.55,1429.95,57097
1718099100,1430.0,1430.2,1427.0,1429.0,98020
1718099400,1427.85,1429.3,1427.5,1427.65,36408
1718099700,1428.85,1432.0,1427.05,1432.0,73444
1718163900,1428.1,1434.45,1425.8,1428.0,20773
1718164200,1428.0,1430.45,1426.0,1430.05,16870
1718164500,1429.85,1430.5,1427.0,1427.35,7504
1718164800,1427.35,1429.75,1427.2,1427.95,11326
1718165100,1427.95,1431.95,1427.05,1431.85,13121
1718165400,1431.85,1434.8,1431.85,1433.7,10212
1718165700,1433.55,1433.95,1432.25,1433.0,2625
1718166000,1433.0,1436.85,1433.0,1436.0,9080
1718166300,1435.45,1438.0,1435.25,1438.0,14460
1718166600,1437.65,1439.75,1435.0,1438.9,22857
1718166900,1438.9,1439.0,1428.9,1432.2,23807
1718167200,1432.25,1435.45,1431.15,1434.45,4717
1718167500,1434.45,1437.4,1434.25,1436.6,3645
1718167800,1435.9,1436.4,1433.75,1434.9,2991
1718168100,1434.9,1437.45,1434.9,1437.0,2359
1718168400,1437.0,1437.2,1433.75,1433.85,3482
1718168700,1433.85,1437.65,1433.75,1437.6,57956
1718169000,1437.65,1442.9,1437.45,1442.35,20711
1718169300,1442.35,1442.9,1439.35,1441.9,16305
1718169600,1441.9,1444.0,1441.1,1443.95,9432
1718169900,1443.95,1446.0,1443.0,1444.85,10497
1718170200,1444.85,1445.0,1443.5,1444.25,5043
1718170500,1443.85,1445.0,1441.25,1441.75,5681
1718170800,1441.05,1444.5,1440.9,1442.55,4945
1718171100,1442.6,1444.7,1442.4,1442.75,4485
1718171400,1443.1,1444.0,1442.3,1444.0,304681
1718171700,1444.0,1444.0,1440.15,1440.75,29601
1718172000,1440.9,1442.0,1440.25,1441.55,3903
1718172300,1441.75,1442.85,1440.5,1442.0,3428
1718172600,1441.95,1444.15,1441.65,1444.0,14161
1718172900,1444.0,1444.0,1443.05,1444.0,7962
1718173200,1444.0,1444.0,1443.15,1444.0,43449
1718173500,1443.85,1449.9,1443.85,1449.75,87038
1718173800,1449.85,1449.95,1448.1,1449.5,13025
1718174100,1449.35,1453.8,1445.85,1446.25,127976
1718174400,1446.6,1449.75,1446.55,1448.85,21067
1718174700,1448.65,1448.9,1444.6,1444.95,16682
1718175000,1445.0,1445.25,1443.1,1444.7,16925
1718175300,1444.0,1445.2,1443.4,1444.65,17487
1718175600,1444.65,1449.85,1443.95,1449.5,27070
1718175900,1449.5,1451.85,1448.7,1451.3,13882
1718176200,1451.3,1451.3,1448.55,1450.0,10709
1718176500,1450.7,1451.3,1449.45,1450.05,6469
1718176800,1449.95,1452.5,1449.5,1451.9,17278
1718177100,1451.85,1454.95,1451.55,1453.9,15482
1718177400,1453.85,1453.9,1451.6,1453.4,12054
1718177700,1453.4,1454.0,1452.25,1454.0,9037
1718178000,1454.0,1454.4,1452.9,1453.5,4405
1718178300,1453.1,1453.5,1450.2,1450.75,6225
1718178600,1450.75,1451.35,1450.2,1451.0,3575
1718178900,1451.0,1451.35,1448.75,1451.2,4398
1718179200,1450.9,1459.9,1450.6,1459.65,49746
1718179500,1459.2,1461.8,1458.6,1460.0,66362
1718179800,1459.05,1460.0,1457.0,1458.05,17462
1718180100,1458.05,1459.5,1456.25,1457.45,15016
1718180400,1457.25,1459.95,1455.0,1459.95,36736
1718180700,1459.95,1459.95,1455.65,1455.7,10053
1718181000,1455.65,1457.45,1455.0,1457.05,12610
1718181300,1457.05,1457.05,1453.55,1453.55,12225
1718181600,1453.55,1454.45,1450.75,1453.9,18396
1718181900,1453.9,1454.55,1451.15,1453.5,10068
1718182200,1453.45,1453.5,1451.0,1452.3,7892
1718182500,1452.95,1453.05,1450.7,1452.3,120997
1718182800,1452.3,1453.8,1451.45,1452.75,22333
1718183100,1452.7,1454.3,1451.9,1451.95,5091
1718183400,1451.9,1453.95,1451.9,1453.4,6386
1718183700,1453.0,1454.0,1452.45,1453.95,5988
1718184000,1453.25,1458.0,1453.2,1456.85,19255
1718184300,1456.75,1456.75,1454.3,1455.2,9379
1718184600,1454.5,1455.3,1452.2,1453.15,28423
1718184900,1452.85,1454.25,1451.3,1453.25,45095
1718185200,1451.55,1453.95,1451.25,1453.45,40784
1718185500,1452.4,1453.95,1450.4,1452.55,42580
1718185800,1452.6,1453.7,1451.3,1452.3,42277
1718186100,1452.3,1454.0,1451.75,1452.95,34055
1718250300,1459.65,1478.15,1456.0,1478.15,237889
1718250600,1478.8,1479.45,1468.0,1472.1,153368
1718250900,1472.15,1475.05,1461.0,1461.25,56777
1718251200,1461.0,1466.9,1458.15,1461.15,54268
1718251500,1460.2,1466.7,1460.2,1464.25,26840
1718251800,1464.75,1466.65,1455.1,1456.25,145839
1718252100,1456.25,1460.85,1455.7,1459.15,26592
1718252400,1459.15,1460.0,1453.1,1453.1,30006
1718252700,1453.3,1456.7,1453.3,1454.9,243978
1718253000,1454.9,1455.0,1453.1,1453.4,11163
1718253300,1453.5,1455.45,1451.0,1455.0,16440
1718253600,1455.0,1455.0,1452.25,1455.0,12073
1718253900,1454.8,1455.0,1453.0,1453.05,7126
1718254200,1454.0,1455.0,1453.15,1455.0,39891
1718254500,1454.95,1457.6,1452.75,1453.5,47897
1718254800,1454.0,1454.85,1450.0,1450.7,13118
1718255100,1450.6,1451.7,1449.05,1449.5,18273
1718255400,1449.45,1450.55,1444.1,1449.05,220564
1718255700,1449.05,1450.45,1446.25,1447.2,19211
1718256000,1447.65,1449.0,1446.55,1447.95,21249
1718256300,1448.65,1449.0,1446.2,1447.05,21790
1718256600,1447.05,1448.9,1447.05,1447.9,13427
1718256900,1448.4,1449.25,1446.8,1447.8,6191
1718257200,1447.8,1448.3,1443.1,1443.5,25898
1718257500,1443.4,1445.0,1442.35,1444.95,18157
1718257800,1444.95,1445.0,1442.6,1443.6,12190
1718258100,1444.15,1445.0,1443.45,1445.0,76394
1718258400,1445.0,1445.0,1444.2,1445.0,26965
1718258700,1444.95,1452.4,1444.95,1452.25,68921
1718259000,1452.65,1453.9,1449.4,1449.65,58095
1718259300,1449.75,1451.0,1449.65,1450.75,7405
1718259600,1450.75,1452.55,1449.75,1450.0,17797
1718259900,1450.0,1452.55,1448.15,1448.8,47796
1718260200,1448.85,1450.6,1448.25,1449.75,5508
1718260500,1450.0,1450.15,1448.7,1449.65,7505
1718260800,1449.9,1450.15,1448.8,1449.95,3036
1718261100,1449.95,1450.0,1449.05,1449.95,3939
1718261400,1449.95,1450.0,1448.0,1449.9,11858
1718261700,1449.9,1451.45,1449.6,1451.15,5187
1718262000,1451.45,1452.0,1449.0,1449.05,64229
1718262300,1449.4,1449.65,1446.6,1448.0,6865
1718262600,1448.0,1448.0,1444.0,1445.0,19592
1718262900,1445.0,1445.85,1444.3,1445.0,15209
1718263200,1445.0,1446.6,1444.95,1446.6,16575
1718263500,1446.6,1449.35,1444.85,1445.0,34141
1718263800,1445.0,1445.7,1444.9,1445.55,20548
1718264100,1445.55,1445.55,1444.75,1445.0,16189
1718264400,1445.0,1445.75,1444.85,1444.9,24616
1718264700,1444.9,1446.85,1444.15,1444.5,18939
1718265000,1444.5,1445.8,1444.05,1444.1,18548
1718265300,1444.8,1446.4,1443.9,1444.65,24406
1718265600,1444.65,1445.4,1444.15,1445.0,4685
1718265900,1445.0,1445.0,1439.85,1444.55,51319
1718266200,1444.55,1445.9,1439.7,1440.0,81626
1718266500,1440.0,1441.6,1438.6,1438.65,14220
1718266800,1438.95,1440.05,1436.5,1438.1,18436
1718267100,1438.6,1439.0,1433.95,1437.35,102516
1718267400,1437.35,1439.0,1432.85,1436.65,78281
1718267700,1436.6,1439.0,1436.4,1439.0,11250
1718268000,1438.95,1439.0,1437.65,1438.35,4129
1718268300,1438.35,1438.95,1437.0,1438.95,5933
1718268600,1438.95,1441.0,1438.1,1440.25,8001
1718268900,1440.35,1440.75,1438.6,1440.35,8836
1718269200,1440.3,1441.05,1439.5,1440.95,7059
1718269500,1440.95,1442.85,1439.8,1442.4,9027
1718269800,1442.4,1444.0,1441.95,1443.35,12734
1718270100,1443.35,1444.25,1442.05,1442.05,19580
1718270400,1443.0,1445.5,1442.05,1444.0,18170
1718270700,1443.5,1445.0,1443.1,1444.5,22293
1718271000,1444.4,1447.35,1442.3,1446.7,62598
1718271300,1446.7,1452.95,1443.9,1452.0,119567
1718271600,1452.7,1453.85,1450.85,1452.15,91848
1718271900,1452.7,1453.0,1450.0,1451.2,79785
1718272200,1451.25,1452.0,1448.35,1449.75,75435
1718272500,1449.35,1451.0,1445.6,1445.6,58345
1718336700,1444.9,1453.5,1440.6,1452.5,26443
1718337000,1452.5,1454.8,1450.1,1450.1,15835
1718337300,1450.1,1450.1,1447.1,1449.0,9785
1718337600,1448.2,1450.0,1447.3,1449.3,5610
1718337900,1449.3,1450.45,1447.0,1447.05,6483
1718338200,1447.1,1448.35,1446.05,1446.95,3167
1718338500,1446.55,1448.5,1446.0,1446.75,3044
1718338800,1446.7,1447.9,1445.5,1447.1,2822
1718339100,1446.75,1448.4,1444.75,1447.4,5415
1718339400,1447.65,1449.75,1447.25,1448.2,3342
1718339700,1448.2,1452.35,1448.0,1450.5,8628
1718340000,1450.5,1452.35,1450.0,1452.35,10988
1718340300,1452.35,1452.8,1451.85,1452.25,7028
1718340600,1452.25,1452.8,1452.1,1452.45,2512
1718340900,1452.5,1456.5,1452.5,1455.0,11847
1718341200,1455.15,1455.25,1453.05,1454.2,16054
1718341500,1454.05,1455.25,1453.55,1455.25,4443
1718341800,1455.25,1455.3,1453.3,1455.15,9766
1718342100,1454.9,1455.15,1453.4,1454.95,7406
1718342400,1455.1,1456.0,1453.95,1455.0,8262
1718342700,1455.0,1455.55,1454.15,1454.4,4857
1718343000,1454.3,1455.5,1454.3,1455.4,5603
1718343300,1455.4,1456.5,1454.05,1454.85,4062
1718343600,1454.05,1455.95,1454.05,1455.3,6047
1718343900,1455.3,1455.5,1454.1,1454.4,3378
1718344200,1454.95,1458.0,1454.0,1457.65,6097
1718344500,1458.0,1458.0,1456.55,1457.0,2906
1718344800,1456.95,1457.9,1456.0,1456.5,2281
1718345100,1456.25,1458.5,1456.05,1458.0,3313
1718345400,1457.55,1462.6,1457.55,1462.25,17747
1718345700,1462.25,1463.8,1459.0,1459.4,10919
1718346000,1459.2,1460.45,1458.75,1460.45,4877
1718346300,1460.45,1460.85,1458.6,1460.85,5889
1718346600,1461.0,1463.9,1461.0,1463.55,16337
1718346900,1463.55,1464.7,1463.2,1464.15,17328
1718347200,1464.35,1464.8,1463.6,1463.9,22067
1718347500,1464.0,1465.9,1463.75,1465.1,21987
1718347800,1465.05,1465.1,1456.8,1458.8,24084
1718348100,1458.8,1460.0,1457.5,1457.7,8162
1718348400,1457.7,1458.1,1455.55,1456.8,13884
1718348700,1456.75,1457.0,1454.5,1455.55,5235
1718349000,1455.2,1457.0,1455.0,1456.95,4454
1718349300,1456.9,1461.9,1456.9,1460.1,11123
1718349600,1460.1,1461.4,1459.3,1459.6,5928
1718349900,1460.0,1462.7,1459.6,1460.95,5124
1718350200,1460.95,1461.9,1460.05,1460.25,3623
1718350500,1460.3,1462.0,1460.25,1461.35,5314
1718350800,1461.35,1463.4,1460.3,1462.3,6922
1718351100,1462.25,1462.3,1460.3,1460.85,4082
1718351400,1460.85,1460.95,1459.2,1459.2,5546
1718351700,1459.25,1459.9,1458.55,1459.15,4192
1718352000,1459.15,1459.15,1458.0,1458.4,4999
1718352300,1458.4,1459.0,1455.25,1456.85,24335
1718352600,1456.25,1458.9,1456.0,1458.75,6793
1718352900,1458.75,1460.0,1458.3,1459.05,5506
1718353200,1459.0,1462.0,1458.0,1460.8,6680
1718353500,1460.8,1464.5,1460.45,1464.35,15166
1718353800,1464.35,1464.35,1462.6,1463.0,6460
1718354100,1463.3,1463.5,1462.0,1462.45,7173
1718354400,1462.8,1464.0,1461.35,1462.45,9891
1718354700,1462.4,1469.0,1462.4,1467.3,39407
1718355000,1467.55,1468.0,1465.8,1466.4,14176
1718355300,1466.4,1468.85,1465.9,1467.75,13299
1718355600,1467.55,1472.95,1467.55,1471.15,56993
1718355900,1471.15,1473.75,1469.8,1470.0,20993
1718356200,1470.15,1472.0,1468.55,1471.0,13440
1718356500,1471.0,1472.0,1470.95,1471.95,8387
1718356800,1471.95,1471.95,1469.55,1470.05,10846
1718357100,1470.15,1470.6,1468.2,1469.45,13328
1718357400,1469.45,1471.5,1469.1,1470.05,16774
1718357700,1470.7,1472.0,1469.65,1471.0,22289
1718358000,1470.9,1471.9,1469.55,1471.0,34685
1718358300,1470.75,1471.1,1468.0,1468.5,24514
1718358600,1468.6,1469.8,1467.55,1468.2,30835
1718358900,1468.2,1469.55,1465.95,1467.0,17499
1718682300,1480.0,1480.0,1464.85,1468.05,35729
1718682600,1468.05,1470.85,1460.85,1462.9,12139
1718682900,1463.6,1465.7,1461.35,1465.0,11732
1718683200,1465.9,1474.7,1465.0,1472.0,19788
1718683500,1471.5,1474.5,1468.75,1473.45,12797
1718683800,1473.45,1474.95,1470.15,1472.25,10686
1718684100,1472.25,1472.25,1468.0,1469.45,6839
1718684400,1469.45,1470.55,1465.55,1467.6,11092
1718684700,1467.6,1470.15,1465.55,1469.6,15249
1718685000,1469.6,1472.05,1469.6,1472.0,6049
1718685300,1472.0,1475.85,1470.45,1475.0,33470
1718685600,1474.65,1475.0,1470.5,1470.6,25247
1718685900,1470.0,1472.55,1467.75,1469.75,22762
1718686200,1469.4,1470.9,1466.05,1466.05,9712
1718686500,1466.2,1466.85,1458.7,1459.85,51710
1718686800,1459.85,1461.1,1457.05,1457.5,22315
1718687100,1457.5,1460.0,1457.5,1460.0,9444
1718687400,1459.6,1460.3,1458.15,1459.6,11341
1718687700,1459.3,1463.6,1459.05,1462.4,68094
1718688000,1462.4,1462.4,1458.0,1458.1,6838
1718688300,1458.1,1460.0,1457.65,1459.05,5890
1718688600,1459.25,1460.0,1456.5,1458.0,13333
1718688900,1458.0,1459.95,1457.15,1458.5,11786
1718689200,1457.85,1460.5,1457.35,1460.0,8193
1718689500,1460.0,1460.9,1458.0,1458.05,8075
1718689800,1458.05,1458.95,1457.05,1458.2,11223
1718690100,1458.2,1460.95,1457.9,1458.55,7754
1718690400,1459.1,1459.8,1457.05,1458.5,6322
1718690700,1458.4,1460.0,1458.4,1459.6,5782
1718691000,1459.65,1459.85,1457.55,1457.55,119631
1718691300,1457.55,1459.4,1455.05,1458.7,13306
1718691600,1458.7,1462.0,1458.7,1460.55,22891
1718691900,1461.15,1461.15,1459.55,1460.9,6488
1718692200,1460.85,1461.4,1459.8,1460.65,4960
1718692500,1460.7,1463.95,1459.65,1460.05,45007
1718692800,1460.0,1461.05,1459.1,1460.75,9365
1718693100,1460.0,1460.2,1458.8,1459.65,5267
1718693400,1459.65,1463.65,1459.0,1461.35,69786
1718693700,1461.45,1463.0,1460.75,1462.9,11929
1718694000,1462.9,1464.0,1462.25,1463.95,11354
1718694300,1463.95,1464.0,1461.35,1461.5,9476
1718694600,1460.3,1462.5,1460.0,1462.45,22210
1718694900,1461.1,1461.95,1460.15,1460.55,6914
1718695200,1460.8,1462.5,1460.5,1462.5,7978
1718695500,1462.45,1463.65,1461.9,1463.45,7871
1718695800,1463.45,1464.0,1462.75,1463.9,8467
1718696100,1463.85,1466.0,1463.0,1465.0,10008
1718696400,1465.05,1466.6,1465.0,1466.35,9370
1718696700,1466.35,1467.0,1464.65,1465.5,14792
1718697000,1465.5,1466.05,1465.0,1465.9,3911
1718697300,1465.95,1466.1,1465.2,1465.75,4158
1718697600,1465.8,1466.75,1465.15,1465.15,5469
1718697900,1465.15,1467.0,1465.15,1466.6,13529
1718698200,1466.55,1468.0,1466.1,1468.0,5425
1718698500,1467.95,1470.45,1466.4,1466.55,14374
1718698800,1467.0,1470.55,1466.6,1470.05,10744
1718699100,1469.9,1471.5,1468.25,1470.45,13596
1718699400,1470.45,1471.85,1470.05,1471.55,13699
1718699700,1471.55,1472.0,1470.1,1470.5,12352
1718700000,1470.6,1470.9,1469.0,1470.1,8404
1718700300,1470.1,1472.0,1469.5,1471.85,8724
1718700600,1471.85,1472.0,1470.65,1471.95,10560
1718700900,1471.95,1472.6,1470.7,1471.65,7062
1718701200,1472.0,1472.0,1470.35,1472.0,12066
1718701500,1471.9,1472.5,1470.85,1472.05,8943
1718701800,1472.45,1474.45,1471.75,1473.45,13194
1718702100,1473.45,1474.9,1472.5,1474.0,22107
1718702400,1474.0,1474.5,1472.45,1474.05,24518
1718702700,1473.8,1474.5,1471.95,1474.0,41480
1718703000,1473.5,1477.0,1473.0,1475.5,59548
1718703300,1475.5,1475.55,1472.0,1473.5,58892
1718703600,1473.25,1474.75,1470.3,1474.0,59152
1718703900,1473.85,1474.05,1472.4,1473.7,30752
1718704200,1473.6,1475.0,1470.95,1473.25,40617
1718704500,1473.25,1473.3,1469.3,1472.45,25194
1718768700,1478.35,1478.35,1467.1,1469.85,28346
1718769000,1469.65,1477.15,1468.6,1476.35,15617
1718769300,1476.35,1478.4,1470.2,1470.45,11980
1718769600,1470.45,1471.85,1468.75,1471.85,5635
1718769900,1471.2,1473.35,1471.0,1471.95,3665
1718770200,1471.95,1472.0,1469.8,1471.35,2383
1718770500,1471.5,1472.3,1470.1,1470.1,1350
1718770800,1470.75,1471.95,1469.6,1470.95,3681
1718771100,1470.95,1471.85,1467.15,1467.15,6855
1718771400,1467.15,1470.0,1467.15,1468.0,2388
1718771700,1468.0,1468.0,1465.0,1467.25,6302
1718772000,1467.25,1467.75,1462.7,1463.1,6581
1718772300,1463.2,1464.25,1461.25,1461.7,8030
1718772600,1462.5,1464.0,1461.65,1461.95,7109
1718772900,1461.95,1462.0,1460.6,1461.0,3098
1718773200,1461.0,1461.6,1457.8,1460.0,15804
1718773500,1459.95,1459.95,1455.0,1456.15,22468
1718773800,1456.15,1458.15,1455.2,1457.6,11202
1718774100,1458.2,1458.2,1455.8,1456.0,2606
1718774400,1456.7,1458.0,1455.45,1456.15,3866
1718774700,1456.15,1459.3,1456.0,1457.7,2512
1718775000,1457.7,1458.65,1457.5,1457.6,3033
1718775300,1457.85,1458.45,1455.1,1455.6,4899
1718775600,1456.55,1459.0,1455.05,1457.85,4017
1718775900,1457.05,1457.4,1456.05,1456.2,1917
1718776200,1456.8,1458.65,1456.4,1458.0,8269
1718776500,1458.25,1460.9,1457.9,1459.25,6646
1718776800,1459.5,1462.0,1459.25,1460.05,14808
1718777100,1460.05,1460.45,1458.05,1459.0,13458
1718777400,1459.0,1462.5,1459.0,1462.1,16944
1718777700,1461.75,1463.55,1460.05,1460.3,5156
1718778000,1460.15,1461.6,1459.55,1460.0,4563
1718778300,1460.0,1461.0,1459.0,1460.0,2603
1718778600,1460.0,1460.0,1459.0,1459.85,1611
1718778900,1460.0,1460.95,1459.35,1459.85,3327
1718779200,1459.85,1460.4,1459.0,1459.65,1810
1718779500,1459.45,1460.25,1459.1,1459.4,6720
1718779800,1459.4,1461.6,1459.4,1460.15,2531
1718780100,1460.15,1460.85,1460.0,1460.3,1913
1718780400,1460.3,1461.0,1460.0,1460.0,2106
1718780700,1460.0,1461.55,1460.0,1460.5,2840
1718781000,1460.05,1461.1,1460.0,1460.5,4491
1718781300,1460.15,1460.5,1459.6,1460.0,21139
1718781600,1460.05,1460.05,1458.55,1459.5,3255
1718781900,1459.85,1459.95,1458.7,1459.4,2002
1718782200,1459.05,1459.6,1457.05,1458.45,3469
1718782500,1458.1,1458.7,1456.75,1457.55,4272
1718782800,1457.55,1459.05,1457.15,1458.85,1337
1718783100,1458.4,1460.0,1458.4,1459.55,2008
1718783400,1459.5,1460.0,1457.8,1458.05,2850
1718783700,1458.05,1459.3,1457.65,1458.7,1726
1718784000,1459.25,1459.65,1458.4,1458.55,1859
1718784300,1458.55,1459.45,1457.05,1457.65,2710
1718784600,1457.65,1457.85,1456.0,1457.1,2971
1718784900,1456.9,1457.4,1454.2,1455.8,7270
1718785200,1455.8,1456.5,1454.2,1454.75,2258
1718785500,1454.75,1455.15,1453.15,1453.35,4530
1718785800,1453.3,1454.75,1452.6,1453.15,6244
1718786100,1452.6,1453.2,1450.65,1452.15,8248
1718786400,1452.15,1453.9,1451.2,1451.9,8126
1718786700,1451.9,1452.0,1450.7,1451.6,2929
1718787000,1451.6,1454.7,1451.6,1452.7,19319
1718787300,1452.7,1453.1,1451.65,1453.1,7455
1718787600,1452.45,1455.45,1452.1,1453.85,8548
1718787900,1453.85,1457.75,1453.35,1455.15,8815
1718788200,1455.05,1455.35,1452.05,1452.3,7781
1718788500,1452.25,1453.95,1450.6,1450.6,10506
1718788800,1450.6,1452.15,1450.0,1450.45,21056
1718789100,1450.8,1450.8,1449.0,1450.4,8014
1718789400,1449.75,1450.0,1447.85,1449.0,18599
1718789700,1447.45,1450.25,1446.15,1450.0,31769
1718790000,1449.85,1450.0,1448.1,1448.7,8402
1718790300,1448.35,1450.0,1448.25,1449.65,14923
1718790600,1449.6,1450.0,1448.15,1450.0,13044
1718790900,1449.95,1450.0,1448.0,1450.0,26271
1718855100,1476.0,1480.9,1461.2,1463.85,262735
1718855400,1463.75,1467.2,1462.65,1464.95,56602
1718855700,1464.35,1467.0,1458.0,1459.15,80966
1718856000,1458.6,1463.35,1458.0,1459.95,33386
1718856300,1460.4,1460.6,1455.0,1456.0,56462
1718856600,1455.7,1457.5,1453.05,1454.6,59738
1718856900,1454.6,1456.0,1451.45,1453.4,35663
1718857200,1453.4,1454.5,1451.7,1452.6,21843
1718857500,1453.0,1455.0,1451.5,1455.0,18141
1718857800,1454.6,1456.0,1453.2,1454.95,37364
1718858100,1455.0,1455.1,1452.3,1453.8,12571
1718858400,1453.65,1454.7,1452.3,1452.95,10713
1718858700,1453.2,1459.35,1453.05,1456.0,45546
1718859000,1456.25,1458.05,1454.7,1458.05,47722
1718859300,1457.6,1458.9,1456.6,1457.0,9429
1718859600,1456.95,1457.75,1455.5,1456.2,12638
1718859900,1456.35,1458.45,1455.75,1456.55,8589
1718860200,1456.55,1458.8,1456.0,1458.0,9666
1718860500,1457.6,1458.4,1455.65,1455.65,11029
1718860800,1455.65,1457.65,1455.25,1456.25,6698
1718861100,1456.0,1457.0,1455.7,1456.95,8112
1718861400,1456.6,1457.95,1455.0,1455.1,4856
1718861700,1455.8,1456.5,1455.1,1456.0,4905
1718862000,1456.0,1456.7,1455.0,1455.6,3856
1718862300,1455.6,1457.55,1455.1,1456.75,4683
1718862600,1456.75,1457.95,1456.75,1457.35,5634
1718862900,1457.35,1458.2,1457.15,1458.2,6077
1718863200,1457.75,1459.0,1455.25,1456.55,9458
1718863500,1456.05,1457.75,1456.05,1457.2,3454
1718863800,1456.8,1459.0,1456.8,1458.0,4748
1718864100,1457.65,1459.0,1456.4,1457.55,4109
1718864400,1457.7,1458.8,1456.9,1458.5,6279
1718864700,1458.45,1458.5,1456.5,1456.65,3803
1718865000,1456.6,1457.55,1455.65,1457.25,3722
1718865300,1457.25,1457.25,1455.85,1456.2,3764
1718865600,1456.2,1456.2,1455.5,1456.0,2303
1718865900,1455.8,1456.25,1455.3,1455.85,3023
1718866200,1455.85,1456.4,1452.9,1454.75,13558
1718866500,1454.1,1454.95,1454.1,1454.75,2711
1718866800,1454.75,1454.75,1453.0,1454.3,4219
1718867100,1454.3,1454.95,1453.5,1454.8,4406
1718867400,1454.8,1454.8,1452.25,1452.3,8886
1718867700,1452.3,1454.0,1452.1,1453.7,6823
1718868000,1453.7,1455.3,1453.2,1454.7,3745
1718868300,1454.6,1455.5,1454.0,1455.15,3584
1718868600,1455.1,1456.7,1454.9,1455.75,6145
1718868900,1455.1,1456.15,1454.85,1455.4,4212
1718869200,1455.35,1456.0,1453.7,1454.25,5998
1718869500,1454.05,1455.3,1453.55,1455.1,4554
1718869800,1454.55,1458.3,1454.25,1457.9,22548
1718870100,1457.9,1459.0,1455.85,1456.25,18800
1718870400,1456.95,1457.95,1455.05,1457.5,19935
1718870700,1457.05,1457.95,1455.55,1456.6,15099
1718871000,1456.6,1457.95,1455.75,1457.4,14237
1718871300,1457.55,1457.65,1454.8,1457.0,15050
1718871600,1456.8,1457.0,1453.05,1454.3,11469
1718871900,1454.1,1455.2,1453.0,1453.9,11653
1718872200,1453.35,1454.75,1452.5,1453.8,8750
1718872500,1453.35,1455.3,1453.0,1454.4,9214
1718872800,1454.3,1456.2,1453.85,1455.6,11115
1718873100,1455.4,1457.5,1454.7,1457.5,12532
1718873400,1457.5,1458.5,1456.4,1458.5,19262
1718873700,1458.3,1460.5,1457.0,1460.05,23334
1718874000,1460.0,1460.0,1455.5,1457.2,10515
1718874300,1457.2,1459.25,1456.1,1458.2,9946
1718874600,1458.2,1459.0,1457.0,1458.3,11649
1718874900,1458.1,1458.3,1456.5,1457.1,11761
1718875200,1456.8,1457.9,1455.65,1456.7,16021
1718875500,1456.5,1456.65,1454.3,1455.55,13109
1718875800,1455.55,1457.5,1454.0,1454.0,25868
1718876100,1454.0,1456.65,1454.0,1455.75,26545
1718876400,1455.2,1456.6,1454.3,1455.2,22734
1718876700,1455.05,1456.4,1454.35,1455.35,40632
1718877000,1455.5,1456.35,1454.35,1456.0,35230
1718877300,1455.65,1457.15,1455.0,1457.0,18061
1718941500,1455.5,1469.0,1445.15,1469.0,52223
1718941800,1469.0,1473.8,1468.1,1473.8,33918
1718942100,1473.0,1478.55,1471.45,1476.95,48861
1718942400,1476.45,1476.45,1468.1,1469.9,28140
1718942700,1469.9,1471.95,1469.0,1471.15,10440
1718943000,1470.6,1471.0,1463.85,1467.1,12126
1718943300,1467.1,1467.2,1463.6,1465.0,9136
1718943600,1465.0,1467.15,1464.55,1465.35,7828
1718943900,1465.7,1468.0,1464.4,1467.9,7516
1718944200,1467.3,1469.65,1467.05,1468.7,6473
1718944500,1469.3,1469.55,1467.0,1468.95,7391
1718944800,1468.95,1469.0,1465.85,1465.95,7335
1718945100,1466.95,1467.95,1466.0,1467.5,5234
1718945400,1467.95,1469.5,1466.4,1466.85,5999
1718945700,1466.85,1467.95,1463.6,1463.6,8279
1718946000,1464.5,1466.05,1463.05,1464.6,6435
1718946300,1464.6,1465.0,1464.4,1464.6,9896
1718946600,1464.6,1466.4,1464.6,1464.65,6781
1718946900,1464.65,1465.6,1460.4,1460.4,27335
1718947200,1460.0,1465.15,1459.8,1464.0,18115
1718947500,1463.95,1464.85,1461.1,1461.55,5713
1718947800,1461.8,1463.15,1461.05,1463.15,4860
1718948100,1463.15,1466.2,1463.15,1464.05,7145
1718948400,1464.65,1466.95,1463.7,1466.1,7746
1718948700,1465.9,1466.95,1464.5,1465.1,6226
1718949000,1465.1,1465.75,1463.5,1464.0,4560
1718949300,1464.5,1466.0,1463.5,1463.95,3170
1718949600,1463.95,1464.95,1463.5,1464.1,4626
1718949900,1464.2,1464.5,1463.5,1464.15,2877
1718950200,1464.15,1465.65,1463.65,1464.2,3668
1718950500,1464.1,1465.65,1463.65,1463.95,3583
1718950800,1463.95,1464.55,1463.65,1463.8,2340
1718951100,1463.8,1464.95,1463.5,1464.8,5052
1718951400,1464.3,1465.45,1462.5,1462.5,4696
1718951700,1462.5,1463.6,1461.9,1463.6,6699
1718952000,1463.3,1463.6,1461.3,1462.0,3253
1718952300,1461.2,1462.0,1461.15,1461.85,3277
1718952600,1461.85,1465.5,1461.2,1465.5,9894
1718952900,1465.0,1467.95,1465.0,1467.95,10630
1718953200,1467.95,1469.15,1466.0,1468.7,15416
1718953500,1468.7,1469.95,1467.75,1468.0,12056
1718953800,1468.0,1468.95,1466.0,1466.5,9640
1718954100,1466.5,1468.0,1466.0,1466.75,11928
1718954400,1467.2,1468.95,1466.65,1468.5,6457
1718954700,1468.7,1473.35,1468.2,1472.65,14229
1718955000,1472.65,1473.4,1469.35,1470.55,16865
1718955300,1470.55,1470.7,1466.1,1466.1,13543
1718955600,1466.3,1467.0,1464.0,1464.45,8605
1718955900,1464.75,1466.95,1464.3,1465.4,4394
1718956200,1465.4,1468.7,1465.0,1467.85,4726
1718956500,1468.5,1469.1,1467.15,1468.1,4931
1718956800,1468.1,1475.0,1467.45,1473.6,26678
1718957100,1473.65,1474.7,1471.4,1472.2,6087
1718957400,1472.2,1475.0,1471.55,1474.3,18150
1718957700,1474.95,1475.1,1472.25,1472.25,8530
1718958000,1472.95,1474.25,1472.05,1473.7,7051
1718958300,1473.7,1474.75,1473.2,1474.15,7340
1718958600,1473.9,1475.6,1473.35,1475.1,9977
1718958900,1475.55,1476.0,1474.1,1475.0,7209
1718959200,1475.0,1475.5,1473.3,1474.9,15281
1718959500,1474.55,1474.65,1471.5,1471.5,15969
1718959800,1471.75,1472.45,1469.2,1469.5,18840
1718960100,1469.6,1470.1,1467.05,1468.55,11353
1718960400,1467.85,1470.0,1467.0,1469.6,11457
1718960700,1469.4,1470.0,1467.0,1469.2,8251
1718961000,1469.2,1470.3,1467.3,1469.1,83277
1718961300,1469.1,1470.0,1469.0,1469.8,17660
1718961600,1469.8,1470.0,1468.0,1469.0,20489
1718961900,1468.9,1469.7,1466.8,1467.8,11143
1718962200,1467.05,1468.15,1463.5,1464.25,48537
1718962500,1464.15,1467.0,1464.1,1465.4,42637
1718962800,1465.7,1465.7,1462.4,1462.9,53501
1718963100,1462.1,1463.1,1462.0,1462.9,68610
1718963400,1462.9,1463.7,1460.65,1463.7,69424
1718963700,1463.6,1468.45,1462.65,1464.0,54591
1719200700,1464.15,1464.15,1452.0,1455.7,18942
1719201000,1455.7,1457.4,1454.55,1455.8,5516
1719201300,1455.8,1456.25,1450.0,1450.5,16588
1719201600,1450.0,1451.3,1447.2,1450.95,13142
1719201900,1451.8,1454.1,1450.0,1450.0,6142
1719202200,1449.55,1450.75,1447.8,1449.95,3927
1719202500,1449.95,1450.65,1448.95,1449.7,6107
1719202800,1449.7,1451.3,1449.5,1450.15,3654
1719203100,1450.35,1451.75,1449.7,1450.55,5650
1719203400,1451.35,1451.75,1450.15,1450.15,3412
1719203700,1450.15,1450.9,1449.0,1449.95,3369
1719204000,1449.95,1450.3,1449.45,1449.75,2662
1719204300,1449.75,1450.5,1449.45,1449.9,7276
1719204600,1449.95,1450.0,1449.75,1449.9,1166
1719204900,1449.95,1450.0,1449.0,1449.75,5165
1719205200,1449.75,1453.0,1449.5,1452.75,3932
1719205500,1453.9,1454.0,1452.75,1453.4,4085
1719205800,1453.4,1453.5,1452.3,1453.5,8525
1719206100,1453.5,1453.5,1452.3,1452.9,10259
1719206400,1452.9,1453.0,1452.05,1452.6,2900
1719206700,1452.6,1452.9,1452.0,1452.9,885
1719207000,1452.9,1456.3,1452.05,1454.85,16266
1719207300,1454.55,1457.2,1454.0,1456.15,4785
1719207600,1456.15,1456.35,1454.75,1455.0,2415
1719207900,1455.25,1458.65,1454.95,1458.0,4666
1719208200,1458.0,1458.6,1456.25,1456.25,3041
1719208500,1456.25,1458.0,1456.25,1457.55,2666
1719208800,1457.5,1459.1,1457.15,1457.6,3526
1719209100,1457.6,1458.0,1456.6,1456.65,3496
1719209400,1456.55,1456.55,1454.05,1455.05,3736
1719209700,1455.5,1455.6,1454.5,1454.6,2683
1719210000,1454.55,1456.05,1454.45,1455.35,3962
1719210300,1456.5,1456.5,1454.5,1455.5,5731
1719210600,1455.5,1456.0,1455.0,1455.45,2769
1719210900,1455.45,1456.0,1454.2,1455.1,3146
1719211200,1455.1,1457.0,1455.0,1456.95,5457
1719211500,1456.15,1458.0,1455.8,1456.6,2499
1719211800,1456.6,1457.75,1455.95,1457.1,3273
1719212100,1456.4,1457.4,1455.95,1456.55,3758
1719212400,1456.6,1457.25,1453.55,1453.8,3893
1719212700,1453.65,1454.95,1453.3,1453.35,2754
1719213000,1453.3,1454.0,1452.0,1452.3,4010
1719213300,1452.05,1453.9,1451.45,1451.45,2690
1719213600,1452.0,1452.7,1451.35,1451.8,4590
1719213900,1452.2,1452.85,1449.4,1450.35,24055
1719214200,1450.0,1450.95,1449.3,1449.5,6684
1719214500,1449.95,1451.95,1449.45,1450.6,6107
1719214800,1450.5,1451.95,1449.7,1451.05,4905
1719215100,1451.1,1451.65,1450.2,1450.75,3077
1719215400,1450.35,1451.45,1450.05,1450.65,2873
1719215700,1451.45,1452.55,1450.5,1451.3,8594
1719216000,1451.2,1451.9,1450.0,1450.95,8176
1719216300,1450.95,1451.6,1450.0,1450.65,8353
1719216600,1450.2,1450.9,1450.0,1450.5,3124
1719216900,1450.5,1450.9,1450.0,1450.5,3699
1719217200,1450.6,1451.55,1450.5,1450.5,4387
1719217500,1451.2,1451.3,1450.5,1451.3,3162
1719217800,1450.7,1452.0,1450.45,1451.95,6030
1719218100,1451.35,1452.0,1451.0,1451.15,4074
1719218400,1451.0,1452.0,1450.5,1451.0,3524
1719218700,1450.85,1452.3,1450.85,1451.95,2730
1719219000,1451.9,1452.3,1451.3,1451.8,2298
1719219300,1451.7,1452.0,1450.8,1451.65,7694
1719219600,1451.65,1452.0,1451.1,1451.1,3323
1719219900,1451.15,1451.95,1450.2,1451.0,4177
1719220200,1451.05,1451.95,1450.55,1451.75,3365
1719220500,1451.75,1451.9,1450.3,1450.5,3466
1719220800,1450.45,1450.65,1450.05,1450.05,4413
1719221100,1450.1,1451.3,1450.0,1450.5,7944
1719221400,1450.5,1451.9,1450.45,1451.15,10151
1719221700,1451.15,1451.85,1450.95,1451.8,9316
1719222000,1451.75,1454.45,1451.65,1452.8,21260
1719222300,1452.85,1453.0,1452.5,1452.8,15354
1719222600,1452.85,1454.6,1452.4,1453.15,18407
1719222900,1453.1,1454.7,1452.9,1453.0,16866
1719287100,1457.4,1457.4,1448.05,1449.25,25985
1719287400,1449.25,1451.2,1445.0,1447.85,30008
1719287700,1448.35,1450.25,1445.0,1446.85,17835
1719288000,1447.5,1449.35,1445.95,1447.1,15314
1719288300,1448.05,1449.25,1446.5,1447.25,10939
1719288600,1447.25,1453.1,1446.05,1452.9,22841
1719288900,1452.9,1453.15,1447.6,1449.0,18231
1719289200,1449.0,1449.7,1446.75,1448.85,15553
1719289500,1448.45,1449.7,1446.25,1446.85,7031
1719289800,1446.8,1446.85,1443.15,1444.25,23467
1719290100,1443.7,1444.3,1441.65,1443.5,12766
1719290400,1443.5,1448.0,1443.5,1446.8,14797
1719290700,1446.75,1447.45,1440.65,1441.6,15528
1719291000,1441.5,1442.55,1440.05,1440.5,10725
1719291300,1440.5,1441.15,1439.4,1439.4,12401
1719291600,1439.4,1440.95,1438.6,1440.05,10460
1719291900,1440.0,1440.95,1439.95,1440.4,5852
1719292200,1440.25,1440.9,1437.6,1438.1,10837
1719292500,1438.55,1440.35,1438.0,1438.9,6559
1719292800,1438.45,1439.65,1437.65,1438.05,9643
1719293100,1437.65,1438.25,1435.55,1436.6,11781
1719293400,1436.7,1437.45,1433.85,1433.9,13677
1719293700,1433.85,1433.9,1432.0,1433.2,12773
1719294000,1433.55,1434.45,1432.05,1433.5,13964
1719294300,1434.0,1436.35,1433.05,1436.35,14462
1719294600,1436.25,1436.6,1432.0,1432.45,9375
1719294900,1432.45,1434.7,1432.2,1434.7,8288
1719295200,1433.75,1434.65,1432.25,1433.75,7923
1719295500,1433.75,1435.0,1430.0,1434.45,107011
1719295800,1435.0,1436.95,1432.3,1433.4,11393
1719296100,1432.55,1435.55,1431.75,1434.5,11612
1719296400,1433.05,1436.0,1433.05,1434.8,8420
1719296700,1435.55,1436.55,1433.0,1435.6,13371
1719297000,1435.95,1436.0,1433.0,1435.25,13605
1719297300,1434.5,1436.5,1433.8,1435.95,12962
1719297600,1435.1,1436.45,1435.0,1436.3,7230
1719297900,1436.2,1436.25,1434.5,1435.9,15365
1719298200,1435.9,1436.5,1433.5,1435.9,12841
1719298500,1435.95,1449.95,1434.4,1447.75,95752
1719298800,1448.0,1451.8,1447.05,1450.2,38810
1719299100,1451.0,1453.0,1448.2,1452.2,39533
1719299400,1452.35,1455.0,1450.65,1453.95,34651
1719299700,1454.0,1459.95,1452.85,1458.2,49011
1719300000,1458.2,1458.7,1454.75,1456.0,19356
1719300300,1456.0,1456.4,1453.5,1454.95,22914
1719300600,1455.0,1455.35,1452.35,1454.9,15015
1719300900,1454.9,1456.0,1452.75,1452.75,17886
1719301200,1452.75,1455.25,1452.75,1453.8,21636
1719301500,1452.95,1453.7,1452.0,1452.8,12775
1719301800,1452.8,1455.25,1452.1,1453.45,15570
1719302100,1454.05,1454.2,1452.15,1452.8,15722
1719302400,1453.25,1454.15,1450.7,1452.85,21097
1719302700,1452.9,1453.25,1450.1,1450.75,20321
1719303000,1450.9,1454.65,1450.9,1452.0,30947
1719303300,1452.0,1453.6,1450.8,1451.5,13495
1719303600,1451.6,1454.55,1450.25,1451.45,24216
1719303900,1451.15,1454.7,1450.0,1452.05,38443
1719304200,1452.05,1454.2,1450.1,1453.0,25510
1719304500,1453.6,1455.15,1451.0,1453.6,23975
1719304800,1453.7,1456.65,1452.6,1455.75,17805
1719305100,1455.75,1456.8,1453.5,1455.35,12352
1719305400,1455.6,1458.2,1454.65,1457.35,20330
1719305700,1458.15,1460.45,1455.9,1459.0,40537
1719306000,1459.0,1463.9,1458.15,1462.8,32233
1719306300,1463.1,1463.5,1459.05,1460.25,29755
1719306600,1460.2,1462.95,1456.1,1457.45,24884
1719306900,1457.15,1457.3,1453.8,1454.7,20465
1719307200,1454.85,1461.95,1453.95,1459.65,19294
1719307500,1459.2,1460.0,1454.9,1456.8,26054
1719307800,1457.05,1458.55,1454.9,1456.7,71407
1719308100,1456.9,1462.95,1454.3,1462.95,76560
1719308400,1461.3,1466.85,1459.4,1464.3,123191
1719308700,1464.55,1466.7,1461.7,1464.6,55013
1719309000,1464.6,1467.5,1463.0,1464.9,52684
1719309300,1464.8,1465.0,1460.5,1461.0,23654
1719373500,1462.0,1467.0,1460.15,1460.6,10131
1719373800,1460.6,1461.1,1458.35,1458.35,5561
1719374100,1458.35,1460.45,1457.6,1457.6,16479
1719374400,1457.7,1460.0,1457.0,1458.7,3189
1719374700,1458.7,1459.0,1457.15,1458.45,2544
1719375000,1458.45,1459.5,1457.05,1457.7,48558
1719375300,1457.7,1458.05,1456.25,1457.45,2871
1719375600,1456.8,1457.45,1455.45,1456.15,2046
1719375900,1456.4,1456.4,1454.05,1455.35,12035
1719376200,1455.35,1460.95,1455.35,1460.95,6476
1719376500,1460.95,1464.15,1460.8,1463.45,10366
1719376800,1463.45,1467.45,1463.15,1465.7,10228
1719377100,1466.35,1467.0,1465.35,1466.95,6995
1719377400,1466.2,1466.9,1465.0,1465.0,8540
1719377700,1465.0,1468.95,1465.0,1468.85,9308
1719378000,1468.85,1469.8,1466.85,1466.85,6333
1719378300,1466.85,1468.45,1466.2,1467.95,3865
1719378600,1467.95,1470.6,1467.95,1469.05,5352
1719378900,1469.5,1470.95,1469.0,1470.65,6793
1719379200,1470.65,1471.15,1469.65,1470.95,5818
1719379500,1470.85,1472.0,1469.45,1472.0,7509
1719379800,1472.0,1475.65,1471.45,1474.7,23609
1719380100,1475.0,1475.0,1472.15,1473.7,7817
1719380400,1473.7,1473.7,1467.55,1467.55,7226
1719380700,1467.25,1468.45,1466.0,1466.8,4119
1719381000,1466.8,1468.55,1466.5,1468.2,7662
1719381300,1468.2,1468.2,1463.55,1464.15,7245
1719381600,1464.15,1467.2,1464.15,1466.2,2759
1719381900,1467.15,1467.15,1464.55,1466.0,3237
1719382200,1466.0,1466.0,1462.3,1465.6,3958
1719382500,1465.7,1465.8,1461.55,1462.2,6515
1719382800,1462.0,1463.7,1461.4,1463.6,5041
1719383100,1463.55,1465.1,1460.6,1460.8,11481
1719383400,1460.8,1464.35,1460.7,1461.8,15189
1719383700,1461.55,1461.7,1460.1,1460.55,14090
1719384000,1460.55,1461.6,1457.4,1457.8,10695
1719384300,1457.65,1459.55,1457.3,1458.95,11939
1719384600,1459.5,1463.45,1459.15,1462.8,13425
1719384900,1462.45,1464.4,1460.2,1461.75,15190
1719385200,1461.7,1462.5,1460.3,1460.75,13929
1719385500,1460.85,1462.5,1460.85,1461.4,8757
1719385800,1461.45,1461.5,1457.6,1457.65,7721
1719386100,1458.35,1458.45,1455.25,1458.45,9923
1719386400,1458.55,1461.3,1457.2,1457.25,10025
1719386700,1457.3,1457.9,1454.1,1454.4,10664
1719387000,1454.4,1454.95,1451.1,1451.8,9365
1719387300,1451.15,1452.65,1450.2,1452.0,10399
1719387600,1452.0,1452.95,1450.1,1450.25,10795
1719387900,1450.35,1451.9,1450.25,1450.4,6760
1719388200,1450.45,1451.75,1450.0,1450.1,7452
1719388500,1450.0,1455.0,1450.0,1451.65,6847
1719388800,1451.3,1453.7,1451.0,1452.8,5129
1719389100,1452.6,1455.0,1450.0,1450.3,25140
1719389400,1450.15,1451.9,1449.95,1450.6,7257
1719389700,1450.55,1451.1,1449.5,1449.65,7294
1719390000,1449.6,1450.65,1448.55,1450.0,9018
1719390300,1450.15,1450.4,1449.1,1450.4,6782
1719390600,1451.1,1453.0,1450.05,1451.85,10500
1719390900,1452.35,1454.35,1451.75,1451.75,5901
1719391200,1451.75,1454.0,1451.75,1453.1,4288
1719391500,1453.3,1454.8,1452.55,1454.25,4996
1719391800,1454.25,1454.45,1452.05,1453.1,5004
1719392100,1453.05,1453.1,1451.9,1452.1,5793
1719392400,1452.4,1452.45,1450.65,1451.65,7138
1719392700,1451.65,1454.1,1451.4,1451.4,6088
1719393000,1451.4,1453.6,1451.4,1453.25,6922
1719393300,1453.25,1453.4,1451.0,1452.0,4469
1719393600,1452.4,1453.2,1451.5,1451.5,3914
1719393900,1451.55,1452.2,1451.05,1451.55,6298
1719394200,1451.35,1453.2,1451.35,1452.1,20679
1719394500,1452.1,1452.35,1450.45,1450.9,31132
1719394800,1450.8,1452.6,1450.8,1451.6,25763
1719395100,1451.6,1451.6,1449.6,1449.6,28835
1719395400,1450.05,1452.0,1449.75,1450.15,34865
1719395700,1450.2,1451.45,1447.0,1450.8,32584
1719459900,1445.0,1457.0,1437.55,1441.05,21922
1719460200,1441.0,1444.45,1440.7,1443.05,9226
1719460500,1443.05,1443.75,1442.0,1442.0,4568
1719460800,1442.0,1442.7,1440.5,1440.5,20137
1719461100,1440.5,1446.0,1440.5,1444.05,6675
1719461400,1445.0,1446.6,1444.1,1444.2,4324
1719461700,1444.2,1446.45,1443.85,1444.95,2816
1719462000,1444.95,1446.0,1442.6,1446.0,4582
1719462300,1446.45,1456.0,1445.7,1455.0,27253
1719462600,1455.0,1460.0,1454.05,1459.75,15611
1719462900,1460.4,1464.3,1459.0,1463.4,24303
1719463200,1463.4,1464.0,1460.55,1461.35,10878
1719463500,1461.75,1461.9,1459.0,1459.75,4694
1719463800,1459.75,1461.85,1459.75,1461.8,4666
1719464100,1461.8,1464.5,1460.5,1463.6,16794
1719464400,1463.6,1465.0,1459.0,1459.5,19635
1719464700,1460.15,1461.9,1458.55,1459.15,8661
1719465000,1459.55,1460.2,1453.45,1455.0,6832
1719465300,1455.0,1455.25,1453.05,1454.95,3566
1719465600,1455.05,1455.6,1451.1,1451.85,2991
1719465900,1451.85,1454.0,1451.7,1453.85,3602
1719466200,1453.85,1459.4,1453.1,1458.35,4411
1719466500,1459.25,1459.25,1455.0,1455.5,10654
1719466800,1455.5,1459.65,1455.05,1459.6,9345
1719467100,1459.6,1460.0,1458.15,1458.5,7426
1719467400,1458.8,1460.7,1457.75,1460.6,5650
1719467700,1460.45,1461.0,1457.45,1458.6,2065
1719468000,1458.6,1460.45,1458.0,1458.0,4338
1719468300,1458.0,1459.4,1456.15,1459.3,4294
1719468600,1459.3,1461.65,1458.55,1461.1,7609
1719468900,1461.05,1463.5,1460.1,1460.65,8018
1719469200,1460.6,1463.0,1458.75,1459.8,8020
1719469500,1459.75,1463.35,1459.15,1462.4,12810
1719469800,1462.4,1462.7,1460.55,1462.5,6129
1719470100,1462.5,1462.5,1458.7,1459.1,3362
1719470400,1459.5,1463.6,1459.35,1462.8,22202
1719470700,1463.0,1463.45,1461.7,1462.65,14619
1719471000,1462.65,1462.65,1460.0,1461.7,8376
1719471300,1461.7,1462.7,1460.1,1461.4,8132
1719471600,1461.35,1462.0,1459.4,1461.1,7502
1719471900,1461.1,1461.9,1458.2,1459.45,7700
1719472200,1459.4,1459.75,1456.95,1459.0,15226
1719472500,1459.0,1462.0,1458.55,1461.9,8455
1719472800,1461.95,1462.0,1458.35,1458.35,12413
1719473100,1459.05,1460.35,1455.45,1456.35,8238
1719473400,1456.3,1459.7,1455.45,1459.1,7607
1719473700,1458.95,1459.4,1454.95,1455.85,18694
1719474000,1455.85,1457.15,1455.15,1456.8,3418
1719474300,1456.8,1459.7,1456.0,1459.7,4671
1719474600,1459.7,1461.4,1458.05,1458.05,3952
1719474900,1458.6,1459.4,1454.55,1456.3,5157
1719475200,1456.25,1457.7,1453.05,1455.25,8571
1719475500,1455.5,1455.8,1451.6,1454.6,7206
1719475800,1454.85,1455.0,1451.65,1452.75,9764
1719476100,1452.65,1454.6,1451.5,1452.6,11023
1719476400,1452.6,1454.1,1451.2,1452.65,8733
1719476700,1452.5,1454.85,1451.9,1454.3,5593
1719477000,1454.8,1458.3,1452.5,1454.3,11306
1719477300,1454.4,1454.7,1450.45,1452.05,9216
1719477600,1452.15,1455.9,1450.9,1455.9,13037
1719477900,1455.45,1460.3,1455.25,1457.5,163489
1719478200,1456.85,1459.05,1455.0,1455.35,23618
1719478500,1455.9,1457.15,1455.0,1455.0,22863
1719478800,1455.6,1457.0,1454.5,1456.0,39386
1719479100,1455.05,1460.3,1455.0,1458.3,34873
1719479400,1458.0,1461.0,1455.7,1458.8,22047
1719479700,1458.85,1461.8,1456.6,1460.05,21821
1719480000,1460.05,1462.9,1459.75,1461.45,23310
1719480300,1461.85,1462.65,1459.3,1461.9,28063
1719480600,1461.85,1463.55,1458.3,1462.85,112400
1719480900,1462.5,1464.7,1457.45,1459.2,124753
1719481200,1458.7,1462.4,1455.4,1461.95,110909
1719481500,1461.95,1469.9,1461.75,1469.25,81739
1719481800,1469.45,1473.65,1466.85,1468.35,84764
1719482100,1468.35,1469.35,1458.9,1463.3,39115
1719546300,1450.1,1477.0,1450.0,1473.45,52789
1719546600,1472.85,1476.65,1472.55,1476.5,20709
1719546900,1476.5,1476.9,1470.6,1472.85,20214
1719547200,1472.85,1473.35,1466.05,1466.9,19064
1719547500,1466.5,1473.35,1466.5,1473.0,8150
1719547800,1473.0,1473.1,1470.75,1471.8,4600
1719548100,1471.8,1478.0,1470.9,1476.4,22027
1719548400,1476.4,1477.0,1474.6,1477.0,14810
1719548700,1477.0,1483.85,1476.05,1483.6,35291
1719549000,1483.8,1488.3,1482.55,1486.0,47588
1719549300,1486.0,1493.0,1485.75,1493.0,50676
1719549600,1492.5,1494.0,1488.2,1491.75,25862
1719549900,1491.55,1492.0,1488.15,1491.4,23192
1719550200,1490.75,1497.7,1489.6,1497.65,45765
1719550500,1497.7,1498.0,1495.0,1497.4,39419
1719550800,1497.7,1498.8,1491.55,1491.6,37373
1719551100,1491.7,1492.25,1487.05,1488.2,27274
1719551400,1488.0,1492.75,1487.95,1490.15,10475
1719551700,1489.95,1490.55,1487.5,1489.45,13808
1719552000,1490.35,1490.95,1483.4,1484.0,16239
1719552300,1483.45,1488.35,1483.0,1487.0,14737
1719552600,1487.0,1488.3,1484.4,1485.7,12184
1719552900,1485.75,1486.8,1484.05,1485.35,8037
1719553200,1485.35,1487.2,1485.15,1486.75,5867
1719553500,1486.05,1486.8,1482.55,1483.0,7515
1719553800,1483.0,1483.6,1478.75,1480.85,14731
1719554100,1480.85,1483.35,1479.1,1479.1,6253
1719554400,1479.05,1480.5,1477.9,1480.0,14016
1719554700,1480.0,1481.7,1480.0,1480.65,5073
1719555000,1480.0,1480.65,1477.8,1479.7,9123
1719555300,1479.55,1486.0,1479.55,1483.0,9091
1719555600,1483.0,1483.8,1481.0,1481.0,2596
1719555900,1481.05,1483.25,1480.75,1482.1,6377
1719556200,1482.1,1484.45,1481.55,1482.6,3879
1719556500,1482.1,1489.0,1481.95,1489.0,11494
1719556800,1489.0,1489.0,1484.8,1484.9,4792
1719557100,1484.9,1484.9,1482.9,1484.7,9449
1719557400,1484.6,1486.15,1483.45,1485.6,9240
1719557700,1485.6,1485.9,1482.65,1484.95,5506
1719558000,1484.55,1484.9,1481.95,1482.95,5746
1719558300,1482.75,1482.95,1480.25,1481.8,6091
1719558600,1481.85,1482.45,1480.85,1481.95,7388
1719558900,1482.0,1482.0,1479.0,1479.75,9088
1719559200,1479.75,1480.0,1477.75,1480.0,7431
1719559500,1479.95,1482.65,1479.8,1481.3,10450
1719559800,1482.0,1483.25,1481.4,1481.8,7302
1719560100,1481.8,1482.25,1480.2,1480.95,3260
1719560400,1480.95,1483.95,1480.4,1483.7,9138
1719560700,1483.7,1484.95,1482.05,1482.05,4270
1719561000,1482.25,1482.45,1479.65,1480.4,3410
1719561300,1480.4,1483.55,1480.0,1481.35,5978
1719561600,1481.45,1484.9,1481.45,1483.2,6816
1719561900,1483.1,1483.45,1482.0,1483.0,6244
1719562200,1482.95,1485.0,1482.3,1484.5,8787
1719562500,1484.15,1486.2,1484.15,1485.15,7182
1719562800,1485.15,1485.25,1484.0,1484.5,4083
1719563100,1484.45,1486.65,1484.45,1485.95,17501
1719563400,1486.25,1486.7,1485.0,1485.8,17412
1719563700,1485.8,1486.7,1485.15,1486.0,30645
1719564000,1486.0,1489.9,1485.9,1488.9,33794
1719564300,1488.9,1489.6,1487.55,1489.1,22227
1719564600,1489.1,1489.2,1486.15,1486.15,20298
1719564900,1486.2,1489.0,1486.2,1487.35,19987
1719565200,1488.7,1488.75,1482.0,1482.85,24992
1719565500,1482.55,1484.7,1482.55,1483.95,12882
1719565800,1483.95,1487.45,1483.95,1487.2,21066
1719566100,1487.2,1488.4,1486.55,1488.0,14696
1719566400,1488.05,1490.5,1486.35,1490.35,23723
1719566700,1490.35,1492.9,1490.05,1490.75,30756
1719567000,1490.75,1494.9,1490.7,1492.7,73485
1719567300,1492.8,1495.2,1490.6,1493.3,81101
1719567600,1493.35,1494.15,1489.3,1490.0,76227
1719567900,1489.95,1493.2,1489.95,1491.95,77509
1719568200,1492.0,1492.15,1489.35,1490.85,74720
1719568500,1490.9,1492.0,1487.0,1491.0,52051
1719805500,1491.95,1496.95,1485.4,1486.7,26385
1719805800,1486.7,1489.6,1483.7,1487.6,17091
1719806100,1487.6,1488.9,1485.55,1486.0,9358
1719806400,1486.0,1486.6,1482.5,1482.55,10345
1719806700,1482.55,1484.1,1481.9,1482.35,6647
1719807000,1482.35,1484.7,1482.0,1484.35,5261
1719807300,1484.35,1489.2,1483.5,1488.45,6670
1719807600,1488.45,1489.1,1487.35,1488.55,5682
1719807900,1488.55,1488.85,1486.65,1488.0,2893
1719808200,1488.25,1489.75,1486.6,1489.75,3365
1719808500,1489.75,1490.55,1488.25,1488.25,4300
1719808800,1488.25,1489.45,1485.15,1488.85,3796
1719809100,1488.85,1491.4,1488.25,1491.4,4531
1719809400,1491.4,1495.85,1491.05,1494.9,6498
1719809700,1494.9,1495.6,1494.3,1494.95,4177
1719810000,1494.95,1497.0,1494.6,1496.9,10732
1719810300,1496.9,1503.85,1496.9,1502.2,21871
1719810600,1501.7,1502.3,1500.45,1501.25,8249
1719810900,1501.25,1501.65,1495.55,1497.7,12325
1719811200,1497.7,1500.0,1497.3,1499.05,6698
1719811500,1499.05,1499.05,1497.65,1498.65,3282
1719811800,1498.65,1500.0,1498.0,1498.8,6237
1719812100,1498.0,1498.5,1496.35,1496.95,8422
1719812400,1496.95,1497.0,1494.05,1495.3,34251
1719812700,1495.3,1498.65,1495.0,1498.65,2289
1719813000,1498.65,1500.0,1498.0,1499.95,2657
1719813300,1499.95,1499.95,1498.95,1499.4,1663
1719813600,1499.4,1500.0,1498.0,1498.05,2891
1719813900,1498.05,1499.35,1497.5,1499.3,2948
1719814200,1499.3,1501.5,1498.8,1500.55,6581
1719814500,1501.4,1501.5,1500.45,1501.2,1898
1719814800,1501.5,1503.0,1500.0,1500.8,9081
1719815100,1501.5,1502.0,1500.55,1501.95,3135
1719815400,1501.95,1502.85,1501.0,1501.55,3900
1719815700,1501.55,1501.6,1499.95,1499.95,3306
1719816000,1500.05,1500.2,1499.05,1499.45,2520
1719816300,1499.5,1501.25,1499.4,1500.7,3310
1719816600,1500.2,1501.0,1500.0,1501.0,2231
1719816900,1501.4,1502.0,1500.65,1501.95,2183
1719817200,1501.95,1503.0,1498.3,1502.55,9937
1719817500,1502.85,1504.85,1501.65,1503.05,8344
1719817800,1503.15,1504.5,1502.9,1504.25,4192
1719818100,1504.25,1506.4,1502.25,1502.7,8825
1719818400,1502.7,1503.6,1502.1,1502.65,2303
1719818700,1502.9,1502.9,1500.85,1500.95,4145
1719819000,1500.95,1503.15,1500.85,1502.55,3274
1719819300,1502.55,1503.45,1501.5,1503.3,39597
1719819600,1503.3,1505.0,1503.0,1504.35,3915
1719819900,1504.35,1506.5,1503.45,1505.7,4293
1719820200,1505.05,1506.15,1503.9,1505.9,3477
1719820500,1505.9,1506.0,1505.05,1505.1,2299
1719820800,1505.1,1506.6,1504.0,1506.0,11611
1719821100,1506.0,1511.0,1505.75,1509.1,19360
1719821400,1509.05,1510.1,1508.5,1509.7,6722
1719821700,1509.7,1511.9,1509.1,1511.65,11112
1719822000,1511.2,1511.7,1507.65,1508.45,8042
1719822300,1508.45,1508.75,1504.0,1505.0,12986
1719822600,1505.0,1505.8,1502.1,1502.55,6996
1719822900,1502.75,1502.9,1500.25,1500.55,8573
1719823200,1500.5,1502.55,1499.05,1501.65,14657
1719823500,1501.4,1503.0,1500.6,1502.0,8062
1719823800,1502.0,1502.3,1501.45,1501.95,14612
1719824100,1502.15,1502.15,1499.6,1500.2,15422
1719824400,1500.2,1500.85,1499.1,1500.0,14172
1719824700,1500.0,1501.0,1499.5,1499.95,8079
1719825000,1499.85,1501.0,1499.15,1500.7,56524
1719825300,1500.7,1500.7,1500.05,1500.4,6889
1719825600,1500.3,1500.4,1499.5,1499.85,9274
1719825900,1499.8,1500.5,1497.3,1500.05,18257
1719826200,1500.45,1501.5,1498.0,1500.9,40432
1719826500,1500.9,1503.0,1500.8,1502.85,17956
1719826800,1502.85,1502.95,1502.0,1502.2,17677
1719827100,1502.3,1502.65,1502.0,1502.65,37331
1719827400,1502.65,1503.85,1502.0,1502.7,24485
1719827700,1502.6,1502.8,1501.35,1502.8,24978
1719891900,1507.0,1510.35,1501.05,1506.15,38031
1719892200,1506.15,1506.15,1495.0,1496.3,35291
1719892500,1496.0,1496.45,1489.15,1490.15,48389
1719892800,1490.15,1492.2,1486.6,1487.65,46771
1719893100,1487.65,1490.0,1483.2,1488.0,34194
1719893400,1488.05,1491.2,1481.5,1482.1,48519
1719893700,1481.85,1482.45,1477.2,1480.95,43280
1719894000,1481.1,1484.0,1472.05,1475.0,59538
1719894300,1475.0,1476.4,1468.1,1469.8,48201
1719894600,1469.8,1474.5,1469.6,1472.55,43904
1719894900,1472.5,1473.95,1469.0,1471.25,44523
1719895200,1471.25,1474.15,1470.65,1473.95,18824
1719895500,1473.55,1475.95,1471.35,1472.05,27773
1719895800,1471.65,1475.2,1471.65,1475.2,12781
1719896100,1475.15,1477.6,1475.05,1476.6,12419
1719896400,1476.75,1480.8,1476.1,1478.65,14570
1719896700,1478.65,1482.0,1477.6,1481.3,11333
1719897000,1481.85,1484.55,1481.1,1484.1,9445
1719897300,1484.1,1486.5,1483.5,1486.0,7671
1719897600,1486.0,1492.2,1485.3,1492.2,13428
1719897900,1492.2,1492.2,1490.25,1491.2,7589
1719898200,1491.25,1492.0,1487.05,1488.2,10861
1719898500,1488.4,1492.0,1488.1,1489.75,6544
1719898800,1490.65,1491.95,1488.55,1490.65,3735
1719899100,1491.2,1491.4,1486.0,1487.1,9603
1719899400,1487.1,1490.6,1486.3,1490.1,5241
1719899700,1490.1,1490.7,1488.5,1490.05,3857
1719900000,1490.1,1494.0,1490.0,1493.9,15948
1719900300,1493.9,1494.4,1484.8,1490.35,29641
1719900600,1490.0,1492.0,1487.25,1489.7,26266
1719900900,1489.45,1494.7,1487.0,1492.15,33714
1719901200,1492.45,1497.3,1491.5,1495.25,26962
1719901500,1495.25,1497.95,1493.05,1496.55,19180
1719901800,1497.2,1498.05,1494.55,1495.5,11095
1719902100,1495.5,1495.75,1493.3,1493.85,4620
1719902400,1494.55,1498.8,1491.15,1492.75,40871
1719902700,1493.4,1494.5,1487.6,1491.55,10673
1719903000,1490.9,1493.6,1490.05,1492.25,7732
1719903300,1492.25,1493.2,1491.1,1492.5,4977
1719903600,1492.65,1494.15,1491.1,1491.5,5312
1719903900,1491.5,1492.4,1485.75,1488.3,14532
1719904200,1488.3,1488.85,1485.25,1486.9,8274
1719904500,1486.65,1490.75,1485.25,1488.9,13093
1719904800,1489.1,1490.05,1486.35,1488.65,11684
1719905100,1488.3,1489.9,1484.2,1484.65,10894
1719905400,1484.9,1488.6,1481.35,1483.55,25873
1719905700,1483.7,1484.4,1481.65,1484.05,9769
1719906000,1484.0,1490.65,1482.05,1487.35,14473
1719906300,1487.15,1490.75,1485.75,1490.2,8057
1719906600,1490.65,1491.3,1487.5,1488.8,6601
1719906900,1488.75,1489.15,1484.0,1484.9,4789
1719907200,1484.9,1487.35,1484.05,1486.4,5971
1719907500,1485.95,1488.6,1485.25,1486.6,5719
1719907800,1486.6,1488.35,1483.1,1484.65,4796
1719908100,1484.75,1487.0,1483.8,1485.6,2985
1719908400,1485.25,1486.65,1484.55,1485.9,4307
1719908700,1485.85,1490.15,1485.35,1487.9,8137
1719909000,1488.8,1490.7,1487.8,1489.7,5257
1719909300,1489.5,1494.2,1489.5,1491.75,7564
1719909600,1491.75,1497.4,1490.0,1496.95,16651
1719909900,1496.9,1499.55,1495.95,1498.95,20772
1719910200,1498.65,1499.85,1497.6,1498.0,12935
1719910500,1498.0,1499.45,1497.0,1497.45,12090
1719910800,1497.4,1498.95,1495.55,1496.8,10225
1719911100,1496.8,1499.0,1496.15,1496.7,11037
1719911400,1496.5,1498.0,1494.7,1497.05,17570
1719911700,1497.25,1497.5,1492.75,1494.6,22231
1719912000,1494.65,1497.4,1494.05,1495.85,16022
1719912300,1496.2,1497.8,1494.65,1495.75,24168
1719912600,1495.9,1496.25,1493.0,1494.65,55466
1719912900,1494.6,1497.15,1491.6,1496.35,40029
1719913200,1496.55,1497.15,1493.55,1494.15,38289
1719913500,1494.15,1496.55,1493.6,1494.95,31539
1719913800,1494.95,1495.6,1494.05,1495.5,30688
1719914100,1495.5,1495.85,1488.65,1492.0,26387
1719978300,1503.0,1505.0,1486.2,1502.4,18323
1719978600,1502.25,1504.3,1499.85,1501.9,10521
1719978900,1501.9,1503.0,1498.35,1498.6,5397
1719979200,1498.55,1500.35,1497.15,1497.15,3988
1719979500,1497.95,1501.3,1497.05,1500.0,4657
1719979800,1500.0,1502.45,1498.0,1501.15,4231
1719980100,1501.15,1503.0,1500.9,1501.95,11114
1719980400,1501.95,1502.9,1500.9,1502.1,2874
1719980700,1502.0,1504.15,1500.5,1502.1,26664
1719981000,1502.35,1502.6,1499.85,1501.05,5206
1719981300,1501.05,1501.05,1498.4,1498.6,1319
1719981600,1499.0,1500.0,1498.55,1500.0,103293
1719981900,1500.0,1502.5,1499.35,1502.5,1552
1719982200,1502.5,1503.55,1501.05,1501.05,2043
1719982500,1501.95,1501.95,1500.0,1500.0,1602
1719982800,1500.0,1500.4,1498.6,1499.25,2765
1719983100,1499.25,1500.1,1498.85,1500.0,755
1719983400,1500.1,1500.1,1498.95,1499.0,1660
1719983700,1499.45,1499.75,1497.3,1498.4,3879
1719984000,1499.45,1499.45,1498.0,1499.0,2654
1719984300,1499.0,1499.85,1498.0,1499.0,2542
1719984600,1498.9,1500.0,1497.7,1500.0,4791
1719984900,1500.0,1500.0,1498.15,1498.65,614
1719985200,1498.6,1499.75,1497.5,1498.65,1794
1719985500,1498.65,1499.95,1498.6,1499.65,2217
1719985800,1499.55,1501.4,1499.05,1500.0,5290
1719986100,1500.35,1500.7,1498.6,1499.45,52777
1719986400,1499.4,1504.9,1499.2,1504.55,6763
1719986700,1505.0,1505.65,1502.9,1504.3,13046
1719987000,1504.25,1505.15,1502.1,1502.35,3822
1719987300,1502.8,1504.0,1501.8,1503.15,3257
1719987600,1503.15,1504.0,1502.2,1502.85,2722
1719987900,1503.05,1503.25,1500.75,1501.8,1590
1719988200,1501.8,1505.2,1501.25,1505.0,6279
1719988500,1505.05,1505.2,1502.75,1503.95,4616
1719988800,1504.5,1504.8,1503.2,1503.25,1870
1719989100,1504.2,1504.5,1503.05,1504.15,2699
1719989400,1504.15,1505.0,1503.05,1504.3,1682
1719989700,1504.3,1506.7,1503.65,1504.35,11886
1719990000,1504.4,1505.35,1503.0,1504.35,4175
1719990300,1504.2,1506.4,1503.6,1506.25,23371
1719990600,1506.0,1506.95,1505.25,1506.4,4097
1719990900,1506.45,1506.45,1504.0,1504.55,3911
1719991200,1504.55,1505.45,1504.05,1504.95,1813
1719991500,1504.95,1506.0,1504.5,1505.0,2974
1719991800,1505.0,1505.0,1504.0,1504.85,1635
1719992100,1504.5,1504.85,1503.1,1503.55,2465
1719992400,1503.55,1503.9,1502.2,1503.65,2801
1719992700,1503.25,1504.0,1503.2,1504.0,702
1719993000,1504.0,1505.0,1503.9,1504.15,2964
1719993300,1504.8,1505.0,1504.05,1504.55,934
1719993600,1504.55,1504.7,1504.0,1504.3,971
1719993900,1504.2,1504.7,1503.6,1504.15,712
1719994200,1503.8,1504.25,1502.3,1502.95,4990
1719994500,1503.8,1503.85,1502.9,1503.55,756
1719994800,1503.0,1503.6,1499.05,1499.65,3739
1719995100,1499.7,1500.2,1496.7,1498.6,3517
1719995400,1498.5,1499.45,1498.0,1498.9,830
1719995700,1499.15,1499.15,1495.2,1496.5,2928
1719996000,1496.55,1497.75,1495.75,1497.45,1796
1719996300,1497.4,1497.4,1495.25,1496.4,791
1719996600,1496.4,1497.05,1495.25,1495.5,859
1719996900,1495.5,1496.55,1492.55,1495.55,5447
1719997200,1495.55,1495.9,1493.85,1495.15,2408
1719997500,1495.15,1495.75,1493.7,1494.95,10294
1719997800,1494.55,1495.75,1493.8,1495.7,7298
1719998100,1495.2,1496.0,1494.15,1495.9,4480
1719998400,1495.95,1496.0,1495.0,1495.7,2188
1719998700,1495.6,1495.9,1494.3,1494.65,2821
1719999000,1494.7,1497.55,1494.1,1496.65,10498
1719999300,1496.65,1497.5,1496.0,1496.7,10084
1719999600,1496.75,1497.1,1494.7,1496.9,12517
1719999900,1496.9,1497.25,1495.05,1496.2,10990
1720000200,1496.2,1498.0,1494.2,1496.3,16271
1720000500,1496.3,1497.9,1491.2,1496.0,13969
1720064700,1496.4,1503.8,1492.25,1500.95,20797
1720065000,1500.85,1504.4,1500.0,1503.45,5754
1720065300,1503.45,1509.85,1502.85,1509.2,42576
1720065600,1508.45,1509.9,1504.25,1505.15,14993
1720065900,1505.15,1507.1,1503.05,1503.05,5150
1720066200,1502.6,1509.0,1502.6,1508.95,11581
1720066500,1509.0,1514.45,1508.75,1512.05,36800
1720066800,1512.05,1516.6,1511.15,1515.25,32090
1720067100,1515.45,1518.0,1512.9,1515.5,25909
1720067400,1515.65,1517.0,1513.75,1516.25,13816
1720067700,1517.0,1518.85,1513.6,1513.8,16257
1720068000,1513.85,1515.15,1511.0,1511.45,14557
1720068300,1511.3,1513.05,1508.95,1510.3,13803
1720068600,1510.3,1511.35,1502.25,1502.85,20823
1720068900,1502.75,1503.0,1498.6,1500.1,21099
1720069200,1500.1,1503.2,1500.1,1501.95,12512
1720069500,1502.15,1503.85,1501.3,1503.45,7030
1720069800,1503.45,1503.85,1500.9,1501.95,13632
1720070100,1501.95,1503.55,1500.1,1502.45,10521
1720070400,1502.05,1503.6,1500.6,1502.65,12639
1720070700,1502.65,1505.7,1501.35,1502.85,12691
1720071000,1502.85,1505.7,1501.6,1504.1,7765
1720071300,1504.1,1508.3,1503.15,1504.3,14089
1720071600,1504.25,1505.45,1502.25,1503.4,8152
1720071900,1503.4,1506.45,1503.4,1505.4,9675
1720072200,1505.8,1506.7,1504.65,1506.0,5717
1720072500,1505.9,1507.6,1505.2,1506.2,5822
1720072800,1506.2,1506.45,1504.7,1505.0,6649
1720073100,1505.9,1506.4,1505.0,1505.3,9022
1720073400,1505.05,1505.75,1501.0,1501.55,30771
1720073700,1501.55,1503.55,1501.5,1502.0,14373
1720074000,1502.0,1504.35,1501.95,1504.25,12454
1720074300,1504.15,1506.4,1504.0,1505.2,8510
1720074600,1505.65,1507.7,1505.5,1506.25,10045
1720074900,1506.25,1507.2,1505.95,1506.35,11588
1720075200,1506.35,1506.95,1502.5,1503.1,10651
1720075500,1503.1,1506.7,1502.5,1506.2,10670
1720075800,1506.1,1508.8,1506.0,1506.4,7522
1720076100,1506.25,1508.15,1505.1,1506.25,12729
1720076400,1506.25,1508.05,1506.0,1506.65,5972
1720076700,1506.15,1507.5,1506.0,1507.1,5810
1720077000,1507.1,1507.2,1505.95,1506.95,7839
1720077300,1506.95,1507.2,1502.0,1502.9,29349
1720077600,1502.55,1504.35,1501.75,1502.4,28718
1720077900,1502.5,1503.0,1500.0,1501.0,83736
1720078200,1501.0,1501.65,1500.0,1500.15,33567
1720078500,1500.0,1501.8,1499.75,1501.35,8174
1720078800,1501.35,1501.85,1499.6,1501.15,8810
1720079100,1501.15,1501.65,1499.65,1500.7,9665
1720079400,1500.7,1501.95,1499.65,1500.35,11173
1720079700,1500.35,1504.3,1500.35,1504.3,8997
1720080000,1504.05,1504.5,1501.95,1502.7,13521
1720080300,1502.7,1504.6,1501.85,1503.4,14865
1720080600,1503.45,1504.85,1502.3,1503.0,12513
1720080900,1503.0,1503.65,1500.05,1500.8,8761
1720081200,1500.25,1501.3,1499.0,1500.9,13828
1720081500,1500.9,1501.35,1500.0,1500.3,8783
1720081800,1500.3,1501.7,1500.0,1501.25,15037
1720082100,1501.25,1503.6,1500.0,1503.1,20692
1720082400,1503.1,1505.8,1503.1,1505.8,16350
1720082700,1505.8,1508.0,1502.35,1507.35,43431
1720083000,1507.35,1511.8,1505.05,1511.5,50203
1720083300,1511.5,1511.55,1508.75,1510.0,14397
1720083600,1510.0,1511.9,1506.05,1508.55,53490
1720083900,1508.55,1511.2,1507.7,1511.2,7447
1720084200,1511.15,1512.75,1509.7,1512.4,29661
1720084500,1512.4,1512.5,1509.2,1510.7,20698
1720084800,1510.8,1511.0,1507.75,1509.3,15444
1720085100,1509.3,1509.65,1506.25,1507.2,14592
1720085400,1507.2,1507.95,1505.2,1506.3,30846
1720085700,1506.3,1508.4,1505.2,1507.25,31457
1720086000,1506.85,1510.8,1506.75,1509.95,31997
1720086300,1509.95,1510.0,1506.75,1509.3,27386
1720086600,1509.3,1509.3,1505.0,1505.65,37970
1720086900,1505.65,1509.65,1505.6,1506.1,26566
1720151100,1507.75,1516.7,1505.45,1510.0,29541
1720151400,1509.95,1514.3,1506.05,1513.75,17455
1720151700,1513.75,1517.9,1510.5,1517.0,21592
1720152000,1517.5,1519.2,1515.2,1515.95,19075
1720152300,1515.25,1521.85,1515.25,1520.65,25931
1720152600,1521.3,1524.5,1520.35,1521.85,22977
1720152900,1522.4,1522.65,1516.2,1518.65,35979
1720153200,1518.65,1519.85,1516.75,1519.1,10495
1720153500,1518.95,1521.0,1518.0,1520.25,14164
1720153800,1520.3,1520.95,1518.55,1519.75,6929
1720154100,1519.75,1520.0,1518.0,1518.0,8984
1720154400,1518.0,1520.1,1518.0,1519.1,8373
1720154700,1519.1,1522.0,1519.1,1521.1,12090
1720155000,1521.15,1521.7,1519.0,1520.0,4901
1720155300,1520.0,1523.7,1520.0,1521.45,13228
1720155600,1521.75,1523.4,1520.4,1521.1,10955
1720155900,1520.75,1522.45,1519.0,1520.05,9538
1720156200,1519.9,1521.1,1519.75,1520.2,5375
1720156500,1519.9,1521.0,1518.9,1520.35,6717
1720156800,1520.35,1520.4,1519.0,1519.9,6547
1720157100,1519.9,1520.25,1518.0,1520.25,7460
1720157400,1520.6,1522.0,1519.55,1520.25,10080
1720157700,1520.25,1521.5,1518.1,1519.75,9701
1720158000,1519.8,1521.7,1518.55,1520.75,8701
1720158300,1520.75,1521.95,1519.05,1519.6,10541
1720158600,1519.6,1523.0,1519.6,1523.0,10151
1720158900,1523.45,1523.45,1520.55,1520.55,9173
1720159200,1521.2,1521.8,1521.0,1521.25,5312
1720159500,1521.15,1523.5,1521.0,1522.6,16692
1720159800,1522.6,1523.4,1521.0,1522.0,4769
1720160100,1522.0,1523.5,1520.2,1521.4,4925
1720160400,1521.4,1523.0,1520.6,1521.65,3672
1720160700,1521.65,1522.4,1520.6,1522.4,2238
1720161000,1522.4,1522.4,1520.0,1521.4,15551
1720161300,1521.4,1521.4,1520.25,1520.25,4730
1720161600,1520.8,1521.0,1519.1,1520.15,3248
1720161900,1520.15,1521.0,1519.05,1519.55,3840
1720162200,1519.55,1522.0,1519.5,1521.45,2494
1720162500,1521.45,1521.65,1520.15,1521.0,838
1720162800,1521.0,1521.65,1520.35,1521.3,1364
1720163100,1521.0,1522.8,1520.95,1522.45,3934
1720163400,1522.45,1525.0,1522.0,1525.0,18983
1720163700,1524.8,1525.0,1522.1,1522.95,11372
1720164000,1522.95,1523.0,1520.55,1521.75,4925
1720164300,1521.5,1521.85,1519.5,1521.85,4298
1720164600,1521.85,1522.25,1521.0,1521.1,2611
1720164900,1521.1,1521.9,1521.0,1521.45,2340
1720165200,1521.45,1521.45,1519.5,1521.35,11444
1720165500,1521.35,1521.7,1519.5,1520.0,4036
1720165800,1520.0,1522.0,1519.7,1520.95,3631
1720166100,1520.95,1522.45,1520.5,1522.45,1391
1720166400,1522.0,1523.0,1522.0,1523.0,1685
1720166700,1523.0,1524.35,1522.5,1524.35,10684
1720167000,1524.35,1528.0,1524.3,1525.65,25367
1720167300,1526.25,1526.25,1524.0,1524.85,20382
1720167600,1524.85,1525.3,1523.1,1524.85,8566
1720167900,1524.85,1524.85,1523.5,1523.65,7779
1720168200,1523.65,1523.65,1520.8,1521.15,19426
1720168500,1521.15,1524.5,1521.05,1523.45,12515
1720168800,1523.45,1526.2,1522.8,1525.8,11887
1720169100,1525.8,1527.2,1524.8,1526.5,8302
1720169400,1526.45,1529.0,1525.95,1527.05,19715
1720169700,1527.15,1531.95,1525.3,1528.95,47808
1720170000,1529.0,1531.1,1527.8,1528.75,23767
1720170300,1529.0,1531.4,1529.0,1530.4,12613
1720170600,1530.25,1530.4,1527.6,1528.9,11955
1720170900,1528.9,1530.95,1527.15,1528.55,24809
1720171200,1528.5,1528.5,1523.6,1524.4,16474
1720171500,1525.15,1525.95,1524.05,1525.1,9725
1720171800,1525.3,1531.0,1525.1,1528.7,34756
1720172100,1528.65,1531.0,1527.55,1530.1,22107
1720172400,1530.3,1530.8,1528.4,1530.1,27886
1720172700,1530.1,1531.0,1528.4,1529.9,25076
1720173000,1529.45,1530.4,1527.65,1529.0,38168
1720173300,1529.3,1529.9,1522.15,1526.1,24690
1720410300,1529.4,1531.95,1521.1,1523.0,14222
1720410600,1523.0,1523.9,1518.6,1519.45,14270
1720410900,1518.75,1520.95,1518.0,1519.65,12165
1720411200,1519.65,1519.9,1517.4,1518.3,5174
1720411500,1518.3,1523.0,1518.3,1519.7,8641
1720411800,1520.4,1522.2,1516.25,1517.95,9483
1720412100,1516.7,1521.15,1516.7,1521.05,3109
1720412400,1520.5,1523.7,1519.35,1522.5,6644
1720412700,1522.8,1526.55,1521.85,1521.85,15244
1720413000,1521.85,1526.9,1520.45,1526.35,4880
1720413300,1526.35,1530.35,1526.3,1529.35,8511
1720413600,1529.3,1529.65,1527.25,1528.1,6464
1720413900,1528.1,1529.1,1526.25,1527.05,4946
1720414200,1527.05,1529.55,1526.8,1528.85,2208
1720414500,1528.85,1529.3,1527.3,1527.3,3107
1720414800,1527.3,1528.45,1523.05,1524.45,6961
1720415100,1524.7,1526.7,1523.55,1526.25,7404
1720415400,1526.25,1527.9,1524.35,1527.2,7984
1720415700,1527.2,1527.7,1525.0,1527.15,3534
1720416000,1527.15,1529.65,1526.9,1527.6,7228
1720416300,1527.5,1527.5,1521.55,1524.0,14273
1720416600,1524.0,1524.0,1522.5,1522.6,1945
1720416900,1522.9,1522.95,1520.35,1520.35,4771
1720417200,1520.95,1521.0,1517.05,1520.1,11228
1720417500,1520.1,1521.0,1518.55,1519.15,3837
1720417800,1519.15,1520.0,1517.05,1517.9,5143
1720418100,1517.9,1518.4,1516.0,1518.35,6336
1720418400,1518.35,1522.75,1517.3,1521.7,37505
1720418700,1522.75,1523.0,1519.5,1520.4,5784
1720419000,1520.4,1520.4,1515.1,1515.8,14526
1720419300,1516.45,1516.45,1513.75,1514.85,5532
1720419600,1514.7,1515.0,1514.7,1514.95,4840
1720419900,1514.95,1515.0,1513.15,1514.0,2746
1720420200,1513.6,1515.0,1513.6,1514.85,6587
1720420500,1514.9,1515.0,1513.45,1514.4,3353
1720420800,1514.4,1514.9,1511.05,1511.7,6493
1720421100,1511.7,1514.85,1511.6,1514.45,3333
1720421400,1514.45,1514.45,1513.15,1513.6,5053
1720421700,1513.6,1517.25,1513.6,1516.05,3179
1720422000,1516.05,1518.15,1516.05,1517.35,1947
1720422300,1517.35,1517.9,1511.2,1512.95,21893
1720422600,1512.95,1515.0,1512.95,1514.35,2614
1720422900,1514.1,1514.85,1513.2,1513.95,2516
1720423200,1513.95,1514.1,1512.8,1513.1,2089
1720423500,1513.1,1516.2,1513.1,1516.0,2773
1720423800,1516.1,1516.7,1512.75,1513.7,5050
1720424100,1513.55,1515.2,1513.1,1513.7,3804
1720424400,1514.25,1514.4,1512.6,1513.35,3573
1720424700,1513.35,1514.65,1511.65,1512.3,6332
1720425000,1512.3,1513.5,1511.25,1512.7,4582
1720425300,1512.7,1512.7,1508.6,1510.9,12056
1720425600,1510.9,1511.65,1508.5,1510.35,8825
1720425900,1509.7,1513.25,1508.85,1512.55,9311
1720426200,1512.35,1514.7,1512.05,1513.4,7499
1720426500,1513.4,1516.5,1513.4,1516.25,8100
1720426800,1516.25,1518.35,1514.25,1515.0,30307
1720427100,1514.7,1516.95,1514.5,1514.95,20456
1720427400,1515.0,1515.0,1512.7,1514.7,9267
1720427700,1514.3,1515.0,1513.35,1514.25,6592
1720428000,1513.8,1514.95,1512.75,1512.75,5401
1720428300,1512.75,1513.85,1510.6,1511.1,6116
1720428600,1511.1,1514.85,1510.6,1513.75,8845
1720428900,1513.75,1514.4,1511.4,1511.7,6342
1720429200,1511.7,1514.85,1511.2,1514.85,8957
1720429500,1514.85,1514.85,1513.3,1513.3,6130
1720429800,1513.55,1513.55,1512.0,1512.2,5797
1720430100,1512.45,1513.0,1511.05,1513.0,11116
1720430400,1513.0,1513.25,1511.25,1511.85,5221
1720430700,1511.85,1511.95,1509.5,1510.2,14401
1720431000,1510.2,1514.0,1510.05,1512.7,29353
1720431300,1512.7,1513.85,1512.0,1512.45,18038
1720431600,1512.45,1512.45,1509.75,1510.4,23300
1720431900,1510.4,1511.2,1508.25,1510.35,32266
1720432200,1510.5,1517.6,1509.15,1517.05,52368
1720432500,1517.05,1524.65,1515.0,1521.5,72729
1720496700,1525.0,1527.95,1516.7,1518.5,61796
1720497000,1518.85,1521.9,1518.55,1521.45,10936
1720497300,1521.45,1524.25,1515.2,1516.7,28791
1720497600,1516.7,1520.8,1515.15,1520.05,46502
1720497900,1520.05,1520.65,1516.55,1518.9,7966
1720498200,1519.55,1519.9,1516.0,1517.15,5925
1720498500,1517.15,1517.15,1512.4,1515.5,19111
1720498800,1515.5,1516.75,1515.2,1516.2,4736
1720499100,1516.2,1518.0,1515.85,1517.0,3718
1720499400,1517.0,1522.4,1516.7,1521.0,6879
1720499700,1520.8,1524.2,1520.65,1523.0,13952
1720500000,1523.0,1523.45,1520.45,1521.2,6645
1720500300,1521.2,1524.8,1520.35,1524.7,9672
1720500600,1524.7,1525.4,1521.5,1521.95,6361
1720500900,1522.0,1525.35,1522.0,1523.6,10486
1720501200,1523.95,1524.25,1522.05,1523.55,10138
1720501500,1523.55,1524.05,1518.0,1519.0,18160
1720501800,1519.6,1520.5,1519.15,1519.75,3255
1720502100,1519.75,1519.75,1518.35,1519.0,2461
1720502400,1519.0,1520.3,1518.0,1518.5,8482
1720502700,1518.5,1521.0,1516.4,1521.0,14519
1720503000,1521.05,1523.95,1521.0,1523.65,6927
1720503300,1523.6,1527.95,1523.6,1524.95,12140
1720503600,1524.95,1529.0,1524.05,1524.75,12817
1720503900,1524.8,1527.05,1524.7,1526.05,3112
1720504200,1526.05,1526.05,1524.2,1525.1,4584
1720504500,1525.1,1525.2,1522.05,1523.3,4133
1720504800,1523.1,1523.8,1522.35,1522.35,3355
1720505100,1522.6,1523.35,1521.0,1521.1,6383
1720505400,1521.0,1525.75,1521.0,1524.9,12990
1720505700,1524.8,1525.3,1524.1,1525.0,5622
1720506000,1524.85,1525.0,1521.6,1523.0,5228
1720506300,1522.85,1522.95,1520.45,1521.25,4732
1720506600,1521.85,1525.0,1521.05,1525.0,15773
1720506900,1524.95,1525.55,1524.05,1524.95,6712
1720507200,1525.0,1525.9,1524.5,1524.95,15048
1720507500,1524.95,1525.8,1524.2,1524.6,14161
1720507800,1524.2,1526.0,1524.2,1525.9,12359
1720508100,1525.75,1527.0,1525.6,1526.05,8853
1720508400,1526.05,1526.6,1524.25,1525.5,9094
1720508700,1525.5,1525.5,1523.55,1523.7,3019
1720509000,1523.7,1527.0,1523.55,1526.9,5627
1720509300,1526.95,1527.0,1524.85,1525.9,8826
1720509600,1526.35,1527.35,1525.9,1526.75,4134
1720509900,1526.85,1527.0,1525.25,1526.55,7166
1720510200,1526.55,1527.8,1526.25,1526.95,4001
1720510500,1526.95,1527.0,1525.5,1525.6,2696
1720510800,1525.5,1525.7,1522.8,1523.15,6516
1720511100,1523.1,1524.1,1522.2,1522.6,3336
1720511400,1522.55,1524.2,1522.2,1522.95,6030
1720511700,1523.0,1524.15,1522.45,1523.0,8893
1720512000,1523.0,1523.2,1522.5,1522.55,1760
1720512300,1522.55,1523.3,1522.3,1522.8,2289
1720512600,1522.8,1522.85,1522.1,1522.45,1501
1720512900,1522.45,1522.85,1522.4,1522.8,1049
1720513200,1522.8,1523.0,1522.35,1522.5,1664
1720513500,1522.5,1523.35,1522.4,1522.7,4044
1720513800,1522.7,1523.5,1522.05,1523.05,4209
1720514100,1523.05,1523.8,1522.6,1523.15,2332
1720514400,1523.15,1525.35,1522.6,1524.2,5856
1720514700,1524.2,1524.25,1522.2,1522.8,7946
1720515000,1522.75,1523.35,1522.5,1522.7,3406
1720515300,1522.7,1523.6,1522.65,1523.35,2495
1720515600,1523.25,1523.45,1520.2,1521.75,23191
1720515900,1521.75,1524.95,1521.75,1522.25,15973
1720516200,1522.25,1523.2,1521.8,1522.05,11047
1720516500,1522.05,1526.0,1522.05,1526.0,6380
1720516800,1526.0,1526.4,1523.4,1523.6,4634
1720517100,1523.6,1525.45,1523.55,1525.2,3489
1720517400,1525.2,1526.75,1524.25,1525.4,7953
1720517700,1525.65,1526.8,1524.15,1526.15,8383
1720518000,1526.3,1527.0,1524.65,1526.15,14899
1720518300,1526.05,1526.95,1524.5,1526.65,13408
1720518600,1526.65,1526.65,1522.65,1523.6,38694
1720518900,1523.25,1525.85,1522.4,1524.8,15370
1720583100,1524.75,1526.95,1521.75,1523.4,7475
1720583400,1522.65,1526.95,1520.35,1526.95,6687
1720583700,1526.95,1530.7,1526.1,1529.5,16253
1720584000,1529.5,1530.7,1527.85,1527.9,55322
1720584300,1527.85,1530.95,1526.95,1530.9,6867
1720584600,1531.2,1534.45,1529.05,1529.25,13910
1720584900,1529.25,1529.25,1526.2,1526.95,16177
1720585200,1527.0,1527.8,1524.7,1524.85,10329
1720585500,1524.55,1525.4,1523.65,1524.8,6868
1720585800,1524.75,1525.25,1524.0,1524.5,6295
1720586100,1524.5,1524.5,1523.1,1524.2,13228
1720586400,1524.2,1524.2,1519.85,1523.2,12167
1720586700,1523.45,1525.15,1521.1,1525.0,12677
1720587000,1525.0,1525.55,1521.75,1523.35,13912
1720587300,1523.0,1523.0,1518.6,1521.0,19561
1720587600,1521.3,1522.35,1520.8,1521.5,5411
1720587900,1521.05,1523.35,1519.95,1521.0,22430
1720588200,1521.0,1525.0,1519.65,1521.95,26010
1720588500,1521.65,1525.4,1520.9,1525.0,8774
1720588800,1525.4,1526.45,1521.95,1523.55,12932
1720589100,1523.55,1530.7,1523.15,1527.4,16819
1720589400,1528.05,1531.15,1528.05,1530.7,7252
1720589700,1530.45,1531.5,1529.3,1531.4,5400
1720590000,1531.4,1533.5,1530.1,1532.3,9161
1720590300,1532.3,1532.5,1528.5,1532.5,8536
1720590600,1532.5,1533.0,1531.45,1531.6,7858
1720590900,1531.6,1532.8,1530.45,1532.4,3532
1720591200,1532.8,1539.9,1532.6,1537.8,25891
1720591500,1537.65,1539.0,1535.4,1538.3,14095
1720591800,1538.3,1538.7,1536.0,1537.55,7690
1720592100,1537.25,1540.0,1537.0,1540.0,15396
1720592400,1539.95,1542.0,1539.1,1541.0,23017
1720592700,1541.0,1541.0,1535.7,1538.0,27110
1720593000,1538.0,1540.95,1535.35,1540.1,47843
1720593300,1540.1,1541.0,1540.0,1540.7,5270
1720593600,1540.6,1540.85,1535.7,1538.5,33174
1720593900,1538.5,1539.15,1537.05,1538.1,7901
1720594200,1538.1,1538.9,1537.4,1538.7,5862
1720594500,1538.3,1539.5,1537.95,1539.0,5151
1720594800,1539.0,1542.45,1538.3,1542.3,9289
1720595100,1542.3,1544.9,1542.05,1544.25,17025
1720595400,1544.25,1547.65,1543.1,1547.25,23296
1720595700,1545.95,1547.0,1543.35,1544.55,11946
1720596000,1544.45,1550.9,1544.35,1550.1,29444
1720596300,1550.1,1555.55,1548.2,1555.05,40569
1720596600,1555.05,1559.9,1555.05,1558.05,61851
1720596900,1558.3,1559.0,1551.85,1554.9,45449
1720597200,1554.9,1555.5,1550.3,1554.45,36412
1720597500,1554.45,1557.9,1554.05,1557.9,24090
1720597800,1556.85,1558.0,1553.75,1554.55,26941
1720598100,1554.55,1554.8,1552.0,1553.05,19522
1720598400,1553.05,1553.6,1549.05,1553.1,30333
1720598700,1553.1,1556.25,1551.9,1554.95,25445
1720599000,1554.95,1562.5,1554.95,1560.0,78281
1720599300,1560.0,1562.0,1558.05,1558.75,68836
1720599600,1558.55,1559.85,1554.0,1558.6,42570
1720599900,1557.9,1558.65,1554.05,1554.7,28237
1720600200,1555.0,1555.55,1552.15,1553.05,34170
1720600500,1553.5,1554.25,1549.4,1551.2,45312
1720600800,1551.75,1554.65,1551.35,1553.75,24805
1720601100,1553.65,1557.7,1552.5,1557.45,26099
1720601400,1557.35,1557.65,1556.05,1557.1,21377
1720601700,1557.45,1559.9,1556.7,1559.55,21699
1720602000,1559.5,1561.35,1556.0,1559.3,29085
1720602300,1559.25,1560.0,1557.15,1560.0,24789
1720602600,1560.0,1560.65,1558.3,1559.2,23408
1720602900,1558.8,1559.45,1556.7,1559.0,28697
1720603200,1559.0,1559.0,1553.45,1557.25,53048
1720603500,1557.75,1560.0,1555.95,1559.05,30613
1720603800,1559.0,1560.0,1557.0,1558.75,52089
1720604100,1558.75,1559.7,1557.1,1558.75,57482
1720604400,1558.75,1560.85,1558.0,1558.95,68758
1720604700,1559.05,1560.0,1557.0,1557.15,62188
1720605000,1557.45,1559.6,1557.3,1558.85,78353
1720605300,1558.85,1560.7,1555.45,1556.0,92639
1720669500,1562.0,1568.45,1559.05,1561.0,40728
1720669800,1561.0,1563.55,1558.0,1560.35,20051
1720670100,1560.35,1560.8,1556.0,1556.05,13714
1720670400,1556.25,1559.4,1556.0,1556.05,8836
1720670700,1556.05,1557.25,1556.0,1556.35,4663
1720671000,1556.35,1562.0,1556.15,1561.25,7325
1720671300,1561.55,1561.9,1558.5,1561.75,6719
1720671600,1561.35,1561.35,1558.7,1559.35,3582
1720671900,1559.35,1560.0,1559.0,1559.75,2645
1720672200,1559.8,1564.8,1559.25,1564.75,13253
1720672500,1564.95,1569.65,1563.7,1563.7,22256
1720672800,1563.7,1564.4,1557.45,1558.45,15806
1720673100,1559.35,1559.45,1556.0,1556.55,9540
1720673400,1556.55,1557.6,1553.85,1555.85,13901
1720673700,1555.85,1560.75,1555.3,1559.65,19064
1720674000,1559.65,1563.55,1559.4,1561.35,10492
1720674300,1561.4,1562.2,1560.4,1562.2,14420
1720674600,1562.6,1563.0,1560.75,1561.0,7558
1720674900,1561.05,1562.2,1557.75,1561.1,30082
1720675200,1561.1,1561.5,1559.65,1559.65,4611
1720675500,1560.0,1561.35,1559.1,1560.0,13232
1720675800,1559.4,1561.0,1557.05,1560.1,33155
1720676100,1560.1,1560.5,1558.05,1559.65,18235
1720676400,1559.7,1560.0,1555.35,1555.9,6963
1720676700,1555.9,1555.9,1554.0,1554.8,5879
1720677000,1554.8,1555.4,1554.5,1555.4,3494
1720677300,1555.15,1555.95,1554.25,1555.45,3564
1720677600,1555.0,1555.45,1554.45,1555.0,3441
1720677900,1555.0,1555.5,1554.45,1555.05,3609
1720678200,1555.05,1557.7,1555.05,1556.35,3215
1720678500,1556.35,1557.0,1551.5,1553.4,27750
1720678800,1553.45,1553.5,1550.8,1552.05,5067
1720679100,1551.95,1552.3,1550.55,1551.9,3395
1720679400,1551.55,1552.55,1546.15,1547.4,13111
1720679700,1547.65,1549.95,1547.5,1549.2,6296
1720680000,1549.4,1552.5,1548.7,1549.95,3234
1720680300,1549.9,1549.95,1548.4,1549.6,1887
1720680600,1549.5,1550.65,1549.3,1550.65,1535
1720680900,1550.65,1551.7,1549.65,1550.0,2170
1720681200,1550.15,1554.9,1550.0,1554.75,3436
1720681500,1554.75,1556.2,1554.05,1556.2,2786
1720681800,1556.0,1557.0,1554.1,1554.4,2836
1720682100,1554.35,1555.55,1554.35,1554.65,1650
1720682400,1554.3,1555.6,1554.0,1554.8,1831
1720682700,1554.85,1554.85,1552.0,1552.6,2173
1720683000,1553.3,1553.3,1550.65,1550.65,1430
1720683300,1551.2,1551.5,1549.3,1549.65,1973
1720683600,1550.0,1551.05,1549.55,1550.0,2781
1720683900,1550.0,1550.8,1549.7,1550.0,1522
1720684200,1550.0,1551.85,1548.65,1550.6,5026
1720684500,1550.6,1551.5,1550.25,1550.35,764
1720684800,1550.7,1550.95,1549.9,1550.05,1351
1720685100,1550.3,1552.0,1550.05,1551.1,7420
1720685400,1551.45,1553.95,1551.25,1553.75,2050
1720685700,1553.95,1556.25,1553.35,1555.15,18482
1720686000,1554.65,1559.0,1554.65,1557.5,7820
1720686300,1557.5,1559.0,1556.8,1556.8,3037
1720686600,1558.4,1559.0,1557.1,1557.35,2304
1720686900,1557.15,1560.55,1557.1,1560.2,14451
1720687200,1560.2,1560.6,1559.0,1560.6,11095
1720687500,1560.3,1561.8,1559.5,1560.0,6639
1720687800,1560.0,1560.9,1556.05,1556.85,222387
1720688100,1556.35,1558.15,1555.55,1557.55,10176
1720688400,1556.6,1560.0,1556.45,1560.0,16509
1720688700,1560.45,1561.95,1558.0,1560.0,35951
1720689000,1560.6,1561.9,1559.35,1560.45,22878
1720689300,1560.1,1562.2,1558.7,1559.8,26393
1720689600,1559.75,1559.9,1556.8,1557.65,18854
1720689900,1557.8,1558.3,1554.45,1556.9,24496
1720690200,1556.7,1557.15,1552.2,1552.55,43349
1720690500,1552.55,1559.95,1552.5,1559.9,40002
1720690800,1559.9,1562.9,1559.2,1562.1,49606
1720691100,1562.2,1562.2,1557.25,1560.0,38711
1720691400,1560.0,1563.0,1558.5,1562.5,44642
1720691700,1562.55,1563.35,1556.1,1562.9,30776
1720755900,1562.9,1564.65,1555.0,1555.0,11027
1720756200,1555.0,1558.4,1555.0,1556.55,6592
1720756500,1556.3,1556.9,1554.15,1555.5,7738
1720756800,1555.5,1555.85,1550.55,1551.15,10700
1720757100,1551.65,1552.2,1548.65,1550.1,17301
1720757400,1550.05,1551.45,1547.35,1550.9,10649
1720757700,1550.9,1551.55,1549.35,1550.5,5353
1720758000,1550.5,1551.05,1549.25,1550.2,16031
1720758300,1550.75,1553.45,1550.0,1551.35,6831
1720758600,1550.45,1551.0,1550.0,1550.15,2784
1720758900,1550.15,1550.8,1549.75,1550.15,3786
1720759200,1550.2,1550.95,1550.0,1550.2,2666
1720759500,1550.2,1553.0,1550.15,1552.45,1068
1720759800,1552.45,1553.45,1550.4,1550.45,2234
1720760100,1550.9,1552.95,1550.65,1552.5,1908
1720760400,1552.5,1553.35,1551.5,1553.35,3287
1720760700,1552.55,1554.0,1552.55,1552.8,1778
1720761000,1552.8,1553.8,1552.5,1553.45,953
1720761300,1553.65,1556.0,1553.0,1554.95,2917
1720761600,1555.0,1558.15,1555.0,1555.0,8337
1720761900,1555.0,1558.35,1553.15,1555.3,3457
1720762200,1555.8,1557.8,1554.0,1555.9,2677
1720762500,1555.9,1558.15,1555.45,1556.7,1179
1720762800,1556.95,1560.0,1556.7,1560.0,5187
1720763100,1560.0,1561.15,1556.9,1559.5,6235
1720763400,1558.95,1559.9,1558.2,1558.3,2605
1720763700,1558.4,1559.95,1556.75,1557.65,2516
1720764000,1558.25,1558.25,1556.05,1556.6,1118
1720764300,1556.6,1557.0,1551.85,1554.0,4699
1720764600,1554.0,1554.35,1551.8,1552.8,1508
1720764900,1552.9,1554.8,1552.75,1554.05,1628
1720765200,1554.7,1555.4,1553.75,1555.0,757
1720765500,1555.0,1558.9,1555.0,1556.4,88356
1720765800,1556.4,1558.0,1555.9,1557.05,1015
1720766100,1557.5,1558.7,1556.65,1558.65,2867
1720766400,1558.5,1560.0,1557.5,1557.9,2147
1720766700,1557.9,1558.45,1555.05,1555.05,1871
1720767000,1555.0,1557.45,1555.0,1557.45,1546
1720767300,1557.45,1557.85,1556.1,1557.85,1711
1720767600,1557.75,1557.75,1556.45,1557.0,670
1720767900,1557.0,1557.9,1556.1,1557.15,11008
1720768200,1557.15,1558.0,1556.4,1557.35,4389
1720768500,1557.35,1557.75,1556.05,1557.1,1754
1720768800,1557.1,1557.8,1556.45,1556.65,2321
1720769100,1556.65,1557.35,1556.55,1557.3,1460
1720769400,1556.7,1559.0,1556.7,1559.0,858
1720769700,1559.0,1561.0,1558.4,1560.75,2247
1720770000,1560.75,1560.75,1559.3,1559.6,2360
1720770300,1559.6,1563.45,1559.6,1563.1,9815
1720770600,1563.1,1565.0,1561.75,1565.0,12108
1720770900,1565.0,1568.4,1564.3,1568.35,11769
1720771200,1568.4,1570.0,1565.05,1566.45,23149
1720771500,1566.45,1567.1,1563.35,1565.5,8030
1720771800,1565.75,1565.95,1563.25,1564.05,5349
1720772100,1564.75,1565.9,1562.85,1563.85,5969
1720772400,1563.65,1563.9,1562.25,1563.5,4134
1720772700,1563.55,1564.35,1562.15,1563.25,3882
1720773000,1563.45,1565.5,1563.25,1564.3,5852
1720773300,1564.3,1564.95,1562.35,1563.45,10865
1720773600,1563.75,1565.55,1562.85,1565.45,6169
1720773900,1565.5,1565.55,1563.05,1564.0,7091
1720774200,1564.05,1565.4,1563.0,1564.75,7329
1720774500,1564.75,1566.2,1563.75,1563.75,6861
1720774800,1564.45,1564.9,1562.55,1564.5,8567
1720775100,1564.5,1564.65,1561.05,1563.0,9388
1720775400,1563.0,1564.05,1562.05,1562.95,10955
1720775700,1562.95,1563.4,1560.0,1563.2,13942
1720776000,1562.95,1563.5,1562.35,1563.15,6501
1720776300,1563.4,1563.5,1560.55,1561.65,14011
1720776600,1561.65,1564.8,1560.0,1563.5,20378
1720776900,1563.45,1563.95,1561.6,1562.85,17518
1720777200,1562.85,1564.05,1561.55,1563.5,19992
1720777500,1563.5,1563.5,1561.05,1563.45,13698
1720777800,1563.0,1564.55,1562.05,1563.05,19452
1720778100,1563.05,1563.55,1560.0,1560.0,22659
1721015100,1562.85,1564.95,1557.9,1562.85,15593
1721015400,1562.85,1563.6,1558.75,1562.3,9417
1721015700,1562.3,1566.95,1560.75,1565.75,12543
1721016000,1565.15,1568.65,1565.15,1566.85,12479
1721016300,1567.05,1572.0,1565.05,1565.2,25640
1721016600,1565.2,1567.0,1562.25,1562.9,9078
1721016900,1562.9,1564.75,1562.3,1563.5,3514
1721017200,1563.35,1567.5,1562.5,1566.15,6523
1721017500,1566.2,1567.4,1565.0,1565.35,4714
1721017800,1565.05,1566.3,1563.0,1565.8,2972
1721018100,1566.4,1567.65,1564.95,1566.7,4799
1721018400,1567.35,1570.45,1566.65,1569.65,7032
1721018700,1569.4,1570.2,1567.45,1568.7,7031
1721019000,1568.7,1569.35,1566.8,1569.1,5614
1721019300,1569.1,1569.1,1566.0,1567.5,6089
1721019600,1567.5,1570.0,1566.95,1568.7,3181
1721019900,1568.65,1568.7,1566.9,1567.95,3046
1721020200,1567.45,1570.0,1567.45,1569.05,5094
1721020500,1569.05,1570.0,1568.95,1569.5,2528
1721020800,1569.5,1569.95,1567.35,1568.0,3726
1721021100,1568.0,1569.75,1564.5,1569.45,15278
1721021400,1569.1,1569.7,1568.1,1569.05,3078
1721021700,1569.05,1571.9,1569.05,1571.85,8907
1721022000,1571.85,1575.0,1570.95,1574.7,24460
1721022300,1574.05,1574.75,1569.5,1570.85,7313
1721022600,1570.65,1572.7,1570.5,1571.5,3748
1721022900,1571.5,1572.05,1569.4,1569.85,4666
1721023200,1569.85,1570.8,1569.1,1570.0,4153
1721023500,1570.0,1573.15,1570.0,1572.25,6144
1721023800,1572.55,1576.3,1572.55,1575.6,17810
1721024100,1575.95,1576.0,1573.6,1574.35,12718
1721024400,1574.25,1576.45,1574.0,1576.25,7275
1721024700,1576.25,1580.4,1575.9,1580.4,125806
1721025000,1580.3,1580.75,1578.15,1580.6,16381
1721025300,1581.0,1582.0,1579.0,1581.2,23630
1721025600,1581.15,1584.45,1580.65,1583.0,19702
1721025900,1582.75,1584.4,1582.5,1583.9,17599
1721026200,1584.4,1587.7,1583.9,1585.3,104187
1721026500,1585.0,1590.0,1585.0,1588.45,28689
1721026800,1588.45,1594.2,1587.95,1592.75,60539
1721027100,1594.15,1595.45,1593.0,1593.5,28937
1721027400,1593.5,1598.5,1592.1,1598.5,30526
1721027700,1598.0,1599.9,1595.7,1599.85,34526
1721028000,1599.8,1602.0,1598.05,1602.0,34585
1721028300,1601.3,1609.1,1600.5,1607.5,64555
1721028600,1607.5,1610.2,1607.0,1609.05,67936
1721028900,1609.5,1609.95,1604.95,1607.9,49401
1721029200,1607.0,1608.3,1604.0,1604.9,51672
1721029500,1604.9,1608.5,1604.9,1606.0,18916
1721029800,1606.05,1609.35,1605.5,1607.0,60750
1721030100,1606.6,1607.75,1604.0,1604.5,27584
1721030400,1605.0,1605.9,1601.7,1603.65,27833
1721030700,1604.0,1605.5,1603.1,1605.0,36895
1721031000,1605.0,1605.0,1602.85,1603.8,31585
1721031300,1603.85,1607.75,1603.8,1606.1,32935
1721031600,1606.1,1610.1,1606.1,1610.0,38660
1721031900,1609.6,1611.45,1608.1,1609.7,50405
1721032200,1610.35,1613.0,1609.7,1612.15,33581
1721032500,1611.75,1613.3,1608.05,1608.4,58765
1721032800,1608.95,1611.15,1606.4,1609.8,53092
1721033100,1609.95,1611.95,1607.95,1610.15,70041
1721033400,1610.15,1620.9,1610.15,1620.0,104301
1721033700,1620.6,1620.85,1615.5,1617.35,75286
1721034000,1616.8,1619.1,1611.0,1611.35,67330
1721034300,1611.35,1614.85,1611.0,1614.5,35856
1721034600,1614.4,1615.4,1612.05,1614.1,54723
1721034900,1613.65,1616.1,1611.05,1612.75,59673
1721035200,1612.85,1616.55,1612.55,1615.9,39150
1721035500,1615.9,1617.0,1613.8,1614.95,47315
1721035800,1614.95,1615.15,1610.65,1613.85,80098
1721036100,1613.55,1615.35,1613.15,1614.6,60066
1721036400,1614.6,1615.75,1613.2,1614.8,61733
1721036700,1614.65,1615.0,1611.75,1612.35,88344
1721037000,1612.35,1614.85,1611.8,1614.3,105381
1721037300,1614.6,1614.65,1609.0,1609.0,52816
1721101500,1613.4,1618.0,1606.4,1612.2,80054
1721101800,1611.85,1619.6,1610.55,1614.9,60148
1721102100,1614.85,1618.2,1608.6,1608.9,28769
1721102400,1609.15,1609.55,1605.0,1607.0,35322
1721102700,1607.5,1607.55,1602.0,1602.8,34918
1721103000,1602.3,1604.45,1599.7,1601.55,25509
1721103300,1601.5,1606.6,1601.0,1601.15,20160
1721103600,1601.6,1601.9,1596.2,1596.2,38369
1721103900,1596.25,1598.55,1592.2,1596.0,27636
1721104200,1596.3,1599.25,1593.5,1599.25,13120
1721104500,1599.45,1600.85,1594.45,1596.45,21166
1721104800,1596.45,1598.35,1594.25,1597.3,14319
1721105100,1597.0,1597.0,1592.25,1594.8,9718
1721105400,1595.25,1595.9,1592.95,1595.0,7149
1721105700,1595.0,1595.55,1592.55,1594.7,6447
1721106000,1595.0,1599.0,1594.8,1598.75,7679
1721106300,1598.75,1598.95,1594.85,1598.25,9836
1721106600,1598.25,1600.3,1598.0,1598.0,9112
1721106900,1597.95,1598.05,1595.25,1597.6,5525
1721107200,1597.6,1599.0,1597.45,1599.0,3713
1721107500,1599.0,1600.9,1597.55,1597.55,8560
1721107800,1597.4,1598.45,1596.3,1598.45,10891
1721108100,1598.45,1598.65,1595.6,1596.8,3986
1721108400,1596.8,1597.95,1595.5,1596.9,4822
1721108700,1596.95,1597.0,1594.1,1594.8,4120
1721109000,1594.8,1594.9,1593.8,1594.4,6324
1721109300,1594.35,1596.7,1594.1,1596.15,3969
1721109600,1596.15,1598.15,1595.55,1597.5,9000
1721109900,1597.5,1597.55,1596.15,1596.85,3413
1721110200,1596.85,1597.2,1596.0,1596.75,3330
1721110500,1596.75,1599.3,1596.0,1599.05,10774
1721110800,1599.05,1600.9,1598.35,1600.9,8922
1721111100,1600.9,1602.55,1600.65,1601.8,6184
1721111400,1601.85,1602.6,1598.6,1599.85,7234
1721111700,1600.0,1600.9,1598.7,1598.9,6495
1721112000,1598.9,1599.0,1597.35,1598.65,5309
1721112300,1598.8,1599.9,1597.3,1599.9,3122
1721112600,1599.9,1600.65,1599.3,1599.8,4370
1721112900,1599.8,1600.9,1599.45,1600.7,3684
1721113200,1600.7,1600.7,1598.6,1598.85,3002
1721113500,1598.85,1599.25,1596.8,1597.25,8939
1721113800,1597.25,1599.7,1595.3,1598.8,6575
1721114100,1598.7,1599.7,1596.35,1597.4,7054
1721114400,1597.8,1599.15,1596.25,1598.95,5819
1721114700,1598.5,1598.6,1596.3,1596.3,5620
1721115000,1596.3,1598.0,1596.3,1597.8,5216
1721115300,1597.65,1599.2,1597.15,1598.05,3977
1721115600,1598.0,1600.7,1597.35,1599.35,6272
1721115900,1599.25,1600.6,1598.95,1600.0,6479
1721116200,1599.8,1601.5,1598.85,1601.45,6764
1721116500,1601.5,1606.75,1601.45,1606.0,11630
1721116800,1606.45,1610.9,1606.05,1610.6,28384
1721117100,1610.5,1613.95,1608.75,1609.35,18276
1721117400,1609.35,1610.95,1608.0,1610.5,14528
1721117700,1610.5,1612.85,1610.5,1611.8,8047
1721118000,1611.8,1620.05,1610.85,1620.05,57450
1721118300,1620.0,1625.95,1618.0,1621.6,66492
1721118600,1621.9,1626.95,1620.2,1625.5,84184
1721118900,1625.05,1629.25,1624.0,1628.35,77888
1721119200,1627.55,1629.3,1627.2,1627.95,48319
1721119500,1627.95,1633.6,1627.6,1632.0,61621
1721119800,1632.0,1638.75,1632.0,1638.05,88086
1721120100,1638.7,1639.6,1631.9,1632.5,113387
1721120400,1632.5,1637.35,1631.5,1634.25,47234
1721120700,1634.65,1634.9,1629.05,1630.0,52641
1721121000,1629.25,1632.55,1628.5,1629.0,80022
1721121300,1629.3,1629.55,1623.6,1625.3,45001
1721121600,1625.45,1626.55,1624.0,1625.6,16738
1721121900,1625.6,1625.75,1621.75,1622.5,21815
1721122200,1621.85,1625.6,1621.85,1623.1,55969
1721122500,1623.2,1624.0,1619.5,1619.7,40974
1721122800,1619.7,1621.0,1618.55,1618.9,45878
1721123100,1618.95,1620.85,1616.05,1620.15,36959
1721123400,1620.15,1623.5,1620.15,1623.4,44224
1721123700,1623.15,1623.5,1615.25,1618.8,39394
1721274300,1620.0,1627.25,1615.05,1624.8,46043
1721274600,1624.8,1626.4,1621.7,1624.0,12517
1721274900,1624.0,1626.95,1621.55,1622.15,18461
1721275200,1622.15,1626.35,1620.8,1621.45,30668
1721275500,1621.45,1621.5,1617.95,1619.35,18128
1721275800,1619.0,1623.0,1618.2,1623.0,10953
1721276100,1623.0,1634.55,1622.75,1634.55,29733
1721276400,1634.5,1639.7,1633.5,1636.7,38259
1721276700,1636.7,1638.0,1634.1,1637.2,20374
1721277000,1637.7,1648.75,1637.2,1647.45,87643
1721277300,1647.55,1647.55,1642.25,1644.2,28785
1721277600,1643.5,1647.9,1640.7,1640.8,30396
1721277900,1640.75,1643.95,1640.4,1641.5,12522
1721278200,1641.75,1643.0,1640.0,1642.5,14920
1721278500,1642.5,1644.0,1639.15,1643.35,30448
1721278800,1644.0,1648.0,1643.35,1646.85,19810
1721279100,1647.2,1650.0,1643.75,1646.2,52397
1721279400,1646.2,1647.85,1642.6,1646.3,20585
1721279700,1646.3,1651.85,1645.05,1645.05,55650
1721280000,1645.05,1646.0,1638.4,1638.7,40707
1721280300,1639.15,1640.75,1631.25,1632.1,27548
1721280600,1632.1,1636.5,1630.7,1635.05,24996
1721280900,1635.05,1636.9,1632.65,1634.25,13147
1721281200,1633.9,1636.0,1628.0,1628.65,16278
1721281500,1628.65,1630.95,1626.0,1626.0,11522
1721281800,1626.65,1629.45,1625.95,1628.6,10171
1721282100,1628.6,1630.7,1627.25,1629.5,5285
1721282400,1630.0,1630.85,1625.05,1626.85,9197
1721282700,1626.75,1629.3,1625.45,1628.15,10511
1721283000,1628.0,1628.4,1625.25,1626.35,10241
1721283300,1626.2,1629.55,1626.0,1628.6,6753
1721283600,1629.2,1630.0,1627.45,1627.9,9838
1721283900,1627.9,1628.75,1626.1,1627.05,18862
1721284200,1627.4,1629.45,1626.0,1627.05,8128
1721284500,1627.05,1629.85,1627.05,1629.25,8839
1721284800,1629.9,1633.95,1628.0,1633.1,13222
1721285100,1633.2,1636.8,1633.05,1633.65,10723
1721285400,1634.1,1634.35,1631.65,1633.15,11180
1721285700,1633.3,1633.65,1628.5,1628.5,14168
1721286000,1628.5,1630.0,1628.45,1629.85,8062
1721286300,1629.85,1630.0,1626.7,1627.0,7687
1721286600,1626.8,1630.0,1626.55,1630.0,9812
1721286900,1629.95,1630.0,1628.15,1630.0,9414
1721287200,1630.0,1630.0,1628.0,1629.2,8722
1721287500,1628.4,1629.5,1626.3,1627.95,5402
1721287800,1627.1,1629.5,1626.2,1629.5,7500
1721288100,1628.95,1630.0,1628.25,1629.5,8107
1721288400,1629.5,1636.65,1628.3,1636.35,45276
1721288700,1636.35,1638.5,1636.2,1637.0,12998
1721289000,1637.0,1639.95,1636.5,1638.15,17006
1721289300,1638.4,1643.85,1636.1,1642.35,31267
1721289600,1642.35,1647.65,1642.35,1645.65,26898
1721289900,1645.65,1646.45,1642.2,1642.75,26121
1721290200,1642.75,1643.3,1635.2,1637.25,32768
1721290500,1637.25,1641.3,1636.7,1641.3,11815
1721290800,1641.25,1643.9,1640.8,1642.6,11344
1721291100,1642.6,1645.1,1642.3,1644.05,13909
1721291400,1644.75,1648.95,1642.75,1647.55,23748
1721291700,1647.45,1648.55,1646.6,1647.55,15325
1721292000,1647.55,1650.95,1647.0,1650.4,25252
1721292300,1650.7,1652.4,1649.1,1650.95,58759
1721292600,1650.95,1652.0,1648.8,1651.2,29070
1721292900,1651.25,1654.85,1649.6,1654.0,55312
1721293200,1654.4,1657.2,1651.65,1657.2,59844
1721293500,1657.2,1660.65,1655.3,1659.95,67354
1721293800,1659.95,1662.8,1658.95,1662.5,57661
1721294100,1662.5,1664.2,1658.5,1664.2,68977
1721294400,1664.2,1664.95,1661.75,1662.95,93879
1721294700,1663.85,1663.85,1656.55,1659.55,63798
1721295000,1659.9,1661.25,1658.15,1659.55,48058
1721295300,1659.7,1662.2,1659.0,1659.65,62520
1721295600,1658.95,1661.95,1657.3,1661.05,56913
1721295900,1660.6,1661.25,1657.9,1660.65,65932
1721296200,1660.5,1662.0,1657.3,1659.9,65709
1721296500,1659.75,1660.2,1651.0,1651.0,32122
1721360700,1632.0,1654.7,1632.0,1646.05,27281
1721361000,1645.9,1648.95,1644.0,1646.7,9457
1721361300,1646.95,1651.7,1646.5,1649.55,10082
1721361600,1649.55,1658.55,1649.55,1655.55,14865
1721361900,1655.55,1656.25,1653.75,1654.65,6952
1721362200,1655.0,1655.5,1649.9,1651.75,15237
1721362500,1651.75,1654.5,1649.6,1651.85,15910
1721362800,1651.85,1652.05,1650.0,1651.2,10073
1721363100,1651.2,1655.95,1651.0,1652.5,11979
1721363400,1652.5,1652.5,1650.15,1651.35,5794
1721363700,1651.35,1651.65,1647.65,1650.15,8992
1721364000,1650.3,1650.3,1647.7,1649.55,5421
1721364300,1649.55,1649.9,1646.05,1648.05,15408
1721364600,1648.65,1652.0,1648.65,1651.35,10102
1721364900,1651.35,1653.3,1649.25,1652.95,8794
1721365200,1653.15,1653.15,1649.55,1651.25,3409
1721365500,1651.1,1651.25,1648.0,1648.2,3808
1721365800,1648.1,1650.5,1647.7,1649.75,5154
1721366100,1649.65,1649.95,1648.0,1648.15,4031
1721366400,1648.75,1649.0,1645.05,1647.0,10557
1721366700,1646.95,1647.2,1644.35,1644.35,16368
1721367000,1644.7,1647.3,1642.05,1646.0,8055
1721367300,1646.0,1650.0,1646.0,1650.0,2924
1721367600,1650.0,1652.0,1648.95,1652.0,3245
1721367900,1652.0,1652.35,1649.35,1650.8,6647
1721368200,1650.8,1656.7,1650.6,1655.5,7584
1721368500,1654.5,1655.1,1652.3,1653.6,4953
1721368800,1653.6,1653.75,1650.45,1652.75,4025
1721369100,1652.8,1653.75,1650.45,1650.5,2554
1721369400,1650.5,1651.75,1650.05,1650.4,3296
1721369700,1650.4,1651.1,1646.1,1650.4,13864
1721370000,1650.4,1652.35,1650.0,1651.6,5032
1721370300,1651.6,1653.7,1650.95,1652.6,2545
1721370600,1652.3,1654.25,1651.85,1654.25,2281
1721370900,1654.3,1654.95,1653.0,1654.1,2862
1721371200,1654.5,1655.45,1653.55,1655.35,4473
1721371500,1655.35,1655.4,1651.25,1652.4,4163
1721371800,1651.95,1652.55,1650.0,1650.55,4117
1721372100,1650.2,1654.65,1650.1,1653.75,5409
1721372400,1652.05,1655.0,1649.45,1651.2,8652
1721372700,1651.2,1651.75,1645.8,1645.8,8451
1721373000,1645.8,1649.3,1645.8,1647.7,4594
1721373300,1647.0,1648.0,1645.75,1646.65,2717
1721373600,1646.6,1647.35,1644.85,1647.05,3014
1721373900,1647.0,1647.4,1645.65,1645.75,2819
1721374200,1645.85,1647.25,1645.05,1646.45,4132
1721374500,1646.45,1648.05,1646.05,1646.75,1926
1721374800,1646.7,1647.5,1645.0,1646.45,1653
1721375100,1646.45,1646.75,1643.5,1644.2,6352
1721375400,1643.5,1646.45,1643.5,1646.45,1951
1721375700,1646.45,1648.2,1646.25,1647.2,4787
1721376000,1647.2,1649.15,1646.25,1647.1,2682
1721376300,1648.45,1649.95,1647.55,1649.85,4484
1721376600,1649.6,1649.65,1647.1,1647.25,4870
1721376900,1647.0,1648.7,1646.15,1648.3,5853
1721377200,1648.4,1649.0,1647.6,1648.0,1873
1721377500,1647.9,1649.0,1646.5,1648.7,5044
1721377800,1648.7,1650.0,1645.0,1645.45,6358
1721378100,1645.7,1646.45,1644.0,1644.7,3621
1721378400,1645.85,1646.1,1640.45,1642.25,5738
1721378700,1642.25,1642.5,1639.3,1641.6,4350
1721379000,1641.65,1642.5,1640.3,1640.5,3770
1721379300,1640.5,1641.65,1638.85,1640.0,5202
1721379600,1640.4,1640.75,1639.05,1639.8,4369
1721379900,1639.5,1640.8,1638.25,1640.3,4627
1721380200,1639.9,1643.0,1639.85,1642.35,3997
1721380500,1642.45,1646.95,1641.85,1645.35,8837
1721380800,1644.75,1645.5,1641.3,1642.75,8950
1721381100,1643.25,1643.75,1639.5,1643.15,4682
1721381400,1642.35,1646.1,1641.3,1645.85,19354
1721381700,1645.9,1648.2,1644.4,1645.15,15653
1721382000,1645.35,1647.95,1643.6,1647.95,22686
1721382300,1647.85,1654.4,1646.35,1650.4,26762
1721382600,1650.75,1651.7,1648.05,1651.65,18449
1721382900,1651.65,1651.65,1642.8,1642.8,16128
1721619900,1641.1,1646.1,1635.65,1641.35,14971
1721620200,1640.35,1647.7,1640.35,1644.6,12429
1721620500,1644.6,1644.8,1640.4,1644.0,4428
1721620800,1644.0,1645.8,1643.05,1644.0,3294
1721621100,1644.0,1644.75,1638.1,1639.15,5690
1721621400,1639.2,1641.8,1636.35,1637.3,6681
1721621700,1637.3,1638.0,1635.5,1635.5,6284
1721622000,1636.7,1637.5,1634.5,1634.75,5896
1721622300,1635.45,1636.25,1634.5,1636.0,1989
1721622600,1636.0,1639.95,1635.0,1636.9,5726
1721622900,1636.9,1638.75,1636.25,1637.05,2267
1721623200,1637.05,1637.95,1635.45,1637.5,4295
1721623500,1637.5,1637.5,1635.05,1635.05,2730
1721623800,1635.05,1637.45,1634.5,1637.2,2946
1721624100,1637.2,1638.05,1635.35,1635.85,2393
1721624400,1635.85,1635.85,1632.55,1634.05,9790
1721624700,1634.15,1634.25,1632.0,1633.0,2540
1721625000,1633.0,1634.5,1632.7,1632.95,1533
1721625300,1632.95,1634.8,1632.3,1633.95,3530
1721625600,1633.95,1634.95,1632.5,1633.15,3579
1721625900,1633.15,1635.85,1631.1,1632.2,7718
1721626200,1632.25,1634.3,1630.45,1631.75,3510
1721626500,1631.85,1632.9,1631.35,1632.15,1265
1721626800,1632.15,1633.2,1630.75,1632.4,21108
1721627100,1632.95,1633.9,1627.55,1628.3,25685
1721627400,1628.35,1629.8,1628.25,1629.5,1958
1721627700,1629.5,1631.2,1629.05,1630.0,4656
1721628000,1629.95,1630.45,1629.15,1629.85,2502
1721628300,1630.45,1631.4,1630.15,1630.4,1788
1721628600,1630.35,1630.85,1628.15,1629.05,807
1721628900,1629.45,1629.5,1625.9,1627.35,3526
1721629200,1627.9,1629.6,1626.9,1626.9,1803
1721629500,1627.5,1628.4,1625.6,1627.5,4459
1721629800,1627.25,1629.8,1627.25,1628.95,1066
1721630100,1628.95,1629.0,1628.05,1628.95,647
1721630400,1628.95,1628.95,1626.75,1627.5,1124
1721630700,1627.5,1628.0,1626.15,1626.4,1080
1721631000,1626.4,1627.65,1626.0,1626.7,1634
1721631300,1626.0,1626.75,1623.9,1625.65,3822
1721631600,1625.05,1626.0,1624.55,1625.15,1192
1721631900,1625.15,1626.85,1625.0,1626.05,2415
1721632200,1626.65,1626.65,1624.0,1625.0,4113
1721632500,1625.0,1626.4,1624.95,1624.95,1292
1721632800,1625.4,1625.45,1624.0,1625.3,1115
1721633100,1624.85,1630.0,1624.0,1629.1,12056
1721633400,1629.05,1630.15,1628.3,1628.35,4592
1721633700,1628.35,1628.4,1625.75,1626.8,2072
1721634000,1626.75,1628.05,1626.4,1628.05,2310
1721634300,1628.05,1629.45,1627.4,1629.35,1454
1721634600,1629.35,1630.1,1628.0,1629.55,5667
1721634900,1630.3,1631.6,1629.05,1629.95,6039
1721635200,1629.95,1630.0,1628.0,1628.15,1100
1721635500,1628.15,1628.15,1626.8,1627.95,1488
1721635800,1627.95,1628.0,1626.15,1627.3,1942
1721636100,1627.3,1628.2,1626.55,1627.55,1660
1721636400,1627.55,1628.95,1627.55,1627.6,1624
1721636700,1628.0,1628.0,1625.95,1626.65,890
1721637000,1626.65,1626.65,1624.2,1624.35,2521
1721637300,1624.35,1625.05,1624.15,1624.9,1084
1721637600,1624.9,1625.2,1624.05,1624.25,1011
1721637900,1624.25,1625.25,1622.05,1625.25,3769
1721638200,1625.45,1626.4,1624.2,1626.35,884
1721638500,1625.7,1626.55,1625.0,1625.1,1916
1721638800,1626.0,1627.35,1625.6,1625.6,1153
1721639100,1625.6,1626.1,1625.0,1626.1,1259
1721639400,1626.1,1626.45,1624.15,1624.15,3692
1721639700,1624.15,1625.0,1622.6,1623.9,2530
1721640000,1623.3,1624.85,1623.05,1624.4,996
1721640300,1624.4,1624.75,1622.3,1622.7,1958
1721640600,1623.0,1623.35,1619.1,1622.1,14591
1721640900,1621.65,1623.6,1620.55,1623.0,26917
1721641200,1623.0,1623.0,1619.65,1620.5,18245
1721641500,1620.55,1622.7,1619.25,1619.8,27119
1721641800,1620.0,1621.95,1618.65,1620.5,23387
1721642100,1620.45,1623.0,1619.0,1619.1,18110
1721706300,1621.15,1638.0,1621.15,1633.3,53084
1721706600,1634.3,1634.3,1625.0,1625.8,50882
1721706900,1625.85,1628.7,1619.3,1620.45,68920
1721707200,1620.45,1623.8,1615.65,1616.0,33326
1721707500,1616.45,1619.05,1612.6,1613.55,25764
1721707800,1613.55,1615.65,1605.0,1612.75,54486
1721708100,1613.3,1617.7,1610.3,1612.1,14167
1721708400,1611.75,1615.0,1610.7,1612.65,6285
1721708700,1612.35,1614.0,1606.15,1609.5,11986
1721709000,1609.2,1609.2,1604.75,1608.15,19690
1721709300,1608.15,1610.95,1607.1,1609.55,7198
1721709600,1608.85,1610.85,1608.7,1610.35,5877
1721709900,1609.9,1609.9,1599.05,1602.0,21622
1721710200,1602.6,1607.2,1598.55,1599.9,19364
1721710500,1599.6,1600.9,1596.5,1598.05,17246
1721710800,1598.05,1603.95,1597.7,1598.95,12147
1721711100,1598.05,1600.15,1593.55,1597.6,17494
1721711400,1597.6,1599.6,1596.0,1597.55,7133
1721711700,1596.85,1601.7,1596.4,1597.65,5137
1721712000,1597.65,1600.6,1597.65,1600.4,4947
1721712300,1600.35,1603.6,1599.9,1602.9,7027
1721712600,1602.9,1611.6,1602.9,1605.45,17962
1721712900,1606.1,1611.85,1605.1,1606.9,6427
1721713200,1606.85,1607.6,1602.05,1606.65,6423
1721713500,1606.65,1606.95,1584.7,1597.55,71529
1721713800,1598.0,1606.0,1596.2,1599.55,17256
1721714100,1599.5,1602.5,1597.1,1600.3,10715
1721714400,1600.25,1601.5,1593.1,1595.45,11892
1721714700,1595.75,1599.2,1592.3,1597.75,12570
1721715000,1597.75,1598.5,1593.25,1597.95,14535
1721715300,1597.95,1598.85,1596.15,1597.9,6803
1721715600,1597.65,1599.2,1592.15,1595.65,9898
1721715900,1595.65,1599.95,1590.45,1593.55,18595
1721716200,1593.55,1599.5,1591.4,1598.15,9960
1721716500,1598.3,1602.85,1594.65,1597.95,14376
1721716800,1597.95,1600.05,1596.8,1597.7,3525
1721717100,1597.7,1599.0,1585.8,1586.75,19009
1721717400,1586.75,1593.95,1582.15,1588.05,35189
1721717700,1588.35,1591.75,1578.05,1583.55,41368
1721718000,1583.65,1603.55,1582.35,1603.55,62795
1721718300,1603.55,1607.05,1593.45,1595.0,143941
1721718600,1595.0,1603.4,1590.8,1599.05,20363
1721718900,1599.05,1599.05,1592.2,1594.6,13023
1721719200,1594.0,1602.0,1593.2,1595.45,17548
1721719500,1596.05,1598.8,1591.0,1592.4,136181
1721719800,1592.5,1595.85,1589.4,1593.15,27814
1721720100,1592.6,1597.0,1591.25,1592.5,52601
1721720400,1592.85,1596.15,1588.0,1588.0,31478
1721720700,1588.3,1590.65,1586.25,1587.1,23933
1721721000,1587.65,1597.0,1586.8,1596.55,26708
1721721300,1597.0,1603.75,1594.65,1598.15,43244
1721721600,1598.45,1600.5,1595.1,1598.6,19794
1721721900,1598.6,1602.0,1596.7,1600.25,31841
1721722200,1600.25,1600.7,1596.05,1599.4,20809
1721722500,1600.25,1601.6,1597.1,1600.0,18354
1721722800,1599.95,1601.85,1596.5,1597.95,46451
1721723100,1597.95,1601.6,1597.0,1598.35,25780
1721723400,1599.15,1599.75,1595.5,1598.95,12826
1721723700,1599.0,1604.0,1597.7,1602.9,20893
1721724000,1602.95,1604.55,1599.35,1602.95,13884
1721724300,1602.95,1603.8,1598.25,1598.9,5637
1721724600,1598.95,1600.1,1596.45,1599.9,6793
1721724900,1599.9,1600.6,1596.25,1598.1,10171
1721725200,1598.1,1601.9,1596.95,1601.75,77077
1721725500,1601.75,1609.0,1599.65,1607.85,71208
1721725800,1607.65,1607.8,1595.2,1599.5,23738
1721726100,1599.45,1600.35,1593.4,1594.0,24754
1721726400,1594.15,1599.55,1592.65,1597.4,18327
1721726700,1597.4,1597.95,1590.7,1590.75,37725
1721727000,1590.7,1593.65,1587.65,1591.55,57002
1721727300,1591.25,1596.9,1590.0,1596.8,51433
1721727600,1596.4,1597.85,1594.05,1597.1,46544
1721727900,1596.8,1598.7,1591.5,1595.65,48824
1721728200,1596.4,1600.85,1596.1,1599.6,42757
1721728500,1599.7,1602.0,1597.4,1601.0,21743
1721792700,1580.0,1612.4,1579.65,1607.5,78093
1721793000,1607.0,1614.35,1596.4,1598.3,47962
1721793300,1597.3,1598.5,1593.95,1594.55,25410
1721793600,1595.15,1612.4,1593.3,1610.25,45423
1721793900,1610.25,1615.8,1606.6,1614.45,28829
1721794200,1613.55,1621.0,1613.3,1614.4,55392
1721794500,1614.25,1615.7,1608.75,1614.25,24900
1721794800,1613.15,1618.7,1613.15,1617.5,18970
1721795100,1617.15,1620.95,1617.15,1620.25,21185
1721795400,1620.95,1621.2,1615.95,1619.3,18435
1721795700,1618.9,1623.0,1618.45,1621.9,34997
1721796000,1621.7,1628.6,1621.7,1625.15,31812
1721796300,1624.0,1635.0,1624.0,1632.15,34263
1721796600,1632.15,1639.75,1630.0,1638.95,36592
1721796900,1639.05,1641.6,1631.85,1633.1,55388
1721797200,1633.1,1637.7,1628.0,1628.3,30527
1721797500,1629.95,1637.55,1627.3,1637.55,56448
1721797800,1637.55,1641.4,1635.45,1639.95,34513
1721798100,1639.95,1644.25,1639.25,1642.25,36834
1721798400,1642.45,1646.95,1639.5,1645.45,38079
1721798700,1645.5,1650.0,1644.1,1649.7,45121
1721799000,1649.5,1650.0,1643.1,1643.1,37510
1721799300,1643.75,1645.8,1640.8,1645.8,39194
1721799600,1645.25,1648.25,1643.1,1643.65,14919
1721799900,1643.0,1644.45,1640.0,1644.0,12504
1721800200,1644.0,1648.5,1644.0,1647.0,27596
1721800500,1646.2,1647.5,1640.05,1644.05,27814
1721800800,1644.05,1644.05,1636.0,1638.4,16820
1721801100,1638.7,1640.7,1637.25,1639.8,11922
1721801400,1639.5,1642.0,1635.2,1635.45,11221
1721801700,1635.7,1641.85,1635.45,1639.0,8590
1721802000,1639.0,1639.35,1636.45,1638.6,7332
1721802300,1638.2,1638.55,1635.2,1637.2,9371
1721802600,1636.65,1636.65,1628.65,1629.0,22452
1721802900,1629.5,1631.05,1626.3,1629.5,93392
1721803200,1629.65,1630.0,1627.0,1629.8,40659
1721803500,1629.7,1630.0,1623.05,1624.8,34298
1721803800,1624.8,1626.4,1623.9,1624.5,31784
1721804100,1624.55,1625.0,1621.6,1622.45,8448
1721804400,1621.95,1625.9,1621.35,1624.85,10722
1721804700,1624.9,1625.0,1621.0,1621.75,9194
1721805000,1622.15,1623.6,1618.0,1619.75,21160
1721805300,1619.3,1619.75,1611.25,1611.25,30594
1721805600,1611.0,1613.75,1608.25,1608.35,19821
1721805900,1608.35,1610.35,1606.6,1610.0,11862
1721806200,1610.0,1611.15,1608.0,1610.0,46848
1721806500,1610.0,1611.2,1608.25,1610.55,76895
1721806800,1610.0,1615.85,1610.0,1614.15,61938
1721807100,1614.1,1620.2,1613.3,1615.05,24885
1721807400,1615.0,1615.25,1609.25,1610.2,13108
1721807700,1610.15,1611.2,1609.1,1609.95,14023
1721808000,1609.95,1610.9,1607.7,1609.6,9369
1721808300,1609.0,1615.1,1608.2,1614.3,11666
1721808600,1614.3,1615.4,1608.8,1608.8,20188
1721808900,1608.85,1610.8,1608.8,1609.9,10574
1721809200,1609.2,1611.2,1607.6,1609.9,15156
1721809500,1609.9,1610.55,1607.95,1609.15,5942
1721809800,1609.55,1610.25,1608.4,1610.1,6395
1721810100,1610.1,1610.7,1608.95,1610.0,11412
1721810400,1610.0,1610.25,1608.0,1610.0,9115
1721810700,1610.0,1612.2,1609.0,1612.1,45700
1721811000,1612.45,1623.5,1612.45,1617.85,22720
1721811300,1617.85,1625.0,1615.6,1625.0,21104
1721811600,1624.1,1629.4,1623.85,1627.9,14702
1721811900,1627.9,1629.95,1624.9,1627.0,9538
1721812200,1627.0,1629.6,1616.9,1622.95,12318
1721812500,1622.95,1628.45,1621.0,1627.6,6755
1721812800,1628.4,1631.45,1625.05,1631.0,39532
1721813100,1631.7,1633.45,1630.0,1630.05,26222
1721813400,1630.05,1631.25,1622.75,1630.9,56941
1721813700,1630.8,1632.85,1628.55,1631.5,27895
1721814000,1631.5,1637.4,1630.5,1635.4,18794
1721814300,1635.3,1636.0,1632.35,1635.95,28482
1721814600,1636.0,1637.0,1632.0,1632.8,23612
1721814900,1632.75,1646.1,1627.65,1632.65,48594
1721879100,1645.0,1674.9,1645.0,1671.3,436218
1721879400,1671.95,1682.0,1667.5,1671.45,267168
1721879700,1672.25,1683.55,1668.35,1673.25,198724
1721880000,1674.25,1680.85,1670.55,1680.45,448126
1721880300,1679.7,1684.7,1678.4,1679.25,165302
1721880600,1679.35,1679.6,1673.7,1676.7,84178
1721880900,1676.7,1676.7,1663.4,1663.5,124083
1721881200,1664.4,1664.9,1657.6,1658.4,88805
1721881500,1658.9,1666.75,1658.05,1665.55,66103
1721881800,1665.1,1673.0,1665.1,1665.85,70543
1721882100,1665.8,1666.8,1658.0,1665.95,62775
1721882400,1665.95,1666.85,1661.0,1662.55,35681
1721882700,1662.25,1665.4,1661.4,1663.8,16165
1721883000,1663.8,1669.4,1661.35,1665.9,30453
1721883300,1664.8,1668.0,1663.35,1665.2,21161
1721883600,1665.2,1665.9,1662.5,1663.65,18487
1721883900,1664.35,1664.35,1656.0,1656.0,39095
1721884200,1656.85,1659.0,1650.5,1651.75,78126
1721884500,1652.3,1653.7,1649.35,1650.05,41471
1721884800,1650.85,1658.9,1650.2,1656.35,58714
1721885100,1656.95,1660.0,1654.3,1658.15,44520
1721885400,1657.35,1659.0,1649.45,1650.55,56281
1721885700,1651.65,1657.0,1650.1,1653.6,48488
1721886000,1653.6,1660.0,1653.55,1658.85,25018
1721886300,1658.8,1662.5,1656.0,1656.0,46609
1721886600,1655.9,1664.0,1650.45,1662.95,45291
1721886900,1662.95,1666.8,1660.65,1664.95,47845
1721887200,1665.9,1668.9,1663.25,1665.55,41526
1721887500,1665.05,1667.85,1662.7,1667.8,18452
1721887800,1666.85,1672.8,1666.85,1668.15,36740
1721888100,1668.15,1669.95,1665.55,1667.95,17312
1721888400,1667.95,1670.35,1666.55,1670.2,31136
1721888700,1670.2,1671.05,1669.55,1670.6,9795
1721889000,1670.0,1671.75,1669.4,1670.7,11221
1721889300,1670.7,1670.75,1669.5,1670.05,11353
1721889600,1670.05,1673.95,1670.0,1673.4,33672
1721889900,1673.4,1674.0,1669.35,1670.95,20063
1721890200,1670.3,1672.0,1669.75,1670.75,8148
1721890500,1671.35,1673.8,1670.7,1673.45,19033
1721890800,1673.4,1683.65,1673.35,1677.2,100248
1721891100,1677.9,1677.9,1670.0,1672.1,28208
1721891400,1672.1,1672.95,1670.3,1671.3,8542
1721891700,1671.3,1672.95,1670.75,1672.15,9815
1721892000,1672.2,1675.0,1671.4,1672.85,11596
1721892300,1672.85,1675.0,1670.5,1674.95,31566
1721892600,1674.65,1679.6,1674.2,1676.85,11787
1721892900,1676.85,1681.0,1676.85,1680.9,23603
1721893200,1680.9,1681.6,1677.15,1679.0,16458
1721893500,1680.0,1683.0,1678.9,1680.0,38634
1721893800,1680.0,1680.0,1676.15,1677.35,16203
1721894100,1677.35,1679.5,1676.0,1678.9,23193
1721894400,1678.9,1680.0,1678.15,1680.0,13902
1721894700,1680.0,1682.3,1677.65,1678.9,20156
1721895000,1678.9,1683.75,1677.05,1682.9,45313
1721895300,1682.7,1683.75,1682.05,1682.2,15200
1721895600,1682.05,1697.0,1682.05,1697.0,192752
1721895900,1696.9,1698.0,1692.4,1693.05,109060
1721896200,1693.05,1697.4,1692.4,1696.1,34369
1721896500,1696.1,1701.35,1694.0,1700.0,73783
1721896800,1700.45,1700.65,1696.3,1696.95,51338
1721897100,1696.95,1699.5,1695.25,1697.35,44690
1721897400,1697.35,1697.5,1695.15,1697.05,19782
1721897700,1697.0,1698.35,1696.05,1697.3,31056
1721898000,1697.25,1697.25,1692.8,1694.95,52763
1721898300,1694.95,1696.25,1693.05,1694.4,45258
1721898600,1694.4,1695.85,1691.85,1693.35,35208
1721898900,1693.35,1698.15,1692.6,1697.4,21262
1721899200,1697.4,1699.1,1696.0,1697.6,32222
1721899500,1697.55,1697.55,1693.1,1694.1,23039
1721899800,1694.4,1698.0,1694.1,1696.0,35019
1721900100,1695.5,1697.25,1693.8,1696.0,47476
1721900400,1696.0,1698.0,1694.05,1694.55,44940
1721900700,1694.65,1697.2,1693.15,1695.3,74471
1721901000,1695.25,1697.85,1694.3,1697.0,79671
1721901300,1696.75,1697.15,1688.7,1692.0,40180
1721965500,1686.25,1705.0,1686.25,1699.2,54948
1721965800,1698.35,1724.7,1695.65,1717.25,114174
1721966100,1717.3,1717.85,1708.4,1710.95,59100
1721966400,1711.95,1714.95,1709.15,1711.75,31267
1721966700,1711.8,1721.35,1711.8,1718.2,56913
1721967000,1718.5,1720.0,1715.0,1716.3,36259
1721967300,1716.3,1718.7,1714.0,1716.25,27122
1721967600,1715.5,1718.95,1714.35,1714.95,18766
1721967900,1714.85,1718.2,1713.0,1714.45,26945
1721968200,1714.45,1717.0,1714.0,1714.2,26162
1721968500,1714.2,1715.75,1714.0,1715.0,10355
1721968800,1715.0,1723.0,1715.0,1722.85,34649
1721969100,1722.85,1722.85,1716.9,1721.8,16049
1721969400,1721.85,1721.95,1718.55,1718.8,9732
1721969700,1719.4,1724.0,1716.45,1720.05,27810
1721970000,1720.05,1721.2,1719.4,1720.95,6823
1721970300,1721.0,1727.35,1720.1,1725.2,25493
1721970600,1724.5,1728.8,1724.15,1727.85,23251
1721970900,1727.85,1731.0,1727.3,1730.7,24898
1721971200,1730.6,1734.7,1729.0,1732.25,30733
1721971500,1733.0,1735.4,1731.7,1735.05,32768
1721971800,1735.05,1737.6,1734.05,1735.65,18816
1721972100,1735.2,1737.5,1732.25,1737.5,16619
1721972400,1737.5,1738.8,1735.35,1738.8,18727
1721972700,1738.75,1743.0,1738.05,1741.65,47543
1721973000,1741.6,1747.4,1741.6,1746.4,41672
1721973300,1746.4,1753.3,1746.05,1752.2,114660
1721973600,1753.0,1753.85,1750.0,1752.65,51444
1721973900,1752.95,1753.7,1750.0,1750.1,39124
1721974200,1750.2,1753.0,1750.2,1752.55,25202
1721974500,1752.55,1754.0,1751.5,1753.15,28963
1721974800,1753.05,1758.3,1753.0,1757.35,41212
1721975100,1757.7,1767.4,1757.6,1765.0,78365
1721975400,1765.0,1772.0,1764.0,1770.35,224190
1721975700,1770.0,1775.75,1767.25,1774.85,164575
1721976000,1774.95,1777.7,1768.0,1768.9,100827
1721976300,1768.5,1771.55,1765.0,1766.95,76766
1721976600,1766.55,1770.95,1763.2,1764.0,101831
1721976900,1764.05,1765.1,1761.0,1761.95,57500
1721977200,1761.65,1762.4,1758.0,1760.2,44033
1721977500,1760.0,1762.3,1759.5,1760.55,29108
1721977800,1760.55,1762.6,1760.0,1761.4,17127
1721978100,1761.85,1762.7,1760.0,1760.05,10641
1721978400,1760.1,1761.0,1756.75,1757.2,45994
1721978700,1757.2,1758.0,1754.05,1756.5,19275
1721979000,1756.0,1757.55,1755.35,1756.9,14817
1721979300,1756.9,1756.9,1752.9,1756.1,11987
1721979600,1756.45,1759.75,1754.5,1759.0,32605
1721979900,1759.0,1767.1,1759.0,1765.5,34692
1721980200,1766.0,1768.15,1764.05,1764.9,28398
1721980500,1764.9,1766.0,1761.8,1764.55,20986
1721980800,1763.9,1765.0,1762.85,1763.55,9959
1721981100,1764.25,1764.25,1755.0,1757.75,65518
1721981400,1757.65,1758.65,1756.05,1757.45,71712
1721981700,1757.45,1757.8,1756.75,1757.75,10532
1721982000,1757.75,1758.15,1751.05,1754.35,20789
1721982300,1754.3,1757.1,1754.15,1756.2,19223
1721982600,1756.1,1757.2,1751.05,1752.05,25359
1721982900,1752.05,1754.0,1751.85,1753.8,12039
1721983200,1753.8,1753.9,1750.0,1750.2,25217
1721983500,1750.65,1754.0,1750.25,1754.0,17654
1721983800,1754.0,1758.35,1753.25,1754.2,25310
1721984100,1754.2,1758.0,1754.05,1758.0,16039
1721984400,1757.65,1758.0,1755.0,1757.0,16364
1721984700,1757.0,1757.0,1751.8,1754.8,24221
1721985000,1754.05,1756.1,1752.8,1755.5,17139
1721985300,1755.55,1755.9,1753.65,1754.9,13941
1721985600,1755.4,1756.5,1752.35,1755.2,20846
1721985900,1755.0,1755.2,1750.6,1754.4,19316
1721986200,1754.4,1754.4,1751.3,1751.45,35261
1721986500,1751.5,1752.55,1750.0,1750.7,43006
1721986800,1750.7,1752.95,1750.2,1752.65,38711
1721987100,1752.65,1752.75,1750.0,1750.2,60386
1721987400,1750.2,1752.1,1750.1,1751.1,97385
1721987700,1750.5,1752.9,1750.2,1750.6,24361
1722224700,1752.5,1763.55,1746.8,1750.1,57597
1722225000,1750.3,1750.65,1739.15,1742.2,34471
1722225300,1741.9,1751.5,1739.25,1749.9,45296
1722225600,1750.3,1751.1,1742.15,1743.55,30197
1722225900,1744.05,1745.25,1738.15,1741.15,18335
1722226200,1742.0,1742.05,1738.7,1739.8,7957
1722226500,1739.8,1740.8,1739.0,1739.65,5024
1722226800,1739.65,1740.95,1738.0,1739.95,9268
1722227100,1739.95,1741.95,1739.55,1741.65,5824
1722227400,1741.65,1746.0,1741.65,1742.35,12741
1722227700,1742.35,1744.25,1740.75,1742.35,4872
1722228000,1742.4,1742.75,1739.55,1741.25,7740
1722228300,1741.3,1742.3,1737.95,1740.5,11832
1722228600,1740.1,1742.5,1738.95,1742.5,10308
1722228900,1742.55,1743.95,1736.5,1743.05,31693
1722229200,1743.35,1743.5,1738.8,1741.45,9593
1722229500,1741.45,1746.0,1740.05,1744.5,28306
1722229800,1744.5,1745.6,1741.9,1745.45,70438
1722230100,1745.1,1749.0,1745.0,1748.65,54415
1722230400,1748.65,1751.85,1746.5,1750.3,22797
1722230700,1750.3,1752.45,1747.55,1752.45,9864
1722231000,1752.45,1752.95,1750.5,1750.5,7486
1722231300,1750.0,1751.15,1749.0,1750.0,6752
1722231600,1749.75,1751.55,1749.75,1751.35,7244
1722231900,1751.35,1751.7,1749.15,1749.9,4337
1722232200,1749.9,1750.3,1749.15,1750.2,5177
1722232500,1750.25,1750.55,1749.4,1750.1,2762
1722232800,1750.1,1752.65,1749.8,1751.5,5348
1722233100,1751.5,1753.85,1751.0,1752.55,3534
1722233400,1752.55,1754.7,1752.25,1753.2,3785
1722233700,1753.2,1754.9,1752.4,1752.75,3865
1722234000,1752.75,1752.75,1750.75,1752.0,3828
1722234300,1751.85,1751.85,1749.8,1749.8,4593
1722234600,1750.5,1753.6,1749.9,1752.95,3269
1722234900,1752.95,1753.9,1749.15,1750.35,5316
1722235200,1750.15,1752.0,1745.0,1751.6,39611
1722235500,1751.45,1751.45,1745.2,1748.95,31939
1722235800,1748.9,1750.9,1746.55,1746.85,26236
1722236100,1747.3,1749.25,1746.55,1748.25,14573
1722236400,1748.0,1750.35,1746.55,1749.65,25476
1722236700,1749.5,1754.0,1747.55,1754.0,12408
1722237000,1754.0,1754.0,1748.0,1749.0,17195
1722237300,1749.0,1750.55,1748.05,1748.05,16424
1722237600,1748.35,1750.15,1746.15,1748.6,18212
1722237900,1748.6,1750.0,1747.85,1748.65,5817
1722238200,1748.65,1751.0,1748.6,1750.65,5652
1722238500,1750.7,1751.55,1750.0,1751.55,8845
1722238800,1751.55,1752.05,1749.35,1750.55,21101
1722239100,1750.55,1751.5,1749.6,1749.85,7522
1722239400,1749.8,1752.0,1749.8,1751.65,5254
1722239700,1751.5,1751.6,1749.1,1749.85,8636
1722240000,1749.85,1751.4,1748.45,1748.45,8531
1722240300,1748.4,1751.15,1748.4,1749.25,7769
1722240600,1749.25,1750.95,1747.3,1748.15,24313
1722240900,1748.15,1749.0,1745.0,1746.3,9271
1722241200,1746.3,1747.15,1743.7,1745.2,24904
1722241500,1745.2,1745.55,1744.65,1744.65,8524
1722241800,1744.65,1747.7,1744.65,1746.45,62736
1722242100,1746.45,1748.95,1745.5,1746.85,10926
1722242400,1746.9,1748.45,1745.55,1745.55,11825
1722242700,1745.55,1748.4,1744.65,1745.15,12770
1722243000,1745.15,1746.6,1744.0,1745.05,20816
1722243300,1744.65,1746.2,1743.9,1745.65,27219
1722243600,1745.05,1746.4,1744.1,1745.7,9933
1722243900,1745.7,1745.9,1744.1,1744.65,12672
1722244200,1744.65,1745.1,1744.5,1745.0,38503
1722244500,1745.0,1746.9,1744.0,1746.55,12812
1722244800,1746.5,1746.75,1744.65,1745.8,12901
1722245100,1745.85,1746.5,1744.9,1745.85,10493
1722245400,1746.45,1747.15,1744.65,1744.7,42644
1722245700,1744.65,1748.3,1744.6,1748.3,35909
1722246000,1748.1,1749.05,1744.65,1745.0,36049
1722246300,1745.0,1745.95,1744.65,1745.5,33442
1722246600,1745.5,1750.65,1745.5,1749.4,53678
1722246900,1749.35,1750.0,1745.0,1745.6,19218
1722311100,1740.5,1745.0,1727.55,1731.35,91321
1722311400,1731.5,1732.95,1718.0,1721.95,76959
1722311700,1721.95,1722.65,1713.0,1713.15,112417
1722312000,1714.05,1720.9,1710.0,1717.6,79530
1722312300,1717.1,1717.75,1710.5,1712.45,29199
1722312600,1712.45,1718.0,1711.85,1717.7,26953
1722312900,1718.0,1721.15,1710.1,1710.9,28613
1722313200,1710.9,1715.15,1709.05,1714.0,33240
1722313500,1714.0,1715.0,1708.25,1711.45,18861
1722313800,1711.45,1714.0,1708.0,1711.9,31477
1722314100,1711.65,1712.0,1708.7,1709.6,25720
1722314400,1708.85,1710.9,1708.0,1710.9,16235
1722314700,1710.9,1716.9,1710.3,1713.8,28513
1722315000,1713.25,1715.4,1710.0,1711.9,48990
1722315300,1711.9,1718.8,1710.9,1712.65,43157
1722315600,1712.7,1718.7,1712.35,1718.45,31600
1722315900,1718.45,1723.4,1715.0,1720.45,31245
1722316200,1720.45,1721.6,1717.7,1719.7,13220
1722316500,1720.5,1724.9,1719.15,1723.7,22499
1722316800,1723.65,1726.0,1720.0,1721.35,28301
1722317100,1720.95,1726.15,1720.0,1724.35,18555
1722317400,1724.95,1725.8,1722.45,1722.9,13367
1722317700,1722.9,1725.0,1722.05,1724.15,7897
1722318000,1724.0,1726.4,1724.0,1725.0,9236
1722318300,1725.3,1726.5,1724.5,1725.4,11561
1722318600,1725.0,1728.45,1725.0,1726.3,13541
1722318900,1726.6,1729.4,1725.55,1727.0,13490
1722319200,1727.0,1728.3,1725.05,1726.45,11971
1722319500,1727.0,1732.8,1726.25,1732.1,25042
1722319800,1732.1,1735.0,1729.95,1734.0,21074
1722320100,1733.95,1734.9,1731.35,1733.8,276143
1722320400,1733.8,1735.0,1729.0,1733.05,20776
1722320700,1733.05,1735.0,1732.05,1734.85,16504
1722321000,1734.8,1739.45,1734.45,1735.8,13515
1722321300,1736.3,1738.9,1735.0,1736.5,7749
1722321600,1736.5,1736.8,1735.0,1735.2,2805
1722321900,1735.2,1736.9,1734.0,1734.0,6393
1722322200,1734.0,1735.0,1733.0,1734.8,7031
1722322500,1734.8,1735.6,1733.95,1734.65,6986
1722322800,1734.7,1738.25,1734.25,1736.85,6184
1722323100,1736.95,1738.0,1734.9,1737.25,5582
1722323400,1736.9,1737.2,1733.8,1735.35,11038
1722323700,1735.15,1737.9,1734.25,1736.8,9915
1722324000,1736.65,1737.85,1734.0,1735.55,7355
1722324300,1734.9,1736.9,1733.35,1735.7,11193
1722324600,1735.7,1740.0,1735.3,1739.35,19379
1722324900,1739.35,1745.0,1737.9,1743.45,45738
1722325200,1743.5,1745.0,1738.05,1738.75,20210
1722325500,1738.1,1739.0,1732.0,1734.3,23786
1722325800,1734.3,1736.3,1732.4,1733.15,5215
1722326100,1733.15,1734.55,1733.0,1733.7,4586
1722326400,1733.85,1734.55,1731.0,1732.9,3756
1722326700,1732.85,1734.95,1732.5,1733.05,3636
1722327000,1732.95,1740.4,1731.55,1739.95,10844
1722327300,1740.0,1740.45,1737.85,1739.55,11297
1722327600,1739.7,1743.45,1739.05,1741.0,25986
1722327900,1740.25,1741.0,1738.75,1739.15,4898
1722328200,1739.15,1740.35,1738.4,1739.6,5435
1722328500,1739.6,1739.95,1737.85,1739.35,11303
1722328800,1739.15,1740.8,1738.55,1739.45,7726
1722329100,1739.45,1742.55,1739.3,1739.55,13785
1722329400,1739.55,1741.2,1737.7,1740.05,8557
1722329700,1740.05,1740.95,1737.0,1738.25,8759
1722330000,1738.2,1741.0,1738.0,1739.05,3713
1722330300,1739.05,1741.0,1738.95,1740.1,2674
1722330600,1740.1,1746.3,1738.05,1743.1,31308
1722330900,1743.1,1744.55,1740.1,1740.7,12399
1722331200,1740.75,1742.2,1737.75,1739.35,10763
1722331500,1739.45,1741.6,1735.7,1737.15,15988
1722331800,1737.45,1738.0,1720.0,1720.0,120560
1722332100,1720.0,1722.95,1720.0,1721.0,73391
1722332400,1721.05,1722.1,1720.0,1721.05,66191
1722332700,1721.0,1722.4,1720.0,1720.0,45104
1722333000,1720.05,1720.2,1719.45,1720.0,54432
1722333300,1720.0,1720.15,1712.85,1717.45,52362
1722397500,1721.05,1732.6,1721.0,1725.7,21439
1722397800,1725.7,1730.15,1723.0,1723.2,18778
1722398100,1723.2,1723.55,1720.0,1723.4,13394
1722398400,1723.25,1726.55,1722.25,1726.4,11391
1722398700,1726.0,1728.05,1725.05,1728.0,10026
1722399000,1728.0,1728.0,1723.5,1723.55,9399
1722399300,1723.55,1726.85,1723.05,1726.4,3683
1722399600,1726.4,1730.0,1726.25,1729.4,6770
1722399900,1729.4,1734.0,1727.0,1733.25,8413
1722400200,1733.55,1736.65,1731.35,1735.8,14712
1722400500,1734.0,1738.1,1734.0,1737.6,12671
1722400800,1737.6,1739.85,1735.1,1739.0,13296
1722401100,1739.0,1745.4,1738.5,1742.15,38233
1722401400,1742.85,1742.9,1738.85,1740.05,22128
1722401700,1740.05,1742.35,1738.0,1739.45,14937
1722402000,1740.45,1742.0,1739.55,1741.1,8288
1722402300,1741.05,1741.5,1739.75,1741.5,8667
1722402600,1741.5,1742.8,1740.8,1741.45,3513
1722402900,1741.4,1741.4,1740.0,1741.25,6059
1722403200,1741.25,1744.75,1740.35,1744.7,8804
1722403500,1744.7,1745.0,1741.45,1744.1,7719
1722403800,1744.1,1748.85,1743.5,1747.1,22669
1722404100,1747.5,1747.6,1742.35,1742.65,8479
1722404400,1742.85,1747.0,1740.5,1746.55,9291
1722404700,1746.15,1746.6,1743.0,1745.25,6981
1722405000,1745.1,1745.95,1742.0,1743.8,4555
1722405300,1744.0,1744.25,1740.55,1741.35,8041
1722405600,1742.1,1744.1,1740.0,1740.65,9278
1722405900,1740.65,1744.35,1740.5,1743.0,12765
1722406200,1743.3,1743.55,1740.0,1742.95,6250
1722406500,1742.95,1744.05,1742.1,1744.0,5400
1722406800,1744.15,1746.2,1743.7,1744.95,6952
1722407100,1744.95,1746.75,1744.35,1745.35,5048
1722407400,1745.2,1749.95,1745.2,1749.95,10553
1722407700,1749.05,1749.85,1744.1,1744.5,12226
1722408000,1744.5,1749.0,1744.5,1749.0,5693
1722408300,1748.55,1749.75,1747.55,1749.0,6218
1722408600,1749.0,1754.0,1748.5,1752.6,33852
1722408900,1752.6,1758.45,1751.4,1758.25,26630
1722409200,1758.7,1758.7,1750.4,1750.6,14336
1722409500,1750.6,1754.8,1750.6,1754.0,4957
1722409800,1754.0,1754.85,1752.05,1754.2,4394
1722410100,1754.2,1756.6,1752.8,1756.0,7742
1722410400,1756.0,1757.0,1754.65,1756.3,8067
1722410700,1756.2,1756.2,1752.9,1755.8,5930
1722411000,1755.8,1756.65,1753.0,1755.05,12979
1722411300,1754.7,1755.25,1753.55,1755.0,6076
1722411600,1754.85,1756.0,1753.2,1755.5,15138
1722411900,1755.5,1756.1,1753.75,1755.0,7212
1722412200,1754.45,1756.6,1754.15,1756.05,10206
1722412500,1756.2,1758.7,1756.0,1758.65,12016
1722412800,1758.45,1760.0,1757.75,1758.8,13100
1722413100,1758.8,1760.0,1757.05,1758.5,16373
1722413400,1758.95,1759.8,1756.2,1757.85,8828
1722413700,1757.0,1758.5,1756.65,1758.0,4468
1722414000,1758.0,1759.0,1757.35,1759.0,9241
1722414300,1759.0,1760.0,1758.2,1760.0,7931
1722414600,1760.0,1760.0,1757.35,1759.75,7693
1722414900,1759.15,1760.0,1758.75,1759.65,6230
1722415200,1759.2,1759.65,1758.3,1759.15,7373
1722415500,1759.15,1759.5,1757.5,1758.0,13209
1722415800,1757.9,1757.9,1753.1,1755.4,14481
1722416100,1755.1,1757.4,1753.7,1757.4,8779
1722416400,1756.6,1758.55,1755.9,1756.3,13972
1722416700,1756.3,1758.0,1755.0,1757.4,8898
1722417000,1757.4,1758.2,1755.4,1756.05,9655
1722417300,1756.3,1757.0,1754.65,1756.2,11391
1722417600,1755.5,1756.8,1754.65,1755.3,9844
1722417900,1755.3,1756.25,1755.0,1756.05,8751
1722418200,1755.8,1756.8,1753.05,1753.8,62981
1722418500,1753.8,1755.75,1753.0,1753.1,52280
1722418800,1753.0,1754.4,1751.6,1753.0,55625
1722419100,1752.1,1753.75,1750.7,1752.8,54711
1722419400,1753.25,1755.15,1751.55,1753.05,65899
1722419700,1753.1,1758.85,1750.0,1755.0,38452
1722483900,1791.1,1791.15,1765.6,1772.1,118762
1722484200,1770.75,1774.95,1763.8,1774.95,34094
1722484500,1774.85,1779.05,1773.0,1775.0,42414
1722484800,1775.15,1777.0,1774.0,1774.75,12292
1722485100,1774.75,1774.8,1771.6,1774.75,16330
1722485400,1774.75,1786.5,1774.3,1786.5,26496
1722485700,1786.5,1787.4,1780.15,1784.8,37683
1722486000,1784.6,1786.05,1777.8,1778.85,18280
1722486300,1778.5,1779.25,1775.2,1778.15,13162
1722486600,1778.15,1781.6,1777.95,1778.35,5007
1722486900,1778.85,1779.85,1776.7,1778.6,7597
1722487200,1778.75,1781.7,1778.15,1781.1,6800
1722487500,1781.1,1784.05,1778.2,1783.15,8063
1722487800,1783.15,1784.4,1780.7,1780.7,12971
1722488100,1780.55,1781.1,1777.7,1778.3,6393
1722488400,1778.3,1779.0,1776.05,1776.55,5524
1722488700,1777.4,1777.4,1773.1,1776.2,7575
1722489000,1776.95,1780.4,1776.55,1779.95,4082
1722489300,1779.9,1780.3,1777.35,1779.95,10042
1722489600,1779.95,1781.25,1777.05,1780.6,8178
1722489900,1779.8,1784.0,1778.55,1781.85,8477
1722490200,1781.85,1782.0,1773.6,1774.0,10140
1722490500,1774.0,1777.25,1773.6,1777.2,5017
1722490800,1776.3,1779.0,1776.3,1778.1,4480
1722491100,1778.9,1779.85,1776.45,1779.0,4130
1722491400,1778.9,1780.0,1776.7,1779.25,2361
1722491700,1779.4,1780.35,1778.2,1779.3,7283
1722492000,1779.5,1779.85,1778.25,1779.0,2183
1722492300,1778.9,1779.45,1777.6,1778.8,2880
1722492600,1778.95,1778.95,1771.95,1772.6,6034
1722492900,1772.6,1773.25,1771.0,1772.5,6622
1722493200,1772.5,1774.9,1771.6,1774.0,5529
1722493500,1774.65,1774.75,1770.6,1772.15,6002
1722493800,1772.15,1772.5,1767.05,1768.1,8571
1722494100,1768.8,1774.05,1768.05,1769.85,11883
1722494400,1770.45,1771.9,1768.9,1769.95,6500
1722494700,1770.85,1771.0,1768.5,1769.95,2725
1722495000,1769.95,1770.25,1767.65,1769.05,4027
1722495300,1768.95,1769.0,1765.35,1765.35,6527
1722495600,1766.4,1767.9,1765.8,1767.5,3585
1722495900,1767.5,1767.5,1761.5,1762.8,10755
1722496200,1762.8,1764.0,1762.0,1763.4,8145
1722496500,1763.1,1764.85,1761.75,1764.5,4628
1722496800,1764.5,1764.9,1762.3,1763.8,4373
1722497100,1763.8,1763.95,1760.15,1761.5,4107
1722497400,1761.5,1764.65,1760.55,1764.55,6024
1722497700,1764.7,1770.4,1764.7,1767.2,32899
1722498000,1767.75,1769.3,1765.9,1769.05,9558
1722498300,1769.15,1774.1,1768.55,1772.25,8713
1722498600,1772.25,1772.5,1769.4,1769.65,6298
1722498900,1770.0,1772.0,1769.05,1770.75,5551
1722499200,1770.9,1773.85,1770.05,1773.8,8256
1722499500,1773.8,1773.8,1770.55,1770.95,5470
1722499800,1770.95,1773.6,1770.7,1771.65,6833
1722500100,1771.6,1773.85,1771.0,1773.7,4081
1722500400,1773.7,1775.0,1772.25,1773.3,8411
1722500700,1773.3,1774.85,1773.0,1774.4,5433
1722501000,1774.1,1777.2,1773.95,1776.8,13675
1722501300,1776.85,1777.45,1770.2,1770.65,17620
1722501600,1770.65,1773.5,1770.0,1773.45,12099
1722501900,1772.8,1774.0,1768.65,1768.7,11043
1722502200,1768.7,1768.95,1762.45,1766.0,32140
1722502500,1766.4,1766.4,1759.55,1760.05,31168
1722502800,1760.8,1761.7,1758.1,1759.45,32209
1722503100,1759.4,1762.05,1758.5,1760.35,30898
1722503400,1760.35,1765.95,1760.1,1765.0,29658
1722503700,1765.0,1766.3,1761.55,1764.5,29611
1722504000,1763.95,1765.8,1762.05,1764.6,31148
1722504300,1764.7,1765.1,1762.1,1763.85,35212
1722504600,1763.95,1769.5,1763.85,1767.35,53618
1722504900,1767.6,1770.65,1767.4,1768.05,47840
1722505200,1768.05,1771.3,1766.8,1767.3,55574
1722505500,1767.9,1769.25,1764.95,1765.45,54809
1722505800,1766.5,1767.9,1763.5,1763.55,48860
1722506100,1763.5,1767.8,1760.0,1761.8,23855
1722570300,1760.0,1762.4,1751.05,1761.5,31668
1722570600,1761.5,1761.5,1746.0,1750.2,15426
1722570900,1750.2,1751.8,1745.15,1746.75,9433
1722571200,1745.75,1746.4,1743.0,1743.8,9676
1722571500,1743.8,1743.9,1738.0,1738.85,14555
1722571800,1738.0,1740.6,1734.2,1734.2,10110
1722572100,1734.0,1736.95,1733.6,1736.65,11332
1722572400,1736.65,1736.75,1732.05,1732.5,9374
1722572700,1732.5,1736.0,1731.0,1733.75,17943
1722573000,1733.75,1739.75,1733.5,1738.5,8201
1722573300,1737.85,1741.2,1737.0,1739.65,9802
1722573600,1738.9,1743.95,1738.4,1742.5,5098
1722573900,1742.55,1746.45,1742.55,1746.45,10932
1722574200,1746.5,1746.95,1740.0,1741.15,5442
1722574500,1741.15,1742.2,1738.1,1739.3,2676
1722574800,1739.85,1741.6,1737.25,1737.75,3323
1722575100,1737.75,1742.95,1737.65,1742.15,3516
1722575400,1742.15,1742.15,1738.15,1740.5,2865
1722575700,1740.85,1747.0,1740.55,1746.8,5095
1722576000,1746.8,1749.2,1746.15,1748.25,5695
1722576300,1748.8,1750.0,1746.75,1750.0,9662
1722576600,1750.45,1750.45,1747.45,1748.7,2590
1722576900,1748.7,1750.3,1747.4,1749.25,2708
1722577200,1749.25,1750.0,1748.15,1749.65,2977
1722577500,1749.65,1750.25,1748.55,1750.25,2022
1722577800,1750.25,1751.9,1749.2,1750.25,2410
1722578100,1750.25,1761.85,1749.1,1761.3,8411
1722578400,1761.85,1768.9,1760.0,1765.0,13203
1722578700,1765.0,1768.65,1761.05,1764.95,10459
1722579000,1764.95,1765.0,1762.05,1764.2,1438
1722579300,1764.2,1767.0,1764.2,1765.55,4944
1722579600,1765.4,1765.6,1758.25,1762.25,7355
1722579900,1762.2,1767.1,1762.2,1764.65,7084
1722580200,1764.65,1764.9,1762.2,1763.5,3433
1722580500,1763.05,1763.85,1757.3,1757.6,4783
1722580800,1758.35,1761.05,1755.05,1756.4,17417
1722581100,1756.4,1757.45,1753.05,1753.1,3120
1722581400,1753.05,1754.35,1751.2,1754.0,3652
1722581700,1753.6,1754.05,1750.5,1750.5,3886
1722582000,1750.5,1753.4,1750.0,1752.2,8588
1722582300,1751.85,1754.45,1750.4,1750.4,6445
1722582600,1750.45,1751.0,1747.5,1748.95,2918
1722582900,1748.95,1749.75,1745.85,1746.25,16133
1722583200,1746.25,1748.25,1746.15,1748.15,2189
1722583500,1747.55,1748.85,1746.3,1748.0,2786
1722583800,1748.4,1748.8,1746.0,1748.8,3143
1722584100,1748.95,1751.25,1747.95,1750.5,1996
1722584400,1750.25,1752.9,1750.25,1751.2,2834
1722584700,1751.2,1754.7,1751.1,1754.35,1660
1722585000,1754.9,1755.0,1752.4,1753.1,4682
1722585300,1753.1,1755.65,1752.75,1754.5,3288
1722585600,1754.25,1756.85,1752.95,1756.4,6058
1722585900,1756.4,1757.0,1754.05,1756.8,3471
1722586200,1756.8,1758.6,1754.9,1756.45,3141
1722586500,1756.5,1758.55,1756.1,1756.85,2040
1722586800,1756.2,1758.75,1756.05,1756.3,2173
1722587100,1756.3,1759.05,1755.45,1756.8,3398
1722587400,1756.8,1758.4,1755.7,1757.7,3439
1722587700,1757.7,1758.3,1753.2,1758.0,8968
1722588000,1758.1,1760.0,1755.4,1756.55,11441
1722588300,1756.85,1757.1,1753.65,1754.6,8247
1722588600,1754.25,1756.35,1753.55,1755.5,7624
1722588900,1755.5,1757.0,1755.5,1756.85,5460
1722589200,1756.55,1756.9,1754.05,1755.85,6165
1722589500,1755.85,1755.95,1751.7,1754.15,5436
1722589800,1754.15,1755.0,1751.5,1753.55,7582
1722590100,1753.7,1755.0,1751.7,1752.65,7666
1722590400,1753.05,1753.35,1748.3,1750.1,8915
1722590700,1750.1,1751.6,1748.0,1751.25,8221
1722591000,1751.15,1751.15,1740.55,1744.35,34776
1722591300,1744.3,1745.95,1742.15,1745.15,15616
1722591600,1745.15,1746.7,1743.15,1745.2,16753
1722591900,1745.2,1746.1,1741.5,1746.1,16982
1722592200,1746.05,1746.55,1743.75,1744.4,18171
1722592500,1744.4,1751.1,1738.1,1748.3,22393
1722829500,1680.0,1738.0,1679.95,1728.85,68685
1722829800,1728.85,1728.85,1718.0,1719.6,21904
1722830100,1719.6,1724.95,1718.45,1720.55,14874
1722830400,1720.1,1730.8,1719.2,1726.45,11408
1722830700,1725.0,1725.9,1719.85,1723.9,11556
1722831000,1724.4,1735.0,1723.3,1733.65,17367
1722831300,1735.0,1736.75,1730.45,1732.25,11001
1722831600,1731.55,1734.4,1730.05,1733.65,4320
1722831900,1733.65,1736.9,1733.15,1735.15,4570
1722832200,1735.15,1737.0,1733.5,1734.25,6885
1722832500,1734.25,1736.2,1731.5,1736.2,9093
1722832800,1736.2,1738.65,1734.65,1737.9,10846
1722833100,1737.9,1739.35,1729.55,1730.0,17819
1722833400,1729.9,1730.0,1728.8,1729.65,4642
1722833700,1729.75,1730.5,1726.3,1729.95,8251
1722834000,1730.0,1730.0,1728.55,1730.0,3392
1722834300,1729.75,1730.0,1724.5,1726.85,7647
1722834600,1727.0,1727.15,1718.5,1718.8,48795
1722834900,1719.05,1722.1,1715.55,1717.0,23930
1722835200,1717.0,1719.4,1716.1,1718.85,18098
1722835500,1718.85,1722.0,1716.75,1721.75,14112
1722835800,1722.0,1722.0,1716.0,1718.1,5894
1722836100,1718.1,1718.1,1712.4,1712.4,9365
1722836400,1712.4,1715.3,1710.9,1711.9,38367
1722836700,1712.0,1713.85,1707.55,1708.9,28775
1722837000,1710.0,1710.0,1702.0,1703.0,11139
1722837300,1703.4,1712.0,1702.75,1709.7,24768
1722837600,1710.0,1710.0,1702.6,1703.8,15772
1722837900,1704.6,1707.05,1702.0,1706.95,21295
1722838200,1706.95,1710.0,1705.45,1707.6,19823
1722838500,1707.25,1710.0,1707.25,1709.35,8685
1722838800,1709.35,1710.0,1707.35,1708.3,10856
1722839100,1708.2,1710.0,1706.8,1709.05,10641
1722839400,1709.05,1709.9,1707.55,1708.85,13079
1722839700,1709.05,1711.95,1708.85,1710.0,33716
1722840000,1709.45,1712.25,1708.4,1711.0,23016
1722840300,1712.95,1722.15,1712.5,1721.6,34269
1722840600,1722.15,1722.85,1717.95,1720.15,6138
1722840900,1720.85,1723.35,1717.0,1720.2,33992
1722841200,1720.05,1720.2,1715.0,1716.25,12182
1722841500,1715.25,1715.35,1710.0,1710.65,8595
1722841800,1711.2,1714.1,1709.5,1711.1,7481
1722842100,1711.6,1712.6,1710.25,1711.5,8339
1722842400,1712.25,1712.25,1709.75,1710.55,9527
1722842700,1710.55,1711.8,1707.0,1708.5,19746
1722843000,1709.0,1710.5,1708.3,1710.3,7388
1722843300,1710.15,1711.85,1708.55,1711.0,8902
1722843600,1712.1,1713.95,1710.55,1713.35,6892
1722843900,1713.35,1718.85,1713.25,1713.5,10198
1722844200,1713.5,1714.25,1711.35,1713.15,4371
1722844500,1712.85,1715.45,1712.25,1713.5,10225
1722844800,1713.45,1716.3,1711.55,1715.55,6699
1722845100,1716.3,1717.95,1713.3,1716.1,5589
1722845400,1716.0,1717.55,1714.0,1714.5,8214
1722845700,1714.6,1717.7,1713.25,1717.3,7698
1722846000,1717.95,1719.4,1715.35,1716.35,5543
1722846300,1716.35,1718.45,1715.0,1718.35,6862
1722846600,1718.0,1719.95,1718.0,1718.35,9474
1722846900,1718.65,1719.95,1716.1,1716.8,14445
1722847200,1717.55,1719.6,1716.1,1717.1,35745
1722847500,1717.0,1719.9,1716.0,1717.35,7710
1722847800,1717.35,1720.7,1717.3,1719.25,11654
1722848100,1719.25,1720.95,1714.05,1715.95,32313
1722848400,1716.65,1718.2,1715.1,1718.1,10639
1722848700,1718.1,1719.65,1716.25,1717.1,7666
1722849000,1717.3,1725.0,1716.3,1723.8,49777
1722849300,1723.7,1724.95,1721.95,1724.1,15674
1722849600,1724.1,1725.0,1723.35,1724.15,8377
1722849900,1724.8,1725.0,1723.1,1725.0,11785
1722850200,1724.9,1725.0,1719.2,1719.7,18080
1722850500,1719.85,1722.65,1717.1,1721.3,27835
1722850800,1721.25,1722.1,1718.05,1720.8,25430
1722851100,1720.75,1723.9,1720.1,1723.3,39026
1722851400,1723.05,1725.0,1720.3,1724.9,32016
1722851700,1725.0,1725.0,1719.7,1723.45,39133
1722915900,1722.2,1780.0,1698.3,1715.55,121115
1722916200,1715.2,1729.95,1713.2,1717.05,72686
1722916500,1717.3,1717.3,1706.95,1710.2,42306
1722916800,1709.75,1711.75,1706.2,1708.6,26385
1722917100,1708.55,1712.0,1705.1,1712.0,11352
1722917400,1712.95,1719.55,1711.9,1718.7,21475
1722917700,1718.7,1725.0,1718.4,1723.0,20108
1722918000,1723.0,1723.0,1718.35,1720.95,13786
1722918300,1720.25,1720.9,1715.65,1715.9,10269
1722918600,1715.9,1716.4,1709.25,1709.95,21491
1722918900,1709.55,1710.0,1702.3,1705.5,20990
1722919200,1705.25,1709.8,1704.95,1709.15,38648
1722919500,1708.6,1709.55,1701.4,1702.15,50657
1722919800,1702.15,1703.2,1697.6,1698.55,26464
1722920100,1698.45,1700.85,1693.3,1694.5,21491
1722920400,1694.5,1698.9,1693.15,1696.95,21796
1722920700,1696.75,1699.0,1693.7,1694.25,21495
1722921000,1694.25,1695.3,1688.6,1689.35,25101
1722921300,1689.55,1694.05,1688.6,1691.1,14340
1722921600,1691.1,1693.9,1690.0,1690.4,11980
1722921900,1690.4,1696.8,1690.15,1695.55,10704
1722922200,1695.25,1696.0,1690.05,1692.45,10856
1722922500,1692.95,1693.0,1688.35,1690.0,8186
1722922800,1689.75,1690.0,1685.15,1688.35,13881
1722923100,1688.45,1693.9,1687.0,1692.45,11624
1722923400,1692.45,1693.7,1690.1,1690.85,10174
1722923700,1691.6,1693.55,1689.85,1692.3,10497
1722924000,1692.25,1694.8,1688.8,1688.8,14243
1722924300,1689.35,1690.8,1688.0,1689.05,4825
1722924600,1688.3,1690.3,1685.75,1689.75,6657
1722924900,1689.25,1692.55,1688.45,1690.95,4979
1722925200,1690.7,1693.0,1690.05,1692.8,4054
1722925500,1692.8,1694.4,1689.1,1690.45,7549
1722925800,1690.45,1695.0,1690.2,1694.2,3733
1722926100,1694.45,1694.75,1691.75,1693.55,6851
1722926400,1693.55,1696.0,1692.65,1694.05,6776
1722926700,1695.05,1696.2,1693.65,1695.0,8176
1722927000,1694.3,1695.0,1692.85,1694.0,9703
1722927300,1694.0,1695.75,1692.0,1693.0,13609
1722927600,1693.0,1697.0,1692.65,1695.85,6869
1722927900,1695.85,1704.4,1694.05,1702.95,18402
1722928200,1703.35,1703.9,1700.55,1703.2,14050
1722928500,1702.9,1704.4,1701.55,1701.8,11793
1722928800,1701.8,1703.95,1701.35,1702.05,9779
1722929100,1701.75,1702.4,1695.45,1697.2,13684
1722929400,1697.8,1700.7,1694.5,1699.45,22081
1722929700,1700.3,1701.1,1697.75,1699.05,19877
1722930000,1699.85,1700.95,1695.2,1699.2,11325
1722930300,1699.2,1699.4,1697.05,1698.85,6432
1722930600,1699.4,1701.3,1697.85,1698.7,15017
1722930900,1698.15,1701.6,1698.1,1700.45,7405
1722931200,1700.45,1700.9,1696.8,1696.95,5921
1722931500,1697.65,1697.75,1686.6,1688.7,27994
1722931800,1688.75,1692.8,1688.75,1691.75,7761
1722932100,1691.6,1691.85,1685.55,1685.55,12629
1722932400,1685.6,1690.95,1683.6,1686.8,15593
1722932700,1686.85,1687.4,1683.85,1685.35,11388
1722933000,1685.35,1690.5,1685.3,1690.5,9419
1722933300,1690.5,1691.0,1686.7,1688.95,5143
1722933600,1689.25,1690.0,1685.0,1685.0,7242
1722933900,1685.0,1686.6,1680.45,1681.8,16593
1722934200,1681.55,1686.8,1681.55,1686.45,9544
1722934500,1686.7,1694.9,1685.85,1689.25,18366
1722934800,1689.1,1691.15,1684.2,1688.1,16472
1722935100,1688.1,1690.45,1685.35,1685.35,9483
1722935400,1685.85,1686.6,1682.75,1683.65,10793
1722935700,1683.65,1685.1,1675.05,1680.05,48178
1722936000,1679.65,1681.9,1679.1,1679.65,17964
1722936300,1679.95,1681.95,1678.7,1681.55,19351
1722936600,1681.4,1681.5,1672.4,1675.25,53521
1722936900,1675.25,1677.4,1674.35,1676.05,38815
1722937200,1676.05,1677.05,1673.3,1674.3,61210
1722937500,1674.35,1674.6,1670.1,1674.5,53976
1722937800,1673.55,1675.95,1670.7,1675.0,47073
1722938100,1674.95,1680.35,1673.2,1680.35,38631
1723002300,1690.05,1698.9,1686.8,1689.5,21237
1723002600,1689.45,1690.5,1683.4,1688.45,5610
1723002900,1688.45,1691.6,1686.05,1687.95,9050
1723003200,1687.95,1691.85,1685.55,1689.65,6187
1723003500,1689.65,1689.9,1685.85,1685.9,8183
1723003800,1686.6,1689.95,1686.6,1687.55,2820
1723004100,1687.55,1690.0,1686.15,1686.15,5590
1723004400,1686.15,1687.75,1684.5,1685.85,5515
1723004700,1685.25,1689.0,1685.25,1688.95,2005
1723005000,1688.95,1692.9,1688.8,1691.65,9113
1723005300,1691.65,1691.65,1687.05,1688.0,15109
1723005600,1687.9,1687.9,1683.05,1684.95,17398
1723005900,1684.95,1686.0,1678.55,1681.25,7267
1723006200,1681.25,1682.7,1678.1,1680.0,24446
1723006500,1680.25,1683.3,1677.1,1680.4,57817
1723006800,1681.15,1688.8,1680.65,1688.3,13261
1723007100,1688.3,1693.75,1687.6,1692.75,7354
1723007400,1692.75,1692.75,1687.8,1688.4,2619
1723007700,1688.35,1688.9,1681.7,1682.75,33109
1723008000,1682.75,1685.55,1682.05,1684.3,3117
1723008300,1684.25,1685.0,1681.05,1682.95,4783
1723008600,1682.95,1682.95,1680.0,1682.7,18054
1723008900,1682.0,1684.9,1682.0,1683.75,1479
1723009200,1683.75,1685.2,1683.0,1685.2,3947
1723009500,1685.2,1685.45,1681.05,1682.0,8045
1723009800,1681.15,1685.6,1681.0,1684.7,16446
1723010100,1684.7,1685.75,1684.3,1685.0,1484
1723010400,1685.0,1685.0,1683.8,1684.1,988
1723010700,1684.9,1685.25,1682.0,1682.0,1595
1723011000,1682.55,1684.95,1682.25,1684.5,837
1723011300,1684.5,1685.65,1682.05,1682.85,4426
1723011600,1682.85,1682.85,1679.45,1680.45,4028
1723011900,1680.7,1683.2,1679.95,1682.8,3090
1723012200,1682.8,1682.85,1681.35,1682.6,1835
1723012500,1682.6,1685.0,1681.45,1684.0,1872
1723012800,1684.25,1684.25,1682.9,1683.45,1820
1723013100,1683.2,1686.2,1682.2,1684.95,4733
1723013400,1685.65,1688.8,1684.95,1687.7,1951
1723013700,1687.65,1688.5,1684.95,1685.6,2673
1723014000,1685.6,1686.45,1684.85,1685.65,7180
1723014300,1685.65,1687.1,1684.2,1684.3,2892
1723014600,1684.2,1686.55,1682.6,1684.85,5870
1723014900,1684.65,1685.9,1683.8,1684.9,3379
1723015200,1684.55,1685.05,1681.25,1683.7,3475
1723015500,1683.7,1684.95,1682.5,1684.55,3876
1723015800,1684.55,1684.7,1682.05,1684.15,4038
1723016100,1684.15,1685.3,1682.9,1683.85,5475
1723016400,1683.85,1685.75,1683.4,1685.15,2075
1723016700,1685.2,1685.75,1684.3,1684.9,1998
1723017000,1684.9,1684.9,1682.1,1682.75,2372
1723017300,1682.9,1683.7,1681.75,1683.0,3928
1723017600,1683.0,1683.5,1681.7,1682.5,2332
1723017900,1681.8,1684.1,1681.8,1684.05,3850
1723018200,1683.3,1685.0,1683.0,1684.9,2205
1723018500,1684.75,1685.45,1684.35,1685.0,1144
1723018800,1684.85,1685.05,1684.35,1684.95,1090
1723019100,1684.95,1685.0,1684.4,1685.0,1154
1723019400,1684.8,1687.45,1684.05,1687.4,2040
1723019700,1687.4,1687.5,1684.45,1687.5,2084
1723020000,1687.35,1689.55,1687.0,1688.5,10896
1723020300,1688.5,1688.5,1687.35,1688.0,1284
1723020600,1687.85,1689.45,1687.4,1689.0,6913
1723020900,1689.0,1690.5,1688.5,1688.5,16443
1723021200,1689.3,1689.95,1687.0,1687.0,7458
1723021500,1687.2,1688.7,1687.0,1688.0,2004
1723021800,1688.0,1688.2,1687.05,1688.05,1550
1723022100,1688.15,1688.5,1687.45,1688.1,914
1723022400,1688.15,1688.15,1686.7,1687.0,4596
1723022700,1686.7,1689.0,1685.15,1688.9,3142
1723023000,1688.85,1689.0,1684.1,1685.75,19433
1723023300,1685.55,1687.95,1685.3,1685.6,23377
1723023600,1685.65,1687.95,1685.6,1686.65,19482
1723023900,1686.7,1687.0,1684.8,1685.95,23865
1723024200,1685.9,1686.3,1684.5,1685.45,29767
1723024500,1685.45,1686.55,1683.0,1686.55,28938
1723088700,1671.1,1688.75,1671.1,1677.05,21676
1723089000,1677.75,1680.0,1675.55,1676.5,11442
1723089300,1676.5,1679.2,1675.0,1677.85,6856
1723089600,1677.85,1685.0,1677.85,1683.5,11174
1723089900,1683.5,1683.5,1678.85,1681.75,7769
1723090200,1682.2,1683.55,1677.5,1679.9,7265
1723090500,1679.9,1684.75,1679.9,1682.45,4626
1723090800,1683.35,1683.5,1680.4,1681.2,4046
1723091100,1681.35,1682.7,1678.45,1680.6,3720
1723091400,1681.05,1683.0,1679.95,1680.15,4913
1723091700,1680.85,1680.85,1670.05,1670.85,14200
1723092000,1671.5,1672.85,1670.55,1671.05,8796
1723092300,1671.6,1675.5,1670.5,1675.5,9460
1723092600,1675.7,1680.0,1674.7,1678.7,8134
1723092900,1678.95,1688.4,1678.05,1684.8,14182
1723093200,1684.8,1685.0,1675.05,1675.9,7864
1723093500,1676.15,1679.55,1675.1,1677.0,5285
1723093800,1677.05,1677.9,1675.35,1677.35,5580
1723094100,1677.35,1679.85,1675.8,1678.85,4842
1723094400,1678.85,1684.7,1678.85,1680.85,4803
1723094700,1680.85,1681.4,1672.8,1672.8,11893
1723095000,1674.15,1679.9,1673.75,1678.05,5780
1723095300,1678.05,1682.4,1677.5,1682.4,4551
1723095600,1682.4,1682.4,1678.8,1679.0,3242
1723095900,1678.95,1686.7,1678.95,1685.45,7521
1723096200,1685.5,1685.5,1680.0,1680.45,4634
1723096500,1680.9,1682.0,1678.0,1679.35,4981
1723096800,1679.8,1679.8,1675.0,1677.0,6730
1723097100,1677.0,1680.7,1676.9,1679.9,9632
1723097400,1680.55,1681.7,1678.65,1679.0,4301
1723097700,1679.0,1681.8,1676.9,1681.35,4929
1723098000,1681.35,1684.45,1680.2,1683.25,5452
1723098300,1683.45,1684.3,1679.75,1681.15,5501
1723098600,1681.15,1684.25,1678.55,1679.1,7068
1723098900,1678.35,1686.0,1678.35,1684.65,11981
1723099200,1684.7,1692.35,1684.15,1691.6,23273
1723099500,1691.65,1694.0,1690.0,1692.85,12241
1723099800,1692.85,1694.9,1691.85,1693.5,10271
1723100100,1693.5,1698.0,1691.7,1693.0,13304
1723100400,1693.25,1696.75,1693.15,1694.45,12722
1723100700,1694.45,1695.6,1691.5,1694.0,13884
1723101000,1694.0,1695.2,1690.05,1692.8,9290
1723101300,1692.3,1694.4,1690.1,1690.15,9576
1723101600,1690.55,1692.75,1689.6,1691.55,14708
1723101900,1691.55,1691.95,1686.25,1690.0,11260
1723102200,1689.45,1690.0,1685.05,1687.5,7118
1723102500,1687.5,1688.0,1682.05,1683.65,14484
1723102800,1684.2,1684.45,1681.05,1683.75,11303
1723103100,1683.75,1685.0,1683.0,1684.35,5254
1723103400,1684.35,1686.9,1682.15,1685.0,14050
1723103700,1685.2,1685.9,1678.5,1679.25,13992
1723104000,1679.35,1683.2,1677.05,1682.4,17479
1723104300,1682.05,1689.7,1682.05,1689.7,23964
1723104600,1689.7,1691.55,1687.6,1690.25,15246
1723104900,1690.3,1691.85,1687.0,1689.5,12841
1723105200,1689.5,1691.65,1687.9,1690.0,18667
1723105500,1690.0,1691.7,1687.15,1688.45,17081
1723105800,1688.45,1690.95,1686.05,1690.05,83767
1723106100,1690.4,1693.3,1688.15,1689.95,15695
1723106400,1690.25,1695.5,1689.35,1695.5,114870
1723106700,1695.8,1698.9,1691.25,1693.0,22028
1723107000,1693.45,1701.5,1691.1,1700.1,28217
1723107300,1700.1,1702.6,1698.6,1699.65,17471
1723107600,1699.85,1706.85,1699.25,1705.6,23742
1723107900,1706.2,1712.5,1705.35,1710.65,37117
1723108200,1710.7,1714.4,1708.05,1711.45,35983
1723108500,1711.7,1715.0,1711.0,1713.95,36189
1723108800,1713.45,1715.15,1708.1,1709.9,37512
1723109100,1710.05,1711.55,1705.05,1710.95,29974
1723109400,1710.95,1711.6,1707.1,1708.0,43603
1723109700,1708.0,1709.55,1706.75,1707.65,42549
1723110000,1707.65,1708.45,1703.65,1705.3,45960
1723110300,1705.3,1706.75,1703.2,1704.7,48367
1723110600,1704.65,1705.45,1702.2,1704.95,36189
1723110900,1704.95,1708.9,1703.25,1706.25,25056
1723175100,1720.0,1722.9,1708.0,1712.0,30932
1723175400,1711.4,1717.85,1711.4,1715.05,5656
1723175700,1715.05,1719.05,1714.0,1718.45,6655
1723176000,1718.1,1720.9,1717.2,1718.85,5626
1723176300,1718.85,1720.0,1717.4,1719.6,2916
1723176600,1719.6,1720.0,1717.0,1717.1,2795
1723176900,1717.05,1719.65,1716.1,1717.85,9295
1723177200,1718.2,1718.2,1713.9,1715.1,6574
1723177500,1714.2,1715.4,1711.15,1712.5,5522
1723177800,1711.85,1715.9,1711.0,1715.9,7412
1723178100,1715.9,1715.95,1711.05,1712.4,6647
1723178400,1712.4,1714.9,1708.55,1710.8,9292
1723178700,1710.7,1714.85,1710.7,1713.9,5388
1723179000,1713.9,1719.9,1713.5,1718.05,13319
1723179300,1718.05,1722.6,1717.95,1722.3,35603
1723179600,1722.2,1725.7,1720.1,1720.75,36538
1723179900,1720.85,1722.1,1717.8,1720.15,42042
1723180200,1720.15,1723.65,1717.65,1723.6,10290
1723180500,1723.55,1725.0,1721.5,1725.0,19966
1723180800,1725.25,1727.55,1724.65,1725.35,16097
1723181100,1725.35,1726.4,1722.6,1724.8,8086
1723181400,1724.85,1730.0,1723.8,1727.25,29199
1723181700,1726.9,1728.5,1726.55,1728.3,4381
1723182000,1728.3,1728.9,1726.55,1728.1,3572
1723182300,1728.1,1728.9,1727.6,1728.7,4168
1723182600,1728.7,1728.9,1726.55,1726.8,2502
1723182900,1726.8,1728.35,1724.15,1727.55,5993
1723183200,1727.6,1728.05,1725.6,1727.05,1737
1723183500,1727.05,1727.95,1726.05,1727.9,1577
1723183800,1727.95,1728.5,1726.8,1728.45,2881
1723184100,1728.5,1730.0,1728.1,1729.8,6209
1723184400,1729.9,1730.0,1729.0,1729.85,2725
1723184700,1729.8,1730.0,1728.05,1729.75,18082
1723185000,1729.7,1730.0,1728.75,1729.7,5958
1723185300,1729.55,1733.4,1728.7,1730.45,28729
1723185600,1731.0,1731.25,1727.35,1730.0,13631
1723185900,1730.0,1730.0,1728.9,1729.7,6741
1723186200,1729.75,1730.0,1728.3,1730.0,6956
1723186500,1730.0,1730.0,1728.55,1729.55,6598
1723186800,1729.55,1730.0,1728.9,1730.0,7907
1723187100,1730.0,1730.0,1729.25,1729.9,5672
1723187400,1730.0,1730.0,1729.05,1729.45,6526
1723187700,1729.45,1730.0,1728.45,1729.95,7258
1723188000,1729.8,1730.0,1727.5,1728.45,7634
1723188300,1728.45,1728.45,1723.5,1724.55,14290
1723188600,1724.5,1727.55,1724.5,1727.55,8188
1723188900,1727.55,1727.95,1724.95,1725.85,7161
1723189200,1725.1,1728.55,1724.9,1727.55,7603
1723189500,1727.55,1729.4,1726.8,1729.4,7525
1723189800,1729.5,1729.95,1727.05,1727.65,7591
1723190100,1728.45,1729.0,1727.45,1728.7,6022
1723190400,1727.9,1728.7,1726.25,1727.75,7080
1723190700,1727.8,1728.0,1725.05,1725.75,7553
1723191000,1725.75,1728.45,1725.05,1727.85,6906
1723191300,1727.4,1730.0,1727.4,1729.75,13007
1723191600,1729.75,1731.45,1728.3,1730.0,47308
1723191900,1730.0,1731.0,1729.3,1730.9,8713
1723192200,1730.95,1731.85,1730.0,1731.3,17624
1723192500,1731.3,1731.9,1729.1,1730.85,8412
1723192800,1730.85,1731.0,1730.0,1730.05,4655
1723193100,1730.45,1730.9,1728.6,1730.0,8864
1723193400,1730.0,1730.95,1730.0,1730.1,5397
1723193700,1730.1,1730.95,1729.25,1730.25,6709
1723194000,1730.55,1730.95,1729.75,1729.8,7286
1723194300,1729.8,1731.9,1729.1,1730.15,6567
1723194600,1730.6,1732.3,1730.0,1730.75,5973
1723194900,1731.1,1732.4,1730.1,1731.75,4989
1723195200,1731.7,1732.8,1730.7,1732.65,7100
1723195500,1731.7,1732.35,1730.25,1731.45,5334
1723195800,1731.45,1731.45,1725.65,1725.65,23042
1723196100,1726.0,1726.9,1723.8,1725.1,11061
1723196400,1724.95,1725.05,1723.0,1723.8,8046
1723196700,1723.8,1725.45,1722.75,1724.7,15085
1723197000,1724.7,1724.7,1721.1,1723.15,22317
1723197300,1723.15,1730.0,1721.15,1729.95,14182
1723434300,1722.9,1724.65,1704.95,1710.25,25678
1723434600,1710.25,1718.35,1710.05,1713.65,15758
1723434900,1713.65,1718.4,1710.8,1711.7,136083
1723435200,1710.75,1712.65,1706.55,1706.55,7008
1723435500,1707.4,1708.4,1702.5,1704.05,20369
1723435800,1704.05,1705.85,1700.1,1701.55,8775
1723436100,1701.0,1702.8,1696.25,1697.2,16801
1723436400,1697.8,1697.8,1692.05,1694.4,17990
1723436700,1694.25,1700.85,1694.0,1700.2,12813
1723437000,1700.45,1701.2,1697.5,1700.0,9280
1723437300,1700.6,1701.7,1696.05,1700.05,9718
1723437600,1700.05,1701.2,1698.0,1700.7,5323
1723437900,1700.7,1704.65,1699.8,1704.0,7902
1723438200,1703.95,1704.45,1702.35,1703.25,4342
1723438500,1702.75,1707.15,1702.2,1706.7,9348
1723438800,1706.9,1708.95,1706.0,1707.8,9932
1723439100,1708.0,1715.3,1707.7,1713.45,20233
1723439400,1713.45,1716.0,1712.35,1715.0,7009
1723439700,1715.95,1715.95,1709.7,1715.2,109796
1723440000,1715.2,1717.05,1713.0,1714.0,13551
1723440300,1714.6,1721.15,1713.4,1720.8,40327
1723440600,1720.85,1720.85,1716.6,1717.5,7687
1723440900,1717.55,1718.65,1715.1,1717.9,26499
1723441200,1718.3,1719.95,1716.15,1717.0,11584
1723441500,1717.5,1720.75,1717.0,1719.45,33400
1723441800,1719.5,1720.0,1717.35,1718.95,13588
1723442100,1719.3,1719.55,1716.55,1719.55,8509
1723442400,1719.55,1726.2,1718.45,1724.15,33108
1723442700,1724.65,1724.65,1716.85,1720.5,33307
1723443000,1720.5,1720.55,1715.6,1718.7,5702
1723443300,1718.7,1721.45,1718.0,1720.7,7065
1723443600,1720.7,1724.9,1720.0,1723.45,26086
1723443900,1723.4,1730.0,1723.4,1727.8,30630
1723444200,1726.95,1727.85,1723.6,1724.25,15453
1723444500,1725.1,1725.1,1720.1,1721.8,11429
1723444800,1721.8,1722.95,1719.0,1720.25,7059
1723445100,1721.15,1722.25,1720.25,1721.8,3772
1723445400,1721.85,1722.55,1720.25,1720.75,2653
1723445700,1720.75,1720.8,1717.8,1718.85,3468
1723446000,1718.85,1719.75,1716.1,1718.15,9194
1723446300,1718.15,1719.05,1717.05,1718.85,5222
1723446600,1718.65,1718.85,1713.45,1713.7,10901
1723446900,1714.0,1714.35,1710.55,1714.05,6949
1723447200,1714.0,1714.2,1712.0,1713.15,10308
1723447500,1713.15,1714.05,1711.35,1712.3,4851
1723447800,1713.15,1716.5,1712.4,1716.45,11449
1723448100,1715.85,1715.85,1710.65,1711.5,1667
1723448400,1711.5,1713.05,1710.75,1712.45,1202
1723448700,1712.45,1712.95,1711.15,1712.9,579
1723449000,1712.7,1712.95,1711.45,1712.75,706
1723449300,1712.25,1712.75,1710.9,1712.4,2473
1723449600,1712.45,1713.0,1711.6,1712.0,1111
1723449900,1712.0,1714.7,1711.7,1714.65,1958
1723450200,1714.6,1714.65,1712.15,1714.0,2396
1723450500,1714.0,1714.25,1713.0,1714.05,1653
1723450800,1714.05,1716.8,1713.3,1716.05,2771
1723451100,1716.05,1716.75,1713.0,1713.8,1202
1723451400,1713.8,1713.95,1712.05,1713.25,2211
1723451700,1713.25,1714.0,1712.55,1714.0,1578
1723452000,1713.95,1714.7,1713.0,1713.75,5312
1723452300,1713.75,1714.45,1713.0,1713.8,1453
1723452600,1712.9,1713.7,1710.7,1711.65,1932
1723452900,1711.65,1713.0,1710.8,1712.4,1634
1723453200,1712.4,1713.0,1710.05,1712.35,2727
1723453500,1712.55,1712.85,1710.5,1710.5,2111
1723453800,1710.75,1711.1,1708.6,1709.8,2925
1723454100,1709.7,1711.35,1708.15,1708.9,2096
1723454400,1708.9,1708.95,1705.1,1705.95,12699
1723454700,1706.55,1707.55,1705.25,1705.85,7178
1723455000,1705.15,1707.35,1703.0,1706.65,39063
1723455300,1706.7,1708.7,1704.85,1704.9,24848
1723455600,1704.9,1705.7,1701.85,1703.55,17837
1723455900,1703.5,1705.4,1702.55,1705.05,11755
1723456200,1704.6,1705.05,1702.45,1702.85,9518
1723456500,1702.85,1703.25,1700.1,1700.1,6716
1723520700,1705.0,1721.3,1705.0,1709.55,41901
1723521000,1708.6,1709.0,1699.4,1704.3,28888
1723521300,1704.3,1707.0,1701.1,1703.05,15745
1723521600,1703.1,1703.85,1699.25,1700.15,25507
1723521900,1700.25,1702.7,1697.8,1699.65,13785
1723522200,1699.55,1702.0,1697.1,1701.7,12562
1723522500,1702.05,1703.3,1696.6,1699.8,8071
1723522800,1699.7,1699.8,1693.2,1693.9,9092
1723523100,1693.85,1695.55,1685.0,1686.15,20101
1723523400,1685.65,1689.75,1685.0,1686.7,8906
1723523700,1686.65,1687.95,1680.1,1681.5,23304
1723524000,1681.6,1682.6,1677.45,1681.1,19314
1723524300,1681.05,1683.95,1678.2,1679.7,20350
1723524600,1679.55,1684.4,1678.75,1679.7,21581
1723524900,1679.7,1680.75,1675.35,1675.95,12674
1723525200,1676.2,1681.1,1675.55,1677.5,11167
1723525500,1677.5,1681.1,1676.55,1680.6,7738
1723525800,1680.55,1683.85,1679.7,1683.2,7077
1723526100,1683.2,1685.45,1682.05,1684.4,9649
1723526400,1684.4,1689.35,1684.4,1687.95,13331
1723526700,1687.2,1688.55,1686.1,1687.15,7870
1723527000,1687.1,1689.45,1682.6,1686.9,23256
1723527300,1686.85,1688.35,1684.35,1684.65,16993
1723527600,1685.0,1687.5,1684.25,1686.55,8319
1723527900,1686.55,1689.7,1684.35,1689.05,15227
1723528200,1689.4,1691.7,1687.4,1690.5,26059
1723528500,1690.5,1693.0,1687.4,1688.8,17078
1723528800,1688.5,1689.8,1686.8,1687.35,14474
1723529100,1687.75,1689.45,1686.5,1689.45,8959
1723529400,1689.45,1690.95,1687.5,1687.8,8479
1723529700,1687.8,1689.6,1687.1,1688.6,5467
1723530000,1688.9,1693.5,1688.85,1693.05,8648
1723530300,1693.05,1694.4,1690.9,1692.55,10033
1723530600,1692.55,1694.4,1688.3,1690.7,10482
1723530900,1690.65,1692.25,1688.55,1690.3,4661
1723531200,1689.65,1691.75,1689.6,1690.35,5806
1723531500,1689.8,1690.75,1687.4,1689.4,6814
1723531800,1689.4,1689.4,1686.0,1687.05,8695
1723532100,1687.05,1688.0,1686.05,1687.65,6599
1723532400,1687.65,1688.0,1684.65,1685.9,11836
1723532700,1685.9,1687.65,1685.5,1686.7,5514
1723533000,1686.6,1687.65,1683.95,1685.5,14889
1723533300,1685.5,1685.5,1678.6,1683.4,10089
1723533600,1683.15,1684.7,1682.75,1683.75,6682
1723533900,1683.05,1687.6,1683.05,1685.55,9199
1723534200,1685.55,1687.7,1682.0,1683.25,14511
1723534500,1682.35,1686.5,1682.3,1684.35,6601
1723534800,1684.35,1685.75,1682.7,1684.9,5191
1723535100,1685.1,1685.8,1683.4,1685.6,6957
1723535400,1685.4,1686.35,1683.65,1685.4,7909
1723535700,1685.35,1685.35,1682.2,1682.7,8245
1723536000,1683.0,1685.7,1682.7,1683.4,5810
1723536300,1684.15,1684.15,1678.95,1679.6,12312
1723536600,1679.7,1680.15,1677.8,1678.55,12821
1723536900,1678.55,1679.85,1677.65,1678.5,11481
1723537200,1678.55,1678.6,1676.05,1677.35,8339
1723537500,1677.35,1677.35,1672.05,1673.95,30661
1723537800,1674.0,1678.45,1673.4,1675.65,35153
1723538100,1675.45,1677.05,1673.65,1675.95,14056
1723538400,1675.2,1678.55,1674.05,1676.45,12000
1723538700,1676.35,1676.35,1673.3,1674.25,9501
1723539000,1674.2,1679.0,1673.0,1679.0,12049
1723539300,1678.95,1682.4,1678.5,1680.95,8010
1723539600,1680.95,1682.05,1678.3,1679.75,8362
1723539900,1679.8,1682.1,1677.8,1680.75,13733
1723540200,1681.15,1686.0,1680.0,1686.0,6860
1723540500,1685.75,1685.85,1682.05,1684.55,9074
1723540800,1684.4,1684.4,1680.75,1682.95,10703
1723541100,1682.95,1682.95,1678.35,1679.5,17422
1723541400,1679.55,1683.25,1677.55,1680.15,31335
1723541700,1680.9,1684.35,1679.95,1681.55,39606
1723542000,1681.95,1685.75,1680.2,1682.55,29320
1723542300,1683.05,1685.05,1681.0,1681.8,23997
1723542600,1681.4,1685.8,1681.4,1683.75,32989
1723542900,1684.05,1686.75,1681.9,1683.0,16385
1723607100,1696.2,1696.2,1675.0,1675.0,13865
1723607400,1674.55,1680.45,1673.0,1677.25,5502
1723607700,1677.25,1681.5,1675.7,1681.0,9446
1723608000,1680.95,1683.65,1678.3,1683.55,6705
1723608300,1682.1,1683.3,1679.0,1681.6,6200
1723608600,1681.6,1688.1,1680.8,1687.95,8816
1723608900,1688.0,1695.0,1688.0,1689.6,10772
1723609200,1688.5,1690.0,1683.3,1684.25,6646
1723609500,1684.25,1685.6,1683.3,1684.0,3691
1723609800,1684.3,1687.05,1683.8,1686.05,2923
1723610100,1686.45,1687.9,1685.8,1687.45,3212
1723610400,1687.45,1688.0,1684.45,1684.45,1601
1723610700,1684.45,1691.3,1684.45,1689.1,3795
1723611000,1689.1,1689.1,1685.75,1687.8,1915
1723611300,1687.8,1689.85,1686.2,1686.8,2542
1723611600,1686.8,1688.75,1685.05,1687.7,1517
1723611900,1687.8,1689.95,1686.95,1687.55,4079
1723612200,1688.0,1691.3,1687.2,1690.7,2179
1723612500,1690.65,1695.5,1690.65,1694.55,6773
1723612800,1694.55,1694.6,1692.5,1693.5,2180
1723613100,1693.5,1695.95,1692.55,1694.95,5702
1723613400,1694.95,1697.55,1693.95,1696.2,5424
1723613700,1697.05,1700.0,1694.75,1696.4,13422
1723614000,1696.95,1697.0,1693.9,1694.4,3667
1723614300,1693.8,1695.1,1691.0,1691.9,12559
1723614600,1692.4,1692.45,1689.75,1691.3,3341
1723614900,1692.0,1694.85,1691.2,1694.85,2747
1723615200,1694.85,1695.55,1693.0,1695.15,4774
1723615500,1695.15,1695.15,1692.55,1692.55,1361
1723615800,1692.55,1694.0,1692.45,1693.9,1191
1723616100,1693.6,1694.5,1692.55,1692.95,1968
1723616400,1692.8,1694.05,1692.8,1693.7,1341
1723616700,1693.7,1694.4,1691.55,1692.0,2547
1723617000,1692.0,1692.0,1687.55,1687.55,5301
1723617300,1688.45,1691.75,1688.45,1691.75,2186
1723617600,1691.95,1692.0,1687.05,1687.2,3010
1723617900,1687.95,1689.15,1685.9,1686.5,2577
1723618200,1686.1,1688.35,1686.1,1687.65,1725
1723618500,1688.3,1689.05,1687.0,1688.9,2066
1723618800,1688.9,1689.8,1688.05,1688.15,2804
1723619100,1689.3,1694.65,1689.3,1693.65,8015
1723619400,1693.65,1694.75,1692.6,1694.2,4467
1723619700,1694.1,1695.0,1693.3,1694.4,3159
1723620000,1693.95,1695.25,1693.1,1695.1,4807
1723620300,1695.1,1701.95,1694.4,1701.6,17042
1723620600,1701.6,1702.85,1698.9,1702.5,6569
1723620900,1702.3,1705.0,1701.2,1704.35,28428
1723621200,1705.0,1707.35,1699.85,1700.45,35397
1723621500,1699.9,1699.9,1694.5,1695.9,13605
1723621800,1695.9,1696.05,1692.1,1694.65,6135
1723622100,1694.7,1695.3,1692.1,1694.4,5186
1723622400,1694.55,1697.5,1693.6,1696.95,5297
1723622700,1696.95,1697.5,1692.6,1695.15,4684
1723623000,1695.15,1695.2,1693.1,1694.15,3194
1723623300,1694.15,1694.15,1690.7,1692.4,4277
1723623600,1692.45,1693.3,1691.05,1692.2,2893
1723623900,1692.2,1692.95,1690.05,1692.95,4033
1723624200,1692.7,1695.0,1691.0,1694.1,3867
1723624500,1694.15,1698.15,1694.1,1696.9,7592
1723624800,1696.9,1697.85,1695.15,1696.95,5781
1723625100,1696.95,1698.3,1694.9,1696.15,9589
1723625400,1696.15,1697.2,1694.0,1695.25,10225
1723625700,1696.1,1696.95,1693.75,1694.85,6196
1723626000,1694.75,1695.65,1693.7,1694.0,6273
1723626300,1694.5,1695.0,1691.9,1694.0,6679
1723626600,1693.65,1695.65,1691.7,1695.65,8957
1723626900,1695.65,1698.0,1694.75,1696.8,13620
1723627200,1696.1,1699.6,1695.8,1699.45,9695
1723627500,1699.4,1700.0,1696.55,1698.3,9200
1723627800,1698.25,1698.3,1690.15,1692.15,19388
1723628100,1692.15,1692.15,1689.25,1690.3,14949
1723628400,1690.3,1691.1,1689.0,1690.25,17978
1723628700,1690.25,1693.85,1689.0,1693.15,22325
1723629000,1695.5,1695.5,1692.4,1692.4,26975
1723629300,1693.0,1694.4,1688.65,1688.75,16920
1723779900,1699.0,1702.1,1692.7,1697.1,20415
1723780200,1697.15,1698.2,1695.25,1697.05,16398
1723780500,1696.4,1697.95,1695.45,1695.75,7054
1723780800,1695.75,1696.45,1687.9,1688.0,7291
1723781100,1687.2,1688.3,1685.45,1686.05,7477
1723781400,1686.05,1686.7,1677.1,1680.65,21893
1723781700,1680.95,1682.9,1679.5,1680.55,4561
1723782000,1680.55,1681.1,1676.15,1679.45,4736
1723782300,1679.4,1683.95,1678.5,1678.7,8374
1723782600,1678.65,1681.5,1676.6,1679.0,11004
1723782900,1679.0,1679.0,1673.35,1673.35,8759
1723783200,1673.35,1675.2,1673.0,1673.95,4762
1723783500,1674.25,1676.5,1670.5,1671.0,8650
1723783800,1671.0,1671.15,1666.15,1666.65,13750
1723784100,1666.8,1671.15,1666.15,1669.2,12270
1723784400,1669.05,1669.35,1667.5,1668.45,5482
1723784700,1668.45,1672.45,1668.35,1671.9,6670
1723785000,1671.9,1672.5,1669.2,1669.85,10164
1723785300,1669.85,1674.0,1669.2,1672.4,8036
1723785600,1672.4,1673.5,1672.0,1673.2,3513
1723785900,1673.2,1675.9,1672.25,1675.5,12080
1723786200,1675.45,1679.6,1675.0,1678.95,16058
1723786500,1678.95,1681.15,1678.0,1680.3,4835
1723786800,1680.3,1682.75,1678.6,1678.65,6543
1723787100,1679.4,1679.95,1675.05,1675.25,8519
1723787400,1675.3,1682.0,1675.0,1682.0,7357
1723787700,1682.0,1683.45,1680.8,1681.6,4902
1723788000,1681.6,1682.5,1680.55,1681.5,2115
1723788300,1681.5,1682.7,1680.05,1681.8,1775
1723788600,1681.8,1682.7,1680.05,1682.0,7281
1723788900,1682.0,1683.5,1681.25,1681.25,1772
1723789200,1681.25,1681.25,1679.1,1679.9,1401
1723789500,1679.95,1682.15,1678.95,1681.8,3183
1723789800,1681.6,1683.0,1680.9,1682.2,3817
1723790100,1682.2,1684.0,1681.5,1683.5,7241
1723790400,1683.5,1685.0,1681.35,1682.35,3313
1723790700,1682.35,1685.65,1681.8,1684.8,7580
1723791000,1685.15,1686.95,1684.0,1684.15,6487
1723791300,1684.45,1684.9,1683.3,1683.7,3877
1723791600,1683.95,1685.4,1683.55,1683.7,5557
1723791900,1683.7,1686.7,1683.55,1686.0,4517
1723792200,1685.95,1686.45,1683.1,1683.1,6106
1723792500,1683.15,1684.6,1683.15,1684.4,1581
1723792800,1684.4,1687.0,1683.55,1687.0,4837
1723793100,1687.0,1689.75,1686.2,1686.8,6887
1723793400,1686.8,1686.8,1684.0,1685.9,2986
1723793700,1685.9,1687.6,1685.2,1686.0,1854
1723794000,1685.55,1686.0,1684.25,1684.85,2816
1723794300,1684.85,1686.6,1684.35,1684.7,2847
1723794600,1685.15,1685.85,1684.05,1685.5,1728
1723794900,1685.5,1686.75,1685.05,1686.75,1706
1723795200,1686.75,1689.9,1686.6,1689.6,6683
1723795500,1689.6,1690.8,1688.35,1690.05,8507
1723795800,1690.05,1691.8,1689.15,1690.65,4573
1723796100,1690.6,1691.9,1689.1,1690.7,3118
1723796400,1690.6,1691.15,1688.65,1689.75,3112
1723796700,1689.75,1692.0,1687.5,1692.0,7188
1723797000,1692.0,1695.5,1690.9,1694.3,14068
1723797300,1694.35,1697.95,1694.35,1696.65,7591
1723797600,1696.65,1698.45,1693.65,1697.25,13211
1723797900,1697.25,1699.75,1696.3,1697.4,8107
1723798200,1697.5,1697.9,1696.05,1697.4,3144
1723798500,1697.4,1697.7,1694.7,1696.4,11536
1723798800,1696.4,1696.65,1694.2,1695.5,27940
1723799100,1695.65,1696.05,1688.6,1688.8,16177
1723799400,1688.8,1690.0,1686.75,1687.25,12677
1723799700,1687.3,1689.9,1686.7,1688.25,20674
1723800000,1688.05,1691.75,1687.8,1690.05,24293
1723800300,1690.05,1692.2,1689.5,1691.2,21123
1723800600,1690.95,1691.2,1687.5,1688.1,24913
1723800900,1688.35,1689.7,1687.3,1689.2,29136
1723801200,1689.1,1689.7,1686.45,1687.65,55258
1723801500,1687.7,1692.1,1687.65,1690.8,14022
1723801800,1689.55,1692.15,1689.05,1690.45,23604
1723802100,1690.3,1692.6,1689.9,1690.9,16033
1724039100,1696.8,1696.8,1688.95,1690.0,12777
1724039400,1689.0,1690.15,1685.15,1685.15,4237
1724039700,1685.85,1687.95,1683.65,1684.1,4677
1724040000,1684.85,1689.35,1684.85,1688.2,6694
1724040300,1687.85,1688.55,1685.7,1686.8,3315
1724040600,1687.0,1692.0,1687.0,1689.85,5139
1724040900,1689.15,1691.0,1685.25,1686.75,24401
1724041200,1688.1,1688.85,1684.25,1685.95,6484
1724041500,1685.4,1686.55,1681.7,1684.0,17018
1724041800,1684.4,1684.95,1681.0,1682.85,4006
1724042100,1682.85,1682.85,1678.8,1680.05,6335
1724042400,1680.8,1681.55,1678.75,1681.2,2253
1724042700,1681.2,1681.2,1677.1,1678.9,5835
1724043000,1678.9,1678.95,1677.0,1677.0,2665
1724043300,1677.5,1678.0,1675.4,1676.5,6123
1724043600,1676.5,1678.4,1675.0,1675.5,8053
1724043900,1675.6,1677.5,1675.3,1676.55,2399
1724044200,1676.55,1676.55,1674.1,1675.3,5184
1724044500,1674.55,1676.6,1674.1,1675.4,1923
1724044800,1675.4,1675.4,1671.0,1671.5,4012
1724045100,1671.65,1673.0,1671.0,1671.0,2331
1724045400,1671.3,1672.2,1666.0,1666.95,16364
1724045700,1666.4,1670.45,1666.4,1669.75,5522
1724046000,1669.85,1671.0,1668.15,1668.85,3404
1724046300,1668.85,1671.4,1668.0,1671.05,3832
1724046600,1671.1,1672.0,1670.55,1671.9,3163
1724046900,1671.9,1671.9,1670.35,1671.9,2736
1724047200,1671.9,1674.05,1671.4,1672.8,3654
1724047500,1672.85,1674.35,1672.1,1672.95,4588
1724047800,1672.95,1673.0,1671.5,1672.4,2836
1724048100,1672.4,1674.0,1671.8,1672.9,2240
1724048400,1672.9,1675.95,1672.25,1675.55,6599
1724048700,1675.55,1677.2,1674.55,1676.9,3925
1724049000,1676.9,1676.9,1673.5,1674.4,2677
1724049300,1674.4,1676.25,1672.95,1673.25,2015
1724049600,1672.85,1672.85,1668.15,1669.75,9287
1724049900,1669.75,1671.95,1668.55,1671.95,2286
1724050200,1671.95,1671.95,1670.2,1671.1,1364
1724050500,1670.6,1672.45,1670.5,1672.05,154660
1724050800,1672.05,1674.8,1671.4,1671.95,3565
1724051100,1672.0,1672.0,1669.65,1670.5,3732
1724051400,1670.5,1670.5,1666.55,1668.45,7472
1724051700,1668.45,1669.4,1667.25,1668.35,4359
1724052000,1668.35,1670.25,1666.6,1667.7,10439
1724052300,1668.8,1669.0,1667.15,1668.85,2808
1724052600,1668.85,1669.85,1667.75,1668.35,4171
1724052900,1668.35,1669.05,1667.15,1668.65,2586
1724053200,1668.6,1669.65,1667.0,1668.7,2800
1724053500,1668.7,1669.9,1668.55,1669.9,2698
1724053800,1669.5,1670.4,1668.15,1669.15,2372
1724054100,1668.9,1669.35,1667.25,1668.0,1435
1724054400,1667.75,1671.95,1667.2,1669.75,7906
1724054700,1669.75,1669.8,1668.0,1668.0,2108
1724055000,1668.0,1669.2,1666.6,1668.35,4281
1724055300,1668.35,1668.5,1666.1,1667.25,3830
1724055600,1667.25,1668.7,1666.4,1667.55,10735
1724055900,1667.55,1668.95,1667.05,1668.75,1735
1724056200,1668.95,1669.6,1667.5,1668.95,4038
1724056500,1668.95,1669.2,1667.5,1669.15,4952
1724056800,1669.15,1669.55,1667.6,1668.95,6240
1724057100,1668.95,1670.25,1668.95,1669.3,3783
1724057400,1669.3,1671.5,1669.05,1671.25,5070
1724057700,1671.25,1671.6,1669.8,1671.2,3997
1724058000,1671.2,1672.9,1670.0,1671.0,7173
1724058300,1671.0,1671.8,1668.7,1669.5,3930
1724058600,1669.5,1670.7,1668.6,1670.2,1908
1724058900,1669.55,1670.9,1669.0,1670.2,3074
1724059200,1670.2,1670.2,1669.05,1669.6,3425
1724059500,1669.6,1670.35,1669.1,1669.8,3092
1724059800,1669.8,1671.5,1669.3,1671.3,15884
1724060100,1670.45,1670.95,1669.1,1669.6,17417
1724060400,1669.9,1670.5,1668.35,1670.5,23975
1724060700,1670.5,1673.6,1670.15,1672.7,26859
1724061000,1672.7,1674.45,1670.4,1672.2,26278
1724061300,1672.2,1676.95,1671.65,1672.75,25482
1724125500,1672.8,1682.35,1672.75,1676.45,49744
1724125800,1676.45,1681.9,1673.6,1679.95,7343
1724126100,1680.7,1689.2,1680.0,1688.25,15692
1724126400,1687.9,1699.6,1686.95,1698.35,29137
1724126700,1698.5,1701.3,1695.3,1697.8,19087
1724127000,1698.0,1704.8,1696.85,1700.9,42109
1724127300,1700.95,1703.35,1697.5,1702.45,16644
1724127600,1703.25,1703.25,1699.1,1700.75,16435
1724127900,1701.3,1704.55,1697.25,1702.85,23708
1724128200,1703.45,1707.15,1702.05,1705.0,31170
1724128500,1705.85,1708.95,1703.25,1706.4,29120
1724128800,1706.4,1706.45,1701.2,1705.85,22900
1724129100,1705.8,1707.9,1705.05,1706.8,21588
1724129400,1707.65,1709.65,1706.2,1709.0,19584
1724129700,1708.85,1710.9,1707.15,1708.9,15552
1724130000,1708.95,1710.0,1706.45,1709.0,14844
1724130300,1709.85,1709.85,1705.95,1709.4,14349
1724130600,1708.6,1709.45,1706.75,1708.95,11555
1724130900,1709.0,1712.25,1708.95,1711.55,27612
1724131200,1712.0,1714.9,1711.6,1713.65,26373
1724131500,1713.65,1714.9,1712.8,1714.2,16083
1724131800,1713.85,1716.55,1711.15,1716.35,24024
1724132100,1716.0,1717.85,1714.05,1716.45,14810
1724132400,1716.45,1719.7,1712.85,1716.8,81708
1724132700,1716.8,1720.0,1714.9,1719.0,75020
1724133000,1718.7,1720.55,1717.0,1719.0,23527
1724133300,1719.0,1720.85,1717.65,1720.65,17018
1724133600,1720.65,1723.4,1718.6,1723.3,17302
1724133900,1723.3,1723.3,1719.35,1720.3,18071
1724134200,1720.95,1723.3,1720.0,1722.75,17735
1724134500,1722.75,1724.4,1722.0,1723.3,24169
1724134800,1723.3,1727.25,1722.5,1725.5,31677
1724135100,1725.5,1728.0,1724.35,1726.0,30117
1724135400,1726.0,1726.7,1721.05,1723.0,28263
1724135700,1723.0,1723.0,1717.15,1719.4,28486
1724136000,1719.9,1721.85,1719.0,1719.9,18247
1724136300,1719.9,1720.25,1716.0,1717.9,25535
1724136600,1717.9,1719.9,1716.8,1718.1,11700
1724136900,1719.0,1720.0,1717.0,1720.0,12704
1724137200,1720.0,1724.95,1719.9,1722.9,19743
1724137500,1722.9,1723.1,1718.45,1720.5,9928
1724137800,1720.0,1724.45,1719.5,1722.8,11854
1724138100,1722.8,1725.0,1721.25,1723.15,22344
1724138400,1722.55,1726.0,1722.0,1723.5,23316
1724138700,1723.5,1725.55,1723.5,1724.5,9509
1724139000,1724.95,1730.7,1724.6,1729.55,95776
1724139300,1729.35,1731.75,1728.0,1730.2,42885
1724139600,1730.2,1732.4,1728.1,1732.4,27032
1724139900,1731.8,1735.95,1731.8,1734.45,50860
1724140200,1734.0,1736.0,1733.4,1735.8,36268
1724140500,1735.8,1737.0,1735.2,1735.65,23850
1724140800,1735.65,1744.25,1735.0,1743.25,73301
1724141100,1742.4,1744.45,1740.0,1741.85,58524
1724141400,1741.0,1741.65,1739.05,1740.6,35622
1724141700,1740.0,1743.8,1740.0,1743.45,29259
1724142000,1743.0,1744.4,1740.75,1742.2,33669
1724142300,1742.2,1744.0,1740.6,1743.3,25272
1724142600,1743.0,1748.0,1742.9,1747.15,66337
1724142900,1746.8,1752.0,1745.7,1751.0,61633
1724143200,1751.05,1753.75,1748.95,1750.05,135365
1724143500,1750.0,1753.2,1749.1,1750.75,82330
1724143800,1750.55,1753.9,1749.1,1752.5,63488
1724144100,1753.55,1753.65,1748.65,1753.35,217381
1724144400,1753.35,1753.8,1751.1,1752.8,83747
1724144700,1752.8,1757.95,1752.8,1754.6,81353
1724145000,1754.6,1755.85,1750.0,1754.55,116327
1724145300,1754.3,1754.8,1752.25,1753.75,64793
1724145600,1753.25,1757.5,1752.1,1756.95,61267
1724145900,1756.7,1757.8,1756.0,1757.05,61213
1724146200,1756.6,1759.0,1756.0,1757.95,184127
1724146500,1758.1,1760.95,1757.85,1760.1,206231
1724146800,1759.95,1762.4,1759.65,1761.9,255621
1724147100,1761.55,1765.5,1759.3,1763.3,228519
1724147400,1763.1,1767.1,1762.15,1764.85,239017
1724147700,1764.75,1770.8,1760.1,1763.2,143036
1724211900,1761.3,1767.35,1751.75,1758.55,54017
1724212200,1758.55,1763.25,1757.55,1759.15,19191
1724212500,1759.15,1759.15,1751.2,1752.45,33042
1724212800,1751.65,1767.2,1750.9,1765.55,50682
1724213100,1765.75,1767.0,1761.4,1766.6,34543
1724213400,1766.45,1770.0,1761.95,1768.6,25382
1724213700,1768.95,1771.85,1767.15,1769.55,42610
1724214000,1769.55,1775.65,1768.2,1774.3,46123
1724214300,1774.3,1779.5,1774.0,1779.45,44302
1724214600,1778.6,1789.95,1778.6,1782.4,90496
1724214900,1782.4,1788.5,1781.15,1788.0,60138
1724215200,1788.0,1790.0,1785.0,1788.75,45076
1724215500,1789.0,1793.95,1788.8,1790.15,70497
1724215800,1790.4,1790.95,1785.85,1788.9,48465
1724216100,1788.8,1790.25,1784.0,1785.05,29171
1724216400,1785.05,1785.05,1778.5,1780.5,53497
1724216700,1780.55,1783.3,1776.25,1777.75,28069
1724217000,1777.1,1782.45,1777.1,1782.3,16495
1724217300,1782.3,1784.3,1779.55,1783.3,16990
1724217600,1783.3,1783.55,1779.0,1781.3,15219
1724217900,1781.3,1782.95,1772.9,1773.65,31079
1724218200,1773.65,1777.35,1773.0,1775.1,28064
1724218500,1775.1,1782.55,1775.1,1781.3,29433
1724218800,1781.55,1785.8,1780.5,1782.05,92499
1724219100,1782.0,1784.9,1781.1,1782.4,10744
1724219400,1782.45,1784.9,1782.45,1782.85,7671
1724219700,1782.0,1784.9,1781.35,1783.6,12066
1724220000,1783.6,1787.0,1783.15,1786.95,46010
1724220300,1786.95,1786.95,1785.1,1785.7,11148
1724220600,1785.7,1786.95,1784.7,1786.0,61383
1724220900,1786.0,1787.95,1785.95,1787.8,6740
1724221200,1787.8,1787.8,1786.3,1786.7,5813
1724221500,1786.6,1787.75,1785.55,1787.3,11986
1724221800,1786.55,1788.0,1786.4,1787.2,11828
1724222100,1788.0,1788.9,1787.1,1788.0,20482
1724222400,1787.8,1788.9,1787.55,1788.55,6803
1724222700,1788.55,1790.15,1787.55,1789.5,50188
1724223000,1789.5,1789.7,1787.75,1789.4,16614
1724223300,1789.2,1790.2,1788.0,1789.35,20522
1724223600,1789.45,1796.15,1789.45,1795.65,87460
1724223900,1795.65,1799.4,1794.75,1796.6,96684
1724224200,1796.6,1798.4,1795.05,1798.15,37873
1724224500,1798.15,1799.0,1797.0,1797.5,17688
1724224800,1798.0,1801.15,1792.9,1793.45,88493
1724225100,1794.3,1796.4,1789.1,1794.2,41629
1724225400,1794.2,1796.85,1793.4,1794.2,21036
1724225700,1794.2,1796.55,1793.0,1794.05,25411
1724226000,1794.05,1795.45,1790.55,1793.9,32394
1724226300,1793.25,1794.35,1792.2,1793.55,17263
1724226600,1793.05,1794.9,1791.8,1794.4,31992
1724226900,1794.8,1797.0,1793.5,1795.7,19999
1724227200,1796.1,1796.8,1792.85,1793.25,16499
1724227500,1793.7,1795.85,1793.5,1794.75,14114
1724227800,1794.85,1796.95,1793.55,1796.75,35258
1724228100,1796.75,1798.0,1796.0,1797.95,42802
1724228400,1797.95,1798.0,1795.8,1797.0,43788
1724228700,1797.0,1799.0,1796.85,1798.75,20068
1724229000,1798.75,1801.0,1798.05,1800.35,46370
1724229300,1800.4,1803.6,1799.6,1801.95,58431
1724229600,1801.95,1802.0,1800.0,1800.25,44363
1724229900,1800.3,1800.3,1797.0,1797.3,65037
1724230200,1797.3,1798.35,1794.65,1796.4,23567
1724230500,1797.15,1801.0,1796.0,1800.7,103621
1724230800,1800.35,1802.1,1799.6,1800.4,73739
1724231100,1800.4,1801.6,1797.0,1797.3,62379
1724231400,1797.3,1799.2,1796.5,1799.2,32983
1724231700,1799.2,1799.8,1797.6,1799.8,25010
1724232000,1799.85,1801.0,1798.9,1800.25,21494
1724232300,1800.05,1802.55,1799.75,1802.35,47984
1724232600,1802.5,1804.45,1801.1,1802.15,83848
1724232900,1802.25,1803.05,1801.9,1802.25,65702
1724233200,1802.0,1802.7,1801.1,1801.45,60399
1724233500,1801.25,1801.35,1797.85,1798.75,69581
1724233800,1798.95,1798.95,1795.85,1796.85,55968
1724234100,1796.75,1800.85,1796.75,1800.85,35344
1724298300,1801.0,1804.95,1794.05,1794.6,48575
1724298600,1794.6,1797.85,1794.5,1796.8,21219
1724298900,1796.8,1797.0,1792.3,1796.4,24740
1724299200,1797.8,1799.9,1796.5,1798.3,19985
1724299500,1798.05,1799.9,1797.95,1798.6,7571
1724299800,1798.3,1804.2,1797.5,1803.4,24034
1724300100,1802.95,1807.0,1798.6,1798.6,29838
1724300400,1798.6,1803.7,1796.05,1799.95,32478
1724300700,1799.95,1804.35,1798.75,1803.35,13315
1724301000,1803.35,1806.55,1801.0,1801.8,14159
1724301300,1801.8,1801.8,1798.35,1799.8,9877
1724301600,1799.8,1799.8,1793.95,1796.8,17763
1724301900,1796.85,1801.35,1794.95,1800.3,17995
1724302200,1800.05,1800.3,1796.05,1796.3,9885
1724302500,1796.3,1798.0,1795.6,1797.05,3900
1724302800,1796.85,1798.55,1796.35,1797.9,1728
1724303100,1797.9,1799.0,1796.2,1798.1,4794
1724303400,1797.25,1804.05,1797.2,1803.95,16455
1724303700,1803.95,1806.0,1801.8,1804.85,14081
1724304000,1804.55,1807.35,1804.55,1807.35,15276
1724304300,1807.35,1809.75,1806.2,1807.5,25185
1724304600,1808.1,1812.4,1803.95,1812.0,98620
1724304900,1812.0,1812.0,1808.5,1810.4,21534
1724305200,1810.4,1810.4,1803.0,1803.0,37743
1724305500,1803.55,1804.2,1796.95,1799.05,22508
1724305800,1798.65,1801.75,1798.6,1799.05,4595
1724306100,1799.25,1800.0,1796.0,1797.55,11347
1724306400,1797.5,1798.15,1795.55,1796.7,6437
1724306700,1796.35,1799.25,1795.1,1795.85,13934
1724307000,1795.85,1804.2,1795.7,1802.0,30785
1724307300,1802.55,1805.25,1801.8,1805.0,5331
1724307600,1805.0,1805.0,1800.4,1801.6,4137
1724307900,1801.6,1803.15,1801.0,1801.6,3703
1724308200,1801.85,1803.45,1801.0,1802.25,4520
1724308500,1802.55,1805.85,1802.0,1804.4,7752
1724308800,1804.95,1805.05,1801.55,1802.5,2137
1724309100,1802.45,1803.35,1801.25,1803.1,1698
1724309400,1802.5,1803.6,1801.0,1801.0,3238
1724309700,1801.05,1801.5,1799.3,1799.3,2203
1724310000,1799.1,1800.55,1798.45,1799.7,2204
1724310300,1800.25,1801.0,1799.0,1800.7,5304
1724310600,1800.7,1802.85,1800.1,1801.05,3603
1724310900,1801.05,1804.0,1800.5,1803.55,3857
1724311200,1803.1,1804.4,1802.05,1803.35,2771
1724311500,1803.2,1803.75,1801.35,1801.8,6468
1724311800,1801.8,1802.3,1798.25,1799.0,7914
1724312100,1799.25,1802.55,1798.3,1799.0,37769
1724312400,1799.0,1801.0,1798.25,1801.0,10521
1724312700,1801.0,1801.9,1800.1,1800.7,1576
1724313000,1801.0,1801.0,1800.0,1800.5,2232
1724313300,1800.3,1801.0,1800.0,1800.75,2623
1724313600,1800.75,1801.9,1800.0,1801.2,10133
1724313900,1801.35,1802.0,1800.0,1800.0,5869
1724314200,1800.0,1801.75,1800.0,1801.3,1226
1724314500,1801.3,1802.5,1800.7,1801.35,2535
1724314800,1801.35,1803.0,1800.7,1802.1,2837
1724315100,1802.2,1806.85,1802.0,1805.45,23107
1724315400,1805.0,1806.0,1802.6,1803.6,13600
1724315700,1803.6,1804.95,1801.9,1804.35,32380
1724316000,1804.45,1804.45,1802.5,1802.85,16130
1724316300,1803.0,1803.25,1800.4,1801.35,58143
1724316600,1801.35,1802.0,1800.4,1801.95,14226
1724316900,1801.8,1801.9,1797.05,1798.3,20312
1724317200,1798.85,1800.75,1797.0,1799.45,16151
1724317500,1799.45,1799.9,1798.0,1798.8,10161
1724317800,1798.45,1799.15,1797.2,1798.8,9432
1724318100,1798.8,1801.45,1798.45,1799.4,20168
1724318400,1799.35,1800.0,1797.1,1798.65,24821
1724318700,1798.65,1799.95,1797.75,1799.65,20404
1724319000,1799.45,1799.85,1794.4,1795.0,111481
1724319300,1795.0,1796.45,1793.9,1795.35,51348
1724319600,1795.35,1795.5,1792.5,1794.75,47104
1724319900,1794.65,1794.65,1789.85,1793.4,51536
1724320200,1793.4,1797.45,1793.35,1795.9,42171
1724320500,1795.9,1797.35,1790.05,1790.05,33112
1724384700,1789.5,1795.25,1782.0,1786.0,60190
1724385000,1785.5,1791.25,1783.5,1787.2,37724
1724385300,1787.2,1787.65,1786.0,1786.5,16165
1724385600,1786.2,1794.2,1784.1,1794.2,13257
1724385900,1793.0,1796.5,1790.95,1792.45,25909
1724386200,1792.9,1793.5,1787.45,1789.85,13139
1724386500,1789.3,1789.3,1786.05,1787.0,10114
1724386800,1787.0,1792.2,1787.0,1791.4,12703
1724387100,1792.0,1792.0,1788.4,1789.45,7294
1724387400,1789.45,1789.5,1787.0,1788.1,7244
1724387700,1788.1,1788.65,1786.15,1786.55,6367
1724388000,1786.0,1788.85,1786.0,1787.5,10340
1724388300,1787.75,1788.15,1785.05,1785.8,8840
1724388600,1785.15,1787.45,1785.15,1786.45,7597
1724388900,1784.9,1788.0,1784.55,1787.95,14227
1724389200,1787.95,1791.8,1787.9,1791.8,11968
1724389500,1791.8,1794.0,1790.0,1794.0,8979
1724389800,1795.0,1795.75,1790.5,1791.4,16271
1724390100,1791.3,1792.95,1790.2,1790.85,7655
1724390400,1790.65,1792.95,1790.55,1792.95,5112
1724390700,1791.7,1794.85,1791.6,1793.7,6772
1724391000,1793.7,1794.85,1793.35,1794.4,5370
1724391300,1794.4,1795.7,1793.65,1794.95,4362
1724391600,1795.4,1796.5,1794.05,1794.6,7467
1724391900,1794.6,1794.6,1793.05,1793.05,5697
1724392200,1793.15,1798.4,1792.7,1795.75,10814
1724392500,1795.75,1796.0,1793.85,1795.95,10525
1724392800,1795.95,1796.45,1794.25,1795.15,3854
1724393100,1795.15,1795.85,1794.65,1795.75,5417
1724393400,1795.8,1795.85,1794.1,1794.7,3561
1724393700,1794.7,1794.7,1792.5,1792.6,4703
1724394000,1792.55,1795.2,1792.55,1795.2,5730
1724394300,1795.2,1797.0,1794.45,1796.45,3946
1724394600,1796.45,1798.2,1796.0,1796.75,10718
1724394900,1796.75,1796.75,1796.0,1796.25,5215
1724395200,1796.15,1796.5,1794.35,1795.75,5657
1724395500,1795.75,1796.5,1794.8,1795.6,5727
1724395800,1795.6,1795.85,1794.75,1795.65,4149
1724396100,1795.65,1795.8,1794.6,1795.1,4399
1724396400,1795.1,1796.5,1794.75,1796.0,5030
1724396700,1796.0,1797.45,1795.95,1796.25,9821
1724397000,1796.25,1796.25,1795.55,1795.8,5223
1724397300,1795.8,1796.45,1795.05,1795.65,3542
1724397600,1795.65,1796.85,1795.25,1796.7,5426
1724397900,1796.7,1797.0,1796.1,1796.35,4133
1724398200,1796.35,1796.35,1794.6,1795.0,5463
1724398500,1795.0,1795.4,1794.0,1794.45,4248
1724398800,1794.0,1795.4,1794.0,1794.0,9134
1724399100,1794.0,1794.55,1791.75,1794.05,9808
1724399400,1794.05,1794.9,1793.3,1794.35,4469
1724399700,1794.35,1795.0,1793.9,1795.0,3790
1724400000,1794.95,1796.05,1794.95,1795.2,3593
1724400300,1795.2,1795.2,1794.6,1794.65,2964
1724400600,1794.65,1794.65,1793.25,1793.85,5262
1724400900,1793.85,1794.4,1791.6,1792.9,4683
1724401200,1792.9,1792.9,1792.0,1792.35,1769
1724401500,1792.35,1794.4,1792.0,1794.4,6932
1724401800,1794.4,1794.4,1791.6,1792.3,6459
1724402100,1792.95,1794.65,1792.1,1793.6,6662
1724402400,1793.8,1794.4,1793.15,1793.8,5495
1724402700,1793.8,1797.0,1793.7,1796.5,12328
1724403000,1796.5,1796.5,1795.15,1795.7,5484
1724403300,1795.7,1797.0,1795.7,1796.3,8302
1724403600,1796.3,1796.3,1792.7,1793.0,8985
1724403900,1792.75,1795.15,1791.2,1791.2,14690
1724404200,1791.2,1794.8,1791.2,1793.95,16869
1724404500,1793.95,1795.2,1793.2,1794.9,8890
1724404800,1794.25,1794.25,1793.0,1793.1,4764
1724405100,1793.1,1793.45,1792.55,1793.15,6275
1724405400,1793.2,1793.2,1786.45,1788.0,61042
1724405700,1788.0,1790.7,1787.65,1789.9,35346
1724406000,1789.3,1790.9,1788.1,1789.6,34530
1724406300,1789.2,1791.45,1787.75,1788.85,48051
1724406600,1788.95,1791.85,1788.05,1790.15,47177
1724406900,1790.1,1794.35,1789.8,1792.0,16278
1724643900,1791.0,1795.0,1769.35,1772.1,78639
1724644200,1772.1,1786.55,1769.4,1785.7,32127
1724644500,1786.9,1788.25,1783.0,1788.25,15630
1724644800,1787.45,1789.1,1783.0,1787.05,13114
1724645100,1786.15,1793.35,1786.15,1791.75,9741
1724645400,1792.1,1793.95,1788.15,1790.35,9667
1724645700,1789.75,1794.9,1789.25,1793.15,5490
1724646000,1792.35,1799.45,1792.35,1793.05,25127
1724646300,1793.75,1798.25,1792.75,1793.0,10348
1724646600,1793.0,1793.85,1789.75,1792.55,10456
1724646900,1791.7,1794.75,1789.6,1794.45,14863
1724647200,1794.45,1798.0,1793.6,1796.6,6363
1724647500,1797.6,1801.45,1796.0,1800.0,12274
1724647800,1799.2,1800.0,1796.2,1797.1,8570
1724648100,1797.1,1797.5,1792.35,1794.55,12130
1724648400,1795.0,1796.1,1794.1,1795.35,4278
1724648700,1795.9,1796.7,1794.05,1795.9,2791
1724649000,1795.9,1797.3,1792.9,1793.05,14135
1724649300,1793.05,1794.25,1792.0,1793.4,5023
1724649600,1794.25,1794.6,1790.05,1790.05,4474
1724649900,1790.9,1791.75,1790.0,1790.9,4036
1724650200,1791.0,1792.85,1789.95,1792.35,2911
1724650500,1791.6,1792.25,1789.65,1790.55,3813
1724650800,1789.85,1792.65,1789.75,1791.3,6168
1724651100,1790.7,1793.45,1790.7,1792.35,2299
1724651400,1791.8,1794.9,1791.8,1793.3,5269
1724651700,1793.0,1795.0,1792.8,1794.35,4238
1724652000,1795.0,1795.0,1793.15,1793.7,8557
1724652300,1793.35,1798.7,1793.35,1798.4,10991
1724652600,1798.4,1799.15,1796.75,1796.8,4172
1724652900,1796.6,1798.75,1796.55,1797.8,2837
1724653200,1797.8,1798.0,1797.2,1798.0,5557
1724653500,1797.55,1798.1,1797.0,1798.1,2581
1724653800,1798.1,1798.95,1797.45,1798.1,2339
1724654100,1798.1,1798.1,1795.2,1795.5,2559
1724654400,1795.25,1795.95,1792.25,1792.25,5442
1724654700,1792.3,1792.7,1790.45,1791.75,3856
1724655000,1791.75,1793.9,1791.35,1793.35,2073
1724655300,1793.4,1797.5,1792.9,1796.3,4303
1724655600,1797.1,1797.95,1795.25,1795.65,3901
1724655900,1795.65,1795.65,1794.55,1795.15,1311
1724656200,1795.4,1797.9,1794.45,1796.1,3463
1724656500,1796.1,1799.75,1794.65,1798.25,11265
1724656800,1798.25,1799.85,1797.1,1799.8,6249
1724657100,1799.8,1801.0,1798.55,1799.05,4808
1724657400,1799.05,1799.9,1797.95,1799.8,2680
1724657700,1799.8,1800.0,1797.05,1797.1,3177
1724658000,1796.1,1797.1,1795.1,1796.85,3633
1724658300,1796.9,1797.1,1796.5,1796.9,2992
1724658600,1796.9,1799.9,1796.75,1798.45,2636
1724658900,1798.45,1799.55,1797.55,1799.55,4377
1724659200,1799.55,1799.55,1797.2,1797.7,1518
1724659500,1797.65,1798.4,1796.5,1797.2,4123
1724659800,1797.2,1798.2,1796.4,1796.6,1186
1724660100,1796.6,1797.0,1794.4,1796.1,5226
1724660400,1796.35,1798.0,1795.0,1796.1,5521
1724660700,1796.45,1799.0,1795.7,1799.0,3004
1724661000,1798.75,1799.7,1795.15,1796.0,5299
1724661300,1796.0,1796.0,1794.15,1795.3,1608
1724661600,1794.8,1795.75,1794.4,1794.85,1827
1724661900,1794.35,1796.75,1794.3,1796.1,2023
1724662200,1796.1,1796.8,1795.15,1796.75,1170
1724662500,1796.7,1796.7,1795.0,1795.4,1519
1724662800,1795.0,1795.8,1794.7,1795.8,1531
1724663100,1795.8,1797.0,1794.35,1795.6,9722
1724663400,1795.6,1797.4,1794.15,1797.4,9617
1724663700,1797.35,1797.45,1796.1,1797.0,1242
1724664000,1797.7,1798.15,1795.15,1795.35,5093
1724664300,1795.35,1796.35,1795.25,1795.4,2068
1724664600,1795.35,1796.6,1795.25,1795.5,11121
1724664900,1795.5,1796.25,1794.0,1795.0,12096
1724665200,1795.0,1797.15,1794.65,1796.55,19078
1724665500,1796.55,1796.9,1795.55,1795.9,20419
1724665800,1796.2,1797.6,1795.6,1797.3,20110
1724666100,1797.3,1799.3,1795.0,1796.9,17773
1724730300,1788.4,1801.15,1788.4,1797.05,15337
1724730600,1796.45,1798.8,1792.3,1793.0,11129
1724730900,1792.35,1792.7,1787.4,1788.25,12503
1724731200,1787.1,1789.85,1784.75,1789.8,13801
1724731500,1789.25,1793.75,1784.9,1787.15,11470
1724731800,1786.8,1789.0,1784.1,1788.9,5473
1724732100,1788.05,1790.0,1787.0,1788.45,4009
1724732400,1788.45,1800.0,1788.45,1798.7,11893
1724732700,1798.7,1807.25,1797.55,1804.45,26540
1724733000,1804.25,1809.8,1804.25,1808.45,22298
1724733300,1808.2,1808.4,1802.95,1803.0,12420
1724733600,1803.25,1805.6,1799.9,1804.9,31011
1724733900,1805.0,1807.0,1803.1,1806.0,41737
1724734200,1806.0,1806.0,1803.0,1804.1,21853
1724734500,1804.5,1804.5,1795.35,1796.05,30545
1724734800,1796.0,1798.0,1793.3,1793.5,20075
1724735100,1793.5,1804.0,1793.5,1800.0,14109
1724735400,1800.05,1803.75,1798.15,1798.6,9237
1724735700,1798.15,1802.35,1796.45,1801.6,5371
1724736000,1802.25,1808.2,1799.95,1806.3,18330
1724736300,1806.55,1807.8,1804.9,1806.1,9516
1724736600,1806.5,1813.7,1806.1,1811.35,31777
1724736900,1811.75,1814.95,1808.85,1813.4,31079
1724737200,1813.8,1814.3,1811.25,1811.4,11368
1724737500,1812.2,1818.65,1811.0,1817.9,21566
1724737800,1818.8,1819.55,1814.3,1816.5,57371
1724738100,1816.5,1820.95,1814.45,1820.4,57648
1724738400,1820.4,1825.95,1819.35,1825.7,62739
1724738700,1824.75,1829.8,1822.7,1828.65,43064
1724739000,1827.75,1829.9,1823.85,1829.9,38050
1724739300,1829.9,1832.0,1826.05,1826.5,33026
1724739600,1826.3,1832.65,1825.0,1832.2,39499
1724739900,1832.2,1833.95,1826.85,1828.5,40067
1724740200,1828.5,1832.7,1827.4,1831.4,90560
1724740500,1831.7,1832.2,1829.15,1830.35,57657
1724740800,1829.8,1830.7,1826.1,1827.3,24153
1724741100,1827.25,1830.45,1826.1,1829.0,28108
1724741400,1828.95,1835.9,1828.1,1833.5,77210
1724741700,1832.6,1833.85,1830.0,1831.8,56185
1724742000,1831.15,1832.8,1830.0,1832.0,66535
1724742300,1832.0,1835.0,1828.2,1834.35,23473
1724742600,1833.95,1835.65,1832.5,1834.15,30894
1724742900,1834.25,1836.2,1833.1,1834.0,23256
1724743200,1834.0,1834.95,1831.4,1834.8,15439
1724743500,1834.8,1834.9,1831.0,1833.0,8923
1724743800,1833.0,1833.4,1831.05,1833.25,5047
1724744100,1833.25,1835.9,1832.5,1834.1,10678
1724744400,1834.15,1835.0,1833.05,1833.75,5764
1724744700,1833.3,1834.0,1831.5,1832.35,9223
1724745000,1832.05,1833.65,1829.0,1832.8,10375
1724745300,1832.8,1834.9,1827.5,1830.0,22129
1724745600,1829.5,1831.0,1828.65,1831.0,8864
1724745900,1831.0,1834.0,1830.3,1833.7,9097
1724746200,1834.0,1836.95,1833.3,1836.4,27638
1724746500,1836.75,1841.5,1835.9,1841.4,43072
1724746800,1840.65,1848.6,1840.35,1847.0,58725
1724747100,1846.0,1846.85,1841.55,1843.75,31225
1724747400,1843.75,1844.2,1841.1,1842.5,19692
1724747700,1842.5,1843.0,1840.0,1842.65,14808
1724748000,1842.65,1846.65,1842.25,1844.75,23766
1724748300,1844.75,1846.6,1843.45,1843.55,14762
1724748600,1843.55,1844.9,1840.65,1842.8,19388
1724748900,1842.8,1845.85,1841.9,1844.35,18200
1724749200,1844.35,1844.35,1839.2,1841.9,26943
1724749500,1841.65,1842.95,1838.3,1840.15,23533
1724749800,1840.2,1842.0,1839.35,1840.8,15355
1724750100,1840.8,1845.75,1840.4,1844.05,36406
1724750400,1843.3,1845.0,1840.5,1840.7,63198
1724750700,1840.55,1842.0,1838.85,1839.55,41873
1724751000,1840.3,1842.7,1839.0,1840.5,48110
1724751300,1840.45,1840.7,1836.8,1837.45,57294
1724751600,1837.45,1841.35,1836.75,1840.55,82224
1724751900,1839.65,1843.45,1837.6,1840.2,89152
1724752200,1839.65,1840.45,1837.1,1839.95,52151
1724752500,1839.1,1839.2,1833.0,1837.0,32181
1724816700,1838.75,1840.0,1830.1,1837.25,33041
1724817000,1837.3,1841.15,1833.85,1833.85,30276
1724817300,1833.85,1834.5,1831.0,1832.45,8854
1724817600,1832.45,1832.95,1826.0,1827.05,20824
1724817900,1827.05,1830.25,1826.0,1826.5,12160
1724818200,1826.55,1828.55,1826.55,1828.05,3956
1724818500,1827.85,1834.1,1827.75,1833.1,7155
1724818800,1832.7,1839.75,1832.7,1837.0,31900
1724819100,1837.15,1839.0,1835.0,1838.4,11471
1724819400,1838.4,1841.05,1837.65,1840.2,5161
1724819700,1840.65,1840.7,1837.0,1839.6,9689
1724820000,1839.05,1845.95,1838.35,1843.5,12632
1724820300,1843.5,1844.85,1841.45,1841.45,4631
1724820600,1841.45,1846.8,1841.45,1842.95,8439
1724820900,1842.8,1842.95,1837.95,1838.75,17418
1724821200,1839.65,1842.05,1838.75,1841.15,4128
1724821500,1841.15,1846.0,1841.15,1845.65,6550
1724821800,1845.3,1845.9,1842.45,1843.15,7653
1724822100,1843.1,1843.75,1839.05,1839.9,5944
1724822400,1839.9,1845.7,1839.25,1845.15,5181
1724822700,1845.7,1846.0,1843.05,1844.7,5181
1724823000,1844.7,1845.15,1841.9,1843.9,5457
1724823300,1843.9,1845.3,1843.1,1845.3,2049
1724823600,1845.3,1845.3,1844.65,1845.0,2499
1724823900,1844.95,1846.6,1843.05,1846.2,8374
1724824200,1846.25,1848.6,1845.9,1846.35,9505
1724824500,1847.45,1847.65,1843.7,1844.95,6331
1724824800,1844.1,1849.0,1843.2,1848.95,3935
1724825100,1848.9,1850.0,1847.15,1847.9,8779
1724825400,1847.9,1849.95,1847.9,1848.8,6663
1724825700,1849.0,1850.75,1847.35,1850.25,9095
1724826000,1850.4,1850.55,1848.0,1848.0,5441
1724826300,1848.0,1848.45,1845.7,1846.65,5273
1724826600,1846.65,1847.95,1845.8,1847.9,2787
1724826900,1847.95,1849.8,1847.2,1848.9,4333
1724827200,1849.6,1853.1,1848.9,1850.95,10607
1724827500,1850.95,1854.25,1850.25,1853.75,7412
1724827800,1853.75,1853.75,1851.25,1851.7,5880
1724828100,1851.7,1852.55,1851.0,1851.9,5925
1724828400,1851.9,1854.15,1851.9,1853.15,9564
1724828700,1852.9,1853.15,1849.55,1851.15,5648
1724829000,1851.15,1853.85,1851.15,1852.45,6663
1724829300,1852.45,1852.45,1850.55,1851.65,3163
1724829600,1851.6,1851.95,1850.1,1851.65,5779
1724829900,1850.9,1853.5,1850.75,1853.4,5289
1724830200,1853.4,1853.45,1851.5,1852.0,4720
1724830500,1852.0,1852.85,1851.0,1851.35,3372
1724830800,1851.1,1851.25,1848.05,1850.05,8194
1724831100,1850.05,1850.3,1846.5,1849.0,3548
1724831400,1849.0,1851.4,1848.35,1850.45,3653
1724831700,1850.85,1851.25,1849.1,1849.1,3038
1724832000,1849.1,1849.5,1846.95,1847.95,4267
1724832300,1847.95,1851.9,1847.05,1850.75,7772
1724832600,1850.75,1852.25,1849.0,1849.1,13568
1724832900,1849.1,1849.4,1847.5,1848.35,2832
1724833200,1848.35,1850.15,1848.3,1848.85,2380
1724833500,1848.85,1851.7,1848.6,1850.95,8323
1724833800,1850.95,1851.95,1849.4,1850.8,14314
1724834100,1850.8,1852.05,1849.9,1851.25,11998
1724834400,1850.55,1852.0,1849.0,1851.8,16252
1724834700,1851.8,1853.15,1850.05,1851.75,15477
1724835000,1851.75,1852.0,1850.0,1851.05,14217
1724835300,1851.1,1852.0,1849.5,1851.85,9988
1724835600,1851.25,1851.9,1848.2,1848.2,11637
1724835900,1848.15,1850.7,1848.0,1849.1,6896
1724836200,1849.1,1850.4,1847.0,1848.65,15385
1724836500,1848.8,1850.0,1847.15,1849.65,8956
1724836800,1849.65,1850.0,1842.6,1842.6,14339
1724837100,1843.5,1844.05,1841.45,1844.0,9686
1724837400,1843.95,1844.15,1841.85,1843.55,16974
1724837700,1843.7,1844.35,1842.5,1844.0,17981
1724838000,1844.0,1844.45,1843.75,1843.95,17045
1724838300,1844.0,1845.0,1843.9,1844.0,21772
1724838600,1844.9,1844.95,1842.9,1843.9,25032
1724838900,1843.95,1844.0,1837.0,1843.4,11722
1724903100,1840.0,1847.0,1835.5,1843.55,26271
1724903400,1843.2,1845.0,1840.3,1841.25,13676
1724903700,1841.25,1848.6,1841.25,1844.9,26167
1724904000,1844.9,1845.7,1839.2,1843.15,9809
1724904300,1843.15,1846.1,1841.8,1844.0,2680
1724904600,1844.45,1845.15,1842.1,1844.1,4596
1724904900,1844.1,1847.0,1842.6,1847.0,3806
1724905200,1847.0,1848.65,1846.15,1847.15,5674
1724905500,1847.0,1854.0,1847.0,1851.95,22030
1724905800,1851.9,1853.2,1850.15,1850.9,10232
1724906100,1850.3,1852.0,1850.0,1850.85,6051
1724906400,1850.85,1852.0,1849.7,1849.75,3618
1724906700,1849.9,1851.9,1848.8,1850.35,3604
1724907000,1850.3,1851.2,1845.6,1849.85,7412
1724907300,1849.85,1852.0,1849.0,1851.4,6873
1724907600,1851.4,1852.1,1849.25,1851.7,7679
1724907900,1850.85,1853.0,1850.0,1852.0,4059
1724908200,1852.0,1853.0,1849.55,1850.3,7289
1724908500,1850.3,1850.95,1844.45,1850.3,18309
1724908800,1850.45,1852.55,1850.25,1852.5,3969
1724909100,1852.5,1852.5,1850.3,1850.95,6629
1724909400,1851.0,1851.1,1846.3,1849.2,4998
1724909700,1848.85,1850.6,1847.2,1849.3,3217
1724910000,1849.3,1850.6,1847.3,1848.6,3662
1724910300,1848.6,1850.25,1847.2,1849.85,5118
1724910600,1849.85,1852.0,1847.85,1850.65,20528
1724910900,1850.45,1854.75,1850.0,1852.0,58088
1724911200,1852.4,1853.95,1849.0,1850.4,117876
1724911500,1849.65,1850.5,1843.6,1845.0,30630
1724911800,1844.8,1844.95,1841.55,1843.0,15009
1724912100,1843.0,1851.3,1843.0,1848.75,24415
1724912400,1849.35,1850.85,1847.0,1848.55,8162
1724912700,1848.75,1849.8,1846.65,1846.65,6220
1724913000,1846.8,1847.5,1843.0,1844.05,11274
1724913300,1844.05,1849.0,1843.25,1848.5,9939
1724913600,1849.5,1852.05,1846.0,1851.55,45120
1724913900,1852.15,1854.5,1851.4,1853.25,15525
1724914200,1853.25,1862.0,1851.55,1859.6,252373
1724914500,1859.6,1864.05,1858.35,1864.0,42156
1724914800,1864.05,1866.0,1861.65,1864.4,42861
1724915100,1864.4,1867.75,1859.4,1862.1,30241
1724915400,1862.1,1863.0,1860.3,1861.85,10692
1724915700,1861.85,1862.8,1857.2,1859.2,13560
1724916000,1858.8,1859.2,1854.3,1854.35,17675
1724916300,1855.15,1857.95,1853.3,1857.8,9238
1724916600,1857.6,1858.55,1854.55,1857.6,19372
1724916900,1857.25,1862.45,1857.0,1859.25,24284
1724917200,1859.25,1865.7,1859.2,1862.2,16746
1724917500,1862.9,1863.55,1859.3,1862.35,6607
1724917800,1863.0,1865.25,1861.05,1863.9,12799
1724918100,1863.9,1864.55,1857.7,1858.0,15187
1724918400,1858.0,1860.3,1855.4,1856.45,14427
1724918700,1855.8,1859.25,1855.15,1855.95,8010
1724919000,1855.95,1858.85,1855.2,1856.15,9930
1724919300,1856.15,1857.4,1852.4,1853.15,10865
1724919600,1853.15,1854.7,1851.05,1853.45,6879
1724919900,1854.15,1854.9,1848.5,1849.45,14977
1724920200,1849.5,1850.05,1838.15,1839.8,78162
1724920500,1840.1,1848.05,1839.3,1846.65,90977
1724920800,1846.6,1854.0,1846.0,1850.25,190136
1724921100,1850.3,1854.0,1848.5,1850.25,20118
1724921400,1850.0,1850.3,1841.95,1843.65,19484
1724921700,1843.65,1848.4,1843.0,1845.0,12010
1724922000,1845.45,1845.45,1842.65,1843.4,12393
1724922300,1843.3,1848.6,1843.05,1846.85,22321
1724922600,1847.0,1847.9,1844.75,1845.15,21147
1724922900,1844.8,1846.25,1842.1,1843.95,29161
1724923200,1843.95,1849.45,1841.65,1846.3,50096
1724923500,1846.25,1850.0,1845.0,1847.4,75678
1724923800,1847.4,1850.0,1843.95,1846.15,73761
1724924100,1846.15,1846.9,1840.6,1843.2,68621
1724924400,1843.2,1843.45,1840.0,1840.25,70795
1724924700,1840.25,1849.0,1839.65,1845.45,81770
1724925000,1845.1,1845.1,1840.45,1840.95,111002
1724925300,1840.95,1844.0,1838.05,1841.75,61372
1724989500,1839.95,1848.5,1837.0,1843.8,21370
1724989800,1843.8,1847.3,1840.3,1845.5,33666
1724990100,1845.8,1849.0,1845.25,1848.05,20592
1724990400,1847.45,1853.5,1847.0,1847.0,15786
1724990700,1847.0,1850.0,1843.0,1844.0,14301
1724991000,1844.0,1846.3,1837.25,1837.95,13485
1724991300,1837.7,1845.45,1837.7,1844.05,5112
1724991600,1844.9,1845.15,1841.5,1842.6,9211
1724991900,1842.8,1847.75,1841.95,1847.75,2871
1724992200,1847.75,1850.0,1846.5,1848.45,4889
1724992500,1848.45,1850.0,1847.25,1849.1,3886
1724992800,1849.1,1849.6,1847.15,1848.65,2252
1724993100,1848.9,1858.0,1848.9,1854.65,26543
1724993400,1854.2,1857.0,1854.2,1856.45,7761
1724993700,1856.45,1861.7,1855.6,1860.0,9622
1724994000,1860.9,1860.9,1858.7,1860.4,7423
1724994300,1860.4,1860.75,1856.6,1858.15,9898
1724994600,1857.25,1858.8,1856.8,1857.5,1810
1724994900,1858.15,1863.0,1857.45,1859.75,24079
1724995200,1859.2,1861.0,1858.2,1860.2,11303
1724995500,1860.2,1861.9,1860.0,1860.4,2996
1724995800,1861.4,1862.85,1860.2,1861.6,3472
1724996100,1861.7,1861.85,1860.1,1860.95,1882
1724996400,1860.15,1866.7,1860.15,1865.65,35782
1724996700,1864.85,1866.75,1863.0,1864.25,55995
1724997000,1863.4,1865.0,1858.2,1859.0,7913
1724997300,1858.65,1858.65,1856.4,1857.0,9404
1724997600,1857.0,1857.9,1854.4,1856.5,20758
1724997900,1856.5,1857.35,1853.3,1854.5,33072
1724998200,1854.5,1855.2,1851.95,1853.95,22085
1724998500,1853.95,1855.0,1851.55,1852.9,42535
1724998800,1852.2,1857.1,1851.65,1857.1,18473
1724999100,1857.15,1858.15,1856.3,1857.0,11160
1724999400,1857.45,1861.55,1857.0,1861.05,14236
1724999700,1861.05,1864.5,1861.05,1863.35,17638
1725000000,1863.85,1864.75,1861.35,1862.55,45449
1725000300,1862.55,1868.6,1862.5,1866.35,21563
1725000600,1866.85,1867.6,1863.2,1866.25,25054
1725000900,1865.6,1869.8,1864.35,1869.75,27599
1725001200,1869.75,1869.75,1856.0,1857.0,74683
1725001500,1856.5,1857.15,1854.45,1856.05,15415
1725001800,1856.6,1859.3,1854.65,1857.55,25964
1725002100,1856.45,1857.85,1855.45,1855.45,2636
1725002400,1855.8,1856.9,1854.75,1856.4,2506
1725002700,1856.4,1856.4,1853.9,1855.05,4484
1725003000,1854.05,1855.1,1852.5,1852.55,3381
1725003300,1853.0,1853.95,1852.5,1853.6,1489
1725003600,1853.6,1853.8,1851.3,1852.15,4674
1725003900,1852.15,1853.85,1851.5,1852.6,5083
1725004200,1852.8,1853.9,1851.4,1853.25,2043
1725004500,1853.25,1853.4,1849.2,1851.7,6333
1725004800,1851.7,1852.85,1850.25,1852.75,2138
1725005100,1852.8,1852.85,1850.1,1851.1,3547
1725005400,1851.3,1851.7,1850.0,1850.7,2544
1725005700,1850.7,1851.35,1848.6,1849.15,5947
1725006000,1848.8,1850.55,1847.55,1849.1,7020
1725006300,1848.85,1849.9,1847.5,1849.0,7749
1725006600,1849.0,1849.85,1847.85,1849.3,2696
1725006900,1849.4,1851.05,1848.45,1850.3,12882
1725007200,1850.55,1850.85,1849.1,1849.95,3921
1725007500,1849.95,1854.4,1848.65,1850.9,22532
1725007800,1850.4,1852.05,1847.7,1851.8,34892
1725008100,1851.85,1852.65,1847.45,1848.1,8225
1725008400,1847.8,1850.45,1845.7,1849.0,12163
1725008700,1849.0,1851.3,1847.0,1849.3,15475
1725009000,1849.3,1851.2,1849.0,1849.9,14013
1725009300,1849.9,1855.0,1848.1,1851.1,41751
1725009600,1850.6,1854.2,1850.4,1852.7,5275
1725009900,1852.7,1852.7,1850.6,1851.3,8263
1725010200,1851.25,1851.5,1844.4,1845.65,180131
1725010500,1846.4,1848.0,1843.7,1847.9,167886
1725010800,1847.85,1852.55,1847.85,1851.5,183584
1725011100,1851.6,1854.0,1849.8,1852.7,198432
1725011400,1852.4,1855.7,1847.7,1848.5,216810
1725011700,1849.15,1862.4,1849.1,1854.7,155643
1725248700,1850.3,1863.0,1849.05,1859.85,65756
1725249000,1859.7,1863.0,1857.0,1863.0,24571
1725249300,1863.0,1864.3,1859.25,1863.45,25376
1725249600,1862.55,1866.55,1860.8,1865.15,23263
1725249900,1866.25,1882.0,1865.75,1880.45,57839
1725250200,1880.6,1883.0,1873.75,1874.95,54548
1725250500,1874.95,1879.7,1872.05,1873.5,28348
1725250800,1873.5,1874.7,1868.55,1872.8,22068
1725251100,1873.0,1874.95,1866.45,1867.5,13472
1725251400,1867.5,1871.0,1866.75,1870.0,10279
1725251700,1870.2,1870.9,1868.0,1868.85,9559
1725252000,1868.0,1874.0,1868.0,1872.95,10907
1725252300,1873.25,1874.7,1870.7,1872.5,9340
1725252600,1872.15,1872.85,1867.35,1868.2,16785
1725252900,1868.35,1869.0,1865.95,1868.0,17646
1725253200,1868.05,1870.0,1867.1,1869.0,12365
1725253500,1868.5,1872.8,1861.6,1871.85,71280
1725253800,1872.7,1875.5,1870.4,1872.05,15536
1725254100,1872.15,1873.0,1869.0,1870.3,116771
1725254400,1870.35,1874.0,1870.2,1874.0,5247
1725254700,1876.0,1879.0,1874.25,1875.2,14480
1725255000,1875.2,1880.0,1875.0,1875.65,67064
1725255300,1875.65,1877.2,1871.5,1872.35,8049
1725255600,1872.7,1873.25,1871.6,1872.5,4877
1725255900,1872.2,1874.9,1871.85,1873.0,3009
1725256200,1873.0,1875.0,1872.0,1873.65,4041
1725256500,1874.5,1875.0,1873.3,1873.85,4138
1725256800,1873.3,1874.05,1869.3,1872.0,12734
1725257100,1872.65,1872.65,1869.5,1870.5,6878
1725257400,1870.65,1871.8,1869.85,1871.05,5315
1725257700,1871.3,1872.8,1870.5,1871.75,3898
1725258000,1872.65,1873.0,1871.2,1871.35,4216
1725258300,1871.65,1877.95,1871.15,1876.95,17247
1725258600,1876.95,1879.5,1874.55,1877.5,22648
1725258900,1878.0,1878.0,1872.9,1873.0,110522
1725259200,1873.3,1876.95,1868.7,1875.0,37305
1725259500,1875.05,1882.5,1874.95,1882.35,78569
1725259800,1882.5,1886.35,1881.3,1882.1,42841
1725260100,1882.15,1882.45,1878.45,1879.65,19556
1725260400,1879.7,1880.0,1877.5,1878.95,21653
1725260700,1878.95,1883.9,1878.1,1879.7,36381
1725261000,1880.2,1880.35,1878.0,1878.45,10943
1725261300,1878.5,1879.1,1873.05,1875.0,25663
1725261600,1875.05,1876.65,1873.25,1875.3,15049
1725261900,1874.6,1876.6,1871.45,1873.15,30139
1725262200,1873.15,1874.3,1871.8,1873.8,11960
1725262500,1873.1,1874.55,1871.55,1873.75,50449
1725262800,1873.6,1875.0,1871.4,1873.2,45810
1725263100,1873.3,1874.8,1872.25,1874.05,16194
1725263400,1873.8,1873.85,1868.0,1870.5,34669
1725263700,1870.5,1877.9,1869.9,1876.1,32730
1725264000,1875.8,1880.0,1874.0,1876.85,31284
1725264300,1876.8,1882.0,1876.0,1880.35,170125
1725264600,1880.05,1882.95,1878.0,1878.95,19813
1725264900,1879.5,1881.15,1877.0,1878.0,21326
1725265200,1877.55,1884.0,1877.4,1884.0,35285
1725265500,1884.75,1885.0,1880.6,1881.2,31021
1725265800,1881.55,1884.4,1879.75,1881.8,24777
1725266100,1881.75,1882.3,1878.5,1879.8,22639
1725266400,1879.8,1881.35,1878.6,1878.75,20511
1725266700,1878.75,1881.25,1878.45,1880.0,16217
1725267000,1880.15,1880.55,1876.8,1877.9,24190
1725267300,1877.75,1881.4,1876.9,1880.65,26546
1725267600,1880.65,1882.6,1880.5,1881.35,22879
1725267900,1881.6,1882.85,1880.95,1881.0,30149
1725268200,1881.0,1881.55,1877.5,1878.0,40484
1725268500,1877.95,1880.05,1877.0,1880.05,22716
1725268800,1880.2,1881.95,1878.0,1880.55,14328
1725269100,1880.95,1884.0,1880.2,1883.05,96675
1725269400,1883.35,1886.05,1881.8,1883.5,56901
1725269700,1884.3,1891.45,1883.6,1889.9,136196
1725270000,1889.85,1894.65,1888.15,1893.15,101737
1725270300,1893.05,1893.05,1888.5,1888.7,68326
1725270600,1888.7,1890.25,1887.55,1888.75,49311
1725270900,1888.7,1888.7,1882.55,1887.45,28629
1725335100,1890.0,1893.05,1885.0,1886.35,55454
1725335400,1886.35,1889.4,1883.0,1883.0,28352
1725335700,1883.0,1888.3,1881.75,1886.15,26859
1725336000,1886.15,1898.0,1886.1,1895.5,45909
1725336300,1895.5,1899.0,1895.0,1895.75,25277
1725336600,1896.5,1899.7,1895.55,1897.0,19899
1725336900,1896.45,1902.8,1896.45,1901.4,28068
1725337200,1901.4,1905.95,1900.05,1902.35,48136
1725337500,1903.0,1904.6,1897.15,1900.0,143325
1725337800,1900.0,1901.3,1896.4,1897.4,99837
1725338100,1897.35,1899.85,1897.0,1898.5,6421
1725338400,1898.3,1900.0,1897.15,1897.3,10701
1725338700,1897.6,1903.25,1897.6,1901.5,12424
1725339000,1901.2,1902.15,1899.1,1901.4,13181
1725339300,1901.7,1902.45,1897.45,1898.6,13841
1725339600,1898.45,1899.0,1896.9,1897.35,14864
1725339900,1897.35,1898.55,1897.05,1898.0,8104
1725340200,1898.0,1902.5,1897.85,1901.05,18634
1725340500,1901.75,1904.0,1901.25,1901.75,11707
1725340800,1901.75,1902.1,1898.15,1898.3,15509
1725341100,1898.3,1898.9,1896.8,1898.1,15515
1725341400,1898.0,1903.0,1898.0,1902.95,19477
1725341700,1902.3,1903.0,1900.65,1900.65,5427
1725342000,1900.65,1900.9,1897.0,1897.0,29923
1725342300,1895.4,1903.25,1894.6,1901.95,35008
1725342600,1902.35,1902.35,1899.0,1899.2,12190
1725342900,1899.25,1903.5,1899.0,1899.15,20742
1725343200,1899.2,1903.9,1898.0,1902.15,48848
1725343500,1902.0,1903.75,1901.1,1902.75,40219
1725343800,1902.8,1903.0,1900.05,1901.95,164925
1725344100,1901.95,1902.0,1900.1,1901.4,13936
1725344400,1900.65,1901.0,1898.0,1899.95,12305
1725344700,1899.95,1902.0,1898.6,1900.7,48191
1725345000,1900.75,1902.0,1898.3,1899.15,82660
1725345300,1899.15,1900.7,1898.0,1900.7,17340
1725345600,1900.55,1901.0,1898.65,1898.8,16246
1725345900,1898.8,1900.05,1898.0,1899.95,10886
1725346200,1899.95,1900.85,1897.9,1898.9,50444
1725346500,1898.15,1899.15,1895.5,1895.85,16789
1725346800,1896.55,1897.7,1895.15,1895.95,17978
1725347100,1896.15,1898.05,1895.6,1896.85,15885
1725347400,1896.85,1897.7,1895.0,1896.55,29012
1725347700,1896.65,1897.15,1895.0,1895.9,24213
1725348000,1895.9,1898.2,1895.5,1896.6,23491
1725348300,1896.6,1898.5,1895.0,1898.4,25470
1725348600,1898.4,1898.5,1894.1,1895.45,34836
1725348900,1895.15,1895.7,1892.05,1893.65,40807
1725349200,1893.6,1894.25,1891.45,1893.3,25058
1725349500,1893.3,1899.15,1892.05,1895.35,23773
1725349800,1895.35,1899.95,1895.1,1897.55,38177
1725350100,1897.75,1900.2,1896.15,1897.15,44750
1725350400,1897.55,1899.55,1897.15,1899.2,27583
1725350700,1899.25,1900.2,1894.7,1895.3,243829
1725351000,1895.6,1897.6,1894.35,1896.55,13876
1725351300,1896.55,1899.4,1895.9,1898.5,13185
1725351600,1898.5,1899.75,1898.0,1898.0,6787
1725351900,1898.5,1898.5,1888.2,1895.0,54566
1725352200,1895.0,1895.0,1891.7,1893.0,13083
1725352500,1893.6,1895.5,1892.75,1894.45,14543
1725352800,1894.45,1898.8,1893.2,1898.4,40909
1725353100,1897.7,1898.65,1895.25,1897.0,26260
1725353400,1897.0,1898.7,1896.0,1897.2,26299
1725353700,1897.4,1899.0,1897.0,1898.5,23051
1725354000,1898.5,1900.0,1898.0,1899.95,56765
1725354300,1900.0,1908.0,1899.95,1906.75,66214
1725354600,1906.6,1913.05,1906.25,1913.0,55472
1725354900,1913.0,1916.55,1911.95,1916.55,71874
1725355200,1916.45,1920.0,1915.4,1919.95,101083
1725355500,1920.0,1929.0,1918.5,1928.25,147661
1725355800,1928.95,1935.55,1927.3,1932.45,233420
1725356100,1932.3,1936.0,1924.7,1928.95,167288
1725356400,1928.95,1929.95,1923.3,1927.05,159988
1725356700,1927.05,1929.4,1924.9,1929.4,108991
1725357000,1928.7,1929.4,1921.4,1923.7,51900
1725357300,1923.95,1927.15,1914.1,1921.15,81902
1725421500,1910.0,1917.6,1903.8,1912.25,114560
1725421800,1912.2,1914.1,1908.75,1909.0,21669
1725422100,1909.15,1910.65,1906.3,1906.7,15777
1725422400,1907.0,1910.0,1906.0,1908.3,14687
1725422700,1908.3,1910.0,1907.35,1909.95,11681
1725423000,1909.35,1914.2,1907.45,1907.65,14981
1725423300,1907.65,1907.65,1903.75,1905.4,14380
1725423600,1905.4,1908.4,1904.35,1907.85,6772
1725423900,1908.1,1909.8,1907.85,1908.05,8656
1725424200,1908.45,1910.0,1904.75,1910.0,10533
1725424500,1909.15,1909.15,1906.0,1907.95,11519
1725424800,1907.95,1910.9,1907.05,1909.5,7267
1725425100,1909.5,1911.5,1908.35,1909.35,7152
1725425400,1909.3,1912.0,1906.1,1910.05,8774
1725425700,1910.05,1910.85,1908.0,1910.0,15600
1725426000,1910.2,1910.65,1902.4,1904.6,10019
1725426300,1904.6,1907.4,1902.35,1905.3,7316
1725426600,1905.5,1906.4,1903.5,1903.7,5169
1725426900,1903.75,1909.35,1902.7,1907.95,4227
1725427200,1907.95,1910.0,1906.85,1908.0,5343
1725427500,1908.85,1910.0,1907.6,1908.35,4292
1725427800,1908.45,1908.55,1904.1,1905.05,2893
1725428100,1905.05,1907.05,1903.95,1906.35,5377
1725428400,1905.75,1908.0,1905.65,1907.0,3107
1725428700,1907.0,1908.0,1905.4,1906.8,2428
1725429000,1906.7,1908.55,1906.4,1908.4,7946
1725429300,1907.95,1909.0,1907.65,1908.5,3041
1725429600,1908.5,1910.45,1908.0,1908.1,10624
1725429900,1908.05,1909.45,1907.15,1908.5,11496
1725430200,1908.0,1908.45,1907.3,1908.0,9764
1725430500,1908.05,1910.5,1908.0,1910.5,15789
1725430800,1910.5,1912.8,1909.6,1910.7,10829
1725431100,1911.15,1912.0,1910.15,1910.35,5574
1725431400,1910.35,1911.95,1910.05,1910.3,3943
1725431700,1910.1,1914.55,1910.05,1913.9,5232
1725432000,1913.9,1913.9,1911.0,1911.3,10564
1725432300,1911.1,1912.55,1910.05,1912.2,3664
1725432600,1912.3,1912.3,1910.0,1910.85,5946
1725432900,1910.1,1912.0,1910.0,1911.55,2118
1725433200,1911.95,1912.9,1910.85,1912.05,5371
1725433500,1912.1,1913.0,1910.5,1912.75,8759
1725433800,1913.0,1913.0,1911.1,1911.85,12786
1725434100,1911.85,1911.95,1910.05,1910.35,5128
1725434400,1910.05,1910.65,1908.2,1909.95,13294
1725434700,1909.25,1911.1,1909.0,1910.0,14795
1725435000,1910.0,1910.0,1908.0,1908.15,15213
1725435300,1908.1,1909.15,1908.0,1908.65,15208
1725435600,1908.65,1909.0,1907.0,1907.0,13720
1725435900,1907.05,1913.0,1907.0,1912.7,24757
1725436200,1912.65,1916.6,1912.05,1916.6,14485
1725436500,1916.2,1919.0,1915.15,1918.15,7115
1725436800,1917.95,1918.15,1912.0,1913.25,6754
1725437100,1913.25,1914.45,1912.1,1913.25,4303
1725437400,1913.6,1914.05,1912.0,1912.1,4158
1725437700,1912.1,1913.3,1911.5,1911.55,4368
1725438000,1911.45,1914.15,1910.3,1913.95,8776
1725438300,1913.9,1916.95,1912.55,1915.45,6737
1725438600,1915.5,1915.5,1913.2,1914.2,1715
1725438900,1914.2,1915.0,1912.6,1914.0,2214
1725439200,1913.95,1914.75,1912.0,1912.75,3908
1725439500,1912.7,1913.6,1912.1,1912.75,2952
1725439800,1912.7,1915.5,1911.5,1913.05,17982
1725440100,1913.05,1914.15,1910.15,1910.95,32754
1725440400,1911.0,1913.95,1909.5,1911.05,50676
1725440700,1911.05,1914.15,1910.7,1913.75,6566
1725441000,1913.8,1915.0,1913.5,1913.7,9557
1725441300,1913.7,1914.0,1912.3,1912.85,6451
1725441600,1912.85,1913.95,1912.35,1912.95,9651
1725441900,1912.95,1913.55,1911.0,1911.0,10432
1725442200,1911.05,1912.1,1910.55,1911.05,17562
1725442500,1911.1,1914.05,1911.05,1912.85,20722
1725442800,1913.5,1913.5,1910.45,1910.55,34181
1725443100,1911.15,1914.15,1909.0,1913.65,44946
1725443400,1913.7,1914.15,1912.5,1913.0,22654
1725443700,1913.0,1920.0,1910.2,1915.4,30902
1725507900,1919.0,1919.0,1909.0,1910.05,13434
1725508200,1909.5,1912.8,1905.2,1908.35,40277
1725508500,1908.5,1908.5,1900.45,1901.45,23350
1725508800,1901.3,1904.6,1900.2,1902.85,20634
1725509100,1902.35,1906.95,1901.15,1904.6,42211
1725509400,1904.65,1907.4,1902.6,1906.75,11044
1725509700,1906.5,1907.05,1905.3,1906.6,9654
1725510000,1906.6,1907.0,1904.25,1904.35,3212
1725510300,1904.35,1907.65,1904.35,1906.7,11647
1725510600,1906.6,1909.65,1905.25,1909.6,30362
1725510900,1909.25,1910.65,1904.35,1906.5,21641
1725511200,1906.0,1909.35,1904.6,1908.35,5552
1725511500,1908.5,1908.95,1905.65,1906.85,8710
1725511800,1907.05,1907.6,1904.4,1904.95,4370
1725512100,1904.95,1906.25,1904.05,1904.1,3902
1725512400,1904.0,1906.95,1903.1,1905.55,8179
1725512700,1905.5,1907.8,1904.05,1904.3,6456
1725513000,1904.05,1907.5,1904.05,1905.35,3526
1725513300,1905.35,1907.0,1904.7,1904.8,2103
1725513600,1905.0,1907.35,1904.8,1905.8,3871
1725513900,1905.8,1907.5,1905.65,1906.6,3302
1725514200,1906.5,1907.3,1904.8,1906.5,6616
1725514500,1906.5,1907.8,1904.7,1906.7,7396
1725514800,1906.7,1907.0,1905.0,1906.7,636
1725515100,1906.7,1908.65,1905.0,1905.4,50024
1725515400,1906.15,1906.95,1905.15,1906.95,2307
1725515700,1906.95,1906.95,1905.0,1905.55,1613
1725516000,1905.55,1905.55,1904.5,1905.2,1987
1725516300,1904.55,1906.8,1904.5,1905.05,5057
1725516600,1905.05,1907.2,1904.65,1905.85,4382
1725516900,1905.85,1907.25,1905.85,1906.8,5020
1725517200,1906.1,1907.25,1906.0,1907.0,4324
1725517500,1907.0,1911.95,1907.0,1911.7,11529
1725517800,1910.95,1912.0,1909.45,1911.95,5017
1725518100,1911.95,1912.5,1910.2,1912.5,5897
1725518400,1912.85,1914.9,1911.95,1914.05,7955
1725518700,1914.05,1914.75,1910.9,1912.15,6365
1725519000,1912.4,1913.9,1912.15,1913.1,1613
1725519300,1913.1,1914.5,1912.75,1914.5,3543
1725519600,1914.5,1915.75,1910.85,1912.05,22385
1725519900,1911.9,1914.55,1911.05,1914.05,7554
1725520200,1914.4,1914.55,1912.15,1912.3,5459
1725520500,1913.2,1913.2,1909.7,1910.4,11047
1725520800,1910.4,1912.0,1910.15,1911.15,5335
1725521100,1911.75,1912.0,1906.85,1910.1,12618
1725521400,1910.15,1911.0,1907.6,1910.05,4652
1725521700,1910.05,1910.6,1908.0,1909.25,4030
1725522000,1909.2,1909.6,1904.4,1908.25,10193
1725522300,1908.5,1910.0,1907.7,1909.1,3781
1725522600,1908.9,1909.35,1907.0,1907.15,2960
1725522900,1907.45,1908.95,1906.75,1908.3,2789
1725523200,1908.0,1909.1,1902.45,1903.0,8602
1725523500,1902.7,1905.25,1901.7,1904.15,14978
1725523800,1904.85,1906.3,1904.15,1906.15,4870
1725524100,1906.15,1911.0,1906.15,1911.0,10239
1725524400,1910.9,1911.0,1905.3,1906.65,8545
1725524700,1906.65,1909.25,1906.0,1909.0,6049
1725525000,1909.0,1910.25,1906.75,1907.45,5696
1725525300,1907.5,1908.85,1906.55,1907.2,6563
1725525600,1907.1,1909.75,1906.6,1908.9,7633
1725525900,1908.9,1911.0,1908.75,1911.0,14647
1725526200,1911.0,1913.95,1906.0,1909.0,16260
1725526500,1909.0,1909.0,1905.9,1906.3,9797
1725526800,1906.3,1908.8,1905.6,1907.55,8471
1725527100,1907.55,1909.9,1907.25,1907.5,12423
1725527400,1907.55,1908.65,1905.1,1906.1,19976
1725527700,1906.05,1906.1,1902.75,1905.4,12995
1725528000,1905.2,1906.0,1903.05,1904.9,13248
1725528300,1904.65,1908.3,1904.4,1906.5,24847
1725528600,1906.25,1907.15,1903.1,1904.5,54113
1725528900,1904.55,1907.6,1903.2,1906.75,45931
1725529200,1906.75,1910.0,1903.2,1909.25,48803
1725529500,1909.25,1910.65,1908.85,1910.25,35356
1725529800,1910.0,1912.85,1910.0,1911.6,35105
1725530100,1911.55,1912.75,1908.5,1908.5,20250
1725594300,1898.1,1911.4,1897.05,1909.05,33896
1725594600,1909.05,1913.8,1907.4,1911.8,16400
1725594900,1911.8,1913.15,1910.85,1911.95,5661
1725595200,1911.3,1912.75,1910.4,1912.0,4099
1725595500,1911.6,1912.75,1909.35,1912.55,3415
1725595800,1912.55,1913.75,1908.2,1913.7,4025
1725596100,1913.0,1916.85,1911.65,1913.3,17003
1725596400,1913.3,1913.3,1907.0,1909.5,8857
1725596700,1909.6,1911.7,1906.35,1907.7,14447
1725597000,1907.7,1908.0,1905.35,1906.95,8534
1725597300,1906.9,1906.9,1896.2,1897.75,40040
1725597600,1897.5,1901.35,1895.0,1900.9,17522
1725597900,1900.9,1900.9,1895.55,1898.7,25118
1725598200,1898.05,1899.9,1895.0,1898.15,38116
1725598500,1898.15,1898.8,1895.0,1897.45,24256
1725598800,1897.3,1898.7,1893.0,1893.15,22046
1725599100,1893.15,1893.2,1889.45,1893.15,35682
1725599400,1893.1,1895.35,1890.15,1894.65,21223
1725599700,1894.95,1898.35,1891.7,1897.6,21227
1725600000,1897.6,1900.3,1897.6,1900.15,8249
1725600300,1900.95,1907.0,1899.55,1905.3,11842
1725600600,1905.1,1905.6,1902.5,1904.15,6074
1725600900,1904.15,1904.15,1898.3,1898.3,6975
1725601200,1899.25,1901.2,1896.5,1899.9,10176
1725601500,1899.35,1902.25,1897.6,1902.2,14411
1725601800,1902.4,1904.1,1901.5,1902.15,2572
1725602100,1902.15,1903.5,1901.2,1903.5,3670
1725602400,1903.5,1904.95,1903.15,1904.5,4108
1725602700,1904.5,1905.8,1903.9,1905.2,8116
1725603000,1905.5,1905.7,1905.0,1905.05,3527
1725603300,1905.7,1905.95,1904.8,1904.8,2719
1725603600,1905.45,1905.65,1903.35,1903.75,2278
1725603900,1903.95,1906.0,1902.0,1902.1,16427
1725604200,1902.75,1904.1,1901.15,1903.5,3814
1725604500,1903.7,1904.1,1902.15,1902.15,1331
1725604800,1902.9,1904.1,1902.05,1903.95,3881
1725605100,1903.95,1904.4,1903.5,1903.9,1686
1725605400,1904.05,1904.35,1902.8,1903.4,2172
1725605700,1903.9,1903.9,1902.2,1903.3,2842
1725606000,1903.3,1903.3,1898.6,1900.15,3833
1725606300,1900.15,1900.7,1896.85,1897.7,3346
1725606600,1897.8,1899.45,1896.6,1899.2,3263
1725606900,1899.25,1900.5,1898.0,1899.35,6300
1725607200,1899.95,1899.95,1895.0,1895.4,4069
1725607500,1895.4,1897.2,1895.2,1896.3,2526
1725607800,1896.3,1896.45,1894.4,1895.1,4322
1725608100,1895.1,1896.55,1893.7,1896.45,3851
1725608400,1896.45,1897.4,1895.7,1896.9,3662
1725608700,1896.9,1896.95,1896.15,1896.7,2038
1725609000,1896.65,1897.45,1893.3,1893.35,3932
1725609300,1893.3,1895.45,1892.0,1894.8,4623
1725609600,1894.8,1897.55,1894.8,1896.95,3182
1725609900,1896.95,1897.25,1894.85,1896.55,3409
1725610200,1896.5,1896.5,1894.5,1895.15,2797
1725610500,1895.0,1895.85,1894.3,1894.55,4186
1725610800,1894.55,1895.1,1893.2,1894.55,8893
1725611100,1894.55,1896.85,1893.4,1895.85,7740
1725611400,1895.85,1897.45,1895.35,1897.35,3928
1725611700,1897.35,1898.95,1895.55,1896.45,5833
1725612000,1896.45,1896.5,1895.5,1896.35,2429
1725612300,1895.75,1899.8,1895.3,1899.15,18423
1725612600,1899.5,1900.5,1897.2,1897.95,10021
1725612900,1898.0,1898.55,1892.1,1893.95,9751
1725613200,1893.95,1896.35,1893.4,1894.75,10255
1725613500,1894.95,1896.2,1893.5,1895.2,4731
1725613800,1895.15,1897.25,1894.25,1896.7,5206
1725614100,1897.65,1897.9,1894.85,1896.0,6423
1725614400,1896.05,1896.05,1893.1,1894.7,6185
1725614700,1894.5,1896.85,1893.5,1895.3,10664
1725615000,1895.25,1897.95,1893.35,1897.7,19434
1725615300,1898.0,1898.0,1894.1,1894.85,18928
1725615600,1894.6,1895.5,1893.0,1893.45,23554
1725615900,1893.1,1901.7,1892.6,1900.35,26425
1725616200,1900.35,1900.55,1897.3,1898.5,17522
1725616500,1898.3,1902.95,1895.3,1902.95,18192
1725853500,1900.85,1918.0,1895.05,1912.9,32266
1725853800,1911.75,1920.95,1909.05,1918.95,46655
1725854100,1918.2,1923.5,1906.4,1906.4,62290
1725854400,1907.7,1913.85,1905.05,1910.3,37547
1725854700,1911.25,1916.0,1907.05,1916.0,30450
1725855000,1915.7,1916.0,1912.1,1914.15,19487
1725855300,1914.0,1922.45,1911.95,1922.45,29050
1725855600,1921.15,1922.4,1912.7,1913.8,22035
1725855900,1913.8,1925.0,1913.45,1921.7,46887
1725856200,1921.85,1926.4,1920.0,1922.3,47458
1725856500,1922.95,1922.95,1911.05,1911.25,63140
1725856800,1911.5,1913.95,1907.7,1910.5,20616
1725857100,1910.5,1913.1,1910.3,1910.6,11990
1725857400,1910.5,1912.75,1905.2,1912.75,16356
1725857700,1912.9,1916.55,1912.65,1915.0,13164
1725858000,1915.05,1918.55,1914.5,1917.85,8072
1725858300,1917.85,1923.0,1917.65,1922.05,16106
1725858600,1922.8,1924.7,1922.25,1924.0,23959
1725858900,1924.7,1931.9,1923.5,1930.7,52534
1725859200,1930.15,1932.85,1925.15,1928.0,42902
1725859500,1927.8,1929.9,1926.35,1927.05,21124
1725859800,1927.45,1928.55,1922.3,1925.85,19513
1725860100,1925.0,1926.4,1924.1,1926.3,9979
1725860400,1925.8,1926.65,1924.2,1924.2,10402
1725860700,1924.25,1924.35,1920.5,1921.6,14820
1725861000,1921.6,1925.0,1921.3,1923.7,11934
1725861300,1923.7,1925.0,1922.2,1924.25,11235
1725861600,1924.0,1924.7,1921.1,1922.65,9351
1725861900,1922.9,1924.95,1922.45,1924.65,8182
1725862200,1924.65,1929.0,1924.65,1927.0,16164
1725862500,1926.6,1932.6,1926.05,1930.45,22696
1725862800,1930.45,1932.65,1929.0,1930.2,16281
1725863100,1930.1,1931.0,1927.0,1928.1,16327
1725863400,1928.0,1932.0,1928.0,1930.25,12869
1725863700,1930.0,1931.0,1926.35,1927.6,15403
1725864000,1928.4,1930.5,1927.2,1928.95,9549
1725864300,1928.8,1932.0,1924.35,1931.35,18157
1725864600,1931.4,1931.65,1928.0,1930.8,20133
1725864900,1930.85,1931.5,1922.5,1925.05,33987
1725865200,1925.05,1926.05,1921.15,1924.2,22315
1725865500,1924.95,1928.4,1922.5,1925.0,17396
1725865800,1925.0,1926.15,1922.25,1924.6,17126
1725866100,1924.65,1927.25,1922.3,1924.0,15680
1725866400,1924.0,1926.25,1923.3,1925.6,11301
1725866700,1925.6,1927.4,1924.1,1925.7,12035
1725867000,1925.6,1926.0,1923.65,1923.65,8652
1725867300,1924.3,1925.85,1920.35,1924.95,14570
1725867600,1924.9,1926.6,1921.25,1924.95,11764
1725867900,1925.15,1925.55,1922.5,1923.8,6890
1725868200,1923.8,1924.4,1916.6,1918.1,17380
1725868500,1917.75,1917.75,1910.1,1910.65,34728
1725868800,1911.0,1913.35,1905.05,1905.15,34410
1725869100,1905.05,1910.0,1903.05,1905.05,74779
1725869400,1905.05,1907.0,1900.05,1903.45,17536
1725869700,1903.55,1903.7,1897.15,1899.0,19163
1725870000,1899.1,1900.25,1894.55,1896.4,28790
1725870300,1895.75,1900.0,1894.5,1896.2,18442
1725870600,1896.85,1899.1,1895.4,1897.6,12266
1725870900,1897.6,1902.55,1897.35,1900.5,47056
1725871200,1900.5,1901.25,1895.65,1898.35,10028
1725871500,1898.55,1898.55,1895.4,1897.1,5257
1725871800,1897.1,1903.7,1896.75,1902.0,30820
1725872100,1902.35,1902.55,1896.9,1897.5,19987
1725872400,1896.9,1901.15,1895.95,1900.35,14544
1725872700,1900.35,1902.25,1899.6,1901.85,10720
1725873000,1901.85,1902.25,1897.95,1898.45,9306
1725873300,1898.45,1899.1,1896.8,1897.3,12303
1725873600,1897.3,1897.85,1895.15,1896.8,14788
1725873900,1897.4,1898.85,1895.5,1898.1,12889
1725874200,1898.05,1901.6,1895.4,1900.7,44757
1725874500,1900.6,1902.0,1898.9,1900.85,47177
1725874800,1901.3,1902.4,1901.0,1901.95,50516
1725875100,1901.9,1903.65,1900.5,1903.25,74678
1725875400,1903.1,1905.7,1900.0,1900.05,76391
1725875700,1900.05,1903.0,1896.05,1897.05,28343
1725939900,1890.0,1890.0,1863.2,1865.05,98891
1725940200,1865.05,1868.4,1850.05,1854.0,68875
1725940500,1854.1,1856.8,1848.75,1851.3,50064
1725940800,1851.15,1862.0,1850.6,1856.5,42794
1725941100,1856.5,1864.0,1855.0,1861.75,32819
1725941400,1861.5,1861.5,1855.0,1857.05,21220
1725941700,1857.05,1860.4,1855.2,1856.4,26761
1725942000,1856.0,1856.2,1852.15,1852.95,33242
1725942300,1852.95,1855.05,1850.0,1852.35,27328
1725942600,1851.2,1852.2,1845.35,1846.3,39345
1725942900,1847.55,1847.75,1842.65,1843.05,25592
1725943200,1843.05,1845.7,1840.25,1843.0,21270
1725943500,1843.2,1846.0,1838.75,1846.0,25605
1725943800,1846.25,1848.75,1841.95,1844.0,23246
1725944100,1844.0,1847.6,1841.8,1845.1,21644
1725944400,1845.1,1851.95,1845.0,1851.6,27158
1725944700,1851.15,1858.4,1849.05,1856.9,277576
1725945000,1856.75,1857.75,1847.8,1852.0,26720
1725945300,1852.0,1858.0,1850.2,1857.25,24044
1725945600,1858.0,1859.9,1856.1,1857.45,18906
1725945900,1857.55,1863.0,1857.45,1860.85,29576
1725946200,1861.5,1864.95,1856.75,1856.75,24406
1725946500,1856.75,1857.85,1851.85,1856.25,42769
1725946800,1856.8,1863.0,1856.8,1861.45,15947
1725947100,1861.9,1864.9,1858.05,1862.6,14546
1725947400,1862.6,1864.8,1861.1,1861.8,5713
1725947700,1862.0,1864.75,1861.5,1863.7,8964
1725948000,1864.05,1864.2,1860.15,1862.0,4541
1725948300,1861.8,1864.6,1860.8,1863.9,18829
1725948600,1863.15,1866.8,1861.95,1865.3,18553
1725948900,1865.2,1866.4,1864.75,1866.4,23036
1725949200,1866.4,1867.0,1864.1,1866.0,26967
1725949500,1866.1,1866.4,1858.9,1862.95,33416
1725949800,1862.95,1864.7,1860.0,1863.75,50360
1725950100,1863.75,1865.65,1860.8,1862.8,50147
1725950400,1862.85,1864.9,1862.0,1864.5,4189
1725950700,1863.85,1867.0,1863.75,1866.5,8435
1725951000,1866.5,1866.75,1863.75,1865.6,3673
1725951300,1865.45,1867.5,1864.5,1866.3,12253
1725951600,1866.9,1868.0,1865.35,1867.4,7856
1725951900,1867.45,1868.6,1866.05,1868.35,7395
1725952200,1868.4,1870.0,1867.05,1869.5,20195
1725952500,1869.05,1871.05,1866.1,1870.9,51204
1725952800,1870.9,1870.95,1868.55,1869.0,14010
1725953100,1869.45,1870.0,1867.75,1869.65,13674
1725953400,1868.7,1869.75,1867.2,1869.0,10732
1725953700,1869.25,1869.3,1865.5,1868.85,54970
1725954000,1868.4,1870.0,1868.0,1869.75,19459
1725954300,1869.7,1870.95,1868.0,1868.1,11689
1725954600,1868.05,1870.65,1868.05,1869.55,8697
1725954900,1869.55,1874.6,1869.5,1873.0,25941
1725955200,1872.85,1873.8,1870.55,1872.1,17734
1725955500,1872.1,1872.8,1868.5,1869.35,49455
1725955800,1869.3,1871.25,1862.05,1862.4,42565
1725956100,1863.0,1865.3,1861.0,1862.2,30484
1725956400,1862.25,1863.0,1858.05,1860.9,33755
1725956700,1860.9,1860.95,1857.05,1858.0,24560
1725957000,1858.0,1859.35,1850.0,1850.75,36849
1725957300,1850.7,1856.0,1850.05,1856.0,28557
1725957600,1856.0,1858.8,1856.0,1856.55,21209
1725957900,1856.55,1858.0,1853.5,1855.0,21565
1725958200,1855.0,1856.55,1853.05,1855.35,21987
1725958500,1855.75,1857.4,1853.55,1855.65,21261
1725958800,1855.65,1856.2,1852.5,1855.75,23017
1725959100,1855.7,1857.9,1854.0,1857.9,29870
1725959400,1857.9,1858.7,1855.95,1856.9,32273
1725959700,1856.9,1862.1,1856.65,1858.85,38420
1725960000,1858.85,1864.75,1858.05,1864.75,45465
1725960300,1864.75,1865.65,1858.0,1859.05,37976
1725960600,1858.25,1859.05,1851.6,1853.7,69672
1725960900,1853.7,1853.75,1848.85,1851.35,67726
1725961200,1851.35,1853.6,1850.0,1851.0,60133
1725961500,1851.0,1854.6,1850.15,1854.45,70466
1725961800,1854.4,1857.35,1853.45,1856.1,70954
1725962100,1856.1,1857.5,1851.3,1855.0,44457
1726026300,1845.1,1857.85,1844.55,1852.25,27403
1726026600,1852.25,1855.9,1847.6,1849.0,8973
1726026900,1849.0,1853.4,1847.45,1853.1,9926
1726027200,1853.4,1858.4,1851.0,1856.75,14992
1726027500,1856.75,1867.65,1855.0,1867.0,10873
1726027800,1867.0,1868.35,1860.25,1861.5,12949
1726028100,1861.35,1862.75,1857.1,1859.65,8858
1726028400,1859.35,1864.8,1859.35,1862.45,14190
1726028700,1862.4,1864.65,1860.6,1864.0,4255
1726029000,1864.05,1865.0,1861.25,1863.1,5179
1726029300,1863.1,1864.0,1856.7,1857.85,12622
1726029600,1857.65,1860.0,1857.5,1859.3,3049
1726029900,1859.35,1860.75,1856.95,1856.95,4125
1726030200,1856.05,1860.2,1856.0,1860.2,9914
1726030500,1859.3,1862.0,1856.0,1862.0,6502
1726030800,1862.1,1862.1,1858.5,1859.95,6189
1726031100,1860.0,1863.0,1858.35,1861.55,10833
1726031400,1861.55,1864.85,1861.55,1862.1,4335
1726031700,1861.6,1861.85,1859.0,1859.7,3011
1726032000,1859.8,1860.7,1858.55,1859.1,2516
1726032300,1859.05,1860.45,1856.7,1858.0,1587
1726032600,1858.7,1861.0,1858.55,1861.0,3258
1726032900,1861.0,1862.85,1859.85,1861.15,7035
1726033200,1861.8,1862.0,1858.35,1860.3,3282
1726033500,1860.3,1861.05,1857.1,1858.15,2158
1726033800,1858.15,1858.85,1856.2,1856.8,5603
1726034100,1856.75,1858.0,1856.4,1857.7,1519
1726034400,1857.7,1857.75,1855.4,1856.0,3374
1726034700,1855.7,1859.1,1853.3,1858.9,7624
1726035000,1859.3,1863.5,1858.9,1862.55,12587
1726035300,1861.95,1865.0,1861.35,1865.0,6824
1726035600,1864.35,1865.4,1863.35,1864.7,4971
1726035900,1863.95,1866.45,1863.7,1866.3,5199
1726036200,1866.25,1871.05,1866.2,1868.55,8906
1726036500,1868.55,1870.95,1867.85,1868.95,6769
1726036800,1868.5,1868.95,1866.0,1867.4,4778
1726037100,1867.4,1867.4,1864.3,1865.1,3917
1726037400,1865.55,1868.3,1865.05,1867.4,3087
1726037700,1867.4,1870.65,1866.55,1869.95,3455
1726038000,1869.45,1870.0,1868.05,1868.05,2406
1726038300,1868.1,1868.95,1864.8,1865.7,8565
1726038600,1865.65,1867.55,1865.65,1866.3,1585
1726038900,1866.3,1867.0,1865.5,1866.75,4431
1726039200,1866.15,1866.5,1864.35,1865.15,1755
1726039500,1864.35,1866.1,1864.05,1864.1,2021
1726039800,1864.1,1864.55,1861.6,1863.2,4506
1726040100,1863.2,1863.2,1861.55,1862.65,1138
1726040400,1862.65,1863.2,1861.6,1862.3,1328
1726040700,1862.3,1862.3,1860.65,1861.25,1246
1726041000,1861.25,1862.5,1860.35,1861.5,2398
1726041300,1861.95,1862.25,1858.6,1859.55,3041
1726041600,1859.55,1861.5,1858.25,1858.8,5413
1726041900,1858.45,1861.0,1858.05,1860.25,2555
1726042200,1860.25,1861.0,1857.6,1858.35,2614
1726042500,1858.35,1859.0,1856.0,1859.0,3853
1726042800,1859.0,1860.5,1858.85,1858.9,9769
1726043100,1859.6,1859.6,1856.25,1856.9,1778
1726043400,1856.25,1856.55,1852.55,1853.2,5191
1726043700,1853.2,1854.6,1851.25,1852.55,4372
1726044000,1852.55,1853.0,1850.3,1851.0,4177
1726044300,1851.0,1852.3,1850.25,1850.65,3763
1726044600,1850.65,1853.55,1850.5,1852.5,4556
1726044900,1853.0,1853.4,1851.1,1852.2,2770
1726045200,1852.2,1853.65,1851.25,1852.2,3729
1726045500,1851.5,1853.0,1850.4,1851.5,3814
1726045800,1851.5,1852.5,1850.55,1850.55,3131
1726046100,1851.35,1851.35,1848.2,1850.1,4325
1726046400,1850.05,1850.05,1846.1,1847.25,6224
1726046700,1847.4,1848.2,1846.15,1846.9,5511
1726047000,1846.15,1856.7,1846.15,1852.3,37574
1726047300,1852.3,1859.75,1852.25,1858.45,37247
1726047600,1858.3,1859.9,1856.75,1857.7,33532
1726047900,1857.7,1863.9,1856.7,1860.45,50387
1726048200,1860.0,1865.3,1859.6,1861.25,38112
1726048500,1861.1,1864.95,1855.55,1855.55,44639
1726112700,1863.0,1867.9,1854.2,1863.85,18593
1726113000,1862.2,1866.55,1859.4,1865.7,4898
1726113300,1866.85,1870.4,1861.9,1863.5,7669
1726113600,1864.45,1865.55,1860.45,1862.2,4369
1726113900,1862.2,1865.3,1860.0,1861.95,4955
1726114200,1861.95,1865.0,1861.95,1863.55,862
1726114500,1863.55,1869.6,1863.1,1867.5,4446
1726114800,1867.0,1867.3,1861.35,1861.35,4174
1726115100,1861.35,1866.75,1860.0,1860.0,7563
1726115400,1860.8,1865.0,1859.0,1865.0,3336
1726115700,1863.85,1867.3,1862.7,1864.45,4552
1726116000,1864.45,1865.45,1861.1,1862.7,1806
1726116300,1862.7,1865.0,1859.0,1859.4,3618
1726116600,1860.0,1861.0,1854.3,1854.75,5217
1726116900,1854.75,1855.55,1852.5,1854.3,3339
1726117200,1854.3,1855.65,1851.0,1855.1,6256
1726117500,1855.15,1862.25,1855.15,1862.0,5354
1726117800,1862.0,1863.9,1859.45,1859.9,5809
1726118100,1859.9,1860.5,1855.8,1856.1,5606
1726118400,1856.1,1860.1,1855.0,1856.35,4803
1726118700,1855.3,1857.6,1855.0,1856.7,4230
1726119000,1857.6,1857.85,1855.0,1855.45,5401
1726119300,1855.4,1856.65,1854.0,1855.35,4225
1726119600,1855.35,1856.95,1854.1,1854.8,3905
1726119900,1854.15,1855.65,1853.25,1855.1,8218
1726120200,1855.7,1859.5,1855.0,1855.0,9508
1726120500,1855.2,1855.75,1849.5,1850.65,13272
1726120800,1850.65,1854.5,1849.5,1853.55,4408
1726121100,1853.55,1860.0,1853.45,1856.65,4872
1726121400,1856.65,1858.75,1856.15,1857.25,2857
1726121700,1857.2,1858.75,1852.0,1852.1,4302
1726122000,1852.4,1855.05,1852.4,1853.8,3927
1726122300,1853.8,1853.8,1851.7,1853.25,3525
1726122600,1852.75,1854.1,1852.0,1852.05,3518
1726122900,1852.1,1856.0,1851.0,1855.7,6129
1726123200,1856.6,1858.0,1855.15,1857.15,3367
1726123500,1857.45,1857.45,1854.4,1855.8,3697
1726123800,1855.8,1855.9,1852.5,1852.5,7021
1726124100,1852.4,1855.75,1852.15,1854.45,4107
1726124400,1854.65,1854.95,1850.05,1852.55,5018
1726124700,1852.55,1856.9,1851.85,1856.5,3952
1726125000,1856.05,1858.0,1854.5,1856.6,6737
1726125300,1856.15,1856.15,1852.05,1853.3,6222
1726125600,1853.25,1855.2,1851.25,1851.9,6349
1726125900,1851.9,1852.9,1851.0,1852.15,4464
1726126200,1851.35,1854.55,1851.25,1853.6,3619
1726126500,1853.6,1856.0,1852.4,1854.3,6728
1726126800,1854.3,1855.65,1852.2,1853.35,5507
1726127100,1853.35,1855.4,1852.05,1854.2,4908
1726127400,1854.25,1855.0,1852.95,1854.25,3204
1726127700,1854.25,1855.5,1851.5,1851.5,3199
1726128000,1851.4,1852.85,1847.3,1848.65,16816
1726128300,1848.65,1851.35,1848.0,1850.45,3541
1726128600,1849.9,1851.85,1848.5,1849.4,4823
1726128900,1848.9,1851.85,1848.4,1849.75,6645
1726129200,1849.3,1849.6,1840.6,1842.0,36232
1726129500,1841.5,1847.0,1841.5,1845.25,15381
1726129800,1845.8,1865.0,1844.35,1864.8,75226
1726130100,1864.95,1873.0,1864.65,1872.2,47154
1726130400,1873.0,1874.7,1870.8,1870.9,16626
1726130700,1870.85,1874.9,1868.8,1871.45,18691
1726131000,1872.15,1873.7,1868.1,1869.45,14510
1726131300,1868.55,1871.65,1866.4,1871.65,9957
1726131600,1871.65,1872.85,1868.75,1870.75,7950
1726131900,1869.8,1872.2,1869.45,1871.6,6698
1726132200,1871.6,1872.45,1864.85,1864.85,24165
1726132500,1864.85,1866.6,1863.0,1863.85,60998
1726132800,1863.85,1866.1,1863.0,1864.0,65352
1726133100,1863.85,1877.45,1863.0,1876.9,49833
1726133400,1876.45,1878.4,1873.0,1876.0,89634
1726133700,1875.95,1879.7,1873.85,1878.05,61939
1726134000,1878.15,1880.0,1876.15,1878.2,68516
1726134300,1878.8,1879.15,1873.2,1875.4,75013
1726134600,1874.9,1876.2,1871.2,1872.8,57700
1726134900,1872.9,1873.5,1865.05,1867.0,25798
1726199100,1869.0,1871.7,1860.15,1868.1,16116
1726199400,1867.8,1871.75,1866.2,1870.2,5480
1726199700,1870.2,1871.55,1864.25,1864.25,5470
1726200000,1864.2,1864.85,1860.5,1861.6,9059
1726200300,1861.25,1863.7,1857.5,1858.2,11892
1726200600,1858.2,1860.0,1856.65,1859.1,8237
1726200900,1859.75,1862.9,1858.8,1861.3,4007
1726201200,1861.3,1861.3,1857.0,1857.0,3588
1726201500,1857.75,1858.55,1853.4,1854.55,11525
1726201800,1853.55,1855.85,1853.55,1855.7,3106
1726202100,1855.3,1855.75,1851.65,1853.0,11813
1726202400,1853.0,1854.0,1851.35,1852.0,9558
1726202700,1852.15,1855.65,1851.6,1855.05,46116
1726203000,1855.0,1861.65,1855.0,1857.05,18351
1726203300,1857.05,1858.85,1854.5,1857.5,28541
1726203600,1857.35,1858.15,1855.0,1855.9,18977
1726203900,1855.8,1857.1,1855.0,1856.8,12139
1726204200,1856.0,1859.25,1855.0,1856.0,12139
1726204500,1856.0,1856.35,1853.0,1853.45,5891
1726204800,1854.65,1859.0,1853.7,1859.0,5771
1726205100,1858.2,1860.2,1858.2,1860.15,6340
1726205400,1860.15,1860.15,1855.6,1857.7,1995
1726205700,1856.8,1857.75,1855.0,1856.85,2364
1726206000,1856.95,1859.0,1856.7,1857.5,2668
1726206300,1858.15,1858.2,1855.9,1857.5,1508
1726206600,1857.5,1857.65,1853.85,1854.9,4814
1726206900,1855.65,1855.65,1853.0,1853.95,2518
1726207200,1854.75,1855.25,1853.0,1853.65,2557
1726207500,1853.65,1854.55,1853.0,1853.8,1376
1726207800,1853.8,1854.95,1850.35,1851.85,18953
1726208100,1852.35,1852.4,1850.05,1850.1,4476
1726208400,1850.15,1851.7,1850.05,1850.4,3531
1726208700,1850.4,1852.1,1850.05,1851.7,6690
1726209000,1850.95,1851.35,1845.2,1847.05,17949
1726209300,1847.15,1848.25,1846.8,1847.45,2619
1726209600,1847.8,1848.9,1846.9,1847.95,4698
1726209900,1847.95,1852.75,1847.7,1849.95,10257
1726210200,1849.95,1851.35,1848.75,1850.35,4407
1726210500,1850.35,1851.6,1846.9,1846.9,11438
1726210800,1846.7,1850.0,1846.55,1849.1,4947
1726211100,1849.1,1850.0,1848.05,1849.8,3768
1726211400,1849.8,1850.25,1849.0,1849.65,4211
1726211700,1849.65,1849.85,1848.2,1849.2,2373
1726212000,1849.3,1852.8,1849.05,1851.85,8352
1726212300,1851.75,1852.7,1850.2,1850.2,3011
1726212600,1850.65,1851.1,1849.75,1850.85,2311
1726212900,1850.85,1851.0,1850.0,1850.35,1156
1726213200,1850.35,1850.35,1848.0,1848.8,5618
1726213500,1848.9,1849.0,1845.1,1845.85,14830
1726213800,1845.85,1846.45,1842.6,1843.9,21467
1726214100,1843.8,1849.25,1843.8,1847.85,14243
1726214400,1848.05,1849.45,1847.65,1849.05,8460
1726214700,1849.0,1849.35,1848.05,1848.2,6216
1726215000,1848.2,1849.6,1848.05,1848.1,7498
1726215300,1848.95,1852.25,1847.75,1851.15,12289
1726215600,1851.25,1853.0,1850.4,1852.0,7567
1726215900,1852.35,1852.95,1849.4,1850.15,12702
1726216200,1850.15,1850.15,1848.25,1849.15,3247
1726216500,1849.8,1849.8,1848.05,1849.7,2612
1726216800,1849.55,1851.55,1848.7,1849.8,4581
1726217100,1849.8,1851.75,1849.5,1850.1,4140
1726217400,1850.35,1850.75,1849.4,1850.1,2111
1726217700,1850.2,1851.05,1849.95,1850.55,3103
1726218000,1850.55,1851.0,1850.0,1850.75,2796
1726218300,1850.75,1852.7,1850.0,1851.6,3579
1726218600,1852.25,1853.0,1851.5,1852.85,5120
1726218900,1852.85,1854.25,1851.9,1853.5,11329
1726219200,1853.95,1854.25,1851.35,1851.5,4590
1726219500,1851.5,1852.1,1849.6,1850.25,10092
1726219800,1850.25,1850.25,1846.05,1847.0,39375
1726220100,1846.9,1850.75,1844.2,1848.6,61667
1726220400,1847.85,1849.05,1846.6,1847.9,29858
1726220700,1847.9,1849.3,1845.75,1846.0,50771
1726221000,1846.35,1847.95,1841.75,1841.75,97062
1726221300,1841.75,1848.0,1841.75,1845.0,50098
1726458300,1851.0,1864.8,1836.85,1847.3,68196
1726458600,1847.3,1847.3,1841.0,1842.1,29055
1726458900,1842.05,1842.5,1837.25,1839.95,20483
1726459200,1839.95,1839.95,1835.6,1836.3,23141
1726459500,1836.65,1837.7,1831.0,1832.3,33507
1726459800,1832.85,1836.45,1828.2,1834.95,53126
1726460100,1834.55,1841.95,1834.35,1836.85,28397
1726460400,1836.85,1838.35,1831.45,1831.5,23609
1726460700,1831.55,1836.45,1830.35,1835.2,15330
1726461000,1836.3,1837.7,1834.1,1834.4,13391
1726461300,1834.85,1837.5,1833.2,1836.75,18487
1726461600,1836.75,1837.5,1831.8,1832.0,15152
1726461900,1832.0,1833.85,1830.0,1830.6,17325
1726462200,1830.6,1838.15,1830.05,1835.95,23531
1726462500,1835.95,1836.7,1834.15,1836.6,15907
1726462800,1836.6,1836.6,1832.3,1832.3,13628
1726463100,1832.3,1833.8,1832.1,1832.1,13083
1726463400,1831.3,1836.75,1831.3,1833.6,24001
1726463700,1833.6,1833.6,1829.45,1829.8,21300
1726464000,1829.8,1831.5,1828.45,1830.6,16172
1726464300,1831.05,1831.45,1829.5,1830.05,15216
1726464600,1830.1,1830.15,1826.45,1827.1,28373
1726464900,1827.15,1827.15,1822.6,1823.55,22352
1726465200,1823.55,1823.65,1821.0,1823.45,14553
1726465500,1823.5,1825.0,1822.05,1822.6,27084
1726465800,1822.6,1823.5,1821.35,1821.55,16828
1726466100,1821.5,1822.45,1820.1,1820.5,16043
1726466400,1820.5,1822.45,1818.1,1819.6,33663
1726466700,1819.6,1822.65,1819.6,1821.95,29396
1726467000,1821.95,1822.5,1820.0,1821.55,14167
1726467300,1821.5,1823.95,1820.05,1823.85,15729
1726467600,1823.25,1825.0,1823.0,1823.1,33784
1726467900,1822.9,1823.05,1820.15,1821.45,17192
1726468200,1821.45,1821.75,1819.5,1820.1,12350
1726468500,1820.1,1820.2,1819.0,1819.15,11059
1726468800,1819.15,1819.8,1819.05,1819.35,8902
1726469100,1819.35,1819.9,1817.8,1818.4,13410
1726469400,1818.0,1820.35,1816.1,1820.0,19729
1726469700,1819.7,1821.0,1818.75,1819.8,11506
1726470000,1819.8,1820.0,1818.1,1819.85,13027
1726470300,1819.3,1820.0,1818.1,1819.0,9033
1726470600,1819.15,1821.6,1818.1,1820.9,12348
1726470900,1820.95,1822.0,1819.35,1821.35,13756
1726471200,1820.6,1821.3,1818.9,1819.05,14998
1726471500,1819.05,1819.75,1818.0,1818.65,12661
1726471800,1818.7,1821.2,1818.55,1820.5,9873
1726472100,1820.75,1820.75,1818.05,1819.85,11517
1726472400,1819.7,1822.25,1818.35,1819.35,17418
1726472700,1819.0,1819.6,1818.0,1819.4,8078
1726473000,1819.4,1821.3,1819.0,1819.55,16675
1726473300,1819.55,1821.55,1819.5,1820.0,15270
1726473600,1820.1,1820.35,1819.0,1820.0,10022
1726473900,1819.6,1821.3,1819.0,1820.8,21853
1726474200,1820.85,1822.0,1820.35,1822.0,18456
1726474500,1821.85,1824.5,1821.85,1823.35,17751
1726474800,1823.95,1823.95,1821.4,1821.6,11945
1726475100,1821.75,1821.75,1820.0,1821.0,14983
1726475400,1821.05,1821.05,1819.0,1819.4,10590
1726475700,1819.45,1821.0,1818.65,1820.4,18009
1726476000,1820.65,1820.85,1818.25,1818.25,13027
1726476300,1818.3,1819.25,1816.2,1817.6,16303
1726476600,1817.6,1820.0,1817.0,1818.55,10769
1726476900,1818.55,1819.1,1818.0,1818.6,10531
1726477200,1818.45,1821.0,1818.0,1819.5,19496
1726477500,1819.5,1819.95,1817.95,1819.5,13398
1726477800,1819.65,1819.9,1818.25,1819.35,9079
1726478100,1818.85,1821.0,1818.75,1820.0,32039
1726478400,1819.95,1821.0,1818.7,1820.25,30711
1726478700,1820.3,1823.45,1820.0,1822.0,26260
1726479000,1822.05,1823.0,1820.0,1820.0,33636
1726479300,1820.05,1820.9,1820.0,1820.3,33574
1726479600,1820.0,1821.55,1820.0,1821.45,50556
1726479900,1821.25,1822.55,1820.25,1822.25,43977
1726480200,1822.25,1823.5,1821.75,1821.75,46272
1726480500,1821.75,1823.0,1818.25,1823.0,60521
1726544700,1823.5,1830.0,1814.1,1820.0,31269
1726545000,1820.55,1821.8,1816.4,1820.6,11545
1726545300,1821.05,1821.65,1817.7,1820.0,7212
1726545600,1819.7,1825.0,1818.0,1824.15,4171
1726545900,1824.4,1832.0,1822.0,1831.85,12975
1726546200,1831.65,1838.2,1830.5,1837.75,26198
1726546500,1837.75,1844.3,1837.75,1839.35,36457
1726546800,1839.2,1840.9,1830.0,1832.0,21955
1726547100,1831.5,1831.75,1826.2,1827.1,13816
1726547400,1827.8,1830.7,1827.1,1830.7,3050
1726547700,1830.55,1832.7,1828.5,1829.6,6093
1726548000,1829.2,1829.8,1825.3,1826.05,4942
1726548300,1826.15,1828.1,1824.1,1824.5,3916
1726548600,1825.2,1825.2,1822.2,1824.4,6002
1726548900,1824.4,1824.4,1821.25,1822.0,6808
1726549200,1822.4,1825.75,1822.0,1824.7,2111
1726549500,1824.7,1825.7,1823.9,1825.25,1443
1726549800,1824.65,1829.8,1824.65,1829.0,5661
1726550100,1829.0,1831.2,1827.0,1831.0,8958
1726550400,1830.85,1831.4,1829.0,1829.15,3963
1726550700,1829.15,1830.65,1829.0,1830.55,2242
1726551000,1830.55,1831.8,1830.2,1831.4,1250
1726551300,1831.4,1834.0,1829.05,1830.0,6405
1726551600,1829.2,1831.9,1829.2,1831.9,2854
1726551900,1831.9,1833.0,1831.1,1833.0,1834
1726552200,1833.0,1834.75,1833.0,1833.65,3530
1726552500,1833.65,1833.65,1830.15,1830.15,3184
1726552800,1831.0,1832.0,1830.2,1832.0,864
1726553100,1832.25,1833.15,1829.0,1830.0,4307
1726553400,1830.0,1831.25,1828.9,1829.1,1678
1726553700,1829.85,1829.95,1828.8,1829.95,545
1726554000,1829.95,1831.0,1827.9,1827.9,1382
1726554300,1827.75,1828.75,1825.55,1828.25,2224
1726554600,1829.0,1831.15,1828.9,1831.15,1522
1726554900,1831.1,1831.7,1830.2,1831.15,3116
1726555200,1831.2,1831.75,1829.05,1829.7,3778
1726555500,1829.7,1831.0,1829.05,1831.0,1699
1726555800,1831.0,1831.5,1827.4,1828.0,7323
1726556100,1828.0,1829.15,1827.0,1828.75,6367
1726556400,1828.75,1829.7,1827.9,1828.35,2771
1726556700,1828.25,1828.5,1823.75,1824.5,10789
1726557000,1824.5,1825.05,1824.45,1825.0,3247
1726557300,1825.0,1825.0,1823.0,1823.85,4829
1726557600,1823.8,1825.0,1823.0,1825.0,2623
1726557900,1825.0,1825.55,1817.9,1817.9,40748
1726558200,1818.25,1820.45,1818.25,1819.5,14676
1726558500,1819.5,1820.2,1818.75,1819.5,20037
1726558800,1819.5,1821.0,1818.85,1819.75,12611
1726559100,1819.75,1820.0,1819.1,1819.6,2396
1726559400,1819.6,1820.85,1818.15,1820.0,33443
1726559700,1819.6,1820.55,1818.85,1819.95,4715
1726560000,1819.9,1820.0,1818.45,1818.8,13515
1726560300,1819.6,1820.3,1818.8,1819.55,8207
1726560600,1819.55,1820.45,1817.2,1819.7,8318
1726560900,1819.65,1820.0,1816.5,1817.7,13311
1726561200,1817.95,1820.95,1816.85,1818.1,25538
1726561500,1818.1,1818.75,1817.1,1818.4,5147
1726561800,1818.4,1818.75,1817.2,1818.0,6682
1726562100,1818.2,1818.2,1811.05,1812.0,36154
1726562400,1811.7,1814.8,1811.65,1813.1,6125
1726562700,1813.25,1813.5,1810.0,1810.0,7761
1726563000,1810.45,1815.5,1808.45,1814.25,31975
1726563300,1814.25,1816.0,1810.6,1813.6,12449
1726563600,1813.75,1817.9,1813.15,1817.3,8736
1726563900,1817.8,1818.75,1813.8,1814.95,7812
1726564200,1815.35,1816.95,1814.0,1814.25,5721
1726564500,1814.7,1815.8,1812.6,1815.8,7166
1726564800,1815.8,1817.2,1814.55,1816.6,5089
1726565100,1817.2,1818.7,1816.05,1818.2,9951
1726565400,1818.2,1818.2,1814.1,1814.75,36433
1726565700,1815.7,1818.85,1812.3,1817.9,34829
1726566000,1817.9,1820.05,1816.25,1818.95,38384
1726566300,1819.45,1825.0,1818.3,1824.65,47664
1726566600,1823.4,1826.75,1821.3,1823.4,28564
1726566900,1823.4,1826.0,1821.4,1823.25,11773
1726631100,1818.2,1827.75,1815.05,1826.1,18950
1726631400,1826.1,1831.5,1823.75,1826.25,5151
1726631700,1826.25,1828.8,1825.05,1827.5,6388
1726632000,1827.4,1828.65,1825.6,1827.9,6140
1726632300,1827.9,1831.95,1827.2,1829.2,7283
1726632600,1828.55,1831.95,1827.8,1829.5,7322
1726632900,1828.55,1830.75,1828.05,1829.0,4334
1726633200,1829.8,1843.0,1829.8,1838.35,47670
1726633500,1838.2,1841.95,1838.0,1841.1,9020
1726633800,1841.05,1842.2,1838.4,1841.45,13122
1726634100,1840.6,1841.2,1836.05,1837.75,4833
1726634400,1837.8,1840.25,1837.7,1840.25,4216
1726634700,1840.25,1841.5,1840.0,1840.6,5328
1726635000,1840.55,1841.75,1837.75,1838.5,14596
1726635300,1837.8,1838.6,1835.25,1836.0,9829
1726635600,1836.55,1840.0,1835.4,1839.95,5046
1726635900,1840.0,1841.95,1839.0,1841.45,4164
1726636200,1841.4,1846.55,1841.05,1846.55,10512
1726636500,1846.55,1847.85,1844.35,1846.25,12143
1726636800,1846.25,1847.95,1845.3,1846.1,5440
1726637100,1846.0,1846.4,1843.55,1844.4,4510
1726637400,1844.4,1845.55,1843.75,1844.65,2302
1726637700,1844.65,1847.15,1844.3,1845.55,5119
1726638000,1845.55,1848.95,1844.0,1847.25,16988
1726638300,1847.25,1847.25,1845.5,1845.5,2824
1726638600,1845.5,1847.0,1844.0,1844.0,3200
1726638900,1844.0,1844.75,1840.6,1842.55,6231
1726639200,1842.55,1844.95,1842.5,1842.5,2537
1726639500,1842.55,1845.0,1841.95,1844.95,7443
1726639800,1844.95,1847.45,1844.55,1846.15,8014
1726640100,1846.15,1848.45,1846.15,1847.9,5640
1726640400,1847.9,1848.5,1846.6,1847.15,11707
1726640700,1847.6,1847.9,1846.5,1847.4,6154
1726641000,1847.0,1847.4,1844.6,1846.5,8464
1726641300,1846.5,1848.5,1846.15,1847.7,2708
1726641600,1847.7,1847.95,1846.0,1846.1,2704
1726641900,1845.7,1848.2,1843.5,1846.75,4896
1726642200,1846.75,1847.85,1846.15,1846.95,5613
1726642500,1846.95,1847.9,1844.45,1844.45,2851
1726642800,1844.9,1844.9,1843.6,1844.45,1968
1726643100,1844.45,1847.5,1843.85,1846.6,2653
1726643400,1846.6,1848.7,1845.95,1845.95,5440
1726643700,1846.55,1846.95,1844.9,1844.9,5746
1726644000,1844.2,1845.3,1842.05,1844.3,11802
1726644300,1844.3,1846.0,1843.05,1843.45,1535
1726644600,1843.4,1843.65,1837.0,1837.75,12511
1726644900,1837.5,1840.0,1837.2,1839.5,5055
1726645200,1839.5,1839.95,1837.35,1838.0,1621
1726645500,1838.0,1838.35,1834.5,1837.0,10593
1726645800,1837.2,1839.3,1836.45,1838.5,3167
1726646100,1838.5,1839.9,1835.75,1836.05,3560
1726646400,1836.15,1840.0,1835.6,1838.8,7425
1726646700,1838.7,1838.7,1829.2,1830.3,10232
1726647000,1830.3,1837.45,1829.6,1836.4,6296
1726647300,1836.4,1838.95,1835.5,1836.65,7051
1726647600,1836.65,1839.9,1836.65,1838.35,5340
1726647900,1838.35,1840.0,1837.8,1838.7,2368
1726648200,1838.7,1839.0,1834.6,1836.2,3520
1726648500,1836.2,1837.0,1834.05,1834.55,2606
1726648800,1834.9,1836.0,1834.3,1835.95,3338
1726649100,1835.95,1836.55,1834.2,1835.95,2509
1726649400,1835.95,1838.6,1835.95,1838.6,1489
1726649700,1838.35,1838.4,1835.8,1835.95,2059
1726650000,1836.65,1837.6,1836.0,1837.15,2286
1726650300,1837.15,1837.15,1834.2,1835.8,2396
1726650600,1836.3,1837.6,1835.0,1836.5,4025
1726650900,1836.6,1839.05,1836.4,1837.0,5886
1726651200,1837.4,1838.5,1837.0,1838.3,1479
1726651500,1838.3,1840.0,1838.1,1839.85,3225
1726651800,1840.0,1844.7,1840.0,1844.7,12560
1726652100,1844.75,1846.65,1842.7,1843.45,9479
1726652400,1843.5,1844.0,1841.05,1842.15,11791
1726652700,1842.15,1843.65,1841.05,1842.7,13680
1726653000,1842.7,1843.5,1841.15,1841.15,12638
1726653300,1841.5,1843.0,1840.0,1843.0,7887
1726717500,1850.0,1854.4,1843.5,1853.35,27676
1726717800,1853.35,1856.9,1852.4,1853.95,15689
1726718100,1853.45,1855.0,1851.75,1852.0,9642
1726718400,1851.8,1852.7,1849.25,1850.0,3405
1726718700,1850.0,1854.95,1849.0,1854.55,6667
1726719000,1854.55,1858.85,1852.65,1858.85,12463
1726719300,1858.6,1859.95,1853.5,1854.7,11221
1726719600,1854.7,1857.3,1851.25,1854.1,8490
1726719900,1854.5,1858.2,1853.6,1856.3,5546
1726720200,1855.8,1860.0,1855.65,1858.55,5630
1726720500,1858.0,1859.5,1854.3,1858.35,5792
1726720800,1858.05,1859.45,1853.45,1854.55,5511
1726721100,1854.95,1856.7,1854.0,1854.8,4439
1726721400,1854.8,1859.0,1854.75,1857.25,7021
1726721700,1857.25,1857.5,1848.35,1848.75,15906
1726722000,1848.6,1852.05,1848.05,1849.2,18533
1726722300,1849.25,1850.2,1843.7,1845.0,7927
1726722600,1844.4,1846.1,1843.05,1844.6,5960
1726722900,1844.1,1846.55,1843.45,1845.2,6721
1726723200,1845.2,1849.0,1844.0,1848.65,5458
1726723500,1848.1,1849.95,1847.0,1849.8,3224
1726723800,1849.5,1849.6,1846.85,1847.0,2779
1726724100,1846.9,1847.95,1846.6,1847.4,2475
1726724400,1847.55,1848.1,1845.3,1846.7,6260
1726724700,1847.6,1848.85,1844.2,1845.8,3528
1726725000,1845.9,1845.9,1840.35,1843.9,6032
1726725300,1843.9,1847.15,1842.0,1842.25,5269
1726725600,1841.45,1843.95,1840.7,1842.8,3224
1726725900,1842.8,1844.85,1841.4,1843.2,2476
1726726200,1843.0,1845.45,1838.55,1843.2,11067
1726726500,1843.5,1844.8,1841.0,1842.6,2383
1726726800,1843.05,1845.25,1842.05,1842.95,3867
1726727100,1843.05,1844.75,1833.85,1835.35,13479
1726727400,1834.85,1843.85,1833.55,1843.85,6444
1726727700,1843.1,1844.3,1841.05,1842.6,3709
1726728000,1842.6,1844.8,1838.9,1838.9,3808
1726728300,1839.45,1841.05,1836.2,1836.75,10297
1726728600,1836.45,1841.4,1836.0,1841.4,4502
1726728900,1841.45,1841.8,1836.25,1836.6,3689
1726729200,1837.15,1837.75,1830.85,1831.3,5472
1726729500,1831.85,1838.1,1831.4,1837.65,7217
1726729800,1837.65,1838.55,1834.85,1836.85,7087
1726730100,1836.85,1836.85,1834.7,1835.95,3633
1726730400,1835.5,1835.5,1831.0,1831.35,17941
1726730700,1831.4,1833.7,1831.1,1831.15,3146
1726731000,1831.2,1831.8,1829.35,1829.55,5128
1726731300,1829.3,1831.45,1829.0,1829.7,8936
1726731600,1829.6,1831.75,1829.5,1829.7,6646
1726731900,1829.7,1832.25,1828.2,1828.65,6855
1726732200,1830.35,1834.0,1829.4,1832.8,4030
1726732500,1832.55,1834.8,1829.3,1834.75,9507
1726732800,1834.2,1837.25,1833.6,1836.15,6454
1726733100,1835.8,1836.05,1832.4,1832.4,3292
1726733400,1832.4,1833.8,1831.75,1833.1,2839
1726733700,1833.1,1835.3,1832.65,1833.05,4809
1726734000,1833.05,1836.4,1833.0,1835.65,3987
1726734300,1835.6,1836.05,1834.95,1835.1,4028
1726734600,1835.35,1836.85,1834.9,1836.0,3427
1726734900,1835.95,1837.15,1835.05,1836.35,3795
1726735200,1836.35,1837.9,1835.4,1835.4,3912
1726735500,1835.4,1836.45,1834.9,1836.0,3354
1726735800,1835.45,1838.7,1834.15,1836.95,7974
1726736100,1836.75,1837.8,1835.45,1836.25,5284
1726736400,1836.2,1837.7,1835.3,1835.9,6900
1726736700,1836.0,1837.3,1835.5,1835.95,4470
1726737000,1835.75,1837.0,1834.9,1837.0,7803
1726737300,1837.1,1837.1,1834.25,1835.85,8689
1726737600,1836.0,1838.5,1835.1,1837.8,11675
1726737900,1837.9,1841.85,1837.8,1840.5,36308
1726738200,1840.6,1841.85,1835.5,1837.6,62369
1726738500,1837.6,1845.05,1837.15,1843.95,42409
1726738800,1844.85,1845.3,1841.45,1844.0,44679
1726739100,1843.7,1845.1,1838.95,1841.2,40017
1726739400,1841.1,1844.7,1837.5,1841.25,57080
1726739700,1841.15,1849.0,1838.1,1846.1,26670
1726803900,1850.0,1855.0,1846.1,1852.05,22179
1726804200,1852.05,1855.8,1849.35,1851.2,13808
1726804500,1851.2,1851.35,1848.05,1850.05,9415
1726804800,1850.05,1851.05,1846.05,1849.25,8468
1726805100,1849.25,1852.55,1848.7,1848.7,8753
1726805400,1849.2,1855.65,1849.05,1855.4,15977
1726805700,1855.15,1864.5,1854.95,1858.85,54462
1726806000,1859.05,1861.85,1853.85,1857.7,37685
1726806300,1857.7,1860.0,1854.2,1856.95,14933
1726806600,1857.25,1857.95,1854.45,1857.1,14488
1726806900,1856.9,1861.0,1856.15,1858.7,11852
1726807200,1858.7,1860.0,1856.9,1859.1,7357
1726807500,1859.1,1860.55,1855.7,1856.3,7962
1726807800,1856.3,1857.1,1854.0,1855.6,9118
1726808100,1855.6,1855.8,1849.95,1853.8,15045
1726808400,1853.5,1853.75,1850.35,1853.0,7551
1726808700,1852.85,1854.35,1851.25,1853.15,7991
1726809000,1852.9,1853.0,1850.0,1851.8,6628
1726809300,1851.1,1852.65,1847.85,1848.5,10280
1726809600,1848.15,1850.2,1846.35,1847.65,8230
1726809900,1847.65,1852.65,1847.65,1850.95,15442
1726810200,1850.95,1851.3,1845.0,1847.0,12029
1726810500,1847.65,1852.0,1847.3,1851.8,7031
1726810800,1851.8,1853.0,1849.5,1851.95,5614
1726811100,1851.95,1855.55,1851.95,1853.6,14068
1726811400,1853.6,1855.0,1850.15,1852.0,3560
1726811700,1852.0,1853.2,1848.5,1850.6,8872
1726812000,1850.6,1855.0,1849.95,1854.25,9792
1726812300,1854.25,1854.25,1849.45,1851.2,4668
1726812600,1851.55,1853.95,1851.3,1851.7,4380
1726812900,1851.15,1856.0,1851.15,1854.1,12116
1726813200,1854.1,1856.0,1853.0,1855.1,4521
1726813500,1854.35,1857.85,1853.5,1857.7,5235
1726813800,1857.7,1858.9,1856.3,1856.95,34920
1726814100,1857.2,1858.25,1855.5,1855.5,2681
1726814400,1855.5,1859.45,1855.5,1859.45,3668
1726814700,1858.9,1860.0,1858.3,1858.95,13733
1726815000,1858.8,1859.0,1857.85,1857.85,4420
1726815300,1857.85,1859.0,1856.85,1859.0,1955
1726815600,1859.0,1859.7,1857.25,1858.95,2495
1726815900,1859.0,1860.05,1858.1,1859.7,9447
1726816200,1859.7,1864.0,1858.9,1862.6,13651
1726816500,1863.3,1864.95,1861.8,1864.05,14783
1726816800,1864.2,1869.0,1864.05,1866.95,14356
1726817100,1866.65,1867.85,1865.5,1867.0,5872
1726817400,1867.0,1867.0,1864.3,1864.95,10028
1726817700,1864.45,1865.15,1862.75,1863.65,5088
1726818000,1863.95,1866.0,1863.95,1865.3,3920
1726818300,1866.0,1866.05,1864.8,1865.95,8309
1726818600,1866.0,1870.0,1865.95,1868.5,24498
1726818900,1869.25,1872.0,1868.8,1870.0,9622
1726819200,1870.0,1870.8,1867.6,1869.5,9641
1726819500,1869.5,1872.75,1866.0,1867.4,21628
1726819800,1868.8,1868.8,1863.3,1865.8,7151
1726820100,1865.5,1866.95,1861.65,1862.6,6778
1726820400,1861.65,1864.3,1858.0,1862.85,8318
1726820700,1862.85,1870.55,1861.65,1870.55,8231
1726821000,1870.55,1872.25,1867.3,1869.55,10826
1726821300,1869.55,1876.7,1869.55,1876.0,11772
1726821600,1876.35,1882.15,1875.9,1879.95,27079
1726821900,1879.95,1881.4,1878.9,1880.6,31137
1726822200,1880.3,1880.9,1878.45,1880.05,12196
1726822500,1879.9,1881.8,1878.75,1880.0,44903
1726822800,1880.1,1881.55,1878.9,1881.1,34675
1726823100,1881.1,1884.0,1880.55,1882.8,24192
1726823400,1882.9,1882.95,1879.0,1879.6,27162
1726823700,1879.55,1885.0,1879.55,1884.55,35575
1726824000,1884.55,1884.6,1875.25,1878.9,34269
1726824300,1878.9,1878.9,1870.65,1875.1,27556
1726824600,1874.4,1876.9,1865.2,1867.2,96142
1726824900,1867.15,1872.2,1862.45,1862.5,100665
1726825200,1862.35,1870.95,1861.85,1870.2,106577
1726825500,1870.1,1871.75,1864.4,1870.95,79530
1726825800,1871.65,1877.65,1871.0,1876.25,106997
1726826100,1876.2,1881.95,1872.0,1872.55,56390
1727063100,1882.0,1895.9,1880.0,1891.0,38005
1727063400,1891.0,1891.0,1883.15,1886.35,11165
1727063700,1886.45,1893.1,1884.95,1891.7,11291
1727064000,1891.45,1896.0,1890.5,1891.0,10535
1727064300,1891.0,1892.0,1888.0,1891.85,3747
1727064600,1892.0,1893.45,1889.4,1893.25,3480
1727064900,1893.75,1894.0,1891.55,1893.0,2399
1727065200,1893.0,1893.8,1890.6,1892.4,6638
1727065500,1892.4,1894.05,1890.6,1892.85,6932
1727065800,1892.85,1899.3,1892.85,1898.75,16972
1727066100,1898.5,1899.8,1896.3,1897.35,13625
1727066400,1898.0,1900.95,1897.0,1897.85,23272
1727066700,1897.85,1899.55,1897.15,1899.55,7550
1727067000,1899.6,1900.0,1897.55,1898.3,15790
1727067300,1898.8,1900.4,1896.85,1900.0,9503
1727067600,1900.4,1901.95,1897.95,1900.0,7220
1727067900,1899.55,1900.7,1897.0,1898.1,7579
1727068200,1898.1,1898.35,1896.1,1896.4,12117
1727068500,1897.4,1897.75,1894.65,1896.4,5661
1727068800,1895.75,1898.85,1895.6,1897.25,3194
1727069100,1897.25,1899.25,1896.65,1897.2,3981
1727069400,1897.95,1899.0,1896.6,1899.0,2802
1727069700,1899.0,1899.0,1896.65,1897.8,1611
1727070000,1897.8,1900.8,1896.75,1900.55,15306
1727070300,1899.9,1901.1,1899.05,1899.25,4157
1727070600,1899.5,1901.0,1897.0,1899.45,9389
1727070900,1899.65,1901.6,1898.8,1899.5,26858
1727071200,1899.5,1901.0,1899.2,1899.55,12825
1727071500,1900.1,1900.1,1897.4,1898.05,5595
1727071800,1898.2,1900.0,1897.2,1898.8,1345
1727072100,1898.85,1900.25,1898.3,1900.0,7023
1727072400,1899.95,1900.25,1898.45,1899.1,3433
1727072700,1899.85,1901.9,1899.0,1901.9,9699
1727073000,1901.9,1903.75,1900.1,1901.1,6585
1727073300,1901.1,1901.75,1899.1,1900.1,3582
1727073600,1901.0,1903.0,1899.6,1902.95,8030
1727073900,1902.95,1902.95,1901.05,1902.0,6735
1727074200,1902.0,1902.0,1899.55,1900.45,3018
1727074500,1900.7,1901.0,1899.0,1900.0,7104
1727074800,1900.0,1901.0,1898.25,1899.95,3859
1727075100,1900.0,1900.6,1899.1,1900.0,4101
1727075400,1900.0,1901.0,1899.95,1901.0,17325
1727075700,1901.0,1901.7,1900.0,1901.55,3298
1727076000,1901.55,1901.7,1900.15,1901.5,2344
1727076300,1901.5,1901.7,1900.8,1901.4,2228
1727076600,1901.4,1901.7,1900.05,1900.7,1916
1727076900,1900.7,1901.25,1900.0,1900.55,2543
1727077200,1900.55,1901.25,1900.0,1900.55,2900
1727077500,1900.45,1902.0,1900.4,1901.85,7869
1727077800,1901.05,1909.8,1901.05,1908.0,28786
1727078100,1908.0,1909.0,1906.2,1907.95,4075
1727078400,1907.95,1908.1,1903.25,1904.95,19719
1727078700,1904.95,1906.85,1904.75,1905.75,5856
1727079000,1905.8,1906.2,1903.15,1904.7,4619
1727079300,1904.7,1905.5,1903.8,1904.6,8052
1727079600,1905.0,1905.75,1904.6,1905.2,5146
1727079900,1905.2,1908.9,1904.0,1906.0,14517
1727080200,1906.0,1906.5,1905.0,1905.95,4757
1727080500,1905.95,1906.75,1905.25,1905.95,9501
1727080800,1906.2,1908.4,1906.2,1908.35,3444
1727081100,1907.95,1911.1,1907.95,1909.85,11068
1727081400,1910.0,1912.85,1908.55,1912.65,10119
1727081700,1912.0,1912.95,1909.9,1910.0,4859
1727082000,1909.9,1913.0,1909.75,1911.7,7838
1727082300,1911.7,1913.1,1910.45,1913.1,8466
1727082600,1913.35,1920.0,1913.35,1918.65,18896
1727082900,1919.2,1920.0,1917.15,1917.25,16308
1727083200,1917.25,1919.75,1915.05,1918.7,20040
1727083500,1919.1,1925.0,1915.8,1924.1,130053
1727083800,1924.1,1924.4,1916.85,1921.0,73305
1727084100,1920.55,1921.0,1918.2,1920.0,22845
1727084400,1919.6,1920.7,1917.85,1919.0,24803
1727084700,1918.6,1920.85,1917.35,1920.3,61346
1727085000,1920.3,1921.05,1918.5,1921.05,44201
1727085300,1921.05,1922.0,1915.05,1920.0,55654
1727149500,1927.1,1927.95,1916.9,1921.1,59172
1727149800,1919.9,1921.1,1897.65,1899.3,49297
1727150100,1898.55,1906.35,1898.25,1904.55,22263
1727150400,1904.55,1905.5,1902.05,1902.65,18521
1727150700,1902.6,1902.6,1898.35,1899.3,36728
1727151000,1899.75,1904.05,1898.2,1902.25,34135
1727151300,1902.35,1913.25,1901.35,1912.7,96829
1727151600,1912.7,1912.95,1909.3,1910.15,12352
1727151900,1910.15,1911.75,1909.9,1910.0,11131
1727152200,1910.0,1911.9,1909.9,1910.2,12668
1727152500,1910.05,1911.95,1910.0,1910.0,9286
1727152800,1910.0,1910.1,1902.1,1902.65,13059
1727153100,1902.9,1904.15,1899.05,1900.05,12826
1727153400,1900.0,1902.3,1899.1,1900.95,13776
1727153700,1900.95,1903.75,1900.95,1903.1,8954
1727154000,1902.8,1907.3,1902.55,1905.65,14889
1727154300,1905.65,1906.0,1901.7,1901.95,6468
1727154600,1902.0,1906.8,1901.8,1905.45,18377
1727154900,1905.7,1909.75,1905.45,1907.6,8446
1727155200,1907.35,1907.85,1901.7,1902.3,6501
1727155500,1902.3,1902.35,1899.2,1899.2,15543
1727155800,1899.1,1901.45,1898.5,1899.85,9737
1727156100,1899.65,1901.65,1898.0,1898.25,8853
1727156400,1898.0,1899.25,1896.5,1898.35,20922
1727156700,1898.35,1899.0,1896.1,1897.7,8930
1727157000,1898.5,1901.65,1897.35,1901.2,2883
1727157300,1901.35,1902.6,1900.7,1901.75,3940
1727157600,1901.5,1902.0,1899.15,1900.2,17975
1727157900,1900.05,1904.75,1899.1,1901.2,6076
1727158200,1901.25,1902.2,1897.9,1898.35,15080
1727158500,1898.35,1899.1,1894.35,1895.15,12263
1727158800,1895.2,1896.75,1894.7,1896.5,6953
1727159100,1896.0,1896.55,1895.3,1895.95,2631
1727159400,1896.0,1896.5,1893.5,1895.0,5138
1727159700,1895.2,1895.3,1892.0,1893.0,10612
1727160000,1892.55,1893.6,1892.0,1892.95,8262
1727160300,1892.5,1896.35,1890.75,1895.5,17781
1727160600,1895.15,1895.55,1893.0,1895.1,18663
1727160900,1894.55,1894.95,1890.6,1892.55,13307
1727161200,1893.0,1894.55,1891.8,1894.0,8668
1727161500,1894.0,1894.15,1892.0,1893.2,9833
1727161800,1892.7,1896.2,1892.7,1896.05,23918
1727162100,1896.0,1897.7,1896.0,1896.5,12095
1727162400,1896.4,1896.5,1895.95,1896.4,10248
1727162700,1896.45,1896.45,1894.45,1895.45,13803
1727163000,1895.55,1896.5,1894.05,1895.05,15696
1727163300,1895.05,1895.05,1888.3,1889.15,19533
1727163600,1889.35,1893.7,1889.15,1892.7,12205
1727163900,1892.55,1893.0,1891.25,1892.85,7965
1727164200,1892.5,1892.95,1891.3,1892.25,9551
1727164500,1892.1,1892.65,1891.3,1892.0,6737
1727164800,1892.0,1893.8,1891.35,1891.5,10303
1727165100,1892.35,1892.35,1888.95,1889.25,13829
1727165400,1889.25,1890.6,1886.05,1888.65,15307
1727165700,1888.2,1888.85,1885.6,1888.35,16632
1727166000,1888.2,1889.9,1886.6,1886.7,12841
1727166300,1886.75,1887.85,1883.5,1883.5,29020
1727166600,1883.5,1886.05,1883.45,1884.55,25328
1727166900,1884.55,1884.55,1871.2,1871.5,126634
1727167200,1871.8,1871.8,1861.05,1862.15,121226
1727167500,1861.95,1870.45,1860.4,1863.55,76328
1727167800,1863.5,1865.75,1855.05,1855.05,81472
1727168100,1855.35,1861.0,1854.6,1856.55,51073
1727168400,1856.55,1865.3,1856.1,1865.3,62010
1727168700,1865.25,1868.15,1862.6,1866.25,37200
1727169000,1866.9,1868.3,1864.55,1867.4,41816
1727169300,1867.35,1867.85,1863.0,1864.75,105048
1727169600,1865.15,1883.85,1863.7,1875.25,154606
1727169900,1874.7,1878.85,1870.05,1871.15,45231
1727170200,1871.1,1872.7,1861.8,1862.95,205924
1727170500,1863.45,1864.95,1858.35,1860.35,161396
1727170800,1860.75,1863.65,1860.4,1861.85,111270
1727171100,1862.05,1868.7,1861.75,1867.85,119541
1727171400,1867.6,1867.75,1862.65,1863.9,97168
1727171700,1864.15,1869.8,1863.15,1866.7,65637
1727235900,1873.7,1875.0,1858.95,1860.8,35791
1727236200,1860.8,1865.6,1860.05,1862.0,22068
1727236500,1862.0,1863.3,1857.6,1859.0,32114
1727236800,1858.95,1861.95,1857.05,1857.25,20950
1727237100,1857.05,1864.0,1855.85,1861.95,24807
1727237400,1862.05,1862.95,1858.7,1859.25,12057
1727237700,1859.25,1862.0,1858.4,1861.8,10918
1727238000,1861.7,1868.0,1861.7,1867.2,33458
1727238300,1866.85,1866.85,1862.45,1862.75,8007
1727238600,1862.85,1863.9,1859.9,1861.95,13002
1727238900,1861.9,1863.0,1861.0,1861.85,6330
1727239200,1862.35,1862.35,1857.15,1859.05,23566
1727239500,1859.1,1862.5,1858.0,1860.8,27420
1727239800,1860.6,1861.05,1854.25,1854.25,11924
1727240100,1854.3,1855.1,1852.0,1854.4,24065
1727240400,1853.8,1854.3,1850.1,1853.25,17785
1727240700,1853.25,1853.9,1851.6,1852.5,18773
1727241000,1852.5,1852.5,1851.35,1851.6,13170
1727241300,1851.8,1852.0,1848.0,1848.05,20260
1727241600,1848.5,1849.7,1846.0,1847.75,13062
1727241900,1848.55,1848.55,1842.1,1843.95,26217
1727242200,1844.4,1850.9,1843.9,1846.0,28302
1727242500,1846.05,1849.7,1845.6,1845.6,14506
1727242800,1845.6,1847.35,1843.65,1845.6,18833
1727243100,1845.65,1849.75,1845.0,1846.4,19647
1727243400,1846.4,1847.45,1844.0,1844.1,12686
1727243700,1844.1,1846.65,1841.05,1846.0,25866
1727244000,1845.25,1848.0,1844.0,1844.55,31409
1727244300,1844.55,1845.75,1842.2,1842.2,4636
1727244600,1842.2,1845.85,1842.2,1845.35,10689
1727244900,1845.85,1848.75,1845.0,1847.7,10779
1727245200,1847.7,1849.05,1844.1,1844.1,7165
1727245500,1844.1,1847.0,1844.1,1845.9,9004
1727245800,1845.9,1852.75,1845.8,1851.4,15333
1727246100,1852.2,1854.05,1851.6,1853.45,14630
1727246400,1853.45,1853.6,1850.15,1852.85,18701
1727246700,1852.85,1855.0,1852.2,1854.4,21510
1727247000,1854.35,1857.0,1854.35,1856.65,16895
1727247300,1857.0,1862.45,1856.65,1861.35,38571
1727247600,1861.35,1861.95,1858.5,1859.65,18169
1727247900,1859.0,1859.55,1855.7,1857.8,17499
1727248200,1857.8,1861.4,1857.0,1860.95,4509
1727248500,1861.8,1861.8,1857.3,1857.3,16747
1727248800,1858.0,1858.85,1855.2,1855.25,12588
1727249100,1855.15,1858.05,1855.15,1857.65,6090
1727249400,1857.55,1859.3,1856.8,1858.85,9283
1727249700,1858.85,1861.8,1858.25,1859.8,16616
1727250000,1859.95,1860.0,1857.0,1857.9,7561
1727250300,1857.35,1863.0,1855.85,1862.55,21630
1727250600,1863.0,1863.0,1859.05,1859.75,8942
1727250900,1859.75,1860.0,1857.5,1858.75,24602
1727251200,1858.75,1858.75,1855.65,1856.9,5960
1727251500,1856.9,1857.05,1854.2,1856.15,15866
1727251800,1855.75,1856.15,1854.65,1855.35,7981
1727252100,1855.35,1858.75,1854.8,1855.6,10937
1727252400,1855.6,1855.65,1852.55,1853.25,4935
1727252700,1853.25,1854.7,1852.8,1854.3,13198
1727253000,1854.3,1855.95,1853.45,1854.55,15179
1727253300,1854.3,1855.7,1853.55,1854.3,10101
1727253600,1853.65,1855.95,1853.65,1855.0,9922
1727253900,1855.0,1856.0,1852.8,1854.0,23615
1727254200,1854.0,1855.0,1853.55,1853.95,3942
1727254500,1853.95,1853.95,1851.5,1853.0,12796
1727254800,1852.7,1856.0,1850.9,1855.05,11159
1727255100,1855.05,1857.7,1853.45,1856.95,41370
1727255400,1856.85,1856.85,1853.65,1855.5,8315
1727255700,1855.5,1856.0,1854.5,1854.95,10654
1727256000,1855.0,1856.7,1854.25,1856.7,16622
1727256300,1856.7,1856.7,1854.8,1855.95,15712
1727256600,1855.55,1861.0,1855.55,1861.0,73524
1727256900,1861.0,1866.25,1860.75,1866.25,57149
1727257200,1866.25,1867.7,1864.55,1865.05,34394
1727257500,1865.05,1868.35,1865.05,1867.75,30151
1727257800,1866.4,1869.0,1864.7,1868.45,44665
1727258100,1868.45,1875.0,1867.4,1871.0,17964
1727322300,1873.0,1893.95,1868.5,1893.05,103060
1727322600,1893.25,1899.0,1890.2,1892.8,99564
1727322900,1892.45,1894.1,1887.3,1888.85,40713
1727323200,1888.85,1888.85,1880.2,1882.7,41297
1727323500,1882.7,1889.55,1882.25,1886.45,19080
1727323800,1886.65,1891.6,1880.5,1880.5,24478
1727324100,1880.4,1890.0,1880.0,1889.55,26135
1727324400,1889.55,1889.55,1884.35,1887.2,10703
1727324700,1887.2,1890.0,1884.8,1885.4,9693
1727325000,1885.35,1887.75,1881.05,1882.0,17294
1727325300,1882.15,1885.0,1881.0,1885.0,8703
1727325600,1884.55,1888.0,1883.2,1887.05,17371
1727325900,1887.05,1889.5,1885.7,1888.7,6401
1727326200,1888.7,1890.6,1886.0,1888.85,19908
1727326500,1888.85,1890.0,1888.25,1889.5,6488
1727326800,1889.5,1891.45,1888.25,1891.3,5829
1727327100,1891.7,1892.5,1890.15,1892.5,19948
1727327400,1893.0,1897.0,1892.45,1893.7,22415
1727327700,1893.7,1893.85,1890.3,1891.6,9194
1727328000,1891.2,1892.4,1887.8,1888.4,5690
1727328300,1888.4,1890.7,1887.75,1890.7,5386
1727328600,1890.55,1890.7,1882.0,1884.4,18035
1727328900,1884.4,1887.35,1882.0,1886.6,7648
1727329200,1886.6,1890.7,1886.0,1889.2,10398
1727329500,1888.6,1890.0,1886.0,1886.45,2937
1727329800,1886.45,1888.5,1886.0,1886.5,4383
1727330100,1886.65,1887.7,1886.05,1887.6,2015
1727330400,1887.25,1889.25,1886.05,1889.1,14038
1727330700,1889.65,1890.0,1887.25,1887.7,4824
1727331000,1887.7,1889.9,1886.15,1889.2,6489
1727331300,1889.15,1896.05,1888.5,1894.95,12400
1727331600,1894.0,1898.6,1894.0,1897.75,15345
1727331900,1897.85,1898.8,1896.15,1897.0,8920
1727332200,1897.0,1898.65,1896.35,1897.65,8789
1727332500,1897.55,1898.55,1890.05,1891.05,19713
1727332800,1891.05,1892.2,1890.5,1891.8,6463
1727333100,1891.55,1891.9,1886.8,1887.6,7557
1727333400,1887.75,1890.0,1886.65,1888.8,7244
1727333700,1888.8,1889.05,1887.0,1887.95,4774
1727334000,1888.45,1888.75,1886.4,1887.45,3157
1727334300,1887.05,1888.1,1885.15,1886.1,6053
1727334600,1886.1,1887.75,1886.1,1886.4,5417
1727334900,1886.4,1887.7,1885.6,1886.45,5733
1727335200,1886.5,1886.7,1883.1,1884.2,6480
1727335500,1884.25,1884.5,1882.65,1883.5,6179
1727335800,1883.5,1884.3,1883.0,1883.15,4588
1727336100,1883.0,1883.9,1882.4,1883.75,4413
1727336400,1883.7,1883.7,1879.4,1882.65,13263
1727336700,1882.65,1883.5,1882.0,1882.95,4096
1727337000,1882.95,1883.4,1880.8,1881.85,3884
1727337300,1881.7,1882.45,1880.05,1881.4,4664
1727337600,1881.45,1881.6,1879.4,1880.8,4847
1727337900,1880.05,1882.15,1880.0,1881.1,16225
1727338200,1881.1,1882.35,1878.25,1879.15,10887
1727338500,1879.15,1880.45,1878.0,1878.15,17337
1727338800,1878.55,1879.5,1877.35,1879.05,6275
1727339100,1879.05,1881.05,1878.55,1880.95,7179
1727339400,1880.35,1881.3,1878.45,1880.2,6218
1727339700,1880.0,1880.7,1876.0,1880.45,15919
1727340000,1880.4,1881.85,1879.15,1881.8,15957
1727340300,1881.85,1881.85,1878.05,1878.95,12621
1727340600,1878.8,1882.55,1878.7,1879.5,14380
1727340900,1879.35,1884.3,1879.35,1884.0,14937
1727341200,1883.15,1889.8,1883.0,1889.7,24927
1727341500,1889.95,1894.45,1887.25,1892.3,40554
1727341800,1892.5,1898.85,1891.05,1895.65,37548
1727342100,1895.45,1898.85,1894.05,1897.05,35217
1727342400,1897.05,1898.4,1895.2,1896.95,21509
1727342700,1897.15,1899.7,1896.3,1899.0,44097
1727343000,1899.0,1902.05,1897.55,1899.15,82561
1727343300,1899.15,1901.2,1895.55,1896.45,66382
1727343600,1896.45,1899.9,1894.65,1898.0,43575
1727343900,1897.95,1899.0,1896.05,1898.35,48338
1727344200,1896.9,1899.0,1895.45,1898.05,30092
1727344500,1898.05,1899.0,1893.4,1898.7,29609
1727408700,1898.3,1900.85,1887.4,1893.05,15424
1727409000,1892.9,1895.7,1890.7,1890.9,4706
1727409300,1890.55,1892.75,1890.0,1892.1,10815
1727409600,1892.55,1898.95,1890.9,1898.4,6553
1727409900,1898.4,1899.15,1895.9,1896.95,10378
1727410200,1896.95,1899.0,1896.6,1898.75,6248
1727410500,1898.75,1902.95,1897.55,1899.3,13747
1727410800,1898.55,1901.35,1898.2,1900.25,4559
1727411100,1900.0,1901.6,1899.0,1900.85,3419
1727411400,1900.85,1902.0,1897.85,1898.4,5364
1727411700,1898.4,1899.65,1897.4,1899.55,4105
1727412000,1899.9,1899.9,1896.1,1896.25,2647
1727412300,1896.25,1897.25,1894.35,1895.0,5311
1727412600,1895.0,1895.05,1891.05,1892.0,6442
1727412900,1892.0,1893.4,1890.35,1892.85,4685
1727413200,1893.15,1895.2,1892.2,1894.15,5247
1727413500,1894.15,1899.0,1894.05,1897.35,7434
1727413800,1897.35,1897.8,1895.8,1897.45,1580
1727414100,1897.5,1898.25,1895.4,1898.1,4318
1727414400,1898.15,1899.0,1895.5,1895.5,6165
1727414700,1895.5,1900.95,1895.45,1900.0,18309
1727415000,1900.95,1906.0,1900.8,1905.3,7678
1727415300,1905.35,1913.0,1905.35,1911.9,13172
1727415600,1911.9,1912.75,1908.0,1912.45,23266
1727415900,1912.65,1912.85,1910.25,1911.4,13657
1727416200,1911.0,1912.15,1908.65,1911.25,17767
1727416500,1910.4,1912.95,1910.25,1912.65,9402
1727416800,1912.7,1912.95,1908.5,1909.5,10837
1727417100,1909.6,1910.65,1907.25,1908.8,6417
1727417400,1908.8,1909.0,1906.0,1907.0,14834
1727417700,1907.95,1908.7,1906.0,1906.25,5331
1727418000,1906.25,1909.0,1906.2,1907.0,14220
1727418300,1907.8,1907.9,1905.15,1906.75,7421
1727418600,1906.75,1909.65,1906.75,1909.0,4170
1727418900,1909.0,1910.95,1908.5,1910.0,5602
1727419200,1910.6,1910.95,1908.1,1908.5,6634
1727419500,1908.55,1910.0,1908.1,1909.4,5226
1727419800,1909.4,1910.55,1908.75,1910.0,4636
1727420100,1909.8,1910.85,1908.8,1908.8,5849
1727420400,1909.0,1909.0,1905.85,1906.5,10104
1727420700,1906.75,1906.85,1904.85,1905.3,2876
1727421000,1905.3,1906.45,1903.0,1903.0,7640
1727421300,1903.0,1903.6,1900.9,1900.9,9691
1727421600,1900.9,1901.65,1900.15,1901.0,8878
1727421900,1901.0,1901.55,1896.3,1899.8,7800
1727422200,1899.8,1902.1,1899.1,1901.0,6144
1727422500,1901.45,1901.6,1900.0,1900.0,4174
1727422800,1900.0,1901.35,1900.0,1901.35,11818
1727423100,1901.1,1905.0,1898.5,1904.6,10632
1727423400,1904.6,1906.65,1904.15,1905.3,8179
1727423700,1906.05,1906.5,1901.15,1903.1,16331
1727424000,1903.1,1903.1,1899.35,1900.45,226147
1727424300,1900.45,1903.0,1900.35,1901.4,8495
1727424600,1901.05,1903.0,1901.05,1902.95,5978
1727424900,1902.95,1903.0,1901.85,1902.9,14751
1727425200,1902.95,1906.6,1902.2,1906.25,18051
1727425500,1906.25,1908.45,1904.7,1907.6,9672
1727425800,1906.85,1908.9,1906.0,1907.7,8329
1727426100,1908.0,1908.55,1906.15,1906.5,7523
1727426400,1907.05,1907.05,1903.1,1904.45,6915
1727426700,1903.9,1905.5,1901.1,1903.45,9536
1727427000,1903.45,1903.75,1901.45,1903.15,8538
1727427300,1902.8,1903.7,1900.25,1901.55,10666
1727427600,1901.1,1902.55,1900.95,1900.95,4415
1727427900,1900.95,1903.25,1900.95,1902.25,4083
1727428200,1902.25,1903.35,1901.0,1902.95,3779
1727428500,1902.35,1904.3,1900.3,1903.45,10458
1727428800,1902.5,1903.95,1901.4,1902.05,4303
1727429100,1901.65,1902.05,1897.0,1897.6,12104
1727429400,1897.7,1897.85,1877.6,1878.75,168472
1727429700,1878.65,1879.9,1873.9,1875.65,160341
1727430000,1875.6,1885.6,1875.3,1883.9,144624
1727430300,1883.85,1890.15,1883.4,1884.4,152533
1727430600,1885.8,1890.15,1880.9,1887.15,162229
1727430900,1887.0,1896.55,1884.25,1893.0,88260
1727667900,1892.0,1893.6,1874.1,1885.1,33971
1727668200,1885.1,1887.0,1880.95,1881.85,12278
1727668500,1882.6,1890.95,1882.4,1890.95,12274
1727668800,1890.5,1890.5,1877.8,1880.0,11027
1727669100,1880.05,1885.75,1880.0,1883.6,8168
1727669400,1883.25,1883.55,1880.0,1881.35,5689
1727669700,1881.6,1886.85,1880.0,1885.3,12517
1727670000,1885.25,1886.5,1877.3,1878.55,18072
1727670300,1878.1,1883.3,1877.4,1879.75,5380
1727670600,1879.1,1879.35,1872.5,1876.2,15345
1727670900,1877.35,1881.7,1876.45,1879.85,5322
1727671200,1879.85,1881.95,1878.5,1881.75,4261
1727671500,1881.7,1882.8,1880.5,1881.75,5379
1727671800,1881.75,1881.85,1878.1,1878.75,12576
1727672100,1878.1,1880.0,1878.1,1879.5,13337
1727672400,1879.5,1879.5,1875.75,1878.1,18111
1727672700,1878.1,1880.0,1875.6,1878.8,9179
1727673000,1878.8,1880.0,1876.5,1879.05,12701
1727673300,1879.05,1879.1,1873.5,1874.55,14004
1727673600,1874.9,1877.0,1872.75,1872.75,10291
1727673900,1872.2,1872.95,1868.1,1869.5,19279
1727674200,1869.5,1870.9,1865.5,1865.9,46498
1727674500,1865.9,1869.95,1865.9,1868.25,11377
1727674800,1867.75,1870.2,1867.75,1870.1,6018
1727675100,1870.1,1874.35,1870.1,1874.0,5269
1727675400,1874.35,1875.55,1869.65,1874.5,23549
1727675700,1874.45,1875.0,1871.2,1871.2,15072
1727676000,1870.85,1871.15,1864.05,1865.95,91798
1727676300,1865.95,1865.95,1863.05,1863.45,6206
1727676600,1864.1,1864.35,1859.15,1859.8,9649
1727676900,1859.2,1864.8,1859.15,1864.55,5090
1727677200,1864.55,1866.6,1862.0,1862.95,5464
1727677500,1862.95,1863.05,1859.55,1862.8,6735
1727677800,1862.8,1864.35,1861.1,1862.95,4733
1727678100,1862.95,1864.1,1860.2,1861.55,5573
1727678400,1862.1,1862.2,1860.3,1860.3,3213
1727678700,1860.75,1863.3,1860.3,1862.0,4210
1727679000,1862.0,1864.95,1861.35,1862.95,7041
1727679300,1862.95,1864.25,1861.25,1861.5,3303
1727679600,1862.05,1862.75,1860.0,1861.55,4777
1727679900,1861.55,1865.4,1861.55,1863.6,9753
1727680200,1863.6,1865.0,1862.9,1863.65,4435
1727680500,1863.65,1865.9,1863.65,1864.0,7349
1727680800,1864.0,1864.45,1861.0,1861.0,6866
1727681100,1861.3,1863.55,1861.0,1862.9,5459
1727681400,1863.0,1864.05,1861.0,1862.05,6672
1727681700,1862.05,1862.55,1857.75,1858.9,9601
1727682000,1858.9,1861.0,1856.5,1860.55,12094
1727682300,1860.15,1862.4,1859.0,1859.4,14855
1727682600,1859.4,1859.8,1857.65,1859.6,6648
1727682900,1859.45,1862.0,1858.05,1858.9,7959
1727683200,1858.9,1861.4,1857.65,1861.4,11171
1727683500,1860.65,1861.8,1857.5,1857.5,3558
1727683800,1857.5,1861.35,1856.25,1859.8,25531
1727684100,1858.85,1859.4,1854.65,1855.35,9224
1727684400,1855.35,1855.4,1855.0,1855.15,3951
1727684700,1854.7,1854.9,1851.95,1853.5,8141
1727685000,1853.5,1855.0,1852.5,1852.95,5045
1727685300,1852.5,1854.05,1851.0,1851.4,11602
1727685600,1851.2,1851.55,1848.0,1848.7,9870
1727685900,1848.7,1848.8,1846.0,1847.75,10966
1727686200,1847.1,1847.8,1845.0,1846.4,11604
1727686500,1845.95,1848.15,1844.8,1847.2,11778
1727686800,1847.2,1848.8,1845.05,1845.25,14300
1727687100,1845.25,1848.55,1845.0,1846.1,14187
1727687400,1845.55,1848.1,1844.0,1844.8,14633
1727687700,1844.8,1852.15,1844.05,1851.3,29732
1727688000,1851.3,1853.65,1849.25,1853.05,12583
1727688300,1853.1,1854.4,1851.45,1853.0,13959
1727688600,1852.55,1853.0,1845.4,1847.95,85231
1727688900,1847.6,1849.65,1845.5,1849.0,71430
1727689200,1848.95,1849.0,1841.55,1841.95,176339
1727689500,1841.95,1843.7,1840.0,1842.15,100115
1727689800,1842.1,1843.25,1839.1,1839.7,129808
1727690100,1839.6,1846.65,1838.25,1845.0,71908
1727754300,1840.2,1852.0,1836.55,1850.0,35222
1727754600,1850.0,1850.0,1840.0,1844.55,28242
1727754900,1844.55,1850.0,1841.75,1843.95,28551
1727755200,1844.05,1848.5,1840.45,1848.45,13992
1727755500,1847.85,1852.55,1846.3,1852.55,37375
1727755800,1852.7,1859.3,1849.65,1849.85,36416
1727756100,1849.75,1850.0,1846.55,1850.0,15239
1727756400,1850.0,1850.85,1847.5,1848.05,11963
1727756700,1847.4,1850.4,1846.35,1849.25,12836
1727757000,1849.4,1850.15,1846.85,1846.85,4573
1727757300,1846.85,1849.15,1846.1,1848.55,9991
1727757600,1848.55,1848.85,1845.55,1846.5,4668
1727757900,1846.5,1848.85,1844.5,1845.1,5806
1727758200,1845.1,1847.75,1843.6,1847.25,4698
1727758500,1847.25,1847.3,1845.8,1846.95,1875
1727758800,1846.95,1850.0,1846.8,1848.85,6541
1727759100,1848.2,1851.95,1847.4,1850.9,9303
1727759400,1850.9,1850.9,1848.0,1848.0,3399
1727759700,1848.0,1848.6,1845.55,1846.15,7204
1727760000,1846.15,1846.15,1841.5,1841.7,3265
1727760300,1841.7,1843.95,1841.55,1842.05,5483
1727760600,1842.05,1842.85,1839.4,1840.05,3765
1727760900,1840.05,1843.75,1838.45,1843.65,15938
1727761200,1843.4,1843.75,1837.75,1839.75,6716
1727761500,1839.75,1839.75,1836.5,1836.75,6122
1727761800,1837.25,1844.1,1837.1,1838.55,10272
1727762100,1838.65,1839.0,1836.55,1836.55,9962
1727762400,1836.2,1837.25,1834.55,1836.95,5367
1727762700,1836.25,1837.3,1831.55,1833.5,7049
1727763000,1833.35,1837.35,1833.35,1833.4,4710
1727763300,1833.95,1835.4,1831.45,1832.6,9102
1727763600,1832.0,1833.3,1830.05,1832.9,3908
1727763900,1832.9,1837.45,1831.7,1836.95,6535
1727764200,1836.45,1837.0,1834.25,1835.75,6179
1727764500,1835.25,1837.15,1834.7,1836.55,5303
1727764800,1836.55,1838.9,1835.35,1836.05,9651
1727765100,1836.05,1836.55,1833.2,1833.3,3765
1727765400,1833.3,1835.75,1831.0,1835.6,3679
1727765700,1835.0,1836.0,1833.35,1834.0,3245
1727766000,1834.85,1835.05,1832.0,1834.15,3148
1727766300,1834.15,1834.7,1832.7,1833.95,3154
1727766600,1833.95,1833.95,1831.4,1832.25,3655
1727766900,1832.25,1832.25,1830.0,1831.6,7657
1727767200,1831.25,1831.6,1830.0,1830.0,4838
1727767500,1830.0,1830.45,1826.1,1827.55,9275
1727767800,1827.55,1827.65,1824.3,1824.55,9066
1727768100,1824.55,1828.3,1824.35,1828.3,4625
1727768400,1828.35,1829.7,1827.8,1829.7,4801
1727768700,1829.7,1830.75,1828.1,1830.25,4928
1727769000,1830.25,1833.7,1829.75,1832.05,4793
1727769300,1832.2,1836.5,1832.2,1836.3,6925
1727769600,1836.5,1837.65,1832.15,1832.9,6808
1727769900,1832.5,1834.35,1832.5,1832.8,5156
1727770200,1833.0,1838.0,1833.0,1836.3,7564
1727770500,1835.55,1838.0,1835.5,1837.65,3883
1727770800,1837.65,1839.3,1834.1,1834.1,7540
1727771100,1834.1,1842.0,1833.6,1840.35,20728
1727771400,1839.6,1844.7,1839.6,1843.85,5778
1727771700,1843.8,1843.85,1838.35,1838.7,6560
1727772000,1838.7,1840.5,1837.45,1839.95,6240
1727772300,1839.7,1840.5,1837.0,1837.6,6228
1727772600,1837.6,1838.05,1830.85,1832.5,13953
1727772900,1832.65,1833.5,1831.05,1833.5,11628
1727773200,1834.0,1842.8,1833.3,1841.45,8314
1727773500,1840.65,1842.0,1838.45,1841.7,18215
1727773800,1841.55,1843.0,1840.25,1841.05,5681
1727774100,1841.05,1842.5,1839.35,1839.55,5300
1727774400,1839.55,1840.0,1833.15,1833.75,11000
1727774700,1835.1,1837.55,1833.25,1835.1,20113
1727775000,1835.85,1835.85,1830.45,1832.1,62192
1727775300,1832.1,1835.1,1830.05,1834.7,44422
1727775600,1834.3,1836.45,1830.1,1834.1,42649
1727775900,1834.45,1836.5,1832.75,1836.0,34779
1727776200,1835.95,1839.75,1834.65,1837.25,28892
1727776500,1837.25,1841.9,1835.7,1837.5,27092
1727927100,1807.0,1845.2,1807.0,1819.25,81690
1727927400,1819.25,1819.6,1813.35,1815.5,26341
1727927700,1815.05,1822.05,1813.85,1820.4,24036
1727928000,1820.25,1824.95,1818.5,1823.75,9220
1727928300,1823.55,1826.7,1820.35,1822.85,60286
1727928600,1822.85,1827.9,1821.6,1825.25,8046
1727928900,1825.25,1830.0,1824.05,1828.65,11974
1727929200,1828.3,1831.0,1821.0,1823.25,8722
1727929500,1823.25,1823.85,1818.05,1818.75,7146
1727929800,1818.75,1820.9,1816.6,1817.9,9505
1727930100,1817.9,1819.75,1813.45,1815.25,10953
1727930400,1814.9,1816.0,1810.05,1811.1,12478
1727930700,1811.1,1814.35,1809.95,1812.9,9041
1727931000,1812.9,1815.85,1810.0,1815.85,55363
1727931300,1815.85,1818.0,1811.35,1811.95,10553
1727931600,1811.9,1814.7,1810.85,1811.55,6215
1727931900,1811.55,1813.65,1809.0,1811.7,26726
1727932200,1811.65,1813.35,1808.35,1810.4,16407
1727932500,1810.4,1814.0,1809.0,1813.4,7928
1727932800,1812.85,1814.95,1807.4,1808.25,8713
1727933100,1808.25,1812.4,1803.1,1803.95,13326
1727933400,1804.05,1808.0,1804.05,1804.9,10775
1727933700,1804.9,1811.0,1804.65,1809.55,9064
1727934000,1809.35,1810.55,1807.05,1809.1,6435
1727934300,1809.7,1810.45,1805.8,1806.9,7794
1727934600,1807.65,1810.0,1803.2,1804.9,20134
1727934900,1805.25,1808.05,1804.6,1805.75,12882
1727935200,1805.7,1809.55,1804.45,1805.25,16370
1727935500,1805.25,1809.85,1804.95,1807.7,10816
1727935800,1807.7,1809.5,1804.5,1805.7,11072
1727936100,1805.7,1809.0,1805.15,1807.0,5761
1727936400,1807.5,1811.8,1806.7,1810.75,7403
1727936700,1810.9,1815.45,1810.9,1812.75,5550
1727937000,1812.75,1813.75,1811.15,1811.75,3559
1727937300,1811.95,1814.65,1811.1,1814.65,3478
1727937600,1814.75,1814.95,1812.0,1813.6,3359
1727937900,1813.6,1817.65,1812.75,1815.95,10832
1727938200,1815.95,1815.95,1812.0,1813.95,8672
1727938500,1813.8,1815.45,1812.6,1813.45,11067
1727938800,1812.6,1815.55,1812.0,1813.8,7730
1727939100,1814.6,1818.45,1814.6,1817.1,11572
1727939400,1817.2,1817.7,1815.2,1816.1,4162
1727939700,1816.1,1816.4,1814.05,1814.45,3195
1727940000,1815.0,1816.9,1814.1,1815.05,5179
1727940300,1815.05,1816.05,1812.5,1812.5,5178
1727940600,1812.9,1814.85,1812.5,1814.85,8380
1727940900,1814.4,1814.65,1809.3,1809.9,22411
1727941200,1809.65,1811.3,1805.4,1807.7,35087
1727941500,1807.75,1807.95,1805.25,1806.1,10503
1727941800,1806.1,1807.45,1803.6,1805.85,12206
1727942100,1806.4,1807.2,1805.0,1806.55,6825
1727942400,1806.55,1807.95,1803.5,1805.0,14527
1727942700,1805.0,1805.7,1798.9,1803.4,14969
1727943000,1803.4,1804.1,1802.1,1803.35,6154
1727943300,1803.35,1803.7,1800.1,1803.25,6894
1727943600,1803.25,1804.15,1801.0,1802.55,4945
1727943900,1802.55,1807.15,1800.25,1802.45,9637
1727944200,1802.25,1804.15,1800.0,1801.45,10020
1727944500,1801.45,1804.8,1800.1,1804.6,9055
1727944800,1804.6,1805.0,1801.3,1804.95,6496
1727945100,1804.95,1805.85,1803.75,1804.7,6891
1727945400,1804.7,1805.3,1801.0,1801.55,16777
1727945700,1801.55,1802.0,1797.7,1800.35,26074
1727946000,1800.35,1803.55,1795.05,1797.95,44844
1727946300,1797.95,1802.45,1796.85,1802.3,12355
1727946600,1802.25,1803.75,1800.95,1802.7,19785
1727946900,1802.7,1804.8,1801.0,1803.3,15143
1727947200,1803.85,1806.55,1802.95,1805.05,21000
1727947500,1804.95,1805.9,1800.2,1801.95,20907
1727947800,1801.4,1805.75,1796.05,1803.95,68394
1727948100,1804.7,1806.35,1803.0,1804.45,43086
1727948400,1804.6,1807.5,1803.05,1805.15,63766
1727948700,1805.25,1809.6,1805.2,1809.15,77353
1727949000,1809.15,1810.65,1807.85,1809.05,45793
1727949300,1809.0,1813.6,1808.3,1809.0,20462
1728013500,1805.55,1817.25,1804.05,1807.05,29391
1728013800,1806.3,1820.9,1803.1,1816.05,25846
1728014100,1816.85,1824.5,1815.85,1821.55,27670
1728014400,1820.65,1829.95,1814.0,1828.95,47599
1728014700,1828.45,1835.9,1825.15,1827.95,85240
1728015000,1827.95,1833.1,1823.05,1829.6,57825
1728015300,1829.05,1844.0,1828.85,1842.15,106994
1728015600,1842.9,1850.0,1841.15,1843.0,82118
1728015900,1843.9,1848.85,1835.05,1840.65,60243
1728016200,1839.9,1840.7,1829.0,1829.0,57553
1728016500,1829.0,1833.55,1825.1,1830.85,56452
1728016800,1830.8,1833.95,1827.5,1828.3,22571
1728017100,1828.25,1830.0,1826.1,1829.0,14387
1728017400,1829.0,1829.0,1824.5,1828.9,12926
1728017700,1828.9,1829.85,1825.65,1826.6,7698
1728018000,1826.6,1826.6,1821.15,1825.0,16631
1728018300,1824.95,1824.95,1818.1,1818.5,29025
1728018600,1818.5,1819.8,1817.0,1818.95,17158
1728018900,1818.95,1820.25,1816.05,1816.5,8129
1728019200,1817.1,1819.8,1816.5,1817.75,10296
1728019500,1817.75,1819.9,1816.45,1817.4,6205
1728019800,1817.4,1818.0,1814.1,1815.8,7420
1728020100,1815.8,1815.8,1812.55,1813.35,9898
1728020400,1813.35,1816.5,1813.05,1815.5,11959
1728020700,1815.5,1815.9,1812.5,1813.15,7051
1728021000,1813.1,1815.25,1812.5,1813.75,8264
1728021300,1813.75,1814.5,1812.9,1813.45,8206
1728021600,1814.05,1816.75,1814.05,1815.5,6943
1728021900,1815.5,1817.0,1814.5,1816.9,8630
1728022200,1816.9,1818.55,1815.75,1818.55,4923
1728022500,1818.55,1819.6,1816.75,1817.4,4167
1728022800,1817.35,1821.0,1817.35,1820.1,25727
1728023100,1820.0,1822.0,1819.0,1820.6,22901
1728023400,1820.8,1821.4,1819.1,1821.2,7615
1728023700,1820.45,1820.6,1819.0,1819.1,2880
1728024000,1819.1,1823.0,1818.3,1822.35,12115
1728024300,1822.05,1823.0,1820.0,1820.45,6175
1728024600,1820.25,1821.6,1820.0,1820.6,4994
1728024900,1820.6,1822.0,1818.65,1820.0,8219
1728025200,1819.8,1820.0,1818.0,1819.1,7985
1728025500,1820.0,1820.0,1815.75,1817.7,5429
1728025800,1817.45,1818.25,1812.25,1814.0,9955
1728026100,1814.0,1817.5,1813.65,1815.85,4738
1728026400,1816.3,1816.45,1813.25,1815.35,7446
1728026700,1815.2,1815.2,1810.05,1810.8,9098
1728027000,1810.45,1810.45,1806.0,1808.55,9747
1728027300,1808.0,1811.0,1807.05,1810.95,5764
1728027600,1810.95,1810.95,1808.05,1809.95,6752
1728027900,1809.95,1810.4,1807.0,1807.45,6389
1728028200,1807.4,1809.0,1799.05,1800.95,44416
1728028500,1801.05,1803.5,1796.85,1802.5,23017
1728028800,1802.95,1803.1,1794.7,1795.55,15283
1728029100,1795.55,1796.95,1789.9,1791.95,39542
1728029400,1791.95,1793.7,1788.5,1792.6,18547
1728029700,1792.6,1792.8,1787.9,1791.35,24032
1728030000,1791.35,1793.65,1788.1,1790.3,12408
1728030300,1789.55,1790.5,1788.1,1789.1,8979
1728030600,1788.65,1790.55,1786.5,1788.05,9244
1728030900,1788.05,1788.05,1782.55,1786.55,20117
1728031200,1786.05,1786.75,1783.6,1786.65,7492
1728031500,1786.65,1786.65,1783.1,1784.65,10035
1728031800,1784.4,1787.95,1783.6,1785.25,9931
1728032100,1785.25,1793.95,1784.5,1793.6,13294
1728032400,1793.6,1796.4,1792.6,1793.35,8567
1728032700,1793.35,1794.15,1790.0,1793.6,10330
1728033000,1794.1,1797.95,1793.2,1796.95,8332
1728033300,1797.4,1797.95,1794.55,1795.2,7737
1728033600,1795.2,1796.1,1794.5,1795.05,7005
1728033900,1795.05,1796.4,1793.65,1793.95,9531
1728034200,1794.15,1795.4,1787.3,1793.15,35326
1728034500,1793.15,1797.45,1791.5,1796.7,25949
1728034800,1796.3,1800.95,1796.05,1800.15,62080
1728035100,1800.15,1800.85,1799.35,1800.05,34429
1728035400,1800.05,1802.8,1800.0,1800.05,42609
1728035700,1800.05,1803.0,1800.0,1800.0,23039
1728272700,1800.0,1819.85,1794.25,1801.55,20985
1728273000,1801.55,1811.95,1798.6,1808.6,10540
1728273300,1808.6,1809.7,1806.75,1807.25,7548
1728273600,1807.2,1808.55,1802.7,1804.45,7897
1728273900,1804.3,1804.9,1799.8,1801.5,5442
1728274200,1801.5,1801.5,1795.0,1798.25,3952
1728274500,1798.45,1800.0,1793.2,1793.3,10697
1728274800,1793.0,1796.0,1790.8,1793.4,7600
1728275100,1793.4,1800.95,1792.0,1799.35,27402
1728275400,1798.85,1802.2,1796.0,1796.3,5113
1728275700,1796.8,1799.05,1793.55,1798.0,5102
1728276000,1798.0,1799.75,1794.7,1797.85,2419
1728276300,1796.8,1804.55,1796.8,1801.85,6940
1728276600,1800.95,1802.25,1798.5,1800.85,4107
1728276900,1800.85,1800.95,1798.15,1799.2,4673
1728277200,1799.45,1800.25,1795.75,1797.35,4072
1728277500,1797.35,1797.35,1792.3,1792.85,10375
1728277800,1792.9,1796.45,1788.95,1793.6,19688
1728278100,1793.6,1793.95,1787.8,1789.4,10290
1728278400,1789.25,1792.25,1786.2,1790.35,10945
1728278700,1790.35,1790.65,1786.0,1787.4,5590
1728279000,1787.4,1787.7,1784.05,1785.0,4938
1728279300,1784.95,1790.5,1780.9,1790.15,6626
1728279600,1789.7,1791.3,1785.75,1790.05,3810
1728279900,1789.25,1795.95,1789.25,1792.3,4443
1728280200,1790.8,1794.45,1788.45,1790.55,4645
1728280500,1790.55,1798.0,1789.9,1797.25,6312
1728280800,1797.6,1799.6,1792.0,1794.75,6153
1728281100,1794.75,1795.35,1791.0,1793.75,4425
1728281400,1793.75,1797.1,1792.05,1794.05,6638
1728281700,1793.95,1797.25,1792.3,1792.3,6140
1728282000,1792.3,1794.55,1789.0,1789.05,8933
1728282300,1789.6,1791.7,1787.65,1788.35,3986
1728282600,1788.35,1789.7,1785.05,1785.95,2743
1728282900,1785.9,1789.4,1784.5,1788.75,3583
1728283200,1788.75,1789.85,1787.3,1789.85,4960
1728283500,1789.55,1790.2,1785.05,1786.35,4695
1728283800,1785.4,1790.0,1784.9,1787.6,3796
1728284100,1787.6,1787.6,1783.75,1784.0,4537
1728284400,1784.0,1785.8,1781.1,1782.2,8190
1728284700,1782.2,1785.4,1781.5,1784.4,2093
1728285000,1784.4,1784.85,1781.1,1784.25,3733
1728285300,1784.2,1784.25,1779.45,1780.4,3718
1728285600,1779.8,1784.05,1779.1,1781.9,6134
1728285900,1781.9,1783.6,1781.2,1783.05,2659
1728286200,1783.05,1783.05,1776.05,1779.85,3616
1728286500,1779.7,1779.95,1777.45,1778.15,2606
1728286800,1778.15,1782.15,1777.15,1779.55,3855
1728287100,1779.65,1780.25,1777.1,1778.7,3548
1728287400,1778.7,1779.55,1777.1,1778.2,2833
1728287700,1778.2,1781.3,1777.4,1778.85,3957
1728288000,1778.85,1780.3,1777.0,1777.0,10393
1728288300,1777.0,1782.95,1777.0,1780.0,9029
1728288600,1779.1,1782.2,1776.0,1780.25,40542
1728288900,1780.25,1781.9,1776.45,1778.75,18355
1728289200,1778.75,1787.7,1778.75,1784.95,10131
1728289500,1784.95,1789.9,1783.8,1788.35,8034
1728289800,1788.3,1789.75,1784.45,1785.75,8352
1728290100,1785.65,1788.8,1784.8,1788.15,6516
1728290400,1788.2,1788.2,1782.6,1783.4,3508
1728290700,1782.6,1784.45,1782.0,1782.2,3722
1728291000,1782.2,1782.25,1778.0,1778.25,4565
1728291300,1779.2,1781.1,1778.25,1778.3,3856
1728291600,1778.3,1782.15,1777.8,1781.0,5826
1728291900,1781.85,1783.35,1780.5,1782.35,13556
1728292200,1782.05,1786.75,1782.05,1785.85,7514
1728292500,1785.85,1789.0,1783.35,1788.05,13551
1728292800,1788.05,1789.95,1787.0,1787.55,13041
1728293100,1787.55,1789.95,1785.35,1787.65,25568
1728293400,1787.65,1795.4,1787.35,1794.95,27019
1728293700,1795.0,1796.7,1787.55,1789.15,24224
1728294000,1789.25,1789.85,1784.75,1785.0,35342
1728294300,1784.45,1788.1,1782.75,1786.3,34629
1728294600,1786.95,1788.7,1785.2,1786.0,17437
1728294900,1786.0,1788.1,1785.05,1787.05,18519
1728359100,1785.0,1799.05,1785.0,1791.5,23995
1728359400,1792.35,1797.7,1780.95,1786.8,21954
1728359700,1787.4,1787.65,1774.0,1774.05,9460
1728360000,1774.95,1777.45,1767.35,1769.8,26496
1728360300,1769.2,1775.0,1765.8,1770.45,25408
1728360600,1770.45,1770.5,1762.65,1769.3,23630
1728360900,1769.25,1775.55,1767.15,1774.7,25626
1728361200,1774.7,1779.65,1774.7,1778.45,68182
1728361500,1778.45,1780.0,1766.0,1766.0,13865
1728361800,1766.0,1775.0,1763.0,1773.0,11578
1728362100,1772.2,1773.0,1765.25,1765.25,8393
1728362400,1764.75,1765.1,1759.2,1760.4,15311
1728362700,1760.4,1764.4,1759.3,1761.05,13982
1728363000,1760.8,1763.2,1758.25,1759.25,16735
1728363300,1758.55,1761.5,1755.1,1756.95,17663
1728363600,1756.75,1760.9,1755.0,1759.9,10095
1728363900,1759.9,1767.6,1758.6,1765.6,21593
1728364200,1766.4,1767.0,1764.35,1765.3,13458
1728364500,1765.0,1767.0,1765.0,1767.0,7875
1728364800,1766.95,1770.4,1766.7,1768.7,10077
1728365100,1768.75,1771.35,1768.05,1771.0,10219
1728365400,1771.05,1771.45,1765.0,1765.3,11063
1728365700,1765.3,1765.6,1763.0,1764.4,11630
1728366000,1763.75,1764.75,1758.2,1760.5,208027
1728366300,1760.3,1760.5,1756.5,1758.65,8524
1728366600,1758.65,1760.1,1756.1,1757.1,10985
1728366900,1757.1,1759.45,1755.65,1755.95,15262
1728367200,1756.35,1759.45,1755.3,1757.3,15131
1728367500,1757.05,1757.3,1755.0,1756.0,8902
1728367800,1756.0,1758.0,1754.6,1757.5,14442
1728368100,1758.0,1760.25,1755.0,1756.1,17627
1728368400,1755.4,1757.55,1752.0,1752.0,28439
1728368700,1752.0,1756.0,1751.85,1753.05,14351
1728369000,1753.05,1753.05,1748.9,1749.35,35878
1728369300,1749.9,1751.75,1746.8,1750.0,20155
1728369600,1750.0,1750.15,1745.4,1746.05,21040
1728369900,1746.05,1746.7,1741.95,1745.25,21188
1728370200,1745.2,1746.25,1742.35,1742.35,16015
1728370500,1743.4,1745.0,1740.85,1742.3,46996
1728370800,1742.45,1746.65,1740.6,1743.55,79566
1728371100,1743.55,1745.7,1738.85,1739.15,55597
1728371400,1739.25,1739.25,1734.35,1737.05,30550
1728371700,1736.4,1744.4,1735.45,1742.95,26136
1728372000,1742.65,1744.0,1739.3,1739.6,20083
1728372300,1739.85,1742.0,1739.05,1739.8,34383
1728372600,1739.8,1743.55,1738.4,1741.15,37364
1728372900,1741.15,1744.0,1739.6,1741.45,31580
1728373200,1741.45,1741.45,1735.45,1737.35,34234
1728373500,1737.3,1737.65,1734.15,1735.2,31133
1728373800,1735.45,1740.0,1734.35,1734.75,31965
1728374100,1734.75,1736.65,1733.25,1733.25,45828
1728374400,1733.8,1735.0,1730.8,1730.95,53520
1728374700,1730.75,1735.75,1729.1,1732.25,75001
1728375000,1732.45,1732.95,1726.65,1727.1,52530
1728375300,1727.1,1728.2,1723.85,1724.95,58471
1728375600,1724.35,1731.0,1723.55,1730.95,42279
1728375900,1729.9,1734.9,1728.7,1734.0,32734
1728376200,1734.0,1734.0,1729.0,1729.4,19726
1728376500,1729.4,1729.5,1727.15,1728.7,25453
1728376800,1728.5,1730.9,1728.0,1728.2,15068
1728377100,1728.2,1730.75,1725.85,1728.65,19331
1728377400,1728.65,1730.9,1727.35,1730.9,24988
1728377700,1730.9,1735.0,1730.0,1734.6,34043
1728378000,1734.6,1735.0,1727.5,1729.05,63580
1728378300,1728.55,1733.1,1727.25,1732.0,34700
1728378600,1732.05,1732.05,1727.35,1730.05,28226
1728378900,1730.15,1730.95,1727.0,1727.95,51299
1728379200,1727.2,1731.9,1727.2,1730.0,44861
1728379500,1730.05,1731.55,1729.1,1730.35,27753
1728379800,1730.05,1730.9,1726.2,1727.65,129595
1728380100,1727.7,1729.15,1726.3,1729.0,104142
1728380400,1729.2,1732.55,1727.35,1728.75,145237
1728380700,1728.8,1729.15,1727.65,1728.05,153275
1728381000,1728.0,1730.15,1725.2,1725.95,203342
1728381300,1725.95,1730.5,1725.95,1730.0,69268
1728445500,1748.05,1749.0,1733.05,1741.15,52604
1728445800,1741.5,1748.0,1740.5,1745.5,17574
1728446100,1745.9,1751.0,1740.8,1748.9,13264
1728446400,1749.4,1751.0,1745.55,1745.8,10483
1728446700,1746.35,1746.35,1739.65,1742.0,7082
1728447000,1742.0,1747.45,1741.5,1745.7,7837
1728447300,1745.65,1747.25,1738.8,1740.4,9767
1728447600,1739.5,1741.8,1738.8,1740.9,7226
1728447900,1740.9,1742.85,1739.0,1741.5,4272
1728448200,1741.45,1741.45,1736.5,1737.15,5740
1728448500,1737.15,1749.7,1737.15,1749.65,10817
1728448800,1749.65,1750.0,1745.05,1745.05,13988
1728449100,1745.8,1747.3,1740.0,1742.3,6848
1728449400,1742.3,1745.2,1741.6,1743.95,2572
1728449700,1743.7,1744.7,1740.0,1744.0,2751
1728450000,1744.25,1747.75,1743.55,1747.0,2940
1728450300,1746.45,1749.5,1746.05,1747.0,4714
1728450600,1747.0,1749.5,1745.85,1748.65,1725
1728450900,1748.65,1750.85,1747.75,1749.2,9447
1728451200,1749.2,1750.5,1747.85,1749.0,2422
1728451500,1749.0,1749.8,1747.0,1747.5,2084
1728451800,1747.5,1750.35,1746.25,1749.55,3215
1728452100,1749.65,1750.0,1748.5,1750.0,1737
1728452400,1750.0,1750.0,1748.0,1749.0,1952
1728452700,1749.0,1749.0,1747.25,1749.0,2851
1728453000,1749.0,1750.75,1748.05,1750.0,4230
1728453300,1750.0,1750.65,1747.0,1748.5,3356
1728453600,1748.5,1750.15,1748.0,1748.0,3324
1728453900,1748.75,1748.75,1746.0,1747.6,2092
1728454200,1747.6,1747.6,1743.95,1743.95,2369
1728454500,1743.95,1747.55,1743.95,1746.1,3237
1728454800,1746.1,1747.9,1746.0,1746.25,1737
1728455100,1746.25,1747.5,1745.15,1746.1,3661
1728455400,1745.45,1746.7,1742.1,1745.8,7969
1728455700,1745.65,1746.95,1743.55,1745.35,2981
1728456000,1745.35,1745.85,1744.65,1745.4,1062
1728456300,1745.4,1745.4,1744.2,1744.95,2492
1728456600,1744.95,1747.4,1744.4,1747.4,2076
1728456900,1747.4,1749.0,1746.7,1749.0,3251
1728457200,1749.0,1750.95,1748.05,1749.9,3778
1728457500,1750.0,1756.55,1749.4,1755.15,110787
1728457800,1755.3,1759.0,1754.6,1756.85,11642
1728458100,1757.0,1757.0,1753.0,1753.0,4823
1728458400,1753.0,1755.0,1753.0,1754.8,3371
1728458700,1754.95,1755.5,1753.75,1754.2,2838
1728459000,1754.2,1754.2,1751.3,1752.5,4176
1728459300,1753.0,1755.5,1751.35,1753.25,7192
1728459600,1752.9,1755.0,1752.0,1753.4,6120
1728459900,1753.45,1755.45,1752.7,1753.0,4289
1728460200,1753.35,1753.35,1750.0,1751.65,4976
1728460500,1751.65,1753.25,1750.5,1752.9,3515
1728460800,1752.9,1754.1,1751.55,1752.45,3731
1728461100,1752.45,1752.8,1748.5,1749.4,7239
1728461400,1748.5,1752.35,1748.5,1752.35,2561
1728461700,1752.45,1754.4,1751.6,1753.05,5551
1728462000,1752.9,1753.1,1750.95,1750.95,892
1728462300,1750.95,1754.45,1750.45,1754.35,2961
1728462600,1754.35,1755.45,1753.1,1755.0,2661
1728462900,1755.0,1755.0,1751.1,1751.85,7196
1728463200,1751.95,1753.4,1750.0,1752.95,6550
1728463500,1752.95,1752.95,1745.65,1745.95,63771
1728463800,1745.95,1749.1,1745.0,1746.7,8866
1728464100,1746.6,1748.65,1741.05,1742.65,12471
1728464400,1743.9,1748.6,1742.5,1745.85,8283
1728464700,1746.25,1749.65,1744.8,1748.5,6369
1728465000,1748.5,1749.35,1744.2,1745.9,9484
1728465300,1745.9,1746.9,1743.55,1746.3,8391
1728465600,1746.1,1746.1,1742.0,1744.4,10458
1728465900,1744.4,1744.8,1741.8,1741.9,13234
1728466200,1742.7,1742.7,1735.25,1737.05,19831
1728466500,1736.5,1736.6,1733.7,1735.3,16209
1728466800,1735.4,1736.0,1733.25,1735.4,18528
1728467100,1735.9,1738.85,1734.2,1737.65,17454
1728467400,1737.6,1741.4,1736.55,1741.0,21119
1728467700,1741.0,1745.0,1739.95,1740.1,12981
1728531900,1745.15,1750.0,1734.25,1735.15,24125
1728532200,1735.5,1741.65,1734.05,1740.15,15472
1728532500,1739.6,1743.1,1734.15,1738.15,11698
1728532800,1738.15,1741.35,1736.0,1738.5,6180
1728533100,1738.5,1743.3,1737.4,1739.0,4380
1728533400,1740.0,1742.6,1736.15,1740.0,7041
1728533700,1740.0,1743.45,1740.0,1740.55,5303
1728534000,1740.55,1741.85,1738.0,1738.0,2648
1728534300,1738.5,1746.25,1738.0,1744.8,6030
1728534600,1744.65,1745.55,1740.65,1741.45,6706
1728534900,1742.45,1746.75,1742.3,1743.6,5998
1728535200,1743.6,1744.85,1741.75,1742.85,4981
1728535500,1742.85,1743.9,1740.1,1740.65,5312
1728535800,1740.65,1744.35,1738.5,1742.55,4955
1728536100,1744.15,1748.15,1743.15,1747.05,4207
1728536400,1747.05,1749.75,1746.9,1748.7,2057
1728536700,1748.7,1750.9,1744.4,1745.25,6571
1728537000,1745.2,1745.95,1739.65,1742.9,5352
1728537300,1742.1,1744.0,1741.0,1741.75,2013
1728537600,1741.4,1743.6,1740.65,1740.7,2468
1728537900,1740.65,1742.8,1740.0,1741.1,2229
1728538200,1741.8,1741.85,1740.1,1740.25,1975
1728538500,1740.25,1741.05,1737.55,1738.25,5287
1728538800,1738.25,1740.7,1736.85,1738.3,7747
1728539100,1738.25,1739.3,1736.0,1737.95,8252
1728539400,1737.95,1739.45,1736.3,1737.1,4612
1728539700,1737.1,1742.4,1737.0,1740.1,6462
1728540000,1739.4,1742.1,1739.2,1740.5,3875
1728540300,1740.5,1741.0,1736.05,1737.7,5593
1728540600,1737.25,1738.45,1736.25,1737.8,3762
1728540900,1737.8,1739.0,1736.2,1736.85,3241
1728541200,1737.6,1740.6,1736.9,1740.0,2651
1728541500,1740.0,1745.0,1740.0,1743.75,4209
1728541800,1743.75,1745.35,1742.3,1743.6,2670
1728542100,1743.6,1743.95,1742.25,1742.95,2393
1728542400,1742.95,1744.0,1742.3,1743.3,2006
1728542700,1743.3,1744.0,1742.05,1744.0,2099
1728543000,1743.9,1745.45,1741.8,1744.4,2119
1728543300,1744.4,1745.8,1743.3,1744.2,2526
1728543600,1744.2,1745.0,1742.95,1745.0,1339
1728543900,1744.45,1744.85,1742.55,1743.9,1703
1728544200,1744.05,1744.05,1741.5,1742.7,1464
1728544500,1742.7,1751.8,1742.7,1750.0,10247
1728544800,1750.0,1752.5,1747.05,1748.2,10619
1728545100,1748.2,1748.8,1745.85,1746.75,2152
1728545400,1746.75,1749.4,1746.6,1747.95,1767
1728545700,1747.95,1749.45,1747.35,1748.4,3705
1728546000,1748.4,1751.0,1747.95,1750.85,3497
1728546300,1750.9,1751.0,1749.4,1750.8,3698
1728546600,1750.8,1753.5,1749.7,1752.7,6827
1728546900,1752.65,1754.35,1751.05,1753.55,7828
1728547200,1753.6,1754.45,1752.1,1752.2,4867
1728547500,1752.2,1754.0,1750.55,1752.3,7719
1728547800,1752.3,1754.1,1750.55,1751.6,8106
1728548100,1751.6,1754.0,1750.0,1751.5,7273
1728548400,1751.5,1751.9,1748.65,1749.9,5183
1728548700,1749.95,1752.5,1749.8,1749.85,6255
1728549000,1749.65,1749.9,1747.0,1748.0,5159
1728549300,1748.0,1749.95,1745.7,1747.35,13855
1728549600,1747.35,1752.0,1746.9,1751.9,5507
1728549900,1751.85,1752.0,1748.5,1751.05,23967
1728550200,1751.05,1752.0,1747.0,1751.35,13045
1728550500,1751.95,1752.5,1748.2,1749.5,6741
1728550800,1749.95,1750.9,1744.95,1746.5,9464
1728551100,1746.5,1746.7,1740.9,1743.2,15217
1728551400,1743.2,1744.75,1740.2,1742.45,12619
1728551700,1742.45,1744.0,1737.2,1737.95,23725
1728552000,1737.95,1740.3,1737.25,1738.95,14246
1728552300,1739.1,1739.55,1732.0,1733.65,74470
1728552600,1733.65,1735.95,1731.15,1734.65,23789
1728552900,1734.65,1736.7,1729.55,1734.0,103364
1728553200,1734.7,1737.4,1731.65,1736.15,15618
1728553500,1736.1,1738.55,1734.0,1738.0,19014
1728553800,1737.2,1739.3,1736.55,1739.0,38651
1728554100,1739.0,1742.75,1733.05,1733.05,64585
1728618300,1737.5,1740.05,1729.3,1736.2,13063
1728618600,1736.2,1736.6,1732.85,1735.25,7712
1728618900,1734.45,1736.1,1733.1,1734.25,5589
1728619200,1734.25,1734.25,1729.9,1729.9,4063
1728619500,1729.0,1731.7,1728.15,1729.5,3907
1728619800,1730.35,1730.35,1728.45,1729.5,1882
1728620100,1729.5,1732.15,1729.3,1730.45,3801
1728620400,1730.45,1733.9,1730.45,1733.45,1499
1728620700,1733.45,1735.0,1732.0,1734.8,6664
1728621000,1734.8,1735.7,1733.0,1734.6,4051
1728621300,1734.6,1735.8,1733.25,1735.6,1582
1728621600,1735.6,1736.25,1733.05,1733.75,1032
1728621900,1733.85,1735.3,1733.5,1734.1,2234
1728622200,1734.1,1734.5,1733.0,1733.2,950
1728622500,1733.2,1734.5,1733.05,1733.3,1647
1728622800,1733.0,1733.25,1730.65,1730.65,12468
1728623100,1730.65,1730.7,1726.65,1727.25,6878
1728623400,1726.8,1727.2,1725.55,1725.7,6507
1728623700,1726.0,1726.5,1723.8,1726.2,11738
1728624000,1726.5,1729.4,1723.9,1724.35,125652
1728624300,1724.35,1724.9,1721.2,1724.85,13435
1728624600,1724.9,1727.6,1724.0,1725.2,14855
1728624900,1724.75,1724.8,1721.5,1722.9,4192
1728625200,1722.95,1724.5,1722.15,1724.5,2686
1728625500,1724.5,1724.95,1720.4,1720.6,6091
1728625800,1720.85,1723.1,1718.6,1720.6,9086
1728626100,1720.45,1724.15,1720.0,1723.8,4965
1728626400,1724.1,1729.35,1722.55,1729.05,6879
1728626700,1729.05,1729.05,1726.05,1727.4,3797
1728627000,1727.3,1730.95,1725.05,1730.3,6022
1728627300,1730.3,1732.85,1729.6,1731.25,4380
1728627600,1731.8,1734.5,1731.3,1733.5,3674
1728627900,1733.5,1734.1,1732.05,1734.1,2679
1728628200,1734.1,1734.5,1732.5,1733.6,1901
1728628500,1733.6,1734.4,1727.9,1732.05,13244
1728628800,1732.05,1732.8,1730.5,1732.8,2228
1728629100,1732.8,1732.8,1730.05,1730.15,2533
1728629400,1730.95,1732.9,1730.0,1732.1,3469
1728629700,1732.1,1734.5,1731.35,1734.5,2652
1728630000,1734.5,1734.5,1731.65,1733.25,3216
1728630300,1733.2,1734.4,1731.95,1734.25,2405
1728630600,1734.25,1736.0,1733.0,1734.2,5428
1728630900,1734.3,1736.2,1733.1,1735.8,2913
1728631200,1735.8,1736.0,1734.8,1734.8,1808
1728631500,1734.8,1736.0,1733.5,1734.45,4506
1728631800,1735.15,1735.95,1734.0,1734.9,2609
1728632100,1734.9,1736.9,1733.55,1735.7,4360
1728632400,1735.7,1741.9,1734.45,1741.55,20399
1728632700,1741.55,1742.0,1738.9,1740.85,7652
1728633000,1740.85,1746.65,1739.3,1746.25,7516
1728633300,1746.0,1746.3,1744.0,1745.65,6231
1728633600,1745.05,1746.75,1744.6,1746.3,5391
1728633900,1746.3,1746.7,1744.1,1746.45,7387
1728634200,1746.45,1746.45,1743.2,1744.6,7959
1728634500,1744.55,1744.95,1737.25,1738.55,9071
1728634800,1738.85,1742.0,1738.35,1741.2,6421
1728635100,1741.2,1743.0,1740.5,1742.45,5932
1728635400,1742.45,1743.95,1741.1,1741.4,2863
1728635700,1741.4,1741.9,1740.5,1740.9,2967
1728636000,1740.9,1740.9,1738.0,1738.6,3049
1728636300,1738.75,1739.15,1736.55,1737.85,4125
1728636600,1738.4,1738.65,1736.25,1736.55,2685
1728636900,1736.5,1738.45,1736.05,1738.05,1975
1728637200,1738.0,1740.0,1738.0,1738.15,3070
1728637500,1738.2,1739.0,1733.8,1734.1,7921
1728637800,1734.85,1738.25,1734.0,1736.6,103381
1728638100,1736.8,1740.05,1736.2,1739.0,5105
1728638400,1738.95,1740.45,1736.1,1737.25,4468
1728638700,1737.15,1738.2,1735.15,1735.3,2414
1728639000,1735.3,1736.45,1734.0,1735.2,64905
1728639300,1735.05,1736.8,1734.9,1736.0,3897
1728639600,1736.0,1736.05,1733.4,1734.8,24389
1728639900,1734.85,1735.55,1733.4,1734.9,11863
1728640200,1734.8,1737.7,1732.95,1736.4,92858
1728640500,1736.4,1736.95,1730.45,1733.95,21116
1728877500,1738.75,1743.85,1725.1,1730.75,25316
1728877800,1730.7,1732.1,1726.75,1729.75,5949
1728878100,1729.75,1729.75,1721.2,1728.1,12035
1728878400,1728.1,1735.75,1727.0,1733.3,117621
1728878700,1732.65,1735.85,1731.4,1735.15,11519
1728879000,1735.1,1737.95,1733.35,1735.75,52180
1728879300,1736.0,1737.7,1733.9,1735.2,8101
1728879600,1735.2,1735.8,1733.15,1734.9,17234
1728879900,1734.85,1737.05,1733.15,1735.95,26540
1728880200,1735.9,1736.95,1733.6,1735.0,20616
1728880500,1734.95,1736.05,1727.95,1730.6,17447
1728880800,1730.2,1731.55,1725.2,1728.65,21710
1728881100,1728.55,1731.95,1728.0,1728.0,143789
1728881400,1728.5,1732.75,1727.9,1732.3,16446
1728881700,1732.3,1732.5,1722.9,1724.75,17608
1728882000,1724.2,1729.3,1724.2,1728.95,11323
1728882300,1729.3,1730.85,1727.0,1727.15,12407
1728882600,1727.15,1727.45,1720.65,1721.3,24796
1728882900,1721.3,1721.35,1720.3,1720.9,3012
1728883200,1721.7,1722.55,1721.0,1721.25,5163
1728883500,1721.0,1722.2,1718.5,1721.0,12261
1728883800,1720.95,1721.9,1720.0,1721.75,3340
1728884100,1721.75,1726.7,1721.75,1725.95,12133
1728884400,1725.7,1725.95,1723.6,1724.4,2718
1728884700,1724.4,1729.65,1724.25,1727.4,10887
1728885000,1727.4,1728.05,1725.0,1725.45,63585
1728885300,1725.45,1726.85,1723.85,1724.3,3548
1728885600,1725.0,1725.0,1723.0,1723.2,3344
1728885900,1723.2,1725.5,1722.1,1724.4,4788
1728886200,1724.35,1725.75,1722.15,1724.4,5330
1728886500,1724.6,1725.15,1723.75,1724.4,2937
1728886800,1724.55,1724.55,1722.4,1722.6,3585
1728887100,1722.6,1726.45,1721.2,1723.4,6842
1728887400,1724.0,1725.0,1722.15,1722.35,2826
1728887700,1722.9,1728.2,1722.15,1727.7,7155
1728888000,1727.7,1730.0,1727.6,1729.0,8497
1728888300,1729.35,1730.45,1725.55,1727.25,6608
1728888600,1727.25,1727.65,1723.7,1725.0,5903
1728888900,1724.95,1725.95,1724.0,1724.15,3243
1728889200,1724.15,1726.6,1724.0,1726.25,5588
1728889500,1726.2,1727.25,1725.4,1726.7,2523
1728889800,1726.7,1727.55,1725.4,1727.35,3229
1728890100,1727.35,1728.25,1725.0,1725.4,2906
1728890400,1725.4,1725.9,1724.2,1725.45,5285
1728890700,1725.45,1725.9,1725.0,1725.1,2986
1728891000,1725.45,1726.15,1725.0,1725.15,3316
1728891300,1725.75,1726.85,1724.3,1726.8,7135
1728891600,1726.8,1726.85,1725.0,1725.65,4193
1728891900,1725.6,1725.75,1725.0,1725.05,2429
1728892200,1725.1,1725.8,1724.0,1725.45,10304
1728892500,1725.1,1726.65,1717.3,1726.0,58460
1728892800,1726.4,1730.7,1725.8,1729.35,36429
1728893100,1729.35,1730.75,1728.0,1728.15,8346
1728893400,1728.5,1730.85,1727.9,1728.75,7037
1728893700,1728.75,1730.2,1728.5,1728.9,7651
1728894000,1729.25,1729.4,1727.15,1727.45,8156
1728894300,1727.45,1730.4,1727.45,1728.0,7470
1728894600,1728.0,1730.5,1727.2,1730.0,11329
1728894900,1730.0,1733.0,1729.1,1732.4,29322
1728895200,1732.4,1733.0,1730.6,1730.9,6935
1728895500,1731.25,1733.25,1729.65,1730.25,8209
1728895800,1729.9,1731.65,1729.65,1730.25,6599
1728896100,1730.65,1731.5,1728.9,1730.4,9073
1728896400,1730.4,1733.55,1729.75,1732.6,8466
1728896700,1732.6,1734.85,1731.25,1733.3,10767
1728897000,1733.25,1734.15,1730.1,1730.45,9673
1728897300,1730.45,1731.2,1729.0,1730.35,8404
1728897600,1730.35,1731.0,1728.35,1730.05,11137
1728897900,1730.05,1731.15,1728.7,1730.45,20195
1728898200,1730.45,1737.25,1729.95,1735.0,28339
1728898500,1735.0,1739.25,1734.9,1739.0,65211
1728898800,1739.25,1740.35,1737.55,1738.7,49816
1728899100,1738.75,1739.5,1737.25,1738.5,34573
1728899400,1738.5,1741.15,1737.0,1740.0,79441
1728899700,1740.0,1741.05,1733.95,1741.05,28513
1728963900,1741.95,1751.0,1738.95,1744.2,19159
1728964200,1744.75,1753.05,1742.0,1752.45,14138
1728964500,1752.4,1752.4,1742.1,1742.15,12240
1728964800,1742.85,1744.85,1738.2,1741.0,14056
1728965100,1740.5,1741.9,1738.6,1740.0,5563
1728965400,1739.95,1742.8,1738.2,1738.2,4458
1728965700,1738.2,1740.25,1734.1,1736.2,10097
1728966000,1736.2,1738.8,1735.2,1737.0,6904
1728966300,1737.0,1738.15,1731.55,1734.65,39001
1728966600,1735.2,1740.25,1733.55,1739.6,306814
1728966900,1739.55,1740.75,1735.7,1736.4,161763
1728967200,1736.4,1737.55,1733.75,1734.5,3794
1728967500,1734.5,1734.85,1731.0,1733.15,8917
1728967800,1733.05,1734.75,1730.0,1731.9,30831
1728968100,1731.2,1731.9,1727.9,1730.3,8115
1728968400,1730.3,1736.5,1730.3,1732.0,13417
1728968700,1732.0,1733.45,1728.05,1733.05,105314
1728969000,1733.35,1742.45,1733.05,1738.7,13241
1728969300,1739.0,1739.95,1737.0,1739.1,5135
1728969600,1739.15,1739.95,1737.3,1739.2,3763
1728969900,1739.2,1740.25,1733.15,1735.45,7248
1728970200,1735.45,1741.45,1733.85,1741.25,95449
1728970500,1741.55,1754.95,1740.3,1752.5,41107
1728970800,1752.5,1753.1,1748.05,1752.4,13525
1728971100,1752.35,1753.35,1748.25,1750.5,9961
1728971400,1750.0,1753.0,1746.35,1747.3,9131
1728971700,1746.6,1748.9,1743.0,1743.15,6689
1728972000,1743.15,1747.95,1743.15,1747.75,3082
1728972300,1747.75,1747.75,1744.0,1745.0,3066
1728972600,1745.0,1747.75,1744.3,1746.9,4367
1728972900,1746.9,1746.9,1738.55,1740.05,10899
1728973200,1740.15,1740.95,1736.2,1736.5,8687
1728973500,1736.5,1738.75,1735.0,1736.1,9020
1728973800,1736.1,1736.2,1732.05,1732.6,9048
1728974100,1732.4,1737.25,1732.0,1736.3,5793
1728974400,1736.25,1739.45,1735.4,1735.55,3653
1728974700,1736.3,1737.8,1735.0,1735.45,3918
1728975000,1735.6,1738.95,1734.1,1738.95,10874
1728975300,1739.0,1739.0,1734.5,1734.5,114312
1728975600,1735.05,1738.3,1735.05,1736.85,2817
1728975900,1736.85,1737.15,1734.5,1734.5,1813
1728976200,1734.8,1738.15,1734.5,1736.5,4948
1728976500,1736.3,1737.2,1735.05,1736.3,5846
1728976800,1736.4,1736.65,1734.85,1735.6,8733
1728977100,1735.6,1736.35,1734.65,1735.55,2670
1728977400,1735.55,1737.5,1734.85,1736.15,7567
1728977700,1736.15,1737.7,1735.0,1737.5,65367
1728978000,1738.0,1745.35,1737.9,1745.35,14225
1728978300,1745.35,1747.25,1744.7,1746.8,18261
1728978600,1746.8,1748.5,1745.75,1746.05,26017
1728978900,1746.1,1747.4,1744.85,1746.4,26326
1728979200,1746.05,1747.1,1744.5,1744.8,11170
1728979500,1745.05,1745.95,1741.95,1745.0,21962
1728979800,1745.0,1747.6,1743.0,1746.3,35840
1728980100,1746.25,1749.75,1745.0,1746.35,14086
1728980400,1746.5,1747.75,1745.0,1746.15,8729
1728980700,1746.5,1746.65,1743.0,1743.05,13134
1728981000,1743.2,1746.25,1743.05,1745.95,7781
1728981300,1745.9,1748.2,1745.4,1747.45,6134
1728981600,1747.45,1748.55,1745.0,1746.4,13072
1728981900,1746.4,1747.85,1745.05,1747.15,14559
1728982200,1747.2,1748.3,1744.0,1744.15,26609
1728982500,1744.3,1747.15,1742.5,1744.2,79702
1728982800,1744.25,1744.8,1740.55,1743.65,63752
1728983100,1743.0,1743.0,1734.7,1735.0,27230
1728983400,1735.45,1736.05,1730.5,1734.7,80917
1728983700,1734.4,1736.65,1731.25,1732.3,53900
1728984000,1732.75,1733.25,1727.85,1730.05,21681
1728984300,1730.0,1730.0,1722.3,1726.4,17201
1728984600,1725.6,1728.05,1720.1,1723.0,44232
1728984900,1723.0,1723.0,1718.5,1720.3,43032
1728985200,1720.3,1724.7,1719.4,1722.15,70299
1728985500,1722.15,1727.55,1721.3,1727.35,54522
1728985800,1727.35,1728.5,1725.0,1728.35,52326
1728986100,1728.35,1730.55,1725.9,1729.0,36664
1729050300,1725.05,1738.55,1725.05,1735.0,28647
1729050600,1735.0,1746.65,1735.0,1745.35,40290
1729050900,1746.15,1749.0,1745.0,1745.3,17386
1729051200,1745.3,1747.75,1741.55,1744.95,24710
1729051500,1745.65,1746.3,1740.8,1743.3,28090
1729051800,1744.45,1745.0,1737.9,1739.4,15091
1729052100,1740.3,1741.6,1737.6,1740.35,18891
1729052400,1740.5,1743.35,1739.4,1742.7,11364
1729052700,1742.7,1744.95,1740.0,1740.85,7368
1729053000,1740.85,1741.8,1737.8,1741.0,45624
1729053300,1741.65,1742.45,1734.0,1738.05,74206
1729053600,1738.95,1746.95,1738.95,1745.7,34710
1729053900,1745.7,1748.0,1745.0,1745.75,14333
1729054200,1745.75,1748.5,1741.0,1746.75,36276
1729054500,1745.25,1746.55,1743.05,1744.3,7396
1729054800,1744.3,1745.0,1742.1,1744.0,14100
1729055100,1743.05,1743.8,1741.05,1742.4,14731
1729055400,1742.4,1742.6,1740.5,1741.0,9738
1729055700,1741.0,1745.0,1740.5,1743.9,7690
1729056000,1743.7,1744.95,1741.1,1744.4,6127
1729056300,1743.65,1745.0,1741.0,1741.55,7338
1729056600,1741.55,1742.25,1737.7,1738.45,4588
1729056900,1738.0,1738.35,1733.0,1733.0,6735
1729057200,1733.8,1734.4,1730.1,1731.65,7708
1729057500,1730.55,1731.65,1726.75,1728.6,6708
1729057800,1728.6,1730.7,1727.2,1728.6,3750
1729058100,1728.6,1728.7,1727.0,1727.0,1968
1729058400,1727.0,1728.25,1725.05,1727.35,5963
1729058700,1727.35,1727.8,1725.5,1726.85,1655
1729059000,1726.7,1726.8,1725.0,1726.35,3695
1729059300,1726.35,1727.2,1724.0,1724.95,10138
1729059600,1724.95,1731.75,1724.1,1731.55,4968
1729059900,1730.8,1731.75,1728.25,1728.95,4368
1729060200,1728.95,1729.5,1727.0,1727.65,4087
1729060500,1727.65,1729.85,1726.55,1728.6,2848
1729060800,1728.55,1729.5,1727.75,1727.75,2015
1729061100,1727.55,1730.45,1726.7,1728.7,4240
1729061400,1727.8,1730.0,1727.8,1728.6,2314
1729061700,1728.6,1728.85,1726.35,1727.45,2938
1729062000,1727.45,1728.4,1726.25,1727.95,3431
1729062300,1728.05,1728.95,1727.05,1727.6,1699
1729062600,1727.65,1727.65,1725.65,1726.9,3116
1729062900,1726.9,1727.45,1724.1,1725.3,6274
1729063200,1725.3,1725.3,1724.35,1725.0,1117
1729063500,1725.0,1726.4,1724.55,1726.35,2157
1729063800,1725.55,1728.7,1725.3,1727.45,4702
1729064100,1727.35,1729.6,1726.7,1727.5,4211
1729064400,1727.6,1727.75,1726.2,1727.15,2062
1729064700,1727.25,1728.0,1724.55,1725.85,8752
1729065000,1726.0,1728.8,1725.05,1727.45,5961
1729065300,1727.5,1728.0,1726.6,1728.0,4439
1729065600,1728.8,1728.95,1728.0,1728.35,1663
1729065900,1728.35,1728.95,1728.0,1728.8,2239
1729066200,1728.8,1729.05,1726.4,1727.3,8059
1729066500,1727.3,1727.3,1724.6,1726.75,6674
1729066800,1726.75,1728.15,1725.6,1727.9,2571
1729067100,1728.25,1729.0,1726.65,1729.0,1749
1729067400,1728.95,1729.0,1725.35,1728.9,18076
1729067700,1728.2,1733.45,1728.2,1733.45,6903
1729068000,1733.1,1733.55,1729.1,1730.25,1776
1729068300,1729.55,1731.4,1729.05,1730.6,4214
1729068600,1730.55,1733.0,1729.25,1733.0,3189
1729068900,1733.0,1734.9,1730.6,1733.35,7875
1729069200,1734.2,1734.7,1732.3,1734.5,4547
1729069500,1733.85,1734.45,1731.4,1732.4,3408
1729069800,1733.0,1735.0,1731.95,1732.95,7319
1729070100,1733.45,1735.65,1732.05,1733.75,4440
1729070400,1733.3,1734.0,1732.0,1733.3,6003
1729070700,1733.65,1735.6,1733.05,1735.3,4574
1729071000,1735.3,1735.7,1731.65,1733.6,20209
1729071300,1733.6,1734.4,1731.4,1734.05,26441
1729071600,1733.1,1734.85,1731.4,1732.3,29041
1729071900,1732.3,1736.0,1731.4,1735.0,34388
1729072200,1735.0,1736.25,1732.25,1733.25,54834
1729072500,1732.4,1737.5,1728.65,1735.0,38599
1729136700,1734.0,1739.0,1720.75,1721.7,656285
1729137000,1721.7,1726.95,1720.2,1721.3,18743
1729137300,1722.15,1722.15,1717.1,1717.85,18885
1729137600,1717.8,1724.85,1714.35,1720.65,16703
1729137900,1720.25,1722.8,1718.2,1718.2,6651
1729138200,1718.2,1720.0,1715.0,1717.7,61948
1729138500,1717.45,1717.9,1712.4,1712.4,16129
1729138800,1712.1,1714.1,1708.0,1708.15,20379
1729139100,1708.35,1710.85,1707.0,1709.7,9444
1729139400,1709.7,1713.4,1708.1,1711.6,110159
1729139700,1711.65,1713.0,1706.15,1706.75,7899
1729140000,1706.75,1707.95,1703.8,1707.85,320863
1729140300,1707.85,1712.2,1706.25,1710.75,6605
1729140600,1710.75,1716.1,1708.0,1715.0,212075
1729140900,1714.2,1717.55,1711.4,1716.0,15637
1729141200,1716.6,1719.0,1715.85,1717.85,32093
1729141500,1717.6,1719.7,1714.75,1717.6,24461
1729141800,1717.25,1717.95,1715.35,1715.35,5883
1729142100,1715.85,1717.2,1712.45,1717.05,20976
1729142400,1717.0,1718.3,1709.65,1710.25,12996
1729142700,1710.25,1712.5,1706.05,1710.1,13558
1729143000,1710.95,1713.0,1710.85,1710.85,4077
1729143300,1710.2,1711.5,1703.0,1704.7,14600
1729143600,1704.75,1705.85,1702.7,1704.2,24243
1729143900,1704.2,1705.7,1703.0,1704.0,19338
1729144200,1704.4,1711.8,1703.55,1710.3,27418
1729144500,1709.75,1711.4,1706.25,1711.35,22139
1729144800,1711.95,1716.9,1711.35,1715.9,8612
1729145100,1715.9,1716.95,1714.0,1716.4,5474
1729145400,1716.2,1716.2,1713.4,1715.95,4028
1729145700,1715.95,1716.05,1713.15,1714.05,4228
1729146000,1714.05,1714.95,1712.65,1713.1,4744
1729146300,1713.1,1714.95,1712.3,1712.8,4812
1729146600,1712.8,1714.25,1712.25,1713.05,2742
1729146900,1713.05,1714.2,1712.4,1712.45,4125
1729147200,1712.5,1712.5,1710.15,1711.0,4148
1729147500,1710.75,1714.55,1710.35,1713.4,6576
1729147800,1713.4,1714.15,1710.75,1713.65,5322
1729148100,1713.7,1714.55,1711.7,1712.9,6025
1729148400,1712.9,1713.15,1711.7,1712.05,4750
1729148700,1712.0,1712.95,1711.3,1712.75,3807
1729149000,1712.5,1717.0,1711.7,1712.7,15358
1729149300,1712.7,1714.8,1712.2,1714.0,4899
1729149600,1714.05,1716.0,1713.55,1713.85,7256
1729149900,1713.85,1715.0,1713.35,1714.3,3928
1729150200,1714.3,1715.0,1713.2,1714.45,3803
1729150500,1713.65,1714.85,1712.9,1713.05,4280
1729150800,1713.05,1714.85,1712.8,1713.25,7899
1729151100,1713.25,1714.45,1709.15,1709.15,7164
1729151400,1709.15,1710.3,1708.55,1708.85,10576
1729151700,1709.45,1709.45,1705.95,1706.5,10432
1729152000,1706.5,1707.35,1705.25,1706.65,8046
1729152300,1706.9,1709.35,1706.45,1709.0,7503
1729152600,1708.35,1708.95,1705.6,1707.15,6748
1729152900,1707.15,1708.65,1706.0,1707.8,7344
1729153200,1707.8,1708.35,1704.0,1704.95,10947
1729153500,1704.05,1705.25,1703.05,1703.7,9743
1729153800,1704.0,1706.9,1703.0,1704.95,13088
1729154100,1704.95,1705.7,1702.0,1702.35,13918
1729154400,1702.15,1704.15,1701.5,1702.65,15387
1729154700,1702.95,1706.8,1702.0,1703.95,18090
1729155000,1703.95,1705.4,1702.35,1705.0,12372
1729155300,1705.0,1709.6,1705.0,1708.55,13095
1729155600,1708.55,1708.6,1706.15,1708.0,9711
1729155900,1708.0,1708.9,1706.0,1706.0,8373
1729156200,1706.6,1706.9,1704.1,1705.25,12182
1729156500,1705.4,1706.45,1702.75,1704.95,26185
1729156800,1704.95,1707.95,1703.75,1707.65,12780
1729157100,1707.65,1707.65,1702.4,1702.4,12551
1729157400,1702.95,1703.9,1700.0,1701.75,56948
1729157700,1701.05,1705.7,1700.95,1705.45,29077
1729158000,1706.0,1706.5,1703.2,1704.65,42640
1729158300,1704.6,1706.75,1702.65,1704.7,51287
1729158600,1704.55,1704.9,1700.35,1701.65,70866
1729158900,1701.5,1702.65,1695.75,1702.4,108377
1729223100,1706.0,1709.0,1681.55,1686.05,60547
1729223400,1685.15,1686.2,1680.6,1685.6,43937
1729223700,1685.55,1688.7,1680.95,1683.0,25818
1729224000,1683.75,1694.65,1683.0,1691.35,48317
1729224300,1691.35,1696.6,1690.6,1692.8,23297
1729224600,1692.8,1698.65,1692.1,1698.45,19255
1729224900,1697.95,1704.75,1697.85,1699.25,25046
1729225200,1699.95,1700.0,1694.45,1695.55,27350
1729225500,1696.5,1697.4,1692.0,1695.0,27637
1729225800,1695.8,1699.75,1695.1,1699.3,19086
1729226100,1699.3,1699.3,1694.9,1696.35,11718
1729226400,1696.35,1699.5,1695.45,1697.2,23084
1729226700,1697.35,1699.65,1696.65,1698.35,15008
1729227000,1698.45,1699.65,1697.35,1697.65,19813
1729227300,1697.5,1697.8,1691.55,1694.75,12032
1729227600,1695.4,1698.05,1694.55,1698.0,20211
1729227900,1698.0,1698.05,1695.0,1697.0,10988
1729228200,1697.0,1698.9,1695.85,1697.65,14207
1729228500,1697.65,1703.45,1697.1,1701.35,15355
1729228800,1701.45,1702.55,1697.15,1699.0,17676
1729229100,1699.0,1699.7,1696.1,1698.6,11471
1729229400,1698.8,1699.45,1696.25,1698.9,20560
1729229700,1698.45,1703.05,1698.4,1699.65,17374
1729230000,1699.7,1701.4,1697.1,1701.4,85248
1729230300,1701.85,1704.45,1699.65,1702.75,16433
1729230600,1702.15,1703.65,1700.1,1700.8,15785
1729230900,1700.8,1704.85,1700.4,1704.0,21340
1729231200,1704.05,1707.3,1702.05,1702.5,24045
1729231500,1702.3,1705.8,1700.4,1705.0,25193
1729231800,1704.85,1709.1,1703.7,1704.7,28980
1729232100,1704.7,1705.75,1702.7,1704.95,11759
1729232400,1704.0,1704.0,1701.6,1702.75,12157
1729232700,1702.5,1705.0,1702.4,1704.65,11241
1729233000,1704.75,1707.35,1703.1,1707.0,17819
1729233300,1706.75,1710.55,1705.95,1708.35,17703
1729233600,1708.35,1708.6,1705.1,1705.25,13260
1729233900,1705.55,1714.95,1705.0,1712.8,17748
1729234200,1713.5,1717.45,1710.25,1710.95,31248
1729234500,1710.9,1712.1,1708.7,1709.5,64222
1729234800,1709.5,1711.65,1707.2,1707.2,31371
1729235100,1708.2,1710.3,1705.0,1705.15,14585
1729235400,1706.5,1706.85,1703.65,1706.05,25797
1729235700,1706.3,1706.3,1703.9,1705.0,10673
1729236000,1705.55,1705.6,1703.6,1704.5,27480
1729236300,1705.4,1705.7,1703.45,1704.05,9474
1729236600,1704.7,1705.0,1701.8,1702.8,33373
1729236900,1702.8,1705.75,1702.05,1704.75,128593
1729237200,1704.75,1705.8,1703.05,1705.0,18356
1729237500,1705.4,1705.6,1702.8,1705.6,35589
1729237800,1705.6,1705.85,1701.3,1703.75,59614
1729238100,1703.75,1709.0,1703.55,1707.1,13014
1729238400,1707.1,1708.8,1705.0,1707.65,13154
1729238700,1707.0,1707.25,1705.05,1705.95,19113
1729239000,1706.05,1707.95,1705.0,1706.8,72055
1729239300,1707.35,1711.6,1707.0,1707.65,31591
1729239600,1707.65,1708.95,1706.25,1707.9,12726
1729239900,1708.1,1709.15,1707.15,1708.85,11118
1729240200,1709.05,1709.1,1705.3,1706.8,45269
1729240500,1706.8,1707.3,1704.2,1705.55,11360
1729240800,1705.9,1709.4,1705.9,1707.45,12797
1729241100,1707.4,1708.45,1706.55,1707.9,27854
1729241400,1707.9,1709.6,1706.95,1707.65,13008
1729241700,1707.65,1708.0,1705.95,1708.0,12575
1729242000,1708.0,1708.6,1706.5,1708.2,47992
1729242300,1708.2,1708.5,1706.25,1706.25,10812
1729242600,1706.7,1707.75,1703.8,1704.5,10943
1729242900,1704.05,1705.5,1703.15,1705.5,16007
1729243200,1705.5,1706.4,1704.3,1705.95,13767
1729243500,1705.9,1707.0,1704.95,1706.0,138796
1729243800,1705.95,1711.05,1705.75,1708.95,29348
1729244100,1708.95,1709.0,1706.0,1707.0,18708
1729244400,1707.55,1707.55,1701.9,1704.75,24297
1729244700,1704.7,1706.1,1702.7,1705.0,31722
1729245000,1704.95,1706.4,1703.55,1706.1,30494
1729245300,1706.1,1707.05,1704.45,1704.5,37792
1729482300,1715.15,1776.05,1715.15,1729.35,78522
1729482600,1729.35,1736.0,1728.95,1736.0,38005
1729482900,1736.0,1737.0,1732.5,1732.7,17806
1729483200,1733.05,1733.8,1724.5,1724.5,32477
1729483500,1724.5,1726.7,1719.0,1719.0,258093
1729483800,1718.8,1720.5,1713.3,1717.55,19820
1729484100,1717.65,1717.65,1713.5,1714.5,24157
1729484400,1714.5,1716.5,1712.2,1713.7,10800
1729484700,1713.7,1715.0,1712.65,1713.2,7180
1729485000,1713.8,1717.6,1713.05,1715.2,13990
1729485300,1715.2,1715.8,1713.45,1713.45,14208
1729485600,1713.8,1713.85,1710.9,1713.7,11545
1729485900,1713.7,1714.15,1711.4,1711.65,11056
1729486200,1711.65,1712.2,1710.2,1711.7,3471
1729486500,1711.65,1713.0,1711.0,1711.35,10800
1729486800,1712.05,1712.2,1711.05,1711.6,3145
1729487100,1711.6,1712.2,1711.1,1711.45,4414
1729487400,1711.45,1711.45,1709.0,1710.0,5113
1729487700,1710.0,1711.2,1708.75,1710.95,2769
1729488000,1710.25,1711.05,1709.2,1709.95,5490
1729488300,1709.5,1712.45,1709.5,1711.2,13268
1729488600,1711.2,1718.5,1710.9,1718.25,23726
1729488900,1717.45,1718.45,1715.55,1715.75,3403
1729489200,1715.75,1716.25,1714.15,1715.0,6387
1729489500,1715.0,1717.5,1715.0,1715.35,2852
1729489800,1715.35,1716.45,1714.5,1715.25,3682
1729490100,1715.0,1715.0,1711.5,1711.6,8720
1729490400,1711.95,1711.95,1706.05,1706.15,9530
1729490700,1706.8,1710.85,1705.6,1709.8,155901
1729491000,1710.4,1713.45,1709.5,1712.05,5292
1729491300,1712.05,1713.5,1710.75,1713.05,4759
1729491600,1713.05,1718.25,1712.45,1716.65,37340
1729491900,1716.65,1718.6,1714.9,1714.9,4984
1729492200,1714.9,1717.5,1714.05,1714.1,43756
1729492500,1714.1,1716.85,1713.6,1715.4,4877
1729492800,1715.4,1717.35,1710.0,1710.0,109566
1729493100,1710.1,1712.2,1707.8,1709.65,6487
1729493400,1709.65,1710.25,1708.3,1709.3,10386
1729493700,1709.3,1710.0,1708.95,1709.25,2600
1729494000,1709.85,1709.85,1705.45,1706.8,11821
1729494300,1707.0,1707.05,1705.6,1706.8,3837
1729494600,1706.8,1706.85,1700.75,1703.1,16616
1729494900,1703.05,1703.65,1699.5,1700.8,9069
1729495200,1700.85,1700.85,1699.1,1699.35,5980
1729495500,1699.75,1700.9,1698.55,1699.05,4849
1729495800,1698.55,1700.45,1696.8,1700.3,5295
1729496100,1700.25,1701.05,1697.85,1700.6,6049
1729496400,1701.35,1701.35,1698.65,1699.5,5044
1729496700,1699.6,1705.2,1699.5,1704.5,7800
1729497000,1705.15,1707.45,1703.0,1703.9,6406
1729497300,1703.4,1704.15,1702.45,1702.95,3207
1729497600,1702.5,1704.55,1702.15,1703.9,5087
1729497900,1704.1,1706.6,1703.25,1705.65,5332
1729498200,1706.3,1707.2,1704.35,1706.75,4808
1729498500,1707.15,1708.5,1705.4,1706.9,7266
1729498800,1706.9,1711.75,1706.9,1710.0,7884
1729499100,1710.3,1714.0,1709.6,1714.0,5975
1729499400,1713.9,1716.9,1712.0,1712.95,9525
1729499700,1713.0,1713.95,1710.2,1712.35,10183
1729500000,1711.75,1712.25,1708.95,1709.5,8526
1729500300,1709.1,1710.95,1708.35,1709.25,6607
1729500600,1708.25,1713.15,1707.85,1712.9,12918
1729500900,1712.9,1712.95,1709.35,1709.9,7248
1729501200,1709.9,1714.85,1709.05,1713.05,24659
1729501500,1713.1,1713.85,1712.35,1712.7,7862
1729501800,1712.7,1713.8,1711.6,1712.9,9177
1729502100,1712.9,1713.9,1712.4,1713.2,8924
1729502400,1713.2,1714.6,1712.8,1713.5,13506
1729502700,1713.5,1714.4,1710.35,1712.1,11117
1729503000,1712.9,1714.15,1707.3,1709.4,34970
1729503300,1709.05,1711.65,1708.2,1711.0,30534
1729503600,1711.15,1716.05,1711.1,1713.0,83711
1729503900,1713.0,1715.45,1712.45,1713.95,49815
1729504200,1713.45,1714.95,1709.1,1710.65,48149
1729504500,1710.4,1711.4,1704.25,1707.0,44440
1729568700,1701.0,1707.8,1672.9,1700.15,43751
1729569000,1702.85,1708.25,1700.2,1707.55,19385
1729569300,1708.0,1714.35,1704.35,1712.5,13113
1729569600,1712.1,1715.95,1710.75,1713.2,10218
1729569900,1714.45,1718.0,1713.9,1717.0,16054
1729570200,1717.0,1720.0,1714.55,1719.95,8875
1729570500,1719.95,1723.95,1718.7,1721.0,24683
1729570800,1720.5,1723.95,1717.6,1719.05,13955
1729571100,1719.05,1722.0,1715.75,1721.8,13783
1729571400,1721.8,1725.65,1720.35,1723.45,20871
1729571700,1723.9,1726.95,1720.2,1725.75,10283
1729572000,1726.5,1726.9,1718.4,1721.95,19325
1729572300,1721.95,1721.95,1712.75,1713.2,22253
1729572600,1714.65,1720.3,1714.65,1719.1,8124
1729572900,1719.45,1720.4,1711.65,1711.65,7411
1729573200,1711.9,1720.0,1708.45,1720.0,15239
1729573500,1720.05,1724.4,1715.4,1719.9,17703
1729573800,1720.05,1725.9,1718.85,1720.85,20780
1729574100,1720.85,1722.7,1715.4,1716.2,9256
1729574400,1716.15,1720.0,1712.9,1712.9,7475
1729574700,1712.9,1716.75,1711.3,1714.15,5082
1729575000,1714.55,1715.0,1711.2,1711.9,4518
1729575300,1711.1,1713.45,1706.3,1712.85,7307
1729575600,1712.6,1714.9,1710.2,1713.8,12583
1729575900,1714.2,1716.75,1712.15,1713.75,6429
1729576200,1713.85,1713.85,1704.55,1707.0,18104
1729576500,1707.0,1707.8,1702.85,1707.15,9678
1729576800,1707.15,1713.75,1706.1,1713.0,6836
1729577100,1712.2,1712.85,1701.5,1703.05,12874
1729577400,1703.05,1703.75,1694.55,1695.65,28562
1729577700,1695.7,1698.0,1692.8,1696.45,23123
1729578000,1696.55,1698.95,1693.35,1694.0,19796
1729578300,1694.0,1700.0,1692.35,1699.0,13553
1729578600,1699.0,1703.15,1696.65,1697.1,9709
1729578900,1697.15,1700.0,1695.75,1699.6,4353
1729579200,1699.65,1700.6,1696.15,1696.35,4793
1729579500,1696.8,1700.55,1696.1,1698.0,4868
1729579800,1698.0,1705.8,1696.5,1705.8,9706
1729580100,1705.8,1705.8,1694.15,1695.9,9723
1729580400,1695.75,1699.4,1693.5,1698.0,7908
1729580700,1697.4,1697.95,1694.1,1696.0,6588
1729581000,1696.0,1699.65,1694.0,1698.8,6180
1729581300,1699.4,1700.0,1696.1,1696.1,6320
1729581600,1696.45,1699.35,1694.6,1697.2,5553
1729581900,1697.2,1699.15,1695.35,1698.5,4709
1729582200,1698.55,1698.6,1692.0,1693.65,11059
1729582500,1693.65,1697.1,1692.6,1693.45,6616
1729582800,1693.9,1696.7,1692.7,1696.25,18826
1729583100,1696.15,1699.6,1694.7,1697.85,9399
1729583400,1697.9,1699.0,1696.45,1696.45,4898
1729583700,1696.75,1699.45,1695.2,1699.4,5218
1729584000,1699.6,1702.0,1698.55,1700.65,8716
1729584300,1700.15,1700.3,1697.3,1699.4,5212
1729584600,1699.35,1699.9,1697.0,1698.4,4696
1729584900,1698.4,1698.4,1694.45,1696.9,6002
1729585200,1696.3,1699.4,1696.25,1696.95,6436
1729585500,1696.95,1697.4,1692.55,1697.05,10740
1729585800,1696.85,1699.0,1696.05,1698.75,8598
1729586100,1698.75,1701.8,1697.25,1700.85,13166
1729586400,1700.85,1705.8,1700.25,1703.1,9848
1729586700,1703.1,1703.65,1700.0,1700.05,18634
1729587000,1700.05,1701.25,1697.0,1700.4,16807
1729587300,1700.4,1704.0,1698.4,1702.65,24961
1729587600,1702.9,1707.45,1701.0,1704.15,24970
1729587900,1704.35,1705.35,1700.95,1703.25,18294
1729588200,1703.5,1707.15,1703.45,1704.65,18102
1729588500,1704.45,1705.75,1700.7,1705.35,21297
1729588800,1705.3,1707.3,1701.35,1702.65,25392
1729589100,1702.65,1705.35,1700.0,1700.0,38535
1729589400,1700.0,1700.05,1691.15,1697.7,87025
1729589700,1697.6,1699.65,1693.55,1697.95,64685
1729590000,1697.95,1699.95,1695.45,1699.1,63767
1729590300,1699.25,1703.8,1699.0,1700.0,65741
1729590600,1700.0,1701.7,1698.85,1699.9,66662
1729590900,1699.9,1701.95,1697.95,1701.0,34318
1729655100,1703.2,1711.7,1693.45,1707.15,19024
1729655400,1707.15,1707.15,1699.3,1701.8,8450
1729655700,1701.35,1712.0,1700.0,1708.0,10177
1729656000,1708.0,1710.3,1703.25,1707.8,9431
1729656300,1707.8,1712.85,1703.0,1704.2,10586
1729656600,1704.2,1705.2,1696.8,1698.45,9244
1729656900,1698.6,1702.95,1696.3,1702.0,5717
1729657200,1701.8,1711.2,1701.8,1706.3,7957
1729657500,1707.45,1709.95,1705.0,1707.9,2928
1729657800,1707.75,1707.75,1701.25,1705.35,4241
1729658100,1704.55,1705.05,1702.3,1704.0,2099
1729658400,1704.0,1706.8,1703.15,1705.05,2371
1729658700,1705.65,1708.65,1704.1,1706.95,2500
1729659000,1706.9,1706.9,1703.2,1704.15,1109
1729659300,1705.0,1710.6,1705.0,1709.05,9487
1729659600,1709.85,1710.65,1707.1,1709.0,3403
1729659900,1708.95,1710.9,1708.0,1710.9,885
1729660200,1710.9,1714.0,1709.85,1710.4,8595
1729660500,1710.4,1714.75,1708.95,1712.85,6452
1729660800,1713.75,1715.65,1711.4,1713.0,5190
1729661100,1713.0,1714.0,1711.9,1713.45,2644
1729661400,1714.0,1718.9,1713.8,1716.5,6166
1729661700,1716.5,1718.55,1715.6,1717.6,2045
1729662000,1717.6,1718.25,1715.6,1718.25,1512
1729662300,1718.25,1718.25,1713.25,1716.7,11560
1729662600,1716.7,1717.05,1713.15,1713.75,5559
1729662900,1713.75,1714.85,1712.7,1713.15,1890
1729663200,1713.15,1717.0,1713.15,1715.0,2460
1729663500,1715.0,1715.45,1713.35,1713.95,656
1729663800,1714.8,1717.7,1714.35,1714.35,3514
1729664100,1714.0,1716.0,1712.9,1715.0,1335
1729664400,1715.0,1717.85,1712.0,1712.05,5400
1729664700,1712.0,1713.5,1711.0,1711.75,1973
1729665000,1711.75,1713.9,1711.75,1712.85,963
1729665300,1712.85,1713.55,1710.3,1711.3,2644
1729665600,1712.15,1712.4,1707.65,1709.8,6561
1729665900,1709.8,1712.95,1707.0,1712.55,4733
1729666200,1711.65,1713.45,1710.3,1712.25,4885
1729666500,1712.3,1713.0,1710.0,1711.65,2013
1729666800,1711.7,1714.75,1710.0,1714.05,2507
1729667100,1714.7,1714.7,1711.3,1713.45,2017
1729667400,1713.2,1717.8,1712.0,1712.95,5328
1729667700,1712.9,1716.65,1712.9,1715.0,2557
1729668000,1715.0,1715.95,1714.0,1714.8,1854
1729668300,1715.0,1716.0,1714.5,1715.45,1101
1729668600,1716.25,1718.85,1715.95,1718.3,2895
1729668900,1717.9,1721.95,1717.9,1720.2,3513
1729669200,1720.0,1721.65,1718.2,1718.95,2651
1729669500,1718.95,1722.0,1718.95,1720.05,4142
1729669800,1720.1,1720.1,1716.85,1717.8,2420
1729670100,1717.8,1719.5,1717.8,1718.9,1207
1729670400,1718.9,1719.05,1715.55,1717.3,1860
1729670700,1717.3,1719.05,1715.35,1715.95,1256
1729671000,1715.95,1720.0,1715.8,1720.0,3913
1729671300,1720.0,1721.0,1718.75,1720.55,3043
1729671600,1720.55,1721.75,1720.1,1720.8,1304
1729671900,1720.8,1721.65,1719.8,1720.9,1398
1729672200,1720.75,1720.85,1718.25,1718.95,1347
1729672500,1718.95,1719.55,1716.7,1716.75,1695
1729672800,1716.95,1716.95,1712.45,1713.1,4833
1729673100,1712.25,1712.75,1708.35,1708.95,3881
1729673400,1708.95,1708.95,1704.2,1705.45,7520
1729673700,1706.15,1707.85,1705.0,1705.75,3438
1729674000,1706.0,1707.25,1704.05,1705.2,6065
1729674300,1705.1,1706.5,1704.1,1705.25,11677
1729674600,1705.25,1709.9,1693.05,1699.9,125734
1729674900,1699.9,1704.0,1692.25,1700.75,59253
1729675200,1701.75,1716.85,1696.75,1712.8,104055
1729675500,1712.8,1712.8,1698.95,1703.5,31779
1729675800,1703.5,1718.55,1699.2,1717.0,57253
1729676100,1717.3,1728.9,1712.7,1720.3,123561
1729676400,1719.9,1723.6,1715.95,1720.15,71320
1729676700,1720.35,1720.4,1707.05,1708.5,46276
1729677000,1708.5,1709.9,1705.45,1707.4,30512
1729677300,1707.35,1711.7,1707.0,1711.45,18631
1729741500,1724.45,1724.45,1640.55,1643.4,414108
1729741800,1643.55,1647.1,1623.0,1628.65,191357
1729742100,1628.3,1642.95,1628.3,1642.65,107802
1729742400,1643.95,1661.8,1638.1,1656.95,103391
1729742700,1656.55,1657.0,1643.75,1652.0,83563
1729743000,1652.3,1653.0,1640.4,1641.65,105625
1729743300,1641.75,1648.9,1638.8,1639.3,137339
1729743600,1639.3,1646.9,1637.0,1646.9,44070
1729743900,1646.9,1653.45,1640.0,1642.35,36071
1729744200,1642.45,1650.85,1640.15,1649.1,44166
1729744500,1649.1,1652.75,1643.15,1645.45,20386
1729744800,1646.25,1646.25,1639.95,1641.85,109913
1729745100,1641.9,1643.35,1631.95,1634.15,84033
1729745400,1634.15,1641.9,1632.7,1641.85,40282
1729745700,1641.8,1648.6,1641.45,1646.0,34642
1729746000,1646.1,1646.45,1638.6,1640.95,42234
1729746300,1640.8,1642.75,1639.45,1640.6,24994
1729746600,1640.6,1640.95,1638.0,1639.5,46619
1729746900,1639.5,1640.0,1634.05,1634.45,70330
1729747200,1634.65,1637.9,1630.35,1637.0,46409
1729747500,1637.0,1640.5,1636.3,1639.0,26286
1729747800,1639.05,1640.8,1635.75,1640.15,18728
1729748100,1639.6,1640.95,1638.0,1640.0,17791
1729748400,1639.8,1642.35,1638.65,1639.85,65347
1729748700,1639.85,1640.2,1632.25,1632.6,30265
1729749000,1633.35,1636.45,1628.7,1630.85,412556
1729749300,1631.15,1634.45,1628.55,1631.95,50082
1729749600,1632.0,1632.8,1629.95,1630.6,20586
1729749900,1630.25,1631.95,1629.35,1630.85,17530
1729750200,1630.5,1632.2,1629.9,1632.15,11383
1729750500,1632.1,1635.2,1629.5,1632.8,153837
1729750800,1632.8,1632.8,1630.0,1632.25,23242
1729751100,1632.25,1632.55,1628.95,1631.5,431628
1729751400,1631.5,1632.95,1628.2,1631.3,19467
1729751700,1631.0,1637.7,1630.15,1634.0,18658
1729752000,1633.95,1636.0,1633.85,1635.4,10552
1729752300,1637.0,1638.35,1635.2,1637.0,23992
1729752600,1637.0,1637.9,1636.1,1636.65,12031
1729752900,1636.65,1639.0,1636.4,1638.85,20681
1729753200,1638.9,1639.8,1638.2,1639.0,37294
1729753500,1639.0,1640.0,1637.45,1637.45,52996
1729753800,1637.5,1638.8,1633.0,1635.85,49058
1729754100,1636.0,1637.2,1635.05,1635.95,13471
1729754400,1635.55,1639.05,1635.5,1636.5,23213
1729754700,1636.45,1638.0,1635.5,1636.25,15289
1729755000,1636.35,1636.75,1630.95,1631.25,86984
1729755300,1631.25,1632.1,1629.75,1630.05,22015
1729755600,1630.0,1632.8,1629.8,1631.4,17740
1729755900,1631.35,1632.75,1629.9,1630.4,17174
1729756200,1630.4,1632.4,1629.95,1631.5,28962
1729756500,1631.6,1635.75,1631.0,1635.1,21713
1729756800,1635.0,1639.25,1634.65,1638.4,27150
1729757100,1638.35,1639.05,1632.15,1637.35,102101
1729757400,1637.05,1638.0,1634.5,1636.5,39120
1729757700,1636.5,1637.35,1634.2,1635.35,48478
1729758000,1635.35,1636.65,1631.85,1636.4,35743
1729758300,1636.4,1639.95,1635.15,1639.4,15039
1729758600,1638.85,1644.95,1638.85,1643.65,31573
1729758900,1643.65,1644.0,1642.15,1643.05,21220
1729759200,1643.05,1643.9,1634.0,1636.1,33818
1729759500,1636.1,1636.7,1632.0,1633.95,18561
1729759800,1634.25,1634.95,1632.0,1632.05,11763
1729760100,1632.2,1633.15,1632.0,1632.0,16001
1729760400,1632.25,1633.95,1628.15,1631.35,28664
1729760700,1631.35,1635.7,1631.1,1635.15,18508
1729761000,1635.45,1636.95,1635.0,1636.3,12868
1729761300,1636.65,1636.7,1634.7,1636.6,24928
1729761600,1636.35,1636.35,1635.0,1635.1,10791
1729761900,1635.3,1637.45,1634.3,1635.9,24657
1729762200,1635.95,1636.4,1634.55,1635.0,22972
1729762500,1635.0,1637.0,1634.1,1634.6,31533
1729762800,1634.8,1635.8,1634.35,1635.1,42778
1729763100,1635.0,1636.4,1634.55,1635.5,56116
1729763400,1635.65,1635.9,1634.0,1635.1,53178
1729763700,1634.7,1636.0,1634.5,1635.6,34866
1729827900,1644.85,1650.0,1628.3,1641.7,50651
1729828200,1640.55,1646.75,1640.55,1644.8,11030
1729828500,1644.05,1650.95,1643.05,1650.0,16688
1729828800,1649.6,1653.3,1646.1,1647.6,12025
1729829100,1647.6,1650.1,1641.5,1644.05,10200
1729829400,1642.95,1643.4,1640.15,1641.25,9406
1729829700,1641.0,1642.85,1637.0,1637.0,6742
1729830000,1637.0,1638.35,1631.7,1633.75,8336
1729830300,1633.75,1636.2,1631.4,1633.8,5194
1729830600,1633.8,1636.5,1633.05,1634.7,5827
1729830900,1634.4,1638.25,1633.05,1635.0,11568
1729831200,1635.0,1635.35,1630.1,1631.2,5857
1729831500,1630.4,1634.2,1629.05,1631.65,12994
1729831800,1631.65,1636.6,1630.15,1635.25,7736
1729832100,1635.55,1636.5,1630.0,1631.0,11973
1729832400,1631.5,1634.4,1629.3,1631.65,2596
1729832700,1631.65,1633.7,1626.05,1627.15,11182
1729833000,1627.8,1627.8,1623.6,1625.45,8873
1729833300,1625.5,1626.5,1621.8,1623.6,8016
1729833600,1624.15,1628.65,1616.8,1617.75,29939
1729833900,1618.1,1625.05,1616.9,1622.55,55923
1729834200,1623.05,1623.25,1616.25,1617.35,31656
1729834500,1617.35,1618.95,1615.0,1616.1,31454
1729834800,1616.1,1617.95,1613.75,1616.8,27884
1729835100,1616.8,1619.95,1614.45,1618.2,27743
1729835400,1618.3,1620.4,1614.4,1615.35,19260
1729835700,1615.45,1615.45,1612.6,1613.85,7874
1729836000,1613.85,1613.95,1611.0,1612.5,8252
1729836300,1612.5,1614.55,1611.05,1613.65,9377
1729836600,1613.55,1614.35,1608.2,1609.05,24004
1729836900,1609.05,1610.65,1608.4,1609.75,9863
1729837200,1609.15,1609.15,1607.0,1607.5,10408
1729837500,1607.45,1610.4,1605.85,1610.1,14679
1729837800,1610.1,1611.3,1607.8,1608.35,23653
1729838100,1608.4,1610.95,1607.4,1608.65,13083
1729838400,1608.65,1610.2,1608.1,1608.9,8238
1729838700,1609.45,1610.0,1605.75,1608.7,15863
1729839000,1608.7,1612.1,1608.45,1609.0,26826
1729839300,1609.05,1610.85,1607.3,1609.8,5702
1729839600,1610.2,1610.75,1607.3,1607.65,5820
1729839900,1607.65,1608.3,1605.0,1605.5,4768
1729840200,1605.85,1608.75,1605.45,1606.65,6915
1729840500,1606.35,1607.5,1604.3,1605.0,7462
1729840800,1605.0,1607.45,1603.95,1606.95,8839
1729841100,1607.35,1608.9,1606.15,1607.55,7259
1729841400,1608.3,1608.3,1605.4,1606.55,7361
1729841700,1606.55,1608.1,1605.95,1607.0,4987
1729842000,1607.7,1608.2,1606.05,1608.0,7806
1729842300,1607.15,1608.85,1604.15,1604.55,15873
1729842600,1604.95,1606.65,1604.4,1604.75,15573
1729842900,1604.75,1606.6,1604.05,1606.6,22830
1729843200,1605.9,1609.9,1604.8,1608.7,27197
1729843500,1608.8,1610.85,1607.35,1610.0,15758
1729843800,1609.7,1613.95,1609.1,1613.2,19138
1729844100,1612.9,1613.2,1611.3,1613.1,13166
1729844400,1612.95,1616.45,1612.65,1615.2,25394
1729844700,1615.2,1620.05,1614.7,1619.05,66137
1729845000,1619.05,1620.65,1618.4,1619.65,57389
1729845300,1620.0,1620.85,1618.7,1619.7,18419
1729845600,1619.0,1619.7,1611.95,1612.5,52258
1729845900,1612.2,1614.55,1610.95,1612.9,22795
1729846200,1612.85,1614.95,1609.3,1611.5,41731
1729846500,1611.55,1614.95,1610.75,1611.9,21755
1729846800,1612.6,1613.55,1610.1,1612.3,25727
1729847100,1612.55,1617.0,1611.65,1614.9,13255
1729847400,1614.9,1615.3,1608.8,1612.55,51441
1729847700,1613.15,1614.0,1612.0,1613.05,13458
1729848000,1613.75,1616.05,1612.65,1615.05,28578
1729848300,1615.05,1616.85,1613.75,1615.0,13420
1729848600,1615.85,1617.15,1614.9,1616.1,77241
1729848900,1616.1,1619.45,1615.4,1617.75,41639
1729849200,1617.6,1619.2,1616.4,1617.0,63492
1729849500,1617.0,1619.2,1616.3,1617.0,63322
1729849800,1617.2,1619.65,1615.6,1616.6,67574
1729850100,1616.8,1616.8,1611.35,1612.3,65169
1730087100,1617.0,1620.0,1600.55,1611.4,40927
1730087400,1611.6,1612.0,1606.7,1609.15,8941
1730087700,1609.55,1609.85,1603.8,1604.45,14571
1730088000,1604.65,1604.65,1598.9,1600.55,27397
1730088300,1600.95,1602.65,1597.05,1599.2,25963
1730088600,1599.6,1599.7,1593.6,1594.9,16153
1730088900,1595.7,1602.0,1594.45,1598.5,18880
1730089200,1598.55,1605.95,1598.55,1604.95,15477
1730089500,1605.0,1609.45,1602.8,1606.95,15500
1730089800,1606.9,1607.5,1602.8,1605.35,26709
1730090100,1606.1,1609.7,1602.15,1603.35,15950
1730090400,1602.55,1605.7,1601.0,1605.05,40526
1730090700,1604.5,1609.35,1603.95,1607.95,25382
1730091000,1606.75,1612.0,1605.75,1611.5,32154
1730091300,1611.5,1616.55,1611.5,1614.5,14914
1730091600,1614.5,1616.0,1612.55,1613.4,17567
1730091900,1613.45,1614.05,1611.0,1611.6,11053
1730092200,1611.65,1613.45,1608.05,1608.35,11327
1730092500,1608.4,1613.15,1607.5,1612.05,13542
1730092800,1611.25,1612.1,1609.3,1610.75,9845
1730093100,1611.5,1611.6,1608.0,1608.5,7126
1730093400,1608.4,1610.05,1605.5,1607.05,15057
1730093700,1607.45,1607.8,1605.25,1605.25,8195
1730094000,1605.45,1608.3,1605.45,1608.05,8525
1730094300,1608.05,1608.5,1605.0,1607.15,6389
1730094600,1607.85,1609.0,1607.3,1607.65,11045
1730094900,1607.65,1609.0,1605.1,1606.05,10037
1730095200,1605.6,1605.9,1602.75,1603.7,8838
1730095500,1603.7,1604.85,1600.15,1600.75,20238
1730095800,1600.75,1601.55,1598.6,1600.9,14283
1730096100,1601.35,1602.0,1600.0,1601.2,15580
1730096400,1601.2,1603.15,1599.3,1600.95,76943
1730096700,1601.05,1601.85,1600.0,1600.0,17219
1730097000,1601.0,1601.75,1600.05,1601.05,74068
1730097300,1600.8,1602.0,1600.35,1601.05,18853
1730097600,1601.05,1604.45,1600.35,1603.45,12693
1730097900,1603.45,1603.95,1600.45,1601.15,12280
1730098200,1601.3,1602.7,1600.65,1601.05,16752
1730098500,1601.05,1602.25,1600.5,1601.7,12676
1730098800,1601.7,1602.25,1600.5,1601.55,17750
1730099100,1601.65,1603.0,1600.75,1601.5,27775
1730099400,1601.5,1603.05,1601.2,1601.5,15224
1730099700,1601.5,1602.45,1601.3,1601.5,14558
1730100000,1601.55,1603.45,1599.6,1603.05,81562
1730100300,1602.7,1603.25,1600.9,1602.5,19682
1730100600,1602.5,1603.25,1601.05,1601.5,7936
1730100900,1601.6,1605.9,1600.8,1603.75,17707
1730101200,1603.75,1605.85,1603.2,1605.0,10421
1730101500,1605.0,1605.8,1604.05,1605.0,19682
1730101800,1605.0,1606.15,1604.3,1606.15,13911
1730102100,1605.7,1606.85,1604.3,1605.2,21384
1730102400,1605.2,1605.2,1604.2,1604.75,20998
1730102700,1605.2,1605.5,1604.2,1605.0,17504
1730103000,1605.0,1605.2,1603.5,1605.0,54100
1730103300,1604.95,1606.0,1603.5,1605.0,59969
1730103600,1605.0,1605.5,1603.45,1604.1,12346
1730103900,1603.0,1604.2,1600.55,1602.3,24264
1730104200,1602.3,1603.0,1599.8,1600.85,24255
1730104500,1600.85,1605.05,1600.85,1605.0,17100
1730104800,1605.0,1605.55,1602.45,1604.5,46624
1730105100,1603.8,1604.95,1602.05,1603.05,27532
1730105400,1603.2,1604.4,1602.8,1603.6,6847
1730105700,1603.9,1604.7,1603.35,1604.45,16059
1730106000,1603.8,1605.45,1603.45,1605.4,49478
1730106300,1605.35,1607.6,1605.0,1607.55,17746
1730106600,1607.6,1608.75,1606.6,1607.85,14572
1730106900,1607.25,1608.9,1607.1,1608.15,13074
1730107200,1608.15,1608.9,1606.2,1606.5,22122
1730107500,1606.05,1608.55,1606.05,1606.75,11341
1730107800,1606.4,1606.4,1601.8,1603.9,52471
1730108100,1603.25,1607.2,1603.1,1606.05,26599
1730108400,1606.0,1606.0,1603.45,1604.95,67165
1730108700,1604.95,1606.4,1604.75,1606.1,25227
1730109000,1606.0,1607.8,1605.6,1606.95,683687
1730109300,1607.4,1615.0,1607.3,1615.0,18238
1730173500,1606.0,1618.85,1601.15,1601.5,61292
1730173800,1601.35,1606.2,1595.9,1605.1,19235
1730174100,1605.75,1612.65,1602.35,1610.7,14155
1730174400,1611.0,1617.75,1607.3,1610.2,25844
1730174700,1609.55,1609.55,1602.65,1606.0,11323
1730175000,1606.4,1609.6,1601.1,1607.45,8878
1730175300,1607.35,1613.95,1606.55,1608.15,13585
1730175600,1608.15,1615.0,1607.0,1607.0,11423
1730175900,1607.0,1607.3,1602.1,1605.3,11504
1730176200,1604.35,1608.2,1600.1,1605.6,6699
1730176500,1604.9,1606.15,1599.05,1601.3,6261
1730176800,1601.3,1608.85,1600.0,1607.0,18357
1730177100,1607.75,1608.6,1604.3,1608.0,24665
1730177400,1607.05,1607.95,1604.0,1606.5,6721
1730177700,1605.9,1619.45,1605.0,1615.45,29060
1730178000,1614.55,1616.5,1607.85,1610.6,13984
1730178300,1610.9,1614.0,1608.0,1611.35,19520
1730178600,1611.7,1613.35,1610.4,1610.5,12979
1730178900,1610.5,1611.5,1605.9,1611.45,13261
1730179200,1610.35,1618.25,1609.95,1616.75,18657
1730179500,1616.75,1622.35,1612.7,1620.55,17668
1730179800,1621.0,1621.35,1613.0,1616.45,14987
1730180100,1616.45,1623.45,1615.0,1621.75,18723
1730180400,1621.75,1626.4,1620.6,1625.7,24073
1730180700,1625.7,1627.05,1619.3,1620.0,23856
1730181000,1619.95,1624.65,1618.45,1623.1,13587
1730181300,1623.1,1627.3,1621.9,1624.4,16500
1730181600,1624.4,1628.0,1623.0,1624.65,23436
1730181900,1624.65,1635.55,1624.6,1631.45,26016
1730182200,1630.7,1635.25,1628.35,1634.3,30589
1730182500,1634.5,1636.1,1632.15,1634.75,21049
1730182800,1635.0,1636.45,1633.35,1634.65,18517
1730183100,1635.55,1635.7,1630.05,1631.05,10046
1730183400,1631.05,1637.4,1630.1,1636.95,17708
1730183700,1636.95,1637.0,1631.3,1635.8,6591
1730184000,1636.4,1639.0,1633.1,1638.5,10031
1730184300,1638.9,1645.0,1638.0,1644.9,33629
1730184600,1645.0,1645.0,1639.5,1639.9,31246
1730184900,1639.9,1641.25,1638.0,1640.1,37561
1730185200,1639.65,1644.0,1639.1,1641.45,29229
1730185500,1641.0,1642.9,1637.4,1642.5,18182
1730185800,1642.35,1647.9,1640.8,1646.1,27079
1730186100,1646.1,1646.2,1641.4,1644.45,12739
1730186400,1644.3,1649.7,1643.25,1647.9,45371
1730186700,1647.55,1661.0,1646.05,1658.8,85720
1730187000,1658.8,1660.7,1655.4,1659.3,57593
1730187300,1659.7,1660.05,1655.2,1655.7,28725
1730187600,1655.7,1658.0,1653.8,1657.0,27132
1730187900,1657.0,1657.8,1652.0,1652.85,36321
1730188200,1652.85,1655.25,1648.7,1653.1,75196
1730188500,1653.55,1657.4,1651.0,1652.0,29842
1730188800,1652.0,1653.5,1645.15,1645.65,36403
1730189100,1645.65,1645.8,1641.25,1643.55,30233
1730189400,1643.15,1647.3,1641.8,1646.05,14081
1730189700,1646.1,1649.55,1644.1,1646.65,17245
1730190000,1646.85,1648.3,1644.55,1646.4,12853
1730190300,1646.5,1651.3,1644.6,1651.3,14028
1730190600,1651.45,1664.95,1651.35,1657.1,51583
1730190900,1657.2,1664.55,1656.65,1660.9,28957
1730191200,1660.3,1663.25,1659.3,1660.5,21295
1730191500,1660.3,1661.65,1656.0,1657.7,15786
1730191800,1657.7,1659.7,1656.6,1656.9,13917
1730192100,1656.85,1660.05,1655.35,1659.0,33252
1730192400,1659.3,1660.2,1656.25,1657.7,23505
1730192700,1657.35,1662.85,1656.0,1656.9,36494
1730193000,1656.9,1661.75,1656.6,1660.6,17807
1730193300,1660.25,1661.45,1658.35,1659.85,33609
1730193600,1658.85,1660.2,1654.95,1656.05,20014
1730193900,1656.1,1659.5,1654.65,1659.5,29696
1730194200,1659.6,1663.5,1658.7,1660.65,67383
1730194500,1660.65,1661.55,1658.6,1660.5,48778
1730194800,1660.35,1661.0,1657.25,1658.85,67277
1730195100,1658.9,1661.9,1658.05,1661.55,74372
1730195400,1661.6,1665.8,1661.3,1664.8,89267
1730195700,1664.9,1665.0,1655.45,1657.0,37999
1730259900,1636.5,1649.35,1632.0,1643.95,65336
1730260200,1644.75,1645.9,1637.65,1637.65,18993
1730260500,1638.5,1641.7,1634.55,1635.8,19496
1730260800,1635.75,1638.2,1633.8,1637.45,19558
1730261100,1638.1,1640.65,1637.4,1639.5,9114
1730261400,1639.5,1641.7,1637.7,1638.1,13163
1730261700,1638.3,1641.5,1636.1,1636.2,12340
1730262000,1636.2,1640.9,1636.2,1640.65,7902
1730262300,1641.4,1641.95,1637.85,1640.05,4240
1730262600,1640.6,1640.8,1633.1,1635.8,18602
1730262900,1636.4,1638.65,1635.85,1638.1,2789
1730263200,1638.1,1642.85,1638.1,1641.15,5981
1730263500,1641.15,1642.75,1637.05,1637.1,7883
1730263800,1637.1,1637.15,1632.05,1632.65,57451
1730264100,1632.05,1635.6,1631.55,1635.0,30009
1730264400,1635.0,1637.75,1633.0,1636.0,16969
1730264700,1636.0,1637.1,1634.0,1634.1,23912
1730265000,1634.75,1635.45,1634.0,1634.95,9320
1730265300,1634.85,1637.05,1633.0,1635.8,15115
1730265600,1636.55,1637.3,1634.65,1635.6,7477
1730265900,1635.6,1637.25,1634.8,1635.55,7193
1730266200,1635.0,1635.6,1631.5,1631.5,8368
1730266500,1631.5,1633.45,1631.05,1633.1,11820
1730266800,1633.1,1633.4,1628.0,1628.5,41481
1730267100,1628.8,1631.55,1628.1,1630.25,17289
1730267400,1630.25,1630.8,1629.3,1630.1,9701
1730267700,1630.65,1630.65,1629.55,1629.9,5844
1730268000,1629.95,1630.7,1629.5,1629.9,7933
1730268300,1630.4,1631.95,1629.9,1631.95,11847
1730268600,1631.95,1632.45,1630.0,1631.2,12255
1730268900,1631.2,1632.3,1630.25,1630.3,6985
1730269200,1630.75,1631.5,1630.0,1630.6,9851
1730269500,1630.6,1632.35,1630.0,1631.6,12622
1730269800,1631.6,1632.7,1631.0,1631.7,7652
1730270100,1631.7,1633.0,1630.2,1632.15,9868
1730270400,1632.15,1635.6,1632.05,1634.9,21772
1730270700,1635.0,1635.5,1633.7,1633.95,8541
1730271000,1634.55,1634.8,1632.8,1633.5,3789
1730271300,1633.5,1633.75,1632.0,1632.3,6660
1730271600,1632.4,1633.65,1631.05,1632.1,12613
1730271900,1632.05,1633.45,1631.95,1632.5,13794
1730272200,1632.55,1633.95,1632.5,1633.95,12679
1730272500,1633.75,1635.45,1633.25,1634.25,9306
1730272800,1634.05,1635.65,1634.05,1635.35,7638
1730273100,1635.35,1636.4,1634.45,1635.95,11164
1730273400,1635.35,1635.9,1635.0,1635.2,4068
1730273700,1635.15,1637.1,1634.15,1634.35,10330
1730274000,1634.15,1634.5,1630.85,1632.95,9518
1730274300,1632.9,1632.95,1629.75,1631.1,12613
1730274600,1631.1,1631.1,1629.2,1629.9,14075
1730274900,1629.9,1631.1,1628.0,1629.8,37146
1730275200,1630.5,1631.0,1628.45,1629.0,10968
1730275500,1629.5,1629.6,1628.0,1628.7,11089
1730275800,1628.3,1629.3,1627.7,1628.35,10191
1730276100,1628.3,1628.75,1626.3,1627.5,13698
1730276400,1627.45,1627.7,1626.05,1627.45,14554
1730276700,1627.55,1627.55,1626.8,1627.45,10013
1730277000,1627.45,1628.35,1627.05,1627.5,17125
1730277300,1627.45,1628.25,1626.75,1627.45,8278
1730277600,1627.45,1627.85,1626.0,1627.75,35284
1730277900,1627.85,1627.9,1626.65,1627.5,15511
1730278200,1627.45,1628.15,1626.9,1627.45,13002
1730278500,1627.55,1627.7,1627.05,1627.45,9102
1730278800,1627.5,1628.45,1627.35,1627.85,15853
1730279100,1627.8,1627.85,1626.45,1627.45,26457
1730279400,1627.5,1627.6,1626.95,1627.45,20590
1730279700,1627.45,1627.95,1625.15,1626.9,26915
1730280000,1626.1,1627.0,1625.6,1626.1,11010
1730280300,1626.1,1626.15,1625.25,1625.85,12654
1730280600,1625.9,1625.9,1620.2,1621.15,93316
1730280900,1621.15,1624.7,1619.3,1623.2,111898
1730281200,1623.2,1626.55,1623.2,1625.35,72204
1730281500,1624.65,1626.05,1624.25,1625.7,79415
1730281800,1625.85,1627.6,1625.5,1626.6,81424
1730282100,1626.65,1630.65,1625.9,1630.0,49736
1730346300,1630.1,1641.95,1618.05,1631.95,33385
1730346600,1631.85,1634.25,1622.45,1622.45,14581
1730346900,1622.5,1623.6,1620.4,1620.8,7863
1730347200,1620.8,1621.75,1618.85,1619.05,8500
1730347500,1619.2,1619.85,1616.75,1618.8,5441
1730347800,1618.8,1621.75,1616.85,1619.85,7579
1730348100,1620.0,1627.9,1619.05,1627.85,10541
1730348400,1627.85,1627.85,1624.4,1625.95,5736
1730348700,1625.95,1629.4,1625.1,1629.35,11196
1730349000,1629.5,1631.0,1626.0,1626.25,6533
1730349300,1626.25,1626.4,1623.9,1624.85,5297
1730349600,1624.8,1626.6,1623.8,1624.15,2065
1730349900,1624.15,1624.15,1620.55,1621.65,6299
1730350200,1621.65,1623.1,1620.6,1622.75,1981
1730350500,1622.75,1624.3,1620.0,1620.55,3565
1730350800,1620.55,1624.65,1619.6,1623.15,6732
1730351100,1623.15,1623.5,1621.65,1623.5,4803
1730351400,1623.5,1623.9,1621.75,1622.7,6970
1730351700,1622.75,1624.0,1621.3,1624.0,9255
1730352000,1623.05,1625.35,1621.55,1622.9,3734
1730352300,1622.25,1628.0,1622.25,1626.85,20082
1730352600,1627.05,1628.25,1625.7,1627.25,16437
1730352900,1627.25,1627.3,1624.65,1625.9,8029
1730353200,1625.9,1626.2,1624.1,1625.0,8758
1730353500,1625.05,1627.2,1624.6,1625.15,13601
1730353800,1625.95,1626.75,1624.8,1626.1,1689
1730354100,1626.15,1626.7,1624.65,1625.05,3626
1730354400,1625.25,1625.6,1620.05,1622.75,16426
1730354700,1622.3,1622.75,1620.65,1621.35,3266
1730355000,1621.35,1621.35,1620.05,1621.0,1414
1730355300,1621.0,1621.65,1620.9,1621.3,922
1730355600,1621.3,1621.3,1620.0,1620.7,4506
1730355900,1620.7,1620.95,1620.0,1620.65,1585
1730356200,1620.65,1620.85,1619.25,1620.45,1540
1730356500,1620.45,1620.45,1618.65,1619.0,1381
1730356800,1619.0,1620.75,1618.0,1620.25,9317
1730357100,1620.25,1622.7,1620.0,1620.25,3548
1730357400,1620.25,1622.1,1620.0,1620.85,1564
1730357700,1620.85,1621.05,1619.25,1620.75,7094
1730358000,1621.15,1621.2,1619.95,1620.55,6413
1730358300,1620.5,1621.05,1619.95,1620.55,7308
1730358600,1620.5,1620.95,1618.0,1619.3,15249
1730358900,1618.75,1619.5,1617.6,1618.35,1509
1730359200,1618.4,1618.4,1616.4,1617.4,4093
1730359500,1617.4,1619.15,1616.15,1616.25,2836
1730359800,1615.8,1616.05,1613.05,1615.0,6151
1730360100,1614.7,1616.05,1614.4,1615.55,3173
1730360400,1615.55,1617.9,1614.95,1616.5,3025
1730360700,1616.95,1616.95,1616.0,1616.5,2617
1730361000,1616.5,1616.7,1615.0,1615.6,2174
1730361300,1615.55,1619.6,1615.55,1619.6,3346
1730361600,1619.6,1620.0,1618.45,1618.9,3468
1730361900,1618.85,1620.85,1616.5,1620.8,8745
1730362200,1620.8,1622.35,1619.75,1622.0,14380
1730362500,1622.05,1622.7,1621.05,1621.15,8194
1730362800,1621.15,1622.7,1621.05,1622.0,2633
1730363100,1622.3,1623.7,1622.0,1623.0,24434
1730363400,1623.0,1623.4,1620.9,1621.0,16074
1730363700,1621.15,1623.2,1620.85,1623.05,6290
1730364000,1623.0,1623.0,1620.05,1622.0,4933
1730364300,1622.0,1622.5,1620.75,1622.25,4683
1730364600,1622.0,1623.0,1621.65,1622.1,2127
1730364900,1622.1,1622.8,1620.6,1621.3,1619
1730365200,1621.15,1624.4,1620.65,1622.65,13698
1730365500,1622.15,1624.8,1621.7,1624.8,8617
1730365800,1624.05,1624.9,1623.0,1623.8,4579
1730366100,1623.6,1624.45,1623.05,1624.45,3320
1730366400,1623.85,1624.45,1623.1,1623.1,6628
1730366700,1623.15,1625.35,1623.05,1625.25,8464
1730367000,1625.05,1628.2,1624.3,1625.0,52236
1730367300,1625.4,1627.05,1624.35,1625.0,37267
1730367600,1625.0,1628.5,1624.2,1624.3,49558
1730367900,1624.3,1626.25,1619.0,1619.1,60659
1730368200,1619.0,1619.7,1615.0,1618.95,71319
1730368500,1619.65,1621.75,1615.7,1618.05,50320
1730464200,1639.4,1639.4,1623.0,1627.5,9474
1730464500,1627.5,1628.45,1623.05,1624.55,5615
1730464800,1624.55,1627.45,1623.0,1626.05,3690
1730465100,1626.05,1626.2,1623.35,1624.5,4718
1730465400,1624.5,1626.0,1624.0,1625.95,5689
1730465700,1625.0,1628.1,1625.0,1628.0,4365
1730466000,1628.0,1628.9,1626.0,1627.4,2307
1730466300,1627.4,1629.95,1626.3,1629.0,5220
1730466600,1629.0,1629.9,1628.0,1628.0,2388
1730466900,1628.0,1628.0,1625.6,1626.0,4305
1730467200,1626.0,1632.7,1626.0,1631.45,3972
1730467500,1631.0,1633.9,1630.5,1633.65,1756
1730691900,1637.0,1641.15,1618.4,1618.4,49966
1730692200,1618.4,1624.55,1618.0,1619.45,15851
1730692500,1619.45,1619.8,1614.05,1615.1,13265
1730692800,1615.1,1616.95,1613.6,1614.2,9118
1730693100,1614.1,1618.05,1613.25,1616.1,9312
1730693400,1616.1,1619.15,1613.2,1617.4,8768
1730693700,1617.4,1617.4,1610.0,1610.85,10958
1730694000,1610.85,1612.0,1608.75,1609.85,15563
1730694300,1610.25,1614.1,1609.3,1613.05,14384
1730694600,1614.15,1614.2,1610.55,1610.95,4547
1730694900,1610.95,1610.95,1604.8,1606.35,13348
1730695200,1606.15,1606.65,1602.9,1604.3,13741
1730695500,1605.35,1608.0,1604.1,1607.75,7844
1730695800,1607.75,1608.85,1603.05,1606.25,11536
1730696100,1606.25,1606.25,1602.4,1603.35,4511
1730696400,1603.35,1605.8,1602.7,1603.3,3545
1730696700,1603.95,1605.45,1602.1,1602.8,4804
1730697000,1602.85,1602.9,1600.2,1601.45,6512
1730697300,1601.75,1604.5,1600.15,1602.5,18423
1730697600,1602.5,1602.5,1600.0,1600.7,9272
1730697900,1600.0,1603.05,1597.55,1599.0,14716
1730698200,1597.6,1598.65,1593.85,1596.05,11153
1730698500,1596.05,1596.05,1591.5,1593.8,5888
1730698800,1593.7,1593.85,1588.0,1593.4,13414
1730699100,1593.4,1598.6,1593.3,1598.35,7870
1730699400,1598.35,1602.6,1598.35,1600.5,6478
1730699700,1600.55,1603.95,1599.85,1603.0,4989
1730700000,1602.2,1603.9,1598.1,1599.1,5498
1730700300,1599.95,1601.1,1598.2,1600.6,8480
1730700600,1600.6,1602.25,1599.7,1601.85,5546
1730700900,1601.8,1601.8,1600.4,1601.2,15498
1730701200,1601.1,1603.7,1600.3,1601.1,16863
1730701500,1601.2,1604.7,1600.7,1603.95,9040
1730701800,1603.95,1607.6,1603.95,1607.55,107517
1730702100,1607.55,1608.45,1604.3,1605.1,13945
1730702400,1604.0,1606.15,1602.55,1606.15,34337
1730702700,1606.1,1608.45,1604.75,1606.3,36179
1730703000,1606.3,1606.3,1603.5,1604.4,36651
1730703300,1604.0,1605.25,1600.0,1600.55,68657
1730703600,1600.5,1601.7,1599.2,1600.8,58743
1730703900,1600.8,1601.75,1598.9,1600.7,33981
1730704200,1600.6,1605.85,1598.8,1604.15,65273
1730704500,1604.05,1604.05,1600.15,1601.1,10519
1730704800,1600.3,1601.85,1599.2,1599.95,13385
1730705100,1600.35,1600.6,1598.4,1600.25,39349
1730705400,1600.25,1605.0,1600.25,1605.0,18312
1730705700,1605.0,1605.35,1601.65,1604.4,12362
1730706000,1604.45,1605.0,1600.7,1603.75,10421
1730706300,1603.75,1604.65,1599.95,1600.35,11195
1730706600,1600.6,1602.85,1600.3,1601.15,8457
1730706900,1600.8,1602.2,1600.3,1601.15,7953
1730707200,1601.05,1601.95,1600.3,1601.9,8021
1730707500,1601.8,1602.75,1601.0,1601.9,6347
1730707800,1601.9,1603.6,1601.9,1602.25,6613
1730708100,1602.2,1605.0,1602.0,1604.05,11597
1730708400,1604.05,1606.15,1603.7,1605.2,32014
1730708700,1605.6,1605.6,1603.15,1605.15,37392
1730709000,1605.6,1610.0,1605.1,1608.9,9897
1730709300,1608.9,1609.75,1605.05,1607.95,6524
1730709600,1607.95,1609.95,1607.3,1608.25,6909
1730709900,1608.35,1610.25,1606.0,1606.0,36190
1730710200,1606.3,1609.0,1605.0,1608.05,11195
1730710500,1608.05,1610.05,1607.45,1609.6,13339
1730710800,1609.25,1610.55,1608.0,1608.5,15690
1730711100,1609.05,1609.25,1608.0,1608.3,14421
1730711400,1608.3,1611.8,1608.2,1611.2,48917
1730711700,1611.2,1613.0,1610.0,1612.75,20304
1730712000,1612.4,1612.45,1610.0,1610.0,14644
1730712300,1610.0,1611.8,1610.0,1611.05,14648
1730712600,1611.15,1614.45,1611.0,1611.95,32852
1730712900,1611.95,1611.95,1607.6,1608.4,32107
1730713200,1608.9,1610.25,1608.2,1610.0,33876
1730713500,1610.0,1610.05,1606.5,1606.75,38935
1730713800,1605.8,1607.0,1605.1,1605.9,33769
1730714100,1605.95,1606.85,1603.15,1606.85,25882
